4.59787
2.56627
2.79014
2.34206
2.84771
2.32941
2.77572
3.56408
4.90569
4.25472
3.5342
4.16133
4.75937
3.52376
4.29231
4.94568
4.4921
3.47872
3.6432
2.58926
3.82596
4.26329
1.44764
2.47559
3.80411
4.96556
4.50972
4.22782
4.91902
4.05939
4.43816
4.48992
3.71512
3.86156
4.34616
1.54502
2.54668
3.80368
2.59739
3.83153
4.83813
4.70081
4.30697
4.98721
4.43953
4.40408
4.93438
3.10763
4.25323
2.94243
4.35108
2.92817
2.42536
4.49656
4.46228
4.67915
3.51385
3.90728
2.34172
3.96255
2.71348
3.88298
4.23261
1.50859
4.24874
4.54017
4.88886
4.20356
4.69041
4.92863
2.93842
2.43383
4.47974
4.22869
2.89486
4.33989
2.81255
4.48038
3.10736
4.37468
2.86139
2.57598
4.66098
4.36058
3.17574
4.34557
4.47097
4.67614
4.63366
1.54644
4.42211
3.74699
4.32966
3.88846
4.35695
3.77912
2.93127
2.58632
3.09127
2.33315
3.04042
2.66075
3.87789
3.86818
2.45578
3.83961
2.63034
1.5036
3.91151
1.49735
3.92072
2.35408
3.78339
2.58452
2.92394
2.78715
4.54331
2.45727
2.90088
3.7631
3.73251
2.53331
1.47903
3.9057
2.40481
2.90676
4.60919
2.36532
2.97901
2.79361
2.86467
2.8719
2.84503
4.55577
2.40026
1.52379
3.73302
3.81179
3.88659
3.47089
4.28697
4.22328
4.15
4.15552
3.60635
4.4594
4.40372
4.38531
4.6674
4.59982
4.96737
4.27745
4.46874
4.20367
3.53498
4.45388
4.32232
3.46424
4.52315
4.29646
4.51879
4.62661
4.10213
4.12479
4.31023
4.58169
4.30747
4.20204
4.78279
4.85283
4.99924
3.55557
4.23788
3.34892
4.69535
4.35234
4.30684
4.40178
4.25546
4.33993
4.45076
4.20042
4.32668
4.57985
4.27712
4.97378
4.84748
4.98204
4.84015
2.90684
2.43443
1.53209
2.56052
1.40808
2.46406
3.45347
3.55656
4.15892
2.8789
2.33694
4.41747
3.3983
4.55852
4.56224
4.15502
4.80858
2.52529
3.35391
3.94911
2.51126
4.51709
2.78598
2.38171
4.98635
4.45648
4.28342
4.25156
4.42833
4.34059
4.61029
3.73191
3.54029
2.91115
4.46432
4.61049
4.89778
3.75565
4.2699
4.85043
4.47469
4.5519
4.56432
1.4465
3.5487
1.54518
2.40704
2.76802
2.63021
2.83367
4.1485
4.79375
2.97184
4.25704
3.69777
2.40928
4.17175
2.8275
2.54836
4.37115
3.81818
4.35597
3.81783
4.20191
4.26173
4.50493
2.95458
4.89173
4.61245
3.83988
4.27883
4.41249
4.43179
4.43865
3.87846
3.49155
4.58048
4.65047
2.93679
4.94985
4.28382
3.95411
4.65302
4.99839
4.57139
3.09531
4.97686
4.59125
4.38032
4.08624
4.29472
4.44975
3.85798
1.52728
2.28652
1.5305
2.41638
3.73787
3.25046
4.33596
4.39218
2.88036
1.58755
1.52656
2.91811
2.68351
2.98613
2.40444
2.70103
4.48955
4.21609
3.80662
3.80773
3.73347
2.94473
4.83608
4.23291
4.54041
4.93998
3.13137
4.71107
3.99833
4.36585
3.90958
2.32127
3.7542
3.46389
4.46613
2.44082
2.95963
4.17415
4.84016
4.18668
3.70346
4.48098
2.71627
2.38236
3.72292
4.17693
4.14588
4.42639
4.39826
3.66892
4.51242
4.23447
4.61112
3.39485
4.44449
4.57191
4.98608
4.92904
4.26281
4.95977
4.28262
4.81574
2.54649
3.77672
3.54995
3.0229
4.33168
4.53788
2.56243
4.69628
2.85442
3.93067
4.43784
2.53489
3.78843
4.37193
4.62172
4.47847
2.41119
4.45182
4.88776
4.29169
4.20575
3.96282
4.29383
4.41752
4.38773
4.42357
4.84112
4.29401
4.24704
2.71314
2.45973
1.44381
2.38825
4.26994
2.71593
3.34113
3.91437
2.56344
2.61422
2.57246
3.62478
4.02115
4.40054
3.03443
2.42855
4.3541
4.54765
4.41441
4.25422
4.77577
3.57075
4.50658
4.27799
4.50516
4.44067
4.47982
4.46391
4.1922
1.46296
2.35545
3.01045
3.51188
1.43893
2.6035
2.83431
4.19107
4.13345
3.81093
4.80271
2.82753
2.4261
4.36934
2.42116
2.94563
4.3244
3.88178
4.33097
4.26393
3.82322
4.30226
4.78803
3.75516
2.80653
3.33936
4.95548
4.29027
4.38292
3.90675
4.90052
4.21922
4.97688
4.95772
4.66586
2.83455
3.64382
4.86357
4.37787
4.09044
4.98359
4.47473
4.96994
4.29945
4.45953
3.89366
4.1555
4.6592
3.73242
2.96249
4.27105
3.93307
4.89543
4.45739
2.96733
4.21179
4.88988
4.5587
3.75169
4.54727
4.79559
4.65377
4.91181
3.77455
1.49523
2.29116
3.71808
4.50422
3.89819
4.9226
3.51743
2.62515
3.7247
2.56201
4.9806
3.34193
4.41705
4.04219
4.19645
4.88735
4.76161
4.94765
1.7054
2.90901
2.60391
1.48841
3.23984
2.40104
2.89449
4.20361
4.5519
3.82555
2.95631
3.87637
4.41625
4.15645
3.77393
4.32297
3.71319
4.99655
4.94382
4.78596
3.99724
4.47164
4.61388
3.36437
4.5167
4.77745
4.98197
4.84145
4.66366
2.4821
4.69386
2.38886
3.74824
3.54514
3.06346
4.28269
4.3818
4.95968
3.83261
4.64023
2.65415
3.08858
4.10883
4.45769
4.35257
4.67462
4.39026
4.28776
4.95447
2.41553
2.95644
4.31952
3.87509
3.58409
4.49076
2.39314
3.66577
4.99282
4.12508
4.54034
4.09258
4.48486
2.90972
2.69637
4.4763
4.27904
4.55596
4.14766
4.90807
2.74195
4.30259
4.63308
4.6317
4.36289
3.9692
4.42405
4.57824
4.2191
2.86123
4.29114
4.36098
4.72612
3.49034
2.52361
2.42929
4.29037
3.07416
3.58547
3.75786
4.13627
4.9606
2.51157
4.23867
3.17133
2.58862
3.85179
3.80562
4.34582
2.75811
4.50802
4.44167
4.63991
4.46411
4.73227
3.68087
4.26888
4.47505
2.8315
3.46961
4.87858
4.07536
3.70049
4.8085
4.68531
3.8239
2.74645
4.20285
4.46696
3.48488
4.96144
3.83673
4.36191
4.61095
4.75423
4.56038
4.51738
4.07377
1.65586
2.3992
2.90457
2.45003
2.89129
3.38153
1.42284
4.34896
2.41171
4.31557
3.924
2.89196
4.18476
4.47936
4.0353
2.44088
4.89001
3.05583
4.31499
4.30061
4.35054
3.96704
4.81735
2.77204
4.07996
3.68251
4.83069
4.37151
4.34592
4.49256
4.6216
3.01492
3.6356
4.23562
4.9119
4.72688
4.48715
4.29181
3.65114
1.50546
2.99536
2.37378
2.89916
2.64494
1.65688
3.86002
2.90519
4.61773
4.3537
3.64172
2.90033
3.90718
4.34894
4.67186
3.75007
4.45585
4.4665
2.98206
3.50223
2.94939
4.33371
4.00243
4.62389
4.67131
4.00021
2.44922
2.79203
4.37859
4.59971
2.36037
3.89638
3.52307
4.55889
3.81535
4.32468
2.49946
2.92863
3.74041
4.23466
4.5891
4.28041
2.44586
4.51034
2.37462
2.71786
4.03832
3.8109
3.36701
4.39257
2.65675
3.86667
4.25083
2.89217
4.18401
3.8595
4.94987
4.38742
4.55226
2.40043
4.17292
4.14542
4.36627
4.85495
4.34466
4.15738
3.90273
4.48109
3.53957
4.60449
4.25216
4.34968
4.70246
4.75531
3.42918
4.94732
4.97968
4.29435
4.92522
4.2734
4.8464
4.42986
4.90993
4.33345
4.3587
4.19235
2.45035
2.66182
2.32715
2.88133
2.50413
4.98821
4.22383
4.59175
3.39829
4.22871
4.98699
4.33209
4.53593
3.51747
4.29117
4.97446
4.6031
2.83158
2.43302
4.70248
4.42074
2.88783
4.45322
3.00772
3.59328
2.44073
3.78779
4.16525
1.44212
2.46165
4.20823
4.95248
4.24041
4.41913
4.53355
2.97127
4.42078
3.06185
2.49664
4.45005
4.48908
2.93215
3.52118
4.20563
1.66262
2.52968
3.83385
2.55676
4.45216
4.65181
4.20571
4.59317
4.67782
1.47238
4.34035
3.86021
4.4419
3.88079
4.33093
3.89979
4.46344
3.02406
4.34631
2.87842
2.65481
4.54472
2.82646
3.46818
4.28513
4.60954
4.98515
3.73032
3.68995
4.86025
4.46154
4.12275
3.81601
3.75693
4.5267
4.29271
2.90909
4.50548
4.67975
4.14513
2.88059
2.55971
1.43286
2.50602
4.91724
4.29433
3.44152
4.53353
4.36797
3.91798
2.56231
3.50561
3.74044
2.46931
4.31602
4.34355
4.94878
4.51256
4.55658
4.88228
3.64541
2.91392
4.32333
4.93513
4.53094
2.96462
4.64492
4.23763
3.83438
4.37039
3.44544
1.58908
2.63536
3.03145
2.59828
4.43585
4.59704
4.52478
4.83558
3.01549
2.48181
4.32127
3.70234
4.70697
3.83853
4.40389
2.93371
1.51149
2.44473
3.60501
3.95601
4.15707
2.91933
2.47372
4.495
4.60658
4.39517
2.81412
2.6056
4.43006
4.26823
4.17355
4.24164
3.77039
4.4844
4.89551
3.76584
4.17528
4.44295
1.57887
2.92414
4.37895
4.51785
2.93829
4.35299
3.91414
2.51973
3.87406
4.36937
3.90745
4.39732
4.25544
4.57877
2.93278
4.61576
4.20532
1.48
2.53838
1.5281
4.34185
2.79219
3.76341
4.15427
4.9895
2.56962
1.47904
1.76683
3.05875
2.50287
3.02106
4.97998
3.71475
4.23225
3.77325
3.47185
3.06603
4.53029
4.58059
4.35718
2.9564
4.6438
3.94537
2.3535
4.25375
4.87829
4.05322
4.1585
3.8084
3.39393
4.44258
2.38005
2.79678
3.67868
4.06286
4.25388
4.50159
2.88213
2.39132
3.6636
4.41289
4.98764
3.71517
4.11871
4.7433
4.90422
4.68874
4.84418
3.55622
4.60196
4.47411
4.97851
4.91713
4.29231
4.85879
4.01647
4.91618
2.7164
2.43243
3.79354
3.77117
4.5288
4.4714
3.19807
2.81526
3.14813
4.99286
4.55178
4.15631
4.40412
4.80326
4.47688
4.04074
2.42869
4.28679
4.4207
3.78562
4.49916
4.65935
4.69327
4.72424
4.39089
4.51849
4.41154
2.98823
2.58304
4.19353
4.80575
3.841
2.39363
2.61027
3.49082
3.71619
4.288
4.94157
4.36749
4.50118
3.64015
4.30135
4.91805
4.50414
2.77453
4.0248
4.90271
4.37038
3.72055
4.2041
2.54582
2.71631
3.35583
1.43594
2.34714
4.12811
4.92977
4.46391
4.15041
2.38781
4.97006
2.71386
4.01715
4.60797
4.5505
4.82142
3.0529
3.6894
4.37487
4.93024
3.58995
3.84137
4.89018
4.55241
4.30835
3.06247
1.6017
2.54661
4.55988
3.15881
3.49228
4.03074
2.7348
4.79313
3.12058
2.66368
4.61092
4.67888
4.49418
4.65673
4.56271
4.39419
4.52709
1.48197
2.889
4.27066
4.7344
4.39025
3.87578
3.0557
2.4158
3.91214
4.25146
4.40649
4.05662
4.22299
3.97487
4.62989
3.95501
4.47909
4.52589
3.15003
4.5876
4.26666
1.58266
3.89539
4.9842
4.53817
3.91386
2.86921
3.63257
4.70652
4.59826
3.87142
4.49395
3.064
2.61259
1.56207
2.87913
2.47326
1.56478
2.95765
4.7017
4.42497
3.08702
3.86752
4.60996
4.42041
3.45046
4.97116
4.38645
4.47479
4.64801
4.59567
3.53378
4.63673
4.89807
2.44404
4.34159
4.4586
4.77523
4.21833
4.35393
2.52741
3.86696
3.46577
2.90631
4.34293
3.87733
4.22278
4.69347
4.99368
2.39807
2.84752
3.72725
4.2931
4.76323
4.21689
4.86805
2.55961
2.38734
3.71506
4.63874
4.40968
3.46284
2.94649
4.38184
4.66924
2.39645
2.99878
4.15572
4.5489
3.76324
4.38562
3.83778
4.27692
4.92101
4.22353
4.90649
2.48463
4.1884
4.24656
4.91857
3.74227
4.19703
4.27149
4.41392
4.24896
4.28082
4.33675
2.41734
4.38951
3.70961
4.89194
3.07343
2.56302
2.47286
4.38986
2.9009
3.57788
4.1273
4.09583
3.81668
2.37048
4.97724
2.75687
2.3751
4.26263
2.74775
2.52204
3.35852
4.23134
4.23666
4.25798
3.77083
2.489
4.22413
4.29989
4.48601
4.40706
3.02258
4.31025
3.84854
4.71333
4.46338
4.66166
3.03834
3.66173
4.35207
4.53121
4.37728
3.81621
4.93879
4.63395
4.69308
2.7631
3.76126
4.19745
4.91312
4.95881
4.47363
3.09461
4.44547
4.5169
3.50298
4.40564
4.23418
3.70073
4.26698
4.79654
3.82403
3.01056
2.90566
4.33441
4.36571
4.74816
4.62425
3.68729
4.51054
3.98324
4.47634
3.79362
4.47456
4.95823
4.59853
4.34263
3.83236
4.98356
3.92264
4.72792
2.50369
2.34258
3.10269
2.45999
2.69339
3.29951
4.17506
4.74848
4.33721
3.68666
4.41992
4.98571
4.99236
4.5363
4.96029
2.81474
4.38116
2.8379
4.22277
3.04812
2.59305
4.4925
4.23404
3.38049
2.28621
4.27668
1.36255
2.28693
3.6174
4.88147
4.40846
4.14784
4.52995
2.88575
3.29803
4.22879
4.59263
4.79863
3.66668
3.73733
4.87891
4.12229
4.4932
4.9317
3.02495
4.3854
2.93948
2.61451
4.67076
4.37332
3.16786
4.71351
3.63773
2.44598
2.53355
3.91447
4.51024
1.56271
4.30512
4.24558
4.71251
4.4482
4.69675
1.46282
4.324
3.79876
4.21439
3.9456
4.38394
3.86342
4.99863
2.58095
4.33103
2.864
4.27347
2.97087
3.86355
3.90618
4.9034
4.35637
4.31252
4.96655
2.79604
4.61265
4.68219
4.1216
2.63947
1.54564
2.48128
1.58841
2.43808
3.4647
4.36784
2.88551
2.53994
4.10438
4.75767
2.94641
2.33809
4.35217
3.65391
4.19818
3.74328
4.35643
4.1876
2.44709
3.51602
2.59987
4.37677
2.91519
2.50536
4.92497
4.38478
4.48504
4.54384
4.47718
2.93429
4.92663
4.62325
3.82149
4.41457
4.543
4.31319
3.51236
2.89606
4.2611
4.58625
4.89708
3.77557
4.27902
3.05076
3.14801
3.96766
4.34726
4.38915
3.59994
4.38447
4.77058
4.73407
4.37562
3.76278
4.51445
4.39032
4.99946
4.1934
3.92379
4.98052
4.60577
2.67697
4.8203
4.44022
4.29482
3.78287
4.63172
3.27823
4.34337
4.55411
2.84982
4.08726
4.37799
4.8709
4.26734
3.85295
3.73389
3.78641
4.96905
4.59625
3.08473
2.40477
1.43263
2.41962
4.3568
3.54738
3.7272
2.50052
4.97716
4.36655
3.74892
4.67056
4.33597
4.49513
2.92719
3.7397
4.88206
4.59259
4.34589
4.4427
4.24792
4.18797
2.47217
3.52842
1.41982
2.30447
2.7324
4.22759
4.11503
4.96084
2.8441
2.38088
3.03228
1.5848
3.03468
2.44791
2.60529
4.72325
3.5913
4.00465
4.46363
3.07083
2.464
4.43097
4.89427
4.60983
4.38263
4.63093
4.41818
4.27732
4.48597
1.46274
2.78359
3.68655
4.22419
4.62248
2.34942
4.99035
2.92086
4.2773
3.81491
4.08652
4.26011
3.78083
4.31009
4.48589
4.95049
4.6155
4.12166
3.48263
2.84855
4.9102
4.98081
3.67112
4.25617
4.97351
4.38629
3.89039
3.83024
4.57914
4.35777
4.90023
3.72586
4.97685
4.7373
2.85432
4.1503
4.573
1.68195
2.41114
3.74966
4.34288
3.33911
2.76118
4.47008
2.44517
2.75781
3.84997
4.09185
4.0982
4.33122
1.45502
2.76542
1.45065
2.91976
2.25306
2.74102
4.96038
4.46599
3.7894
4.14466
4.88478
3.31875
4.71265
4.36744
4.53316
4.64172
4.3022
3.60731
4.62745
4.84235
2.40496
2.75808
4.23337
3.95912
2.87992
3.67006
4.63125
4.34391
4.47166
4.79476
2.30674
4.04739
2.97435
3.71281
4.59428
4.36255
3.52439
4.1062
4.98337
4.35118
2.36753
4.33262
4.67745
4.96956
4.44873
2.87517
4.00018
3.64915
4.7584
2.58735
4.50664
3.78143
4.15951
4.61642
3.84184
2.99443
2.55594
4.30703
4.37204
2.48764
4.41394
3.8692
4.25439
4.33907
4.44651
4.23435
4.38791
4.45388
2.62647
4.09349
4.36539
3.28325
3.93342
4.25126
2.55172
4.33748
2.57551
3.66515
3.76937
4.21873
4.56687
4.48605
4.19965
2.8222
3.36071
4.97978
4.96735
4.77267
2.77402
1.51126
4.40652
2.38597
2.31804
4.52285
4.19768
3.04794
3.49494
3.7405
4.01353
4.98935
4.81358
2.91567
2.65786
4.37574
4.3493
4.68474
4.06246
3.65263
4.4505
4.04039
3.72348
4.85132
2.87983
3.73587
4.26853
4.70659
4.6204
4.33778
2.407
2.48869
3.02173
3.68399
1.48668
4.86371
4.31388
4.40878
4.48187
2.51498
3.12402
3.72296
4.3062
3.75807
4.61873
4.66724
1.56967
2.9462
4.26149
4.59608
2.50818
4.17747
3.88531
2.70525
3.9506
4.45036
4.33762
4.3631
3.82743
4.82272
2.86258
4.20858
4.5409
1.57987
3.07566
3.03636
2.47014
1.57795
4.3822
3.81152
4.97487
4.33606
4.78124
3.73142
4.59949
2.99125
3.57664
2.9796
3.95203
4.76977
2.5624
4.26358
4.31009
4.60521
4.96298
4.29705
4.39703
3.88727
2.88426
4.6001
2.26669
3.56952
3.43709
4.58537
3.78652
2.46892
2.80469
2.53494
2.41945
2.64062
3.64459
2.84998
4.48017
4.2889
3.54227
2.89846
4.01193
4.31757
4.55576
4.17407
4.27951
4.44203
3.7044
2.4248
4.14382
4.20991
3.65028
4.18253
4.96216
4.98907
4.56455
4.27293
4.48787
4.98301
4.04829
4.95495
3.69874
4.65381
4.20053
4.37249
4.74671
3.25307
4.98821
4.94243
4.23694
4.0764
4.98104
4.63074
4.05933
4.99995
4.6673
4.57097
4.09962
2.63975
2.66113
2.80475
2.547
4.20713
4.93527
4.47686
4.40315
4.87752
4.35019
4.58271
3.50049
4.34012
4.50416
4.78727
1.50635
4.12783
3.7939
4.28373
3.71073
4.29648
3.75394
4.88715
4.29434
2.87363
4.24402
2.90757
2.46358
4.92261
2.42666
4.36458
2.71444
4.11655
2.90569
3.52804
2.46525
4.47798
1.52548
2.38876
3.90428
3.82913
3.12875
4.86104
4.32176
4.67322
3.6372
4.52845
4.69309
4.85966
2.92838
4.48389
3.7616
4.43871
4.26884
4.8157
4.3209
4.64758
3.93575
3.75965
4.93395
4.94869
4.68632
4.49903
3.16663
3.62105
4.51721
4.3707
2.83975
4.61598
4.35833
4.2744
3.99721
4.95251
4.86152
4.43207
4.8919
4.07525
2.55368
1.36585
2.53319
4.15408
4.44803
4.20048
4.82059
2.61369
2.38334
4.07269
4.80583
4.17921
3.7294
2.26956
3.28928
2.32861
4.24542
4.99377
4.2572
3.95301
4.60943
3.9125
4.4207
3.57647
2.89489
4.24229
3.83805
3.00139
4.94478
4.42752
3.66219
4.66221
4.55135
3.61884
4.08846
4.74886
4.98255
4.64239
1.46529
2.81479
4.24275
4.76724
3.02074
4.20897
3.82271
2.63499
1.66324
2.64708
3.81389
4.51328
2.97547
2.64771
4.78034
3.7561
4.36445
3.76081
4.31417
4.23394
2.77483
2.44543
4.88147
4.25165
4.14182
4.44798
2.88195
4.71877
4.34917
4.86597
4.14645
4.51205
3.14337
4.01658
4.58864
4.65099
4.36336
4.58995
4.49808
4.04587
2.65551
2.48257
4.99775
4.92894
4.95832
4.14397
3.29087
4.81017
4.00519
3.82649
4.62663
4.40794
4.49895
4.55097
3.95908
4.41421
2.44823
3.697
1.56453
2.43551
3.81652
4.56627
1.56922
4.30892
4.91736
3.83673
2.6265
2.51171
4.37847
3.37358
3.77899
4.26445
4.36376
4.13598
4.74482
2.98824
2.91292
4.31962
4.71667
4.17754
2.45617
2.95263
4.25148
3.72343
4.41787
3.67222
4.73507
4.34119
1.49315
2.32354
4.37373
3.52556
3.67184
2.43326
4.61218
4.35165
4.19021
4.70421
2.76214
4.67068
4.2768
3.08036
4.26107
4.23573
3.03115
2.63498
2.94647
2.95536
2.86573
2.44476
4.36744
4.9171
4.56426
4.26138
4.43196
4.65887
1.69703
4.58891
3.90123
4.35194
3.96289
4.33781
4.39326
3.83328
4.30823
1.44424
4.4226
3.84232
4.40878
4.63246
2.54467
3.06144
3.90215
4.47782
3.93589
2.92407
2.6584
1.53772
3.02634
1.62929
3.17341
4.53125
4.96928
3.55048
4.21858
4.8656
4.7258
4.73097
4.26484
4.70838
3.16943
4.20381
2.51661
4.278
2.3115
3.73845
4.90118
4.19089
3.68301
2.93785
4.97063
3.4662
4.45734
4.22469
2.48984
4.58127
4.45206
2.77691
3.83478
4.49112
4.33691
4.1285
4.95796
4.7592
2.53403
4.12476
4.23213
3.94644
2.28447
3.67413
4.78367
3.57536
2.89789
4.49827
4.42206
4.82632
2.65237
3.06181
4.59687
3.91191
4.55963
3.96465
4.98868
2.71579
4.30453
4.21927
4.41396
4.47494
4.35889
4.0972
4.51343
4.27814
4.59229
4.24601
3.78173
4.41533
4.91195
4.15442
4.27188
2.48901
4.9588
2.94284
2.41509
4.26545
2.5424
3.63509
4.43651
3.91052
4.34318
3.7129
4.80031
4.52135
4.19659
2.8217
3.37856
1.52861
2.90668
1.54547
4.25056
4.62791
2.41651
4.17425
3.74452
4.94543
2.88819
2.44389
2.60805
4.44851
4.2088
2.88507
3.46495
3.6848
2.83139
4.08232
4.27465
4.36588
3.94361
2.31683
4.21081
4.23394
4.48877
2.88936
4.47631
4.14155
4.46478
4.28808
3.76003
4.93872
3.89723
4.93718
2.92744
4.28051
4.63868
3.58452
4.37491
3.88644
4.41713
4.95741
4.40373
3.16542
4.31615
4.70367
3.86449
4.35171
4.99657
4.59145
4.60064
4.05833
2.26177
2.8948
2.43072
2.62024
2.72816
3.44346
4.26659
3.55166
4.30374
4.99548
4.46959
2.91654
3.54093
4.20138
4.53205
4.93675
4.96403
2.86595
4.34971
2.78967
4.25895
2.90527
2.47778
4.54639
4.27898
4.76875
3.49721
4.55391
1.48904
2.46883
2.59661
3.86571
4.56269
4.31846
3.75981
3.84319
4.55502
4.26249
4.89113
2.88458
2.49802
4.63551
4.35536
2.87769
4.17054
2.76298
4.23376
4.50388
3.32559
2.55405
3.83361
2.4109
4.08131
1.62203
4.89991
4.05641
4.46108
3.93733
3.90006
4.32011
4.58461
4.59578
4.50132
1.54619
4.27758
3.80218
4.31608
3.84495
4.30436
4.074
4.88869
4.48
2.7963
2.45543
4.20443
2.9049
3.00297
4.50908
4.45176
4.28026
2.8399
2.42707
2.46342
1.47941
2.44305
3.81934
3.95952
4.41924
2.64029
4.21563
3.58391
4.52566
4.41663
2.97249
1.58186
3.09768
4.57493
2.46473
3.676
3.88561
2.54681
4.64291
4.26077
3.06059
2.67762
4.84289
4.46516
4.45772
4.36927
4.96925
4.41645
2.74475
4.88047
4.28826
3.58487
4.08899
4.5118
4.21336
4.64615
3.98567
3.69378
1.50863
2.27141
2.32834
2.83969
4.45951
2.93522
4.46685
2.53677
4.73653
1.59613
2.82479
3.94665
4.26893
4.83685
2.92478
2.52757
4.39837
3.91113
4.66639
3.96529
4.55955
4.53539
4.3276
4.75314
4.94162
4.8803
4.73052
3.30984
4.10441
2.71975
4.6975
3.93101
4.47414
4.2281
3.81365
3.5618
4.92481
4.19386
3.98132
3.57415
4.85377
2.85696
4.1994
4.39867
1.58087
1.53393
2.42442
3.86309
3.58125
4.69737
2.88044
1.52281
1.52298
2.86374
2.88321
2.41522
3.04329
4.57235
3.92257
2.39381
2.44372
4.30361
2.36333
4.30148
3.80206
3.34995
2.77871
4.38208
4.20278
4.48603
2.86362
4.4452
3.63538
4.2171
3.80023
4.35415
4.29631
4.95349
3.34737
4.88975
4.58766
4.3989
3.61852
4.55656
4.54918
4.88799
4.16777
4.16499
4.90088
4.84453
2.37497
4.67128
4.98853
4.24291
4.36032
3.7753
4.36139
4.32252
3.7819
3.57612
2.87679
4.37724
2.3112
4.50048
2.74849
3.90901
2.40871
2.50156
4.33897
4.34461
4.84808
3.73843
4.28761
4.4324
4.17281
4.23897
4.34501
4.88973
4.94235
4.73249
4.26071
4.22557
2.61241
1.45452
2.51272
4.4698
2.92523
3.62484
2.48209
2.44532
2.51403
3.41367
4.29542
2.83326
2.56499
4.31139
4.40039
2.913
2.96289
3.85315
3.74507
4.54948
4.32821
4.52806
4.51431
3.4709
4.5757
4.5415
4.28136
4.34961
4.80805
4.29706
4.55167
2.87976
3.7572
4.91584
4.45926
4.33877
4.75531
4.35654
4.35779
2.98532
3.53919
4.33084
4.57558
3.80376
4.29385
3.78184
4.94259
4.63836
2.72801
4.27587
4.47718
3.77133
4.12607
4.45962
4.66763
4.30148
4.62171
3.39579
2.8252
4.13705
4.95486
3.7581
3.94004
4.95544
3.86559
4.9945
4.88464
4.58477
2.89663
4.37465
4.66235
3.52286
2.59237
2.50715
4.26063
3.47162
3.76536
4.44972
2.77684
1.46269
4.57496
2.84666
2.46114
4.99333
4.30189
2.67663
2.29781
4.45832
3.22461
3.70547
4.24704
4.85373
2.34782
4.06012
4.12265
4.99903
4.77994
4.41654
4.25209
4.63437
4.42702
3.14057
4.3406
3.5598
4.95504
3.70385
4.53479
3.71964
4.26512
4.9246
2.9812
4.5592
3.87427
4.98483
4.68293
4.39455
4.70396
4.57096
4.21073
2.47444
2.97607
2.63018
3.3543
1.47478
4.30887
2.2784
4.4593
4.94968
2.84156
4.393
1.53761
2.94449
3.79948
4.30393
4.40338
4.25208
3.64331
2.34659
4.94849
2.84058
4.33716
4.17151
4.15231
3.63327
3.93211
3.66252
4.34003
4.81972
4.64012
4.46844
2.85017
4.56294
4.18881
1.54804
3.19866
2.61439
3.08707
1.65125
3.71278
2.93833
4.43941
3.47531
3.04173
3.97009
4.69196
2.52367
2.47174
2.61069
4.22544
4.40908
3.75359
4.56383
4.26371
2.88124
3.5235
2.95232
4.50436
3.97356
4.618
4.58518
3.86783
2.3588
4.1203
4.07708
4.46461
4.8816
4.42611
4.328
3.82767
4.91091
4.73427
2.47706
2.81929
3.71546
3.45566
4.78312
2.48818
4.02783
2.90355
2.45823
4.17999
4.33368
4.19022
3.77297
4.97084
4.3237
4.69756
4.45791
4.9793
4.04071
4.74869
3.71591
4.90718
4.40381
4.35386
4.81951
3.31402
4.94069
4.82663
4.48672
4.35989
4.91148
4.56027
4.16078
4.94511
4.7367
4.53683
4.23186
2.61187
2.91897
2.56748
2.50608
4.95609
4.33228
4.5458
3.61523
4.35338
3.83292
3.83063
2.87204
4.8852
4.24027
4.48805
3.43464
4.32336
4.58529
4.90921
4.5333
1.42489
4.34079
3.76785
4.1734
3.61173
4.31657
3.76931
4.91899
4.22302
3.01502
4.40259
2.92603
2.49894
4.61738
4.68263
4.42647
2.88533
2.46622
4.22847
2.83867
3.71299
4.24909
1.53588
2.59358
2.425
2.88261
4.42817
3.71233
4.5209
4.1777
4.43629
4.28832
3.94037
3.85309
4.66076
4.42353
2.95492
3.77345
4.36185
4.51301
4.58322
3.11165
4.58603
4.54363
4.37659
3.82863
4.73806
4.35713
4.97059
3.92867
2.99342
2.43864
2.64497
4.42837
3.58396
3.98111
4.74996
1.56536
4.62601
4.91412
4.4409
3.89661
2.53787
3.40584
3.89112
2.49202
4.58022
4.31493
4.27861
3.87647
4.89328
4.58088
3.9259
4.37384
4.72858
4.80411
4.41223
3.83782
4.60903
3.54521
1.43578
2.65823
2.48971
3.10584
2.89283
4.37979
4.65968
4.52538
2.85528
2.38676
4.28603
3.8331
4.52136
3.74674
4.25761
1.44124
2.52193
3.4263
3.56828
4.30966
2.37989
4.49682
4.63048
4.26331
4.7069
2.80087
2.74427
2.86087
2.43391
4.92506
4.45943
4.22687
4.27301
4.29653
2.99363
4.99129
4.51074
4.25215
2.89052
4.19195
2.86414
4.28469
2.37212
4.59251
1.49107
4.38046
3.57073
4.66208
3.78443
4.28538
3.847
4.10531
4.26706
1.49487
1.56507
4.48881
2.98154
3.72119
2.53169
1.51421
1.56671
2.89654
3.01469
2.67451
4.41893
2.55763
4.2829
2.4998
3.93775
4.37045
3.83994
3.69894
3.092
4.67452
4.48936
4.44694
2.96908
4.76218
3.86716
4.31393
4.84364
4.19859
4.99871
4.82737
3.40742
4.35838
4.52811
3.35468
4.674
4.49153
4.20514
4.32111
4.9621
4.98169
2.41825
4.10991
4.9169
4.24738
3.82556
4.10504
4.30188
4.48688
2.59068
3.96742
3.39743
4.63095
3.0851
2.57412
2.91192
4.52598
3.79341
2.61247
4.40245
4.26622
4.48972
4.71324
4.28813
3.87989
4.39726
4.39398
4.99257
4.9735
4.33886
4.36895
2.50981
4.38441
4.97042
3.92737
2.59467
2.48471
3.51614
4.40239
3.947
2.86201
3.77488
4.22001
4.60183
3.55554
4.61439
4.25057
4.91968
3.8179
3.92293
4.63146
4.37137
4.49678
2.79333
3.59628
4.21628
4.57346
4.82489
1.56487
2.84026
4.20255
4.67354
4.46079
3.89886
4.79086
2.86181
2.52936
3.81095
4.37566
4.47297
3.87394
4.35826
1.50543
2.59018
4.31113
2.73383
3.52621
2.4392
4.51883
2.95638
2.46921
4.1231
4.94575
4.22826
2.85378
3.80939
4.47936
4.4635
4.58356
4.32312
4.95014
4.28862
4.74653
3.00316
4.55684
4.30032
4.56162
3.77349
4.16685
3.7752
4.19169
2.45498
4.1177
4.92704
2.83008
2.5007
2.49439
4.30257
3.50573
1.55131
2.97247
1.58307
3.72644
2.90931
4.31418
4.54982
4.28026
3.81801
2.50046
4.93987
2.91087
2.47395
4.24194
3.0165
2.543
4.6302
3.52555
4.36518
4.26626
4.12415
3.8291
2.40701
4.38566
4.27244
4.9452
3.76146
4.97052
4.41617
3.98311
4.29419
4.95047
4.5266
2.76663
4.49459
3.45469
4.35841
2.90567
4.59848
4.48849
4.32317
3.82898
4.34507
3.84523
4.99757
3.04156
4.51788
4.43853
3.69361
4.45251
3.92595
4.33435
4.91969
2.98042
4.67616
4.61992
3.93685
4.42015
4.48913
4.28081
4.74837
3.94849
2.39544
2.3402
2.41001
2.7008
3.46413
4.27819
3.71314
3.84094
2.74862
4.43306
4.19757
3.48495
4.05829
4.57609
4.89169
3.70434
3.95012
4.93144
4.14884
4.61314
2.65185
4.96413
3.5065
4.08931
4.67179
4.63744
4.35572
4.88803
4.61732
1.4789
4.52129
3.87933
4.39813
3.88857
4.35832
4.00147
2.48035
4.3645
3.01949
4.39433
2.93736
4.96736
4.41762
3.14258
2.54772
4.28623
2.86301
4.51791
3.54982
2.46182
2.52854
4.30013
1.48634
2.96065
4.76068
3.98503
4.62037
4.34908
4.17857
4.4357
2.81268
4.54091
4.71824
4.18262
4.97628
3.76771
4.91164
4.04814
4.42069
3.81517
2.34039
2.47238
1.42728
2.54026
3.49579
4.38281
2.52598
1.52324
2.97594
3.86653
1.41147
2.91059
4.3745
4.56628
2.87313
2.49047
4.28541
3.81447
4.27327
3.92297
4.33169
4.32031
2.56796
3.52722
2.2943
4.51836
4.23933
2.87737
2.49733
4.98504
4.28845
4.35699
3.82148
4.89259
2.72935
3.72203
4.21177
3.28584
4.73668
4.57262
4.08576
4.96132
2.74916
4.48163
4.57107
3.76712
4.46933
4.27603
4.99803
4.22443
3.67959
4.87292
4.97525
4.6875
4.31135
3.70139
4.68061
3.51394
4.41554
2.89323
4.67482
3.01509
4.68172
4.30597
4.66842
4.96446
4.2622
3.8347
4.43822
4.7389
3.80053
2.47876
1.37721
2.38274
4.13676
3.55601
2.49467
3.72668
2.70216
3.62008
4.8292
4.27221
3.26322
4.65268
4.44715
4.20406
4.85126
1.59752
3.21274
3.83323
4.49522
4.68452
2.55357
3.07619
4.39154
3.93133
4.303
4.35315
3.76252
4.30857
1.37939
2.77158
2.43684
2.40026
4.52143
3.59391
4.34445
3.0408
2.30202
4.21816
4.93563
4.45277
2.76041
3.84992
4.49147
4.6895
4.46703
4.27137
4.87766
4.32383
3.64078
4.18553
4.60432
3.84443
4.88413
4.9894
4.56258
4.31927
3.58055
2.94872
4.52553
4.87299
4.68575
2.84035
4.26272
4.56487
4.53104
4.16238
4.93726
3.71919
3.87936
2.87703
4.34555
3.58781
3.80038
4.56505
1.49478
4.57729
3.74884
4.27489
4.93491
2.48439
4.35451
2.41118
4.5861
3.52203
3.77789
4.36656
3.84088
4.77525
4.28154
3.97944
4.91244
1.52507
4.54602
2.54216
2.41628
4.51606
4.25934
3.51493
3.90123
4.20588
2.91595
2.99543
2.9296
2.48089
4.36994
4.2576
4.99075
4.51419
4.38368
3.7211
4.27264
3.87526
4.94046
4.5787
3.95382
4.32764
4.96453
4.39422
4.47313
4.29057
2.63477
2.67685
3.52506
1.56844
2.86198
3.05527
4.56389
4.29642
4.33631
4.17926
2.39507
4.84979
2.82818
2.88042
4.17295
4.43669
2.8514
4.14275
2.26693
4.21909
4.96817
2.87876
4.46864
1.54399
4.65867
3.91313
4.45369
3.80962
4.28555
4.11155
4.32964
3.80213
1.55117
2.92803
3.09758
1.71312
2.50144
4.26344
4.3098
2.31247
2.47013
4.21641
3.77522
4.90338
4.407
4.64458
3.84571
4.61142
2.73307
3.52866
2.94282
3.88366
4.6984
2.54534
4.45377
4.29457
3.79591
4.33901
4.98537
4.65888
4.27697
2.2997
2.47495
3.66759
2.7752
4.58239
3.62385
2.77645
3.89932
4.76396
2.38844
4.33121
4.35834
4.24317
4.33946
4.54457
4.99403
3.88858
4.37753
4.01839
4.9221
4.96127
4.83993
4.72485
3.70041
4.70437
4.49087
4.55782
4.61071
3.44626
4.46967
4.28728
4.90538
4.92795
4.5226
4.1033
4.96348
4.96564
4.79218
4.43669
4.28642
2.42596
2.43693
2.55901
3.05145
4.69222
3.89069
3.75489
2.79564
4.61275
4.37317
4.97382
4.68671
4.4247
4.14744
4.62021
3.52828
4.24763
4.35497
2.88861
4.6537
3.7018
4.57618
4.20158
4.85639
4.25675
4.39764
3.65047
2.70522
4.80136
4.13695
4.57492
3.21645
4.15923
4.50903
3.66949
4.9226
2.92398
4.46207
4.41425
4.41138
3.67571
4.90193
4.54534
4.21922
3.9709
4.49498
4.47124
2.94055
3.53228
4.19123
4.60354
3.93079
4.97789
4.93136
3.91057
4.54348
2.44948
2.4285
3.05668
2.99856
4.47432
1.43671
4.39311
4.61217
4.31128
3.03467
2.68892
4.39613
4.16542
3.914
2.47248
3.67971
2.44067
4.73743
4.34236
4.53536
4.90236
2.78002
4.74033
4.09389
3.42703
4.41907
3.64895
4.49085
3.74167
4.14802
4.83784
2.87168
4.55442
4.34868
4.3395
3.85007
4.19144
3.09352
4.45577
2.85908
4.43811
2.76421
1.60577
2.51907
3.55666
4.35224
2.42547
4.51136
1.71622
4.48597
3.99236
2.84809
4.74369
4.06853
4.49158
3.96881
4.43814
4.44915
2.84815
2.50717
4.92157
4.23921
4.1962
3.83611
3.81929
4.40741
4.2645
4.86874
2.86629
4.63211
4.56181
4.2233
2.65053
4.75473
2.8423
4.96222
4.39679
3.55305
4.34631
3.02412
2.76292
4.33563
4.52572
4.27094
2.46475
4.98815
4.80699
2.91141
4.25427
4.57108
1.56406
4.34352
3.96489
2.47128
2.42596
4.8323
3.43551
4.5244
3.86451
3.85491
4.71629
4.44711
2.80389
4.98377
4.36017
4.29875
2.59414
4.09569
4.36654
4.87007
2.81868
2.28103
4.65043
3.81308
4.95807
4.44193
1.48782
2.4677
4.36201
3.4297
2.42196
4.51864
3.95185
3.89501
4.88966
4.51547
4.32055
4.90229
1.57061
4.64038
3.7046
4.51812
3.73904
4.11446
4.23778
3.76957
4.21431
2.94652
2.90553
2.60836
4.30679
4.4886
3.02544
4.58414
4.55419
4.3553
3.02636
4.60277
2.86367
1.36287
4.56754
4.36277
3.847
4.35518
4.97531
4.42583
4.40554
2.32566
4.91204
2.90189
2.48394
4.2632
2.36019
4.62933
3.54153
3.04287
4.54371
4.36385
4.59868
4.33431
3.77268
4.92397
2.89719
1.51088
4.15687
2.31877
4.29249
4.92082
2.91924
2.42275
2.45072
4.66372
4.25442
3.58474
1.33866
4.63723
3.80101
2.8202
4.42969
3.7077
2.80655
4.28154
4.32087
4.19508
3.75167
2.3647
4.1301
4.32782
4.72276
4.61602
4.92227
3.01815
4.39347
3.43694
4.67299
3.93712
4.43766
3.60103
4.13944
4.81483
3.91598
4.58453
3.66959
4.34444
2.87504
4.60195
4.58476
4.15037
2.4199
2.55392
2.41538
2.678
3.73998
3.4706
3.75104
2.3866
1.44769
4.24403
3.71604
2.40351
2.84456
4.4765
2.63837
2.98172
4.34014
2.90936
2.92093
2.84991
2.79867
4.18351
4.43459
2.49982
1.57865
3.92555
3.94497
4.41332
3.87756
4.8765
4.16892
4.33006
4.38197
4.40261
4.12474
4.42751
3.42372
3.36259
4.90112
4.24081
4.24614
4.98546
4.11891
4.49242
4.49987
4.27037
4.76503
4.49272
4.86029
4.0765
4.56281
4.43894
4.21596
3.71026
3.52897
4.42363
4.85352
4.41879
4.23796
4.32318
4.59498
4.2894
4.89386
4.83406
3.56817
3.54019
1.49626
4.20851
2.98239
2.42859
1.44643
3.48539
2.75917
2.46028
2.92828
4.42237
4.55405
4.99559
3.81386
2.93141
3.68508
4.49679
4.88229
4.28825
3.85189
4.26178
4.92387
4.74371
2.67525
3.74423
2.85381
4.25128
4.2218
3.78217
2.36779
3.44142
4.51979
4.45247
2.40375
2.90146
4.95954
3.8287
4.25151
4.29173
4.68618
4.2356
4.8959
4.98483
2.79924
4.29503
3.84805
4.37632
2.38257
3.6588
4.22647
2.60641
3.49733
4.96882
4.55141
4.28424
3.83642
4.19086
2.83288
4.93246
2.44201
4.61615
4.28745
4.235
4.05982
4.45053
4.26258
2.41515
4.88478
4.43404
4.30184
3.73931
4.11504
4.95923
3.61586
4.54031
4.30037
3.72344
4.35944
2.97495
4.93816
2.48837
1.46717
2.81787
2.5828
1.53115
3.55969
2.92011
4.54783
4.37617
2.87155
3.95427
4.5985
4.18646
4.95052
4.42827
4.48219
4.15979
4.60505
2.20392
3.94633
2.74178
2.4685
4.85652
3.47377
4.27411
4.18838
3.80598
4.30352
4.7356
2.42478
2.855
3.84206
4.3069
4.94007
2.52597
3.93573
4.58534
4.13594
3.02834
4.43353
4.59109
2.4937
3.48097
4.83931
4.45407
2.52803
2.95577
4.33126
4.61698
3.86076
4.31165
3.8539
4.392
4.25223
4.31794
3.79396
2.51711
4.81267
4.49251
4.28284
4.40215
4.56067
3.49505
4.67066
4.38982
2.51472
2.93215
3.9233
4.30812
4.38342
4.61915
1.70053
3.04764
1.43443
3.61913
2.99839
2.46795
2.95096
4.5484
3.9631
4.19384
4.97886
2.32063
4.16739
3.72975
2.67562
4.5157
4.25535
4.32546
2.37151
3.56552
4.958
4.28002
2.54275
4.25121
2.96275
3.93636
4.52878
4.28261
3.79022
4.11454
4.9987
4.43133
4.57739
4.12648
3.03576
3.98042
4.65288
2.45763
2.56532
3.70094
4.38181
4.40137
3.8974
4.49666
4.73585
3.91044
2.98698
4.95863
2.6198
4.16379
4.26288
3.64536
4.21971
2.49671
4.30496
4.42942
4.45983
4.36407
4.565
4.45935
4.00709
4.43765
4.6174
2.70652
3.10293
4.04253
4.7597
4.1105
2.87549
2.70163
1.6826
3.13824
1.54231
3.82828
3.1119
4.20356
4.74092
4.14731
2.31254
3.5867
4.18068
3.58312
2.84003
4.56798
2.33697
4.93794
3.45453
4.38079
4.28413
2.4821
4.71013
4.35952
2.78147
3.77452
4.62857
4.17638
4.88118
4.95494
4.4181
4.1784
4.05482
2.48332
3.77805
4.59116
2.80527
2.64958
3.37095
4.49569
4.56335
4.45461
4.71272
2.44727
2.85276
4.48643
3.81004
4.18323
4.22375
4.05235
4.42084
2.42553
4.93544
4.35478
4.28322
4.42708
3.72558
4.44264
2.58386
2.92952
2.42967
2.88695
2.37498
2.86437
3.47767
4.24771
3.58245
4.14966
4.97847
4.95075
4.62068
4.38225
4.84015
4.36246
3.04382
4.12608
2.37207
4.42313
4.17823
2.72568
2.79635
4.50457
3.41821
3.97846
4.29175
1.46362
2.41393
3.78607
2.47293
3.67583
4.48368
4.36583
4.51741
4.62547
4.84305
2.4108
4.60437
4.42801
4.23873
2.92827
4.22326
3.10762
2.95022
4.63496
3.57288
3.92443
2.56507
3.82461
2.52686
3.86593
4.46091
1.51247
4.50404
4.64384
4.45877
4.35221
4.38902
3.67005
4.20845
4.18807
3.82203
4.52121
4.47428
1.45719
3.80455
3.0716
4.31949
2.96472
2.44086
4.55765
4.39925
2.71681
2.75322
2.52719
2.92197
2.38388
2.94259
2.40804
3.73843
3.7367
2.52568
3.74992
2.47113
1.51269
3.86674
1.48407
3.95726
2.41212
3.76108
2.56911
2.98449
2.94692
4.75365
2.56572
2.94211
4.39036
4.53486
4.89009
4.20721
4.42743
4.72156
4.42435
4.76411
3.59562
4.35434
4.27308
3.42681
4.64852
4.09222
4.2626
4.5946
4.24216
4.86308
4.6361
4.27872
4.54411
4.65994
4.98914
4.24483
4.97587
3.48069
4.30583
3.41403
4.5071
4.20227
4.43993
4.6591
4.46251
4.94299
4.91718
3.07098
2.54728
1.54448
2.65514
1.46557
2.38812
3.18731
3.76126
4.04767
2.73939
2.32902
4.46097
3.37643
4.53171
4.56053
4.2434
4.8587
4.47385
4.58845
3.077
2.54239
4.49296
3.7808
4.14871
3.8388
4.15866
4.26429
4.99282
4.77158
4.25742
4.91664
4.08953
2.76498
3.7694
4.50543
4.53473
4.52633
4.31402
1.5686
3.49746
1.54845
2.52149
2.93216
2.56327
2.78132
4.30701
4.95998
2.75541
4.21108
3.63994
2.49362
4.92619
4.70624
3.99302
4.99392
4.81266
4.30716
4.01857
3.70917
4.42638
4.75085
3.03227
4.47659
4.79202
3.92123
4.43492
3.18382
4.70859
4.46464
3.80701
1.53296
2.63765
1.55954
2.52637
3.84541
3.64795
4.55925
4.41627
3.00171
1.48939
1.45674
2.91213
2.46077
2.81985
2.46779
2.98691
4.60833
4.39879
3.88968
4.92888
4.99615
4.83301
4.97698
4.23288
4.16809
4.27212
3.51728
4.89223
4.55401
4.52014
4.58463
3.47924
4.59719
4.57146
4.93866
3.95961
4.45954
4.56605
4.29127
4.41063
4.91077
4.07937
3.73603
4.16642
2.45137
4.27003
4.23818
2.46991
3.84912
3.40648
2.7911
4.32908
4.61557
2.5275
4.60223
2.97092
3.80765
4.19123
2.52978
4.16113
4.17052
4.18977
4.99556
4.46992
4.97937
4.946
2.95229
2.43946
1.54512
2.48627
4.24333
3.09091
3.53033
3.93304
2.5576
2.52792
2.42438
3.48421
3.78681
4.2354
2.95875
2.55463
4.40811
4.68319
4.36588
3.93511
4.80658
4.16113
4.36856
4.16507
4.4903
2.75355
4.42965
4.57732
3.98333
2.79803
3.49227
4.27928
4.5197
3.85386
4.45861
4.1283
4.90952
3.61145
4.16383
4.45329
4.69938
2.96899
4.51694
4.65162
3.82243
4.3009
4.45633
3.39973
2.8868
4.37834
4.9578
3.88073
3.69872
4.70136
4.86102
4.99188
1.70335
2.45395
3.77102
4.36774
4.32639
3.43864
2.86288
3.95114
2.811
3.54383
4.60815
4.34971
4.60665
4.94599
4.60609
4.25828
2.45175
2.83416
4.78856
3.85529
4.16679
4.95869
4.37041
4.48284
4.1101
4.80922
2.54143
4.40536
2.38274
3.77807
3.37785
2.76653
4.11369
4.22933
4.76535
3.86999
4.57113
4.41793
3.69149
4.48662
3.24579
2.58913
4.57972
4.41706
4.45205
4.98548
2.65795
2.92586
4.34901
3.85034
3.58813
4.72531
2.48835
4.15869
4.54862
4.43645
4.21069
3.84428
4.42089
4.20043
2.53951
4.25425
4.53316
4.94838
4.11596
2.91895
4.28335
4.68828
4.65689
3.58028
2.45452
2.41306
4.39285
2.99055
3.5298
3.86215
4.38247
3.90754
4.40124
4.74548
4.34705
4.68316
4.05781
2.82216
4.24908
4.52836
3.41293
4.20271
4.73169
4.20968
3.91142
2.68892
4.94065
3.09087
4.4367
4.31657
4.43059
3.94541
4.02905
4.80637
4.30668
4.17893
2.84927
3.66536
4.46343
4.69696
4.50475
4.16187
1.64005
2.39473
2.77359
2.28639
2.89138
3.52712
1.39875
4.35064
2.67231
4.35664
3.84642
4.85334
3.01411
4.43136
4.34106
3.55699
4.56591
2.99734
3.67213
4.1119
4.89092
4.32334
1.50656
2.80549
2.54906
2.81322
2.53687
1.50377
3.87528
2.77925
4.51356
4.19868
3.51252
2.87303
3.86252
4.31061
4.49692
4.43291
3.9212
4.50036
4.66509
4.44753
4.438
4.81114
4.0675
3.66415
2.35901
4.1901
4.3426
2.58457
4.62598
2.36889
2.92812
4.31049
3.81603
3.49175
4.72451
2.50204
3.87256
4.34471
3.0623
4.83855
4.33218
4.39652
4.34726
3.49831
4.55836
4.30944
4.58072
4.49143
4.52337
3.47579
4.9796
4.3582
4.247
4.47233
4.97664
4.44131
4.8133
2.35074
2.9297
2.35242
2.93587
2.42538
4.16982
4.54299
3.40273
4.3321
4.44668
4.4269
4.71951
4.40808
4.42679
3.98063
4.19624
4.22277
3.70308
4.43959
2.68081
4.42515
2.34121
4.73654
1.51499
3.76164
2.97697
4.81838
4.9856
2.95633
4.4534
2.82983
2.53074
4.61449
4.34713
2.97443
3.75057
4.53368
1.52063
2.55325
3.9517
2.59691
3.8191
4.35954
3.77337
4.46868
4.63751
2.85241
3.49801
4.25997
4.53068
4.91654
4.50475
4.33532
2.98732
4.58896
3.99407
3.88082
4.63827
4.3001
2.85832
2.33533
1.51533
2.38591
4.82866
4.18671
3.60934
4.54892
4.20522
4.53419
4.33943
4.98896
3.02115
2.63563
4.40423
4.23942
4.01912
3.68827
3.76821
4.65047
2.62909
4.88441
4.3103
4.17271
3.72697
4.23187
3.65961
1.43782
2.35207
2.9388
2.36371
3.12038
2.73636
4.85814
4.40892
4.49715
4.54734
4.53232
4.94956
4.37768
3.77983
3.74939
3.1271
1.42841
2.44171
3.65105
3.89255
4.39166
3.0593
2.53796
4.67112
4.68144
4.36395
4.67363
3.90599
4.49971
3.99278
4.542
4.49873
4.25971
2.84908
4.50729
4.69962
1.82144
2.82145
4.29957
4.72767
2.99402
4.3135
3.96638
2.48292
1.4951
2.48943
1.56164
4.73737
2.98044
3.85325
4.22254
2.58573
1.55148
1.49015
2.95922
2.46683
2.8017
4.78607
4.2511
4.31087
4.23889
4.93289
3.31874
4.25959
4.91548
4.36532
4.36275
3.53961
4.51793
4.64915
4.19266
4.47939
4.89704
4.97152
4.4032
3.74448
4.44408
4.85554
4.04793
4.4837
4.60736
2.55842
4.27357
4.08676
2.4167
2.53883
3.83489
3.49198
4.55045
4.28255
2.79797
2.44387
2.79408
4.42428
4.34329
3.62751
4.28629
4.30787
4.19484
4.92728
4.48829
4.98129
2.82627
2.37827
4.24573
4.90702
3.87724
2.41992
2.57995
3.60303
3.84387
4.2156
4.96727
3.59078
4.1118
3.74823
4.5067
4.43346
4.34801
4.97706
4.88146
2.79067
3.35614
4.20549
4.67478
4.49788
4.26053
4.87822
4.34349
3.0767
4.45185
4.36427
3.79976
2.76538
4.0849
4.4683
4.36127
4.44848
1.64754
4.54652
2.95311
3.7648
3.00673
1.57468
2.52568
4.34662
2.9835
3.61487
3.84606
2.47745
4.65562
2.98035
2.57054
4.31729
4.69928
4.17356
4.57716
4.2556
4.63075
2.88244
3.96368
4.43365
3.88528
4.88831
4.22135
1.53915
3.79149
4.8775
4.38143
3.8403
2.96451
3.47986
4.46242
4.31254
4.35491
3.7551
4.24424
4.5368
2.58763
2.98755
4.97818
3.86664
4.2712
2.30863
4.20085
4.59226
4.90533
4.28377
4.69592
2.54198
3.79273
3.4726
2.95976
4.36219
2.47792
2.91614
4.43588
4.447
3.90619
4.50191
3.95157
4.33723
4.89125
2.526
2.42922
3.77401
4.55064
4.32111
3.51523
2.82403
4.4317
4.57081
4.30643
4.24678
4.29115
4.59684
4.29236
2.61747
4.20001
4.27024
4.98412
3.70405
4.39185
2.4477
4.34024
3.74517
4.89202
2.98475
2.49416
2.53129
4.4127
2.9414
3.45682
4.60832
4.26783
3.97104
4.37024
4.92343
4.76412
3.70313
4.56513
4.43774
2.84216
3.67944
4.27937
4.88333
4.49246
2.89688
4.24553
4.52234
3.57079
3.80767
4.30511
4.78292
4.38302
3.88227
2.93052
2.8992
4.26598
4.54851
4.60347
4.59305
3.44351
4.53197
3.90857
4.26633
4.90583
4.54467
3.9813
4.85909
2.5044
2.55871
2.92882
2.44109
2.93266
3.67004
4.44905
4.72345
3.80738
4.19943
3.86889
4.67733
4.53903
2.98814
3.54515
4.36569
4.55026
4.47788
4.30235
4.90083
4.24033
4.50458
4.21753
3.82917
4.35208
4.22329
3.65083
4.91595
2.48903
4.49429
4.3038
2.85562
4.40229
1.46405
3.84545
2.87437
4.95323
2.84368
4.31136
2.80062
2.39099
4.55753
4.31477
3.00239
4.50819
3.51482
2.40074
2.43484
3.64801
4.08443
1.46858
4.49518
4.08723
2.81961
4.45204
3.68435
3.82057
4.88789
4.06479
4.61653
2.70191
1.48447
2.45582
1.6447
2.61107
3.54196
4.53058
3.05084
2.65437
3.86969
4.80344
4.24255
4.47313
4.9283
3.95456
4.93244
3.03534
3.05419
3.89375
4.45519
4.49644
3.68967
4.30901
4.72081
4.78978
4.35134
4.26929
4.51842
4.72514
4.30866
3.7484
4.97228
3.78236
4.51593
2.73012
4.79494
4.42197
4.11789
3.70553
4.67055
3.53107
4.40002
4.41523
3.06782
4.54797
3.81297
4.87329
3.06409
2.59863
1.52363
2.48806
4.28144
3.511
4.00721
2.70586
4.43614
4.57554
4.30216
4.43718
2.78251
3.72103
4.11599
2.22874
4.8281
4.25678
3.74746
4.11413
4.34779
4.36636
1.42943
4.68171
2.98374
3.88224
2.99219
1.61299
2.92053
2.56941
2.70851
4.67448
3.5683
3.96747
4.44813
2.99689
2.46522
4.32421
4.66122
4.3259
4.37315
3.75596
3.79926
4.6815
4.59325
4.94065
4.44516
4.35538
3.59441
3.07771
4.15598
4.47082
4.55797
2.88863
3.89968
4.69782
4.25256
3.92247
1.51781
2.37443
3.82093
4.38525
3.43192
2.8854
4.2838
2.48889
4.3486
2.85224
3.84487
4.69039
4.41209
3.78731
4.33621
2.45026
2.57749
4.20266
3.94316
2.93892
3.61868
4.67835
4.37811
4.46912
4.93676
4.22121
4.20394
3.85577
4.38932
4.62482
3.66385
3.00026
4.96024
2.46711
4.28037
2.38939
4.31372
4.50729
4.32964
3.01686
4.0119
3.46437
4.63377
2.72343
4.30804
4.41755
4.67317
4.19535
4.26755
2.53367
4.49512
3.79956
4.50453
2.75087
4.29298
4.50331
3.51987
2.74464
2.29481
4.24592
4.40688
4.60591
4.17915
4.62204
4.21216
3.86304
3.9668
2.80439
1.62193
4.48052
2.59233
2.47158
4.71907
4.40097
2.96752
3.61144
3.82892
4.24846
4.99707
4.39307
4.24331
4.28277
4.1239
2.48569
2.84645
4.48344
4.58421
3.75206
3.90417
2.78191
3.8514
4.2548
4.61907
4.70406
4.38171
2.44569
2.6707
2.79308
3.57969
1.69826
4.53222
3.9063
4.33449
4.39157
4.28857
3.67284
4.29626
2.87023
4.86883
4.42972
1.49856
3.09563
4.42716
4.58883
2.4233
4.52692
3.87308
3.11631
1.65287
2.942
3.05655
2.62767
1.61764
4.1463
4.42781
4.35468
3.8586
4.23243
4.37201
3.61974
4.95069
4.76144
2.44792
4.30584
4.4363
2.40159
2.35409
2.42892
3.78164
2.90631
4.56342
4.23844
3.53791
2.783
3.79927
4.32166
4.48192
4.83518
4.9132
4.49115
4.28447
4.29429
4.17669
4.98924
3.53765
4.51779
4.51972
4.5445
4.60637
3.57433
4.4076
4.17335
4.44405
4.14834
4.94785
4.91593
2.49709
2.52961
3.03619
2.53868
4.51322
3.83142
4.1505
4.88295
4.41199
4.89806
2.85602
4.4246
4.65993
3.82996
3.83281
2.81163
4.41538
4.66243
3.39777
4.20895
4.49462
4.92566
4.61049
4.45916
3.94692
4.9844
4.29401
2.95614
4.69022
4.36626
3.80527
3.86198
4.94319
4.57165
4.23312
2.82338
3.36138
4.19407
4.74251
3.8411
4.57554
4.90245
2.59093
1.44044
2.25854
3.81909
4.29758
4.95534
4.49098
3.69691
2.6926
4.88187
4.03524
3.28709
4.65498
4.50296
4.50104
3.7511
4.26791
3.79711
4.16775
4.3563
3.02154
2.43512
4.33576
4.32958
4.64217
4.79979
4.46341
3.10128
4.68933
3.7356
1.49143
3.12151
4.43432
4.64909
3.07599
4.43711
3.96409
2.52394
1.66871
2.4924
3.5005
4.38683
3.06384
2.39621
4.52203
4.62238
4.21783
3.8599
2.8098
3.88085
4.85113
4.65002
4.26092
4.95928
3.15839
2.60056
4.75135
4.49299
4.89005
2.93254
4.14477
4.48424
4.25174
2.55843
4.91454
4.33676
2.85874
2.93569
3.88249
4.50489
1.51793
4.41372
4.97207
3.91758
2.31593
2.39992
4.5363
3.59568
3.94421
4.14741
4.78732
4.27544
4.47753
4.50146
2.95013
4.30005
4.38795
2.45377
3.00985
2.74282
3.89514
4.74432
3.92412
4.99721
4.35979
1.40858
2.32979
4.15319
3.43707
3.90548
2.45857
4.39006
4.48212
4.38066
3.793
3.66147
4.16234
4.23705
4.3983
1.45341
4.4788
4.59372
3.85188
2.91042
2.86296
3.03695
2.37524
4.30301
4.96532
4.54434
4.32277
1.46569
4.25055
4.25334
2.55962
4.53832
4.34623
3.03323
3.88353
4.4687
4.9156
4.97932
4.42716
2.52358
4.30506
2.48037
3.88297
4.98988
4.49322
3.74749
2.90252
3.59306
4.56002
4.16014
4.08095
4.17263
4.93645
4.54436
2.52724
2.77877
4.60296
4.82558
3.8243
4.46729
4.89589
2.27894
4.38279
4.39534
4.98556
3.74468
2.64967
3.79245
4.50125
3.66086
2.9908
4.38524
4.38852
4.29923
3.84602
4.45967
2.62811
4.41219
4.53562
4.63998
4.49829
3.75225
2.93377
4.29759
4.30617
4.3876
3.89707
2.55958
4.28982
4.17749
4.96734
4.75723
4.31128
4.60422
3.07755
4.75028
4.09828
1.54251
2.96376
1.48386
4.465
4.59553
2.62344
4.51821
3.90817
3.14066
2.43207
2.42832
4.71011
4.57778
2.96159
3.52607
3.77277
4.04369
4.86871
4.62408
3.54818
4.78177
2.81693
4.09411
4.54811
3.45244
4.80545
4.49334
4.26556
3.90862
2.95955
4.59399
4.51343
4.00574
4.27451
4.96475
2.56035
2.4486
3.8653
3.54438
1.44365
4.24985
3.68377
2.39256
3.78044
2.44058
2.81497
2.95744
4.20979
4.48133
2.39747
2.82788
2.39429
2.4392
2.65635
2.92733
4.14685
2.94238
4.54003
2.60524
1.35772
3.76859
4.53058
3.77416
3.98536
3.48408
4.28156
4.25142
3.53538
4.89752
4.40725
4.22477
4.71988
4.20328
4.76203
4.26162
4.96768
4.56587
4.1795
4.38224
4.48121
4.33589
3.68042
3.28023
4.30718
4.88879
4.37287
4.15339
4.28365
4.80221
4.04684
4.92667
3.53673
1.40526
4.41427
1.55969
3.49752
2.8215
2.63902
2.94629
2.50247
2.71802
4.60844
4.92171
4.26544
3.79608
3.65493
4.99393
3.05485
4.79732
4.87795
4.00929
4.56366
3.80691
2.38496
3.34176
4.83261
4.37957
4.2626
2.62294
4.87687
2.31674
3.62315
4.15165
4.96008
4.12629
4.50779
4.30369
4.99201
4.82889
3.72357
2.83013
4.3225
4.62535
2.46035
3.79818
4.53535
4.20359
4.49413
4.11763
4.32847
2.49898
3.45405
4.43504
4.35552
2.89875
4.91891
3.61799
4.30696
2.26838
4.57838
4.26914
2.3738
4.89535
4.05295
3.62201
4.16467
4.191
4.63205
4.29538
2.90351
4.98994
3.71995
4.15141
2.44764
1.61604
1.49696
3.29777
2.76146
2.35929
2.80943
4.83578
3.31138
4.94957
4.58717
4.29716
2.72416
4.25828
3.57336
2.60657
4.96143
3.56589
4.1629
3.80691
4.28188
4.43033
4.47017
2.97311
2.45984
3.8191
4.28343
4.89392
2.45539
3.7539
4.61826
4.22771
2.86065
4.16067
4.54625
4.20326
4.46164
4.45542
4.03745
2.52152
3.56961
4.19232
2.41924
2.9284
4.64777
4.31985
3.7809
4.93022
4.18802
3.97019
2.76341
4.08708
4.4081
4.33573
4.52472
4.85911
2.60498
3.18464
2.73085
3.19039
2.74918
3.11605
3.43623
4.45397
4.68034
3.72694
4.61176
4.51104
2.87746
2.7904
3.37249
4.10635
2.34334
3.96997
4.36711
1.61678
2.49268
3.79877
4.88962
4.54441
4.46991
4.29497
4.84861
4.62055
4.71728
4.05918
2.26566
4.42577
4.2684
2.75791
4.1306
4.28355
4.31137
4.01869
4.19844
3.49189
4.2249
3.70533
2.94682
2.82926
4.60826
3.41596
4.09983
2.58535
3.94599
2.46152
3.94194
4.36569
1.50778
4.46238
4.61375
4.26072
4.30467
1.36887
3.69887
4.85249
2.90127
2.30946
4.44935
4.3414
2.84602
4.32545
2.90478
3.0484
2.49903
2.87158
2.33967
3.01466
2.52477
3.83032
3.79907
2.61347
3.92122
2.48597
1.58614
4.41924
4.34276
3.63178
4.00125
2.36864
1.61212
3.81081
2.50716
3.10521
4.47654
2.55514
2.92634
2.9088
3.46203
4.21134
4.16758
3.56777
4.41823
4.36543
4.29291
4.7731
4.9929
4.30142
4.87444
4.45
4.19489
4.23079
4.7429
4.30392
4.96356
4.90377
3.64101
4.33325
3.55504
4.62499
4.49437
4.26781
4.44704
4.11216
4.97474
4.93783
2.96773
2.46327
1.50168
2.52896
1.60125
2.38697
3.54614
3.87776
4.29401
2.8617
2.49789
2.86678
3.75597
2.301
3.59504
3.68842
2.61594
4.34406
3.06547
2.41149
4.88011
4.81818
4.2834
4.46295
4.53202
4.55441
2.97214
4.53739
3.91221
3.40631
2.91228
4.25521
4.62168
3.77888
4.44081
4.97017
4.80698
4.72058
4.20549
3.69781
4.1466
4.57311
4.6768
2.70122
4.4301
4.59157
3.84677
3.36908
4.18353
4.4613
2.83646
4.85502
4.18842
3.6033
3.83031
4.44777
4.91181
1.63049
2.35417
1.5637
2.54397
3.78092
3.70016
4.64562
4.25449
2.94159
3.69848
3.25091
2.94774
4.53783
4.33484
4.60146
4.44611
2.7572
3.8579
3.6668
4.76939
2.58261
2.92769
4.40498
4.3084
4.12144
4.50139
4.24726
2.63674
3.98813
4.21053
4.9993
2.30032
4.92507
4.34492
4.29415
4.3265
3.78904
4.23644
4.25863
4.21597
4.88197
2.50006
3.76933
3.38997
2.88983
4.23657
4.4828
2.67289
4.80481
3.67992
4.07234
4.43614
2.44025
4.6732
4.89613
4.32944
4.35214
2.75118
2.60114
1.42568
2.29834
4.13656
2.87365
3.38719
3.63665
2.34949
4.15653
4.32381
3.54324
4.54371
4.18793
4.74807
4.64219
4.65445
2.97556
3.88856
4.64583
4.40455
1.63934
2.48581
3.06746
3.7141
1.61341
2.55595
2.98279
4.34484
4.38622
3.91965
2.76502
2.65079
4.13867
3.77468
4.98139
4.37677
4.57226
4.4731
4.41325
3.93215
4.31913
4.57755
3.56438
3.05413
4.90742
4.98803
3.97634
4.43884
2.98876
4.42415
4.67209
3.92343
1.5544
2.35209
3.5939
4.38583
4.15402
4.99909
3.24783
2.67486
2.66751
4.18942
1.52042
3.08322
2.25407
1.45581
3.01011
2.49976
2.80404
4.28674
4.36874
3.81205
4.3333
4.23654
3.53323
4.80208
4.32372
4.63109
4.24856
4.4268
4.44227
3.49777
4.49317
4.73834
3.73153
4.10608
4.67012
4.41591
4.62629
4.42324
3.96678
4.55265
2.56542
4.37366
2.52118
2.97251
4.36485
3.81807
3.6029
4.64155
2.64791
4.43037
4.63566
3.95931
4.35814
2.9224
2.4124
4.55054
4.45191
4.46995
4.16922
3.01107
4.24173
4.75672
4.53125
3.5671
3.87358
2.41343
4.43708
2.68993
2.54868
3.52847
3.9191
4.32748
4.50573
4.6858
4.09987
4.2943
4.74256
3.01857
3.53243
4.27352
4.63077
2.28814
4.47546
3.78827
4.80961
2.76405
4.23195
4.82995
4.52514
4.0377
4.27625
4.18643
3.92814
4.11207
4.26226
4.50244
4.94144
2.81007
3.6793
4.32881
4.53027
4.22842
1.50968
2.35326
2.84204
2.41969
2.7844
3.39033
1.69635
4.41183
4.12898
4.23306
3.70789
2.31474
4.76937
2.68387
4.57232
4.99026
3.93894
2.81477
4.39117
3.83083
4.96725
4.65029
1.42192
2.84743
2.42716
2.82893
2.37191
1.44097
4.30562
4.2038
3.66074
4.65097
4.12451
3.01283
3.5793
2.87166
4.99714
4.4528
3.67737
4.61673
2.6062
4.31117
4.37429
2.4597
2.86965
4.35639
4.69483
2.49994
3.80219
3.58871
4.52789
3.93367
4.41133
2.38648
3.02434
4.97951
4.8436
4.90277
4.94461
4.30807
4.19196
4.30099
3.44969
4.60417
4.3608
4.52452
4.51615
4.56066
3.56027
4.89352
4.75967
4.54397
4.39252
4.16961
4.25523
4.99599
2.55842
2.83493
2.45188
2.86768
2.42259
4.4503
4.67811
4.32046
4.58771
3.40169
4.17518
4.672
4.79425
1.56697
3.70058
3.03281
4.89457
2.77267
2.34742
4.50552
4.3622
2.74983
4.14613
2.97632
3.44696
2.68347
3.97089
4.54493
1.53554
2.51366
3.90816
4.9474
4.36785
4.99774
4.69525
4.58015
3.96302
4.9128
4.75544
4.6061
2.98505
3.7091
4.42348
4.36272
3.29955
4.44491
3.76413
4.02336
4.73124
4.35726
2.63713
2.35968
1.49324
2.39039
2.86115
4.96313
4.33388
3.82935
2.48367
3.26581
3.96967
2.23575
4.33163
4.37139
3.92242
4.59803
4.34148
4.90341
3.5702
2.86296
4.25828
4.61019
4.58161
4.3556
4.95534
2.87268
4.255
4.38243
3.83563
2.4609
4.99881
4.29865
3.77142
4.38616
4.22791
4.21614
4.69867
4.54205
1.56035
4.7585
2.98228
2.78709
1.48278
2.51991
3.63228
3.90442
4.28287
2.97742
2.43741
4.54196
3.87051
2.87036
2.68738
4.71774
4.3969
4.33078
4.58103
3.16174
3.58937
4.58108
3.8715
4.22617
1.45602
2.40647
1.57022
4.82558
4.9665
3.98571
4.3136
3.85456
4.89687
3.66041
2.71979
4.58189
4.31288
4.96002
2.40785
4.51351
4.31912
4.36307
3.84543
3.66779
4.59344
2.34865
2.99684
4.4404
2.58062
2.93352
4.55459
4.32828
3.88999
4.88433
4.22854
3.91184
4.40057
4.23078
4.23644
4.50473
4.02932
4.76254
2.4172
2.25542
3.71474
3.46849
4.47746
4.23685
2.79651
4.18842
4.5198
4.32737
2.36488
4.17263
4.83198
4.19438
3.61941
2.94466
2.53172
4.31706
4.80167
3.40954
4.6359
3.76721
3.78602
2.68546
4.17878
4.99703
4.45684
3.82541
4.12731
2.49589
3.04087
3.55081
1.4147
2.41268
3.1699
2.74891
4.41604
4.75652
4.45404
4.36819
4.87117
4.12931
4.48862
4.77352
3.78368
4.26923
4.34662
3.88575
4.35476
4.37186
3.69939
3.77759
2.95078
1.44775
2.5037
4.41111
3.07787
3.59698
3.95651
2.57856
4.6039
4.60387
4.44461
4.60037
2.96554
4.44247
1.44427
2.82968
4.23197
4.55231
4.4311
3.8016
2.93764
2.39626
1.45779
4.1917
2.43267
4.18256
3.79969
4.16565
2.9107
2.4447
1.5656
2.74664
2.74802
1.493
2.98319
4.21203
4.36189
4.82405
3.35847
4.32411
4.16774
4.8704
4.66881
4.65399
4.59264
3.45602
4.60998
4.45738
4.73823
4.17103
4.97148
3.76288
4.29731
4.06854
4.24548
4.50472
2.49898
4.37948
2.64242
2.55822
3.92128
4.74092
4.53383
3.69965
3.04628
4.40932
2.5229
3.15293
4.62093
4.81376
4.00151
4.36223
4.44554
4.90748
4.54926
4.2348
4.52749
3.75068
4.00865
4.35999
3.69511
2.55871
4.93241
2.91505
2.52906
4.10978
3.10477
2.40283
3.55048
4.58483
4.38768
3.88984
2.86405
4.21755
3.79298
4.90488
4.62891
4.43259
4.73653
2.85578
3.64515
3.9403
4.43732
4.84995
4.52784
4.50373
3.77406
4.99988
3.02081
2.9118
4.37632
4.5877
4.71147
4.67383
3.58308
4.60133
3.79244
4.44422
4.93024
4.8011
3.7954
4.91951
3.40972
1.51921
1.59066
3.59117
2.99572
3.09701
2.64672
2.77769
4.55671
4.04174
2.47081
4.49606
2.67894
4.33341
3.55738
3.02384
4.73563
3.88891
4.34157
3.98565
4.01885
4.37184
4.27284
4.19454
3.89731
2.99274
4.60531
2.48486
4.20607
4.48382
3.81187
4.27031
2.37561
4.88576
4.35517
3.72472
4.2754
4.29152
3.51004
4.49677
2.87834
3.85654
2.49582
2.64654
4.59078
4.4902
4.73946
4.3719
4.26927
2.85861
4.97623
3.85457
2.54613
1.45097
1.57005
3.79949
2.93358
3.15074
2.4508
4.54211
4.31488
2.54895
4.92678
3.67552
4.5855
4.41756
3.07447
4.66104
4.05612
4.18319
4.0265
4.27816
3.67752
4.93993
2.48323
3.83587
4.60255
2.90049
4.39661
4.34272
4.21637
4.51186
2.50449
4.92203
4.37996
4.26708
4.34926
4.56776
3.62749
2.49692
3.06675
4.70645
4.11579
2.64691
4.54721
4.3879
4.56286
3.92531
2.38823
2.62267
2.22471
2.47219
2.7312
3.17669
4.14512
3.66506
4.36931
2.81698
4.90365
4.50588
3.48013
4.05173
4.55649
4.95844
4.92912
4.57386
4.29476
4.40063
4.46401
4.04983
4.52172
3.96178
4.9276
4.34258
4.69109
4.61549
2.74238
4.52144
3.14669
4.92962
4.34809
4.71083
1.65482
3.96118
2.87524
2.56075
4.72414
4.32618
3.03953
4.44642
3.01037
3.10759
4.88816
3.64699
2.58744
3.95942
2.51915
4.42986
1.44171
3.11331
3.93532
3.96622
4.74543
4.34689
4.49109
3.1183
2.60087
2.61155
1.66262
2.50149
3.52033
4.04035
4.39464
2.69394
1.40537
3.12525
1.62223
2.90957
4.39907
2.75791
3.77643
2.45802
3.54683
3.88306
2.48894
4.51362
4.36227
2.83782
2.55212
4.89721
4.51896
4.44899
4.22621
4.42906
3.82719
4.23311
4.46976
3.77855
4.66717
4.92304
4.5504
4.45991
3.47763
4.32888
2.90499
4.53022
2.9349
4.08173
4.71107
4.82204
4.42451
3.76077
1.31426
1.57643
2.46653
3.87395
3.59362
4.62187
3.01046
4.4258
2.59251
2.50497
4.34691
3.85923
3.63371
2.97314
4.74938
4.36435
4.88353
4.28065
3.68019
4.20585
4.04239
4.28782
2.93429
4.99816
3.79289
2.60395
4.565
4.37837
4.67366
4.4153
4.09026
2.27541
4.28084
4.79501
4.9787
4.08866
4.26631
4.8341
4.91952
3.84541
3.32595
2.66377
4.40713
2.26321
4.37577
2.65546
4.24578
3.85183
4.24692
2.37426
1.53396
2.63156
4.2631
3.02367
3.58594
2.50368
3.82791
2.82824
2.74056
3.71039
4.16672
4.72296
4.36743
3.28753
4.67594
4.40165
4.4522
4.99251
4.22928
4.45623
4.1966
4.87907
3.85004
4.95267
3.7333
4.75406
2.88358
4.20463
4.96673
4.46845
3.99541
4.52053
4.22216
4.38793
3.33272
2.63967
4.56566
3.80187
4.82066
4.93259
2.86916
4.33993
4.52964
3.477
3.87931
2.78228
1.43936
4.49751
3.77856
2.41022
4.31071
2.81457
2.31616
4.47881
3.48513
3.64964
4.42902
4.90664
4.42438
4.63338
4.19654
2.47736
4.38967
4.80326
3.06078
4.46472
4.67192
4.68333
3.81101
4.32717
4.29716
4.27632
3.70221
4.28186
3.87691
2.89018
4.27625
3.8348
4.76642
3.86207
4.73279
4.19313
2.60902
2.88959
2.46533
3.4769
1.57217
2.98508
4.512
1.62613
2.93984
4.52591
4.38705
4.61163
4.23085
3.86715
2.45222
2.72736
1.73219
2.85893
2.54029
2.91854
1.53031
2.51994
2.45916
2.38582
2.31452
4.21055
4.35797
3.78519
4.60618
4.13816
2.71896
3.37562
3.0402
4.0702
3.80886
4.36848
4.85532
4.33187
4.28051
4.38594
4.99602
4.31235
3.38062
4.64049
4.55342
4.47493
4.61502
3.36848
4.32119
4.3912
4.32393
4.36947
4.95753
4.79928
2.48472
3.36575
2.63498
2.82908
2.85581
4.1144
3.83885
2.96617
4.50667
4.69089
4.94764
4.3264
4.63981
3.71912
4.55284
4.4777
4.3124
4.17082
3.76075
4.9309
4.24219
2.96352
4.27146
4.07182
3.87902
4.97899
4.7246
4.43827
4.67696
2.99941
3.75094
4.62623
4.33467
3.94394
4.88635
3.01731
2.35758
2.6135
2.9987
4.07037
4.59667
1.58938
3.21969
4.38314
4.03945
2.71383
3.72086
3.90755
2.68836
4.8686
4.33089
4.80587
4.41874
3.98182
4.44879
4.26806
4.98664
2.8299
4.24567
4.24474
2.4173
4.68888
3.85714
4.36097
3.81116
4.26578
4.27935
4.45072
2.64221
4.94612
3.70382
4.35022
4.77704
3.63591
4.08264
2.86775
1.27951
2.30323
3.57086
3.96491
4.27872
2.6398
4.68853
1.68088
4.60558
3.07427
2.89647
4.72317
3.87584
3.19413
2.59149
4.74104
4.34924
4.50686
1.86589
1.49461
4.46513
2.46084
4.229
2.4065
4.74895
3.70405
4.2482
4.04918
3.24217
2.80863
4.37727
4.2776
4.35552
4.33251
4.58249
2.33491
3.08942
4.56927
4.69238
3.66006
4.05201
4.12867
4.0715
3.71254
4.39949
2.73639
4.50237
4.48446
3.98723
2.59042
3.99701
3.66228
4.7484
2.97321
4.44711
2.477
4.15819
4.2822
4.59515
4.96602
2.62973
4.59977
4.0525
2.85484
4.96398
4.99149
4.5151
4.58973
3.6024
4.37165
4.69349
3.86278
4.26844
4.41298
3.92126
4.32836
4.87441
4.02677
2.94358
2.67825
4.47036
4.32581
4.42134
4.85618
4.20056
4.6522
4.4707
2.65137
4.38721
1.57136
2.76567
4.16201
4.48039
4.24392
3.86279
4.8841
2.89613
2.38944
3.81534
1.54634
2.47835
4.44821
3.18063
3.63858
2.63519
4.72944
3.88694
3.1254
3.72807
4.34553
4.70725
4.37182
4.98651
3.10749
1.5562
2.86468
1.48266
4.54156
4.03328
4.32385
4.44454
4.41954
3.66622
2.38275
4.94792
2.88025
2.74885
4.38043
2.68912
2.49145
4.57657
3.36533
3.72109
4.41512
4.86915
4.35702
4.19497
4.59856
3.95047
2.87275
4.38092
4.69058
3.59338
4.46764
3.95064
2.95795
4.62479
4.4405
3.85791
4.29754
4.89282
3.76141
2.61106
2.5924
3.52869
2.47887
2.5423
3.00686
3.12245
4.42394
3.02404
4.39689
4.7122
2.61336
1.649
3.85406
4.35813
4.06007
4.41327
3.84021
4.29147
4.47322
4.30485
4.97343
4.93332
4.10825
4.97276
4.61252
4.38805
4.9399
4.84286
4.18142
4.50073
4.24686
3.53062
3.5657
4.98287
4.47578
4.50651
4.35033
2.39891
2.65019
4.30632
4.61025
3.81151
3.54313
3.98114
2.29576
1.47889
4.28777
3.79359
2.51812
3.27427
4.81273
2.46744
3.12419
4.41697
2.98756
4.36726
4.3776
4.17633
4.96116
4.97367
4.26925
4.62806
4.10933
4.84973
4.36041
4.76183
4.1692
3.72648
3.46204
4.47603
4.49211
4.10889
3.48125
4.28685
2.53059
4.38667
1.58338
4.35134
3.02844
2.43035
1.38327
3.51481
2.95927
2.36238
3.06317
4.16115
4.63081
4.9205
3.78015
3.76061
4.35474
4.78445
4.45261
4.91462
4.58344
4.16779
3.9393
4.41627
4.29779
4.19377
4.90659
4.35264
2.99017
4.24621
3.7361
4.54994
2.46719
2.61851
2.58572
3.65462
4.35048
4.39166
4.70638
4.39131
3.82105
4.34739
2.99321
4.98973
2.41362
4.44621
4.30832
2.76976
4.61455
4.32961
4.05785
4.29273
2.94522
2.63625
1.77924
3.09946
2.47531
1.68265
3.73223
2.89545
4.16683
4.54233
4.28315
3.78296
4.82441
4.9373
4.21246
3.78356
4.23201
4.68907
4.11758
4.23617
4.83164
4.27747
2.25619
3.68359
4.63439
4.36962
2.97317
2.54532
2.56413
3.41174
4.45203
4.2595
4.37069
2.65175
2.91204
4.37958
4.52461
3.89833
2.35814
2.44766
3.78923
3.54403
1.45038
4.34496
3.89833
2.47188
3.80947
2.54179
2.76129
2.94506
4.39061
4.76192
2.48948
2.93341
4.35988
4.49413
4.19784
4.79873
4.83277
4.25964
4.63832
4.40173
4.86863
4.33014
4.65099
4.20591
4.99579
4.82928
3.72865
3.45932
4.87195
4.43297
4.93975
4.42189
4.28191
3.41663
1.58809
4.32928
1.5114
3.55346
2.90214
2.47503
2.9555
2.37244
2.81131
4.47103
4.87859
4.17478
3.7452
3.86936
4.31485
4.80753
4.36728
4.31489
4.48211
4.29554
3.85559
3.08891
4.24313
4.68068
2.68168
4.55158
4.2136
3.8103
4.3352
2.4787
4.41353
4.55121
2.51307
3.67513
4.70354
4.33031
2.85813
4.99548
3.99328
4.3419
2.56293
4.61441
4.31422
3.0074
3.99167
4.32569
2.69137
1.42949
1.51115
3.69187
3.24065
2.6238
2.89794
4.29111
4.30536
4.38619
3.87451
4.28947
4.121
4.05833
4.92069
2.26609
3.55995
4.93251
4.52116
4.26213
2.86905
4.30513
3.88038
4.32113
4.84703
2.55629
4.55372
4.45895
2.51169
3.46479
4.26442
2.74169
2.91886
4.64327
4.33459
3.91767
4.67371
2.54824
2.94316
2.45719
2.90826
2.51067
2.82424
3.60532
4.31518
4.27471
4.21271
4.55157
4.51719
4.40078
3.89009
4.51767
3.97105
4.91612
4.28096
4.40933
4.21262
2.55162
4.44121
4.35134
2.96311
4.54463
4.9935
4.25852
4.4711
3.82036
4.77143
2.45131
4.52477
4.20371
4.28459
2.93793
4.5337
1.50219
2.9737
3.05976
2.89788
2.94867
4.51568
3.57585
3.84398
2.38034
3.80096
2.55636
3.78567
4.40459
1.4787
2.9576
2.63956
3.08956
2.60835
3.07869
2.49634
3.80955
3.8007
2.42371
3.77333
2.24094
1.57092
4.14
4.41259
4.46956
4.83245
4.01823
4.94473
4.79018
4.92219
4.44537
4.81752
4.04487
4.77402
4.57828
4.87562
4.96858
3.27333
4.10618
3.79204
4.22634
4.40404
2.99893
2.65441
1.42757
2.46873
1.61283
2.55811
3.58592
3.90964
4.55189
2.84669
2.54193
4.1847
4.42101
4.94159
4.90147
4.41618
4.99471
3.96422
4.8917
4.17697
3.6601
4.99216
3.81624
4.68121
4.73786
2.85093
4.61358
4.70282
3.784
3.39884
4.43698
4.49506
2.9147
1.52436
2.56079
1.64739
2.37857
3.94036
3.40593
4.58891
4.23467
2.98738
4.83375
4.36748
3.74814
4.27504
4.40846
4.30447
4.6342
4.36653
3.02038
4.92587
3.81259
4.36219
2.41881
4.9978
3.97045
4.48753
4.68899
4.85699
4.3219
4.34722
2.51706
4.4399
4.45097
2.71921
3.96301
3.6003
3.03221
4.42651
4.77185
2.44547
2.99019
2.57473
1.49943
2.67919
4.4475
2.89735
3.6531
3.89561
2.59141
4.18366
4.54326
4.36267
4.94016
3.75734
4.28011
4.77851
3.69846
3.8117
4.65766
2.94903
4.61471
4.62986
4.65222
3.99635
4.29773
4.58618
3.5532
2.80197
1.50101
2.4274
3.81307
4.60699
4.31447
3.39007
2.99429
4.37645
4.22535
3.79932
4.28037
3.8182
4.93553
4.19233
4.67787
4.84464
4.42636
4.26215
4.30897
4.59605
4.42512
3.88307
4.29667
2.89017
2.50274
4.22893
4.33055
2.56032
4.36776
2.47345
2.92338
4.2563
3.94609
3.53732
4.67772
2.49847
2.8385
4.39647
4.55865
4.45793
3.6185
4.35805
4.05393
4.48682
3.73351
4.24581
4.25254
4.5253
4.30555
4.60401
2.47492
4.29145
3.77306
2.79467
4.42138
4.65124
4.54639
4.34662
4.63507
4.34207
3.75013
2.46544
4.95952
2.92628
4.42195
4.98176
4.68326
3.8213
2.96081
4.00266
2.97899
3.87657
4.56229
4.50483
4.41914
1.54759
2.55515
2.89243
2.62263
2.92583
3.63262
1.51387
1.6602
3.09558
2.51124
3.13416
2.55814
1.55266
4.87116
4.78515
4.94452
4.9222
4.8916
4.82744
4.4165
4.2096
4.4449
4.27289
4.54149
4.26763
4.30986
3.67311
4.59461
4.28973
4.42637
4.54396
4.57571
3.34134
2.34569
2.97083
2.72137
2.86213
2.37448
4.5825
4.23221
4.96145
4.96334
3.49535
4.63118
4.13862
4.87979
3.79126
4.97687
4.50495
2.88027
4.64001
4.02583
4.5369
3.71617
4.34871
4.43507
2.9694
3.37256
4.21681
4.58688
3.11647
2.71255
1.74415
2.46845
4.58963
3.76532
3.99068
4.19375
4.23267
4.27695
4.32342
4.29624
4.56209
4.33033
2.69761
3.99122
4.64311
4.20382
3.7008
2.45563
4.96243
4.5771
3.84641
2.94506
2.53659
4.70741
4.34548
4.39602
4.50398
4.9932
4.46649
2.85678
3.98576
3.91416
1.51532
4.51442
2.76554
2.87421
1.68841
2.40404
3.56873
3.87732
4.37175
2.92244
2.54693
4.68835
1.51161
2.63068
1.53367
4.46274
4.02144
4.23219
4.56817
4.23122
4.15641
4.46064
2.36673
2.83176
4.60628
4.95074
4.33342
3.81939
4.38169
4.7518
4.14171
4.95322
3.80427
4.29811
2.47367
4.19449
4.46818
4.88409
2.63905
2.48184
3.80119
3.54877
4.50752
4.38191
2.89774
3.12881
2.4688
4.36658
3.67666
4.22402
4.12172
4.13123
4.33693
4.36322
3.52985
2.66448
2.25348
4.18457
4.81435
4.41177
4.17236
4.99405
4.54467
4.91974
4.45842
4.54787
4.5901
4.43862
4.96426
4.55468
2.81194
4.14323
4.36889
3.76997
4.89452
2.43773
2.99681
1.43925
4.35774
2.73976
3.94565
3.72496
2.90177
1.5437
2.4706
4.3716
2.82069
3.33695
3.7989
2.41863
4.51698
1.45387
4.40123
4.01013
4.28648
4.51951
4.21942
4.56854
4.96856
4.333
4.04668
4.2854
4.38704
4.25152
2.45376
3.04872
4.4153
4.66028
3.87637
4.42441
4.45637
2.74414
4.34478
2.39252
2.62991
3.90592
4.79585
4.35712
3.61562
2.92542
4.66751
4.39656
3.65633
4.13413
4.88894
4.94528
4.92065
3.73913
4.28311
4.98576
4.95158
4.90285
4.41501
3.78233
3.84766
4.93677
2.80919
2.77042
4.08586
4.77391
4.43253
4.45134
3.30049
4.56002
2.41872
3.72694
3.63784
4.03237
2.50146
3.63454
2.48291
1.62207
4.34734
2.40854
2.93908
3.07579
4.56791
2.47205
2.92982
4.32608
2.55464
3.04706
4.66452
2.42492
2.92523
2.90882
4.29502
2.41104
1.45178
3.69305
3.72076
3.70472
4.2097
3.49821
4.87932
4.40328
4.29318
3.38717
4.96444
4.33528
4.47833
4.58186
4.3903
3.62895
4.27713
3.63691
4.99003
4.3171
4.64334
4.26273
4.62821
4.29247
4.91354
4.97715
4.93862
1.5448
4.47269
3.10126
2.60984
2.8025
2.54535
1.51628
3.59285
3.50572
2.97562
3.9382
4.23932
4.57612
4.98701
3.42938
3.03277
4.21198
3.78569
4.4178
4.82811
3.69978
2.40914
3.51153
4.57302
4.36469
3.8772
4.28623
2.53907
2.82077
4.63288
4.38707
2.55901
3.6381
4.78026
4.41846
2.59937
4.05586
4.51041
3.07937
4.39532
4.7465
2.71783
4.97625
4.37296
4.33064
4.49442
3.86151
4.59897
2.42369
2.95062
2.33424
2.85865
2.31071
2.82411
4.56019
3.54289
4.24668
4.40458
3.4758
4.10946
4.77511
4.49681
2.91257
2.87955
3.51029
3.78969
2.45966
3.72227
4.26449
1.40468
2.3655
3.78933
4.96295
4.32738
4.55496
4.65316
2.84628
3.05123
3.74797
3.86594
4.47121
1.51771
2.67608
3.9861
2.59609
4.05649
4.58239
4.38781
4.60988
4.80382
1.77738
3.86032
2.91384
4.6123
2.91772
4.4017
3.10996
2.56596
4.6959
3.15424
2.61917
3.01564
2.60225
3.02065
2.64777
4.39082
4.02531
1.53495
3.87792
2.59172
3.97749
2.45848
4.44128
3.87884
3.96469
2.69741
1.52925
3.79608
2.45389
4.29187
2.96525
2.77019
2.84661
4.55096
2.36958
4.98474
3.51609
4.4971
4.43174
3.55184
4.60406
4.46741
4.75006
4.38737
3.41379
4.30432
3.66754
4.46232
4.39139
4.2538
4.95113
4.26644
4.66648
4.9448
4.98273
4.91782
3.1859
2.54591
1.76733
2.53718
1.30181
4.54236
3.65669
4.7654
4.62584
3.94862
2.55372
3.76177
4.02883
2.57263
4.30243
3.16914
4.44428
4.92661
4.80797
4.68043
3.8199
3.29906
2.80879
4.24956
4.3676
4.51385
4.39892
2.94248
3.86233
4.25731
1.58588
3.44041
1.4093
2.37506
2.97094
2.52152
2.9936
4.78364
4.31246
3.03652
2.56356
4.32975
3.81822
4.70343
3.8104
2.613
4.9434
4.32138
3.74442
4.1765
1.41903
2.62845
1.66298
2.74124
2.44561
1.54267
1.51608
2.77126
2.34072
2.88602
2.38125
4.40151
3.98477
3.60042
2.88928
4.5312
4.39434
4.14271
2.81712
4.43055
3.53944
4.21063
2.4952
4.44069
2.47195
3.93445
3.49947
4.5587
2.6808
2.93909
4.41038
4.38694
4.52376
2.92289
2.42307
3.6511
4.23133
4.27558
4.19215
3.35968
4.4813
4.25734
4.54628
4.39109
3.64319
4.86747
4.81075
4.82795
4.03265
4.07646
4.89002
4.64952
4.47633
4.94289
2.86684
2.27067
1.8223
3.7208
2.41902
2.37536
3.4396
3.657
4.24739
2.86977
4.20796
4.51844
3.34387
4.62362
4.07263
4.69568
4.58098
4.56814
2.82547
3.81407
4.30908
1.63936
2.59727
2.83682
3.53354
1.59256
2.40199
3.08357
4.57592
4.27502
2.5945
4.99251
2.82695
4.05307
3.85977
4.45313
4.46033
4.04231
2.87294
3.76796
4.36177
4.95465
4.85221
4.41695
3.97397
3.14755
3.86372
4.72584
4.34716
1.43547
2.45063
4.30584
3.95533
2.98662
3.53451
4.6324
4.29752
2.4203
1.47421
2.99893
2.40044
1.43472
2.69023
2.52099
4.23523
2.82386
3.55352
4.48553
4.17423
4.18844
4.2642
3.56125
4.95187
4.30742
4.63824
4.32762
4.53757
4.55873
3.52764
4.5269
2.51866
4.40161
2.50925
4.62417
2.52453
3.947
3.61732
2.99443
4.57419
4.44498
4.56261
2.43868
2.9999
3.71977
4.36772
4.2597
4.27682
4.79556
4.40899
4.2583
2.84598
3.04812
2.66245
2.62039
4.36884
2.97214
3.68885
3.85625
2.88816
2.47675
4.33908
2.885
2.3674
3.39063
3.78644
3.83402
2.46933
4.11985
4.22612
4.93476
4.49007
4.53967
4.61561
2.93037
4.57657
3.81013
4.20115
4.54603
2.88322
3.44362
4.39157
3.96659
4.96918
4.78839
4.64321
2.90219
4.55399
3.75621
2.80125
4.31789
4.56929
3.49756
3.7372
4.28868
4.81452
3.93549
4.44044
4.87314
4.11496
3.01075
4.77955
4.43642
3.66861
4.85745
3.63403
4.55753
4.36322
2.76655
4.97252
3.52019
4.55947
4.99695
4.49873
2.68746
2.88795
4.38055
4.62547
2.53563
3.92799
3.55781
4.1738
4.51036
4.13118
4.91145
2.45406
4.42535
2.2915
2.88309
4.20554
3.73197
3.61901
4.1238
3.68451
4.74991
4.35191
2.40508
4.21973
4.26436
4.52756
4.89631
1.57625
3.05414
2.97942
2.30738
1.45318
3.60359
4.96307
4.25337
4.49869
3.2249
2.76567
3.52055
4.26716
4.85142
2.51342
4.41654
4.52542
4.52729
3.9544
3.81465
4.67194
3.93743
2.72173
3.10026
2.44596
4.32436
2.48172
3.40455
2.78183
3.79605
4.17116
4.40784
4.7138
4.13133
4.77914
3.82823
2.55862
4.34193
4.44091
4.62739
4.26793
2.63264
2.45343
2.83006
2.51234
2.98698
4.67228
4.32282
4.41745
3.47523
4.06872
4.60211
4.37401
1.52467
4.01562
3.01159
4.45645
3.00341
4.37183
3.15465
2.55574
4.75785
3.00276
3.46597
2.50399
4.32017
1.59994
2.33187
3.79402
3.84067
4.59464
2.86669
4.39539
3.25278
4.26701
4.66675
4.85216
2.63986
3.7139
3.77954
4.92898
4.80383
4.14162
4.36818
2.46835
1.64615
2.70925
1.40257
4.73901
4.39259
3.16294
2.45899
4.3605
3.80458
3.8721
2.60153
3.50427
2.35943
4.3504
2.903
4.59254
4.79288
3.91547
2.80166
4.93969
4.55906
3.92163
4.34036
3.55047
2.93628
4.34119
4.55518
4.01328
2.87393
2.93205
4.20985
4.6579
3.46096
4.55686
4.53215
4.23568
3.86679
4.44481
4.84693
4.5177
3.6998
4.84428
2.85347
2.59446
1.59414
4.91823
4.29427
3.29153
4.62702
4.48461
3.85768
2.89935
3.89844
4.97478
4.70211
4.36537
3.9655
4.29623
2.46341
3.6102
1.45916
2.56787
2.97051
3.85628
2.95661
1.56325
3.83503
2.37033
2.53561
4.57314
3.34572
3.82456
4.24961
2.61318
4.54942
4.41822
4.97315
4.40196
2.75468
1.46671
2.96301
4.95517
4.52478
4.2728
4.3764
2.38695
2.82248
4.29331
3.9255
1.48363
2.49479
4.43861
4.64907
2.70677
2.97931
3.93257
4.31519
2.39922
1.568
3.02108
1.39829
2.88421
2.55355
4.39308
4.34222
3.73098
4.1608
4.24611
4.69921
4.529
4.51614
3.47173
4.5398
2.49385
2.54993
2.35787
4.2238
3.60052
2.80924
4.98596
3.39619
4.4291
4.01978
2.4883
4.30755
2.9572
3.73427
4.54296
4.3208
4.316
4.43828
4.98941
4.17491
4.22534
4.83874
3.08623
3.95075
4.35906
2.71739
2.49439
4.34718
2.2828
3.32784
3.85096
4.63681
3.81627
4.67693
4.77726
4.3986
3.0794
3.70576
1.46524
3.03859
1.53619
4.32968
2.82961
2.34932
2.48677
4.57242
4.16885
2.80117
3.35886
3.63277
2.82518
3.71584
2.51758
4.17033
4.2611
4.91556
4.53743
4.45358
2.96234
3.91985
4.66449
4.89874
4.38
3.80023
4.91172
4.47689
3.73772
4.90865
4.89099
3.83132
4.55694
2.7524
3.55525
4.37356
2.42939
4.34224
4.4037
4.62412
2.99574
4.69169
2.48437
3.91551
3.62681
4.39278
2.4862
2.54892
3.77917
2.93853
4.45322
4.31038
3.25807
4.31053
4.67949
4.90666
4.2249
2.45935
4.41678
3.76891
4.29618
1.54259
2.94475
2.38155
3.00218
1.52389
3.53019
3.68285
2.98866
3.71182
4.64735
4.93756
2.5252
4.29633
2.52752
4.33952
3.6186
3.00752
4.36613
3.91338
4.69467
4.00513
2.46811
4.86947
4.13862
4.23531
4.21264
3.71577
3.46113
4.38255
2.39358
3.80076
2.73149
2.43314
4.20157
4.03198
4.90018
4.41787
4.40861
2.4386
2.78226
2.43128
2.30832
2.85481
4.65926
3.53295
4.02261
3.79759
4.47404
2.87959
4.62227
3.5758
4.26279
4.51426
4.39221
1.64287
3.89631
4.98456
2.6632
4.20335
2.9043
4.2622
2.8712
2.48061
4.61956
4.49456
3.03988
3.42111
4.3694
1.41579
2.4123
2.34262
3.77608
2.91884
3.66229
3.55466
4.59835
4.98153
4.99124
4.63325
4.0933
2.90136
2.6685
2.33188
1.64527
4.36776
3.30375
4.5031
3.72696
2.95176
1.50279
4.54642
3.82132
2.51121
3.4846
3.72178
2.44044
4.48112
4.34215
2.80735
4.43774
4.96388
3.91343
2.87666
4.96109
4.68733
3.85984
4.37223
4.57231
3.96552
4.18336
3.68704
1.40026
2.52195
2.34877
3.01633
4.57995
2.81294
1.38121
2.7544
4.44442
4.33956
4.60242
4.95018
2.94765
2.30055
4.31577
3.63781
1.69199
1.32191
2.42982
2.48272
1.55797
1.45095
3.15309
2.94863
2.56027
2.29815
2.46944
2.50942
2.55425
4.28652
3.80044
3.47101
2.92183
4.57091
4.35501
4.20996
2.96531
4.4953
3.79977
4.19557
4.45193
4.51469
4.24161
4.26589
4.92328
3.6227
4.66447
4.51451
3.27063
4.52971
4.28519
4.27544
4.43141
4.07194
4.17395
4.97598
4.99308
2.45487
1.55223
3.86531
2.49277
2.36176
3.53472
4.36043
2.86162
3.88434
3.0418
3.17263
4.00653
4.54118
4.43203
4.69116
3.68379
4.45483
4.74014
4.55687
4.97257
4.53873
3.8431
2.87274
3.72697
4.94503
4.58861
4.29606
4.58705
2.83163
3.53632
4.23962
4.61089
4.60752
3.88206
4.96495
2.69381
3.12625
2.53908
2.33211
4.43513
3.67579
3.73215
1.64874
2.81732
1.53183
2.99458
4.90905
3.1174
2.57579
4.3615
3.01969
2.5297
4.66215
3.72191
3.85026
4.02454
2.78222
4.37702
4.3512
4.96143
4.49448
3.74626
4.26356
4.99911
4.78327
4.67756
4.48933
2.59158
4.11706
3.23182
4.71812
2.78602
3.57736
4.24745
3.90038
4.06459
4.98674
4.87841
3.74343
2.53469
4.521
3.27869
4.14276
2.42569
2.56436
4.21493
3.93494
4.61918
4.16519
2.84172
3.48912
4.60662
4.98049
4.72893
4.40337
2.60614
4.4238
4.46326
4.70856
4.87738
2.42259
3.05249
3.79217
3.68841
4.27665
2.53022
4.29588
4.44224
3.81305
4.90769
1.5108
2.95608
2.84173
1.42447
3.40323
2.66685
4.18629
4.48601
2.5337
4.45032
4.67509
3.50579
2.9957
3.73036
4.52435
4.81351
2.44462
4.28671
4.1223
4.83922
4.95174
4.38598
4.11624
2.41953
3.4105
2.85165
3.68887
4.65266
4.9921
2.50968
4.29836
4.3003
4.31473
3.81132
2.44852
2.47779
2.46547
2.85949
2.95768
3.75485
3.9685
3.01888
4.39493
4.63696
4.37581
4.53129
3.61108
4.22673
4.58998
3.03877
3.90489
3.78916
4.60354
4.82884
4.25729
4.50997
2.94751
4.58677
3.60236
4.20579
4.44801
3.85809
4.63671
4.99061
2.77646
2.6868
1.53452
2.82384
1.3616
2.87719
1.80708
4.62032
4.25308
4.61201
4.9497
2.94591
2.42954
4.39704
3.8499
3.92429
2.67189
3.53589
2.62555
4.65212
4.30548
2.9206
4.68492
3.96376
4.93878
4.98626
3.09314
4.40673
3.55809
4.1451
4.81445
3.95284
3.15231
4.92302
4.27543
4.92313
4.07637
4.50579
2.58654
1.74505
4.70297
3.95377
3.30585
4.98209
4.53848
3.64001
4.33491
4.67083
2.78036
1.4983
2.6145
4.42301
3.97753
4.42175
2.21565
4.67403
2.72877
4.11688
3.507
1.60681
3.90535
2.43895
2.5178
4.72063
3.492
4.43433
3.00151
3.93619
3.23875
3.99244
4.95366
4.37575
4.7677
4.48646
4.96728
2.90741
2.99719
3.74359
4.72188
1.67301
3.99025
4.41495
2.88596
2.53163
4.25226
2.48119
4.65071
3.52473
3.75804
2.78688
3.89038
4.41057
4.16538
3.67657
4.82934
1.52314
2.83614
2.34525
2.44871
4.71094
4.2986
3.64245
3.97425
1.51855
3.01169
4.6094
3.01824
4.51656
2.99099
3.97002
2.5291
4.34248
4.38564
4.72476
4.19528
2.36727
4.35473
2.61826
4.25697
3.77469
4.88224
3.85182
4.42635
2.80798
3.37088
4.30423
2.55917
4.28772
3.78627
4.25842
4.90123
2.48373
3.79157
2.76649
4.59693
3.58901
4.23924
2.58093
4.43343
4.31183
4.5735
3.30984
2.42184
2.35468
3.67177
2.57531
2.89866
4.95577
4.54033
2.47075
2.86617
4.3032
2.93794
4.29377
2.52706
1.57298
3.73222
3.77959
4.37367
3.69198
4.11434
4.99197
4.36662
4.10376
4.35456
3.56967
4.94653
3.36933
4.74441
4.90022
4.36825
4.5806
4.29866
4.98187
2.58274
2.36535
4.34562
3.88555
3.49014
3.92368
2.35776
1.5074
4.32568
3.86211
2.65735
4.17584
2.90065
2.81178
2.74805
4.13611
4.24788
2.30582
4.92324
4.17558
4.26142
4.14613
4.74609
3.381
4.83792
3.51987
4.7701
4.21341
4.90253
4.39931
4.54568
3.55408
4.47312
2.46398
1.48368
4.35459
2.89963
2.46421
1.60435
3.45908
2.96486
2.49715
4.38981
3.12049
3.90435
4.63477
4.27869
4.34302
4.23422
4.91591
4.28401
4.97498
4.67284
2.32108
3.81848
2.68286
4.38486
2.26116
2.32982
3.26694
4.33748
4.06573
4.49378
4.35141
2.46719
2.69335
4.85502
3.73937
4.12175
4.2316
4.29787
4.53092
4.22376
2.41105
2.88585
4.91061
3.74953
4.37766
2.26876
1.36453
2.67521
1.49346
3.35796
2.63358
2.30745
4.39005
4.55311
2.64859
4.3461
3.85034
2.9327
4.75875
4.58393
2.39394
2.59898
3.73602
3.98542
4.21301
2.4765
4.33305
2.87855
3.7126
4.70362
4.87788
4.47497
2.73012
4.01447
3.66604
4.01975
2.68526
4.02422
2.70922
1.63855
4.55677
2.65451
2.99806
3.02214
4.68869
2.65248
2.79308
4.33973
4.95675
4.30538
4.96542
4.39133
4.33578
4.96711
3.32809
4.93484
4.37086
3.8546
4.48379
4.65923
1.47396
4.43921
2.92444
2.58918
3.02613
2.49458
1.59746
3.57487
3.7391
3.12503
3.9853
4.53266
4.52535
4.82958
4.18465
4.58604
4.89161
4.25442
3.72146
2.36696
4.18889
4.13297
2.56318
3.26462
4.47261
4.32684
2.45262
3.69935
4.21842
2.74712
4.88993
4.63623
2.49563
2.9048
2.56355
2.86388
2.53053
2.91872
4.67715
3.68746
4.40172
4.67447
4.97999
4.43908
4.31527
3.84646
4.81006
4.46948
2.91692
4.35924
2.41727
4.74275
4.52596
1.41417
2.8371
2.77808
4.40232
2.962
2.71864
3.49343
3.86926
4.35797
1.55355
2.36527
3.7566
2.41299
3.75679
2.99629
2.487
2.90965
2.62241
3.02718
2.6117
4.44917
3.92201
1.69724
3.88659
2.44222
3.71997
2.53407
4.91549
4.3167
4.25636
4.73999
4.81612
4.9061
4.75149
3.36115
4.36404
3.68232
4.36825
4.35141
2.88489
2.52628
1.4601
2.55996
1.50607
4.4768
3.70769
4.64313
4.61037
4.52728
4.33221
4.61173
4.98588
2.75193
2.51578
4.26462
3.90032
4.51473
4.27429
3.7716
2.86718
3.86977
4.59604
4.49825
2.98117
3.68544
4.36175
1.58018
3.62382
1.48525
2.50168
2.89554
2.50213
2.86179
1.46557
2.50461
1.60565
2.51396
2.66827
1.7028
1.55529
2.99439
2.57214
2.80457
2.41699
4.82052
4.77037
4.33553
4.27434
4.15974
4.10122
4.18306
4.25989
3.66022
4.47255
4.60846
4.34963
4.50039
3.47859
4.40818
4.50125
2.93459
2.60231
1.5839
3.923
2.66961
2.527
3.52358
3.825
4.12662
2.82915
3.67613
4.96124
4.18371
4.51819
3.73584
2.78144
4.47679
4.64326
4.73667
3.94518
2.97035
3.41895
4.33488
4.43916
1.58382
2.49436
4.52802
3.98136
3.14572
3.69864
4.51383
4.3773
4.17595
4.2392
4.56636
4.35614
2.31774
2.9507
4.98831
3.7959
4.40402
4.20112
4.17144
4.91548
2.5865
4.10254
2.47096
4.6485
2.37726
3.76057
3.47334
2.81844
4.22098
3.06345
3.0575
2.60079
2.61112
4.4126
3.0432
3.36468
3.84629
3.71495
4.41903
4.95409
4.94131
3.78294
4.5301
4.40597
4.67638
3.08511
4.42937
3.9373
2.95797
4.30384
4.60065
3.47046
4.08373
3.1782
4.72935
4.41917
3.65136
4.1382
3.8147
4.1183
4.40175
4.97056
4.16313
2.30365
4.19418
4.38264
4.7629
2.54041
4.54224
2.42407
2.76933
4.21747
3.80621
3.27256
1.38472
2.88678
2.90746
2.6837
1.4596
3.43433
4.51243
4.99928
3.88227
4.23531
4.75865
4.98381
4.44555
2.31838
4.2126
4.35694
2.40102
4.34418
2.49379
3.55018
2.76904
3.82355
4.28243
4.56002
2.42046
2.46505
2.91917
2.19507
2.80902
4.85237
3.84273
4.85876
4.18322
2.75574
3.79227
4.57343
4.64322
3.53424
4.48226
2.87812
4.52966
3.36205
4.16016
4.74453
2.39858
1.39602
2.19296
1.421
3.84274
4.11357
4.99874
4.88429
4.68785
4.32518
3.57709
3.46478
2.74052
2.81281
4.08545
4.86626
3.2223
4.69952
4.35632
4.56092
2.90555
2.4594
1.46222
4.49721
4.74106
4.37998
4.9983
4.98374
2.80242
4.48063
4.03993
2.29073
4.85846
4.32742
3.87223
2.7815
1.40225
4.63113
3.05648
3.66433
2.96029
1.61101
3.85499
2.46025
2.42908
4.56781
3.60428
3.84181
4.41993
3.07392
1.5023
2.35625
4.42157
4.31501
2.54496
4.30895
2.81024
3.86213
4.36817
4.96703
3.96317
4.24498
4.06082
2.31247
2.28577
2.47495
4.29647
3.74461
2.70542
3.37268
4.52898
4.32363
2.72668
4.77047
3.16047
4.01804
2.65856
4.58038
4.42191
4.53465
4.52673
4.25448
2.84581
3.69691
4.0479
1.47556
2.96544
1.60655
4.54448
3.10409
2.49684
2.57218
4.65572
4.48377
3.04732
3.71649
4.08181
4.40666
4.51026
4.83798
4.15017
3.58587
4.96111
4.07804
2.30101
4.39485
4.00199
2.46962
2.4703
4.88538
3.70214
2.73344
4.61949
4.23154
3.63404
3.58738
2.43663
3.27835
2.4094
2.81462
4.71689
2.84164
4.26105
4.38782
2.31814
2.7132
4.10497
2.41723
2.34967
1.55997
3.71994
4.32151
3.73699
3.76267
4.26352
3.47917
4.9638
4.87171
4.08642
3.67147
4.67508
4.4645
4.25037
2.51425
4.95552
4.47353
3.84996
3.47391
1.49796
4.42875
3.76082
2.52265
3.88909
2.36163
2.54821
4.5203
3.01716
2.87704
4.46481
2.93708
4.66907
2.42128
3.64358
4.36157
3.57542
4.81015
4.61507
4.36728
4.11865
2.50985
1.45326
4.19953
1.53147
3.54096
2.7758
2.42299
2.8261
2.23378
3.41947
4.30589
2.9752
4.44716
3.78667
4.20533
2.52929
2.56551
3.632
4.09664
4.33833
4.63153
4.12048
3.00698
4.87296
2.48782
3.85055
4.47091
2.40707
3.74199
3.35663
3.73307
2.44248
3.72195
2.4403
1.39468
4.27394
4.23512
2.55965
2.87558
4.64286
2.60581
2.93945
2.89336
4.32606
4.99296
3.59988
4.94897
4.09556
3.38076
4.7214
4.22506
4.38363
1.58286
4.33959
3.07265
2.62417
2.95035
2.63242
1.57671
3.55226
4.3303
3.57457
3.10496
4.50805
3.98505
4.61247
2.62301
4.40696
4.2933
2.26917
3.4668
4.55321
4.21679
3.99803
4.21144
2.53991
2.84277
4.57447
2.55538
3.04786
2.47276
2.95785
2.50753
2.7849
4.46887
4.59027
3.61895
4.3607
4.60461
4.77774
1.5535
2.93127
2.93773
2.79975
2.98666
3.57057
3.75759
2.61846
3.82373
4.45463
1.58654
2.57294
4.01406
2.842
2.53772
2.98987
2.40365
2.86717
2.75315
4.15636
4.3117
3.63724
3.79821
2.31469
1.35092
3.58566
2.31078
4.95387
4.78373
3.45394
4.02924
4.97855
3.50363
4.35146
4.40322
3.05363
2.4746
1.49878
2.50996
1.4501
2.79823
3.90931
2.49362
3.39036
3.89812
2.44142
4.25216
2.76454
4.56196
4.39932
3.93968
3.07366
4.72864
4.52014
3.72836
3.69573
3.05288
4.43199
4.77391
1.58454
2.67167
1.66014
2.67856
4.5024
3.97312
3.6246
3.04077
4.57225
4.35233
4.4274
4.42416
4.97161
2.47207
4.21543
2.29093
4.0013
3.34856
4.56047
2.5644
2.87761
4.32304
2.93881
2.49836
1.53014
4.30906
4.63192
3.5279
4.45423
4.56427
4.70136
3.75968
2.91088
3.78248
2.91068
3.75353
4.33814
1.42831
2.57422
2.86743
3.61947
1.53867
2.55866
2.96967
1.5789
2.54162
2.36862
2.57682
1.46932
2.87129
2.6156
1.55813
2.86655
2.45271
4.23164
4.29768
4.27319
4.29876
3.30482
4.43579
4.42093
4.274
4.50919
4.20456
4.73723
4.42507
3.63035
4.6327
2.97578
3.76466
2.96749
2.50779
4.34592
3.03324
2.55816
3.45854
3.84598
4.54996
4.3539
3.9372
4.64289
2.83857
4.52729
3.7036
4.45865
4.48326
2.97296
3.48765
4.20464
3.82978
4.5715
4.51734
3.04747
3.48917
4.10349
2.37253
4.1889
4.25382
4.84847
2.47266
2.85952
4.24608
4.65976
2.45329
3.87351
3.55672
2.5593
1.4172
1.44586
3.6634
2.90677
3.01683
2.57631
2.49938
2.55082
4.33694
4.37235
2.5113
3.49239
4.37688
2.95239
4.50312
3.8335
4.32149
1.54648
3.10459
2.79735
3.1299
1.7117
3.80262
2.44818
4.40469
2.54448
4.40683
2.39077
4.20248
3.51108
2.89128
4.41099
3.82668
4.59656
2.34503
2.97064
2.43659
2.40974
2.883
2.82602
3.73652
3.72814
4.42473
2.62026
4.84317
4.33339
4.46025
3.36313
4.0599
4.70922
4.98999
3.18456
2.57331
2.70896
1.73052
2.90363
1.4784
3.9872
3.15587
1.75779
4.49124
2.86587
3.93842
2.59765
3.46056
4.03053
2.6484
4.58864
4.52321
2.96419
1.61772
1.51295
2.63257
4.4698
4.42474
2.48126
2.35122
2.37394
4.96195
4.33245
3.98378
3.57831
2.76902
4.64335
4.19119
2.46053
1.48419
4.59676
3.87483
3.83635
2.91449
2.78374
4.36483
4.431
4.64952
3.40689
4.66486
4.42127
3.05875
3.08587
3.91259
1.49549
2.79437
1.36525
3.83075
4.61978
2.98431
2.64302
4.39136
2.97332
2.35928
4.5843
3.60762
3.79822
4.46197
2.66843
4.43749
2.67749
2.65302
4.41786
4.07172
4.63449
4.53073
3.03837
3.53287
3.45375
3.60192
4.98796
2.52947
3.40918
4.90062
2.3772
4.87628
2.60238
1.45259
3.78937
4.32887
3.83388
4.25174
3.88051
4.36692
4.95264
3.64427
2.6641
4.67388
3.32907
2.40395
4.25058
2.91351
4.92516
2.67328
4.28082
2.9786
4.15767
4.60714
2.45697
3.35304
2.30419
4.20595
3.58117
2.46948
2.96452
4.95815
4.63191
2.49873
2.74778
4.27623
2.91449
4.23511
2.47533
4.28676
4.95107
4.18247
3.91925
3.59182
3.88331
2.47832
1.44859
4.26639
3.86957
2.38399
4.33429
4.49462
2.59645
4.30691
2.50449
1.70475
4.44742
3.11934
2.55028
1.54768
3.61974
3.06255
2.64252
3.35315
2.28583
3.39005
2.54059
2.76841
4.82513
2.81786
4.2044
4.53512
2.4083
2.91745
4.31712
2.53114
4.88528
4.29525
3.84377
3.50576
1.44932
4.27403
3.97009
2.51172
3.95452
2.64247
4.08917
2.4151
1.42606
4.25182
1.49827
3.40907
2.94215
2.41138
2.91929
2.62337
2.2873
3.73993
3.48613
3.87337
2.47502
3.84258
2.37701
1.34148
4.32134
1.5627
4.17048
2.98284
2.34181
2.83569
2.3954
1.40353
3.53012
4.62078
2.54796
2.97894
2.59336
2.90243
2.57985
3.07681
2.97933
2.46025
3.05012
2.41995
2.94627
2.50372
2.98207
2.6554
1.64342
2.73806
1.68398
1.53949
2.39212
1.51809
2.44487
2.97708
2.61245
1.58453
1.57929
2.5799
3.09894
