2.6701
2.4502
2.49275
2.32313
3.91149
3.83263
2.48014
2.45238
1.53502
1.59829
2.54896
2.59349
2.42545
3.90118
2.47843
1.50016
2.4899
2.36184
2.99632
2.62219
1.49574
3.89038
2.88386
3.80652
2.83696
3.72822
2.77412
2.92186
3.87042
3.52096
4.30947
4.33964
4.35999
4.34402
3.4436
4.41998
4.20789
4.3336
4.72674
4.49176
4.23847
4.56869
4.9991
4.33692
3.89505
4.42412
3.03518
2.994
3.64707
4.28401
4.39224
3.50582
4.75126
4.14775
4.20911
4.50799
4.32428
4.27286
4.29349
4.46223
4.58768
4.25506
3.80257
4.98102
4.82781
2.85991
3.71035
2.94429
2.89562
2.92628
3.49578
4.34241
3.56765
4.50231
4.40133
4.21663
4.63705
4.09056
4.20071
4.61395
4.29967
4.2691
4.53363
4.1987
3.67879
4.44244
4.97236
4.93378
4.83416
4.82246
3.73846
4.86962
4.94199
4.91948
4.60124
4.53253
2.69709
1.60139
1.3852
2.55508
3.57511
3.6938
2.94709
2.32228
3.30711
4.3011
4.46176
4.93997
2.53808
3.70303
2.33341
2.8489
4.28358
4.07113
2.36871
4.29444
4.09454
4.05466
4.05543
4.74892
4.52823
3.65102
3.60162
2.81514
4.72651
3.95982
4.38823
4.86282
2.48202
4.6647
4.78126
4.66888
1.56333
3.54824
1.55992
3.03845
2.60335
3.05383
3.00936
3.97808
2.66039
4.43003
2.98717
2.56119
3.92258
4.32479
3.7863
3.49113
2.55771
4.43126
4.51627
4.42281
4.62309
2.95652
4.56458
3.86149
4.38537
4.68003
4.33535
2.34251
4.79963
4.20181
4.11368
4.55387
3.74329
3.64787
4.83865
2.98989
4.97751
4.86288
4.96965
4.23419
3.73098
4.02139
4.79521
4.18708
4.25585
4.34884
4.33068
4.29078
4.53692
2.98343
4.69629
4.05469
4.32136
4.71644
2.62021
4.95833
4.9071
4.88534
4.62215
3.9945
2.52375
2.3786
3.90376
3.54214
4.3205
2.89836
1.47491
2.47364
2.57243
4.17784
3.89694
3.4682
2.80037
4.29257
4.81192
3.91292
4.47763
3.74394
1.53312
4.62633
2.90838
4.38908
4.56701
2.46531
3.85968
3.37712
4.68867
2.45374
4.34378
4.97268
4.31428
3.95089
2.89821
2.51842
3.94471
4.19758
4.98196
4.31402
2.97698
3.80951
4.59617
4.3978
3.54608
4.4634
4.21751
4.77894
3.39065
4.46594
4.91918
4.9999
4.9206
4.52458
4.43153
4.42712
4.2223
4.8737
1.47143
2.9318
4.5452
2.87209
2.49223
3.90275
3.51629
4.52103
4.62657
2.60203
4.64515
3.0325
4.30017
2.33235
4.77948
3.8971
4.29406
4.60402
4.28072
1.41454
2.87855
4.52655
2.97145
3.89143
2.37291
4.85866
4.27443
4.19891
3.97277
4.35528
4.4736
4.27138
4.14636
4.99302
2.91747
4.45429
4.55187
4.35576
2.58923
4.09795
4.78697
4.44376
3.69968
3.05873
3.01901
3.33418
4.45442
4.90727
1.51733
2.36238
1.42241
2.46945
4.1627
4.54818
4.34045
3.80401
3.09656
4.63523
2.55159
3.66714
3.65299
4.21739
3.34805
4.82166
4.40781
4.81559
4.30213
3.63804
2.9294
2.53132
4.5312
2.51253
3.53869
2.94219
4.43313
4.502
4.04518
4.59088
2.40878
2.8976
4.33675
4.26254
2.79493
4.36886
3.90701
4.59197
4.30117
4.85718
4.47111
1.52313
4.46785
4.59722
2.76767
2.43414
3.01835
4.3146
3.67636
4.58284
2.60717
3.88647
4.79642
4.12039
3.94866
2.76493
2.26942
4.36128
4.99497
4.02958
3.72472
4.64383
4.93232
3.81043
4.85692
4.03937
4.72512
4.21677
4.98981
3.76766
4.63959
2.454
4.43188
4.4581
4.30605
3.78154
4.37722
3.12166
4.99175
3.6222
4.87403
4.0519
4.50126
1.74443
2.96417
2.46793
2.53043
1.41515
2.74733
4.19539
3.52883
4.15203
3.83485
4.193
2.80426
3.44499
4.07251
4.94285
3.64357
1.50549
3.02991
2.83981
4.94688
4.30993
2.43955
3.0515
4.23679
4.79119
2.44328
3.77794
4.65819
4.38236
2.70291
3.15246
3.85394
4.25246
4.77373
4.43778
4.34667
4.57553
4.49983
2.98965
2.48413
4.43587
2.45743
4.25464
3.80266
3.51259
2.54324
4.30123
2.9281
4.27889
3.7596
4.92295
4.24503
4.48813
2.92636
4.55572
4.04476
2.50707
4.31873
4.21825
4.60338
4.38216
4.35621
3.89379
2.8188
3.74455
3.79822
4.4302
4.28206
3.56548
4.25506
4.64558
4.46217
3.63072
4.97038
4.70612
4.75206
4.85597
3.66826
3.78604
4.62499
4.6019
4.28643
4.19156
4.9302
4.51638
4.22945
4.23891
3.03054
3.89131
4.4969
4.43548
2.5148
3.04661
3.09429
2.56277
4.34109
4.77515
4.42468
4.65759
2.55435
2.69355
3.61701
4.5686
2.96958
2.46878
4.56857
4.48399
2.85022
3.14859
3.4964
3.91775
1.78832
2.66703
4.45783
4.97006
4.31207
4.75545
3.70875
4.86738
4.33107
2.95547
4.0551
2.91187
4.46016
4.25796
2.72062
1.4828
3.70933
2.33409
4.2621
4.68383
4.58649
4.99796
2.38314
3.23275
2.48977
4.47675
4.27211
4.98058
1.28788
4.23972
3.70419
4.18133
3.58986
4.25316
3.65499
4.69484
4.2504
2.81758
2.6991
2.32121
4.368
4.37169
4.4505
4.71368
2.94578
4.25931
4.73779
4.9874
4.26741
4.49405
3.53839
3.94058
3.97506
4.66756
4.50034
4.12399
4.26039
4.87245
3.6675
3.73963
4.47666
4.21022
3.60739
2.43346
4.36954
4.97766
4.89194
2.93687
4.55954
4.61286
4.25792
2.82951
1.61812
2.46982
4.94163
4.58225
4.44994
3.93307
3.79961
4.27778
4.28238
2.36902
4.19785
4.24945
4.97269
4.65332
4.47351
4.97322
3.01028
4.41042
4.8437
2.80146
4.53784
3.15019
4.91675
4.59249
3.86668
1.43567
2.85105
2.45652
4.38417
4.64341
4.2799
3.09102
4.33474
4.24419
2.59884
4.50513
3.71062
4.54973
3.80114
4.28416
3.43374
2.57889
2.94134
1.45614
3.33197
3.83957
2.67874
2.36953
4.33867
4.63512
4.29307
4.97859
2.75443
4.48761
4.18864
4.21934
3.51449
2.40819
4.08116
4.1652
3.76396
4.58024
3.87541
4.31154
3.49803
2.58604
2.37412
4.60078
1.43417
3.01392
4.36476
2.91656
3.95084
2.53339
3.81567
4.33069
3.7264
4.25776
3.5343
4.90902
4.84718
4.41383
4.33638
4.28041
4.52675
3.06826
4.61631
4.40421
2.4189
1.50654
2.84967
4.4444
2.58609
2.46716
4.95627
3.84759
4.30663
3.39405
4.61231
4.35271
2.80431
2.92413
1.48231
1.49899
4.39045
4.5294
2.48484
4.60298
4.94881
4.26082
4.45773
3.57152
2.47002
3.13752
3.84484
4.2814
4.13799
4.59294
2.79408
2.59899
3.9706
2.89095
2.96648
4.01928
4.26507
3.63076
4.36969
4.92349
3.39232
4.46049
4.90682
4.96914
3.82974
4.73481
4.65953
4.4832
4.18092
4.94823
4.56175
1.43478
2.93497
2.44807
2.47615
3.49081
3.99864
2.73495
2.52269
2.88582
4.50941
4.30353
4.1351
4.87433
4.1657
3.72721
4.52458
4.65214
3.73097
4.42541
2.35836
4.29441
4.99787
4.35964
3.85759
4.34783
4.37051
4.54579
3.68969
4.63535
3.8811
4.43783
4.36546
4.92539
4.18129
4.93516
3.81472
4.31181
4.36367
1.54404
3.83225
4.999
4.36659
3.43879
4.70402
4.33193
3.02855
2.52336
2.2946
4.21943
2.80748
3.87808
2.86602
3.73798
2.72745
4.45936
3.70408
4.18443
3.4846
4.8407
4.27567
4.96814
4.52841
3.6952
4.79939
4.60859
1.83191
2.73431
4.34717
4.40642
2.50497
3.50583
2.98344
4.44629
3.89135
4.38412
4.60226
2.56024
3.90093
4.64134
4.05186
3.93853
4.37396
4.89818
4.29389
4.60675
2.82192
1.42737
2.39502
2.54473
4.44462
4.33313
3.16614
2.82141
4.25865
4.53279
4.88026
2.22766
4.20705
4.41433
4.10906
3.65188
2.77499
4.42083
3.82872
3.65
4.10248
4.98889
4.23356
4.39389
4.59688
2.92927
2.71803
2.51007
4.48361
4.41041
3.9503
4.30363
4.1877
4.66904
4.50443
4.1891
4.5543
2.4769
3.91833
3.02605
2.90882
4.39494
3.86926
2.55094
2.96237
2.82481
4.38782
3.93384
2.45341
2.45106
2.46357
2.40695
4.88937
3.39074
4.31192
4.34232
4.56569
4.61884
2.83271
4.29551
3.72182
4.68384
4.55942
2.95653
3.67342
4.26915
4.51531
4.97318
4.13033
3.88576
4.39727
4.22874
3.60878
2.67732
4.62804
4.67063
2.9682
3.72739
4.91776
4.47111
2.79978
4.46116
3.42974
4.61306
4.24121
3.83309
4.33321
4.91341
4.20099
4.39259
3.66604
4.88231
3.4983
4.88002
2.48074
2.53454
4.33189
2.93561
2.93191
4.64199
4.61022
4.28004
3.42062
4.70542
3.84314
4.29967
3.69095
4.51311
4.26591
4.19013
4.20278
4.88446
4.24149
4.93956
3.72157
4.22481
4.24366
4.16956
3.75642
4.99346
4.37324
4.25074
4.65124
1.73639
1.4834
2.78219
4.50209
3.0283
2.52814
3.94891
3.7811
2.67027
3.22139
2.48295
4.44963
2.37943
4.22155
2.29379
4.33755
4.28072
3.70484
4.7265
4.80719
2.71847
4.89071
4.28137
3.69464
4.43697
4.30426
3.26247
2.71724
4.26048
4.26321
4.58774
3.67466
2.41403
4.04594
2.44841
4.45081
3.02564
2.86541
3.80633
4.15107
4.58337
3.69836
4.444
4.6746
4.59695
3.94904
4.60462
4.33764
4.27802
4.07355
4.37027
3.76719
4.87183
2.49364
2.4194
3.46579
4.32738
2.61366
4.51835
3.04247
4.57139
3.95985
4.3532
3.62236
4.61448
2.69769
4.50253
4.71773
4.43052
3.92417
2.28587
4.15078
4.32402
4.26691
4.91724
3.6402
4.98031
4.16366
4.96097
3.83182
4.98864
4.30418
4.44526
4.6927
2.68631
3.5327
4.52369
2.28447
2.7438
4.26616
4.25845
1.72202
2.77106
2.98052
3.96261
3.85843
3.92957
3.57979
4.46434
2.94194
4.3283
4.79712
3.55856
4.35953
4.92548
4.53753
4.53861
3.52652
4.71614
3.04112
3.13107
2.8645
2.50886
4.52016
3.81785
3.22608
3.6804
4.70346
4.53157
2.55073
4.44335
2.90146
4.77579
4.42181
3.96205
4.88602
4.01859
4.38503
4.45265
2.76034
1.4116
4.73943
1.30295
2.31051
4.13709
4.88891
4.25731
2.74633
3.30008
2.24436
3.94894
3.72432
4.1773
4.42244
3.74433
2.78183
2.29353
2.77571
4.52109
4.42918
3.74549
4.15111
4.74481
4.11549
4.83778
4.57983
4.40713
2.33042
4.33674
3.71578
4.82844
4.16054
4.0781
4.09248
2.85471
4.95092
4.59536
4.2475
4.51143
2.38798
4.3198
3.86634
4.27617
2.97613
3.70862
2.87905
4.6207
2.97901
3.8923
1.53769
4.66553
2.50899
4.20349
4.32773
4.30189
4.28312
4.00281
2.78278
4.51885
2.34975
3.81166
3.35491
4.55618
3.58531
2.42444
1.5264
2.72604
1.39478
2.39976
2.46432
2.46962
3.68007
3.02427
4.31891
3.50597
4.41703
4.56373
4.26792
4.30555
4.47959
4.93648
3.67428
2.76848
4.53124
2.97489
2.45986
4.31496
4.18586
3.77492
4.3999
4.80655
4.52555
4.30954
3.87179
2.78277
2.9428
4.66036
3.85729
4.32227
4.37623
3.36
4.48308
4.61204
3.31978
4.90984
4.96764
2.87259
4.55561
4.50685
4.1394
4.25479
4.9627
3.65393
3.80888
4.59787
4.3588
4.26255
4.85146
4.79983
4.20286
4.40562
4.1629
3.7509
4.28378
2.48511
2.78961
2.42619
1.40659
2.91772
4.45752
3.77317
2.77594
3.72898
3.77831
3.00893
4.24222
4.98214
4.92918
3.59101
4.18724
4.9234
4.99612
4.7347
4.60419
4.39877
3.50342
3.7639
2.70581
1.58793
4.72384
2.34084
4.14551
2.5112
3.81598
4.92751
4.28449
3.61751
4.55224
4.12475
2.45755
4.23878
2.84612
3.86249
4.67255
4.4372
3.87182
4.52943
4.27568
4.23823
4.22765
1.6609
2.98861
4.43867
2.53382
4.42173
4.43945
4.8002
3.88451
2.34972
3.82194
4.63636
3.71217
4.37024
4.48535
2.52903
3.01982
4.73003
4.95799
4.72208
4.37674
4.16664
1.46388
2.974
4.60882
3.01718
2.61497
4.34713
4.31122
4.94144
4.56777
4.41118
3.90676
4.02229
4.6339
4.3493
4.31879
3.06682
2.56658
2.966
4.40937
2.39393
4.2799
4.32226
4.6579
2.91563
4.25198
4.59597
4.95874
3.39246
2.80119
4.13372
2.80545
2.8151
2.39898
4.53658
4.39905
4.43333
3.4544
1.40196
2.38348
3.77575
4.89645
4.44252
2.44466
3.44259
4.20645
4.24767
4.27038
3.84456
3.70525
4.60401
4.34985
2.59567
3.61836
3.06961
2.59952
4.71165
3.1788
4.444
2.97265
4.53266
4.6091
3.73312
2.49003
1.46789
4.30764
4.53987
4.92727
4.90487
4.91489
4.2723
4.12613
3.79553
3.76195
4.30802
4.53996
2.41667
3.66194
4.56713
4.5826
1.56989
4.3101
3.96725
3.84853
4.38408
3.8176
4.93522
2.96665
2.45104
2.95831
3.60922
4.79372
2.38063
4.88808
4.48663
4.10145
4.25854
4.99698
2.75444
4.37445
4.64156
4.03923
4.89417
1.49195
2.54847
3.41565
2.86618
2.53874
2.91783
3.80714
4.56931
1.52055
2.89608
1.48454
4.58951
2.58499
2.51903
4.41778
2.47283
4.29047
3.70135
2.86957
4.20493
4.62631
4.68651
3.72248
4.38283
3.8497
4.59976
3.83249
4.43636
4.78175
4.33317
4.86621
3.46782
4.84605
4.44539
3.56675
4.57003
4.95205
2.94882
3.89923
4.55426
4.2028
4.45183
4.99652
2.89062
3.64479
4.51552
1.49635
2.53147
4.69971
4.97651
4.44857
4.36534
3.83466
4.17287
4.08453
3.37424
2.96783
2.58518
4.55995
2.89763
3.65506
2.24863
4.36475
4.64499
2.88646
4.49741
2.46438
4.25042
4.1709
4.96045
3.83932
4.31163
4.17255
4.75855
4.03908
4.35692
4.72305
2.77268
3.9011
4.56935
4.26178
4.26651
1.6515
2.8526
3.4931
2.98364
2.50243
4.32376
3.48285
4.21207
2.34246
2.46076
2.42229
4.38733
2.98049
2.95131
4.00435
3.80171
4.59586
4.47572
4.70409
3.42075
4.46536
4.46378
4.39042
4.88794
4.30848
4.92487
4.36156
2.57867
4.66502
2.97439
3.69021
4.57662
4.25475
4.60674
4.40655
4.50728
2.96227
3.51042
4.66618
3.87315
2.53727
4.30351
4.88586
4.41145
3.98938
2.36956
4.09055
4.35676
3.55645
2.38891
4.61075
2.8767
4.36451
4.70146
3.844
4.28006
4.26171
4.57117
4.31407
3.46017
2.87072
4.22252
4.78459
3.58532
4.0462
4.28699
4.20862
4.84109
3.72491
4.95156
4.91039
4.88506
4.39588
4.99152
4.93401
3.81845
4.33148
4.16067
4.25898
4.45793
2.38539
4.59559
3.50206
2.95912
4.56557
4.59148
2.85998
1.4144
2.80898
3.83589
2.4386
2.52757
2.55313
4.24517
4.25747
4.48828
4.35604
2.73788
3.31885
2.87511
4.25297
4.34155
4.85411
3.69954
1.44126
2.54017
4.19866
4.32307
4.54659
4.98285
4.30138
4.30599
3.88644
2.52203
2.85948
3.54102
4.60863
2.40425
1.51796
3.76741
4.52287
2.89309
2.52681
4.22871
4.21644
4.309
3.94255
4.26664
3.82956
4.61235
2.85341
3.86166
4.30709
4.3938
3.42265
4.56981
3.48668
4.95253
4.79313
2.7675
3.83594
4.41574
4.60769
4.30032
4.2059
4.84551
3.86038
3.74281
4.40832
4.39063
4.40538
4.52509
4.52911
4.23226
4.16732
3.7627
2.33706
1.50129
2.94418
4.4093
4.38004
4.45496
1.40905
2.80349
1.66838
2.39371
4.28148
2.50496
4.23692
2.5573
3.65152
4.1642
3.82216
3.58147
4.45208
4.55118
4.28522
2.90583
4.75824
4.98519
3.94491
2.93041
4.34359
4.99378
4.28304
4.79566
4.88212
3.43449
4.90402
4.63075
4.58195
3.4962
3.76185
3.95519
4.51972
4.26402
4.31875
2.94113
1.43116
4.47945
2.45639
4.343
4.0461
3.86925
4.19028
4.41628
2.53287
3.75749
4.63385
2.56907
2.96945
4.67796
2.88582
2.93731
3.10957
2.61405
4.53182
4.39985
4.38549
4.42333
3.86623
2.94559
4.48675
4.55741
3.76253
4.32762
4.36768
4.05728
4.65285
4.4162
4.3417
1.68217
2.49358
2.46631
4.30379
4.29876
4.24029
2.57435
4.30528
3.85687
2.99436
3.83724
4.86392
3.48108
4.53717
4.7387
4.37737
3.55331
4.74102
2.57867
1.75288
2.84054
3.82255
4.29409
4.45527
2.56606
2.95744
4.32077
3.8555
3.93959
4.34666
1.44354
2.85658
2.43492
4.59059
3.54122
2.83007
2.43466
4.13088
4.91489
4.40695
2.51715
4.33866
2.88488
3.82935
4.50647
4.53684
4.5448
4.97848
4.33038
4.34282
2.34925
4.3643
4.93536
2.55008
3.92074
4.95401
4.32852
4.55224
3.73187
4.50376
4.41554
3.52713
2.87261
4.27077
4.38414
4.94864
4.59283
3.35251
4.26077
4.11858
4.84716
4.53439
2.81981
4.24974
4.39066
4.42524
4.86531
3.57566
2.4519
4.28864
4.93207
4.38205
3.7822
1.59664
1.39222
4.60821
3.89376
2.77355
1.57864
2.76077
2.38439
4.28159
4.16478
2.52297
2.31166
4.39098
3.6367
4.70561
4.14926
4.95461
4.51421
2.83496
4.97936
3.50172
2.81416
4.75916
3.17238
4.60604
2.78941
4.39693
4.38888
4.04943
4.49877
4.43121
2.56617
2.31885
3.95056
4.69252
3.50909
3.01879
3.59008
4.52869
3.75795
4.45433
2.95901
4.59858
2.36795
4.35654
4.22726
4.29653
4.22077
4.93704
3.84173
4.69919
3.85042
3.89374
3.68693
3.12486
4.16862
4.53613
4.75035
4.99441
4.86308
3.35896
4.42336
4.72036
4.67658
3.52222
4.33119
3.85485
4.18191
4.34504
4.81328
4.95317
4.85131
2.76423
4.57039
4.22407
4.34295
4.95405
4.83387
2.92419
4.60418
4.52625
4.07743
4.34171
2.57884
4.20841
4.15674
3.32417
4.29926
2.45455
2.55786
2.58574
2.98022
4.64004
3.90497
3.92042
3.03285
4.41153
4.24066
4.67258
4.37917
4.71718
3.6283
4.48667
4.26248
4.01244
2.56967
3.63906
2.96732
4.44556
3.80459
4.60659
4.37236
4.66242
3.80718
2.86159
4.92073
4.56413
3.53509
4.28477
4.59014
4.34202
4.45841
4.38027
3.87535
4.22531
4.07502
2.46783
2.45518
3.52808
2.83023
4.5749
4.59973
4.88068
4.23982
3.59318
4.83712
4.59777
4.92428
3.82591
4.68429
2.89898
3.48028
4.44502
4.75899
4.27825
4.31951
4.4214
3.9106
4.95741
4.95403
2.38655
4.28364
4.2357
4.88039
3.81296
4.91896
4.26655
4.45436
4.59795
3.51423
2.54903
2.49367
2.90015
4.51125
2.93444
1.55931
4.68844
4.20453
3.84903
4.90272
4.31992
2.52986
4.79066
3.05203
2.59838
4.33702
4.5146
3.71238
3.08938
4.58458
4.3544
4.64935
3.90685
2.87754
1.43934
4.32128
4.35497
2.90471
2.66232
2.33278
4.4999
2.59974
3.55801
2.46389
3.56393
1.49338
4.53958
3.85299
2.93358
4.64016
3.851
2.97557
4.2744
4.32448
3.86412
2.63161
4.23512
4.9973
4.81412
4.39009
4.23323
4.37021
4.48124
4.95941
2.9256
4.28315
4.46116
4.20452
4.34992
3.89551
4.58683
3.86651
4.26281
4.97326
2.49142
4.29495
4.85386
4.22333
4.87489
3.76693
4.68226
3.90141
4.173
4.98712
3.44725
4.32176
4.07912
3.62461
4.89054
2.8208
4.52494
4.42757
4.20805
3.58774
2.45881
4.57959
4.56762
1.45831
2.51338
2.79846
3.64543
1.47222
2.98094
4.22034
3.8031
2.91458
2.57821
2.50616
4.95387
2.93098
4.35742
3.63447
4.24245
4.08178
3.82861
3.57945
4.91624
4.25539
4.40759
4.61024
3.79979
2.88241
4.26977
4.45967
3.79096
4.25578
4.92044
4.3238
4.24091
3.43099
4.70713
2.82983
3.74316
4.88875
4.34016
4.21477
4.45847
4.22021
2.50056
4.3011
4.24109
4.98352
4.29316
4.53662
3.87969
4.4285
4.59951
3.10112
4.45547
3.69151
2.43642
2.43367
4.23616
3.65097
4.45391
2.8696
4.92719
4.55509
3.73572
4.45162
4.71211
4.48371
2.55816
4.16996
4.24462
3.92527
2.48802
4.63821
2.984
4.4465
4.61283
4.13408
4.45402
3.06093
1.63514
2.78893
4.41531
4.42383
4.38162
2.48848
3.03193
3.52439
4.27957
4.52205
4.61594
4.69907
2.85694
4.23676
4.32752
3.66437
3.82379
3.956
4.55715
4.44253
2.29916
3.50779
2.82453
1.42181
4.93851
4.07171
2.77293
3.5195
2.17131
4.31441
2.99673
2.43898
4.16718
4.43204
4.32014
4.94005
4.78282
4.95844
4.09767
3.71818
2.37908
3.3079
4.96579
4.76017
1.48829
2.99876
4.47604
3.87914
4.9975
2.94704
2.558
3.85972
4.4643
4.34532
3.86307
4.24894
4.76612
4.95017
4.27301
4.15249
3.64468
4.60752
3.72646
4.30053
2.6202
4.3411
4.26957
4.52245
3.02078
4.66343
4.46947
4.63158
4.59935
1.54262
4.3304
3.82147
4.43902
3.78908
3.9143
4.94214
2.97869
2.8079
2.68038
2.49118
4.4282
2.88572
4.36641
2.8054
3.59332
2.30368
1.60591
2.62122
2.46049
2.3866
3.71519
3.9079
2.99703
4.91856
4.47096
4.66905
4.4374
4.82024
4.41826
2.50743
3.69443
3.12326
4.76584
3.90174
4.44134
4.42557
4.38038
4.72259
4.24835
4.20064
2.36459
4.27064
4.90392
3.74868
3.78866
4.49162
4.10056
2.86037
3.44147
4.37933
4.84289
3.48497
4.2876
4.36581
4.86332
2.75136
4.53249
4.54431
4.32677
3.90309
4.60998
4.2932
4.08008
4.34531
4.3486
4.61607
4.23096
4.90735
3.82417
3.50814
2.47576
3.07379
1.53302
4.69072
2.98285
4.48429
3.20058
2.57333
4.82481
3.81179
4.36955
4.57402
4.30464
4.99141
4.7213
4.37858
4.10037
4.39644
4.90208
4.78063
4.62332
2.78451
4.15553
2.40905
2.58549
4.90587
3.91546
4.54322
4.0317
4.46499
3.34065
4.81116
2.42914
2.83787
4.243
3.79294
4.9506
4.40347
4.2447
4.40092
4.95232
4.64428
2.7685
2.34606
1.44921
4.24521
2.43506
4.12369
2.73473
3.71968
2.5333
3.4024
4.47219
1.55917
2.8402
3.75565
4.84379
3.93876
2.57694
3.03306
4.27157
4.37592
3.87131
3.62896
4.35561
4.95351
3.73388
3.93195
4.36371
4.70308
3.47983
2.47949
4.9068
4.28082
4.5366
4.46514
4.66162
2.83089
4.68709
4.20412
2.38201
2.51441
1.52598
3.00727
1.66254
3.79147
2.92524
4.72025
4.3787
3.99673
2.4239
2.88568
2.57879
3.03171
4.60582
3.47844
4.47182
4.30212
3.81225
2.47452
4.46906
2.36828
3.78833
4.87309
4.41803
3.81883
4.17952
4.57075
2.84611
2.48902
4.32296
4.40585
3.48295
4.50296
3.01432
4.53668
4.65263
4.48526
3.93683
4.82569
4.23665
2.2902
4.26497
3.70685
4.85754
4.91638
2.86869
4.7163
4.51452
3.81197
4.23381
4.97167
2.41352
4.99567
2.60743
4.23486
3.63441
3.00946
4.5041
4.75623
3.99274
4.65594
4.31145
4.23958
4.17753
4.12682
4.59792
4.84333
4.3558
4.42435
4.4128
4.99731
3.86097
3.51055
1.50452
2.79369
3.75826
1.56733
2.9085
4.6071
4.91694
3.02745
2.29032
3.57997
4.1847
3.80025
4.14415
3.57827
2.47335
4.58801
4.16652
3.00395
2.49001
4.92449
4.49298
4.18628
4.12599
3.03479
3.79914
4.39025
4.46295
4.62958
4.47013
4.88153
3.37165
4.22139
4.44272
4.34148
3.63882
2.91659
4.5161
4.7004
3.95116
4.66722
4.97296
4.4456
4.276
4.23325
4.16021
2.58067
3.91485
4.48679
4.34182
3.83314
4.56416
3.55001
4.27387
2.79728
4.78674
4.27685
4.22988
2.46811
4.5953
2.87346
4.53024
4.22203
4.42053
4.88465
3.73823
4.27382
4.47436
2.46464
4.42467
4.94286
4.37196
3.90342
2.84382
2.83272
4.54867
1.52269
4.19615
4.45996
4.28853
2.90613
4.18594
4.99471
4.33768
3.76708
2.46628
3.63674
4.54492
4.51048
4.40166
4.65344
2.80226
4.43915
3.484
4.59967
4.99364
2.4571
4.32256
4.95689
3.78963
4.62385
3.89811
4.5103
4.87778
3.58797
2.40148
2.83074
4.28246
4.35852
4.42247
4.95292
3.84835
2.99966
3.07342
4.28948
1.56245
2.4631
3.48236
4.24258
4.65651
3.51761
2.34336
2.62261
1.534
4.59333
3.89048
2.8757
4.62757
3.73404
3.92065
4.34789
4.33796
2.89345
2.37182
4.86334
4.30327
2.58434
4.99388
4.20456
4.24383
3.76879
3.86733
4.61322
4.21636
4.91795
2.59316
4.25161
4.35379
4.9875
2.93754
4.58539
4.61138
4.2447
2.56435
2.40841
2.48958
2.38891
3.57829
3.85233
2.65951
1.44541
4.368
2.32241
2.84851
2.43536
4.1721
2.76535
3.02536
2.90401
4.3361
4.46681
2.42372
1.41701
3.76074
4.26146
3.72418
4.97863
4.36421
4.16523
4.32705
4.18243
2.90096
3.87627
3.86392
3.82015
4.59521
4.44589
3.43706
3.54113
4.43841
4.34484
4.35179
4.67274
4.67174
4.24658
3.63659
3.95386
4.83522
4.22217
4.39556
4.25179
4.63631
4.2068
3.66864
3.86123
2.84203
2.91307
4.6088
3.50539
3.55983
4.95106
4.26225
4.58005
4.25083
4.26177
4.45701
4.31146
4.51072
3.79398
4.42691
4.90194
4.88337
4.90891
3.69621
3.36939
4.94699
4.34676
2.99369
2.48938
1.52177
3.57359
2.42526
3.01449
4.35355
3.76317
3.90038
4.40739
4.94167
4.9935
4.20668
3.77089
3.727
4.33204
2.49937
3.8465
4.44737
4.28635
1.55236
1.49674
4.6429
3.85402
2.64468
3.55043
4.49548
2.61873
3.10835
4.88473
3.8171
4.48722
4.39557
4.73648
4.53021
3.8071
4.31536
4.13918
3.71679
2.4187
3.62399
4.03693
4.55063
2.82847
4.72965
2.64158
4.36412
2.27179
3.2731
4.73633
4.28655
4.14951
2.73961
4.76555
2.32824
4.99802
4.4215
4.14091
3.10086
4.41012
4.4134
4.72309
4.47584
4.52876
4.38483
4.55549
2.86128
4.40711
3.83737
2.3558
4.89552
4.31055
4.26215
3.64339
4.09072
4.89566
3.38
4.24688
3.80248
4.34929
2.86017
4.93884
2.43355
1.58212
2.35124
3.36089
2.67591
4.57968
4.03926
2.68871
3.77253
4.87793
2.94478
4.48047
4.98212
4.46796
4.63524
4.45619
4.64331
2.5519
3.06373
4.62717
4.44833
2.95215
2.62523
3.53954
4.32781
4.35662
4.03071
4.41646
4.58431
2.51512
4.91685
3.97904
2.79281
4.24329
4.70007
2.48764
4.4011
4.25436
4.4806
1.51401
1.47149
2.93133
2.39765
3.57225
4.82109
4.3072
2.47364
4.35045
4.55308
4.86664
3.87986
4.15514
3.65287
3.81391
3.68927
4.48063
4.40402
4.28354
2.80009
3.04368
4.55992
2.88852
3.85833
2.48485
4.11846
4.2748
4.35513
4.50577
3.47268
4.30066
2.52951
2.77754
4.9602
4.06225
4.24774
4.42548
2.88119
1.39525
3.47567
2.7041
2.59663
2.9277
4.85261
4.47142
4.63949
2.65165
4.2791
3.96887
4.355
4.7488
4.44669
4.49721
4.68594
3.79132
3.01108
2.43944
3.62748
4.34463
2.53923
4.32382
3.7489
4.555
4.34196
3.83672
4.5633
3.05439
4.42791
4.99452
4.3179
4.64898
4.36798
2.97426
3.82329
2.43636
4.59836
3.79581
1.54643
2.48083
4.83299
3.51742
4.34702
4.17567
3.73328
4.1499
4.54812
3.68237
4.93516
2.3309
4.52666
4.25331
4.19159
4.17046
1.5299
3.0111
4.523
2.95076
4.05183
2.56174
4.95148
4.23546
4.20691
4.47449
4.36406
4.30831
4.3503
3.69018
4.13608
4.47913
2.44514
4.74591
3.70224
3.79566
2.95281
4.8819
2.44438
1.54239
2.94151
3.45163
4.74047
4.80589
4.48828
4.3049
2.43946
4.3533
4.06268
2.87817
1.61768
2.9249
3.8282
4.65308
2.45516
3.62503
4.40459
4.35744
2.57094
4.5611
4.33755
3.13276
3.77199
4.66516
3.72001
4.22649
4.35909
4.48324
2.57416
3.83467
4.5576
4.50584
2.75547
4.52982
3.98122
2.55228
3.55659
4.27889
4.17163
4.36374
4.56406
2.50311
2.87849
3.83284
3.04423
4.27785
4.41779
4.43483
4.49579
4.48321
4.42306
3.083
4.62439
2.51584
4.25666
4.41547
4.24113
3.81118
2.91182
2.46518
3.05453
2.42917
2.52741
3.75962
2.50906
2.36775
1.64735
1.6006
3.91091
2.50211
3.87847
2.33472
2.93643
2.72332
2.51762
3.01845
3.84979
3.73118
4.90536
4.39139
4.38061
4.91605
4.23753
4.20205
4.58946
4.67865
2.91882
4.46931
4.73707
4.97698
4.92779
3.72864
4.52019
4.38132
3.39096
4.65366
4.22551
4.20502
4.50364
3.77738
4.52622
3.73317
4.93172
4.24448
4.95664
4.99758
4.43342
4.31159
4.52709
4.1457
2.90223
2.87584
3.88932
3.83249
4.69457
3.40393
4.29312
3.50755
4.6237
4.19177
4.34882
4.67972
4.45386
3.84412
3.68744
4.9483
4.9085
2.89664
2.62675
1.54483
1.61635
2.38456
3.79668
2.96106
2.43068
3.63927
4.63598
4.38095
4.19345
4.84279
4.42997
4.56613
4.85575
3.04804
4.33861
3.74164
3.8778
4.28465
4.52043
4.98664
3.46535
2.53054
2.50995
4.15603
4.33085
4.83186
4.04147
2.79329
3.74115
4.44342
4.37744
4.42034
1.5703
3.48619
1.43505
2.37918
2.70684
2.46751
2.82787
4.01216
4.95616
2.76623
3.70857
2.39192
4.36369
4.00383
4.3313
4.81123
2.45173
4.38791
4.20707
4.49219
4.57969
4.64248
3.87876
4.31472
4.56403
2.87834
4.39116
4.72256
2.57328
3.34465
4.22805
4.27541
3.53281
4.47823
3.80448
4.48123
3.01681
4.58672
4.20649
3.64589
1.68746
2.43494
2.37582
3.78738
3.54241
4.21226
2.86338
1.58921
2.92645
2.46271
2.83724
2.4761
2.97171
4.42047
4.25918
3.76385
4.95266
4.98094
4.88203
4.98054
3.82313
2.91583
3.81377
4.3242
4.31633
4.41861
3.68307
4.26122
4.54838
3.46987
4.56463
4.39159
4.8967
4.40336
4.79021
4.77852
4.26646
4.10113
4.43517
3.88052
4.30977
2.8487
1.41151
4.65314
1.50375
3.86765
4.51712
2.5679
4.18721
4.35206
2.43561
3.39224
2.84794
4.11373
4.36949
2.30957
4.61078
2.88004
4.29126
2.54114
3.69014
3.8933
4.71812
4.65876
3.76759
3.98058
4.45069
4.2249
4.36414
4.9885
4.26285
4.96497
3.10113
1.42593
2.43341
2.89825
3.85225
2.43115
2.65923
3.40663
3.9203
4.23182
2.79244
2.34264
4.22801
4.58194
4.02477
3.7492
4.82584
4.35611
2.36294
2.54699
4.99505
4.28806
4.12428
4.40534
2.90303
4.52563
4.67412
4.00096
3.024
3.62201
4.35756
4.65961
3.81569
4.43106
4.70807
4.27478
4.91743
3.80523
4.23488
4.33817
4.45031
4.10727
2.57426
3.5276
2.35633
4.56107
2.8664
4.45779
4.62608
4.00035
4.56237
3.50004
2.88724
4.37106
3.84367
4.42464
4.44798
4.15515
4.22988
4.33521
4.44607
3.75495
4.73863
4.87413
2.53164
3.73933
4.26249
3.48916
2.89979
3.00844
3.59155
4.65079
4.15419
4.49939
4.98304
4.94518
4.6084
4.68459
4.15935
4.97679
2.45704
4.82137
3.75986
4.12793
4.2342
4.4594
4.5382
2.99838
2.78667
4.2291
4.9198
2.41682
4.51665
2.42208
3.73636
3.24732
2.81883
4.21325
4.15483
4.81093
3.69188
2.90671
4.31442
3.91639
4.37163
2.64123
4.73983
4.22926
2.91575
1.53758
3.80063
4.60599
3.11003
4.397
4.95296
2.52811
4.35963
3.88936
3.55374
4.57615
2.4934
4.05466
4.51007
4.15779
4.31077
4.43293
1.55242
4.36859
2.92942
4.05145
4.32918
2.59974
4.38351
4.55145
4.17654
1.47751
2.4496
2.61403
1.45703
2.9452
4.38942
4.25795
3.20788
2.67865
3.76219
4.32353
4.26764
4.52414
4.54325
4.19375
4.9587
4.12208
2.77546
2.85503
4.48046
4.02735
4.82969
3.63805
2.42746
4.23853
4.28883
2.69556
4.69735
2.48579
2.97921
4.24326
3.86082
3.62545
4.46821
2.54466
4.39631
3.11502
4.95048
4.89557
4.83391
4.55106
3.69705
2.79277
3.00602
3.55248
4.32981
4.11969
4.41238
3.67976
4.28657
4.40274
4.79467
3.33212
4.94875
4.87893
4.60543
3.93577
2.92827
3.98259
4.63555
4.54952
4.29493
4.15652
4.38546
4.40777
4.77096
2.84764
2.87515
2.26644
4.32378
4.29108
3.31786
4.2598
3.35252
4.60678
4.62833
3.86799
4.27341
3.8956
4.29577
2.83961
2.51743
3.48421
4.36998
4.86884
4.37762
4.24488
2.36939
4.67492
1.5295
3.78793
2.90853
4.57988
2.94001
4.34781
2.86924
2.57842
4.43234
4.30595
2.97048
3.43206
4.38032
1.5248
3.78638
2.60396
4.18982
3.82557
2.4294
4.1592
2.60627
4.77545
4.38868
3.8626
4.70234
4.63744
3.06703
4.48285
4.41435
4.93382
4.36632
4.21286
4.82505
4.67432
4.95382
2.39253
4.92685
2.5978
3.59166
4.33417
2.90876
4.47691
3.73147
3.84155
4.9669
4.66611
4.26981
4.96036
2.30174
1.45797
2.94887
3.87067
4.26203
2.25881
1.43692
1.53392
2.52788
4.63768
4.00944
4.94509
4.88379
4.89416
4.54572
2.94913
2.92128
4.2542
4.27883
4.48979
3.59337
4.23503
4.91285
4.73647
4.54823
3.46328
4.60513
4.50931
4.41423
4.29407
4.91416
4.47835
3.874
4.35361
4.3738
3.78234
4.49964
1.50457
4.50408
4.54427
3.97433
2.58686
4.33586
4.32889
2.51991
2.42332
3.61577
4.59612
4.29688
3.00181
2.502
2.94894
4.55571
4.40623
3.82873
2.81798
4.68338
4.69244
3.76378
4.36759
4.29272
4.28879
4.20305
1.49975
3.77161
4.85818
3.8904
3.57409
2.6576
3.41975
4.50065
4.93401
4.56227
4.48551
4.43429
2.64369
3.94062
4.36867
4.01264
4.59293
3.16973
4.2817
4.98249
2.5243
4.30392
4.6319
4.9648
4.37378
4.73549
2.49675
3.56749
3.06426
3.71284
4.73131
4.37052
2.50213
4.23218
4.87669
3.69086
4.36679
3.77083
4.48949
4.48644
2.88017
2.94278
4.42912
4.22556
4.89525
2.37584
2.44605
4.25008
3.5122
2.92653
4.10177
4.45081
4.93232
4.99157
4.29163
4.46054
4.27607
4.68124
4.74326
1.46895
4.02876
3.74385
4.54189
4.28315
2.55052
4.42753
4.34123
3.92543
2.58141
4.28214
3.87689
4.94454
2.65478
2.30479
2.43549
3.0533
4.48071
4.52014
4.67405
3.91806
4.99977
4.92531
4.12641
4.2182
4.32256
3.54193
4.34211
4.42854
4.63568
3.63955
4.8259
4.63843
2.86585
3.69222
4.20046
4.99118
4.89135
4.45579
2.75812
4.44794
3.49074
4.40653
3.93263
4.95703
4.83275
4.44143
4.37388
4.08599
3.43423
2.45769
4.16273
4.36008
4.9835
3.82261
3.0037
2.8972
4.59866
4.65715
4.623
3.65344
4.3875
3.83993
4.3006
4.99207
4.3972
2.34161
4.31606
4.19583
4.42194
3.78164
4.9436
2.45791
1.42519
2.38728
1.41245
2.54305
3.30369
2.80795
2.38905
4.2392
4.0392
4.98999
3.79484
4.49052
4.06218
4.994
4.41473
4.38858
2.36637
4.30514
4.95193
3.74224
2.94926
3.00578
3.79007
4.60521
3.42219
4.63097
4.6838
4.47815
4.26369
4.89826
4.26752
4.19977
4.85291
4.71762
4.96382
3.63813
2.49478
2.55389
4.36259
2.53038
4.47525
4.25607
3.92705
4.45509
2.9651
4.49044
4.3096
3.78873
4.57569
3.56058
4.56766
2.99354
4.37059
4.28695
4.9071
4.36805
4.39085
4.62075
3.88101
4.95239
2.885
2.26429
1.81845
2.62372
4.26357
3.83035
3.51181
4.82506
4.67441
4.1931
2.94534
3.84783
4.34934
3.88583
4.52812
4.22275
3.76057
2.58975
4.42033
2.5107
4.34572
1.53
4.60214
3.00027
3.96119
3.06222
1.60242
3.05591
2.50097
4.62318
3.53075
4.01032
4.46916
3.03406
2.57923
4.40481
4.71626
4.38852
4.30145
4.23004
4.8262
3.64663
4.35959
4.2563
4.93946
2.46282
4.88663
3.73647
4.47623
4.57539
4.96626
4.78877
4.98905
4.69641
4.12834
2.74149
4.24064
4.95016
4.36129
2.35088
2.53826
4.92339
3.41508
4.40096
4.58136
2.84627
3.75895
4.37859
4.21879
4.88744
3.82513
1.62005
2.46248
3.84203
4.27669
3.36739
1.40125
4.40832
3.56545
4.15762
2.50149
4.20954
2.74559
3.89854
4.93347
4.26548
2.78156
4.58221
3.85287
4.21592
2.47723
2.60337
4.21653
2.85403
3.70466
4.70027
4.22239
4.44446
4.96055
3.82568
2.905
4.48287
4.28512
4.30331
4.47185
4.69417
3.87296
4.99841
2.40444
1.65327
3.00548
3.00579
4.03347
2.96529
4.4087
2.58535
4.25656
4.57744
4.2685
3.0475
3.58977
4.67533
2.68038
4.31471
4.46406
4.66515
4.22109
4.61657
4.57589
3.94229
3.96909
4.40639
2.67931
4.39898
3.94726
4.97355
4.47582
2.95197
4.24668
4.44495
2.4638
4.8251
3.09359
2.43486
4.47852
4.61556
4.49186
3.41145
4.40716
4.372
4.139
3.6128
3.76459
2.91208
1.46969
4.4471
2.3665
4.5283
4.09829
3.13267
3.65533
3.73048
4.05815
4.84637
3.71652
4.59019
4.45349
4.40598
3.05537
4.22139
4.39131
2.72243
3.5775
2.47954
4.52877
2.62251
3.78597
3.85944
3.06508
3.70178
4.20417
4.85101
4.45946
4.59239
4.39628
2.48694
2.99363
3.6337
1.53893
4.84851
4.7795
4.06877
4.59162
3.92615
4.97799
4.98091
3.35035
2.47434
4.88659
2.47264
4.38174
4.22134
4.37458
2.85672
4.51893
4.72789
1.69325
2.92664
4.42892
4.56225
2.57018
4.31527
3.87017
3.05917
1.4896
2.57203
2.27824
2.95246
3.81697
4.30413
4.45051
4.28475
4.58233
4.58562
4.36819
4.55383
3.02976
1.52503
3.95791
4.06704
2.64959
4.63743
4.54786
2.72747
2.85359
2.60231
3.12573
4.7698
4.67148
3.73433
3.17778
3.86397
4.47227
4.71381
4.95211
4.82811
4.96752
4.85265
3.84705
3.73594
3.58794
3.00815
4.26828
4.37604
3.99517
4.67788
4.32038
4.77629
3.4376
4.46071
4.61162
4.44863
3.64653
3.98342
4.83449
4.17359
4.78981
4.3185
4.56469
4.1965
4.50782
2.44649
2.93405
4.40269
4.50971
4.81254
4.68948
3.82934
4.30731
4.1711
4.8816
2.6557
2.59347
4.42389
2.98057
4.4415
4.77163
4.08597
4.05203
3.10613
4.43172
4.71941
3.80021
4.37105
4.38883
4.09947
4.96298
4.50639
3.89543
4.92597
4.11358
4.23169
2.32103
3.50172
4.37952
2.94981
4.5471
4.59108
3.78307
3.6731
4.61204
4.30366
2.96286
3.49008
4.33439
4.58509
4.408
4.30512
4.08707
4.47457
4.81158
3.91613
4.58865
1.3845
4.16601
2.56865
4.02001
3.75693
2.56124
2.33011
4.23806
4.47868
3.81658
2.92296
4.87738
4.41482
3.47633
4.55033
4.58462
3.32559
4.52482
3.80477
3.80044
4.14663
3.01306
2.53182
4.96588
4.81349
2.55966
4.29151
4.39742
4.48219
4.66307
3.20806
4.75509
4.09955
1.50964
2.91465
4.7893
3.16187
4.52358
3.94652
2.63504
1.71281
2.80633
3.69294
3.11372
2.58288
4.82452
4.93112
4.40982
4.54705
3.49496
4.58519
4.37243
4.58862
4.19273
4.0191
2.89411
4.17534
4.55197
4.64315
4.4565
2.93644
1.63731
2.7769
4.09662
4.32968
2.52354
4.63065
4.30759
2.9218
1.40255
2.9458
4.42633
4.1902
4.99641
2.55362
4.32676
2.4196
3.80661
4.18601
3.83559
2.87261
3.55686
4.46547
2.92225
4.37614
4.40046
4.30795
4.50781
2.55588
2.91613
4.52264
3.82727
4.67294
4.43975
2.40854
4.25984
4.36208
3.87917
2.53959
3.95963
4.60601
3.58642
2.8953
4.43152
3.86989
3.98048
4.42925
4.25411
4.19305
4.57214
3.72409
4.30571
2.43461
4.5075
4.32092
4.57354
4.89882
3.48971
2.37238
2.84359
1.54756
2.97691
2.29884
2.60838
4.619
3.81794
4.3202
2.9553
4.75017
4.38056
4.50259
4.1752
4.14594
2.47577
3.53625
2.64251
4.95697
4.50005
1.56551
2.93578
3.82104
4.60171
2.46339
4.80175
3.05033
4.35849
3.74547
4.2108
4.38852
3.93192
4.20094
4.28895
2.37794
4.37755
4.24744
4.53257
4.49801
4.23742
2.71777
4.99324
2.48729
4.31012
4.30864
3.38585
3.78307
4.27316
4.44058
3.85863
4.83476
4.35957
3.79412
4.60017
4.32875
3.66275
4.3059
4.92063
4.78713
4.57476
2.95672
4.31727
4.58608
2.18606
3.37831
4.47651
1.38559
4.19066
3.74335
4.55554
3.70278
4.14096
4.33689
3.92078
3.73206
2.54507
4.94389
2.45354
3.376
2.94721
3.02756
4.37068
4.5486
4.47073
2.64978
3.01293
4.28218
2.35213
4.91218
3.71782
4.62216
3.8194
4.19604
1.37701
2.47426
4.20705
3.80745
4.85191
4.27774
4.15471
4.95668
3.67966
2.87398
4.73162
4.3997
3.19164
4.67433
4.50433
3.06724
2.67418
3.15972
2.36679
4.87412
2.51212
2.85098
2.85129
4.98442
2.76677
4.23227
4.4442
4.06496
4.2185
2.4798
4.80619
4.82672
1.67369
4.73942
4.24741
4.6655
4.09463
4.57167
4.50069
3.88675
4.33579
1.41791
2.7994
1.46794
4.12106
4.55209
2.5247
3.85555
4.94482
2.86411
4.58333
3.09506
3.515
3.82291
3.09117
4.24151
4.40577
3.89231
2.44198
4.43088
3.27291
4.18803
2.44689
4.15657
4.46624
4.74975
2.71927
4.33123
4.1581
4.5185
4.91711
4.21528
3.76697
4.70521
4.93657
3.28357
2.60195
4.46569
4.33664
3.90464
4.97523
2.70525
4.20207
4.72427
4.29244
3.92317
4.41306
4.146
4.34582
4.84714
2.46777
2.51961
4.38008
3.59915
3.07729
4.48876
4.49443
3.75815
4.83688
4.97017
4.71222
4.39917
4.25503
3.71032
4.42452
1.58041
4.08536
3.71255
3.70267
4.18309
3.83225
3.05323
2.89187
2.55345
4.90276
4.57947
4.79219
2.77197
2.25811
2.7299
3.4099
4.18784
1.41017
2.31803
4.70423
4.26072
4.99036
4.57851
4.04183
2.35692
2.7402
4.25576
3.58903
4.5792
4.98239
4.19565
4.74223
4.40771
4.2781
4.5305
2.64316
4.96194
4.0666
4.12511
4.52413
4.54707
2.89203
4.3677
2.34534
4.30301
4.39014
4.5895
4.30484
4.0433
2.4311
3.49155
3.12501
4.79988
4.53577
4.51471
3.86612
4.94697
4.57024
4.9781
4.10232
4.28614
3.71204
4.86195
2.43998
2.21815
3.80056
3.42104
1.54653
4.2322
2.61734
3.88551
2.34733
4.16573
2.49198
2.80865
2.6409
2.56533
3.03965
4.48949
3.04609
2.55668
1.36804
3.77929
4.23472
4.31371
3.65693
2.75948
4.29023
3.17981
4.03552
3.76231
4.52413
4.35766
3.25968
4.74001
4.4381
4.26282
4.81654
4.10393
4.84175
2.85549
3.78848
4.03712
4.85766
3.86643
4.24273
4.23472
4.80011
4.50534
4.55074
2.7002
2.67156
4.59651
3.68078
4.37361
3.38741
3.63827
4.75754
4.05309
4.69967
4.87513
4.19796
4.27959
4.38827
4.30453
4.07377
4.97613
4.90692
4.69427
3.54087
1.52158
4.21843
1.62912
3.60784
2.43948
2.95805
2.56788
4.47336
3.94771
3.35862
4.9562
2.71243
4.97696
3.86106
4.21764
3.6276
3.88669
2.98404
3.10332
4.57246
2.52404
3.64005
4.43359
3.03386
4.99552
2.72666
3.98447
4.33987
4.45449
4.54399
4.49783
1.36927
3.68037
4.19807
4.86013
3.68258
4.19278
2.35627
3.79841
4.21999
2.93777
2.81912
4.27973
4.61011
4.2099
4.45752
4.99293
4.57781
4.98253
4.51495
2.41577
3.57548
4.35652
2.93779
4.94436
4.24326
2.33811
4.81253
4.30834
4.07392
4.61364
4.47219
4.69971
4.58367
3.7556
2.65816
4.32604
4.01249
4.31112
4.49224
4.52825
4.28483
2.91965
4.95165
4.30005
2.47062
3.52005
2.52856
2.8425
4.85846
3.55226
4.58901
4.25033
2.70568
4.57142
4.96813
4.61246
2.90008
3.80513
1.53011
2.77121
2.45798
4.99472
3.44183
4.19149
3.86863
4.33945
4.17422
4.50976
2.9584
4.91224
2.5072
3.68841
4.40676
3.01275
4.33583
4.99476
2.32317
3.77485
4.40067
4.25239
4.59277
4.63721
4.19683
4.39106
4.31113
3.82702
2.78552
1.51551
3.83585
2.99637
2.59101
3.4291
4.15585
2.38595
4.5049
4.88194
4.26057
3.63406
4.28234
3.85227
2.90125
2.47711
4.34763
4.40347
4.2708
4.48337
4.61389
2.58242
3.20365
2.98968
2.71324
3.00495
4.50244
4.54346
3.47275
4.48453
4.83688
4.20868
2.64138
3.60504
4.56334
2.7768
2.8007
4.04746
2.43873
3.87574
4.18335
1.76129
2.6516
3.7937
4.76086
4.65255
4.26242
2.45947
4.82069
4.46254
4.96031
4.71664
4.7884
4.06637
4.48094
2.78916
4.37535
3.42726
4.89539
2.25429
4.4005
4.10706
3.57115
4.20532
3.73494
4.29389
3.01395
2.95059
4.57572
4.00607
2.7011
3.89905
3.96985
4.35328
1.61049
4.20045
4.58117
3.68318
3.49189
4.33006
4.14742
3.52738
2.48842
4.48218
4.55943
1.42404
3.73345
3.01792
2.58471
4.536
4.3679
2.93291
4.41986
3.04745
2.68589
2.28929
2.34947
2.75296
2.4518
2.62815
2.6168
1.66882
4.11113
4.44365
3.68077
2.46294
1.39557
2.44779
2.83763
4.57892
2.5268
2.92816
2.77832
3.8317
4.03417
3.76968
3.05033
3.56697
4.18512
4.26856
4.82027
3.44837
4.66212
4.16289
4.3669
4.50218
3.73731
3.95095
4.46753
4.94903
4.53087
4.26853
4.26731
4.13789
3.80407
3.86222
3.65349
2.95499
4.53872
4.88952
3.6423
4.48717
3.46026
4.69983
4.16522
4.44688
4.35782
4.14408
3.81887
4.96933
4.78342
4.92662
2.79777
1.45834
2.42953
1.47249
3.80756
3.00767
2.4632
2.85835
3.90253
2.40327
3.78976
2.43382
2.8132
2.28069
4.86887
4.40038
4.90119
4.35792
2.35013
2.57156
4.25552
3.56533
4.34968
4.62896
4.52897
2.87271
4.62559
3.72656
3.5803
2.95325
4.31407
4.46458
3.84933
4.12546
2.50027
4.40821
4.91853
3.87387
4.43688
4.66566
4.45843
4.30539
4.18969
3.4717
4.10138
4.16558
4.615
3.0012
4.70679
4.52386
3.84509
3.62292
4.56932
2.78936
4.09971
3.66268
4.22731
4.37093
4.27574
4.97595
3.97516
4.50284
2.37317
1.47876
2.4841
3.59201
4.35872
2.9674
4.84773
3.73707
3.41814
2.81307
4.20123
4.36796
4.81441
4.44145
4.70579
1.52827
3.88413
4.69515
4.26013
2.59386
3.99641
3.56292
4.57881
2.49276
3.01578
4.37606
4.38044
3.83369
2.8136
4.59166
4.22317
2.94192
4.9676
4.54436
2.49891
4.44802
4.12185
4.4045
3.79026
4.55539
3.81078
4.18158
4.32954
4.34283
4.39312
4.4236
2.37301
4.04274
3.55177
4.42284
4.63533
2.62828
4.94393
3.62746
4.26228
1.63365
3.77352
3.15945
4.37129
2.64317
4.82361
4.45407
4.41765
1.46266
2.49008
4.37648
3.69845
3.03863
2.47982
4.44747
1.50149
2.5427
1.59976
2.52258
2.88033
4.24248
3.87949
2.78416
3.89496
3.0571
3.96709
4.44273
4.38004
3.56539
4.98236
4.1862
4.26025
4.56772
4.71754
3.47642
4.50905
4.50302
2.8744
4.59304
3.80887
4.21759
4.94723
4.28548
4.19468
3.91033
4.38741
4.4516
4.56945
2.81075
4.51697
2.54685
4.33633
2.57279
2.94645
4.29769
3.49775
4.54355
2.32689
4.24321
4.65119
4.30575
2.75441
2.40786
3.79085
3.91885
4.57012
4.4807
3.81713
3.82309
4.26726
4.29662
4.86362
4.3342
4.24434
4.943
2.92626
4.65154
4.69991
3.62715
3.79764
2.45893
2.89401
2.48409
3.80705
4.19776
4.27689
2.4148
4.37424
4.37621
4.54664
4.48378
3.87257
4.36779
4.50983
2.90787
3.51212
4.88233
3.46834
3.57999
4.53522
2.48973
4.07635
4.99351
2.84586
4.65941
4.20637
3.70767
4.42786
4.8792
4.26841
4.20472
4.26127
4.56746
3.41055
4.96839
4.4277
3.07591
3.90895
4.53926
4.60642
1.52294
2.67866
2.95946
3.0279
3.56564
1.58698
4.57192
4.43003
3.82788
2.29859
2.93491
2.49024
4.19636
4.15293
4.43604
2.62382
4.23085
4.96301
4.50506
3.888
2.94433
4.50721
3.9127
4.6546
2.56708
2.62572
1.57773
4.23698
4.42525
3.77195
4.38241
2.97057
3.51063
2.73318
4.29846
3.85603
1.46605
1.55288
2.93624
4.6401
4.73356
2.37209
4.29017
4.24225
2.40239
2.97296
4.16266
4.4062
2.46309
3.84804
3.40024
4.40953
3.9301
4.23461
2.51366
2.75843
3.7662
4.91892
4.97155
4.7911
4.91678
4.46578
2.91457
3.82643
4.40072
4.37512
4.2014
3.52312
4.34938
4.71136
4.47549
3.47534
4.88735
3.82814
4.5051
4.60658
4.58996
4.30906
4.33119
4.38638
4.28461
4.92922
2.44387
1.4829
3.8791
4.3113
3.7056
3.53165
3.02035
2.91875
1.68908
4.69313
4.30642
4.99136
2.44102
4.76963
4.97306
4.34148
4.34301
4.00191
3.56316
2.54416
2.96358
4.40561
3.79129
4.24635
2.35558
4.33087
4.92273
4.04734
3.63663
4.01601
4.4144
2.87817
4.97828
4.25443
4.4068
4.33714
4.63296
2.89465
2.90165
3.61333
4.34858
4.87203
2.25568
2.54604
3.42509
4.35471
2.82885
4.22562
4.54686
4.75245
4.71876
2.94754
4.78317
3.92831
4.52118
4.37139
2.64267
4.49987
4.98241
4.35991
3.91241
1.54058
4.33258
2.64349
4.67934
4.48393
3.05162
2.56334
1.55319
2.90064
2.46101
4.66935
3.89314
2.99986
2.88506
3.91871
3.09234
4.4455
4.34947
3.44707
4.33735
4.23879
4.68997
4.67079
3.56654
4.50993
4.70029
4.46462
4.16449
4.92403
4.70029
4.07141
4.99017
3.9939
4.27642
3.66324
4.48698
2.8977
1.4668
1.38286
3.76214
3.51643
2.46492
4.15784
2.28295
2.47528
4.38835
4.21316
3.36865
2.7029
4.40814
2.38561
2.77484
3.97737
4.38589
4.32293
4.54134
3.88153
4.96038
3.62903
4.15863
4.08766
4.88271
4.3221
4.41207
4.93665
4.54901
3.95307
4.36744
4.01411
2.61257
2.96814
2.36368
4.29425
2.92363
4.42744
4.98109
2.50221
2.44861
2.46637
4.39309
3.70651
4.66265
4.51722
3.73931
2.80603
4.41287
3.84574
4.47778
4.35531
4.48922
2.87711
3.39121
4.99828
4.94879
4.27844
3.7169
4.94692
4.82473
4.92503
4.31856
4.18202
4.23859
4.20674
2.38769
4.97887
2.42183
4.91142
4.06951
3.82308
2.73582
2.87554
4.74976
4.46707
4.5255
3.35996
4.64691
3.79495
4.22933
4.975
4.43417
4.2324
4.30345
4.85702
4.51475
3.89247
4.91963
3.44211
1.54007
3.51526
2.88062
2.36745
2.85122
4.33375
4.76057
4.56397
1.58691
3.7934
2.4963
4.2552
2.53956
4.22272
3.5497
4.5432
3.8652
4.38332
3.80008
2.7963
2.98981
4.38204
4.55097
4.32553
4.24034
4.98859
4.02371
2.97609
2.55402
4.03609
4.41963
4.39355
4.25165
4.37671
2.76737
4.98494
2.41026
4.47346
3.74547
4.23078
4.1066
3.44459
4.69126
3.80152
2.27614
1.6314
2.97785
4.53479
3.8667
3.07875
2.52731
4.36908
4.27016
4.88361
4.49767
4.27938
4.59504
3.97874
2.57221
1.78051
1.49318
3.62092
2.92661
4.57754
4.68097
2.92315
3.13442
2.49873
4.39694
4.35798
2.56636
4.957
3.55464
4.69272
4.38788
3.10506
4.49284
3.8506
4.41412
4.12928
4.0146
4.30578
4.9841
2.39014
3.73717
4.55349
4.63659
4.95519
4.2289
4.26169
4.2678
4.42044
1.49098
2.9648
2.9815
3.71951
2.43842
4.9308
4.43339
4.40423
4.21903
4.56554
3.66337
2.63538
2.83627
4.87819
4.48588
3.67179
2.94922
4.51246
3.82781
2.36281
4.28368
4.38692
4.94432
4.17001
3.73035
2.99181
2.53585
2.90767
3.4563
4.3916
4.15114
4.96794
2.64111
4.38649
3.91934
4.64531
3.03694
4.60373
4.45724
4.52328
4.99313
2.36054
3.47382
4.51383
4.32273
4.142
3.77122
3.73934
4.54401
4.43528
2.53013
2.98221
4.86336
4.1504
4.6009
2.43475
4.18747
4.52062
1.45916
3.83767
3.10057
2.37308
4.62279
2.84999
4.30614
2.68269
2.8636
4.53223
3.63154
3.8886
2.43046
1.42411
4.94279
2.58611
3.59027
4.32283
4.21822
4.29022
4.24639
2.58465
4.39363
2.93988
3.9625
3.81561
4.58225
4.28674
4.56919
1.55508
2.58817
3.95524
3.46016
1.53713
2.8155
4.51639
2.98037
2.9813
4.44471
2.56897
2.45066
4.32005
4.8731
3.56601
3.04395
4.53351
4.42614
4.5202
4.99365
3.80462
4.5392
4.32063
3.87046
4.44968
4.28248
4.77483
3.69715
2.32278
4.49108
4.99435
4.93424
4.1465
4.13118
4.46453
4.20542
1.49004
4.54176
4.62685
4.36036
2.61431
4.58377
4.29092
4.2801
4.87464
3.53534
2.92498
2.52648
4.6276
4.62198
3.73872
2.76006
3.73951
4.5197
4.18768
2.32054
4.12438
4.85127
3.54756
4.02519
1.54542
2.52224
4.23873
2.77806
2.4679
4.21754
3.44851
4.39148
2.53416
2.54675
3.94229
2.91522
2.87748
3.76958
4.53152
4.58376
3.61366
4.57438
4.64743
4.2798
4.24465
4.28398
4.89624
4.3629
4.55788
4.87131
3.69573
4.13485
4.94869
4.31274
2.37219
3.4143
3.90739
4.5734
3.05405
4.38836
4.59909
3.80219
4.65238
4.61592
3.47395
2.87113
4.35518
4.36358
4.24391
4.81645
4.19854
4.29417
4.48423
3.73351
4.74155
4.96575
1.61354
2.81019
2.39415
3.01616
4.56437
4.70802
4.46274
4.58259
1.49951
1.6545
2.57328
2.54138
2.48006
2.46195
4.25196
4.36623
4.5576
4.36635
3.05542
3.6311
2.94679
4.33875
4.67551
4.39949
4.84786
4.90958
4.95761
4.91855
3.74529
3.76811
3.77558
2.81781
2.79726
4.266
4.246
4.339
4.47477
4.84122
3.60922
4.46463
4.54
3.37511
3.80096
3.7951
3.6845
4.59155
4.52522
4.18792
4.20592
4.21938
4.28647
4.86702
4.78673
2.60641
2.95587
4.45721
4.60689
4.0542
3.34226
4.12958
2.63333
2.79774
3.1736
3.99676
3.96051
3.09331
4.2716
4.85198
4.91985
4.57621
4.8529
3.83873
4.39697
4.02804
4.31783
4.97261
4.19054
3.88805
4.99647
4.32287
2.43878
2.32538
4.24703
2.44499
4.20136
4.82327
2.88508
4.45693
3.78209
3.73294
4.49434
4.15782
4.94336
4.83382
3.07427
3.47997
4.41313
4.3496
4.29429
4.49683
4.91378
4.35119
3.90128
4.59616
2.92271
4.97513
2.48665
4.25102
3.2824
2.48638
2.78167
3.73305
4.3982
1.45776
2.85905
4.82919
4.23878
3.73272
2.51709
3.402
3.81528
4.48216
4.29724
4.99754
4.70392
4.54927
2.98744
4.36993
4.45639
3.54831
4.60866
3.97351
3.86191
4.30932
4.35319
2.60495
3.54685
2.4917
4.27489
4.27974
2.90614
4.00275
4.71683
4.94875
3.85122
4.40056
3.21534
1.76093
2.48845
3.82495
4.54794
4.82777
4.94296
2.26963
2.64332
4.48066
4.35833
3.60468
2.56234
1.44518
4.74061
2.89029
3.13201
4.5211
3.88746
2.76834
2.46359
4.91073
4.62974
4.55966
4.14034
2.85101
4.73272
3.63936
1.48747
4.28618
2.37976
4.10076
2.35046
4.92811
4.82265
3.81049
4.24586
3.75063
3.45938
4.57721
2.94897
4.41844
4.45583
4.25132
4.7303
2.46542
1.46963
3.88161
3.88534
4.30465
4.55097
4.42525
4.61171
3.85691
4.37574
1.51632
2.87872
4.34279
2.73193
4.52397
4.46323
4.02955
2.63443
3.85655
3.55292
4.82494
4.46984
2.79588
4.69749
3.96079
2.98689
4.20487
2.44629
4.46488
4.17048
4.51214
2.39227
3.53506
2.49729
4.71629
1.63473
2.87714
3.84251
4.67482
4.98248
2.94927
2.64278
4.27473
3.95126
4.24759
3.85591
4.41958
4.26171
4.26031
4.28186
4.59134
4.53092
4.2082
2.80716
4.82371
4.96117
3.43689
4.18109
4.41025
4.07264
3.66148
4.37233
4.17884
3.68273
2.54492
4.25956
3.94646
4.65162
4.38166
3.89634
4.90969
4.23629
4.33689
3.42496
4.95481
4.92946
4.56423
2.7542
4.05222
4.28697
4.37197
4.26156
4.14746
2.88039
2.8577
4.44975
3.98141
4.29283
1.62526
2.49117
3.70715
2.44341
3.88513
4.76914
4.51807
4.32931
4.62501
4.56768
4.23639
2.88272
4.20358
4.9998
2.46675
3.35112
4.99907
4.43958
4.23298
2.85177
2.79109
4.49858
3.8873
3.84446
2.46212
3.7343
4.27481
1.5105
4.93405
4.33799
4.57644
2.61713
4.68219
3.95226
4.48505
3.94591
3.49169
3.44011
2.49608
3.4663
2.56405
4.39246
4.26548
4.36535
4.48701
4.66735
1.43623
3.77849
2.93837
4.29305
2.91893
2.33147
4.60466
4.39268
2.69367
2.63684
4.36159
4.8863
4.39661
4.42892
3.05228
3.09268
4.04076
4.77404
1.69834
4.4786
3.96613
2.83857
2.42864
4.66975
3.92842
4.43798
4.85667
4.63035
4.19723
4.62487
2.95488
4.23166
4.14833
4.80799
3.34923
4.89652
4.38669
2.92603
2.83674
3.74459
4.35248
3.70906
4.8429
4.17015
1.45712
2.37873
4.05303
3.7201
2.38069
4.38351
3.67138
4.964
4.45094
3.77605
3.90236
4.12964
3.42168
2.49162
3.37668
4.0948
4.2105
4.24091
1.49977
4.48871
4.52831
3.82287
2.83786
4.99388
2.88765
2.83501
2.37826
4.0717
4.40164
4.06833
4.41706
2.53985
4.24296
4.30269
4.97348
2.92168
4.64909
3.97098
1.65555
3.01284
1.57864
4.64776
2.54838
4.29216
3.9864
2.93051
2.59152
2.53287
4.62839
3.02744
3.52726
4.84141
4.21075
3.76671
4.21075
4.28393
4.9158
4.24264
4.32216
4.69347
3.67947
4.94863
2.98904
4.39303
4.56914
3.50565
4.56121
4.31139
4.47055
4.93964
4.391
4.28411
4.2017
3.86455
2.86829
4.59171
4.76389
3.90036
4.34977
4.85409
2.51767
3.62134
4.58404
4.64477
2.84614
3.86857
4.60839
1.61826
2.63534
2.8826
3.48218
1.47621
2.55666
2.95603
4.22281
4.48566
3.86292
2.99951
2.46849
4.20057
4.25092
4.2721
3.80291
4.18096
4.93022
4.88082
4.52081
4.27989
4.90557
4.61129
4.59039
3.72413
4.4511
4.48106
2.92125
4.70944
2.46965
4.29946
4.38376
4.18309
3.56843
3.81842
4.6799
2.92894
4.45257
4.9701
4.59259
3.83617
2.31703
4.53849
4.52684
1.51422
3.87989
2.81045
2.79472
2.57801
4.42234
4.14215
2.97988
4.38344
2.76037
3.37334
2.49062
3.68242
1.46255
2.26751
4.31319
4.41068
3.69937
4.90011
4.92353
4.63555
4.2629
4.20827
2.47159
4.31
4.37576
3.9339
4.42582
4.36587
2.7815
4.08881
4.5835
4.98775
4.97833
4.15467
4.2197
3.42943
2.84924
4.66855
3.75745
3.82433
4.90918
4.46027
4.11065
4.5662
3.70569
3.66211
2.88909
4.37603
4.94936
4.56029
3.75114
4.20509
2.46093
2.95442
1.43197
2.48647
2.96441
4.18284
4.60036
4.32977
4.28146
2.61839
4.91623
4.82902
4.7478
4.02528
3.94406
4.50668
4.96525
4.16597
4.81719
2.40381
3.64171
4.23013
4.31099
3.82506
3.60758
2.80806
1.42544
4.28699
2.8159
3.89127
2.37019
4.5699
4.51541
4.32076
4.81655
2.60575
3.6281
4.35099
4.26855
2.40391
3.37617
4.57482
2.78719
4.5387
1.67813
2.99182
4.25249
4.47293
4.24713
3.79039
2.85242
2.45817
2.40613
1.53803
2.82467
1.52482
2.79772
4.51466
2.83453
3.78788
3.40544
3.80884
2.46468
4.53509
4.35516
2.90722
2.35317
4.86689
4.4524
4.24973
4.28818
4.43126
4.38822
3.88283
4.78499
4.45767
4.45996
4.24829
4.93713
2.39889
4.13179
3.86612
4.83008
4.50065
4.59696
4.39658
2.81805
2.54651
2.46719
4.03114
4.95229
4.25631
3.66213
4.37411
2.88718
4.99809
3.85327
4.50079
4.9964
4.8773
4.15778
3.67454
2.98865
1.38371
2.78894
1.42978
4.3972
3.7925
4.45891
4.16901
3.66918
2.45547
4.98449
4.86835
2.84307
2.39022
4.21775
2.77401
4.39929
3.45239
4.28372
3.76644
2.38854
4.32076
4.96141
4.63291
4.46144
4.44119
3.42524
2.49997
4.20772
4.67041
4.05612
3.12513
4.32628
4.5272
4.47791
4.95221
4.10759
4.16588
2.28644
4.35667
3.53527
3.7489
2.80348
4.41337
4.70267
4.93394
3.6636
4.23046
4.74873
4.85093
3.56558
2.5706
2.57268
3.53838
2.46133
2.52033
2.87761
4.35775
2.98004
4.38361
4.70802
2.57241
1.60867
3.80943
4.35681
4.34009
3.89097
4.59441
4.31701
4.19263
3.84449
4.91844
4.32726
4.14947
3.84539
3.80031
4.52565
4.93407
4.8904
4.45277
4.16254
2.83752
2.94219
3.70081
4.67755
4.48328
4.69566
3.42343
3.45843
4.93274
4.90593
4.85891
4.23917
4.5097
4.22414
2.39806
2.40807
4.84313
4.15105
4.25505
3.54291
3.76236
2.44314
1.59893
4.13783
3.80312
2.49186
2.74118
4.54358
2.42612
4.20438
2.93832
4.52899
4.27088
4.29984
2.82743
4.44912
3.95965
4.91635
4.45655
4.20071
2.94777
3.7278
4.40742
4.3005
3.70993
3.72616
2.84664
4.56012
4.64335
4.54955
4.83274
4.8478
3.44207
3.43983
4.81574
4.2078
4.91321
4.33876
4.01299
3.46213
4.29559
2.42528
4.33002
4.41403
2.87736
2.49844
1.49611
3.50589
2.97782
2.55662
2.76618
4.23449
4.96
3.82804
4.20581
4.6001
4.36609
4.77478
4.88298
4.26152
4.25076
1.46677
4.29888
4.49675
4.91208
4.22063
4.36705
3.93415
2.4341
2.99525
1.50664
4.41666
3.77604
4.5681
3.76052
3.00714
4.62012
2.45016
2.48429
3.43308
4.16524
4.13825
4.62969
4.24186
3.7729
4.21985
2.74372
4.94318
2.30692
4.35264
4.28196
2.5793
4.34742
3.8694
4.25106
2.95727
4.9608
2.54158
1.64606
2.95632
2.49408
3.53314
3.0218
4.16855
4.39161
2.81683
4.63274
4.45418
4.45391
4.67576
3.92202
4.50685
4.47387
2.75049
4.35212
4.22129
4.35375
4.86695
4.47568
2.57203
3.69202
4.15959
3.78537
4.53439
1.32661
3.94771
3.91799
4.51709
2.86225
2.42673
2.36317
3.64708
4.35673
4.38479
4.17527
2.4091
2.89102
4.32856
4.7488
4.9853
3.68331
2.53889
2.50461
3.42578
1.5129
4.13569
3.64899
2.50115
3.84277
2.35263
2.83497
2.98108
4.20838
2.49169
2.72926
3.72493
4.63318
4.24298
4.19091
3.9397
4.72083
4.47496
4.95622
4.48367
4.62125
4.38501
3.79059
4.93924
4.18625
4.15279
3.85364
4.50062
4.50385
4.9907
4.97232
3.50836
3.51127
4.92179
4.35037
4.82895
4.58439
4.24366
3.54907
4.35968
1.41385
3.39512
2.70121
2.56134
2.9427
2.43669
2.76003
4.60655
4.87852
4.33737
3.73453
4.6357
4.33782
4.63364
4.27294
4.04846
4.73859
3.1333
3.8007
4.41508
4.37219
4.48668
4.88816
3.80682
4.27441
4.59335
2.5023
3.69392
4.28245
4.77508
4.10492
2.90007
1.48669
2.86386
4.35847
3.89393
2.43346
4.26031
4.16263
2.4004
3.36045
4.59099
4.15212
2.83801
4.76311
3.67025
4.18839
2.40253
4.27176
2.92637
4.89649
3.79249
4.33621
2.43161
1.65529
1.42317
3.48582
2.44994
2.86754
4.27226
4.49054
4.45115
4.52863
4.47441
4.44101
4.2297
2.59171
3.9425
4.28063
2.90766
4.74503
4.51366
4.83357
4.12449
4.42413
4.50465
4.60053
2.79116
3.98107
4.58302
3.64524
4.54035
2.49163
4.23861
4.40794
2.38943
3.64068
4.17423
2.43294
2.89798
4.46858
4.89465
4.19159
3.59444
3.07854
2.53227
2.97029
2.45695
3.08037
2.52897
3.71632
3.89293
2.41969
2.39821
1.47782
4.5372
4.13469
4.44194
3.77858
4.66991
4.48348
4.88375
4.38192
4.94322
4.32669
4.44013
4.694
4.19052
4.96119
4.46316
3.0314
2.7547
4.69002
3.91717
4.60484
4.78317
4.92973
4.90898
3.43242
4.33732
3.67829
4.45512
4.32273
2.85992
2.34077
1.64395
2.58842
1.51003
2.32245
3.63145
3.84831
3.03575
2.48177
4.28651
4.48434
4.37311
4.3487
4.18063
4.84476
3.74826
4.25866
3.83579
4.31123
4.21159
4.97589
2.43547
4.28756
4.88441
4.16499
4.20812
3.7215
4.5648
4.5887
2.80051
4.3765
4.63418
3.78156
3.48733
4.1732
4.48861
2.8149
1.4606
2.27192
1.50008
2.46531
3.58398
3.39971
4.19831
2.8256
4.31205
4.38168
2.8209
4.43199
4.64475
4.31959
4.28282
4.28334
3.86274
4.23225
2.48055
3.11029
4.83846
4.39461
4.44399
2.83532
4.39173
2.89689
4.51624
3.94832
4.60674
2.92672
3.87221
4.66978
4.29121
2.57137
4.33331
4.12559
4.84843
2.47609
3.86648
3.52919
2.85917
4.33592
4.69946
2.30953
2.69402
2.422
1.52568
2.28366
4.31814
2.90867
3.75662
2.46632
4.60493
4.31571
4.18403
4.94841
3.75817
2.58146
4.95185
3.84628
4.1814
4.29505
4.23484
2.35731
3.51134
4.3317
4.22355
4.77454
4.83219
4.34016
3.70491
4.57329
2.91499
4.44516
4.27037
4.91666
4.54833
3.69864
4.16029
4.43282
3.29516
2.59083
1.50007
2.43299
3.65723
4.67111
4.16153
3.53155
2.75199
3.98992
4.47712
4.16134
4.48097
4.86543
4.27098
3.88928
4.79471
4.12172
4.48996
4.58141
4.50947
4.46171
4.20084
4.10938
4.15834
2.57533
4.9736
2.73129
2.9779
3.6086
4.61189
4.64277
2.86903
4.36149
4.26378
4.9469
2.55606
4.30717
2.3385
3.08721
4.14782
3.75398
3.54036
4.63722
2.47254
3.01724
4.1926
4.55675
4.65147
3.52636
4.86878
4.19983
3.71752
3.32281
4.21904
4.21422
4.28028
4.39532
4.39379
4.17792
3.63739
4.83245
2.80556
4.65576
3.63274
4.60695
4.40219
4.54273
3.61429
4.90487
3.05006
4.64321
2.33845
2.55346
4.27348
4.20199
2.29765
4.27517
4.30001
2.44004
4.38901
3.87392
2.92861
3.80837
2.82701
3.75017
4.41773
4.59015
4.3916
1.36675
2.58262
2.75527
2.42055
2.90449
3.55194
1.47575
1.33764
2.90751
2.44988
2.40837
1.46508
4.54247
4.94515
4.93426
3.9237
4.82571
4.97141
4.97814
4.54046
4.60351
3.73905
2.95341
2.86735
4.22045
4.29983
4.25518
4.37647
4.20776
4.19002
4.19826
3.4796
4.51615
4.28313
4.58406
4.48116
4.38998
3.40081
2.54083
2.82464
2.85703
2.37503
4.83431
4.25725
4.08316
4.46376
4.55676
4.12837
4.27885
4.07516
4.99986
4.96801
4.22819
4.18836
3.35986
2.37792
4.61962
4.91933
4.37935
3.02409
4.39931
3.79573
4.81997
3.87132
4.95731
4.80891
4.44151
2.93567
3.61992
4.16992
4.23609
2.98207
1.64097
2.57565
4.96927
3.80667
4.18764
4.98541
4.45523
4.29222
4.58374
4.42014
4.76601
2.90296
4.31218
4.82731
3.72417
2.42282
3.60433
4.43106
4.71936
3.74091
2.87208
4.45173
4.21794
4.57003
3.59009
2.47291
4.27139
4.3825
4.98419
4.1897
2.38757
4.11188
4.87947
4.23369
2.81095
3.78708
3.86023
1.4816
4.43791
2.95958
2.91564
1.56124
2.42466
3.42536
3.76801
4.45217
2.85257
2.32208
4.71109
2.4067
1.60355
4.2636
4.33794
2.92602
3.07293
3.92774
4.65223
4.34977
4.44423
4.4156
2.70137
4.35889
4.0398
4.48001
4.28257
4.85173
4.41218
4.96574
1.46434
1.7032
3.02968
4.68122
4.56469
3.87444
4.25717
2.51119
4.46845
4.32399
2.39436
2.54246
3.85189
3.61574
4.79536
4.36168
2.88693
1.43598
4.1857
4.24189
3.85203
4.39099
4.94935
4.42426
4.94813
3.86515
2.94865
4.63819
4.68396
4.4394
4.22217
4.1312
2.42497
4.14483
3.6914
2.82688
2.93125
4.55501
2.89753
4.3998
4.26964
4.22577
2.51304
4.42329
2.43123
2.56142
3.8336
4.55854
4.22852
3.48794
2.78305
4.52739
4.39012
4.83936
4.55508
4.40999
4.10498
4.99011
4.21349
3.75105
4.85071
4.26701
2.50338
4.27006
2.65228
4.47684
4.26545
4.55582
3.91102
3.80008
2.92567
3.03436
4.36087
4.51933
4.66837
4.59965
3.48841
4.38006
3.50112
2.43258
4.64585
4.58482
1.55373
2.62579
2.97042
3.19562
3.62464
1.64968
4.37737
2.63846
3.80282
2.77033
3.65353
2.56459
2.93319
4.35127
4.34247
4.2782
3.7768
2.33173
3.48465
4.2432
2.47735
4.33895
4.85147
4.53699
2.7601
3.86286
4.85788
4.51111
4.45116
4.60557
4.53073
4.45197
2.81313
3.94661
4.70512
4.70426
4.31488
2.53151
4.94399
4.29642
4.1966
4.5843
3.92236
2.38622
2.92514
3.92517
4.69835
4.83067
4.43972
2.5417
3.02179
1.56786
4.48038
4.45219
4.46618
4.42558
2.62627
2.94325
2.51052
4.42704
2.60303
3.84497
4.49232
3.91925
4.78935
4.78888
3.68401
4.73476
1.55528
3.20144
4.71326
2.5843
3.87874
2.81106
3.8386
4.557
4.18883
3.65545
3.47618
4.94386
4.51231
4.28852
4.36674
4.52233
3.2091
4.56817
4.68866
2.58214
1.52241
2.91305
4.47838
4.88293
2.89895
3.56373
2.37594
1.46788
2.3738
3.46779
2.98375
4.73853
3.80529
3.83107
4.31756
2.88024
2.48087
4.35721
4.95954
4.1579
4.15421
4.37008
4.31158
4.54852
2.68015
4.58274
4.20041
4.51819
3.82455
4.22045
2.46708
3.61181
2.55147
4.27474
3.0289
3.80381
4.52132
4.53162
4.842
4.71182
4.3846
4.90379
4.40367
4.27887
3.80253
1.60051
3.10204
4.60808
4.35634
4.05171
2.69371
2.63841
3.89685
4.41086
4.43599
3.91319
1.43688
3.001
3.53452
4.62242
2.84654
2.47826
4.27033
4.95932
2.38571
3.32485
4.37202
4.95037
2.42701
2.74605
3.90806
4.44158
4.59244
4.44916
4.09051
3.50341
3.50568
4.34114
2.43522
4.58556
3.04721
4.80888
4.51413
4.54642
3.8413
4.90369
4.31527
4.34489
4.23335
4.28554
3.7471
4.52992
1.52367
4.37017
3.79463
3.89667
4.35435
3.83842
4.88499
2.45323
2.80785
2.72793
2.76396
2.56549
2.99547
4.55728
3.53389
2.58637
2.40035
1.46355
3.32524
3.61788
4.18668
4.22329
4.25324
2.96727
4.54215
3.76475
4.35726
4.35275
4.90016
4.49028
4.19468
2.72174
4.58682
4.48436
4.09719
4.95094
3.68614
4.3389
4.9612
2.51653
4.34183
4.21907
4.37548
4.4168
3.89184
2.63955
3.48344
3.87686
2.63879
2.27392
1.62779
4.29181
2.50331
2.94045
2.95722
2.48806
4.46763
2.48307
2.44142
2.93943
4.35565
2.31471
1.41793
3.79588
3.76742
4.36564
3.83418
4.40158
3.83974
3.7807
4.66141
2.83759
3.35421
4.95239
4.36671
4.13882
3.47021
4.97953
4.49881
4.60959
4.34252
4.38494
2.82912
4.56094
4.62874
2.87672
2.96325
3.46638
4.89829
4.29077
3.60921
4.88494
4.97754
4.50999
4.78916
4.27352
4.50592
4.37022
4.58025
3.77895
4.90378
4.96561
4.97165
4.25171
2.78447
2.56939
2.39376
1.4637
3.35226
3.75129
3.01709
3.93296
4.36292
3.44981
4.25528
3.82274
4.9682
4.95346
3.85068
4.59819
4.62587
1.40091
2.76671
4.477
2.50923
3.49068
4.25034
4.3135
2.55946
2.93289
4.94529
4.68513
4.42267
4.48945
3.90849
4.6812
2.94204
2.39078
3.54448
4.08813
2.45947
4.45229
2.96965
4.90267
4.26815
4.49977
4.46592
2.93701
4.48962
3.72881
4.61447
3.91038
2.56552
4.25722
4.29033
4.33461
3.93145
2.99267
2.4469
2.58909
2.94504
2.4928
4.34434
3.74716
1.55367
2.37346
2.3539
4.38475
2.29224
1.6418
2.59615
4.24581
2.90226
2.99056
2.84501
2.49477
2.75761
4.52711
4.64045
4.40507
2.77096
3.77885
3.73354
4.85964
3.56545
4.33484
4.20502
4.84952
3.31069
4.64575
4.27872
4.98254
4.62021
4.21848
3.73594
3.99959
4.90391
3.36387
4.30143
4.98919
3.42532
4.35204
4.40111
4.19294
4.45894
4.65128
3.84176
3.86832
3.87823
4.48926
4.94556
3.00267
1.79613
2.50831
1.45878
4.36604
3.71658
4.57846
4.59232
3.78052
3.7244
2.51443
2.9672
4.31339
4.28409
4.32531
2.31646
2.36197
4.13288
4.64492
4.55152
3.74047
2.9315
4.20794
4.57713
4.83831
4.36465
4.34087
2.61288
4.6981
4.47294
2.80316
3.78664
1.37956
3.62022
1.55951
3.05404
2.51776
3.02215
4.40798
4.32573
2.94019
2.41501
4.02483
2.51691
4.95813
3.51043
3.33975
4.33811
2.65534
4.83679
4.28755
4.58408
3.83392
2.93693
4.48823
3.84337
4.40474
2.6154
1.60892
2.48505
2.69053
1.49859
1.5859
2.50737
2.52615
4.42439
3.45099
3.06527
4.42354
4.28755
2.98447
4.68291
3.85839
4.40419
2.85494
3.83401
2.85298
1.42729
2.89974
4.56801
2.41153
4.15595
2.35054
3.34381
4.44987
2.52475
2.7329
4.26059
4.16311
4.59376
2.93981
2.43104
3.67619
4.34113
4.59209
2.96596
4.06844
4.34854
4.24008
3.48193
4.38611
4.19613
4.39751
3.63884
4.79711
4.99046
3.81607
4.63026
3.75588
4.41913
4.85135
4.21978
4.36679
4.39848
4.37332
1.49884
2.64675
4.27393
3.80944
3.0598
3.3957
4.4032
2.23582
2.24088
1.53263
2.62346
4.01926
2.6917
3.73104
4.43909
4.30119
4.6526
3.68607
4.88554
2.8915
2.90795
2.54741
3.93941
4.27732
3.49602
4.6988
4.21373
4.35122
4.56755
3.72936
4.55764
4.86175
4.98351
4.79133
3.79214
4.42635
1.55222
2.44209
4.44423
2.62554
4.84864
2.82161
3.81177
3.15407
4.66215
4.18676
4.6492
2.56717
3.14345
4.70523
4.10403
2.93334
4.43834
4.63929
4.25719
3.80648
4.17895
4.35123
4.9663
4.49024
4.59337
2.85366
3.01306
2.44546
2.61217
2.96577
3.94614
2.96069
2.92052
2.61318
3.9705
3.80324
2.52729
4.4245
4.34918
4.71773
4.29997
4.40202
2.32661
2.32415
4.36793
3.50112
4.53736
4.76105
2.74845
4.40808
3.74323
4.45085
2.95414
3.3697
4.38459
3.83896
4.83846
4.29569
4.40232
3.54162
2.64717
4.59237
4.56502
2.92608
4.6395
3.73651
3.01872
4.80497
3.67806
3.95522
4.40581
4.29961
4.25516
4.40969
4.18871
4.51311
3.87892
4.59897
3.88203
3.07995
4.27106
3.51502
4.86627
4.0749
2.8906
3.47464
4.52114
4.97697
2.93414
2.98617
2.70492
1.44134
4.67169
4.95586
4.29642
4.82602
2.4188
4.23928
4.5356
2.43575
3.68086
3.52798
4.01699
4.39071
3.88667
4.13375
4.88744
2.23029
4.66182
2.39958
4.38632
3.81178
3.61035
4.26568
3.66129
1.57129
4.4636
2.74861
3.08979
4.2417
2.53192
4.25153
4.30341
4.67051
4.91808
1.69057
2.96783
2.53649
3.88576
4.98156
4.24488
4.70802
3.25163
2.85123
3.83817
4.83789
4.71198
4.04316
3.12775
2.56713
4.57553
4.52221
4.63627
4.02252
3.70269
4.94232
4.15198
2.71111
3.02207
2.58459
2.72008
1.53337
2.33791
4.32606
2.43029
3.26691
3.66593
4.06317
4.22867
4.87407
4.26274
4.7122
3.69435
4.39833
2.82374
4.9371
2.49136
4.52644
4.64161
4.71749
4.24932
2.43548
2.87366
3.08564
4.41825
4.37015
4.39216
3.44945
4.28058
3.62426
4.49879
4.35904
3.53641
2.57361
2.53445
4.71759
4.67995
1.50458
3.80352
3.02279
2.94662
4.38863
3.07909
2.48516
4.71158
2.89626
3.71647
2.63846
1.58369
2.40145
4.00316
4.14788
4.23726
2.50219
3.79434
4.50846
2.80946
4.34845
4.1332
4.68537
4.94642
4.43695
4.42466
4.41369
3.31485
2.81822
3.91379
3.99822
4.70846
4.28485
4.39945
1.39529
1.55076
4.70297
2.7916
2.69204
3.99678
3.7244
2.49392
3.59749
2.40395
2.96033
2.49039
4.42669
4.30118
2.54445
2.41573
4.28643
4.61648
4.4383
3.77383
2.88301
4.46452
3.95845
4.19638
3.62767
2.83894
4.17822
4.69324
4.27351
4.88498
2.36842
4.5558
3.72445
2.73149
2.82713
4.99135
4.56269
3.21668
4.79317
4.27872
4.25656
3.69414
4.26074
4.92446
4.44314
4.2989
4.1737
4.14433
4.90197
4.46655
3.91992
4.95073
2.60005
4.38737
2.36033
2.95608
4.31842
2.45929
1.56321
2.9546
1.50826
2.56103
3.79469
3.75182
2.9545
3.79844
4.21901
4.27998
4.95677
3.40849
4.22503
4.225
4.4212
4.67447
3.50131
4.55565
3.04885
3.92606
1.50402
4.65057
2.53068
2.4119
2.55014
4.31409
2.7108
3.36074
4.47662
4.14472
2.48409
4.3002
3.00871
4.43928
4.16477
3.83735
2.85976
4.5407
3.89469
3.83497
4.35983
4.30237
4.92321
4.36687
4.47569
4.96694
4.1658
3.90544
4.9369
3.97478
4.65415
3.03955
3.53774
1.39458
3.7952
4.55159
2.96147
1.71151
4.43211
2.39465
4.23453
4.33445
4.47961
4.8719
3.07338
2.61431
3.99112
3.69673
3.17133
4.54018
2.50882
2.79463
3.00616
4.37774
3.44263
4.36932
4.85196
4.85508
4.46437
4.54189
4.7079
4.02306
4.49796
4.55378
2.77724
4.54547
4.05713
4.41898
2.70752
2.94344
3.63798
3.59681
2.9754
3.93557
1.53893
2.96719
4.41739
1.61536
2.52682
4.47544
2.77194
4.37203
3.62574
4.61735
4.08077
4.80507
3.86
4.65296
4.99897
2.7608
1.35925
2.47281
4.94822
4.25627
4.3968
4.32163
3.85788
3.40106
4.44057
2.49729
3.96335
4.59977
3.833
3.02818
4.75776
3.02908
2.90711
2.4926
4.40258
4.349
4.87172
4.47232
4.65744
1.37187
2.45431
2.59477
1.54517
1.55135
2.75617
2.44804
4.92642
4.04495
3.90443
3.87637
4.98
4.25737
1.62737
2.56771
2.52992
2.60745
2.48919
4.36996
3.75072
3.06753
4.73888
4.43028
4.4394
2.95539
4.59771
4.29751
4.00872
3.68421
2.98972
4.26526
4.08748
4.90856
4.37053
4.10196
4.88579
3.46175
4.57849
3.6234
4.64097
3.81748
2.94268
3.00769
3.90319
4.00362
4.67392
4.64891
4.52319
4.40438
4.46665
4.23823
1.5141
3.84415
2.53662
2.50421
3.52169
2.97103
4.28452
4.33823
4.82683
4.29876
4.18898
3.42049
2.28722
3.67201
2.89934
2.855
3.72935
4.49057
4.61416
3.52181
4.65192
4.56228
4.15568
4.31905
4.95155
4.33629
2.56222
4.53716
3.8263
2.77491
3.95496
4.62421
4.40066
4.54929
2.94194
3.53731
4.711
4.32924
4.37375
2.39436
4.32198
4.1845
4.24169
4.52242
3.67828
4.78016
3.90299
2.93584
4.53775
3.50082
4.70927
4.62244
3.80587
4.44673
2.80505
4.23068
2.49879
2.4662
4.25554
4.91362
4.41057
2.98262
3.55716
4.51097
4.96034
2.94845
3.06405
4.3705
2.45239
4.44255
4.33776
4.67231
4.94483
4.8487
2.60614
2.99422
3.65413
4.56607
4.60517
1.48515
3.79284
4.69492
4.39175
3.84435
4.36154
2.35189
4.19928
4.32819
3.65124
4.7305
1.46693
2.99362
2.8786
3.67285
4.59429
3.74186
3.03811
2.52161
4.40359
4.39091
2.53316
4.92114
4.46144
4.67462
3.6075
2.89197
4.69595
4.96896
1.60708
3.78597
4.57628
2.7157
4.5409
2.35525
4.24948
4.22385
4.90334
4.29814
4.08295
2.57932
3.55093
2.84379
4.93946
4.67649
1.67212
3.94381
3.8864
4.54653
2.58992
4.42981
4.37365
4.38715
4.91173
3.84397
2.55522
2.48712
3.07054
4.96405
4.32634
4.15732
4.84919
4.18878
4.3706
2.4841
2.8176
3.88752
3.87931
2.84892
4.42271
4.65906
4.37104
4.5436
3.38036
4.56601
2.56017
4.33636
2.41151
3.54236
2.88844
3.80429
3.85706
4.59719
4.10906
4.39606
2.95722
4.57851
3.53645
4.63818
4.40081
4.33062
2.51647
4.91687
4.38089
4.99727
4.37708
3.89084
4.66505
4.93781
2.47152
1.6222
4.31701
4.09732
2.50411
2.44271
2.77183
1.48973
2.751
1.40899
4.30774
4.64322
2.83523
2.38339
4.99479
4.14434
3.74108
3.73316
2.32119
3.32867
4.56916
4.30356
2.78077
4.51142
4.26995
4.33963
4.57023
3.80325
4.84534
2.87351
4.37774
4.63071
4.49035
2.57842
4.41086
3.46977
2.48978
4.11081
4.98109
2.58764
3.71798
3.97745
3.05777
4.37996
4.59677
3.80256
4.34322
4.84596
1.57241
4.31189
4.29297
4.92458
3.59746
4.22619
4.41064
3.7394
2.75232
4.85228
4.10222
4.58002
4.30975
3.6746
4.41677
4.20624
2.44667
2.93119
1.51898
3.07815
4.67299
4.78665
2.37554
2.82862
4.3424
3.76768
1.4356
3.83079
2.61544
4.53549
3.50362
2.80106
2.47876
4.26845
2.3222
3.39589
4.48892
4.98172
2.52428
4.32038
3.86218
2.86923
3.76267
4.82955
4.36765
4.22945
4.94005
4.4901
2.88755
4.64686
3.84825
4.2802
2.41276
4.20321
2.46671
4.26131
3.75414
4.84868
4.98307
3.77864
4.39348
3.31791
4.87396
4.48844
3.87162
4.40921
2.43001
4.50105
3.75229
4.2662
4.87736
2.47523
4.02594
4.62679
3.3901
1.49657
3.86775
4.52621
2.94246
2.9527
3.13398
4.52928
2.55273
4.34135
4.24177
4.66023
2.53453
3.6049
4.86634
2.56747
2.60928
4.68934
4.6646
1.50041
3.78621
4.31219
3.80708
4.18935
3.77745
2.71137
3.03557
4.42504
3.20741
4.41673
3.79439
4.00662
4.91894
4.34506
4.5036
3.44159
4.24939
4.53909
3.23948
4.79091
4.5973
4.51103
2.55394
2.58141
2.926
3.20862
3.07585
4.83569
4.52955
4.54159
4.28868
4.89921
2.38625
2.39855
3.06647
4.66065
4.43779
2.97775
4.27115
2.98653
4.5744
3.5034
2.52184
3.68165
2.671
4.94766
2.58701
4.49816
1.58097
4.7574
4.01267
4.44242
3.78575
4.30905
4.02868
4.53001
4.30557
2.4302
4.29759
2.68222
4.43202
2.9796
3.7573
4.66098
4.78175
4.51617
1.6212
2.9411
2.49595
2.8737
3.47605
1.42898
4.46025
2.67694
4.00667
3.09979
4.98831
4.49798
2.39531
4.98999
4.38459
4.27613
2.4841
4.53446
4.46867
3.75683
4.77423
2.93501
3.88099
4.21845
4.35104
4.40537
2.54695
1.44906
4.49867
2.95678
3.66757
3.04175
1.56444
2.99475
3.5211
3.84179
2.61901
4.66115
2.77078
2.32812
4.21416
4.60799
4.19695
4.92633
4.93363
4.17275
4.58803
2.57966
3.78622
4.32239
4.2538
2.49991
4.4471
4.95495
4.37333
4.48938
3.02524
3.81709
4.66971
3.99694
4.43362
4.40323
4.38622
4.31912
4.54052
1.49192
3.62549
2.98377
4.9815
2.98928
2.80265
2.33371
4.38227
4.12997
2.69282
4.56752
3.55888
2.43045
3.91598
4.4114
1.57207
4.521
4.82025
2.5623
3.74996
4.25164
4.3581
4.79119
4.24428
2.71964
4.61322
3.13895
4.31966
3.9559
3.92839
4.36503
4.83761
2.30104
4.56411
2.95619
2.96651
3.71817
3.83787
4.30505
1.59231
2.51495
3.90847
4.36825
4.60064
4.34795
4.43189
3.53255
4.57603
2.79697
3.04349
3.59316
4.50596
1.45918
4.05103
2.58202
4.0157
4.49291
4.17687
3.4098
2.64637
4.59897
3.54434
2.44224
3.69912
2.66378
4.71516
4.6979
1.72838
4.06754
2.92462
4.46905
3.00954
4.49238
3.09935
2.77677
4.6855
3.64811
4.73073
4.57517
2.9648
3.75117
1.59325
2.95992
3.6062
1.54723
2.40192
3.04924
4.56421
4.50028
2.77126
3.07016
4.33506
4.11853
4.3473
4.28941
4.63079
4.36453
3.51681
2.81233
4.29513
4.68546
4.77373
2.47109
4.35704
4.28272
2.46698
3.70964
4.82784
3.80408
2.99484
3.91105
4.6246
4.484
4.69709
3.87491
2.99759
3.75827
4.97523
4.64186
4.21866
3.87692
4.50292
2.57049
1.4978
2.52149
3.05867
4.37325
2.62299
3.9203
2.93009
1.58793
3.75117
2.46445
4.42401
3.77095
4.14428
2.7262
4.58072
4.43557
4.69031
4.30658
3.55844
2.43582
3.19769
4.59946
2.98996
1.61001
3.03528
4.66311
4.41316
4.41224
2.54173
2.80361
4.2628
3.99928
1.58302
2.92751
1.57868
2.93685
4.87182
2.9432
3.16942
2.59823
4.56514
3.69242
3.92945
3.95654
2.52251
4.35858
4.61352
4.48742
4.9413
4.1947
4.89225
2.31826
3.80946
4.34378
4.95174
4.58846
4.41109
2.83111
4.306
4.39211
4.3844
2.38217
3.67964
2.45135
4.47306
4.53122
3.43599
4.80782
2.93139
3.68909
4.47756
3.90932
4.2133
4.97571
3.47719
2.45945
2.42717
3.72634
2.40573
2.63417
2.92618
4.27258
3.0135
4.3562
2.54127
1.45574
3.78934
4.46304
3.91705
4.28136
3.938
3.66682
4.87245
4.99136
4.25547
4.25946
3.85719
4.67771
3.76951
3.00122
2.81631
4.67719
3.94415
4.51586
3.64916
3.51683
4.85281
4.43657
4.85544
4.60491
4.38073
2.35545
2.46483
4.1667
3.66925
2.50519
1.49073
4.19967
3.77069
2.44125
4.2888
2.90813
2.87739
4.41858
4.63934
2.46385
4.64658
4.64835
4.83975
4.94431
4.19884
4.42801
2.91286
4.67907
2.92109
3.84673
3.73184
3.91913
3.08809
4.75563
3.63975
3.35846
4.35062
4.9717
4.35547
4.42276
3.38523
4.45823
2.45126
4.29244
2.53018
1.47109
3.35644
2.92089
2.46181
4.22065
2.81499
3.7084
4.18067
3.92329
4.70509
3.04968
4.56505
4.36489
4.3832
2.67997
4.09818
4.54562
3.92378
4.05731
1.57891
4.58782
1.5167
2.98323
4.62189
4.48946
3.07071
2.70601
2.40078
3.56986
4.15422
4.32844
4.60401
4.20786
2.56229
2.8752
4.98935
3.88139
4.14356
4.43492
4.10529
4.48459
2.48126
2.85666
4.89082
3.76046
4.27637
2.52243
1.47753
2.81815
3.63978
3.05723
2.44039
3.99413
4.36553
4.18753
4.15497
4.92556
4.75712
2.38821
4.3629
3.7776
4.21197
2.93522
3.93638
4.50889
1.53011
4.41126
1.6898
3.06286
4.61801
2.69561
2.61855
3.59231
4.4167
4.33771
2.59404
4.34466
3.0327
3.79603
4.72803
4.98804
4.55039
2.54641
3.63974
2.64494
3.99621
2.66659
1.68476
4.53262
2.46027
3.13273
3.05056
2.56815
2.82885
4.47182
4.93591
3.81744
4.89828
4.1765
4.89501
4.35543
3.05376
3.94072
4.01402
4.72188
4.33097
3.37712
4.48625
3.64097
4.57084
4.85588
4.2288
2.44239
2.82683
2.39805
1.54757
3.53781
3.29647
2.74654
3.67884
4.25762
4.36971
4.83143
4.49669
4.20121
4.36423
1.70954
3.28701
3.84379
1.51625
2.9735
4.66822
3.94953
2.67567
4.29973
4.45903
2.47275
3.70036
4.69239
4.27161
2.63756
3.96568
4.45257
3.10106
4.99526
2.49084
2.96839
2.42652
2.81116
2.48888
4.35812
4.06023
1.79767
2.62632
3.91712
2.76702
4.64848
4.89058
4.38698
4.64309
4.20283
2.78593
4.54613
2.88532
4.09175
4.72971
4.97713
3.73299
4.52315
4.95077
3.52982
4.67259
4.3871
1.55394
2.42928
1.47562
2.52825
2.4192
1.64858
1.34511
2.47393
2.83122
2.39932
4.86812
4.90109
4.85124
4.45967
4.49068
4.00188
3.98786
3.87357
2.95413
3.03232
2.9634
4.95922
4.42796
4.3054
4.55732
4.32274
4.23527
4.2067
3.52732
4.31324
4.55693
4.34106
4.36838
3.71425
4.65199
4.79552
2.79688
2.443
1.53716
3.76253
2.48111
2.41389
3.89086
4.28498
2.85771
4.47157
4.42917
4.03226
4.19898
4.24287
4.41436
2.60172
4.32561
2.45821
2.59913
3.62052
4.43904
4.61282
4.01697
2.87287
4.62016
4.58943
4.47486
3.82888
3.03837
3.49825
4.44314
4.42634
1.4744
2.44776
4.21469
3.8389
2.97274
3.62239
4.51663
4.33394
4.78185
4.32288
4.41879
4.15165
2.47253
3.99324
4.51739
2.81132
3.0503
4.7647
4.51805
2.79197
1.42023
4.6812
3.116
4.36118
4.21155
4.95647
2.52616
4.39809
2.47121
4.60794
2.49282
3.82575
3.62262
3.11117
4.22296
2.93676
2.79578
2.51903
2.3721
2.87846
3.36639
3.75204
4.98118
3.76776
4.15734
2.72517
4.68502
4.40152
4.97888
2.52772
2.54224
4.30782
4.48291
4.07143
4.57916
4.45068
4.58357
2.99459
4.77845
3.8311
3.10366
4.43232
4.73184
3.78346
4.94293
3.89115
2.94873
4.39952
3.50785
4.00563
4.24743
4.53065
2.81932
4.78209
4.53039
3.04463
2.97731
1.68239
4.67835
4.0236
4.75348
4.55656
2.49146
4.40121
4.32824
2.54326
4.65479
2.65704
2.94118
4.45118
4.08306
3.40589
1.5709
2.78178
2.50483
1.52665
3.48748
4.73451
4.72456
4.27534
4.89916
4.27475
4.51382
4.53093
2.99535
4.41575
2.95776
3.7038
4.62454
2.61141
4.36392
4.37742
2.50407
4.27131
2.65289
3.55383
2.97248
3.74693
4.22994
4.43792
2.49664
3.13649
2.62935
2.95889
4.36682
4.82785
3.70067
4.81384
4.29259
4.33621
4.26404
2.48137
3.38272
4.43461
2.63413
4.94811
4.37047
3.0306
3.9197
4.57146
4.59966
3.94454
4.66191
3.08977
4.58691
3.57435
4.28546
4.66228
1.61337
2.4135
1.52727
4.50348
3.89184
4.91873
4.39745
4.15887
4.24983
4.16575
4.22554
3.64789
2.45609
4.15961
4.94306
4.5663
3.76341
3.80451
2.95071
2.88956
4.24921
4.73364
3.3851
4.71935
4.39914
4.66483
1.46822
2.61377
4.55445
3.00261
4.33552
4.26249
2.39515
4.10922
3.72847
4.83742
4.93582
4.10802
4.55106
4.60729
4.69666
2.97721
2.69231
4.16788
4.4053
4.34267
4.94018
2.44341
2.46688
2.59665
4.2991
3.86786
2.82125
3.29974
4.38164
4.4501
2.99071
4.32891
3.62606
4.64041
2.86109
3.70766
4.34506
4.8094
4.55716
4.55932
4.38081
4.30631
3.59582
2.56719
2.32217
4.05015
4.42253
3.04568
3.94435
3.93064
1.51083
2.91096
1.77932
4.54696
2.98935
2.60702
2.47168
4.50715
4.50117
2.82971
3.40992
4.11099
4.46495
4.01761
4.68692
2.74395
2.89777
3.68919
4.69593
1.51824
4.52925
3.84467
4.379
2.4208
4.18866
4.38943
2.56411
2.45698
4.95389
3.85467
2.85509
4.53702
4.24417
3.63737
2.42341
3.54922
2.41096
1.51244
4.69364
3.78881
4.57173
3.77732
4.18437
3.75352
4.1985
3.22907
3.04304
2.54142
4.86911
2.73384
4.31407
4.43008
4.36097
3.03461
4.75012
4.46981
4.38001
2.51552
2.52533
4.17737
1.62099
4.68918
2.86393
2.79423
1.52777
3.47285
3.81979
2.89474
2.32739
4.57441
4.01765
2.87267
2.51621
4.37827
4.2018
4.99652
4.31249
2.59974
4.19897
4.86664
4.21535
4.48106
2.96685
3.96596
4.73898
3.87037
4.33807
4.46588
3.70755
3.09358
4.15209
3.73518
4.39001
3.67586
4.48828
4.27438
3.04469
2.57571
1.48359
3.44209
2.38743
2.56058
4.7878
4.42479
4.51153
4.11283
2.40755
3.60166
2.74483
4.70359
1.67652
2.8299
4.3476
4.32104
4.63295
4.22531
3.89389
2.38629
2.77133
4.32443
2.39121
2.95605
4.63026
1.69727
3.13795
4.66017
4.37813
4.0808
3.0567
2.64959
4.08127
1.56613
2.51872
2.83675
3.68014
4.83145
3.28504
4.33052
4.33018
4.34557
4.56992
4.23487
2.44982
3.69705
2.77125
3.89215
4.87254
4.34069
4.1796
1.48571
2.89021
1.56763
4.46571
2.894
2.29525
4.55365
2.7125
3.33864
3.72699
2.8591
3.67316
2.44781
4.9542
4.06498
4.40343
4.92318
3.32357
2.60524
4.15063
4.12447
4.79462
4.41342
3.06417
4.04053
4.87545
4.52334
3.88627
4.46166
1.56142
3.91579
3.02328
4.3915
3.19326
3.06464
2.65169
4.74062
4.67422
2.74515
3.47004
1.55037
2.69836
4.15
4.13862
2.55738
3.48368
4.55363
4.1705
2.4216
2.78511
3.91419
3.80472
4.77077
4.96341
4.82088
4.5855
4.3001
3.55037
2.49937
3.48163
2.56278
4.97098
2.76265
4.36717
2.32815
2.80648
4.25349
2.55557
2.37988
1.46137
4.07829
3.69625
4.25528
4.91789
2.79522
3.09309
4.48856
3.6612
3.67964
3.35947
4.89124
4.8077
4.19038
3.64507
4.35087
4.39303
2.66998
4.43786
3.76806
1.53938
4.50765
2.50375
3.92627
2.44776
2.39898
4.29256
3.09245
4.33518
2.86523
2.35245
2.83503
4.48489
3.65748
4.40532
4.03606
3.90207
2.89972
4.61227
4.99371
3.39943
4.21776
3.758
4.84625
4.45505
4.17021
2.33407
4.31932
1.56054
3.42872
2.45206
2.71669
2.45431
3.60959
4.19982
3.02953
4.84465
3.63413
4.30881
4.49948
4.59001
1.47622
2.69276
4.53189
2.44627
2.63116
3.64189
4.30546
4.37576
4.62654
4.24746
3.05201
4.84961
2.4248
3.79598
4.5453
2.47833
3.45153
3.82327
2.52305
2.61122
1.53797
4.32026
4.51147
2.51748
2.96476
2.50131
2.97556
4.56334
4.48709
4.60375
3.92062
4.76313
3.86364
3.8148
4.50183
3.01717
4.9685
3.60914
4.42476
4.87427
3.56644
4.88544
4.26948
4.56498
4.28828
2.95829
2.49831
2.6279
1.46213
3.5596
4.49061
3.54548
3.05644
4.27705
3.7624
3.89814
4.62077
4.50754
1.54518
2.80577
4.61489
2.39703
4.22466
4.33208
2.62828
3.60263
4.54636
4.25872
3.8589
4.23629
2.46823
2.92257
3.07754
2.46203
2.66313
2.94665
2.53484
4.46185
4.24367
3.97707
2.59055
1.56307
2.82863
2.79114
2.93079
4.236
4.63617
2.98207
3.88369
3.92242
3.63216
4.35994
4.94714
4.92067
3.40817
4.58332
4.28183
3.10963
1.44798
2.48233
1.62318
2.73125
3.61455
2.46408
3.71878
2.26841
2.7965
4.50877
4.20145
4.8913
3.96714
2.67223
2.61366
3.27904
4.1776
4.9918
4.35327
4.34108
3.91494
3.15339
4.79286
4.82152
4.03748
3.86046
3.1195
4.57143
4.96068
2.79458
1.66996
2.61497
4.34565
4.03188
3.66191
2.92345
4.57012
2.83709
3.80783
4.70314
4.38418
2.65854
2.93472
1.5579
4.72075
4.22213
4.1209
4.82478
2.46413
4.27678
2.36358
3.80114
3.31143
4.499
2.42375
2.917
4.23527
1.67395
2.54074
2.381
2.29801
1.47148
2.41313
1.43361
2.49663
4.72993
4.48833
3.80875
3.53001
4.90982
3.12537
3.07336
2.63871
2.82919
4.101
4.10721
4.24062
4.3284
3.33634
4.37415
4.41317
4.62743
4.32671
4.47135
4.82546
4.44037
3.69771
4.83866
2.95539
3.92816
2.84073
2.52645
2.92884
2.4519
4.00771
4.34034
4.37375
4.38862
4.85288
4.23943
2.48963
2.48791
4.19077
3.55376
4.60527
4.58301
3.70444
4.46628
3.05862
4.63387
3.83758
4.35209
4.51464
2.90404
3.58275
4.19181
4.83358
3.89835
4.27372
2.65484
3.39887
3.06421
4.64628
3.89496
3.0236
1.65823
4.37558
4.36448
2.4759
4.36931
4.51164
2.64889
3.15131
4.39444
4.78025
2.62608
4.08774
3.75289
2.61509
1.68858
3.4859
2.95027
2.36721
2.81555
3.69022
4.54469
4.54796
1.41477
2.71802
4.7862
1.44844
2.98964
2.6056
2.34323
4.38237
4.37218
2.44646
3.312
4.21005
2.87269
4.30763
4.91216
3.81123
4.2551
1.34634
2.24364
2.88735
3.57004
2.83622
3.73486
2.91015
3.9156
4.47616
4.64308
2.74006
1.42681
2.45978
4.27113
2.43652
4.32855
2.49724
4.2238
3.39671
2.84107
4.29578
3.86836
4.4241
4.97517
2.75059
2.52398
3.01886
4.41718
4.92326
4.01983
4.2404
2.34353
4.95999
4.16334
3.76857
4.39375
2.36034
2.34956
2.74095
3.80695
3.67197
4.62305
2.81232
4.69804
4.34146
4.26073
3.29469
4.26144
4.73979
1.70587
2.73082
4.53354
3.73419
1.63666
4.36649
2.9893
4.78293
4.64431
2.71223
1.44555
4.13535
4.22949
2.45493
2.62976
2.41018
4.75231
4.11582
3.68896
3.57369
2.91795
4.46972
4.25232
1.75525
4.16839
4.37783
4.36974
2.64069
4.21977
4.56342
4.92694
4.25513
3.39531
2.44548
2.67399
4.63938
3.84173
4.03277
3.14571
3.00895
4.39046
4.39197
4.77814
3.63075
4.4214
4.63106
2.76216
2.78586
3.09344
3.65328
4.8058
3.60234
4.67167
1.46688
3.12661
4.37196
2.27598
4.53214
2.70378
2.48198
4.07793
4.96641
3.86041
4.41532
4.40407
2.91686
3.42704
4.89152
4.83727
2.26863
4.99125
2.65452
4.50557
4.42001
4.50016
1.5335
4.3566
3.72583
4.22402
3.83815
4.40565
3.71183
2.54632
3.47126
2.48996
2.71164
4.74844
1.58327
4.70683
3.82498
4.47078
3.72567
4.39732
4.20483
4.30762
3.87644
2.67499
2.55247
3.67187
4.39851
4.4232
4.33666
2.94841
4.70814
4.62472
1.52802
3.01934
4.34734
4.6403
3.06987
4.53643
3.97492
2.60826
4.20984
4.22292
4.94151
4.26214
2.41983
4.91547
4.16415
2.56698
4.29899
4.66056
1.4928
2.92018
2.804
2.79316
2.75371
4.53495
3.57078
3.73043
2.41238
3.68282
2.34973
3.7729
4.25034
1.44385
4.37781
4.19052
2.74418
4.5677
4.84021
4.31216
4.16794
2.42308
2.66954
1.52183
4.72653
3.00819
3.83751
3.80686
2.93948
1.46692
2.38132
4.27697
3.08261
3.76057
3.9233
2.47357
4.73375
2.50921
3.69643
3.35814
2.52564
4.46381
3.00517
1.48347
2.85613
4.49844
4.26735
4.57113
4.87971
2.98027
2.38745
4.31391
3.67467
2.42466
2.40006
3.4337
1.67559
2.86591
4.51413
2.85236
4.60895
2.85012
3.72921
2.4334
4.10421
4.30873
4.77827
4.6097
2.57185
4.31944
4.27002
2.6109
4.61746
1.72529
2.93582
3.04131
4.53875
2.75406
2.98481
3.59174
3.768
4.30123
1.63746
2.59807
3.89705
2.55252
3.81787
4.28702
2.50194
4.48153
4.05936
3.03131
3.93637
4.32959
4.48019
2.84627
3.9504
4.40926
1.39891
3.53136
1.63593
2.59896
2.93586
2.67329
2.85754
4.15609
4.66711
2.49066
4.18791
3.01116
1.49815
4.53407
2.76015
3.85304
2.8019
1.38257
3.71888
2.45894
2.2659
4.33555
3.4301
3.66288
4.08831
2.9531
2.34183
4.46855
4.53674
1.43163
2.85245
2.91759
3.01022
2.97383
3.48067
3.81036
2.5061
3.74173
4.42271
1.49355
2.46234
4.00933
4.62149
4.46381
3.64027
2.60166
3.59035
2.94677
3.80413
4.20265
1.61965
2.40433
2.83359
3.54567
1.37686
2.53357
2.924
2.36111
2.95166
1.64351
3.72909
2.95935
1.36254
4.49499
2.79833
3.6873
2.45601
3.41653
3.71658
2.43501
4.52734
4.15597
2.96239
2.81823
3.82664
1.52199
3.05901
1.58452
3.70452
4.39283
2.76894
2.40163
4.19564
2.96602
2.60301
4.55939
3.40706
3.87081
3.66708
3.38253
2.57034
3.54096
4.95234
2.59085
4.8056
2.32441
1.48167
3.76485
4.24447
3.99169
4.26717
3.6198
4.51609
4.98435
3.54197
2.3921
3.40074
2.35634
4.26811
2.98063
4.86214
2.78491
4.18185
2.84191
4.23951
4.4715
2.49272
3.66745
2.59397
4.97358
4.2394
3.36798
2.38106
2.85073
4.521
2.63004
3.10987
4.35454
2.8644
4.39433
2.53981
4.85912
4.23329
4.87958
4.36588
3.95942
3.51481
3.85837
2.53793
1.45415
4.39469
3.92722
2.38057
4.39785
4.11597
2.34598
4.22272
2.49034
1.58403
4.23636
2.7795
2.47209
1.57767
3.51526
2.86824
2.48294
3.53707
2.69244
3.5447
2.59634
2.98769
4.93394
2.96547
4.26151
4.77834
2.46458
2.83603
4.57935
2.37222
4.83224
4.24163
3.78839
3.29565
1.44441
4.00377
3.69075
2.30401
3.68484
2.48564
4.23914
2.50658
1.56713
4.13419
1.33091
3.31022
2.86909
2.41295
2.77648
2.54371
2.48143
3.72839
3.45089
3.80817
2.35545
3.85053
2.53996
1.51063
4.31086
1.43166
4.31863
2.90272
2.48083
3.0861
2.57924
1.43682
3.68603
4.55638
2.44924
2.877
2.67756
2.93413
2.34788
3.14283
2.92072
2.38365
2.87571
2.47121
3.00689
2.39113
2.77624
2.508
1.53992
2.45545
1.72709
1.58316
2.42788
1.54533
2.38491
3.05296
2.656
1.43444
1.59835
2.64956
3.05598
