2.67919
2.5094
2.3915
2.45046
3.75694
3.88605
2.57408
2.43985
1.60277
1.57933
2.56756
2.55754
2.47359
3.83692
2.46276
1.5689
2.55351
2.5325
2.9537
2.45891
1.63914
3.96132
2.83511
3.80551
2.95589
3.70703
3.06134
2.92865
3.9002
3.45406
4.27385
4.55548
4.36121
4.50347
3.45634
4.50264
4.2264
4.22477
4.52587
4.46973
4.22605
4.75786
4.34254
3.90441
4.60266
3.03105
2.82362
3.72421
4.55505
4.46598
3.36915
4.7563
4.12935
4.07787
4.57114
4.32734
4.19884
4.33167
4.32999
4.79891
4.08963
3.72662
4.93064
4.89501
2.85078
3.91875
3.0548
2.81028
2.96638
3.59035
4.15168
3.55624
4.58555
4.28813
4.40133
4.63571
4.305
4.2664
4.52082
4.24547
4.40868
4.67451
4.33551
3.83085
4.70093
4.88644
4.91505
4.93828
4.92807
3.8241
4.96379
4.94915
4.93713
4.57053
4.60166
2.64457
1.54816
1.62396
2.46906
3.61805
3.81464
2.8634
2.48866
3.39508
4.41066
4.4259
2.5727
3.6723
2.46692
2.95821
4.53358
4.9354
4.20986
2.30492
4.29466
4.26605
4.11893
4.35179
4.79494
4.62422
3.74914
3.48544
4.96037
2.8257
4.39644
3.79531
4.22677
4.85583
2.41155
4.62814
4.41477
4.38847
1.55032
3.5643
1.53337
3.15297
2.62786
3.09706
2.85767
3.8931
2.73425
4.33985
3.17125
2.56242
3.89273
4.22998
3.70271
3.62475
2.57362
4.5206
4.38334
4.37488
4.71491
2.91355
4.64257
3.93551
4.47701
4.62045
4.33453
2.31772
4.98021
4.09383
4.1835
4.40922
3.74428
3.68365
4.67082
2.88298
4.88646
4.18678
3.81906
4.16541
4.12786
4.22262
4.51462
4.42611
4.20671
4.67184
2.99683
4.98771
4.70021
3.91137
4.45796
4.62822
2.50418
4.90952
4.93355
4.35581
3.88965
2.41055
2.49075
3.71277
3.67999
4.27459
3.01963
1.68896
2.6491
2.63849
4.32715
3.80576
3.49882
3.00582
4.41029
3.93026
4.35795
3.96863
1.5382
4.59558
3.14547
4.49548
4.5859
2.60309
3.7492
3.35172
4.54704
2.32215
4.06549
4.8122
4.21779
3.82965
2.92446
2.52681
3.96401
4.3486
4.42683
3.07998
4.01089
4.45116
4.58457
3.95815
4.79266
4.11715
4.83878
3.28043
4.44328
4.75775
4.99843
4.85943
4.39216
4.69136
4.12063
4.81564
1.4019
3.11649
4.72618
2.99572
2.52315
3.9014
3.50265
4.35789
4.45143
2.45226
4.54349
2.96954
4.34499
2.53491
4.90851
3.81365
4.25222
4.8251
4.51637
1.58406
2.75464
4.4637
2.89062
3.87054
2.43156
4.81449
4.99872
4.26639
4.24704
3.76379
4.36889
4.42848
4.48266
4.2151
2.86059
4.54606
4.38584
4.19919
2.75782
3.91223
4.72736
4.44611
3.55873
3.11203
2.92688
3.41128
4.31344
4.85518
1.57998
2.31952
1.50344
2.56876
4.30067
4.43122
4.09861
3.81919
2.97655
4.69219
2.69754
3.93177
3.65248
4.21053
3.50948
4.89071
4.41002
4.63172
4.4957
3.54576
4.91183
2.83403
2.379
4.52867
2.50703
3.67849
3.0467
4.4592
4.27833
4.07703
4.49903
2.66818
2.83836
4.2576
4.14905
2.95399
4.49752
3.95179
4.56628
4.32333
4.98407
4.35315
1.4912
4.48721
4.48707
2.81356
2.43146
3.06129
4.33639
3.56501
4.47747
2.48535
3.82092
4.94608
4.22978
4.1591
2.77762
2.41073
4.36059
4.25729
3.79139
4.49676
3.79125
4.86419
4.16472
4.79827
4.37004
3.85507
4.48899
2.55447
4.42575
4.39598
4.14987
3.94427
4.28247
3.0385
3.74762
4.58485
4.26493
4.41098
1.3976
2.95456
2.42496
2.42446
1.4937
2.98308
4.40696
3.47661
4.20152
4.1084
4.38713
3.16041
3.70563
4.36386
4.90491
3.86886
1.41117
2.77548
2.87003
4.72066
2.35998
2.97834
4.11973
4.5082
2.53633
3.32752
4.44295
4.02117
2.28654
2.74076
3.75049
4.26174
4.88401
4.96346
4.25246
4.21162
4.53723
4.57476
2.967
2.66072
4.59215
2.58615
4.54583
4.02016
3.58847
2.28914
4.2179
3.00417
4.65072
3.94476
4.20034
4.75627
2.90681
4.61165
3.71678
2.47801
4.33663
4.37272
4.7201
4.91255
4.19517
4.18129
3.64548
3.01892
3.81661
3.56055
4.70761
4.3262
3.27611
4.49497
4.95129
4.5112
3.76098
4.94752
4.86626
3.91853
3.81808
4.42076
4.74405
4.12693
4.88253
4.38625
4.93563
4.40578
4.32173
4.96363
4.53462
3.10878
3.60381
4.20782
4.46461
2.63843
2.97742
2.90537
2.44856
4.32341
4.56935
4.41016
4.62813
2.3236
2.59677
3.57414
4.42343
2.85835
2.54369
4.39767
4.28598
2.8927
2.8578
3.51367
3.77355
1.568
2.43432
4.30268
4.91026
4.22438
4.64446
3.54195
4.91702
4.51414
4.88153
3.06159
4.25105
2.86478
4.62103
4.27214
2.89791
1.49065
3.74433
2.47225
4.33193
4.79279
4.47318
4.99079
2.33613
3.52378
2.46756
4.39165
4.43376
1.58197
4.19686
3.82931
4.17561
3.77968
4.33334
3.74552
4.91418
4.28607
2.93557
2.85145
2.33282
4.21349
4.42812
4.09169
4.75559
2.91755
4.4668
4.61346
4.98597
4.24209
4.46669
3.58527
3.91034
3.97248
4.57943
4.30129
4.36036
4.20136
3.97089
3.95106
4.54034
4.45477
3.49812
2.44438
4.23684
2.97555
4.58931
4.55934
4.2883
3.01607
1.56996
2.52559
4.68791
4.46677
3.86163
3.96138
4.39857
4.31335
2.63268
4.40152
4.30085
4.94198
4.60965
4.59471
3.06405
4.37814
4.99683
2.61642
4.38241
3.15743
4.91961
4.61451
3.83175
1.50709
2.63737
2.42671
4.30082
4.50896
4.08822
4.94497
2.8242
4.9936
4.25765
4.28084
2.54176
4.25811
4.95415
4.01967
4.93408
4.58003
3.76018
4.21394
3.71087
2.31339
3.16606
1.3759
3.25877
3.94418
2.83237
2.66261
4.4256
4.89065
4.51048
4.95603
2.75754
4.47571
4.24082
4.58991
3.5804
2.38626
4.19254
4.15535
4.99307
3.97555
4.66221
3.88374
4.34359
3.33319
2.27487
2.53605
4.42011
1.4611
2.84929
4.4138
4.9164
2.75151
3.80342
2.43888
3.75123
4.09072
3.83313
4.10797
3.50717
4.79898
4.98368
4.32308
4.14091
4.3222
4.48759
3.05031
4.51267
4.34681
2.47419
1.46557
3.02915
4.47605
2.57826
2.51008
4.02315
4.43279
3.56931
4.61402
4.30473
2.986
2.94427
1.42308
1.49533
4.66424
4.50676
2.40988
4.81076
4.93707
4.43012
4.36206
3.4022
2.44694
2.92565
3.81491
4.35358
4.36398
4.48473
2.73286
2.51165
3.92043
2.87627
3.0373
3.92436
4.45539
3.60401
4.45084
3.40037
4.59977
4.86021
4.87613
4.05853
4.57864
4.53193
4.44685
4.4365
4.89005
4.64622
1.53469
2.65287
2.44943
2.39918
4.98118
3.37172
4.13108
2.80679
2.53473
2.87539
4.35678
4.15082
4.15441
4.7878
4.34692
3.82739
4.74055
4.72386
3.79363
4.35797
2.36798
4.26028
4.90499
4.23174
3.64219
4.29915
4.27989
4.33092
3.8029
4.66216
3.72769
4.61185
4.30333
4.96471
4.31421
4.89157
3.75558
4.97795
4.26823
4.35515
1.48263
3.85267
4.31473
3.51994
4.64523
4.30112
3.00077
2.52924
2.60259
4.19759
2.9403
3.69958
2.89645
3.77822
2.96517
4.56997
3.83451
4.2594
3.70398
4.17988
4.94177
4.54164
3.48241
4.4922
4.98047
4.62969
1.63944
2.59395
4.22718
4.29071
2.32309
3.32936
2.93143
4.37464
3.74474
4.25041
4.38465
2.40255
3.82594
4.45131
3.85298
3.84028
4.4312
4.85108
4.33239
4.86839
4.5226
3.03154
1.35787
2.6762
2.26726
4.3947
4.37616
3.42518
3.01173
4.48272
4.66083
2.45022
4.28827
4.59629
4.44371
4.06773
3.11007
4.47247
3.74366
3.83685
4.17386
4.294
4.99318
4.52383
4.4353
2.7651
3.03655
2.51159
4.29462
4.22688
3.8789
4.37275
4.4617
4.45346
4.71163
4.36893
4.38778
2.60741
3.9901
2.9474
2.87068
4.5393
3.9516
2.75267
3.11409
3.00941
4.35698
3.81903
2.57693
2.43666
2.3399
2.42647
3.68501
4.40517
4.29962
4.58485
4.82662
2.79209
4.41228
3.8773
4.46621
4.34007
2.77729
3.40913
4.22468
4.54015
4.03434
3.77245
4.34381
4.20748
3.58259
2.58526
4.72235
4.61525
3.05101
3.84726
4.59638
2.70832
4.40622
3.56957
4.81427
4.31325
3.72957
4.41539
4.24992
4.22728
3.85911
4.76359
3.61606
2.50437
2.2317
4.48061
2.92871
2.65529
4.76737
4.43931
4.36098
3.43343
4.75617
3.84577
4.24278
3.7239
4.62235
4.3597
4.4197
4.485
4.98279
4.15808
4.8898
3.66978
4.7297
4.23283
4.12953
4.86125
4.34508
3.8118
4.96135
4.45762
4.11804
4.53437
1.56928
1.5097
2.79086
4.41478
2.90009
2.59942
3.98629
3.83488
2.41882
2.87428
2.53421
4.32906
2.556
4.31063
2.56239
4.26398
4.48675
3.49374
4.99484
4.49738
4.6347
2.93532
4.45028
3.84479
4.53383
4.33426
3.40612
2.79315
4.33251
4.52229
4.80317
3.81722
2.48521
4.26236
2.47131
4.30274
2.99722
3.10055
3.89233
4.36705
4.53277
3.58381
4.52468
4.45461
4.51134
3.85509
4.30474
4.38799
4.33651
4.96529
4.5113
4.32415
4.05245
2.51722
2.53465
3.57594
4.1993
2.52355
4.57638
2.99287
4.60278
3.93812
4.52521
3.58718
4.56869
2.89635
4.35297
4.57623
4.80073
4.48412
3.89056
2.49751
4.28371
4.38153
4.1992
3.79821
4.88164
4.21772
4.99041
3.86897
4.87097
4.44719
4.35897
4.51225
2.59403
3.45994
4.56349
2.40458
2.91182
4.40767
4.29079
1.50023
2.50469
2.98692
3.85908
3.93783
3.98717
3.73785
4.73541
2.84732
4.21043
4.87517
3.56977
4.41004
4.97059
4.53176
4.55623
3.45688
4.69861
3.0429
2.9761
2.65004
2.70322
4.47232
3.97548
3.03304
3.45258
4.5641
4.38324
2.53714
4.08305
3.02184
4.78002
4.41238
3.91448
4.74721
3.88574
4.50944
4.98456
4.67681
2.92032
1.52567
4.69383
1.45828
2.47301
4.28788
4.92353
4.31691
2.95297
3.46616
2.50081
4.17422
3.79511
4.19065
4.4583
3.53838
3.03519
2.45101
2.91082
4.54614
4.56833
3.76686
4.22768
4.64699
4.27551
4.94553
4.53837
4.61425
2.46088
4.28019
3.75968
4.78571
4.33682
4.20393
4.29541
2.95868
4.43265
4.22222
4.35236
2.43282
4.30066
3.94011
4.32455
2.91441
3.55521
2.98422
4.63112
2.9533
3.81087
1.56443
4.58597
2.4407
4.19787
4.31792
4.89823
4.11914
4.24451
3.84815
2.74909
4.53493
2.37328
3.82155
3.4584
4.38734
3.66571
2.45902
1.52791
2.88625
1.57367
2.59808
2.66184
2.58379
3.90405
3.05579
4.25902
3.48222
4.45593
4.5038
4.40943
4.11546
4.66154
3.87504
3.13033
4.58646
2.93795
2.68454
4.19607
4.54908
3.88607
4.26268
4.99032
4.6938
4.34868
3.83074
3.04963
2.94837
4.4384
3.87735
4.27789
4.96595
4.3722
3.43679
4.56502
4.62291
3.50974
4.99482
2.96504
4.58157
4.41064
4.2325
4.22431
4.98311
3.82265
3.92611
4.47457
4.30064
4.4551
4.89359
4.92375
4.20593
4.22189
4.1917
3.78796
4.31388
2.44815
2.79431
2.39797
1.4476
2.9229
4.48051
3.82121
2.80016
3.87319
3.76302
2.91904
4.10804
4.85219
3.60738
4.16217
4.94161
4.80155
4.63196
4.47286
3.50687
3.79423
2.96057
1.50443
4.57799
2.48082
4.28478
2.5603
3.87662
4.88977
4.27522
3.69989
4.51185
4.15297
2.352
4.39699
3.05095
3.78252
4.52054
4.79912
3.86778
4.51493
4.38121
4.92376
4.41609
4.53454
1.61698
2.89934
4.47945
2.46753
4.30587
4.42144
4.91114
3.84015
2.55824
3.94049
4.65422
3.62998
4.28779
4.3357
2.5666
2.93109
4.52804
4.57785
4.21141
4.94948
4.30532
1.5432
2.98683
4.65044
2.98309
2.54287
4.51997
4.25769
4.42526
4.36668
3.94919
4.99363
3.84562
4.54657
4.34954
4.40575
2.9021
2.52432
3.02457
4.38401
2.38342
4.46638
4.24168
4.6171
3.019
4.3627
4.57272
3.43384
4.94125
4.97029
2.73442
4.18395
2.90645
2.98875
2.56101
4.66551
4.52964
4.7462
3.36339
1.70452
2.3782
3.74516
4.81572
4.43166
2.6406
3.47771
4.40242
4.25368
4.29993
3.85888
3.84586
4.4437
4.33984
2.54955
3.53563
2.93907
2.50962
4.65432
2.93201
4.25926
2.84417
4.36912
4.43923
3.76004
2.36546
1.51897
4.26329
4.62984
4.97648
4.88544
4.78208
4.22571
4.02463
3.78186
3.64112
4.27114
4.49975
2.50682
3.36849
4.61775
4.43129
1.53163
4.24165
3.82941
3.87152
4.18011
3.87966
4.87122
2.68668
2.53191
2.82238
3.5592
4.89411
2.36215
4.68797
4.22266
4.03575
4.27112
2.89897
4.46663
4.60201
4.95654
4.31115
1.39832
2.57847
3.50159
2.8756
2.39752
2.9315
3.88116
4.53202
1.47264
3.11621
1.48646
4.66526
2.52503
2.47822
4.61888
2.57537
4.47567
3.69695
2.96636
4.37843
4.58005
4.78013
3.93396
4.4458
4.00336
4.54876
3.72191
4.40311
4.08776
4.82573
3.42087
4.77506
4.7176
3.52815
4.32967
4.79554
2.83501
3.81294
4.68786
4.55984
4.22113
4.85192
2.888
3.75015
4.58019
1.51634
2.48397
4.58628
4.98306
4.23976
4.20807
3.88486
4.37298
4.26839
3.48085
2.85481
2.41213
4.60101
2.76719
4.01807
2.44558
4.47069
4.73973
2.93373
4.34087
2.45786
4.25819
4.10569
4.97422
3.86608
4.35383
4.29857
4.4956
4.165
4.29529
4.92517
4.80653
2.94326
3.8522
4.63454
4.31184
4.26626
1.61236
2.92562
3.46149
2.74331
2.53201
4.30492
3.61353
4.46366
2.25086
2.59979
2.33436
4.33713
2.78807
2.81495
4.06448
3.73667
4.64937
4.68566
4.53877
3.37415
4.63246
4.53665
4.21829
4.90401
4.37388
4.38422
2.43067
4.70427
2.81327
3.81449
4.67901
4.38985
4.5163
4.50516
4.43054
4.99635
2.94913
3.33058
4.43825
3.65749
2.3697
4.18537
4.24352
3.74594
4.95887
4.87502
2.54358
4.32088
4.49155
3.52678
2.47903
4.71202
2.96255
4.43635
4.59025
3.86806
4.39843
4.59506
4.60442
4.4736
3.433
2.82759
4.08501
3.76021
4.35627
4.47496
4.93274
4.12182
4.99175
3.65232
4.85438
4.88663
4.20134
4.82676
3.87273
4.99728
4.43757
4.21859
4.23042
4.41151
2.53025
4.62211
3.42368
2.98513
4.64585
4.61915
2.82478
1.56592
2.92862
3.85853
2.46555
2.49103
2.64233
4.28532
4.40464
4.56378
4.32493
2.82435
3.53446
2.78592
4.3604
4.52913
3.96109
1.42528
2.38599
4.29516
4.39978
4.65371
4.19669
4.16118
3.95158
2.45351
2.69126
3.31635
4.32558
2.22677
1.38867
3.806
4.39457
2.76361
2.38424
4.16224
4.10483
4.09176
3.69496
4.81569
4.9821
4.23613
3.94211
4.73673
2.94884
3.96577
4.44488
4.78984
4.46334
3.50783
4.58871
3.56989
2.99759
3.75222
4.46269
4.65961
4.18535
4.2353
4.94493
3.69942
3.59592
4.55697
4.25149
4.39073
4.93987
4.85582
4.39901
4.57832
4.2891
4.12759
3.74911
2.30003
1.4513
2.87998
4.60222
4.52588
4.43412
1.55154
2.87953
1.48998
2.31625
4.22625
2.70421
4.13513
2.49782
4.919
3.65619
4.4016
3.72069
3.58118
4.52718
4.40905
4.2606
2.98305
4.63108
3.82646
3.04216
4.32968
4.99881
4.36441
4.9248
4.72984
3.36925
4.97843
4.71665
4.39496
3.51322
3.69525
3.73622
4.95356
4.58684
4.3439
4.29701
4.81199
4.90362
3.02214
1.76777
4.56837
2.56918
4.2293
4.21458
3.89477
4.41471
4.44198
2.5799
3.56598
4.67521
2.5137
3.03313
4.75305
3.04533
2.82332
3.05142
2.37014
4.44961
4.27368
4.38984
4.33293
3.85553
2.76338
4.52616
4.58711
3.91909
4.22479
4.36736
4.98162
4.96482
3.80136
4.67811
4.25424
4.35752
1.61184
2.47957
2.51437
4.97141
4.29688
4.24441
4.43438
2.48039
4.35785
3.72188
2.98605
3.96843
4.8841
3.52033
4.41913
4.59265
4.38133
3.55375
4.95412
2.43485
1.6255
2.94405
3.89473
4.40884
4.61648
2.55521
2.90976
4.33683
3.88318
4.04549
4.38929
1.55856
2.68126
2.65351
4.62631
3.75204
3.06721
2.59385
4.2561
4.42758
2.58448
4.36785
3.1474
3.87513
4.60286
4.81793
4.62229
4.40155
4.27906
2.47068
4.32524
4.94786
2.46972
3.83593
4.35949
4.56673
3.83021
4.95648
4.51259
4.05283
3.67389
2.82269
4.25541
4.33662
4.85794
4.50827
4.98135
3.43791
4.28856
4.41872
4.97303
4.49075
2.92436
4.24904
4.60564
4.51924
4.98966
3.84007
2.46975
4.31935
4.908
4.18475
3.71084
1.43054
1.64711
4.53046
3.66424
2.90782
1.47655
2.93458
2.2571
4.0733
4.4185
2.46165
2.62379
4.29888
3.61704
4.90644
4.96074
4.2791
4.57185
2.92068
3.54035
2.96447
4.6574
2.95255
4.39629
2.6844
4.4439
4.4306
4.01243
4.42206
4.62954
2.44248
2.39258
4.09946
4.89821
3.8037
3.23688
3.83722
4.24909
3.89703
4.41695
3.12858
4.75358
2.79458
4.41848
4.46684
4.36726
4.30672
4.02038
4.49732
3.87771
3.85695
3.78518
2.9087
4.20644
4.30198
4.9549
4.99884
4.87342
4.80685
3.47621
4.49342
4.32155
4.79091
3.39114
4.48544
3.7637
4.20273
4.15193
4.89989
2.84439
4.61097
4.28095
4.33803
2.82334
4.62952
4.57366
4.40524
4.18906
2.51225
4.32385
4.29968
3.5121
4.21817
2.57663
2.49733
2.46253
2.76385
4.4975
4.03216
3.78379
3.00016
4.53544
4.17209
4.84314
4.60753
4.22786
4.56408
3.60607
4.58648
4.3867
4.31338
2.52919
3.53783
3.02708
4.70983
3.91155
4.54571
4.43142
4.75329
3.72738
2.72921
4.70082
3.70092
4.18064
4.43732
4.16988
4.24701
4.35084
3.97641
4.98521
4.34239
4.38338
2.56873
2.48297
3.57978
2.88674
4.4587
4.66062
4.27511
3.86595
4.60206
3.78988
4.51542
2.89289
3.49473
4.50324
4.37949
4.20703
4.90546
4.31325
3.68511
4.92458
2.35667
4.29916
4.27366
4.99208
3.76122
4.98248
4.19907
4.2398
4.54554
4.94032
3.63452
2.57522
2.60925
2.8228
4.78798
2.81431
1.63737
4.56639
4.18462
3.83984
4.99093
4.23044
2.32458
4.71403
2.85709
2.51419
4.384
4.56756
3.51548
2.94234
4.6165
4.34478
4.57487
4.00633
2.6862
1.44301
4.41806
4.41342
3.01074
2.69472
2.37242
4.60611
2.51332
3.23827
2.47687
3.52238
1.57134
4.72299
3.71071
2.92838
4.30306
3.68974
2.76139
4.14949
4.3197
3.73742
2.48051
4.28704
4.97936
4.38537
4.49206
4.34453
4.53702
2.86364
4.23888
4.37499
4.3567
4.25465
3.88355
4.68715
3.89054
4.3009
4.96993
2.42041
4.21771
4.9029
4.35311
4.99066
3.74594
4.65428
3.85639
4.32241
3.2578
4.15136
4.37411
3.52229
4.99187
2.96299
4.25006
4.5427
4.29054
3.45076
2.61601
4.6667
4.50854
1.61036
2.5459
2.84064
3.5637
1.56746
2.7372
4.22457
3.6447
2.76089
2.44357
2.56528
3.01542
4.42983
3.88833
4.19466
4.12443
3.87373
3.59653
4.94591
4.37791
4.17662
4.93449
3.73824
2.82256
4.29892
4.48475
3.58551
4.24655
4.86555
4.34885
4.50768
3.38801
4.78977
4.92261
4.81203
2.79343
3.80663
4.82193
4.53024
4.36552
4.49895
4.09857
2.49586
4.48826
4.32676
4.6655
4.38074
4.40421
3.94407
4.57467
4.70183
3.1128
4.43273
3.90943
2.66424
2.54794
4.26769
3.71504
4.47857
3.04158
4.93218
4.71806
3.96067
4.38167
4.78314
4.61342
2.61336
4.15367
4.49583
3.91896
2.38765
4.47587
2.7683
4.56943
4.99316
4.66322
3.96196
4.3256
2.88494
1.57869
2.48193
4.26274
4.60233
4.26165
2.36562
2.92594
4.95236
3.45944
4.34629
4.40768
4.58724
4.76694
2.90788
4.32073
4.99152
4.4278
4.93186
3.5501
4.02955
3.78957
4.55311
4.16174
2.46964
3.23635
2.94661
1.62883
4.18157
2.81124
3.78034
2.4809
4.46572
3.03517
2.51919
4.11921
4.41805
4.41693
4.92056
4.3704
3.70764
2.58412
3.38034
4.737
1.50735
2.9436
4.61781
3.83996
4.96315
2.9131
2.39046
3.85239
4.48866
4.42646
3.87087
4.10844
4.92437
4.897
4.23355
4.42803
3.92313
4.71062
3.8573
4.4379
2.5056
4.9475
4.54292
4.28223
4.91466
4.53587
3.06531
4.76642
4.33953
4.73367
4.46369
1.53324
4.62483
3.89152
4.4172
4.02281
3.9291
4.97667
2.7722
2.86668
2.57078
2.51228
4.37502
3.02333
4.41097
2.99666
3.43403
2.24949
1.46607
2.57096
2.33067
2.50392
3.90109
4.08593
2.91585
4.46701
4.51553
4.45903
4.95686
4.97232
4.33617
2.71041
3.45707
3.04511
4.57821
4.0478
4.7112
4.40689
4.37337
4.57486
4.40811
4.53349
2.36094
4.01318
3.68594
3.77625
4.33816
4.14458
2.73983
3.37178
4.92008
4.68731
4.81709
3.75477
4.52775
4.48789
4.96969
2.73917
4.55107
4.6785
4.09457
3.7846
4.43745
3.99293
4.18806
4.32554
4.0621
4.45672
4.27433
4.65974
3.63773
3.54275
2.36596
2.90722
1.46978
4.71992
2.97311
4.33806
3.09464
2.53332
4.64133
3.77751
4.24554
4.5375
4.41278
4.67328
4.36719
4.0407
4.20196
4.93699
4.45765
2.783
3.96655
4.93545
4.89245
2.31546
2.44772
4.79298
3.59815
4.50302
3.67906
4.21807
4.86746
3.49394
4.89597
2.49217
2.93909
4.28419
3.78674
4.91
4.43296
4.4188
4.75891
4.61727
3.02258
2.46636
1.47058
4.50233
2.55472
4.54741
2.94575
3.70218
2.50863
3.44171
4.63033
1.5915
2.94328
3.7857
4.6324
3.9536
2.60653
3.0025
4.3982
4.41571
3.91722
3.38361
4.19653
3.79773
3.69295
4.37901
4.44122
3.58033
2.56356
4.2305
4.35555
4.50906
4.98725
4.68534
2.88549
4.51168
4.40549
2.64477
2.49796
1.55931
2.93721
1.62529
3.84394
3.00048
4.52245
4.38737
3.87715
2.40011
2.98366
2.26972
2.94875
4.43205
3.44845
4.39695
4.35657
3.92947
2.63929
4.31567
2.5098
3.81277
4.54669
3.81492
4.13912
4.41236
2.74501
2.35447
4.34897
4.30715
4.88658
3.39231
4.79045
2.79645
4.36011
4.40135
4.1712
3.65278
4.71121
4.44568
2.61915
4.51776
3.89462
4.99524
4.95968
4.97162
2.87465
4.52022
4.68056
3.861
4.40424
2.42865
2.33555
4.27351
3.57834
2.75262
4.55998
4.52045
3.82256
4.85751
4.60547
4.34027
4.23238
4.86956
4.09198
4.18971
4.4491
4.96195
4.23233
4.06293
4.96391
4.26377
4.86977
3.7089
3.66196
1.50494
2.74444
4.10662
1.50336
3.11819
4.68603
3.00139
2.41165
3.85493
4.23254
3.91844
4.41112
3.65563
2.57417
4.7027
4.1935
3.05176
2.65624
4.3072
4.21327
3.93811
4.99292
2.73945
3.71531
4.4742
4.46036
4.73092
4.51557
4.94521
3.29124
4.19477
4.46613
4.29201
3.66576
3.19508
4.38267
4.63258
3.93424
4.69938
4.99493
4.53411
4.25912
4.23315
4.40102
2.44994
3.80241
4.48661
4.20106
3.68464
4.59789
3.26908
4.4559
2.71408
4.40242
4.42617
2.41747
4.62232
2.74939
4.34788
4.21411
4.53776
4.8281
3.77275
4.23324
4.42649
2.34297
4.3667
4.92604
4.28268
4.92617
3.70798
2.89562
3.03726
4.54024
1.64289
4.23359
4.75023
4.1956
3.07473
4.34416
4.29815
3.93396
2.67449
3.69217
4.66658
4.30999
4.37913
4.63822
2.98302
4.56851
3.4448
4.53229
4.84196
2.48274
4.19641
3.9765
4.65195
3.78543
4.39386
3.49259
2.65238
2.78306
4.99833
4.29872
4.16675
4.5646
4.94576
3.90403
2.8908
2.86766
4.27473
1.47874
2.40672
3.6176
4.17696
4.59776
3.475
2.41098
2.52449
1.42972
4.62596
3.90082
2.8874
4.60937
3.83531
3.88381
4.38909
4.30526
3.00041
2.46833
4.34716
2.36573
4.87424
4.26875
4.18969
3.71742
3.81685
4.54499
4.31238
4.9547
2.46762
4.35231
4.38271
2.93071
4.49327
4.57492
4.26051
2.45796
2.72723
2.35501
2.47927
3.6466
4.09048
2.60761
1.51573
4.44865
2.65549
2.88958
2.56443
4.35687
3.05546
3.08139
2.89079
4.45932
4.48039
2.58856
1.64162
3.91489
4.43262
3.77008
4.93202
4.83527
4.01433
4.07401
4.25707
4.99678
4.98232
4.19073
2.75832
3.90817
3.83457
3.77355
4.5842
4.54
3.59494
3.41906
4.95898
4.32246
4.33998
4.25828
4.55463
4.65084
4.35644
3.89083
3.83416
4.88414
4.31683
4.3109
4.17468
4.45587
4.13884
3.87302
4.0489
3.00637
2.85349
4.71224
3.47807
3.44124
4.47293
4.96417
4.57431
4.43518
4.39347
4.64473
4.35076
4.30225
3.621
4.6908
4.91476
4.80989
4.88802
3.69219
3.31872
4.92397
4.33705
2.93529
2.40998
1.48397
3.48928
2.39673
2.94348
4.23814
4.92175
3.82365
3.87878
4.47292
4.95316
4.25474
3.78636
3.7759
4.19712
2.4877
3.73581
4.27314
4.21619
1.5076
1.56233
4.61528
3.84586
2.36681
3.61169
4.25842
2.38324
2.94988
3.77345
4.426
4.43313
4.58318
4.65011
3.81521
4.36129
4.99515
4.3394
3.81381
2.54918
3.75165
4.15532
4.68568
2.92473
4.615
2.63603
4.46268
2.29755
3.4499
4.78073
4.18785
4.21347
2.79913
4.90866
2.46905
4.44916
4.19158
2.91499
4.45752
4.23245
4.80185
4.34796
4.54711
4.38161
4.56604
3.03773
4.42963
3.83588
2.44131
4.32313
4.23551
3.94529
4.39206
3.66032
4.26841
3.98207
4.40657
2.98665
2.70196
1.37568
2.62858
3.37255
2.86031
4.72202
4.49848
3.16173
3.86325
3.13297
4.45725
4.88439
4.36272
4.5501
4.26119
4.51182
2.54331
2.97296
4.74238
4.63655
4.85092
2.89034
2.52752
4.90843
3.32427
4.27841
4.25441
3.7554
4.0684
4.29654
4.84683
2.20568
4.71766
3.50845
3.24139
4.49175
4.78771
2.58596
4.33738
4.44951
4.79836
1.41699
1.39976
3.07869
2.43633
3.42456
4.98582
4.24978
2.43217
4.26836
4.48226
4.66183
3.68607
4.3843
3.95669
3.7398
3.70749
4.21963
4.20297
4.2743
2.77135
2.59604
4.42514
2.81316
4.82923
3.65116
2.29877
4.90682
3.98263
3.96865
4.0629
4.1628
3.46545
4.25668
2.47632
2.76538
4.8704
4.13164
4.99829
4.10374
4.48389
2.85738
1.51949
3.52345
2.74553
2.37471
2.76268
4.89599
4.42259
4.40461
2.36598
4.09397
4.1261
4.41358
4.7037
4.3313
4.44354
4.53592
3.63564
3.06309
2.60475
3.61366
4.2189
2.55297
4.28722
3.82599
4.70276
4.93431
4.40179
3.93974
4.62968
3.05201
4.46131
4.45186
4.66922
4.2892
2.88052
4.16152
2.43073
4.52471
3.86327
1.54144
2.45685
3.53247
4.10618
4.25362
3.83145
4.30301
4.49928
3.68221
4.9628
2.45391
4.70163
4.30559
4.42235
4.42886
1.46739
3.02689
4.76299
2.9924
3.96441
2.46688
4.93892
4.15925
4.27865
4.47128
4.23334
4.16519
4.30693
3.73561
4.38788
4.43873
2.44461
4.84307
3.78509
3.74581
2.83443
4.96182
2.45408
1.54844
2.89994
3.43648
4.46917
4.66023
4.439
4.18166
2.58598
4.48564
4.13255
2.79699
1.43403
2.62456
3.94033
4.63628
2.55761
4.94803
3.5799
4.03222
4.20976
2.33154
4.4579
4.21433
2.94566
3.77228
4.94341
4.6834
4.10522
4.29858
4.39236
4.35794
2.42512
3.78813
4.69665
4.57104
2.91065
4.55297
3.98205
2.51432
3.57803
4.18243
4.26286
4.2764
4.43149
2.43
2.83621
4.84903
3.69035
2.86631
4.23726
4.3281
4.29351
4.57896
4.41264
4.62982
2.88753
4.57091
2.44644
4.96303
4.07792
4.2471
4.24965
3.70552
3.19949
2.53119
3.01202
2.67671
2.48922
3.77662
2.22465
2.31202
1.50021
1.60421
3.88102
2.61432
3.91949
2.52995
2.77125
2.62831
2.41357
2.93137
3.68212
3.82118
4.59156
4.30874
4.34074
4.13374
4.73566
4.53748
3.01816
4.54127
4.49072
4.95968
4.80799
3.61816
4.33841
4.45176
3.57148
4.6555
4.37385
4.23789
4.39323
3.88877
4.76198
3.72087
4.84157
4.85398
4.18267
4.58641
4.16636
4.41971
4.39386
3.14543
3.15849
3.9261
3.88343
4.86559
4.98083
3.31228
4.26434
3.64705
4.30637
4.56443
4.22674
4.6575
4.87375
4.56488
4.06558
3.71273
4.7427
4.99601
4.88652
2.92157
2.68144
1.55096
1.57231
2.67674
4.00998
3.10932
2.73072
3.79404
4.73818
4.81069
4.48934
4.8195
4.00668
4.58785
4.81275
2.8129
4.12276
3.73859
3.86683
4.28841
4.32835
3.46786
2.46449
2.31818
4.26349
4.277
4.83023
4.26824
4.94367
2.72455
3.65914
4.62861
4.35919
4.30364
1.43903
3.29575
1.37446
2.30301
2.72471
2.27738
2.88998
4.24504
4.95989
3.16455
3.80679
2.49917
4.21277
3.84612
4.39944
2.4791
4.64699
4.20828
4.31005
4.47716
4.94331
3.86555
4.11566
4.44521
2.85571
4.97338
4.03087
4.26842
2.36139
3.67658
3.99522
4.32097
4.9371
3.45059
4.18226
3.49712
4.8858
4.64775
2.75052
4.79639
4.36377
4.07022
4.89199
3.60655
1.58282
2.39497
2.28097
3.74177
3.35942
4.14779
2.88891
1.63501
3.02205
2.54971
2.90525
2.53036
2.84943
4.44616
4.31067
3.75087
4.81775
4.84163
4.88262
3.69997
2.89645
3.86141
4.42664
4.03787
4.40324
3.62192
4.14437
4.6657
3.35502
4.4334
4.48282
4.93759
4.39616
4.72787
4.88026
4.34746
4.19366
4.39446
3.95606
4.2805
2.90577
1.60062
4.67057
1.50948
3.92626
4.4822
2.51438
4.39228
4.42702
2.37304
3.50522
2.90982
4.31603
4.64697
2.57595
4.64152
2.87506
4.38101
2.63365
3.80268
3.78949
4.70201
4.73933
3.88535
4.00086
4.33453
4.22103
4.23877
4.95773
4.2853
4.97461
3.03286
1.49645
2.40579
2.8117
3.77978
2.51454
2.63394
3.48828
3.94671
4.2466
2.93562
2.41611
4.22617
4.6035
4.93799
4.18456
4.92515
3.73002
4.76553
4.40134
2.31171
2.59507
4.92233
4.25421
4.96764
4.21826
4.6005
2.69272
4.57054
4.58633
3.8508
2.86317
3.46842
4.33526
4.59044
3.84984
4.22181
4.99684
4.33709
4.99719
3.88811
4.30536
4.44315
4.41895
4.26399
2.69843
3.53832
2.36586
4.46898
2.86046
4.6207
4.65888
3.85793
4.60454
3.53182
3.07903
4.317
3.90925
4.22043
4.43496
4.13652
4.3045
4.84004
4.46179
4.46974
3.75962
4.69878
2.34416
3.89649
4.25344
3.53936
3.0056
3.05086
3.56557
4.59366
4.3806
4.54321
4.57562
4.45358
4.25864
2.42562
4.9801
3.77885
4.30997
4.24254
4.61165
4.49444
2.94303
2.89113
4.09831
4.95633
2.4126
4.53742
2.49508
3.76184
3.5264
2.95889
4.39032
4.44542
4.95579
3.83173
2.80335
4.26252
3.97896
4.26558
2.55905
4.50033
4.22224
2.93106
1.45768
3.70162
4.55906
2.95988
4.22682
4.94245
2.51218
4.2209
3.68766
3.50992
4.58255
2.52877
3.8162
4.39588
4.26867
4.43928
4.20223
1.55156
4.59202
3.0064
3.8416
4.15424
2.50786
4.31733
4.53651
4.8459
4.33296
1.66865
2.58931
2.53901
1.61689
2.94992
4.55451
4.26163
3.58649
3.00044
3.90121
4.43421
4.64887
4.15178
4.89197
4.27654
4.14542
4.92458
4.4009
2.81579
2.84535
4.64351
3.65215
4.51073
3.88184
2.33677
4.21383
4.42127
2.4354
4.41491
2.29303
2.79167
4.19624
3.66975
3.49535
4.55293
2.67653
4.29485
2.83357
4.95659
4.90289
4.94093
4.46961
4.00092
2.79371
3.24302
3.56694
4.52183
4.08757
4.45979
3.87316
4.10364
4.30597
4.69495
3.39002
4.98811
4.90726
4.36134
3.67997
3.07411
4.98856
3.88192
4.94222
4.46249
4.53248
4.00102
4.37333
4.16126
4.83272
2.88194
2.89432
2.40961
4.33557
4.54641
3.47563
4.22382
3.50019
4.53286
4.61607
3.73807
4.21983
3.81898
4.97545
4.40277
2.912
2.41832
3.64556
4.28969
4.21668
4.34065
2.51841
4.52077
1.52885
3.84947
2.97386
4.55013
3.03619
4.28038
2.9369
2.51594
4.64862
4.3462
2.92883
3.50987
4.28017
1.60751
3.8623
2.44361
4.37953
3.85034
2.42756
4.37633
2.4315
4.76865
4.43397
3.70619
4.55362
4.55732
3.04641
4.24803
4.62781
4.24016
4.23249
4.84244
4.5958
2.52523
4.92611
2.43475
3.62421
4.26928
2.9592
4.41572
3.75199
3.80416
4.58915
4.17641
2.40511
1.4445
2.74765
3.70056
4.18076
4.95868
2.42401
1.48261
1.49844
2.43783
4.36265
3.7467
4.92787
4.89129
4.4573
2.96162
2.79713
4.99716
4.27515
4.2407
4.11021
4.78969
3.57236
4.35116
4.87894
4.61108
4.60789
3.48385
4.37754
4.47066
4.94384
4.4243
4.85222
4.28539
3.8438
4.56768
4.35666
3.90863
4.55912
1.87051
4.38532
4.75085
4.24269
2.75915
4.58809
4.56212
2.49247
2.67443
3.68023
4.76411
4.32111
2.92909
2.60287
3.18095
4.76474
4.36307
3.71745
3.00746
4.56119
4.66938
4.16641
4.32313
4.42966
4.17887
4.3611
1.4034
3.7702
4.92124
4.29239
3.74473
2.79055
3.52661
4.51968
4.62133
4.47702
4.2985
4.33534
2.49119
4.88335
3.81892
4.61809
3.74406
4.59743
2.90254
4.19605
2.63883
4.31376
4.49241
4.98911
4.23933
4.54741
2.45417
3.49467
2.7405
3.85785
4.29796
4.4039
2.57696
4.25567
4.99439
3.91519
4.42761
3.90238
4.46522
4.56829
3.06572
3.04861
4.48862
4.39909
2.51347
2.60034
4.35434
3.4959
2.86671
4.33568
4.75519
4.44136
4.48258
4.33049
4.7363
4.61063
1.52847
3.78102
4.06938
4.52491
4.33151
2.57499
4.33924
4.49232
3.82464
2.57843
4.35141
3.92851
4.97993
3.03115
2.4836
2.40873
3.0139
4.33197
4.31611
4.54475
3.72161
4.89815
4.18375
4.40163
4.36495
3.64286
4.19106
4.14742
4.92238
3.66355
4.65799
4.76335
2.9636
3.80738
4.2041
4.4681
2.81959
4.43938
3.27817
4.93708
4.32706
3.85175
4.96273
4.63962
4.33095
4.4366
4.20454
3.64652
2.64297
4.25068
4.34815
3.90564
2.89511
2.97561
4.58894
4.58157
4.44601
3.39409
4.69186
3.90284
4.46287
4.82031
4.39743
2.41904
4.14678
4.45362
4.52183
3.75732
4.80624
2.48963
1.52549
2.4131
1.47683
2.35398
3.3432
2.83225
2.30529
4.15227
4.19565
3.94063
4.50192
4.25337
4.94608
4.99876
4.97527
4.94516
4.46499
4.30318
2.45473
4.12752
3.78029
2.88519
2.85184
3.9209
4.63632
3.47687
4.62928
4.42785
4.53733
4.36469
4.94913
4.26611
4.34436
4.87075
4.76914
4.94684
3.75497
2.5686
2.72962
4.48966
2.56205
4.53296
4.15258
3.90833
4.45884
2.89899
4.60943
4.39861
4.08231
4.54121
3.48359
4.63547
3.08547
4.50041
4.15171
4.99479
4.29502
4.3964
4.44933
4.91801
3.68167
4.80303
3.02692
2.39118
1.46246
2.3587
4.24428
3.81823
3.47067
4.93457
4.52798
4.70375
4.31732
2.67401
3.62172
4.47223
3.82457
4.35065
4.07471
3.50049
2.31725
4.97803
4.23401
2.52944
4.23526
1.4792
4.63093
2.91041
3.83021
2.83253
1.55181
2.91307
2.48287
4.66181
3.5867
3.81812
4.28223
2.96951
2.56328
4.29466
4.57237
4.47919
4.38807
4.98156
4.26045
3.69316
4.41394
4.48198
2.62158
4.84848
3.85558
4.63136
4.48847
4.53724
4.22675
3.00689
4.74341
4.29878
4.56138
2.29101
2.50697
4.94962
3.55849
4.32031
4.47584
2.74578
4.96006
3.73027
4.56369
4.25265
4.88503
3.73699
1.60662
2.51174
3.74691
4.46222
3.51706
1.4043
4.50765
3.74891
4.26625
2.63459
4.3248
2.91226
3.82178
4.77856
4.18432
3.0629
4.56032
3.79445
4.30502
2.68677
2.52822
4.54001
3.02309
3.45278
4.59381
4.42466
4.73694
4.98372
3.76397
2.93453
4.46997
4.25656
4.25892
4.42726
4.53625
3.76572
4.82108
2.39037
1.57003
3.04641
3.0364
3.98778
2.7377
4.3726
2.41055
4.29165
4.61393
4.47954
2.84595
3.54245
4.69497
2.69248
4.38745
4.23939
4.39569
4.16963
4.70434
4.46481
3.89773
3.92631
4.25184
2.39162
4.28206
3.70106
4.9061
4.225
2.74772
4.05315
4.51365
2.4639
4.98772
3.14536
2.55533
4.41375
4.9625
4.52647
4.21181
3.46071
4.35633
4.2869
4.19072
3.62952
3.72989
3.01834
1.46816
4.60762
2.51657
4.62596
4.25255
2.88561
3.49704
3.8814
4.30613
3.7305
4.62546
4.38797
4.39277
3.01677
4.24228
4.28412
2.61639
3.61434
2.51613
4.54931
2.46027
3.77657
3.94743
2.85306
3.80591
4.31381
4.66381
4.57732
4.26144
2.40722
3.01642
3.76234
1.60588
4.82972
4.89752
3.93185
4.33102
3.8269
3.22762
2.43757
2.46619
4.43513
4.46658
4.29879
2.71507
4.42241
4.83887
1.50902
2.89902
4.31398
4.55049
2.40132
4.12954
3.89027
2.79072
1.44021
2.90869
2.52372
2.81152
3.81664
4.57805
4.40432
4.34897
4.51389
4.85259
4.04042
4.23336
4.99463
4.39997
2.99266
1.43914
3.71876
3.86064
2.43712
4.23122
4.36361
2.38417
2.36725
2.60965
2.85746
4.57231
4.19952
3.49219
3.01167
3.88308
4.3116
4.71087
4.89699
4.89707
4.87134
4.7972
3.89356
3.98286
4.03299
2.92384
4.98081
4.4382
4.2684
4.29557
4.18912
3.584
4.65141
4.41811
4.43966
3.56041
3.58392
3.75209
4.53767
4.28617
4.06524
4.12373
4.10589
4.96191
4.77534
2.4638
2.85791
4.09694
4.21009
4.3368
3.83571
4.18061
4.21733
2.52749
2.25805
4.76007
4.35786
2.92966
4.49743
4.62725
3.5981
3.67132
2.91524
4.16889
4.47202
3.56818
4.30372
4.54551
4.6541
4.92276
4.77871
3.84811
4.91499
4.41436
4.36165
2.6901
3.40724
4.62959
3.08827
4.47294
4.75491
3.78329
3.95227
4.99711
4.66074
4.25894
2.98125
3.64697
4.17409
4.52149
4.24891
4.07041
4.36678
4.86239
4.35771
3.83921
4.94586
4.36359
4.88912
1.45823
4.15715
2.42305
4.24736
3.79995
4.97169
2.63595
2.4851
4.1482
4.56001
3.6652
3.09201
4.91052
4.41834
3.64901
4.43471
4.61167
3.36387
4.44567
3.91189
3.67342
4.19942
2.87626
2.46754
4.78678
4.97489
4.63936
4.95558
2.72922
4.42511
4.28873
4.49957
4.68088
3.23446
4.82437
4.1985
1.45216
2.94454
4.63797
3.05823
4.47442
3.8383
2.43296
1.71999
2.77761
3.72419
2.99559
2.41546
4.65775
4.2005
4.56711
3.52068
4.48366
4.57393
4.96934
4.53713
4.13694
3.93157
2.88093
3.95006
4.59892
4.70074
4.32748
4.98695
2.88262
1.45228
2.93981
4.31864
4.39731
2.4913
4.66328
4.20129
4.99129
3.00005
1.68324
2.78211
4.47361
4.22827
2.40621
4.19923
2.7017
3.81425
4.91046
4.24111
3.9108
3.00133
3.51993
4.67184
2.86303
4.24043
4.44018
4.18731
4.51126
2.3767
2.87797
4.767
4.67753
4.06556
4.70458
4.52229
2.43905
4.35263
4.33939
3.75061
2.52506
3.94077
4.65635
3.48501
2.70835
4.56586
3.93971
3.6897
4.31273
4.26225
4.19807
4.63589
3.59489
4.28212
2.33103
4.31749
4.3356
4.46784
4.97982
3.49297
2.52428
3.02341
1.74936
3.01359
2.56113
2.64091
4.65367
3.80361
4.27704
2.89062
4.70363
4.26778
4.7828
4.38789
4.29311
2.63659
3.55831
2.52547
4.93364
4.39719
1.78053
2.78991
4.03823
4.49748
2.54967
4.95108
2.87359
4.35922
3.87543
4.38266
4.39947
3.86373
4.48317
4.32179
2.67891
4.32473
4.36455
4.63777
4.44131
4.35518
2.93351
2.55233
4.34032
4.28491
3.33598
3.71747
4.15275
4.54252
3.90335
4.99355
4.42755
4.07722
4.54973
4.22127
3.78239
4.23442
4.92347
4.98065
4.40726
2.81683
4.17941
4.44412
2.52245
3.84214
4.58913
1.53509
4.42105
3.78351
4.69183
3.89325
4.15816
4.4918
4.32773
3.61075
2.63185
4.9316
2.40763
3.53902
2.83206
3.14345
4.29195
4.50381
4.37873
2.6478
2.98176
4.41694
2.39228
4.82108
3.70689
4.66295
3.73384
4.19793
1.33049
2.42804
4.18439
3.65066
4.56359
4.58185
4.17271
4.79037
4.95415
3.7176
2.82968
4.57346
4.19945
2.93133
4.38428
4.38892
2.90046
2.34616
3.58244
2.6643
4.99064
2.37935
2.99295
2.94732
2.86745
4.34458
4.38897
4.28379
4.33323
2.33195
4.93369
4.58215
1.52907
4.73374
3.91509
4.50295
3.9552
4.28352
4.33123
3.90572
4.33874
1.51238
2.9154
1.60561
4.35156
4.61427
2.55063
3.74682
4.89222
2.85672
4.60578
3.01852
3.40055
3.81465
2.68724
4.32476
4.4302
3.87059
2.47297
4.20636
3.79106
4.27732
2.53635
4.34173
4.24125
4.92268
4.65253
3.08763
4.86859
4.35971
4.51889
4.48004
3.88205
4.98842
3.58852
2.53972
4.27641
4.31741
3.78302
4.96007
2.84203
4.35826
4.53282
4.56363
3.81424
4.20842
4.36045
4.56904
4.8684
2.47301
2.52019
4.24021
3.44864
2.87942
4.64629
4.66602
3.72942
4.92237
4.55027
4.29277
4.89092
4.88829
4.22042
3.83382
4.38754
1.4629
4.12714
3.6778
3.81999
4.21719
3.81993
2.85598
2.83544
2.59559
4.59843
4.79627
2.80798
2.2492
2.7687
3.3127
4.41984
1.41051
2.39755
4.88242
4.19915
4.43926
4.1351
2.45413
2.98268
4.38642
3.73398
4.56502
4.99398
4.21421
4.83592
4.61932
4.17275
4.5056
2.55151
4.90401
4.1175
3.73789
4.6208
4.54824
3.06147
4.4361
2.79568
4.29851
4.9985
4.50991
4.53914
4.2144
4.10893
2.39985
3.74445
3.0564
4.62181
4.4526
4.45839
3.9911
4.97807
4.87864
4.96681
4.89212
4.32908
4.53314
4.01806
4.91399
2.44774
2.51706
3.92149
3.46653
1.56041
4.28479
2.42698
3.77845
2.44735
4.25217
2.55436
2.82968
2.57534
2.22925
2.98216
4.26151
3.0173
2.49361
1.41743
3.71927
4.13398
4.82477
3.81161
3.00716
4.56508
2.86782
3.74174
3.63456
4.21943
4.16283
3.73784
4.90006
4.64356
4.28063
4.50098
4.30601
3.04793
3.89258
3.94961
4.92682
4.18955
4.41022
4.25372
4.74694
4.31507
4.67633
2.89014
2.83097
4.55624
3.66848
4.47055
3.40783
3.66016
4.88223
4.16013
4.91504
4.48219
4.28756
4.26743
4.4885
4.23586
3.83541
4.9625
4.81209
4.92766
4.97677
3.54642
1.54336
4.02036
1.35383
3.30597
2.16256
2.60547
2.25975
4.76138
4.24004
3.60905
3.68416
4.67517
2.79544
4.85916
3.76642
4.1648
3.58757
4.09292
2.75491
2.93412
4.45313
2.79222
3.52933
4.0023
3.00502
4.96741
2.33852
3.81889
4.34728
4.2248
4.60181
4.84531
1.80315
4.00035
4.55649
4.07308
4.35679
2.74691
3.9708
4.46638
3.21315
2.87925
4.47575
4.66038
4.42327
4.58251
4.51284
4.73684
2.72465
3.52077
4.04977
2.74179
4.81079
4.04926
2.28734
4.95075
4.37771
4.18478
4.21946
4.70354
4.56077
4.61238
3.72934
4.97647
2.55251
4.11174
3.7861
4.14586
4.22007
4.67137
4.44144
3.06217
4.33876
2.45325
3.54553
2.50086
2.7334
3.41147
4.72787
4.38271
2.89041
4.504
4.88099
4.68486
3.1583
3.80245
1.53064
2.87771
2.55466
4.90155
3.7773
4.33672
3.88377
4.31737
4.28383
4.65496
3.03564
2.50088
3.91144
4.76565
2.89406
4.1962
4.91485
2.27063
3.78884
4.13983
4.27177
4.37711
4.93354
4.98676
4.70657
4.26667
4.32914
4.25478
3.68749
2.97152
1.58205
3.73435
2.74547
2.44816
3.48933
4.2347
2.31051
4.55915
4.68144
4.1077
3.70828
4.91299
4.2494
3.75113
2.74139
2.41928
4.18603
4.37064
4.28987
4.51989
4.53279
2.54461
2.94706
2.88737
2.40983
2.92462
4.34099
4.91011
3.53187
4.48439
4.89331
4.91137
4.42485
2.54846
3.62599
4.47833
3.14839
2.85256
3.64169
2.56751
3.86365
4.21142
1.454
2.48504
3.93265
4.58054
4.44365
2.66965
4.33216
4.48545
4.91128
4.37956
4.51782
3.01891
4.40425
3.5951
4.82446
2.31289
4.49944
4.18537
3.75825
4.37613
3.88195
4.40973
3.25752
2.87343
4.5799
3.79615
2.40076
3.80689
3.68657
4.28732
1.41208
4.29819
4.66777
3.32177
3.41878
4.25196
4.20028
3.56807
2.4873
4.37841
4.96497
4.70324
1.49267
3.75642
4.89673
2.78847
2.38283
4.4894
4.06026
2.74243
4.36293
2.78633
2.83029
2.3791
2.4903
2.80846
2.65289
2.62784
2.64573
1.90773
4.38661
4.35734
3.63961
2.39389
1.35065
2.40962
2.7978
4.72085
2.39934
2.86075
2.95285
4.09038
4.11881
3.69146
2.90776
4.97519
3.56887
4.12392
4.24702
3.61123
4.47095
4.32375
4.4776
4.71249
3.63372
3.80856
4.32108
4.8057
4.49411
4.1391
4.41253
4.89292
4.08769
4.10839
3.96135
3.63472
2.92578
4.84937
3.774
4.53651
3.3267
4.96826
4.85499
4.18719
4.55076
4.42926
4.04413
3.74014
4.89585
4.65389
4.91724
2.87195
1.36517
2.34429
1.57123
3.82967
3.03799
2.50974
3.08613
3.66962
2.4036
3.81794
2.56636
2.89493
2.35371
4.95419
4.3901
4.60523
2.51576
2.71166
4.36857
3.44729
4.23871
4.68179
4.47551
3.23259
4.53965
3.76303
3.65343
2.91214
4.41867
4.68937
3.92219
4.47105
2.59012
4.3572
4.92724
3.90328
4.35395
4.56307
4.39932
4.13931
4.37693
3.59025
4.28005
4.17735
4.58485
3.0673
4.47898
4.58244
3.69148
3.33429
4.35888
2.82004
4.19525
3.70509
4.14025
4.3418
4.24976
4.68741
3.82185
4.5014
4.92153
2.5606
1.54719
2.57304
3.44571
4.31278
3.02497
3.7507
3.69631
2.94187
4.26836
4.37881
4.76446
4.648
4.618
1.63708
3.99
4.56803
4.45913
4.96705
2.40156
3.92933
3.64004
4.54329
2.58186
3.10778
4.44654
4.33392
3.92189
2.78224
4.67539
4.23358
3.05527
4.97545
4.43995
2.45336
4.44677
4.27627
4.50049
3.69208
4.48307
3.77543
4.35196
4.31671
4.31023
4.64863
4.57018
4.94222
2.4759
3.77529
3.63231
4.29032
4.57335
2.50181
4.86998
3.88024
4.30835
1.46767
3.94878
2.96981
4.35525
2.5444
4.67425
4.21359
4.37589
1.53337
2.56558
4.35865
3.67639
3.11395
2.70265
4.15768
1.39074
2.70373
1.78788
2.54969
2.80311
4.26339
4.11302
3.01593
3.97356
2.92732
3.90636
4.44778
4.53991
3.5755
4.99341
4.48268
4.27105
4.61425
4.71127
3.49148
4.68577
4.60773
2.80902
4.48129
3.88864
4.28063
4.80598
4.23295
4.41225
3.76198
4.209
4.31114
4.57606
3.06862
4.51883
2.53291
4.14115
2.49677
2.72501
4.26562
3.37895
4.41921
2.44546
4.19793
4.53102
4.18755
2.91463
2.44422
3.7889
3.87117
4.54702
4.50136
3.75934
3.57326
4.1963
4.32765
4.84812
4.22883
4.2887
4.75025
2.93625
4.52066
4.62696
3.64125
4.11672
2.37641
3.18346
2.60296
3.83266
4.13548
4.54197
2.55055
4.39648
4.32406
4.99932
4.66472
4.68997
3.69024
4.31688
4.62514
2.87186
3.60079
3.52687
3.48407
4.60836
2.59138
4.02773
2.87573
4.55394
4.28432
3.94279
4.26363
4.8271
4.14885
4.24472
4.09258
4.56332
3.71777
4.95053
4.36522
3.09564
3.70814
4.57128
4.52141
1.56384
2.36051
2.9354
2.86428
3.46074
1.48465
4.56837
4.34819
3.80594
2.55253
2.97704
2.39837
4.27984
4.3525
4.3503
2.41224
4.15051
4.68869
3.78272
2.87322
4.26267
3.62226
4.51476
2.52008
2.5456
1.52329
4.53021
4.20318
3.85558
4.50703
3.13298
3.60382
2.78171
4.23219
3.89801
1.51052
1.58705
2.89243
4.58263
4.61879
2.50278
4.13536
4.4465
2.45928
2.88775
4.41249
4.49067
2.45146
3.93792
3.49405
4.56819
3.86496
4.38218
2.44983
2.97718
3.9389
4.84399
4.72101
4.98512
4.97981
4.61339
2.95759
3.73535
4.27883
4.55239
4.37589
3.49362
4.35887
4.46508
4.60203
3.47468
3.79726
4.47646
4.5101
4.63252
4.15314
4.2125
4.25691
4.98289
4.32857
4.89339
2.39746
1.4514
3.82474
4.29004
3.69402
3.38167
2.80454
3.02867
1.69799
4.53847
4.29588
2.58907
4.56477
4.3035
4.2951
3.96766
3.5797
2.54763
2.8793
4.55218
3.50365
4.3982
2.33219
4.42708
4.97822
4.28581
3.93193
4.14971
4.66542
2.91013
4.3184
4.41818
4.32959
4.55329
3.02177
2.8046
3.96291
4.40464
2.59307
2.67598
3.47705
4.4401
3.08917
4.40408
4.59372
4.50229
2.87601
4.61592
4.04437
4.5873
4.39145
2.64164
4.47443
4.48309
3.95521
1.43365
4.50694
2.6507
4.70851
4.36347
3.06211
2.63543
1.59124
3.01874
2.38904
4.6291
3.79095
3.02146
2.93612
3.89226
2.95297
4.45978
4.51736
4.97002
3.41682
4.4021
4.31551
4.99377
4.5289
4.64051
3.48625
4.53024
4.63857
4.28477
3.94333
4.85169
4.78335
4.17785
4.96752
4.10874
4.33289
3.85105
4.27641
3.12343
1.41734
1.34211
3.78425
3.75669
2.48637
4.3485
2.33229
2.33422
4.64967
3.99798
3.51417
2.78398
4.35852
2.51978
2.85229
4.33626
4.35703
4.57323
4.5526
3.81854
3.88541
4.39006
4.30913
4.31927
4.24398
4.93331
4.7966
3.80008
4.40288
4.10659
2.74734
3.05554
2.34288
4.36605
2.89944
4.56437
4.96325
2.44361
2.4425
2.3967
4.36141
3.63473
4.89339
4.50918
3.74735
2.92937
4.23062
3.81352
4.4525
4.21175
4.51539
2.75045
3.41595
4.17607
3.61021
4.83718
4.53557
4.53516
4.10808
4.32197
2.33585
2.34899
4.73523
4.39866
3.70401
2.92335
2.75506
4.73137
4.30216
4.51931
3.44971
4.60406
3.88134
4.18386
4.36704
4.12562
4.17212
4.34918
3.73364
4.8355
3.18446
1.9341
3.61771
3.19648
2.5563
2.94486
4.36458
4.92164
4.81327
4.79035
1.50355
3.79504
2.43906
4.43344
2.46923
4.20581
3.36579
4.71004
4.34201
4.9391
3.86774
4.98148
4.24656
3.7346
3.05199
2.92752
4.38359
4.78375
4.48478
4.52347
4.9591
3.56232
3.18131
2.34774
3.72388
4.15317
4.10841
4.03641
4.38538
3.07577
2.6463
4.54624
4.06082
4.48735
4.64008
3.58216
4.78297
4.05269
2.62688
1.36787
2.79972
4.63304
3.64415
2.85153
2.25848
4.30565
4.20827
4.81251
4.49392
4.10981
4.45211
4.83776
3.85923
2.53383
1.63014
1.68237
3.67124
3.02612
4.34251
4.52928
2.76371
3.00979
2.46447
4.55701
4.11543
2.5875
4.79296
3.39897
4.59638
4.24517
2.91815
4.67716
4.97639
3.74819
4.60187
4.97824
4.15816
4.18662
4.46487
2.4826
3.71571
4.58226
4.79274
4.35231
4.522
4.46675
4.60545
1.50682
2.79733
3.0929
3.85704
2.45572
4.41239
4.23688
4.55776
4.64093
3.79608
2.73526
3.10198
4.17767
4.95739
4.09205
3.06795
4.12161
2.74769
4.62111
4.65511
4.46959
4.06635
2.9058
2.5549
2.94232
3.48177
4.44614
4.96118
4.32796
2.59466
4.31063
4.08616
4.68051
3.02029
4.74805
4.43329
4.51212
2.47437
3.64293
4.68782
4.13532
4.96809
4.42423
3.84228
3.91934
4.50223
4.80513
4.2164
2.56026
3.01219
4.98808
4.20882
4.48194
2.59195
4.31639
4.79128
4.55471
1.56426
3.74679
4.99153
2.74957
2.36957
4.35763
2.74543
4.0497
2.88576
2.88005
4.44678
3.49158
3.61654
2.343
1.4593
4.77308
2.76346
3.60085
4.09795
4.32227
4.28028
4.90554
4.13201
2.29127
4.25277
2.96787
3.78871
3.68964
4.58428
4.97633
4.25365
4.9596
4.51996
1.43541
2.31231
3.67779
3.30727
1.58907
2.77644
4.79894
2.75372
2.75843
4.18015
2.34354
2.31772
4.14258
4.80535
4.92223
3.20863
2.7431
4.21209
4.17602
4.39434
4.94625
4.02403
4.65454
4.46396
4.05367
4.48812
4.43922
3.84844
2.59065
4.6596
4.98879
4.18659
4.11798
4.43495
4.12557
1.38463
4.40682
4.54797
4.42913
2.70756
4.6705
4.49467
4.54965
4.955
3.38602
3.12085
2.41113
4.78309
4.51043
3.59152
2.85688
4.90568
3.56194
4.55236
4.07234
2.26529
4.15745
4.66996
3.70949
4.08783
1.50627
2.45104
4.376
2.6928
2.45405
4.16832
3.65697
4.59748
2.48437
2.41361
3.9343
2.9221
2.84669
3.76121
4.61039
4.344
3.46449
4.70468
4.53399
4.27748
4.1789
4.48594
4.79882
4.3339
4.46591
4.73812
3.70449
4.39629
4.34301
2.41333
3.39133
4.06033
4.59527
2.90108
4.33358
4.60553
3.96104
4.68224
4.32678
3.57207
2.84007
4.29227
4.39894
4.19756
4.93371
4.09913
4.99953
4.07246
4.4352
3.59947
4.85576
1.5511
2.98756
2.37178
2.92549
4.49558
4.68495
4.59248
4.74776
1.45972
1.46924
2.56618
2.58787
2.33843
2.45599
4.24651
4.19619
4.42355
4.15042
2.88128
4.96966
3.46565
2.89747
4.38612
4.60156
4.61882
4.96613
4.88793
4.97933
4.88263
3.93066
3.93714
3.78004
2.77467
2.85008
4.29744
4.36458
4.31101
4.95993
4.24642
4.98605
3.6379
4.59284
4.55501
3.35939
3.76397
3.66409
3.85983
4.2883
4.6705
4.43957
4.04535
4.43067
4.0272
4.94089
4.76882
2.61405
2.79355
4.29708
4.49034
4.12216
3.51998
4.29843
2.45564
2.46438
3.10197
3.9844
3.72449
2.90115
4.61847
4.50676
4.32685
4.55453
3.5552
4.47949
4.30383
4.42344
4.4999
3.94385
4.95007
4.37507
2.6815
2.3699
4.19442
2.38621
4.33284
4.98008
2.9254
4.58287
3.75915
3.70175
4.68825
4.25823
4.76356
3.04175
3.5745
4.38976
4.24921
4.8664
4.40527
4.42889
4.95844
4.44779
4.04369
4.97283
4.69497
3.13796
2.34902
3.94292
3.41791
2.5735
2.74634
4.06562
4.40356
1.48771
4.80625
4.9683
2.54795
4.7429
4.29394
3.62107
2.28209
3.39611
3.90366
4.55178
4.31867
4.87705
4.9754
4.62988
4.72621
2.70398
4.01366
4.1689
3.63714
4.50657
3.87783
3.73771
4.08652
4.32928
2.42031
3.34644
2.68453
4.27858
4.40901
2.78388
3.87356
4.49152
4.05517
4.31536
3.00793
1.63255
2.49824
4.08035
4.34689
4.74414
2.62505
2.40789
4.36015
4.3043
3.78536
2.62119
1.52589
4.89354
3.12077
3.11002
4.41325
3.89167
2.88176
2.52434
4.57181
4.45091
4.22662
2.77728
4.64766
3.69149
1.52835
4.25494
2.60314
4.11894
2.46479
4.84823
4.80892
3.75856
4.20534
3.74823
3.61011
4.56608
2.90363
4.46489
4.06504
4.29942
4.7018
2.60014
1.82111
3.78542
4.01837
4.23744
4.46933
4.57563
4.68729
3.68121
4.3386
1.49462
3.06822
4.29868
2.52232
4.2794
4.92696
4.63519
3.91088
2.72308
3.88725
3.86596
4.69243
4.74401
3.04347
4.71396
4.01657
3.21852
4.50207
2.76902
4.66781
4.37442
4.81131
2.50718
3.59149
2.49391
4.61578
1.46621
3.00097
3.83212
4.48468
4.914
2.77545
2.51026
4.19867
3.87807
4.31199
3.87651
4.26816
4.36978
4.27182
4.2679
4.61895
4.54772
4.27455
2.98469
4.85708
3.5922
4.2726
4.19265
4.01441
4.99881
3.64043
4.46655
4.18703
3.77178
2.52494
4.19905
4.02514
4.50408
4.57964
3.90899
4.93946
4.29732
4.243
3.5895
4.9507
4.91148
4.62362
2.82402
4.38495
4.59848
4.37443
4.3258
4.30641
2.79056
3.00141
4.64105
3.81012
4.35377
1.49582
2.54854
3.91745
2.43336
4.04845
4.80744
4.45233
4.9256
4.64088
4.54641
4.19095
2.88902
4.27777
4.96049
2.47781
3.29651
4.34371
4.18541
2.74791
2.72975
4.32709
3.81085
3.72765
2.27706
3.73165
4.32616
1.42377
4.93938
4.26654
4.51272
2.38781
4.7474
4.59482
3.64551
4.40345
3.77538
3.51076
3.50231
2.48676
3.28291
2.44446
4.3971
4.19438
4.1904
4.50076
4.38384
1.36201
3.79386
2.9261
4.41986
2.77434
2.51334
4.54313
4.30403
2.99503
2.3876
4.2789
4.95709
4.38231
4.37484
2.91859
3.01903
3.67962
4.53311
1.4822
4.31176
3.79252
2.55537
2.55903
4.6769
3.95541
4.47909
4.55639
4.2797
4.53252
2.69311
4.06511
4.33377
4.76185
3.54823
4.37363
2.97379
2.99705
3.81512
4.51171
3.80724
4.22863
1.52133
2.3504
4.30382
3.78292
2.47726
4.42288
3.35641
4.3415
3.74395
3.72322
4.18173
3.63387
2.37464
3.48714
4.24366
4.44088
4.17481
1.43501
4.74022
4.6216
3.7947
2.85642
2.90947
2.95089
2.37149
4.2627
4.89501
4.67648
4.23583
4.34452
2.5228
4.25731
4.1542
4.76636
2.59327
4.37641
3.73032
1.48187
2.75077
1.5691
4.5665
2.45368
4.22002
3.83697
4.97377
2.78172
2.3915
2.51535
4.57414
2.97771
3.63641
4.47412
3.8621
4.35672
4.85442
4.55058
4.40132
4.30255
4.5818
3.84528
4.89309
2.86024
4.23045
4.54744
3.34721
4.65666
4.64087
4.65461
4.60758
4.15571
4.19346
4.75509
4.21041
3.61112
4.87397
2.75714
4.49827
4.52129
3.7396
4.08418
4.80749
2.52687
3.36472
4.99723
4.36732
4.52208
2.94047
3.75357
4.65979
1.32139
2.49706
3.02551
3.42756
1.59262
2.65985
2.93617
4.29776
4.27286
3.864
2.81814
2.48738
4.2602
4.48881
4.54646
3.92243
4.22557
4.8555
4.58745
4.31752
4.7763
4.91825
4.52359
3.91911
4.29721
4.77287
2.94754
2.47522
4.13733
4.23804
4.83999
4.46018
3.68748
4.99564
3.8467
4.4167
3.01062
4.40162
4.9161
4.54878
3.85526
2.41216
4.32088
4.594
1.44554
3.67974
3.01641
2.97184
2.47278
4.70674
4.26633
2.95064
4.43594
2.84223
3.4869
2.46957
3.87185
1.48221
2.57512
4.54108
4.23872
3.55844
4.83039
4.85169
4.44492
4.06911
4.40389
2.641
4.28645
4.13822
3.85726
4.50517
4.63921
2.87478
4.98358
4.30866
4.59851
4.96486
4.99504
4.18954
4.876
4.22015
3.36042
2.66906
4.51861
3.69062
3.7797
4.82548
4.54858
4.16603
4.54264
3.5978
3.81294
2.96952
4.13749
4.79772
4.4772
3.58491
4.15324
2.40132
2.76943
1.37679
2.26555
4.82258
2.91401
4.2369
4.70674
4.5075
4.37857
4.94692
2.45707
4.87901
4.60589
3.82248
3.7725
4.27494
4.25774
2.70063
3.60234
4.28873
4.56645
4.00449
3.88133
3.13666
1.76376
4.44554
2.86888
3.91167
2.70652
4.6674
4.75621
4.42513
4.97987
2.31144
3.37551
4.3526
4.23104
2.60953
3.49633
4.46562
2.8564
4.63298
1.46014
2.88635
4.25825
4.54574
4.43812
3.92949
4.93824
3.00016
2.44036
2.39044
1.62885
2.99171
1.45351
2.88352
4.43249
2.93887
3.76719
3.44712
3.7919
2.53365
4.5356
4.15873
2.95849
2.52733
4.96191
4.68614
4.42404
4.30935
4.40472
4.85139
4.45741
3.74667
4.48343
4.56087
4.22993
4.80073
2.43039
4.16736
3.83227
4.55256
4.95797
4.56131
4.5535
4.34279
2.83283
2.43226
2.41195
4.30085
4.87271
4.23632
3.35285
4.59911
2.70612
3.65067
4.41992
4.91906
4.19596
3.69643
2.83785
1.70265
2.75891
1.48675
4.93275
4.44229
3.67192
4.55335
4.13211
3.71654
2.43705
4.80035
2.80071
2.38281
4.25057
3.00993
4.56919
3.51538
4.34711
3.90446
2.61503
4.25722
4.76509
4.34406
4.15472
3.36019
2.45035
4.33964
4.48595
3.81708
4.98421
3.01966
4.27559
4.77362
4.4226
4.81551
4.36974
4.10682
2.52543
4.97405
4.39278
3.61441
3.92981
4.8966
3.08256
4.29393
4.78325
3.79895
4.40435
4.8573
3.55261
2.39507
2.42451
3.17776
2.35166
2.28774
4.76909
2.67901
4.22865
2.86658
4.12407
4.3708
2.31311
1.43807
3.6753
4.28308
4.15587
3.80637
4.80842
4.21813
4.29107
3.98747
4.28179
4.32565
3.79805
3.78788
4.52587
4.8647
4.2576
4.31277
2.83498
2.79694
3.73182
4.50761
4.53861
4.51493
3.47449
3.30406
4.95406
4.76926
4.65866
4.73218
4.13147
4.43595
4.09946
2.42932
2.66804
4.77466
4.2379
4.32594
3.36901
3.68215
2.21543
1.41847
4.17805
3.57668
2.47529
2.9809
4.58391
2.62251
4.29283
2.87651
4.7237
4.48091
4.24877
3.11121
4.36602
3.82218
4.80813
4.91665
4.6624
4.50386
4.89044
4.07376
2.756
3.94003
4.55516
4.23647
4.95673
3.84515
3.66708
2.99593
4.46032
4.76397
4.75153
4.75902
3.75159
3.17058
4.86593
4.35847
4.77565
4.40083
4.13065
3.43285
4.15308
2.4901
4.20471
4.17559
2.81717
2.47205
1.5429
3.48317
2.78638
2.53881
2.87912
4.39712
4.91394
3.90094
4.39951
4.70711
4.21791
4.73964
4.88369
4.27805
4.2999
1.49908
4.30972
4.38722
4.37845
4.24748
3.98836
2.48709
2.87581
1.46199
4.46662
3.85911
4.58841
3.77111
2.85457
4.60152
2.3355
2.37985
3.48291
4.19174
4.33129
4.68599
4.2955
3.86183
4.22157
2.90257
2.43249
4.13729
4.26624
2.38445
4.43723
3.78632
4.34361
2.96336
2.42262
1.47628
2.94419
2.60625
3.64019
3.03221
4.25553
4.14304
2.83032
4.47315
4.88143
4.46014
4.38237
4.69723
3.75594
4.23903
4.46203
2.79476
4.39595
4.06551
4.0854
4.99475
4.29839
2.38196
3.64904
4.33433
3.91269
4.47017
1.60756
3.77744
3.82385
4.69982
2.82065
2.55131
2.54669
3.63383
4.28249
4.44217
4.22624
2.49004
2.98167
4.27914
4.63637
3.74012
2.37217
2.44236
3.40165
1.50579
4.36113
3.69665
2.53701
3.91597
2.31161
2.75714
2.74354
4.19771
2.32419
2.9071
4.27664
4.59919
4.0985
4.59094
4.16426
4.69807
4.60882
4.8373
4.12137
4.22447
4.52586
3.96597
4.18771
4.41975
4.94274
4.92411
3.74872
4.29609
4.28887
4.68205
4.75849
3.14115
3.59387
4.63818
4.0529
4.86694
4.63249
4.85697
4.25152
3.49775
4.10137
1.43624
3.57879
2.90865
2.38611
2.86624
2.51444
2.92663
4.471
4.18819
3.91099
4.66523
4.3063
4.63113
4.23473
3.90644
4.73523
3.13505
3.69107
4.41408
4.52713
4.23314
3.78018
4.36468
4.86323
2.64397
3.80694
4.96739
4.17894
4.34049
2.82363
1.57449
3.00466
4.69141
3.93546
2.39629
4.20938
4.28824
2.38196
3.58945
4.70457
4.27039
2.90898
4.95804
3.76025
4.34085
2.41477
4.4269
2.96791
3.83653
4.4212
2.39401
1.44808
1.58074
3.527
2.64092
3.06882
4.35916
4.63204
3.96298
4.93759
4.69263
4.37236
4.35403
4.37729
4.9763
2.48401
3.7167
4.28673
2.87268
4.25145
4.96102
4.98889
4.48623
4.7393
3.98274
4.85408
4.97499
4.49511
4.51431
2.8097
3.59369
4.45101
3.81537
4.20907
2.24454
4.16153
4.14177
2.41134
3.47556
4.13244
2.36862
2.67226
4.51809
4.81738
4.3831
3.64241
2.78219
2.4579
2.78413
2.35376
2.83592
2.48405
3.85018
3.92434
2.72891
2.55136
1.60992
4.41673
4.4065
4.26752
3.70783
4.79978
4.7495
4.60991
4.92295
4.20936
4.73028
4.95686
4.51047
4.86911
4.07299
2.76551
3.02897
4.33359
3.88229
4.52248
4.48759
4.64839
4.9327
4.74129
3.63314
4.43117
3.39129
4.97988
4.63144
4.12763
2.98992
2.40491
1.55265
2.52837
1.52964
2.46902
3.47495
3.87695
2.8636
2.59572
4.56218
4.69424
4.48257
4.46794
4.2126
4.92046
3.96875
4.14807
4.96451
3.81827
4.23599
4.11174
4.82361
2.40412
4.16693
4.30227
4.49314
4.93724
3.6248
4.35741
4.32048
2.89502
4.60927
4.98213
4.4523
3.86074
3.55361
4.19325
4.59241
2.84912
1.4728
2.63907
1.56281
2.68724
3.89893
3.69329
4.38654
3.06041
4.42559
4.21861
2.83942
4.26747
4.62872
4.07894
4.12539
4.30434
4.87012
3.60579
4.27497
2.39796
2.69743
4.3112
4.76144
4.18877
2.93257
4.58145
2.86813
4.52504
3.7802
4.38084
2.96074
4.02026
4.45648
4.17686
2.20021
4.24058
4.33068
2.56279
3.97869
3.44434
2.86949
4.33106
4.67679
2.54984
2.88541
2.3736
1.62006
2.52977
4.27604
3.03966
3.80065
2.54302
4.61859
4.31147
4.23478
4.94444
4.82114
3.76249
2.39488
4.8859
3.81991
4.18722
4.2765
4.2503
2.41202
3.46333
4.32714
4.30245
4.9142
4.23669
3.68114
4.63282
2.70467
4.5131
4.45553
4.51205
3.78871
4.33665
4.45921
3.46417
2.86306
1.65028
2.61487
3.88195
4.59149
4.46296
3.50437
3.07729
3.92506
4.72349
4.3662
4.30654
4.57395
4.51604
3.60679
4.99391
4.30818
4.8776
4.32842
4.43651
4.57397
4.24205
4.3167
3.72211
4.42568
4.85951
2.3933
2.84807
2.82907
3.93035
4.4668
4.68457
3.04631
4.11362
4.14833
4.88732
2.3887
4.28281
2.51453
2.91564
4.32486
3.71704
3.44411
4.72206
2.44321
3.07061
4.32412
4.74171
4.62555
3.68546
4.54428
3.97916
3.45281
4.38044
4.38715
4.16111
4.3731
4.69017
4.1081
3.82336
2.82664
4.52532
3.22669
4.5544
4.68561
4.31258
4.03962
2.92987
4.94341
4.34266
2.5061
4.75958
2.30973
4.19712
4.11072
2.51951
4.10618
4.47275
2.69445
4.12429
4.71615
3.57848
2.61598
3.63658
2.8818
3.77227
4.5798
4.52685
4.26216
1.5853
2.53331
2.81975
2.25808
2.88176
3.59987
1.43508
1.44799
2.74989
2.50859
2.382
1.59897
4.39982
4.98374
4.85768
3.82683
4.94024
4.79148
4.62029
4.49989
3.67069
2.95707
2.7143
4.93411
4.16225
4.20833
4.20346
4.23304
3.99328
4.33494
4.01235
3.30088
4.37699
4.46657
4.72889
4.64145
4.24262
3.60451
2.43589
2.94779
2.93884
2.58922
4.37278
4.14385
3.85288
4.89928
4.26622
4.17206
4.24089
4.16662
4.94092
3.66665
4.76152
4.20319
4.21228
3.48974
2.38792
4.19158
4.86152
4.89952
4.08581
2.85343
4.39646
3.76712
4.53688
3.65768
4.57586
4.33214
2.78383
3.40087
4.06665
4.5251
2.85349
1.58773
2.49494
3.7735
4.317
4.73414
4.21761
4.40858
4.77076
4.59893
4.53812
2.92782
4.25889
3.78917
2.49397
3.8157
4.31182
4.77439
3.8401
3.04794
4.9902
4.41694
4.37679
4.39604
3.38645
2.40737
4.24673
4.19438
4.74928
4.25289
2.47318
4.22232
4.02292
2.85237
3.72437
3.76805
1.45817
4.6518
2.95939
2.69301
1.452
2.36679
3.52939
3.73546
4.16315
2.96887
2.2951
4.56726
2.51522
1.4927
4.28924
4.30056
2.74111
2.81121
3.79515
4.63218
4.16427
4.15331
4.23433
2.47602
4.85669
4.03088
3.67625
4.5475
4.98137
4.42785
4.82251
4.26644
4.92669
1.40667
1.40817
2.88536
4.25857
4.59437
3.65217
4.34571
2.41773
4.35147
4.20681
2.2606
2.39443
3.8413
3.41722
4.51455
4.31158
2.65865
1.52931
4.20436
4.128
3.74008
4.36449
4.83413
4.33097
4.91984
3.81045
3.09357
4.49033
4.48379
4.38929
4.30017
4.35286
2.56229
4.13184
4.87244
3.87257
2.79486
2.89973
4.63097
2.9176
4.47839
4.34022
4.31725
2.39443
4.42102
2.32879
2.53612
3.84645
4.67069
4.36802
3.59546
2.82316
4.38531
4.10808
4.94174
4.16832
4.15152
3.773
4.90237
4.75043
4.9782
4.46727
4.93631
3.89355
4.96186
4.97098
4.32401
2.22905
4.35691
2.36133
4.26166
4.29627
4.77865
4.6195
3.75713
3.72691
2.63293
2.85292
4.30129
4.69224
4.48842
4.57414
3.27113
4.66153
3.54039
2.53192
4.62581
4.65666
1.606
2.66956
3.00061
3.08067
3.50226
1.53009
4.33034
2.56901
3.91413
2.90587
3.82928
2.54258
2.9588
4.52519
4.27721
4.52567
4.02634
2.43393
3.34849
4.25363
2.46252
4.35534
4.77484
4.64094
2.94651
3.88379
4.92478
4.54969
4.28664
4.63245
4.37244
4.57443
2.9539
3.97135
4.54743
4.5373
4.41462
2.51737
4.3415
4.37633
4.24761
3.83038
2.40449
4.97025
2.87112
3.77164
4.7497
4.61024
4.50951
4.17647
2.46424
2.73868
1.57056
4.38834
4.28244
4.0931
3.998
2.46073
2.91322
2.52027
4.34503
2.41064
4.82862
3.81116
4.25336
3.7862
4.95873
4.73545
3.50644
4.5644
1.53683
2.84306
4.50367
2.35254
3.55987
4.8142
2.93903
3.67482
4.28921
4.17003
3.78976
3.60311
4.83856
4.23618
4.30945
4.10112
4.49307
3.02867
4.26137
4.46526
2.44151
1.47145
2.96894
4.44302
4.90379
2.87261
3.74587
2.42188
1.53241
2.45414
3.38192
2.78632
4.5009
3.80243
3.7245
4.33828
2.9761
2.45948
4.96938
4.10679
4.37312
4.20334
4.45423
4.20269
4.42884
4.99845
2.8385
4.62801
4.18624
4.52953
3.80226
4.06671
2.46491
3.5089
2.35741
4.4373
2.86521
4.98371
3.81119
4.67484
4.35792
4.94511
4.95726
4.49681
4.27891
4.97506
4.21427
4.04943
3.79469
1.61153
2.51751
4.53577
4.08798
3.80851
2.73853
2.3954
3.88077
4.2315
4.28083
3.94516
1.6114
3.02469
3.60781
4.63405
3.17963
2.79114
4.60987
2.73693
3.60737
4.03553
4.72806
2.66247
2.99098
4.07687
4.65999
4.33354
4.87078
4.58114
3.5127
3.36939
4.3089
2.56185
4.58053
2.81119
4.40129
4.23402
4.62882
4.0104
4.97798
4.42848
4.47741
4.50546
4.50165
3.98251
4.43144
1.54371
4.36605
3.84979
3.77829
4.13163
3.79903
4.88708
2.5609
2.95621
2.91778
2.84266
2.4896
2.85058
4.62697
3.49332
2.28192
2.66142
1.58662
3.45414
3.57038
4.24914
4.29853
4.047
2.93117
4.54725
3.5617
4.5546
4.36717
4.81463
4.48799
4.36052
4.88997
2.77802
4.5601
4.59245
4.27338
3.76775
4.59204
2.62813
4.33597
4.31193
4.32082
4.28899
3.87091
2.58208
3.41305
3.85684
2.5575
2.46482
1.54894
4.29406
2.54086
2.9234
2.82159
2.37875
4.24043
2.52081
2.35634
2.98178
4.29131
2.47452
1.5526
3.80444
3.61694
4.36611
4.01314
4.42235
3.94758
3.77693
4.68724
2.78954
3.31759
4.39321
4.00935
3.50161
4.47155
4.53034
4.44161
4.30762
4.97907
2.74662
4.42546
4.68907
2.77949
3.12734
3.34997
4.6547
4.24431
3.71589
4.49377
4.81011
4.12478
4.44483
4.50041
4.64235
3.65725
4.90678
4.8076
4.94232
4.26379
2.79312
2.66905
2.43257
1.67363
3.52946
3.84044
3.20078
3.8481
4.33777
3.19691
4.12542
3.77836
4.87752
4.01017
4.45352
4.87826
1.62328
2.96733
4.24341
2.71826
3.68456
4.63942
4.55515
2.73343
3.09594
4.94982
4.61555
4.39745
3.5654
4.67589
2.90422
2.37662
3.51566
4.23296
2.50627
4.29839
2.92638
4.83199
4.99705
4.24577
4.42947
4.68552
2.97035
4.93488
4.03165
4.68379
3.81241
2.7153
4.44249
4.67116
4.35959
3.98454
2.96461
2.50123
2.45831
2.736
2.43209
4.39256
3.75761
1.56997
2.51761
2.48266
4.19545
2.38713
1.53999
2.45829
4.40976
2.99863
2.83178
3.06784
2.68108
2.85156
4.44497
4.63488
4.45003
2.8182
3.88818
3.5459
4.82984
3.58919
4.28689
4.0507
4.85709
3.54032
4.67179
4.3344
4.53801
4.3027
3.89261
3.78719
3.42377
4.31958
4.90697
3.53616
4.55879
4.37279
4.27716
4.23325
4.64482
3.89873
4.03982
3.84735
4.58316
4.98597
3.05128
1.60547
2.49408
1.58238
4.40039
3.5814
4.63517
4.66051
3.57498
3.70818
2.42704
2.92894
4.52551
4.97529
4.42379
4.80593
4.33701
2.27597
2.47615
3.96697
4.38638
4.56919
4.11932
3.01456
4.31191
4.69577
4.74475
4.41018
4.18923
2.39044
4.64417
4.43272
2.72595
3.70695
1.5282
3.4583
1.5224
2.88015
2.34381
3.00871
4.41123
4.13261
2.77352
2.41736
3.8083
2.66739
4.83034
3.36591
3.68515
4.35912
2.4271
4.73573
4.28144
4.99201
4.662
3.86629
3.05247
4.7607
3.71243
4.39281
2.66085
1.53223
2.53658
2.64529
1.45556
1.44876
2.45071
2.43607
4.31364
3.51244
3.07576
4.38958
4.51026
3.11777
4.61821
3.88726
4.57994
2.81259
3.69388
2.99215
1.46348
3.01827
4.44392
2.35994
4.08272
2.51341
3.35001
4.42334
2.54826
2.74721
4.28162
4.15083
4.55736
2.89958
2.45892
3.60617
4.27826
4.66175
2.96799
4.0534
4.40707
4.26101
3.50648
4.45205
4.40704
4.53764
3.7172
4.74336
4.99722
3.93012
4.49129
3.86814
4.33139
4.57022
4.31462
4.32065
4.81884
4.43508
4.35998
4.98246
1.54122
2.54652
4.46931
3.91694
2.94265
3.52928
4.34893
2.21663
2.25622
1.44474
2.45019
4.2946
3.058
3.7569
4.55991
4.38581
4.60883
3.69299
4.81193
2.90802
2.92431
2.49696
3.94526
4.26459
3.34011
4.60797
4.3346
4.56048
4.53297
3.72923
4.60978
4.68431
3.82701
4.57875
1.49671
2.45912
4.39413
2.61705
4.72872
2.67594
3.77095
3.02505
4.55307
4.30862
4.54371
2.48318
3.02775
4.38362
4.04565
2.81591
4.30364
4.81118
3.92095
3.89779
4.13678
4.45155
4.54327
4.52369
2.8524
3.03621
2.48467
2.30002
2.77109
3.70281
2.83645
2.71573
2.45086
3.77069
3.86903
2.58575
4.21734
4.15935
4.61975
4.15435
4.42305
4.85563
2.58768
2.36375
4.38657
3.26421
4.33584
4.55139
4.86455
2.8987
4.54179
3.90672
4.53671
3.0604
3.47487
4.37553
3.83928
4.76375
4.21345
4.41953
3.43136
2.68104
4.49056
4.92464
4.49581
3.09496
4.78457
3.88052
3.11704
4.83689
3.74569
3.95574
4.41811
4.38261
4.35251
4.29453
4.83833
4.43283
4.35176
4.11213
4.67561
3.88823
2.90064
4.29329
3.53606
4.75725
4.13582
2.80179
3.42424
4.71306
2.98552
2.90315
2.80852
1.5115
4.71476
4.83508
4.31067
4.80681
2.72077
4.30772
4.5271
2.56321
3.841
3.62606
3.98113
4.4568
3.77998
4.21391
4.93344
2.38661
4.43892
2.55875
4.24536
3.76822
3.47077
4.14916
3.76508
4.8827
1.64925
4.40605
3.06784
2.84003
4.35715
2.55853
4.45228
4.16579
4.64491
1.65909
2.96608
2.40609
3.61263
4.3359
4.80439
3.60162
2.93308
3.70313
4.62078
4.88558
4.01742
3.15969
2.56366
4.49169
4.41055
4.59266
3.89474
3.50339
4.71157
4.02056
2.55911
2.72237
2.93593
2.81871
1.40547
2.44589
4.22252
2.45786
3.1947
3.78851
3.97305
4.30879
4.90253
4.25395
4.81929
3.76775
4.49156
2.56831
2.4061
4.44636
4.2855
4.91406
4.46158
4.17921
2.32834
2.72713
2.83147
4.46827
4.38116
4.67224
3.54714
4.19311
3.41708
4.26773
4.46296
4.98947
3.74006
2.53786
2.60519
4.77638
4.77466
1.5341
3.78695
2.95897
2.90261
4.33361
3.07385
2.45758
4.64312
2.86543
3.61775
2.57147
1.52416
2.28142
3.83707
4.37304
4.37616
2.44412
3.89823
4.47003
2.84972
4.40884
4.21023
4.78998
4.88357
4.9885
4.39548
4.41324
4.33808
3.24022
2.92622
3.85905
3.74174
4.79505
4.81758
4.11622
4.47201
1.51686
1.5182
4.51674
2.90103
2.62857
3.87373
4.00941
2.58154
3.54127
2.63814
3.24556
2.37951
4.15705
4.24436
2.38736
2.55361
4.13061
4.75375
4.41148
3.64764
2.86708
4.36096
3.82613
4.09916
3.42204
2.83258
4.10839
4.56462
4.40172
4.98815
2.55831
4.3762
3.9316
2.91854
2.91994
4.61337
3.52888
4.66165
4.38236
4.58921
3.88963
4.44478
4.36968
4.64609
4.38263
4.96802
4.12094
4.60608
3.87757
4.79348
2.43491
4.37697
2.5831
3.12741
4.38766
2.71369
1.54435
3.03053
1.54784
2.82359
3.678
3.74483
2.91432
3.80957
4.36427
4.57371
3.45629
4.11284
4.2308
4.9986
4.99035
4.5955
4.44322
3.3476
4.28016
3.04182
3.73785
1.4737
4.70179
2.51372
2.31242
2.38876
4.0365
2.86385
3.2708
4.35021
4.24563
2.55288
4.28733
3.00244
4.4096
4.39661
4.19678
3.0337
4.73798
3.54971
3.95956
4.4039
4.61516
4.98329
4.25561
4.28749
4.96644
4.75038
4.25468
3.90309
4.93899
3.85666
4.47559
3.05681
3.74732
1.39957
3.72548
4.51594
2.92929
1.52725
4.22244
2.3707
4.14845
4.34249
4.45305
4.96432
4.86533
2.79617
2.45135
3.79649
3.55993
3.06161
4.49993
2.63143
2.52967
4.95192
2.91984
4.14736
3.54739
4.36275
4.74718
4.62099
4.82675
4.55214
3.78039
4.60879
4.46957
2.54677
4.2348
3.70448
4.25768
4.9161
2.46608
2.85736
3.47487
3.63076
3.13523
3.99762
1.6302
2.83554
4.31364
4.95933
1.55917
2.39301
4.42105
2.5798
4.23325
3.68201
4.4844
4.00308
4.75415
4.98937
3.9805
4.4746
4.97709
2.87115
1.4018
2.33451
4.85314
4.23296
4.14955
4.46961
3.73939
3.55596
4.44638
2.58271
3.80736
4.98767
4.76946
3.86685
2.92817
4.60544
2.98083
3.0451
2.55138
4.56113
4.47816
4.94838
4.30868
4.78295
1.52429
2.43328
2.61667
1.64787
1.686
2.95073
2.61701
3.80385
3.72594
3.95616
4.36684
1.36436
2.44353
2.66994
2.62332
2.35258
4.32916
3.68107
3.14586
4.74179
4.3854
4.40772
2.95627
4.707
4.31068
3.7984
3.82607
2.81998
4.25423
4.0487
4.97082
4.21122
4.28296
4.93075
3.49882
4.61586
3.51064
4.62703
4.03571
3.00499
2.98663
3.85062
4.00268
4.71808
4.65304
4.32568
4.54616
4.27226
4.49928
4.99461
4.97201
1.41138
4.04625
2.792
2.55117
3.72018
3.11002
4.27863
4.24256
4.78683
4.31948
4.17639
3.42723
2.23586
3.7308
2.97831
2.8639
3.6605
4.67974
4.62688
3.59936
4.6437
4.51855
4.30639
4.26529
4.98784
4.47749
2.40444
4.48041
3.75298
2.86087
3.84303
4.66786
4.24854
4.62603
2.80307
3.52583
4.47242
4.31834
4.50182
2.43607
4.41679
4.14637
4.84241
4.33034
4.44956
3.8964
3.98573
2.87251
4.65746
3.50654
4.46383
4.63853
4.98187
3.73469
4.45854
2.67813
4.16996
2.44357
2.39103
4.05769
4.86101
4.30592
2.93386
3.49473
4.51792
4.88141
2.98654
2.81129
4.2445
2.56911
4.35262
4.51775
4.5421
4.99534
2.39908
3.08464
3.54194
4.61478
4.57799
1.57125
3.66173
4.51537
4.45982
3.90304
4.21449
2.62042
4.37222
4.18274
3.98307
1.49203
3.07848
2.85555
3.69781
4.64451
3.74296
3.00269
2.45039
4.49224
4.50947
2.40616
4.96497
4.36204
4.7604
3.44821
2.77385
4.54708
4.85452
1.43241
3.69638
4.5902
2.98637
4.68127
2.38059
4.13701
4.45494
4.79169
4.71677
4.24805
2.474
3.36647
2.89234
4.81819
1.42128
3.85072
3.96916
4.45764
2.33754
4.56223
4.19536
4.211
4.80977
3.65932
2.53668
2.24521
3.01532
4.946
4.53623
4.25746
4.39212
4.41841
2.54403
2.86778
4.01063
4.10578
2.6218
4.58737
4.66004
4.55445
4.49975
3.38505
4.5789
2.30101
4.03359
2.3591
3.81089
2.65253
3.45347
3.74978
4.83996
4.81141
4.17887
4.18328
2.64438
4.2379
3.2927
4.87785
4.42945
4.58863
2.25873
4.2328
4.67542
4.19536
3.59502
4.63451
4.89039
4.99967
4.69597
2.47196
1.31862
4.45821
4.37562
2.53743
2.55119
3.09752
1.65926
3.15869
1.39259
4.64412
4.58115
3.09227
2.73942
4.54296
3.95249
3.96345
2.53512
3.59378
4.69029
4.53596
2.83522
4.37717
4.3285
4.32562
4.53214
3.42176
4.89268
2.81881
4.31286
4.62566
4.45658
2.44893
4.32985
3.70605
2.59966
4.45058
2.57048
3.53029
3.87023
2.96801
4.72693
4.40887
3.79655
4.27529
4.85974
1.85495
4.35124
4.57839
3.58242
4.19162
4.49966
4.05839
2.71843
4.11284
4.50539
4.53658
3.44274
4.03553
4.4425
4.94356
2.41105
2.74912
1.31876
2.85839
4.95825
4.24068
4.44701
2.46515
4.91988
2.63877
3.99319
3.87167
1.3537
3.59451
2.36897
4.42088
3.30303
2.94799
2.90008
4.46545
2.38725
3.53165
4.11441
4.82026
2.46694
4.18191
3.69319
3.14829
3.65145
4.68788
4.49575
4.19193
4.88074
4.67286
2.84642
4.79909
3.75123
4.3241
2.4563
4.37742
2.22863
4.22076
3.8609
4.91374
4.89143
3.63264
4.36122
3.23956
4.76255
4.56998
4.10085
4.46679
2.36773
4.51864
3.98331
4.3077
2.5029
4.96615
3.99145
4.52387
3.50273
1.53926
3.75597
4.67998
3.00593
2.79033
2.89242
4.28829
2.42511
4.11627
4.11559
4.47095
4.94667
4.72698
2.49015
3.52772
4.98975
2.54897
2.39362
4.54723
4.48725
1.44006
3.70995
4.23109
3.87396
4.24129
3.91309
4.96616
2.39422
2.90062
4.28954
3.04704
4.34046
3.88283
3.77404
4.19279
4.51018
3.62671
4.39387
4.35868
4.85278
2.9069
4.48248
4.61626
4.14524
2.24212
2.53691
2.7226
2.77847
2.8694
4.50747
4.21581
4.91826
4.21024
4.95269
4.34121
4.8721
2.57169
2.41996
2.91305
4.8019
4.33146
2.9537
4.20679
2.96993
4.25631
3.45899
2.33305
3.38224
2.32853
4.64599
4.93214
2.44488
4.55161
1.41127
4.64558
3.87256
4.30988
3.60409
4.27621
3.59734
4.29398
3.99996
2.48026
4.28493
2.49764
4.2881
2.93765
3.85463
4.6815
4.53354
4.30913
1.49486
2.8432
2.39309
2.83746
3.50631
1.58801
4.38129
2.50016
3.89998
3.07033
4.85433
4.62123
2.43064
4.96664
4.43566
4.23601
2.48889
4.47737
4.22642
3.74306
4.56773
2.84904
3.80193
4.30161
4.94127
4.57949
4.55362
2.55447
1.44954
4.51911
2.86865
3.81998
3.10347
1.61516
2.97246
3.48492
3.77944
2.54428
4.43329
3.05587
2.63094
4.43946
4.69467
4.31521
4.77562
4.79213
3.99635
4.93326
4.43916
2.64498
3.36922
4.17771
4.26652
2.54049
4.14776
4.13306
4.53975
2.76109
3.85235
4.44794
3.79764
4.18013
4.38944
4.28793
4.28372
4.67354
1.44122
3.82802
3.01433
4.98924
2.76209
2.8674
2.42115
4.51561
4.3398
2.85439
4.61438
3.52345
2.42687
3.92665
4.53686
1.64142
4.6845
4.90267
2.49616
3.75253
4.33036
4.52029
4.8688
4.22866
2.7147
4.53994
3.04759
4.3919
3.84176
3.88386
4.29084
4.6092
2.44143
4.78202
3.13279
3.04158
4.08261
4.02966
4.41244
1.67602
2.6852
3.93636
4.61577
4.82994
4.1885
4.14851
3.51118
4.37032
2.84002
2.89445
3.62557
4.14922
1.40724
3.65951
2.42479
3.73119
4.76657
4.44719
4.07112
3.46994
2.55618
4.36015
3.81111
2.60585
3.56943
2.33789
4.65938
4.51581
1.71678
3.9039
2.91691
4.44167
3.22618
4.42112
2.85726
2.61322
4.73636
3.70832
4.6657
4.68078
2.90164
3.64269
1.81045
2.93901
3.51987
1.5884
2.47119
3.03322
4.58835
4.50038
2.706
3.09702
4.30657
4.04699
4.37747
4.28326
4.6369
4.48949
3.73005
2.97621
4.27416
4.49917
4.88866
2.55969
4.21351
4.39929
2.59298
3.42823
4.72396
3.85893
2.95067
3.97341
4.44841
4.32683
4.77374
3.96464
2.85746
3.81801
4.98833
4.77629
4.3778
3.86235
4.34334
2.43937
1.59051
2.60617
2.90123
4.58165
2.7503
4.16903
3.03501
1.59875
3.90269
2.40659
4.44133
3.62802
4.3033
2.75274
4.66054
4.5192
4.85448
4.1885
3.45846
2.50543
3.43302
4.43172
3.21322
1.44457
2.85566
4.66108
4.23953
4.35872
2.26215
4.70205
2.81638
4.37295
3.64497
1.59994
2.93944
1.66734
2.81668
4.86471
3.12648
3.14775
2.66573
4.68294
3.81353
3.84999
4.04691
2.68508
4.50015
4.53351
4.22228
4.89455
4.31383
4.86998
2.24065
3.65882
4.37351
4.98682
4.81243
4.47423
4.59243
2.84883
4.2325
4.99467
4.63179
4.4089
2.44993
3.55165
2.62385
4.33169
4.44908
3.58509
4.6051
2.97291
3.9735
4.70869
3.89346
4.50935
3.63258
2.58555
2.56315
3.73638
2.55014
2.70648
3.08132
4.36455
3.08835
4.32903
2.71785
1.76814
4.07576
4.53041
4.01239
4.3477
3.6654
3.56524
4.81889
4.72354
4.29501
4.22173
3.97813
4.44137
3.81339
2.96804
2.99778
4.53768
4.05359
4.48171
3.56594
3.39117
4.41536
4.59178
4.32511
2.56474
2.48897
4.19251
3.42518
2.52101
1.58166
4.28157
3.94237
2.46083
4.36998
2.96952
2.9127
4.3859
4.73318
2.45259
4.43463
4.49105
4.81175
4.36672
4.23448
2.93133
4.68938
3.02396
4.01433
3.7925
3.78706
3.0788
4.73152
3.61989
4.8996
3.48699
4.91225
4.28089
4.9315
4.24929
4.64839
3.57764
4.50444
2.48717
4.39811
2.67844
1.63935
3.48849
3.13197
2.41416
4.48776
3.17769
4.03416
4.36847
3.66452
4.58439
2.68949
4.14413
4.2035
4.20449
4.99222
2.32476
3.77118
4.13011
3.95486
3.76128
1.46333
4.75103
1.4097
2.79732
4.81992
4.35939
2.78844
2.33968
2.51375
3.47813
4.28646
4.16837
4.55302
4.24477
2.34944
2.94753
4.95846
3.73356
4.29506
4.52134
4.27142
4.36143
2.62271
3.02493
3.99041
4.3337
2.69201
1.48625
3.07137
3.74823
3.29973
2.48708
3.75141
4.42051
4.95023
4.12111
3.84754
4.84591
2.35795
4.24497
3.77295
4.26781
2.92801
4.02365
4.53565
1.58055
4.59771
1.75272
3.06492
4.55071
2.58122
2.71662
3.49872
4.58423
4.46315
2.64667
4.51269
3.01551
3.92617
4.57879
4.38056
2.49458
3.58622
2.54039
3.90181
2.57023
1.48199
4.3655
2.48598
3.10601
3.06943
2.52924
2.7214
4.3194
3.7521
4.99401
4.26063
4.44989
2.999
4.10858
3.88568
4.66724
4.30927
4.91237
3.46796
4.25467
3.69144
4.54318
4.64663
4.17962
2.38137
2.7638
2.24639
1.41548
3.28504
3.49336
3.02219
3.80341
4.25325
4.38426
4.77838
4.44194
4.30677
4.32381
1.71771
2.97235
3.82349
1.71283
2.65988
4.48161
3.7997
2.51896
4.34956
4.44218
2.51606
3.54206
4.70069
4.15246
2.5193
3.90183
4.33614
2.85771
2.39908
2.84201
2.68618
2.99542
2.60383
4.23663
3.85566
1.4571
2.52748
3.79658
2.45701
4.65683
4.25814
4.64599
3.11636
4.956
4.67885
3.11588
3.80951
4.72413
4.83524
4.96791
3.39346
4.13176
3.68946
4.28684
4.49608
1.5759
2.47512
1.59346
2.48274
2.49724
1.6873
1.55889
2.50585
2.89895
2.39987
4.9018
4.95561
4.55435
4.53429
3.93798
3.98943
3.9203
3.07207
2.89828
3.01071
4.2826
4.39167
4.29454
4.396
4.34505
4.23827
3.41111
4.39971
4.46141
4.30604
4.36281
3.62431
4.72477
4.60192
2.80189
2.57782
1.37904
3.91301
2.67289
2.55202
3.92486
4.40409
2.92383
4.17475
4.22236
3.79036
4.18371
4.364
4.35365
4.92393
2.61567
4.50317
2.45683
2.33831
3.72202
4.9039
4.26821
4.73125
3.74391
2.90595
4.59113
4.55736
4.53674
3.70893
2.83773
3.56456
4.2352
4.56713
1.53571
2.44368
4.31903
3.98913
3.11248
3.70337
4.53955
4.38938
4.77149
4.42631
4.41052
4.3212
2.64705
4.98829
3.96133
4.28216
2.94937
2.8261
4.40789
4.57244
2.91723
1.48342
4.68257
2.88816
4.97409
4.11835
4.262
4.93881
2.50881
4.19726
2.47985
4.66583
2.55472
3.80786
3.44308
2.8788
4.38028
2.99722
2.87721
2.68616
2.6463
2.95484
3.36734
3.85082
4.89575
3.96317
4.36152
2.52473
4.29576
4.51082
2.75686
2.54112
4.43207
4.34949
4.99199
3.84827
4.76866
4.51508
4.48083
3.01548
4.60727
3.90819
3.15628
4.52902
4.65559
3.58293
4.97626
3.93269
3.03822
4.45113
3.61457
3.66346
4.97004
4.44761
4.86352
4.1361
4.84673
2.93709
4.53706
4.45492
2.95226
2.77129
1.49567
4.73842
3.85467
4.39639
4.11013
2.37955
4.24078
4.27412
4.84907
2.47393
4.62633
2.401
2.90113
4.22007
3.79389
3.54192
1.54166
2.93699
2.42031
1.40545
3.40112
4.49949
4.50126
4.22652
4.95421
4.26588
4.87561
4.6721
4.62233
2.92874
4.75698
2.9338
3.63907
4.71757
2.42824
4.45174
4.2108
2.41138
4.29153
2.40945
3.51654
2.75886
3.68127
4.30561
4.46603
4.89749
2.57511
2.96386
2.49322
2.75393
4.12053
4.9153
4.93927
3.60362
4.94138
4.77714
4.21575
4.58409
4.93638
4.47663
2.34593
3.78671
4.41467
2.43206
4.8172
4.28068
2.71392
3.84526
4.65837
4.29076
3.81525
4.50054
2.72508
4.47149
3.24995
4.07218
4.78003
4.9994
1.60806
2.55311
1.43345
4.3897
3.7828
4.8421
4.43349
4.12192
4.25787
4.36571
4.51036
3.67401
2.49541
4.17506
4.52573
3.76175
3.9637
2.78905
2.77041
4.18115
4.6979
3.24271
4.77772
4.49301
4.36249
1.43297
2.52163
4.67374
2.92644
4.4303
4.33113
2.39837
4.20117
3.71197
4.6552
4.16547
4.59611
4.59112
4.71998
2.93905
2.68112
4.45744
4.21661
4.33038
4.80435
2.53893
2.49838
2.36739
4.28493
3.66915
2.68602
4.95766
3.40322
4.49801
4.18389
3.02913
4.40118
3.38976
4.60763
2.85796
3.81083
4.27176
4.95031
4.95955
4.57575
4.70613
4.61347
4.44074
3.66968
2.71105
2.34245
4.37923
4.66618
4.95747
2.97555
4.17068
3.951
1.50654
3.1232
1.72863
4.48987
3.06236
2.5437
2.57612
4.67455
4.36482
3.05425
3.60295
4.01812
4.31938
4.93271
4.15767
4.85911
2.73845
2.97942
3.79178
4.64218
1.48137
4.53256
3.82932
4.17749
2.40272
4.08342
4.40823
2.47437
2.33297
4.96121
3.69419
2.74159
4.35783
4.31328
3.39293
2.51709
3.68637
2.57658
1.56552
4.52886
4.07873
4.64885
3.81899
4.59109
3.94883
4.35776
3.02929
2.98162
2.62686
4.96823
2.4272
4.37209
4.54177
4.41644
2.89367
4.6438
4.74705
4.27129
2.33735
2.43176
4.24866
1.46121
4.48684
3.05662
2.81514
1.48095
3.63754
3.64796
2.80897
2.41115
4.68611
3.73165
2.74645
2.3361
4.52145
4.05551
4.99732
4.0854
2.6142
4.28895
4.88601
4.22628
4.39518
3.15026
3.9523
4.85614
3.98973
4.51859
4.28708
3.95545
3.07494
4.49337
4.10708
4.82115
3.94896
4.64461
4.44051
2.86174
2.74095
1.59616
3.5961
2.39317
2.45899
4.07874
4.16221
4.19607
2.39401
3.57234
2.84875
4.52461
1.37762
2.88448
4.54919
4.39342
4.41687
4.28098
3.60843
2.4453
4.93818
2.80408
4.34894
2.59952
2.9569
4.73117
1.51061
2.87606
4.66435
4.59389
3.75023
3.23787
2.55206
4.05481
1.76886
2.58003
3.21137
3.59922
4.82438
3.56973
4.34807
4.39138
4.30434
4.43231
4.97111
4.56029
2.76582
3.99062
3.04806
4.11382
4.63728
4.55344
4.48612
1.58992
2.91785
1.63294
4.494
2.70157
2.59664
4.35441
2.71671
3.37211
3.91771
2.94894
3.77862
2.54745
4.15921
4.67673
3.48572
2.31797
4.24024
4.37922
4.55421
2.97327
4.05013
4.5925
4.30068
3.78816
4.58002
1.57591
3.91875
2.90135
4.43181
2.98945
3.17145
2.58085
4.7433
4.55095
2.92354
3.44331
1.51102
2.46381
3.79305
4.17731
2.27139
3.22529
4.32062
4.1638
2.51008
2.75544
3.89706
3.80688
4.86272
4.96466
4.92826
4.2589
4.28929
3.48843
2.72842
3.48118
2.41247
4.96275
3.16487
4.19841
2.48366
2.87492
4.52915
2.47913
2.38318
1.52774
4.35799
3.70686
4.39928
2.75122
3.00485
4.61519
3.88604
3.83017
3.38609
4.91415
4.24228
3.73148
4.43631
4.44165
2.56816
4.94214
4.24244
3.59678
1.66201
4.33582
2.35505
3.76456
2.79174
2.24741
4.15389
2.88626
4.23932
2.85595
2.49441
2.97113
4.48837
3.58917
4.28013
3.91046
3.98499
2.66015
4.50782
4.7439
3.40743
4.97269
4.05648
3.82362
4.99051
4.72907
4.36869
4.33225
2.43203
4.1965
1.51028
3.33068
2.25752
2.84931
2.44725
3.57941
4.36505
3.06374
3.6981
4.38519
4.60479
4.51603
1.43817
2.80298
4.56916
2.63753
2.58723
3.48218
4.24189
4.3481
4.47818
4.16986
2.82904
4.96809
2.36164
3.87338
4.25922
2.52015
3.44737
3.92874
2.42216
2.62803
1.57472
4.43486
4.26588
2.45689
2.79256
2.52664
2.78761
4.2945
4.59549
4.4576
3.65469
4.34362
3.9918
3.79052
4.4647
2.96095
4.90519
3.42148
4.29143
3.74276
4.35938
4.75991
4.21891
2.93108
2.37529
2.32515
1.53205
3.589
4.17856
3.42592
2.7797
4.32779
3.63187
4.95413
3.91017
4.72285
4.96723
4.68791
1.61946
2.91254
4.59849
2.56466
4.49816
4.46614
2.66872
3.74614
4.68758
4.37053
4.01343
4.60549
2.61265
3.15117
2.84887
2.45862
2.51309
2.80802
2.52814
4.27421
4.2745
3.78593
2.40407
1.57273
2.49967
2.88717
2.85041
4.62926
4.61831
2.79886
3.6411
3.91914
4.98615
4.90763
3.64875
4.28923
4.99358
3.50681
4.65498
4.12557
2.82347
1.42502
2.48411
1.50672
3.02952
3.96956
2.71272
3.91091
2.44911
3.03068
4.12358
4.5561
4.91164
4.39507
4.95007
2.54732
2.38377
3.51219
4.52721
4.73403
4.63107
3.9934
2.94006
4.52118
4.60894
3.7199
3.44647
2.76891
4.41544
4.5022
2.3545
1.4291
2.53855
4.84109
4.18702
3.66772
3.49003
2.79261
4.29413
3.02971
3.76705
4.44717
4.72418
3.10562
2.94371
1.47205
4.99114
4.60448
4.24593
4.38843
4.9946
2.56586
4.31936
2.62164
3.95714
3.76712
4.61726
2.39076
3.04101
4.48422
1.44532
2.46934
2.50778
2.65418
1.61309
2.74968
1.55128
2.65174
4.47108
4.76284
3.9225
3.80102
2.80052
2.72882
2.94365
3.25142
4.40621
4.4991
4.52638
4.63319
3.67855
4.24171
4.2333
4.33066
4.72837
4.21333
4.43142
4.79446
3.28224
4.58824
2.99046
3.71151
2.85021
2.34427
2.91527
2.27546
3.78066
4.29344
4.36102
4.12578
4.77539
4.4424
2.61725
2.43814
4.12037
3.56484
4.49776
4.48328
3.92667
4.70817
3.13388
4.73786
3.88801
4.45459
4.84742
2.93727
3.74015
4.42429
4.023
4.40634
3.00015
3.68066
2.7602
4.43532
3.82974
3.03282
1.50968
4.55072
4.43969
2.4662
4.23635
4.3447
4.98855
2.39049
2.86145
4.31716
4.35753
2.31261
3.93885
3.43296
2.4684
1.59842
3.54241
2.82709
2.54555
3.11353
3.93047
4.6714
4.46974
1.51227
2.85253
4.55855
1.63485
2.94917
2.49776
2.70202
4.34294
4.41515
2.43268
3.48202
4.27447
2.91157
4.52677
4.81484
3.81133
4.27445
1.39838
2.60107
2.8159
3.54749
2.94488
3.72943
2.78834
3.69872
4.43474
4.62155
2.95923
1.58106
2.44855
4.47042
2.53175
4.47313
2.52091
4.26665
3.37316
2.88028
4.12769
3.85254
4.38963
4.96556
2.91849
2.34519
3.0113
4.5918
4.2623
4.13076
2.43558
4.71996
4.25768
3.58168
4.26545
2.55387
2.48036
2.87792
4.07032
3.75394
4.69092
2.87766
4.721
4.53535
4.40449
3.46737
4.95432
4.28883
4.5766
1.51862
2.40923
4.49899
3.91679
1.30111
4.56265
2.73072
4.3844
4.48771
2.78627
1.69291
4.37655
4.32686
2.5097
2.56408
2.53274
4.97083
4.24574
3.91627
3.30338
2.95898
4.47371
4.26813
1.61342
4.29969
4.4611
4.38933
4.97336
2.472
4.18099
4.14555
4.83393
4.2684
3.38327
2.3276
2.56383
4.49943
3.9115
3.78991
3.16821
2.90521
4.31972
4.56265
4.42705
3.63579
4.38214
4.62243
3.03515
2.89094
2.79509
3.88755
4.34132
3.71339
4.55654
1.33363
2.96971
4.3526
2.48791
4.27674
2.48589
2.41241
4.27621
4.92689
3.88648
4.53988
4.08769
2.88275
3.4308
4.80782
4.91073
2.57839
2.42174
4.39238
4.43425
4.58221
1.48758
4.28559
3.84912
4.18542
3.61906
4.34527
3.7894
2.45204
3.76943
2.46693
2.60832
4.70649
1.4641
4.54553
3.78854
4.32017
3.77224
4.38531
4.15146
4.22412
3.65721
2.44702
2.74904
3.42498
4.36064
4.22935
4.25831
2.97989
4.72939
4.45272
1.43634
2.89543
4.38328
4.51706
3.07651
4.42375
3.8726
2.39464
4.26902
4.49724
4.83575
4.27029
2.50529
4.41931
2.53523
4.29245
4.69697
1.43143
2.77814
2.87323
2.83007
2.99534
4.67852
3.66022
3.75526
2.51544
3.74194
2.38505
3.88176
4.4281
1.40846
4.27293
4.36551
2.49122
4.14177
4.99971
4.38777
4.97775
4.50247
2.42361
3.04271
1.56843
4.75741
3.11805
3.78351
4.00002
2.73541
1.49631
2.63072
4.47715
2.90268
3.6261
3.97369
2.33453
4.72909
2.32721
3.49601
3.3133
2.42926
4.51958
2.79831
1.72295
2.89909
4.46392
4.333
4.59791
2.7908
2.60988
4.267
3.88727
2.57767
2.69902
3.44317
1.47696
3.24807
4.56509
2.87133
4.55297
2.94366
3.8005
2.43786
4.30467
4.27579
4.90145
4.59493
2.33869
4.34685
4.12725
2.25039
4.50327
1.39054
2.88617
2.86887
4.53775
2.99164
2.84258
3.51416
3.76041
4.36586
1.42762
2.4635
3.8878
2.43372
3.82372
4.43299
2.57683
4.87044
4.04818
3.59202
2.85633
3.75738
4.57939
4.54441
2.87524
3.69951
4.26843
1.60419
3.63647
1.49576
2.44813
2.86992
2.45543
3.02072
4.26172
4.96052
2.52253
4.10347
2.88981
1.57324
4.43001
2.67666
3.9193
2.8314
1.3999
3.80526
2.37979
2.29438
4.34672
3.25645
3.80882
4.23807
2.72671
2.60688
4.51416
4.61732
1.52374
3.08972
2.95652
3.00749
3.0527
3.50402
3.92945
2.59791
4.04986
4.32931
1.68826
2.69127
3.99859
4.60948
4.62455
3.91107
3.05465
3.92148
2.92007
3.89262
4.37433
1.57011
2.67604
3.08504
3.53351
1.42841
2.64614
3.11323
2.50433
3.12684
1.70542
3.86662
2.86877
1.49787
4.56988
3.05563
3.94325
2.69334
3.59835
3.68018
2.44442
4.72277
4.36721
2.89078
2.86378
3.92525
1.46053
3.07158
1.53788
4.99597
3.73151
4.30531
2.66869
2.41951
4.23063
2.62419
2.46278
4.48864
3.24194
3.77549
3.76995
3.59647
2.51918
3.42989
4.97635
2.5005
4.83566
2.477
1.47102
3.81997
4.22433
3.81942
4.4064
3.7446
4.33769
3.4402
2.49064
3.34995
2.56885
4.48045
3.12071
4.83946
2.85213
4.20879
2.82016
4.37269
4.67611
2.31419
3.62736
2.61262
4.92196
4.36948
3.38462
2.40537
3.01081
4.83681
4.65084
2.33078
2.96984
4.36316
2.74628
4.3555
2.59629
4.81773
4.34513
4.3849
4.01272
3.40324
3.88269
2.41687
1.64611
4.32327
3.9165
2.44999
4.31535
4.18198
2.43917
4.28534
2.52532
1.6071
4.22855
2.89622
2.38903
1.51384
3.58823
2.92469
2.44561
3.81114
2.62555
3.39125
2.51721
2.84816
4.99386
3.06035
4.36491
4.54005
2.66502
2.92284
4.46718
2.47682
4.44283
3.83718
3.4653
1.4299
4.31124
3.64073
2.53039
4.01321
2.37192
4.29517
2.63043
1.53615
4.26214
1.472
3.51525
2.82829
2.61133
3.01555
2.48834
2.36382
3.75002
3.51924
3.93315
2.60614
3.80666
2.52313
1.42734
4.407
1.55687
4.25861
3.0781
2.45814
2.9028
2.67825
1.42487
3.64117
4.54455
2.52396
2.91251
2.52469
3.0373
2.47431
3.01164
2.97101
2.51652
2.81767
2.34079
2.98216
2.5256
3.04758
2.44702
1.66502
2.7321
1.593
1.44711
2.61584
1.62251
2.54474
2.87863
2.50819
1.46646
1.75643
2.58107
3.12816
