4.63215 4.36444 1.3119 
4.63215 4.43857 2.64186 
4.63215 4.5069 4.3463 
3.69996 1.33691 4.32606 
3.69996 1.3068 4.18386 
3.69996 4.22066 1.30309 
1.33691 1.3068 1.7482 
1.33691 2.60957 1.32593 
1.33691 2.61127 2.54564 
1.33691 2.53172 1.78097 
1.33691 4.5069 4.99577 
1.33691 4.22066 4.80919 
4.36444 4.43857 1.33085 
1.3068 2.60957 2.5188 
1.3068 2.61127 1.34938 
1.3068 2.53172 1.76162 
1.3068 4.5069 4.18581 
2.60957 2.61127 2.6447 
2.60957 2.53172 1.36248 
2.61127 2.53172 1.3424 
2.61127 4.5069 4.33406 
4.43857 4.22066 4.9326 
2.53172 4.5069 4.90475 
4.6536 4.57555 1.32593 
4.6536 4.02916 4.80157 
4.29933 3.75107 1.30117 
4.29933 2.56864 4.49589 
4.29933 1.30274 4.03004 
4.29933 4.44369 1.30138 
4.51241 3.94721 2.51343 
4.51241 4.26973 1.359 
4.51241 4.02916 3.84502 
4.51241 2.56864 4.48471 
4.51241 1.30274 4.47911 
3.75107 2.56864 4.6739 
3.75107 1.30274 3.86714 
3.75107 4.44369 2.47567 
3.94721 4.26973 1.27826 
3.94721 4.02916 1.40203 
3.94721 1.30274 4.54029 
4.26973 4.02916 2.67797 
4.26973 2.56864 4.83872 
4.26973 1.30274 4.51598 
4.02916 1.30274 4.9462 
2.56864 1.30274 1.29944 
2.56864 4.44369 3.88588 
1.30274 4.44369 3.80458 
1.3119 2.65704 3.96885 
1.3119 1.3628 2.67333 
1.3119 4.85749 4.8508 
1.3119 3.63205 3.74138 
1.3119 2.64186 1.33085 
1.3119 4.42037 3.70746 
1.3119 4.86621 4.54116 
1.3119 4.08633 4.61821 
1.3119 4.54802 4.00236 
2.65704 1.3628 1.29903 
2.65704 4.82281 4.25056 
2.65704 3.63205 4.67292 
2.65704 4.3463 3.65615 
2.65704 4.08633 4.19298 
1.3628 4.82281 4.30901 
1.3628 3.63205 3.95023 
1.3628 2.64186 4.00224 
1.3628 4.3463 3.84178 
1.3628 4.08633 3.88142 
4.82281 3.63205 2.68002 
4.82281 4.08633 1.30021 
3.63205 2.64186 4.31945 
3.63205 4.42037 3.11522 
3.63205 4.86621 4.49914 
3.63205 4.08633 1.52993 
3.63205 4.54802 3.72464 
2.64186 4.42037 3.38787 
2.64186 4.86621 4.56267 
2.64186 4.54802 3.83883 
4.42037 4.86621 2.63152 
4.42037 4.08633 4.31283 
4.42037 4.54802 1.32351 
4.86621 4.3463 4.93518 
4.86621 4.08633 4.99501 
4.86621 4.54802 1.31646 
4.08633 4.54802 4.57113 
4.49761 4.22566 1.34938 
4.49761 4.95359 1.76162 
4.49761 1.39165 4.18581 
4.56784 4.96602 1.29903 
4.56784 4.82453 4.61574 
4.56784 1.39165 3.65615 
4.96602 1.39165 3.84178 
4.22566 4.95359 1.3424 
4.22566 1.39165 4.33406 
4.22566 1.26756 4.54173 
4.22566 2.52867 4.81721 
4.55772 4.82453 1.3437 
4.91517 4.20327 4.12842 
4.91517 3.7144 1.40497 
4.91517 1.26756 3.72604 
4.91517 4.83456 4.92646 
4.91517 2.52867 2.57426 
4.20327 1.39165 4.93518 
4.20327 3.7144 3.32533 
4.20327 1.26756 3.34944 
4.20327 4.83456 1.31646 
4.20327 2.52867 3.3846 
4.95359 1.39165 4.90475 
1.39165 3.7144 4.93533 
1.39165 1.26756 2.54435 
1.39165 2.52867 3.8285 
3.7144 1.26756 2.47168 
3.7144 4.83456 4.32674 
3.7144 2.52867 1.25569 
1.26756 4.83456 4.17472 
1.26756 2.52867 1.32326 
4.83456 2.52867 4.39869 
4.32606 4.18386 1.7482 
4.32606 1.30309 4.80919 
4.05847 3.92175 4.64029 
4.05847 3.17984 1.28078 
3.92175 2.60769 4.17239 
3.92175 1.30309 3.87127 
3.92175 3.17984 3.40856 
2.60769 1.30309 1.30611 
2.60769 4.87425 4.1773 
2.60769 4.24513 4.17792 
1.30309 4.87425 4.37338 
1.30309 3.17984 4.1959 
1.30309 4.64457 4.78196 
1.30309 4.24513 4.03408 
4.87425 4.64457 2.44038 
4.87425 4.24513 1.17641 
4.64457 4.24513 1.37505 
1.7482 1.32593 2.5188 
1.7482 2.54564 1.34938 
1.7482 4.55584 4.7586 
1.7482 1.78097 1.76162 
1.7482 4.99577 4.18581 
4.45122 1.32593 4.73107 
4.45122 4.80157 1.46595 
1.32593 2.54564 2.6447 
1.32593 4.55584 4.08622 
1.32593 1.78097 1.36248 
2.54564 4.55584 4.45773 
2.54564 1.78097 1.3424 
2.54564 4.99577 4.33406 
4.55584 1.78097 3.95288 
1.78097 4.99577 4.90475 
3.96885 2.67333 1.29903 
3.96885 3.74138 4.67292 
3.96885 4.61821 4.19298 
2.67333 3.74138 3.95023 
2.67333 1.33085 4.00224 
2.67333 4.61821 3.88142 
3.74138 1.33085 4.31945 
3.74138 3.70746 3.11522 
3.74138 4.54116 4.49914 
3.74138 4.61821 1.52993 
3.74138 4.00236 3.72464 
3.74138 4.20579 3.30281 
1.33085 3.70746 3.38787 
1.33085 4.54116 4.56267 
1.33085 4.00236 3.83883 
1.33085 4.20579 3.70016 
3.70746 4.54116 2.63152 
3.70746 4.61821 4.31283 
3.70746 4.00236 1.32351 
3.70746 4.20579 1.34805 
4.54116 4.61821 4.99501 
4.54116 4.00236 1.31646 
4.54116 4.20579 3.95776 
4.61821 4.00236 4.57113 
4.61821 4.20579 4.71544 
4.00236 4.20579 2.64282 
2.5188 1.34938 2.6447 
2.5188 4.7586 4.08622 
2.5188 1.76162 1.36248 
1.34938 4.7586 4.45773 
1.34938 1.76162 1.3424 
1.34938 4.18581 4.33406 
4.7586 1.76162 3.95288 
1.76162 4.18581 4.90475 
4.93544 1.29903 4.97709 
4.93544 4.70173 4.35759 
4.93544 4.42916 3.64928 
4.93544 4.61574 3.8503 
1.29903 4.25056 4.30901 
1.29903 4.46702 4.83269 
1.29903 4.67292 3.95023 
1.29903 3.65615 3.84178 
1.29903 4.19298 3.88142 
4.25056 4.46702 1.19989 
4.25056 4.67292 2.68002 
4.25056 4.19298 1.30021 
4.70173 4.42916 1.328 
4.70173 4.61574 2.5678 
4.46702 4.67292 3.82598 
4.46702 4.19298 2.49263 
4.42916 4.61574 1.29207 
4.67292 4.19298 1.52993 
4.57187 4.57914 1.30117 
4.57187 4.97722 1.30138 
4.57187 1.24858 4.89591 
4.36914 2.45015 2.29336 
4.36914 1.24858 3.41001 
4.36914 3.73945 1.291 
4.57914 4.97722 2.47567 
4.86981 4.72745 2.65202 
4.86981 4.81639 1.34805 
4.72745 4.97722 4.85415 
4.72745 4.81639 1.33541 
4.72745 1.24858 4.77306 
2.45015 1.24858 1.26818 
2.45015 3.73945 1.36909 
1.24858 3.73945 2.62389 
2.50198 1.34906 1.19989 
2.50198 2.64839 4.70229 
2.50198 1.46595 3.82487 
2.50198 3.78932 1.30021 
2.50198 4.09507 2.95127 
2.50198 4.75411 3.97607 
1.34906 2.64839 3.79551 
1.34906 3.83699 4.87506 
1.34906 1.46595 2.76512 
1.34906 3.78932 2.49263 
1.34906 4.09507 3.40717 
1.34906 4.75411 4.32069 
4.89451 2.64839 2.51343 
4.89451 3.83699 1.359 
4.89451 1.46595 3.84502 
2.64839 3.83699 1.27826 
2.64839 1.46595 1.40203 
3.83699 1.46595 2.67797 
1.46595 4.09507 4.89885 
3.78932 4.09507 3.15876 
3.78932 4.75411 4.18976 
4.09507 4.75411 1.28115 
2.6447 4.08622 4.45773 
2.6447 1.36248 1.3424 
4.08622 1.36248 3.95288 
4.35759 4.46366 3.89014 
4.35759 3.64928 1.328 
4.35759 3.8503 2.5678 
4.46366 3.64928 2.63189 
4.46366 3.8503 1.3437 
3.64928 3.8503 1.29207 
3.64928 1.30232 4.7458 
3.8503 1.30232 4.88962 
4.9129 1.30232 4.80434 
4.98172 1.30232 4.54934 
4.98172 4.90112 1.17641 
4.98172 2.56363 4.90463 
1.30232 4.90112 4.5092 
1.30232 2.56363 1.30519 
4.90112 2.56363 4.85638 
4.30901 4.83269 1.19989 
4.30901 3.95023 2.68002 
4.30901 3.88142 1.30021 
4.83269 3.95023 3.82598 
4.83269 3.88142 2.49263 
3.95023 4.00224 4.31945 
3.95023 3.88142 1.52993 
1.19989 4.70229 3.79551 
1.19989 2.68002 3.82598 
1.19989 3.82487 2.76512 
1.19989 4.91726 4.82529 
1.19989 1.30021 2.49263 
1.19989 2.95127 3.40717 
1.19989 3.97607 4.32069 
4.70229 3.82487 1.40203 
2.68002 1.30021 1.52993 
2.68002 2.95127 3.88268 
2.68002 3.97607 4.6367 
3.82487 2.95127 4.89885 
4.91726 2.95127 4.62327 
1.30021 2.95127 3.15876 
1.30021 3.97607 4.18976 
2.95127 3.97607 1.28115 
3.89014 1.328 2.63189 
3.89014 2.5678 1.3437 
4.43626 1.29813 4.35589 
4.43626 4.32171 1.359 
4.43626 4.45016 1.291 
1.328 1.29813 2.62187 
1.328 4.32171 4.97226 
1.328 2.5678 1.29207 
1.328 4.45016 4.81655 
1.29813 4.32171 4.14999 
1.29813 2.5678 3.8579 
1.29813 4.45016 4.6049 
4.32171 4.45016 2.55461 
4.46273 4.38789 3.45057 
4.46273 1.32899 4.98307 
4.46273 4.33826 4.41605 
4.46273 4.96109 3.52561 
4.38789 4.33826 1.30117 
4.38789 4.96109 1.30138 
1.32899 2.60528 1.28078 
4.33826 4.96109 2.47567 
4.45773 1.3424 3.95288 
1.3424 4.33406 4.90475 
4.33406 4.54173 2.54435 
4.33406 4.81721 3.8285 
4.54173 4.81721 1.32326 
3.45057 4.41605 1.30117 
3.45057 1.3437 4.47095 
3.45057 3.52561 1.30138 
4.41605 3.52561 2.47567 
2.63189 1.3437 1.29207 
1.3437 3.52561 4.60298 
1.30117 4.49589 4.6739 
1.30117 4.03004 3.86714 
1.30117 1.30138 2.47567 
4.47095 1.30138 4.60298 
4.49589 4.03004 1.29944 
4.49589 1.30138 3.88588 
4.03004 1.30138 3.80458 
3.79551 4.87506 1.27826 
3.79551 2.76512 1.40203 
4.87506 2.76512 2.67797 
3.82598 2.49263 1.52993 
3.82598 3.40717 3.88268 
3.82598 4.32069 4.6367 
2.76512 3.40717 4.89885 
4.82529 3.40717 4.62327 
2.49263 3.40717 3.15876 
2.49263 4.32069 4.18976 
3.40717 4.32069 1.28115 
2.51343 4.35589 4.99507 
2.51343 1.359 1.27826 
2.51343 3.84502 1.40203 
2.51343 4.47911 4.54029 
2.51343 2.29336 4.29445 
2.51343 1.291 3.68254 
4.35589 1.359 4.14999 
4.35589 1.291 4.6049 
1.359 3.84502 2.67797 
1.359 4.48471 4.83872 
1.359 4.47911 4.51598 
1.359 2.29336 3.42768 
1.359 3.41001 4.36884 
1.359 1.291 2.55461 
3.84502 4.47911 4.9462 
3.84502 1.291 4.96668 
4.48471 4.47911 1.29944 
4.48471 4.90575 4.72902 
2.29336 4.90575 4.54058 
2.29336 3.41001 1.26818 
2.29336 1.291 1.36909 
4.90575 1.291 4.32473 
3.41001 1.291 2.62389 
4.64029 1.28078 3.40856 
4.6739 3.86714 1.29944 
4.6739 2.47567 3.88588 
3.86714 2.47567 3.80458 
4.99507 1.27826 4.14999 
4.99507 3.68254 4.6049 
1.27826 1.40203 2.67797 
1.27826 4.54029 4.51598 
1.27826 4.29445 3.42768 
1.27826 3.68254 2.55461 
1.40203 4.54029 4.9462 
1.40203 3.68254 4.96668 
4.29445 3.68254 1.36909 
2.62187 4.97226 4.14999 
2.62187 1.29207 3.8579 
2.62187 4.81655 4.6049 
4.97226 4.81655 2.55461 
1.29207 4.7458 4.88962 
4.14999 4.6049 2.55461 
2.67797 4.51598 4.9462 
2.67797 2.55461 4.96668 
4.83872 4.51598 1.29944 
3.42768 4.36884 1.26818 
3.42768 2.55461 1.36909 
4.36884 2.55461 2.62389 
4.31945 3.11522 3.38787 
4.31945 4.49914 4.56267 
4.31945 3.72464 3.83883 
4.31945 3.98264 4.69135 
4.31945 3.30281 3.70016 
3.11522 4.49914 2.63152 
3.11522 1.52993 4.31283 
3.11522 3.72464 1.32351 
3.11522 3.98264 2.65202 
3.11522 3.30281 1.34805 
4.49914 1.52993 4.99501 
4.49914 3.72464 1.31646 
4.49914 3.30281 3.95776 
1.52993 3.88268 3.15876 
1.52993 3.72464 4.57113 
1.52993 3.30281 4.71544 
1.52993 4.6367 4.18976 
3.88268 4.6367 1.28115 
3.72464 3.98264 3.89896 
3.72464 3.30281 2.64282 
3.98264 3.30281 1.33541 
2.53141 1.33854 3.86519 
2.53141 1.27531 1.28115 
4.56325 1.33854 4.72902 
4.56325 1.27531 4.90122 
2.64804 4.01215 1.37505 
2.64804 1.33854 1.34347 
2.64804 4.59235 4.69788 
2.64804 1.27531 3.88381 
4.45885 1.33854 4.54058 
4.45885 4.93341 1.26818 
4.45885 4.59235 1.36909 
4.45885 1.27531 4.88991 
4.01215 1.33854 2.7179 
1.33854 4.59235 4.32473 
1.33854 1.27531 2.60619 
4.93341 4.59235 2.62389 
4.12842 1.40497 3.32533 
4.12842 3.72604 3.34944 
4.12842 4.92646 1.31646 
4.12842 2.57426 3.3846 
4.17239 3.87127 1.30611 
1.40497 3.72604 2.47168 
1.40497 4.92646 4.32674 
1.40497 3.40856 4.44763 
1.40497 2.57426 1.25569 
1.40497 4.97722 4.35155 
3.87127 3.40856 4.1959 
3.72604 4.92646 4.17472 
3.72604 2.57426 1.32326 
4.92646 2.57426 4.39869 
2.57426 4.97722 4.64592 
3.38787 4.56267 2.63152 
3.38787 3.83883 1.32351 
3.38787 4.69135 2.65202 
3.38787 3.70016 1.34805 
4.56267 3.83883 1.31646 
4.56267 3.70016 3.95776 
4.80959 4.9326 1.30611 
3.83883 4.69135 3.89896 
3.83883 3.70016 2.64282 
4.69135 3.70016 1.33541 
2.63152 4.31283 4.99501 
2.63152 1.32351 1.31646 
2.63152 1.34805 3.95776 
4.31283 1.32351 4.57113 
4.31283 1.34805 4.71544 
1.32351 2.65202 3.89896 
1.32351 1.34805 2.64282 
2.65202 1.34805 1.33541 
4.93518 3.32533 4.93533 
4.93518 3.34944 2.54435 
4.93518 3.3846 3.8285 
3.32533 3.34944 2.47168 
3.32533 1.31646 4.32674 
3.32533 3.3846 1.25569 
3.32533 4.80434 4.64051 
4.93288 4.59745 1.3299 
4.99501 1.31646 4.57113 
4.99501 3.95776 4.71544 
3.34944 1.31646 4.17472 
3.34944 3.3846 1.32326 
1.31646 3.3846 4.39869 
1.31646 3.95776 2.64282 
4.36446 1.30611 4.9224 
4.36446 4.93209 1.3299 
4.36446 4.1773 1.38508 
4.36446 4.17792 2.54934 
1.30611 4.1773 4.37338 
1.30611 4.17792 4.03408 
4.93209 4.1773 2.71485 
4.93209 4.17792 3.87572 
4.1773 4.17792 1.17641 
4.93533 2.54435 2.47168 
4.93533 3.8285 1.25569 
2.54435 3.8285 1.32326 
2.47168 4.32674 4.17472 
2.47168 1.25569 1.32326 
4.32674 1.25569 4.39869 
1.25569 4.35155 4.64592 
4.64051 4.35155 1.30519 
4.9224 1.38508 4.37338 
4.9224 3.80539 4.78196 
4.9224 2.54934 4.03408 
1.3299 1.38508 2.71485 
1.3299 2.54934 3.87572 
1.38508 3.80539 2.44038 
1.38508 2.54934 1.17641 
3.80539 2.54934 1.37505 
3.15876 4.18976 1.28115 
4.57113 4.71544 2.64282 
3.86519 1.28115 2.60619 
4.37338 4.78196 2.44038 
4.37338 4.03408 1.17641 
4.78196 4.03408 1.37505 
4.17472 1.32326 4.39869 
3.89896 2.64282 1.33541 
2.71485 3.87572 1.17641 
2.44038 4.54934 4.60255 
2.44038 1.17641 1.37505 
2.44038 3.74071 1.34347 
2.44038 4.90463 4.72748 
4.54934 1.17641 4.5092 
4.54934 4.90463 1.30519 
1.17641 3.74071 2.7179 
1.17641 4.90463 4.85638 
3.74071 4.90463 4.95055 
4.57205 3.88588 4.85415 
4.57205 4.97558 1.33541 
1.29944 3.88588 3.80458 
4.72902 4.90122 2.60619 
4.60255 1.37505 4.5092 
4.60255 4.72748 1.30519 
1.37505 1.34347 2.7179 
1.37505 4.72748 4.85638 
1.34347 4.72748 4.95055 
1.34347 4.69788 4.32473 
1.34347 3.88381 2.60619 
4.54058 1.36909 4.32473 
4.54058 4.88991 2.60619 
1.26818 1.36909 2.62389 
4.5092 1.30519 4.85638 
2.7179 4.85638 4.95055 
