4.92176 3.92389 2.48515 
4.92176 4.25779 1.19725 
4.92176 4.22457 3.78178 
4.95348 1.3404 4.25815 
4.95348 3.92389 2.60239 
4.95348 4.25779 3.86938 
4.95348 2.51934 3.75009 
4.95348 2.56118 4.36046 
4.95348 4.22457 1.28913 
3.42821 1.32911 4.33842 
3.42821 1.3404 4.31038 
3.42821 4.035 3.83343 
3.42821 3.23836 2.57835 
3.42821 4.82467 2.60482 
3.42821 4.13694 1.35896 
3.42821 3.12033 1.2636 
1.32911 1.3404 1.97778 
1.32911 3.92389 4.26512 
1.32911 2.54837 1.34179 
1.32911 4.25779 4.56414 
1.32911 2.51934 2.57348 
1.32911 3.23836 4.55487 
1.32911 4.89596 4.82532 
1.32911 2.56118 1.92104 
1.32911 4.22457 4.5188 
1.32911 4.13694 4.71793 
1.32911 3.12033 4.29808 
1.3404 3.92389 3.98807 
1.3404 2.54837 2.65092 
1.3404 4.25779 4.6909 
1.3404 4.035 3.99922 
1.3404 2.51934 1.33612 
1.3404 3.23836 3.49626 
1.3404 4.89596 4.88849 
1.3404 2.56118 1.96094 
1.3404 4.22457 3.85657 
1.3404 3.12033 3.76857 
3.92389 2.54837 4.57596 
3.92389 4.25779 1.29132 
3.92389 2.51934 4.2099 
3.92389 2.56118 4.46118 
3.92389 4.22457 1.3168 
2.54837 2.51934 2.54446 
2.54837 2.56118 1.34034 
2.54837 4.22457 4.59796 
4.25779 4.22457 2.5944 
4.035 3.23836 1.27883 
4.035 3.12033 2.57091 
2.51934 3.23836 4.70091 
2.51934 2.56118 1.31779 
2.51934 4.22457 3.70202 
3.23836 4.13694 3.93461 
3.23836 3.12033 1.31892 
4.89596 4.82467 4.98307 
4.89596 4.13694 4.8708 
2.56118 4.22457 4.14643 
4.82467 4.13694 1.26664 
4.82467 3.12033 3.85544 
4.13694 3.12033 2.62148 
4.90135 2.41783 2.49305 
4.90135 1.30404 3.75193 
4.90135 3.6509 1.27321 
2.41783 1.30404 1.32011 
2.41783 2.45786 4.7984 
2.41783 4.52703 4.84263 
2.41783 1.35023 3.76695 
2.41783 3.6509 1.26812 
1.30404 2.45786 3.664 
1.30404 4.52703 4.09125 
1.30404 1.35023 2.58813 
1.30404 3.6509 2.56712 
1.30404 4.94695 4.51889 
2.45786 1.35023 1.27226 
4.52703 1.35023 4.82859 
4.52703 4.94695 1.30918 
1.35023 3.6509 4.99686 
1.24126 2.48515 3.67892 
1.24126 1.19725 2.41096 
1.24126 2.50444 1.26603 
1.24126 3.78178 4.97602 
2.48515 1.19725 1.29132 
2.48515 2.50444 4.93649 
2.48515 3.78178 1.3168 
1.19725 2.50444 3.67583 
1.19725 3.78178 2.5944 
4.25815 2.60239 3.98807 
4.25815 3.86938 4.6909 
4.25815 3.75009 1.33612 
4.25815 4.36046 1.96094 
4.25815 1.28913 3.85657 
4.25815 1.19016 4.7892 
2.60239 3.86938 1.29132 
2.60239 3.75009 4.2099 
2.60239 4.73742 4.8401 
2.60239 4.36046 4.46118 
2.60239 1.28913 1.3168 
2.60239 1.19016 3.73725 
3.86938 1.28913 2.5944 
3.75009 4.36046 1.31779 
3.75009 1.28913 3.70202 
3.75009 1.19016 4.11719 
4.89718 4.73742 1.34502 
4.89718 1.19016 4.67065 
4.89718 2.52442 4.99008 
4.73742 1.28913 4.64769 
4.73742 1.19016 4.74545 
4.03653 1.28913 4.83098 
4.03653 3.76641 4.04577 
4.03653 1.19016 3.87609 
4.03653 4.69815 1.29273 
4.03653 2.52442 3.75432 
4.36046 1.28913 4.14643 
4.36046 1.19016 4.90781 
1.28913 1.19016 2.44056 
1.28913 2.52442 3.78397 
3.76641 1.19016 2.61651 
3.76641 2.52442 1.27173 
1.19016 4.69815 4.75672 
1.19016 2.52442 1.35963 
4.69815 2.52442 4.81182 
4.33842 4.31038 1.97778 
4.33842 2.57835 4.55487 
4.33842 1.35896 4.71793 
4.33842 1.2636 4.29808 
4.31038 3.83343 3.99922 
4.31038 2.57835 3.49626 
4.31038 1.2636 3.76857 
3.83343 2.57835 1.27883 
3.83343 1.2636 2.57091 
2.57835 1.35896 3.93461 
2.57835 1.2636 1.31892 
2.60482 1.35896 1.26664 
2.60482 1.2636 3.85544 
2.60482 4.74695 3.86422 
1.35896 1.2636 2.62148 
1.35896 4.74695 3.96091 
1.97778 4.26512 3.98807 
1.97778 1.34179 2.65092 
1.97778 4.56414 4.6909 
1.97778 2.57348 1.33612 
1.97778 4.55487 3.49626 
1.97778 4.82532 4.88849 
1.97778 1.92104 1.96094 
1.97778 4.5188 3.85657 
1.97778 4.29808 3.76857 
4.26512 1.34179 4.57596 
4.26512 4.56414 1.29132 
4.26512 2.57348 4.2099 
4.26512 1.92104 4.46118 
4.26512 4.5188 1.3168 
1.34179 2.57348 2.54446 
1.34179 1.92104 1.34034 
1.34179 4.5188 4.59796 
4.56414 4.5188 2.5944 
2.57348 4.55487 4.70091 
2.57348 1.92104 1.31779 
2.57348 4.5188 3.70202 
4.55487 4.71793 3.93461 
4.55487 4.29808 1.31892 
4.82532 4.71793 4.8708 
1.92104 4.5188 4.14643 
4.71793 4.29808 2.62148 
3.67892 2.41096 1.29132 
3.67892 1.26603 4.93649 
3.67892 4.97602 1.3168 
2.41096 1.26603 3.67583 
2.41096 4.97602 2.5944 
1.26603 4.94011 3.89042 
3.98807 2.65092 4.57596 
3.98807 4.6909 1.29132 
3.98807 1.33612 4.2099 
3.98807 1.96094 4.46118 
3.98807 3.85657 1.3168 
3.98807 4.7892 3.73725 
2.65092 1.33612 2.54446 
2.65092 1.96094 1.34034 
2.65092 3.85657 4.59796 
4.6909 3.85657 2.5944 
3.99922 3.49626 1.27883 
3.99922 3.76857 2.57091 
1.33612 3.49626 4.70091 
1.33612 1.96094 1.31779 
1.33612 3.85657 3.70202 
1.33612 4.7892 4.11719 
3.49626 3.76857 1.31892 
1.96094 3.85657 4.14643 
1.96094 4.7892 4.90781 
3.85657 4.7892 2.44056 
4.57596 4.2099 2.54446 
4.57596 4.46118 1.34034 
4.57596 1.3168 4.59796 
1.29132 4.93649 3.67583 
1.29132 1.3168 2.5944 
4.2099 4.46118 1.31779 
4.2099 1.3168 3.70202 
4.2099 3.73725 4.11719 
4.8401 1.3168 4.64769 
4.8401 3.73725 4.74545 
4.46118 1.3168 4.14643 
4.46118 3.73725 4.90781 
1.3168 3.73725 2.44056 
4.20883 4.82445 1.3091 
4.20883 1.32498 4.80023 
4.20883 1.24154 4.69262 
4.20883 4.72796 2.34756 
4.91941 2.47206 2.66616 
4.91941 1.24154 4.01708 
4.91941 3.64056 1.33102 
2.22868 4.61388 2.60556 
2.22868 4.34904 4.82665 
2.22868 2.43618 2.37553 
2.22868 2.47206 3.68473 
2.22868 3.34035 3.66178 
2.22868 1.32498 1.41701 
2.22868 1.24154 3.03126 
2.22868 3.64056 4.4498 
2.22868 3.34575 1.30544 
4.61388 2.43618 4.78127 
4.61388 1.32498 3.96614 
4.61388 3.34575 1.32872 
4.34904 2.43618 2.47825 
4.34904 3.34035 1.3639 
4.34904 1.32498 3.6783 
2.43618 2.47206 4.241 
2.43618 3.34035 1.29873 
2.43618 1.32498 1.38348 
2.43618 1.24154 3.4601 
2.43618 3.64056 4.94532 
2.43618 3.34575 3.59753 
2.47206 3.34035 4.90838 
2.47206 1.32498 3.40985 
2.47206 1.24154 1.38706 
2.47206 3.64056 1.33739 
2.47206 3.34575 4.43601 
4.82445 4.72796 1.31935 
3.34035 1.32498 2.58356 
3.34035 1.24154 4.21913 
3.34035 3.34575 4.87641 
1.32498 1.24154 2.45408 
1.32498 3.64056 4.33861 
1.32498 3.34575 2.70022 
1.24154 4.72796 4.72174 
1.24154 3.64056 2.68951 
1.24154 3.34575 3.95596 
2.74643 1.28722 1.47684 
2.74643 1.29245 3.98441 
2.74643 4.72649 4.44211 
2.74643 3.99855 1.26224 
1.28722 2.41833 3.67991 
1.28722 3.64292 4.91572 
1.28722 1.29245 2.51771 
1.28722 4.72649 4.45437 
1.28722 3.99855 2.73087 
4.86289 2.41833 2.58174 
4.86289 3.64292 1.27193 
4.86289 1.29245 3.79309 
2.41833 3.64292 1.35632 
2.41833 1.29245 1.293 
3.64292 1.29245 2.60224 
4.72649 3.99855 4.67999 
2.54446 1.34034 1.31779 
2.54446 4.59796 3.70202 
1.34034 4.59796 4.14643 
3.52559 3.83086 1.26322 
3.52559 3.78402 1.35151 
3.52559 4.74953 2.60202 
3.52559 1.3091 4.43596 
4.82436 3.83086 4.84976 
4.82436 4.74953 4.40684 
4.82436 1.3091 3.97532 
4.82436 2.34756 4.59409 
3.83086 3.78402 2.60032 
3.83086 4.74953 1.35873 
3.83086 1.3091 4.44328 
3.78402 4.74953 3.908 
3.78402 1.3091 4.92823 
3.5308 4.71817 1.41598 
3.5308 1.3091 2.5605 
3.5308 4.69262 4.83786 
3.5308 2.34756 1.24319 
4.71817 1.3091 3.80086 
4.71817 2.34756 2.53026 
1.3091 2.34756 1.31935 
4.80023 4.69262 2.45408 
4.69262 2.34756 4.72174 
1.47684 2.48922 3.95996 
1.47684 3.98441 2.51771 
1.47684 4.44211 4.45437 
1.47684 1.26224 2.73087 
1.47684 4.43048 4.60814 
1.47684 4.43014 4.66926 
2.48922 4.90662 3.6493 
2.48922 4.75758 2.421 
2.48922 1.26224 1.29866 
2.48922 3.75417 1.29424 
4.44211 1.26224 4.67999 
4.90662 4.75758 2.70822 
4.90662 1.26224 4.40785 
4.90662 3.75417 3.47653 
4.75758 1.26224 3.6835 
4.75758 3.75417 1.35819 
1.26224 4.43048 4.73083 
1.26224 3.75417 2.55906 
1.26224 4.43014 4.62595 
4.43048 4.43014 1.32872 
3.82395 1.26322 2.60079 
3.82395 2.60202 1.34502 
1.26322 1.35151 2.60032 
1.26322 2.60202 1.35873 
1.26322 4.43596 4.44328 
1.35151 2.60202 3.908 
1.35151 4.43596 4.92823 
4.06607 4.03443 2.49305 
4.06607 4.96651 3.75193 
4.06607 4.84976 2.60079 
4.06607 4.40684 1.34502 
4.06607 3.64505 1.27321 
4.03443 4.96651 1.32011 
4.03443 4.40684 3.81128 
4.03443 3.64505 1.26812 
1.27883 2.57091 1.31892 
1.27883 3.64505 4.80993 
1.27883 3.97532 4.45555 
1.27883 4.59409 4.77171 
4.96651 3.64505 2.56712 
4.84976 4.40684 1.35873 
4.84976 3.64505 3.77579 
4.84976 3.97532 4.44328 
4.40684 3.64505 2.55459 
2.57091 3.97532 4.95143 
2.57091 4.59409 4.94206 
3.97532 4.59409 1.31935 
1.31779 3.70202 4.14643 
1.31779 4.11719 4.90781 
3.70202 4.11719 2.44056 
2.49305 3.75193 1.32011 
2.49305 1.34502 3.81128 
2.49305 1.27321 1.26812 
3.75193 1.27321 2.56712 
2.60079 1.34502 1.35873 
2.60079 1.27321 3.77579 
1.34502 4.67065 4.74545 
1.34502 1.27321 2.55459 
4.67065 4.99008 1.35963 
4.67065 1.27321 4.69457 
4.99008 1.27321 4.95647 
1.32011 4.7984 3.664 
1.32011 4.84263 4.09125 
1.32011 3.76695 2.58813 
1.32011 1.26812 2.56712 
3.81128 1.26812 2.55459 
4.7984 3.76695 1.27226 
4.84263 3.76695 4.82859 
3.76695 1.26812 4.99686 
3.67991 4.91572 1.35632 
3.67991 2.51771 1.293 
4.91572 2.51771 2.60224 
3.95996 2.73087 1.29866 
4.45437 2.73087 4.67999 
2.73087 4.60814 4.73083 
2.73087 4.66926 4.62595 
4.60814 4.66926 1.32872 
2.58174 1.27193 1.35632 
2.58174 3.79309 1.293 
2.58174 4.19849 4.39766 
2.58174 1.33102 3.84951 
1.27193 3.79309 2.60224 
1.27193 4.19849 4.1337 
1.27193 2.66616 3.92063 
1.27193 1.33102 2.58401 
4.19849 1.33102 4.37806 
2.66616 4.01708 1.38706 
2.66616 1.33102 1.33739 
4.01708 1.33102 2.68951 
3.93461 1.31892 2.62148 
1.31892 4.45555 4.95143 
1.31892 4.77171 4.94206 
4.45555 4.77171 1.31935 
3.664 2.58813 1.27226 
4.09125 2.58813 4.82859 
4.09125 4.51889 1.30918 
2.58813 2.56712 4.99686 
1.35632 1.293 2.60224 
1.35632 4.39766 4.1337 
1.35632 4.94226 4.97241 
1.35632 3.84951 2.58401 
4.39766 4.94226 1.27226 
4.39766 3.84951 4.37806 
2.60032 1.35873 3.908 
2.60032 4.44328 4.92823 
1.35873 3.77579 2.55459 
4.98307 4.8708 1.26664 
4.1337 4.97241 1.27226 
4.1337 2.58401 4.37806 
3.92063 2.58401 1.33739 
3.6493 2.421 2.70822 
3.6493 1.29866 4.40785 
3.6493 4.89864 1.26664 
3.6493 1.29424 3.47653 
3.6493 3.72096 3.08695 
2.421 1.29866 3.6835 
2.421 4.89864 3.82651 
2.421 1.29424 1.35819 
2.421 3.72096 1.35841 
1.29866 1.29424 2.55906 
1.29866 3.72096 4.95413 
4.89864 1.29424 4.71901 
4.89864 3.72096 3.92187 
1.29424 3.72096 2.57695 
4.64769 4.74545 2.44056 
4.74545 2.55459 4.69457 
2.60556 2.37553 4.78127 
2.60556 1.41701 3.96614 
2.60556 1.30544 1.32872 
4.91371 4.82665 3.92187 
4.91371 2.37553 3.96091 
4.91371 3.66178 4.16877 
4.91371 1.41701 4.52254 
4.82665 2.37553 2.47825 
4.82665 3.66178 1.3639 
4.82665 1.41701 3.6783 
4.60214 4.4498 4.37806 
4.60214 1.30544 4.57325 
2.37553 3.68473 4.241 
2.37553 3.66178 1.29873 
2.37553 1.41701 1.38348 
2.37553 3.03126 3.4601 
2.37553 4.4498 4.94532 
2.37553 1.30544 3.59753 
3.68473 3.66178 4.90838 
3.68473 1.41701 3.40985 
3.68473 3.03126 1.38706 
3.68473 4.4498 1.33739 
3.68473 1.30544 4.43601 
3.66178 1.41701 2.58356 
3.66178 3.03126 4.21913 
3.66178 1.30544 4.87641 
1.41701 3.03126 2.45408 
1.41701 4.4498 4.33861 
1.41701 1.30544 2.70022 
3.03126 4.4498 2.68951 
3.03126 1.30544 3.95596 
4.87652 1.41598 4.04577 
4.87652 4.01688 3.87609 
4.87652 2.68321 3.75432 
1.41598 4.01688 2.61651 
1.41598 2.68321 1.27173 
1.41598 4.25459 4.92397 
1.41598 2.5605 3.80086 
1.41598 1.24319 2.53026 
4.01688 2.68321 1.35963 
2.68321 1.24319 3.78815 
4.25459 1.24319 4.73731 
2.5605 1.24319 1.31935 
4.83786 1.24319 4.72174 
4.22758 4.13555 2.56334 
4.22758 3.89042 1.2792 
4.22758 4.87736 1.27793 
4.13555 3.89042 1.29273 
4.13555 4.87736 3.83938 
3.89042 4.87736 2.55575 
2.56334 1.2792 1.29273 
2.56334 1.27793 3.83938 
1.2792 2.58585 3.86432 
1.2792 1.27793 2.55575 
2.58585 1.27793 1.30918 
4.83098 3.87609 2.44056 
4.83098 3.75432 3.78397 
4.04577 3.87609 2.61651 
4.04577 3.75432 1.27173 
3.87609 1.29273 4.75672 
3.87609 3.75432 1.35963 
1.29273 3.75432 4.81182 
1.29273 3.83938 2.55575 
4.14643 4.90781 2.44056 
2.70822 4.40785 3.6835 
2.70822 1.26664 3.82651 
2.70822 3.47653 1.35819 
2.70822 3.08695 1.35841 
2.70822 3.86422 3.70445 
2.70822 3.70595 2.69721 
2.70822 4.6324 4.85559 
4.40785 3.47653 2.55906 
4.40785 3.08695 4.95413 
1.26664 3.47653 4.71901 
1.26664 3.08695 3.92187 
1.26664 3.85544 2.62148 
1.26664 3.86422 3.96091 
1.26664 3.70595 4.16877 
1.26664 4.6324 4.52254 
3.47653 3.08695 2.57695 
3.47653 3.86422 4.96768 
3.47653 3.70595 3.93933 
3.08695 3.86422 2.47825 
3.08695 3.70595 1.3639 
3.08695 4.6324 3.6783 
3.86422 3.70595 1.29873 
3.86422 4.6324 1.38348 
3.70595 4.6324 2.58356 
2.44056 3.78397 1.35963 
2.61651 1.27173 1.35963 
1.27173 2.53026 3.78815 
4.92397 2.53026 4.73731 
3.80086 2.53026 1.31935 
3.6835 1.35819 2.55906 
3.6835 1.35841 4.95413 
3.82651 1.35819 4.71901 
3.82651 1.35841 3.92187 
3.82651 3.70445 3.96091 
3.82651 2.69721 4.16877 
3.82651 4.85559 4.52254 
1.35819 1.35841 2.57695 
1.35819 3.70445 4.96768 
1.35819 2.69721 3.93933 
1.35841 3.70445 2.47825 
1.35841 2.69721 1.3639 
1.35841 4.85559 3.6783 
3.70445 2.69721 1.29873 
3.70445 4.85559 1.38348 
2.69721 4.85559 2.58356 
4.73083 4.62595 1.32872 
2.55906 4.95413 2.57695 
4.79106 4.94318 1.38706 
4.79106 4.62595 4.43601 
4.94318 4.62595 3.95596 
4.78127 3.96614 1.38348 
4.78127 1.32872 3.59753 
3.96614 1.32872 2.70022 
4.71901 3.92187 2.57695 
4.71901 3.96091 4.96768 
4.71901 4.16877 3.93933 
3.92187 3.96091 2.47825 
3.92187 4.16877 1.3639 
3.92187 4.52254 3.6783 
3.96091 4.16877 1.29873 
3.96091 4.52254 1.38348 
4.16877 4.52254 2.58356 
4.75672 1.35963 4.81182 
1.35963 4.69457 4.95647 
3.86432 2.55575 1.30918 
2.57695 4.96768 2.47825 
2.57695 3.93933 1.3639 
4.96768 3.93933 1.29873 
2.47825 1.3639 1.29873 
2.47825 3.6783 1.38348 
1.3639 3.6783 2.58356 
4.95143 4.94206 1.31935 
4.241 1.29873 4.90838 
4.241 1.38348 3.40985 
4.241 3.4601 1.38706 
4.241 4.94532 1.33739 
4.241 3.59753 4.43601 
1.29873 1.38348 2.58356 
1.29873 3.4601 4.21913 
1.29873 3.59753 4.87641 
1.38348 3.4601 2.45408 
1.38348 4.94532 4.33861 
1.38348 3.59753 2.70022 
3.4601 4.94532 2.68951 
3.4601 3.59753 3.95596 
4.90838 3.40985 2.58356 
4.90838 1.38706 4.21913 
4.90838 4.43601 4.87641 
3.40985 1.38706 2.45408 
3.40985 1.33739 4.33861 
3.40985 4.43601 2.70022 
1.38706 1.33739 2.68951 
1.38706 4.43601 3.95596 
2.58356 4.21913 2.45408 
2.58356 4.87641 2.70022 
4.21913 4.87641 3.95596 
2.45408 4.33861 2.68951 
2.45408 2.70022 3.95596 
