1.33511 1.34021 1.89798 
1.33511 2.56589 1.31901 
1.33511 2.52262 2.50992 
1.33511 2.56183 1.8505 
1.34021 2.56589 2.60989 
1.34021 2.52262 1.30918 
1.34021 2.56183 1.91147 
1.34021 4.79289 4.63158 
2.56589 2.52262 2.54439 
2.56589 2.56183 1.33043 
2.52262 2.56183 1.3206 
4.98173 2.52415 2.55275 
4.98173 1.32021 3.70656 
4.98173 3.74663 1.31868 
2.52415 1.32021 1.2052 
2.52415 2.58406 4.96015 
2.52415 3.70815 4.17112 
2.52415 1.28666 3.77808 
2.52415 3.74663 1.25294 
1.32021 2.58406 3.79298 
1.32021 3.70815 3.76531 
1.32021 1.28666 2.57678 
1.32021 3.74663 2.44078 
1.32021 4.613 4.82733 
2.58406 1.28666 1.3551 
3.70815 1.28666 4.32872 
3.70815 3.74663 4.73056 
3.70815 4.613 1.25277 
1.28666 4.613 4.99672 
4.87363 2.59958 2.40691 
4.87363 1.37667 3.59173 
4.87363 3.68388 1.22168 
1.33489 2.59958 3.90156 
1.33489 3.9768 3.43636 
1.33489 1.37667 2.64289 
1.33489 4.505 3.67024 
1.33489 4.18541 3.48067 
1.33489 4.30479 3.98723 
1.33489 2.40298 1.25465 
1.33489 3.68739 2.47208 
1.33489 3.68388 4.96648 
1.33489 4.94021 4.10031 
1.33489 4.92356 3.683 
2.59958 1.37667 1.27382 
2.59958 2.40298 4.98738 
2.59958 3.68388 1.20103 
3.9768 1.37667 4.63196 
3.9768 4.505 2.52045 
3.9768 4.18541 1.25204 
3.9768 4.30479 1.26334 
3.9768 2.40298 3.61588 
3.9768 3.68739 4.18453 
3.9768 4.94021 3.7603 
3.9768 4.92356 4.80805 
1.37667 4.18541 4.83865 
1.37667 4.30479 4.87755 
1.37667 2.40298 3.77371 
1.37667 3.68388 2.40029 
4.505 4.18541 1.29165 
4.505 4.30479 3.78365 
4.505 2.40298 3.99992 
4.505 3.68739 4.30363 
4.505 4.94021 1.27272 
4.505 4.92356 4.79276 
4.18541 4.30479 2.5082 
4.18541 2.40298 3.76467 
4.18541 3.68739 4.21805 
4.18541 4.94021 2.55109 
4.18541 4.92356 4.78286 
4.30479 2.40298 4.06357 
4.30479 3.68739 4.67786 
2.40298 3.68739 1.30026 
2.40298 4.94021 4.4994 
2.40298 4.92356 2.5287 
3.68739 4.94021 4.71442 
3.68739 4.92356 1.24275 
2.40691 3.59173 1.27382 
2.40691 3.96468 3.97109 
2.40691 3.86357 4.40579 
2.40691 3.82666 3.92236 
2.40691 1.22168 1.20103 
2.40691 1.30322 3.68592 
2.40691 2.55721 4.86753 
2.40691 4.62647 4.73246 
3.59173 3.96468 4.91171 
3.59173 3.82666 4.81392 
3.59173 1.22168 2.40029 
3.59173 1.30322 4.88807 
4.22612 3.96468 3.80419 
4.22612 3.86357 1.25855 
4.22612 3.82666 2.59176 
4.22612 1.22168 4.60743 
4.22612 1.30322 4.13052 
4.22612 2.55721 4.45749 
4.22612 4.62647 4.96847 
3.96468 3.86357 2.55825 
3.96468 3.82666 1.3014 
3.96468 1.22168 3.85425 
3.96468 1.30322 4.25493 
3.96468 2.55721 4.55408 
3.96468 4.62647 1.31868 
3.86357 3.82666 1.34316 
3.86357 1.22168 4.09186 
3.86357 1.30322 3.91297 
3.86357 2.55721 4.2604 
3.86357 4.62647 3.74878 
3.82666 1.22168 3.79192 
3.82666 1.30322 4.10059 
3.82666 2.55721 4.50402 
3.82666 4.62647 2.58334 
4.95565 3.8335 1.36016 
4.95565 1.30322 3.83918 
4.95565 2.55721 2.6098 
1.22168 3.8335 4.94938 
1.22168 1.30322 2.51259 
1.22168 2.55721 3.71897 
1.22168 4.62647 4.56321 
3.8335 1.30322 2.61401 
3.8335 2.55721 1.32513 
1.30322 2.55721 1.29988 
1.30322 4.62647 4.79378 
2.55721 4.62647 4.87386 
3.81092 2.60855 1.25631 
3.81092 1.34296 2.49304 
4.62222 2.60855 4.68181 
4.62222 4.83322 1.2052 
4.62222 1.34296 4.42421 
4.62222 4.89598 1.25294 
2.60855 1.25208 3.84637 
2.60855 1.34296 1.26982 
2.60855 4.89598 4.40814 
4.83322 1.34296 4.8631 
4.83322 4.89598 2.44078 
3.80454 2.62409 1.20044 
3.80454 1.25208 2.57541 
2.62409 1.25208 1.39383 
2.62409 1.34296 3.94708 
1.25208 1.34296 2.58729 
1.34296 4.89598 4.41363 
1.89798 1.31901 2.60989 
1.89798 2.50992 1.30918 
1.89798 1.8505 1.91147 
1.31901 2.50992 2.54439 
1.31901 1.8505 1.33043 
1.31901 4.27656 3.8041 
1.31901 4.83604 4.66531 
2.50992 1.8505 1.3206 
1.8505 4.27656 4.83801 
4.27656 4.83604 1.3551 
3.90156 2.64289 1.27382 
3.90156 1.25465 4.98738 
3.90156 4.96648 1.20103 
3.43636 2.64289 4.63196 
3.43636 3.67024 2.52045 
3.43636 3.48067 1.25204 
3.43636 3.98723 1.26334 
3.43636 1.25465 3.61588 
3.43636 2.47208 4.18453 
3.43636 4.10031 3.7603 
3.43636 3.683 4.80805 
2.64289 3.48067 4.83865 
2.64289 3.98723 4.87755 
2.64289 1.25465 3.77371 
2.64289 4.96648 2.40029 
3.67024 3.48067 1.29165 
3.67024 3.98723 3.78365 
3.67024 1.25465 3.99992 
3.67024 4.52917 4.76026 
3.67024 2.47208 4.30363 
3.67024 4.10031 1.27272 
3.67024 3.683 4.79276 
3.48067 3.98723 2.5082 
3.48067 1.25465 3.76467 
3.48067 4.52917 4.98935 
3.48067 2.47208 4.21805 
3.48067 4.10031 2.55109 
3.48067 3.683 4.78286 
3.98723 1.25465 4.06357 
3.98723 2.47208 4.67786 
1.25465 4.52917 3.53298 
1.25465 2.47208 1.30026 
1.25465 4.10031 4.4994 
1.25465 3.683 2.5287 
4.52917 2.47208 2.31665 
4.52917 4.10031 4.95266 
4.52917 3.683 1.27917 
2.47208 4.10031 4.71442 
2.47208 3.683 1.24275 
2.60989 1.30918 2.54439 
2.60989 1.91147 1.33043 
1.30918 1.91147 1.3206 
1.30918 4.87871 3.57905 
1.30918 4.96263 3.76253 
1.91147 4.87871 3.88273 
1.91147 4.96263 4.41586 
4.64228 4.63158 1.39383 
4.87871 4.96263 1.25193 
1.27382 3.97109 4.91171 
1.27382 3.92236 4.81392 
1.27382 4.98738 3.77371 
1.27382 1.20103 2.40029 
1.27382 3.68592 4.88807 
3.97109 4.40579 2.55825 
3.97109 3.92236 1.3014 
3.97109 1.20103 3.85425 
3.97109 3.68592 4.25493 
3.97109 4.86753 4.55408 
3.97109 4.73246 1.31868 
4.40579 3.92236 1.34316 
4.40579 1.20103 4.09186 
4.40579 3.68592 3.91297 
4.40579 4.86753 4.2604 
4.40579 4.73246 3.74878 
3.92236 1.20103 3.79192 
3.92236 3.68592 4.10059 
3.92236 4.86753 4.50402 
3.92236 4.73246 2.58334 
1.20103 3.68592 2.51259 
1.20103 4.86753 3.71897 
1.20103 4.73246 4.56321 
3.68592 4.86753 1.29988 
3.68592 4.73246 4.79378 
4.86753 4.73246 4.87386 
4.98908 2.53071 2.47593 
4.98908 1.23866 3.75913 
4.98908 3.71782 1.28689 
2.35082 4.66859 2.68004 
2.35082 4.54758 4.94845 
2.35082 3.4398 4.39838 
2.35082 4.21326 4.54436 
2.35082 2.48524 2.3993 
2.35082 2.53071 4.85481 
2.35082 3.32481 3.61355 
2.35082 1.4522 1.3179 
2.35082 1.23866 3.56649 
2.35082 3.44898 1.2959 
4.66859 2.48524 4.96309 
4.66859 1.4522 3.96345 
4.66859 3.44898 1.3914 
4.54758 2.48524 2.56231 
4.54758 3.32481 1.34966 
4.54758 1.4522 3.90575 
4.54758 1.23866 4.94599 
3.4398 4.21326 1.3551 
3.4398 2.53071 3.55214 
3.4398 1.4522 4.33703 
3.4398 1.23866 3.22795 
3.4398 3.71782 4.2633 
3.4398 3.44898 4.85833 
4.21326 2.53071 4.74672 
4.21326 1.4522 4.74397 
4.21326 1.23866 4.26677 
4.21326 3.44898 4.81345 
2.48524 2.53071 4.49744 
2.48524 3.32481 1.22596 
2.48524 1.4522 1.40804 
2.48524 1.23866 3.38495 
2.48524 3.44898 3.60261 
2.53071 3.32481 4.80537 
2.53071 1.4522 3.89932 
2.53071 1.23866 1.29331 
2.53071 3.71782 1.21182 
3.32481 1.4522 2.56078 
3.32481 1.23866 3.9186 
3.32481 3.44898 4.8099 
1.4522 1.23866 2.62822 
1.4522 3.44898 2.5987 
1.23866 3.71782 2.4902 
1.23866 3.44898 4.62074 
4.63196 1.25204 4.83865 
4.63196 1.26334 4.87755 
4.63196 3.61588 3.77371 
2.52045 1.25204 1.29165 
2.52045 2.46613 4.94999 
2.52045 1.26334 3.78365 
2.52045 3.61588 3.99992 
2.52045 4.18453 4.30363 
2.52045 3.7603 1.27272 
2.52045 4.80805 4.79276 
1.25204 2.46613 3.65943 
1.25204 3.65601 4.7698 
1.25204 1.26334 2.5082 
1.25204 3.61588 3.76467 
1.25204 4.18453 4.21805 
1.25204 3.7603 2.55109 
1.25204 4.80805 4.78286 
4.8866 2.46613 2.56686 
4.8866 3.65601 1.26983 
4.8866 1.26334 3.81097 
2.46613 3.65601 1.29796 
2.46613 1.26334 1.27102 
3.65601 1.26334 2.54486 
1.26334 3.61588 4.06357 
1.26334 4.18453 4.67786 
3.61588 4.18453 1.30026 
3.61588 3.7603 4.4994 
3.61588 4.80805 2.5287 
4.18453 3.7603 4.71442 
4.18453 4.80805 1.24275 
2.54439 1.33043 1.3206 
2.54439 4.74646 4.03052 
1.33043 4.74646 3.88402 
1.33043 3.8041 4.83801 
3.8041 4.66531 1.3551 
1.22977 2.48308 1.25631 
1.22977 3.79923 4.98353 
1.22977 4.52014 4.53347 
1.22977 3.71234 2.49304 
1.22977 1.40458 2.61085 
1.22977 2.5778 3.79332 
1.22977 4.58774 4.58699 
2.48308 4.52014 4.77586 
2.48308 3.71234 1.26982 
2.48308 1.40458 3.8661 
2.48308 4.58774 4.83297 
3.79923 1.40458 2.39921 
3.79923 2.5778 1.31049 
4.52014 4.58774 1.3914 
1.40458 2.5778 1.20185 
4.91171 4.81392 1.3014 
4.91171 2.40029 3.85425 
4.91171 4.88807 4.25493 
4.83865 4.87755 2.5082 
4.83865 3.77371 3.76467 
4.81392 4.87755 4.79924 
4.81392 2.40029 3.79192 
4.81392 4.88807 4.10059 
4.87755 3.77371 4.06357 
2.40029 4.88807 2.51259 
1.29165 4.94999 3.65943 
1.29165 2.58098 3.859 
1.29165 3.78365 2.5082 
1.29165 3.99992 3.76467 
1.29165 4.76026 4.98935 
1.29165 4.30363 4.21805 
1.29165 1.27272 2.55109 
1.29165 4.79276 4.78286 
4.94999 3.78365 1.27102 
2.58098 4.93887 2.58066 
2.58098 1.27272 1.33122 
2.58098 3.75708 1.25231 
3.78365 3.99992 4.06357 
3.78365 4.30363 4.67786 
3.99992 4.76026 3.53298 
3.99992 4.30363 1.30026 
3.99992 1.27272 4.4994 
3.99992 4.79276 2.5287 
4.76026 4.30363 2.31665 
4.76026 1.27272 4.95266 
4.76026 4.79276 1.27917 
4.30363 1.27272 4.71442 
4.30363 4.79276 1.24275 
4.93887 1.27272 3.75611 
4.93887 3.75708 1.36179 
1.27272 3.75708 2.5236 
3.80419 3.55326 4.23651 
3.80419 4.63461 4.41218 
3.80419 1.25855 2.55825 
3.80419 3.93273 4.16347 
3.80419 2.59176 1.3014 
3.80419 4.60743 3.85425 
3.80419 4.13052 4.25493 
3.80419 4.45749 4.55408 
3.80419 4.96847 1.31868 
3.80419 3.57103 4.85841 
3.55326 4.63461 2.56686 
3.55326 1.25855 3.29905 
3.55326 1.35984 4.39536 
3.55326 3.93273 1.26983 
3.55326 2.59176 3.7382 
3.55326 4.96847 4.68767 
3.55326 3.85429 2.47593 
3.55326 4.70671 3.75913 
3.55326 3.57103 1.28689 
4.63461 1.25855 4.08331 
4.63461 3.93273 1.29796 
4.63461 2.59176 4.01525 
4.63461 4.96847 4.85803 
4.63461 3.85429 4.9681 
4.63461 3.57103 3.83369 
1.25855 1.35984 2.59125 
1.25855 3.93273 3.50157 
1.25855 2.59176 1.34316 
1.25855 2.53563 3.72238 
1.25855 4.60743 4.09186 
1.25855 4.13052 3.91297 
1.25855 4.45749 4.2604 
1.25855 4.96847 3.74878 
1.25855 3.85429 4.21275 
1.25855 3.57103 3.62166 
1.35984 3.93273 4.78811 
1.35984 2.59176 3.8925 
1.35984 2.53563 1.20044 
1.35984 3.92156 2.57541 
1.35984 4.13052 4.90016 
1.35984 3.85429 4.22828 
1.35984 4.70671 4.83298 
1.35984 3.57103 4.23523 
3.93273 2.59176 3.68971 
3.93273 4.96847 4.63113 
3.93273 3.85429 3.69018 
3.93273 4.70671 4.96294 
3.93273 3.57103 2.53859 
2.59176 2.53563 4.97196 
2.59176 4.60743 3.79192 
2.59176 4.13052 4.10059 
2.59176 4.45749 4.50402 
2.59176 4.96847 2.58334 
2.59176 3.57103 4.31509 
2.53563 3.92156 1.39383 
4.60743 4.13052 2.51259 
4.60743 4.45749 3.71897 
4.60743 4.96847 4.56321 
4.13052 4.45749 1.29988 
4.13052 4.96847 4.79378 
4.45749 4.96847 4.87386 
3.85429 4.70671 1.29331 
3.85429 3.57103 1.21182 
4.70671 3.57103 2.4902 
4.82604 1.25631 4.44621 
4.82604 2.49304 4.77413 
1.25631 4.53347 4.77586 
1.25631 2.49304 1.26982 
1.25631 2.61085 3.8661 
1.25631 4.58699 4.83297 
4.98353 2.61085 2.39921 
4.98353 3.79332 1.31049 
4.53347 4.58699 1.3914 
2.61085 3.79332 1.20185 
1.3206 3.57905 3.88273 
1.3206 4.03052 3.88402 
1.3206 3.76253 4.41586 
3.57905 4.03052 1.36179 
3.57905 3.76253 1.25193 
3.57905 4.29545 2.58315 
4.03052 3.76253 2.60067 
4.03052 4.29545 3.93955 
3.76253 4.29545 1.34966 
2.55275 4.44621 4.68181 
2.55275 3.70656 1.2052 
2.55275 2.55825 4.90093 
2.55275 1.3014 3.78254 
2.55275 4.77413 4.42421 
2.55275 1.31868 1.25294 
4.23651 4.41218 2.56686 
4.23651 2.55825 3.29905 
4.23651 4.16347 1.26983 
4.23651 1.3014 3.7382 
4.23651 1.31868 4.68767 
4.23651 4.85841 1.28689 
4.44621 4.77413 1.26982 
4.44621 1.31868 4.40814 
3.70656 1.3014 4.88369 
3.70656 4.77413 4.8631 
3.70656 1.31868 2.44078 
4.41218 2.55825 4.08331 
4.41218 4.16347 1.29796 
4.41218 1.3014 4.01525 
4.41218 1.31868 4.85803 
4.41218 4.85841 3.83369 
2.55825 4.16347 3.50157 
2.55825 1.3014 1.34316 
2.55825 3.85425 4.09186 
2.55825 4.25493 3.91297 
2.55825 4.55408 4.2604 
2.55825 1.31868 3.74878 
2.55825 4.85841 3.62166 
4.16347 1.3014 3.68971 
4.16347 1.31868 4.63113 
4.16347 4.85841 2.53859 
1.3014 3.85425 3.79192 
1.3014 4.25493 4.10059 
1.3014 4.55408 4.50402 
1.3014 1.31868 2.58334 
1.3014 4.85841 4.31509 
3.85425 4.25493 2.51259 
3.85425 4.55408 3.71897 
3.85425 1.31868 4.56321 
4.25493 4.55408 1.29988 
4.25493 1.31868 4.79378 
4.77413 1.31868 4.41363 
4.55408 1.31868 4.87386 
4.68181 4.42421 1.26982 
4.68181 1.25294 4.40814 
1.2052 3.78254 4.88369 
1.2052 4.96015 3.79298 
1.2052 4.42421 4.8631 
1.2052 4.17112 3.76531 
1.2052 3.77808 2.57678 
1.2052 1.25294 2.44078 
4.90093 3.78254 1.34316 
4.90093 1.25294 3.74878 
3.78254 1.25294 2.58334 
4.96015 3.77808 1.3551 
4.42421 1.25294 4.41363 
4.17112 3.77808 4.32872 
4.17112 1.25294 4.73056 
3.65943 4.7698 1.29796 
3.65943 2.5082 1.27102 
4.7698 2.5082 2.54486 
3.859 2.55109 1.33122 
2.5082 3.76467 4.06357 
2.5082 4.21805 4.67786 
3.76467 4.98935 3.53298 
3.76467 4.21805 1.30026 
3.76467 2.55109 4.4994 
3.76467 4.78286 2.5287 
4.98935 4.21805 2.31665 
4.98935 2.55109 4.95266 
4.98935 4.78286 1.27917 
4.21805 2.55109 4.71442 
4.21805 4.78286 1.24275 
2.56686 3.29905 4.08331 
2.56686 1.26983 1.29796 
2.56686 3.7382 4.01525 
2.56686 3.81097 1.27102 
2.56686 4.68767 4.85803 
2.56686 2.47593 4.9681 
2.56686 1.28689 3.83369 
3.29905 4.39536 2.59125 
3.29905 1.26983 3.50157 
3.29905 3.7382 1.34316 
3.29905 3.81097 4.96069 
3.29905 4.68767 3.74878 
3.29905 2.47593 4.21275 
3.29905 1.28689 3.62166 
4.39536 1.26983 4.78811 
4.39536 3.7382 3.8925 
4.39536 2.47593 4.22828 
4.39536 3.75913 4.83298 
4.39536 1.28689 4.23523 
1.26983 3.7382 3.68971 
1.26983 3.81097 2.54486 
1.26983 4.51342 4.92388 
1.26983 4.68767 4.63113 
1.26983 2.47593 3.69018 
1.26983 3.75913 4.96294 
1.26983 1.28689 2.53859 
3.7382 3.81097 4.79924 
3.7382 4.68767 2.58334 
3.7382 1.28689 4.31509 
4.51342 4.68767 4.73056 
4.51342 1.28689 4.70316 
2.47593 3.75913 1.29331 
2.47593 1.28689 1.21182 
3.75913 1.28689 2.4902 
4.77586 4.83297 1.3914 
3.84637 1.26982 2.58729 
1.26982 4.40814 4.41363 
4.88369 2.44078 2.58334 
3.79298 2.57678 1.3551 
4.8631 2.44078 4.41363 
3.76531 2.57678 4.32872 
3.76531 2.44078 4.73056 
3.76531 4.82733 1.25277 
2.57678 4.82733 4.99672 
4.08331 1.29796 3.50157 
4.08331 4.01525 1.34316 
4.08331 1.27102 4.96069 
4.08331 4.85803 3.74878 
4.08331 4.9681 4.21275 
4.08331 3.83369 3.62166 
1.29796 4.01525 3.68971 
1.29796 1.27102 2.54486 
1.29796 4.85803 4.63113 
1.29796 4.9681 3.69018 
1.29796 3.83369 2.53859 
4.01525 1.27102 4.79924 
4.01525 4.85803 2.58334 
4.01525 3.83369 4.31509 
4.9681 3.83369 1.21182 
2.59125 3.50157 4.78811 
2.59125 1.34316 3.8925 
2.59125 3.72238 1.20044 
2.59125 3.91297 4.90016 
2.59125 4.21275 4.22828 
2.59125 3.62166 4.23523 
3.50157 1.34316 3.68971 
3.50157 4.96069 2.54486 
3.50157 3.74878 4.63113 
3.50157 4.21275 3.69018 
3.50157 3.62166 2.53859 
1.34316 4.96069 4.79924 
1.34316 3.72238 4.97196 
1.34316 4.09186 3.79192 
1.34316 3.91297 4.10059 
1.34316 4.2604 4.50402 
1.34316 3.74878 2.58334 
1.34316 3.62166 4.31509 
4.09186 3.91297 2.51259 
4.09186 4.2604 3.71897 
4.09186 3.74878 4.56321 
3.91297 4.2604 1.29988 
3.91297 3.74878 4.79378 
4.2604 3.74878 4.87386 
4.21275 3.62166 1.21182 
4.78811 3.8925 3.68971 
4.78811 4.22828 3.69018 
4.78811 4.83298 4.96294 
4.78811 4.23523 2.53859 
3.8925 1.20044 4.97196 
3.8925 4.90016 4.10059 
3.8925 4.23523 4.31509 
1.20044 2.57541 1.39383 
4.22828 4.83298 1.29331 
4.22828 4.23523 1.21182 
4.83298 4.23523 2.4902 
3.68971 2.54486 4.79924 
3.68971 4.63113 2.58334 
3.68971 2.53859 4.31509 
4.92388 4.63113 4.73056 
4.92388 2.53859 4.70316 
3.69018 4.96294 1.29331 
3.69018 2.53859 1.21182 
4.96294 2.53859 2.4902 
4.59861 2.58066 3.88273 
4.59861 1.25231 3.88402 
4.59861 3.79683 4.41586 
2.58066 1.33122 3.75611 
2.58066 1.25231 1.36179 
2.58066 3.79683 1.25193 
1.33122 1.25231 2.5236 
1.33122 3.79683 4.90634 
1.25231 3.79683 2.60067 
3.79192 4.10059 2.51259 
3.79192 4.50402 3.71897 
3.79192 2.58334 4.56321 
4.10059 4.50402 1.29988 
4.10059 2.58334 4.79378 
4.50402 2.58334 4.87386 
2.68004 2.3993 4.96309 
2.68004 1.3179 3.96345 
2.68004 1.2959 1.3914 
4.94845 2.3993 2.56231 
4.94845 3.61355 1.34966 
4.94845 1.3179 3.90575 
4.94845 3.56649 4.94599 
4.39838 4.54436 1.3551 
4.39838 4.85481 3.55214 
4.39838 1.3179 4.33703 
4.39838 3.56649 3.22795 
4.39838 1.2959 4.85833 
4.54436 4.85481 4.74672 
4.54436 1.3179 4.74397 
4.54436 3.56649 4.26677 
4.54436 1.2959 4.81345 
2.3993 4.85481 4.49744 
2.3993 3.61355 1.22596 
2.3993 1.3179 1.40804 
2.3993 3.56649 3.38495 
2.3993 1.2959 3.60261 
4.85481 3.61355 4.80537 
4.85481 1.3179 3.89932 
4.85481 3.56649 1.29331 
3.61355 1.3179 2.56078 
3.61355 3.56649 3.9186 
3.61355 1.2959 4.8099 
1.3179 3.56649 2.62822 
1.3179 1.2959 2.5987 
3.56649 1.2959 4.62074 
4.06357 4.67786 1.30026 
1.36016 4.95581 4.11362 
1.36016 3.83918 2.61401 
1.36016 4.62326 3.83101 
1.36016 2.6098 1.32513 
1.36016 2.39921 3.72123 
1.36016 4.93139 4.26899 
1.36016 1.31049 2.66169 
4.95581 3.83918 4.63745 
4.95581 4.62326 1.25193 
4.95581 2.6098 4.13879 
4.95581 4.93139 2.58315 
3.83918 4.62326 4.71347 
3.83918 2.6098 1.29988 
4.62326 2.6098 4.02383 
4.62326 4.93139 1.34966 
2.6098 2.39921 4.91805 
2.6098 4.93139 4.59538 
2.6098 1.31049 3.85279 
2.39921 1.31049 1.20185 
3.53298 1.30026 2.31665 
3.53298 4.4994 4.95266 
3.53298 4.98357 3.74538 
3.53298 2.5287 1.27917 
3.53298 4.85238 1.35651 
1.30026 4.4994 4.71442 
1.30026 4.98357 3.96976 
1.30026 2.5287 1.24275 
1.30026 4.85238 3.66752 
4.98357 2.5287 3.19093 
4.98357 4.85238 4.36522 
2.5287 4.85238 2.60614 
2.31665 4.95266 4.71442 
2.31665 3.74538 3.96976 
2.31665 1.27917 1.24275 
2.31665 2.56809 4.8733 
2.31665 1.35651 3.66752 
3.74538 1.27917 3.19093 
3.74538 1.35651 4.36522 
3.74538 4.66515 1.3914 
1.27917 2.56809 3.79479 
1.27917 1.35651 2.60614 
1.27917 4.66515 4.38287 
2.56809 1.35651 1.25277 
1.35651 4.66515 4.94863 
3.96976 1.24275 3.19093 
3.96976 3.66752 4.36522 
1.24275 4.8733 3.79479 
1.24275 3.66752 2.60614 
4.8733 3.66752 1.25277 
3.88273 4.93281 4.63745 
3.88273 3.88402 1.36179 
3.88273 4.41586 1.25193 
4.93281 3.88402 4.79415 
4.93281 4.41586 4.71347 
3.88402 4.41586 2.60067 
1.39383 3.94708 2.58729 
4.94938 2.51259 2.61401 
4.94938 3.71897 1.32513 
2.51259 3.71897 1.29988 
2.51259 4.56321 4.79378 
3.71897 4.56321 4.87386 
4.11362 2.61401 4.63745 
4.11362 4.58558 1.36179 
4.11362 3.83101 1.25193 
4.11362 1.32513 4.13879 
4.11362 4.26899 2.58315 
2.61401 4.58558 4.79415 
2.61401 3.83101 4.71347 
2.61401 1.32513 1.29988 
4.58558 3.83101 2.60067 
4.58558 1.32513 4.4897 
4.58558 4.26899 3.93955 
3.83101 1.32513 4.02383 
3.83101 4.26899 1.34966 
3.83101 4.98844 4.94599 
1.32513 3.72123 4.91805 
1.32513 4.26899 4.59538 
1.32513 2.66169 3.85279 
4.84134 4.26899 4.80537 
4.84134 4.98844 1.29331 
3.72123 2.66169 1.20185 
4.26899 4.98844 3.9186 
3.75611 1.36179 2.5236 
3.75611 1.25193 4.90634 
4.63745 1.36179 4.79415 
4.63745 1.25193 4.71347 
4.63745 4.13879 1.29988 
1.36179 1.25193 2.60067 
1.36179 4.13879 4.4897 
1.36179 2.58315 3.93955 
1.25193 4.13879 4.02383 
1.25193 3.77819 2.56231 
1.25193 2.58315 1.34966 
4.13879 2.58315 4.59538 
3.77819 2.58315 1.22596 
2.5236 4.90634 2.60067 
3.19093 4.36522 2.60614 
3.19093 1.3914 4.38287 
4.96309 3.96345 1.40804 
4.96309 1.3914 3.60261 
4.36522 1.3914 4.94863 
3.96345 1.3914 2.5987 
4.79415 4.71347 2.60067 
4.79415 1.29988 4.4897 
4.71347 1.29988 4.02383 
1.29988 4.79378 4.87386 
3.79479 2.60614 1.25277 
2.60614 4.38287 4.94863 
2.60067 4.4897 4.02383 
2.60067 3.93955 1.34966 
4.4897 3.93955 4.59538 
4.02383 1.34966 4.59538 
2.56231 1.34966 1.22596 
2.56231 3.90575 1.40804 
2.56231 4.94599 3.38495 
1.34966 3.90575 2.56078 
1.34966 4.94599 3.9186 
3.90575 4.94599 2.62822 
1.3551 3.55214 4.74672 
1.3551 4.33703 4.74397 
1.3551 3.22795 4.26677 
1.3551 4.85833 4.81345 
3.55214 4.33703 3.89932 
3.55214 3.22795 1.29331 
3.55214 4.2633 1.21182 
4.33703 3.22795 2.62822 
4.33703 4.85833 2.5987 
3.22795 4.2633 2.4902 
3.22795 4.85833 4.62074 
4.91805 3.85279 1.20185 
4.32872 1.25277 4.99672 
1.25277 4.65296 4.5346 
4.99672 4.81345 4.94863 
4.74672 4.74397 3.89932 
4.74672 4.26677 1.29331 
4.74397 4.26677 2.62822 
4.74397 4.81345 2.5987 
4.26677 4.81345 4.62074 
4.49744 1.22596 4.80537 
4.49744 1.40804 3.89932 
4.49744 3.38495 1.29331 
1.22596 1.40804 2.56078 
1.22596 3.38495 3.9186 
1.22596 3.60261 4.8099 
1.40804 3.38495 2.62822 
1.40804 3.60261 2.5987 
3.38495 3.60261 4.62074 
4.89424 4.5346 1.20185 
4.80537 3.89932 2.56078 
4.80537 1.29331 3.9186 
3.89932 1.29331 2.62822 
1.29331 1.21182 2.4902 
2.56078 3.9186 2.62822 
2.56078 4.8099 2.5987 
3.9186 4.8099 4.62074 
2.62822 2.5987 4.62074 
