4.55808 1.34812 4.98874 
4.55808 3.31979 2.72552 
4.55808 3.63467 1.42992 
1.34812 1.33004 1.99021 
1.34812 2.61961 1.36738 
1.34812 2.54421 2.60458 
1.34812 2.51139 1.85267 
1.34812 3.31979 3.06355 
1.34812 3.63467 3.81785 
1.34812 4.97977 4.00247 
1.33004 2.61961 2.73874 
1.33004 2.54421 1.35363 
1.33004 2.51139 1.94195 
1.33004 3.31979 4.30469 
1.33004 3.63467 4.71466 
2.61961 2.54421 2.6588 
2.61961 2.51139 1.36586 
2.61961 3.31979 3.80717 
2.61961 3.63467 4.82398 
2.61961 4.97977 3.49631 
2.54421 2.51139 1.35899 
2.51139 3.31979 4.52485 
2.51139 4.97977 4.23261 
3.31979 3.63467 1.31276 
3.31979 4.97977 3.40014 
3.63467 4.97977 4.66219 
4.98874 2.72552 3.06355 
4.98874 1.42992 3.81785 
4.69182 2.47786 2.59229 
4.69182 1.24552 3.46639 
4.69182 3.17869 3.72298 
4.69182 3.67627 1.27403 
4.69182 3.92372 4.68522 
2.47786 1.24552 1.31618 
2.47786 4.9787 4.0549 
2.47786 3.17869 1.5959 
2.47786 1.42992 3.83228 
2.47786 3.67627 1.35917 
2.47786 3.92372 2.73868 
1.24552 4.9787 4.67986 
1.24552 2.72552 3.9703 
1.24552 3.17869 2.45449 
1.24552 1.42992 2.66835 
1.24552 3.67627 2.43703 
1.24552 3.92372 3.4458 
4.9787 3.17869 2.53641 
4.9787 3.67627 4.79785 
4.9787 3.92372 1.32189 
4.67701 4.58738 1.25588 
4.67701 2.72552 4.14906 
4.67701 1.42992 4.34404 
4.58738 2.72552 4.71217 
4.58738 1.42992 4.60172 
2.72552 1.42992 1.31276 
3.17869 1.42992 4.19925 
3.17869 3.67627 2.48102 
3.17869 3.92372 1.27389 
1.42992 3.92372 4.66985 
3.67627 3.92372 3.51542 
1.2626 2.61186 3.85515 
1.2626 4.20231 4.18252 
1.2626 1.26793 2.50484 
1.2626 4.50379 4.22037 
1.2626 4.32016 4.16115 
1.2626 4.51854 4.71432 
1.2626 2.56839 1.32252 
1.2626 3.72 2.46346 
1.2626 4.77952 4.64364 
1.2626 4.97712 3.74457 
2.61186 1.26793 1.39657 
2.61186 4.97021 4.79651 
2.61186 4.51854 4.97366 
2.61186 3.78171 1.24198 
4.20231 1.26793 4.29294 
4.20231 4.50379 2.64 
4.20231 4.32016 1.30971 
4.20231 4.97021 2.52994 
4.20231 4.51854 1.30009 
4.20231 2.56839 4.79116 
4.20231 3.72 4.88586 
4.20231 4.77952 3.65398 
1.26793 4.50379 4.95658 
1.26793 4.32016 4.59564 
1.26793 4.97021 4.49687 
1.26793 4.51854 4.33084 
1.26793 2.56839 3.82405 
1.26793 3.72 4.92821 
1.26793 3.78171 2.61837 
4.50379 4.32016 1.3533 
4.50379 4.51854 3.90295 
4.50379 2.56839 4.46815 
4.50379 3.72 4.48729 
4.50379 4.77952 1.24472 
4.50379 4.97712 4.65322 
4.32016 4.97021 3.75993 
4.32016 4.51854 2.58096 
4.32016 2.56839 4.60243 
4.32016 3.72 4.63749 
4.32016 4.77952 2.42817 
4.32016 4.97712 4.92699 
4.97021 4.51854 1.25922 
4.51854 4.77952 4.82304 
2.56839 3.72 1.29542 
2.56839 4.77952 4.94545 
2.56839 4.97712 2.61169 
3.72 4.97712 1.35669 
2.5087 4.21681 4.83368 
2.5087 3.90206 1.39657 
2.5087 1.29911 1.24198 
2.5087 1.26289 3.76569 
2.5087 2.48879 4.94145 
4.21681 4.25539 1.36586 
4.21681 1.29911 4.5088 
4.21681 1.26289 4.56651 
3.90206 1.29911 2.61837 
4.98961 3.79383 1.24757 
4.98961 1.26289 3.78194 
4.98961 2.48879 2.51921 
4.25539 1.29911 4.90937 
4.25539 1.26289 4.21646 
4.25539 2.48879 4.96129 
1.29911 1.26289 2.5459 
1.29911 2.48879 3.71316 
3.79383 1.26289 2.56415 
3.79383 2.48879 1.3059 
1.26289 2.48879 1.27385 
4.96473 3.73847 1.2883 
4.96473 2.49601 2.49779 
4.96473 3.67132 4.46494 
4.96473 1.25061 3.75987 
3.73847 2.49601 1.25191 
3.73847 3.67132 3.93772 
3.73847 1.26687 4.96372 
3.73847 1.25061 2.50747 
3.73847 3.96955 4.5568 
2.49601 4.41656 4.5691 
2.49601 2.50805 4.93438 
2.49601 3.67132 3.36035 
2.49601 1.26687 3.73087 
2.49601 1.25061 1.27691 
2.49601 3.96955 3.90604 
3.82094 2.50805 1.34847 
3.82094 1.26687 2.59304 
3.82094 1.25061 4.94779 
4.41656 3.67132 2.61822 
4.41656 1.25061 4.46725 
4.41656 3.96955 1.28697 
2.50805 1.26687 1.25588 
2.50805 1.25061 3.66131 
3.67132 1.26687 4.62611 
3.67132 1.25061 3.48862 
3.67132 3.96955 1.34349 
1.26687 1.25061 2.45805 
1.26687 3.96955 4.77955 
1.25061 3.96955 3.91561 
1.99021 1.36738 2.73874 
1.99021 2.60458 1.35363 
1.99021 1.85267 1.94195 
1.99021 3.06355 4.30469 
1.99021 3.81785 4.71466 
1.36738 2.60458 2.6588 
1.36738 4.10532 3.41616 
1.36738 4.67527 3.98217 
1.36738 1.85267 1.36586 
1.36738 3.06355 3.80717 
1.36738 3.81785 4.82398 
1.36738 4.43009 4.2364 
1.36738 4.00247 3.49631 
2.60458 1.85267 1.35899 
4.10532 4.67527 1.27644 
4.10532 1.85267 4.45396 
4.10532 3.06355 3.79682 
4.10532 4.43009 2.54527 
4.10532 4.00247 1.31565 
4.67527 3.06355 4.39133 
4.67527 4.43009 3.71584 
4.67527 4.00247 2.56701 
1.85267 3.06355 4.52485 
1.85267 4.43009 4.74035 
1.85267 4.00247 4.23261 
3.06355 3.81785 1.31276 
3.06355 4.43009 3.19847 
3.06355 4.00247 3.40014 
3.81785 4.43009 4.27557 
3.81785 4.00247 4.66219 
4.43009 4.00247 1.29532 
3.85515 2.50484 1.39657 
3.85515 4.71432 4.97366 
4.18252 2.50484 4.29294 
4.18252 4.22037 2.64 
4.18252 4.16115 1.30971 
4.18252 4.71432 1.30009 
4.18252 1.32252 4.79116 
4.18252 2.46346 4.88586 
4.18252 4.64364 3.65398 
2.50484 4.22037 4.95658 
2.50484 4.16115 4.59564 
2.50484 4.71432 4.33084 
2.50484 1.32252 3.82405 
2.50484 2.46346 4.92821 
4.22037 4.16115 1.3533 
4.22037 4.71432 3.90295 
4.22037 1.32252 4.46815 
4.22037 2.46346 4.48729 
4.22037 4.64364 1.24472 
4.22037 3.74457 4.65322 
4.16115 4.71432 2.58096 
4.16115 1.32252 4.60243 
4.16115 2.46346 4.63749 
4.16115 4.64364 2.42817 
4.16115 3.74457 4.92699 
4.71432 4.64364 4.82304 
1.32252 4.91134 3.78929 
1.32252 2.46346 1.29542 
1.32252 4.64364 4.94545 
1.32252 3.74457 2.61169 
4.91134 2.46346 2.51299 
4.91134 3.74457 1.18624 
2.46346 3.74457 1.35669 
2.73874 1.35363 2.6588 
2.73874 1.94195 1.36586 
2.73874 4.30469 3.80717 
2.73874 4.71466 4.82398 
1.35363 1.94195 1.35899 
1.35363 4.79016 3.64419 
1.35363 4.85795 3.77106 
1.94195 4.79016 4.49581 
1.94195 4.85795 4.3955 
1.94195 4.30469 4.52485 
4.79016 4.85795 1.32902 
4.30469 4.71466 1.31276 
4.83368 4.79651 4.8171 
4.83368 4.84006 3.98217 
4.83368 1.24198 4.5088 
4.83368 3.76569 4.56651 
1.39657 4.79651 4.49687 
1.39657 4.84006 4.91518 
1.39657 4.97366 4.33084 
1.39657 1.24198 2.61837 
4.79651 4.84006 1.33568 
4.79651 4.97366 1.25922 
4.84006 4.97366 2.5918 
1.24198 3.76569 2.5459 
1.24198 4.94145 3.71316 
3.76569 4.94145 1.27385 
4.72514 2.51756 4.80488 
4.72514 1.23506 4.45288 
2.26784 4.65249 2.61822 
2.26784 4.88555 4.60726 
2.26784 2.47544 2.33574 
2.26784 2.51756 4.73372 
2.26784 3.64478 3.31057 
2.26784 1.36529 1.32707 
2.26784 1.23506 3.47451 
2.26784 3.35351 1.28697 
4.65249 2.47544 4.79038 
4.65249 1.36529 3.94107 
4.65249 3.35351 1.34349 
4.88555 2.47544 2.50159 
4.88555 3.64478 1.32696 
4.88555 1.36529 3.89653 
3.96478 4.38276 1.31276 
3.96478 2.51756 3.19847 
3.96478 1.36529 4.90288 
3.96478 1.23506 3.47506 
3.96478 3.80522 3.40014 
4.38276 2.51756 4.27557 
4.38276 1.23506 4.24135 
4.38276 3.80522 4.66219 
2.47544 2.51756 4.5742 
2.47544 3.64478 1.21037 
2.47544 1.36529 1.40056 
2.47544 1.23506 3.46551 
2.47544 3.35351 3.54624 
2.51756 1.36529 3.82169 
2.51756 1.23506 1.29852 
2.51756 3.80522 1.29532 
3.64478 1.36529 2.58406 
3.64478 1.23506 4.54622 
3.64478 3.35351 4.38593 
1.36529 1.23506 2.56929 
1.36529 3.35351 2.60831 
1.23506 3.80522 2.58347 
1.23506 3.35351 4.47186 
4.29294 2.64 4.95658 
4.29294 1.30971 4.59564 
4.29294 2.52994 4.49687 
4.29294 3.83981 4.91518 
4.29294 1.30009 4.33084 
4.29294 4.79116 3.82405 
4.29294 4.88586 4.92821 
2.64 1.30971 1.3533 
2.64 4.79882 2.54654 
2.64 1.30009 3.90295 
2.64 4.79116 4.46815 
2.64 4.88586 4.48729 
2.64 3.65398 1.24472 
4.52827 2.52994 3.13493 
4.52827 4.81448 1.43222 
4.52827 4.81236 1.27093 
4.52827 3.83981 3.30604 
4.52827 1.30009 3.57559 
1.30971 2.52994 3.75993 
1.30971 4.79882 3.66618 
1.30971 1.30009 2.58096 
1.30971 4.79116 4.60243 
1.30971 4.88586 4.63749 
1.30971 3.65398 2.42817 
2.52994 4.81448 3.15843 
2.52994 4.81236 3.63509 
2.52994 3.83981 1.33568 
2.52994 1.30009 1.25922 
4.81448 4.81236 2.68155 
4.81448 3.83981 3.17284 
4.81448 1.30009 3.72898 
4.81236 3.83981 3.7902 
4.81236 1.30009 4.01203 
3.83981 1.30009 2.5918 
4.79882 3.65398 1.33204 
1.30009 3.65398 4.82304 
4.79116 4.88586 1.29542 
4.79116 3.65398 4.94545 
2.6588 1.36586 1.35899 
2.6588 4.56651 4.80721 
3.41616 4.8171 2.60847 
3.41616 3.98217 1.27644 
3.41616 1.36586 4.45396 
3.41616 3.80717 3.79682 
3.41616 4.2364 2.54527 
3.41616 3.49631 1.31565 
4.8171 3.98217 1.33568 
4.8171 4.2364 4.97643 
4.8171 3.49631 3.88397 
3.98217 3.80717 4.39133 
3.98217 4.2364 3.71584 
3.98217 3.49631 2.56701 
1.36586 4.5088 4.90937 
1.36586 4.56651 4.21646 
1.36586 3.80717 4.52485 
1.36586 4.2364 4.74035 
1.36586 3.49631 4.23261 
4.5088 4.56651 2.5459 
3.80717 4.82398 1.31276 
3.80717 4.2364 3.19847 
3.80717 3.49631 3.40014 
4.82398 4.2364 4.27557 
4.82398 3.49631 4.66219 
4.2364 3.49631 1.29532 
1.2883 2.49779 1.25191 
1.2883 4.46494 3.93772 
1.2883 3.75987 2.50747 
1.2883 1.33246 2.5797 
1.2883 2.6543 3.8737 
2.49779 4.46494 3.36035 
2.49779 3.75987 1.27691 
2.49779 1.33246 3.74792 
2.49779 2.6543 4.994 
3.87224 1.33246 2.5435 
3.87224 2.6543 1.23705 
4.46494 3.75987 3.48862 
1.33246 2.6543 1.32789 
4.95658 4.59564 1.3533 
4.95658 4.33084 3.90295 
4.95658 3.82405 4.46815 
4.95658 4.92821 4.48729 
4.59564 4.49687 3.75993 
4.59564 4.33084 2.58096 
4.59564 3.82405 4.60243 
4.59564 4.92821 4.63749 
4.49687 4.91518 1.33568 
4.49687 4.33084 1.25922 
4.91518 4.33084 2.5918 
3.82405 4.92821 1.29542 
1.3533 2.54654 3.66618 
1.3533 3.90295 2.58096 
1.3533 4.46815 4.60243 
1.3533 4.48729 4.63749 
1.3533 1.24472 2.42817 
1.3533 4.65322 4.92699 
1.3533 3.79103 4.86216 
2.54654 1.24472 1.33204 
2.54654 3.79103 1.25575 
3.90295 1.24472 4.82304 
4.46815 4.48729 1.29542 
4.46815 1.24472 4.94545 
4.46815 4.65322 2.61169 
4.48729 4.65322 1.35669 
1.24472 3.79103 2.58654 
1.24472 4.80488 4.90772 
1.24472 4.45288 4.65929 
4.80488 4.45288 1.29852 
4.01957 3.87307 4.04494 
4.01957 3.13493 4.07674 
4.01957 1.43222 2.62481 
4.01957 3.30604 3.79603 
4.01957 2.70026 1.34398 
4.01957 3.57559 4.75138 
4.01957 4.48236 4.54084 
3.87307 3.13493 2.60847 
3.87307 1.43222 3.68058 
3.87307 1.27093 4.2596 
3.87307 3.30604 1.27644 
3.87307 2.70026 3.694 
3.87307 3.57559 3.8627 
3.87307 4.79942 3.79682 
3.87307 4.87063 2.54527 
3.87307 4.48236 1.31565 
3.13493 1.43222 3.15843 
3.13493 1.27093 3.63509 
3.13493 3.30604 1.33568 
3.13493 2.70026 3.46525 
3.13493 3.57559 1.25922 
3.13493 2.60031 4.57491 
3.13493 4.87063 4.97643 
3.13493 4.48236 3.88397 
1.43222 1.27093 2.68155 
1.43222 3.30604 3.17284 
1.43222 2.70026 1.28561 
1.43222 3.57559 3.72898 
1.43222 2.60031 4.02257 
1.43222 4.87063 4.7272 
1.43222 4.48236 4.28183 
1.27093 3.30604 3.7902 
1.27093 2.70026 3.92833 
1.27093 3.57559 4.01203 
1.27093 2.60031 1.34847 
1.27093 3.81815 2.59304 
1.27093 4.79942 4.15237 
1.27093 4.48236 4.76579 
3.30604 2.70026 3.3078 
3.30604 3.57559 2.5918 
3.30604 2.60031 4.78536 
3.30604 4.79942 4.39133 
3.30604 4.87063 3.71584 
3.30604 4.48236 2.56701 
2.70026 3.57559 4.12041 
2.70026 4.87063 4.76192 
2.70026 4.48236 4.25402 
3.57559 2.60031 4.80127 
2.60031 3.81815 1.25588 
2.60031 4.79942 4.14906 
3.81815 4.79942 4.71217 
4.79942 4.87063 3.19847 
4.79942 4.48236 3.40014 
4.87063 4.48236 1.29532 
1.25191 3.93772 3.36035 
1.25191 4.96372 3.73087 
1.25191 2.50747 1.27691 
1.25191 2.5797 3.74792 
1.25191 3.8737 4.994 
1.25191 4.5568 3.90604 
3.93772 4.96372 4.62611 
3.93772 2.50747 3.48862 
3.93772 4.5568 1.34349 
4.96372 2.50747 2.45805 
4.96372 4.5568 4.77955 
2.50747 4.5568 3.91561 
2.5797 3.8737 1.32789 
4.1717 1.35899 4.56938 
4.1717 3.64419 2.57797 
4.1717 4.96278 1.33204 
4.1717 3.77106 1.25575 
4.1717 4.05005 3.81559 
1.35899 3.64419 4.49581 
1.35899 4.80721 4.21646 
1.35899 3.77106 4.3955 
3.64419 4.96278 3.90572 
3.64419 3.77106 1.32902 
3.64419 4.05005 1.24392 
3.64419 4.8246 2.56993 
4.96278 3.77106 2.58654 
3.77106 4.05005 2.56897 
3.77106 4.8246 3.89419 
4.05005 4.8246 1.32696 
2.59229 3.46639 1.31618 
2.59229 1.34398 3.92976 
2.59229 3.72298 1.5959 
2.59229 1.27403 1.35917 
2.59229 4.68522 2.73868 
4.04494 4.07674 2.60847 
4.04494 2.62481 3.68058 
4.04494 3.79603 1.27644 
4.04494 1.34398 3.694 
4.04494 4.75138 3.8627 
4.04494 1.27403 4.52471 
4.04494 4.54084 1.31565 
3.46639 1.34398 4.78858 
3.46639 3.72298 2.45449 
3.46639 1.27403 2.43703 
3.46639 4.68522 3.4458 
4.07674 2.62481 3.15843 
4.07674 3.79603 1.33568 
4.07674 1.34398 3.46525 
4.07674 4.75138 1.25922 
4.07674 1.27403 4.93391 
4.07674 4.54084 3.88397 
2.62481 3.79603 3.17284 
2.62481 1.34398 1.28561 
2.62481 4.75138 3.72898 
2.62481 1.27403 3.85919 
2.62481 4.54084 4.28183 
3.79603 1.34398 3.3078 
3.79603 4.75138 2.5918 
3.79603 1.27403 4.48818 
3.79603 4.54084 2.56701 
1.34398 4.75138 4.12041 
1.34398 4.92143 4.76176 
1.34398 3.72298 4.95159 
1.34398 1.27403 2.5881 
1.34398 4.54084 4.25402 
4.98732 4.92143 1.3059 
3.72298 1.27403 2.48102 
3.72298 4.68522 1.27389 
1.27403 4.68522 3.51542 
1.27403 4.54084 4.85887 
1.31618 3.92976 4.78858 
1.31618 4.0549 4.67986 
1.31618 1.5959 2.45449 
1.31618 3.83228 2.66835 
1.31618 1.35917 2.43703 
1.31618 2.73868 3.4458 
3.92976 1.5959 4.95159 
3.92976 1.35917 2.5881 
4.0549 1.5959 2.53641 
4.0549 1.35917 4.79785 
4.0549 2.73868 1.32189 
1.5959 3.83228 4.19925 
1.5959 1.35917 2.48102 
1.5959 2.73868 1.27389 
3.83228 2.73868 4.66985 
1.35917 2.73868 3.51542 
3.75993 2.58096 1.25922 
3.66618 2.42817 1.33204 
3.66618 4.86216 1.25575 
2.58096 2.42817 4.82304 
4.60243 4.63749 1.29542 
4.60243 2.42817 4.94545 
4.60243 4.92699 2.61169 
4.63749 4.92699 1.35669 
2.42817 4.86216 2.58654 
2.60847 3.68058 3.15843 
2.60847 4.2596 3.63509 
2.60847 1.27644 1.33568 
2.60847 3.694 3.46525 
2.60847 3.8627 1.25922 
2.60847 4.52471 4.93391 
2.60847 2.54527 4.97643 
2.60847 1.31565 3.88397 
3.68058 4.2596 2.68155 
3.68058 1.27644 3.17284 
3.68058 3.694 1.28561 
3.68058 3.8627 3.72898 
3.68058 4.52471 3.85919 
3.68058 2.54527 4.7272 
3.68058 1.31565 4.28183 
4.2596 1.27644 3.7902 
4.2596 3.694 3.92833 
4.2596 3.8627 4.01203 
4.2596 3.79682 4.15237 
4.2596 1.31565 4.76579 
1.27644 3.694 3.3078 
1.27644 3.8627 2.5918 
1.27644 3.79682 4.39133 
1.27644 4.52471 4.48818 
1.27644 2.54527 3.71584 
1.27644 3.83708 4.98249 
1.27644 1.31565 2.56701 
3.694 3.8627 4.12041 
3.694 4.52471 2.5881 
3.694 2.54527 4.76192 
3.694 1.31565 4.25402 
4.45396 3.79682 4.52485 
4.45396 2.54527 4.74035 
4.45396 1.31565 4.23261 
3.79682 2.54527 3.19847 
3.79682 3.83708 3.47506 
3.79682 1.31565 3.40014 
4.52471 1.31565 4.85887 
2.54527 3.83708 1.29852 
2.54527 1.31565 1.29532 
3.83708 1.31565 2.58347 
4.5691 3.36035 2.61822 
4.5691 1.27691 4.46725 
4.5691 3.90604 1.28697 
4.93438 3.73087 1.25588 
4.93438 1.27691 3.66131 
3.36035 3.73087 4.62611 
3.36035 1.27691 3.48862 
3.36035 3.90604 1.34349 
3.73087 1.27691 2.45805 
3.73087 3.90604 4.77955 
1.27691 3.90604 3.91561 
3.74792 4.994 1.32789 
4.78858 2.45449 4.95159 
4.78858 2.43703 2.5881 
4.67986 2.45449 2.53641 
4.67986 2.43703 4.79785 
4.67986 3.4458 1.32189 
3.9703 2.66835 1.31276 
2.45449 2.66835 4.19925 
2.45449 2.43703 2.48102 
2.45449 3.4458 1.27389 
2.66835 3.4458 4.66985 
2.43703 3.4458 3.51542 
3.15843 3.63509 2.68155 
3.15843 1.33568 3.17284 
3.15843 3.46525 1.28561 
3.15843 1.25922 3.72898 
3.15843 4.57491 4.02257 
3.15843 4.93391 3.85919 
3.15843 4.97643 4.7272 
3.15843 3.88397 4.28183 
3.63509 1.33568 3.7902 
3.63509 3.46525 3.92833 
3.63509 1.25922 4.01203 
3.63509 4.57491 1.34847 
3.63509 3.88397 4.76579 
1.33568 3.46525 3.3078 
1.33568 1.25922 2.5918 
1.33568 4.57491 4.78536 
1.33568 4.93391 4.48818 
1.33568 4.97643 3.71584 
1.33568 3.88397 2.56701 
3.46525 1.25922 4.12041 
3.46525 4.93391 2.5881 
3.46525 4.97643 4.76192 
3.46525 3.88397 4.25402 
1.25922 4.57491 4.80127 
4.93391 3.88397 4.85887 
4.97643 3.88397 1.29532 
2.68155 3.17284 3.7902 
2.68155 1.28561 3.92833 
2.68155 3.72898 4.01203 
2.68155 4.02257 1.34847 
2.68155 4.28183 4.76579 
3.17284 1.28561 3.3078 
3.17284 3.72898 2.5918 
3.17284 4.02257 4.78536 
3.17284 3.85919 4.48818 
3.17284 4.7272 3.71584 
3.17284 4.28183 2.56701 
1.28561 3.72898 4.12041 
1.28561 3.85919 2.5881 
1.28561 4.7272 4.76192 
1.28561 4.28183 4.25402 
3.72898 4.02257 4.80127 
3.85919 4.28183 4.85887 
4.7272 4.28183 1.29532 
3.7902 3.92833 3.3078 
3.7902 4.01203 2.5918 
3.7902 1.34847 4.78536 
3.7902 4.15237 4.39133 
3.7902 4.76579 2.56701 
3.92833 4.01203 4.12041 
3.92833 4.76579 4.25402 
4.01203 1.34847 4.80127 
1.34847 2.59304 1.25588 
1.34847 4.15237 4.14906 
1.34847 4.94779 3.66131 
1.34847 4.69333 4.34404 
2.59304 4.15237 4.71217 
2.59304 4.94779 2.45805 
2.59304 4.69333 4.60172 
4.15237 4.69333 1.31276 
4.15237 4.76579 3.40014 
4.69333 4.76579 4.66219 
3.3078 2.5918 4.12041 
3.3078 4.48818 2.5881 
3.3078 3.71584 4.76192 
3.3078 2.56701 4.25402 
2.5918 4.78536 4.80127 
4.78536 4.39133 4.14906 
4.39133 3.71584 3.19847 
4.39133 4.98249 3.47506 
4.39133 2.56701 3.40014 
4.48818 2.56701 4.85887 
3.71584 4.98249 1.29852 
3.71584 2.56701 1.29532 
4.98249 2.56701 2.58347 
4.56938 2.57797 4.49581 
4.56938 1.25575 4.3955 
2.57797 1.33204 3.90572 
2.57797 1.25575 1.32902 
2.57797 3.81559 1.24392 
1.33204 1.25575 2.58654 
1.25575 3.81559 2.56897 
4.95159 2.5881 2.48102 
2.5881 4.25402 4.85887 
4.76192 4.25402 1.29532 
2.61822 4.46725 3.48862 
2.61822 2.33574 4.79038 
2.61822 1.32707 3.94107 
2.61822 1.28697 1.34349 
4.60726 2.33574 2.50159 
4.60726 3.31057 1.32696 
4.60726 1.32707 3.89653 
4.46725 1.28697 3.91561 
2.33574 4.73372 4.5742 
2.33574 3.31057 1.21037 
2.33574 1.32707 1.40056 
2.33574 3.47451 3.46551 
2.33574 1.28697 3.54624 
4.73372 1.32707 3.82169 
4.73372 3.47451 1.29852 
3.31057 1.32707 2.58406 
3.31057 3.47451 4.54622 
3.31057 1.28697 4.38593 
1.32707 3.47451 2.56929 
1.32707 1.28697 2.60831 
3.47451 1.28697 4.47186 
1.24757 4.52565 4.29381 
1.24757 3.78194 2.56415 
1.24757 4.90475 4.65881 
1.24757 4.55301 4.38721 
1.24757 2.51921 1.3059 
1.24757 2.5435 3.73441 
1.24757 4.87414 4.78763 
1.24757 1.23705 2.46578 
4.52565 4.90475 1.32902 
4.52565 4.55301 1.24392 
4.52565 2.51921 4.69754 
4.52565 4.87414 2.56993 
3.78194 2.51921 1.27385 
3.78194 1.23705 4.93557 
4.90475 4.55301 2.56897 
4.90475 2.51921 4.92976 
4.90475 4.87414 3.89419 
4.55301 2.51921 4.91505 
4.55301 4.87414 1.32696 
2.51921 2.5435 4.89877 
2.51921 1.23705 3.68938 
2.5435 1.23705 1.32789 
3.78929 1.29542 2.51299 
3.78929 2.61169 1.18624 
1.29542 2.61169 1.35669 
2.51299 3.41819 4.25237 
2.51299 1.18624 1.35669 
2.51299 1.32189 3.78893 
3.41819 1.18624 3.80113 
3.41819 2.53641 4.503 
3.41819 1.32189 4.02883 
3.41819 4.12296 1.34349 
1.18624 2.53641 3.68719 
1.18624 1.32189 2.43486 
1.18624 4.12296 4.69442 
2.53641 4.79785 2.48102 
2.53641 1.32189 1.27389 
2.53641 4.12296 4.65479 
4.79785 1.32189 3.51542 
1.32189 4.12296 4.43205 
4.25237 1.35669 3.80113 
4.25237 3.78893 4.02883 
1.35669 3.78893 2.43486 
4.90937 4.21646 2.5459 
4.90937 4.96129 3.71316 
4.49581 4.3955 1.32902 
4.49581 4.96129 4.69754 
4.21646 4.96129 1.27385 
4.3955 4.96129 4.92976 
4.52485 4.74035 3.19847 
4.52485 4.23261 3.40014 
4.74035 4.23261 1.29532 
1.25588 4.14906 4.71217 
1.25588 3.66131 2.45805 
1.25588 4.34404 4.60172 
4.14906 4.34404 1.31276 
2.5459 3.71316 1.27385 
4.29381 4.65881 1.32902 
4.29381 4.38721 1.24392 
4.29381 1.3059 4.69754 
4.29381 4.78763 2.56993 
2.56415 1.3059 1.27385 
2.56415 2.46578 4.93557 
4.65881 4.38721 2.56897 
4.65881 1.3059 4.92976 
4.65881 4.78763 3.89419 
4.38721 1.3059 4.91505 
4.38721 4.78763 1.32696 
1.3059 3.73441 4.89877 
1.3059 2.46578 3.68938 
3.73441 2.46578 1.32789 
3.90572 1.32902 2.58654 
1.32902 1.24392 2.56897 
1.32902 4.69754 4.92976 
1.32902 2.56993 3.89419 
1.24392 4.69754 4.91505 
1.24392 3.72697 2.50159 
1.24392 2.56993 1.32696 
3.72697 2.56993 1.21037 
4.90772 4.65929 1.29852 
4.62611 3.48862 2.45805 
4.62611 1.34349 4.77955 
3.80113 4.503 3.68719 
3.80113 4.02883 2.43486 
3.80113 1.34349 4.69442 
3.48862 1.34349 3.91561 
4.503 4.02883 1.27389 
4.503 1.34349 4.65479 
4.79038 3.94107 1.40056 
4.79038 1.34349 3.54624 
4.02883 1.34349 4.43205 
3.94107 1.34349 2.60831 
4.71217 4.60172 1.31276 
2.45805 4.77955 3.91561 
1.27385 4.93557 3.68938 
3.68719 2.43486 1.27389 
3.68719 4.69442 4.65479 
2.43486 4.69442 4.43205 
2.56897 4.92976 4.91505 
2.56897 3.89419 1.32696 
2.50159 1.32696 1.21037 
2.50159 3.89653 1.40056 
1.32696 3.89653 2.58406 
1.31276 3.19847 4.27557 
1.31276 3.47506 4.24135 
1.31276 3.40014 4.66219 
3.19847 4.90288 3.82169 
3.19847 3.47506 1.29852 
3.19847 3.40014 1.29532 
4.90288 3.47506 2.56929 
3.47506 3.40014 2.58347 
4.89877 3.68938 1.32789 
4.19925 1.27389 4.66985 
2.48102 1.27389 3.51542 
1.27389 4.65479 4.43205 
4.27557 4.24135 1.29852 
4.27557 4.66219 1.29532 
4.24135 4.66219 2.58347 
4.5742 1.40056 3.82169 
4.5742 3.46551 1.29852 
1.21037 1.40056 2.58406 
1.21037 3.46551 4.54622 
1.21037 3.54624 4.38593 
1.40056 3.46551 2.56929 
1.40056 3.54624 2.60831 
3.46551 3.54624 4.47186 
3.82169 1.29852 2.56929 
1.29852 1.29532 2.58347 
2.58406 4.54622 2.56929 
2.58406 4.38593 2.60831 
4.54622 4.38593 4.47186 
2.56929 2.60831 4.47186 
