4.28278 1.35991 3.83601 
4.28278 2.59756 4.47895 
4.28278 4.81398 1.26465 
4.28278 4.97698 2.51665 
4.28278 4.41918 1.31094 
1.33505 1.35991 1.83125 
1.33505 3.76126 4.2213 
1.33505 2.61417 1.35702 
1.33505 4.234 4.20855 
1.33505 2.59756 2.52523 
1.33505 3.75623 3.95974 
1.33505 3.95901 4.89054 
1.33505 3.72267 4.4246 
1.33505 2.60329 1.8638 
1.33505 4.59852 4.42568 
1.35991 2.61417 2.56522 
1.35991 2.59756 1.33389 
1.35991 4.81398 4.08837 
1.35991 3.95901 4.87793 
1.35991 3.72267 4.8771 
1.35991 2.60329 1.85295 
1.35991 4.41918 4.26804 
3.76126 4.234 2.6025 
3.76126 3.75623 1.27926 
3.76126 3.95901 2.55233 
3.76126 4.46708 3.90774 
3.76126 3.72267 1.30976 
3.76126 4.59852 3.77406 
2.61417 2.59756 2.54973 
2.61417 3.75623 4.98699 
2.61417 2.60329 1.34954 
4.234 3.75623 1.32948 
4.234 3.95901 4.99331 
4.234 3.72267 3.84962 
4.234 4.59852 1.2299 
2.59756 4.81398 4.3962 
2.59756 2.60329 1.30177 
3.75623 3.95901 3.7313 
3.75623 3.72267 2.54139 
3.75623 4.59852 2.51631 
4.81398 4.97698 3.73199 
4.81398 4.41918 2.54715 
3.95901 4.46708 1.37162 
3.95901 3.72267 1.2775 
4.46708 3.72267 2.63066 
3.72267 4.59852 4.96418 
4.97698 4.41918 1.20937 
4.47397 4.57257 2.84039 
4.47397 3.81976 3.66274 
4.47397 2.51665 3.72385 
4.47397 4.18807 1.27281 
4.47397 1.31094 3.93017 
4.47397 4.92835 4.79531 
3.83601 4.47895 1.33389 
3.83601 2.66505 4.97435 
3.83601 1.26465 4.08837 
3.83601 3.63618 4.78249 
3.83601 1.31094 4.26804 
4.47895 2.66505 4.89601 
4.47895 1.26465 4.3962 
4.47895 3.63618 4.3626 
4.04207 2.66505 2.5236 
4.04207 1.26465 3.40259 
4.04207 3.63618 3.67447 
4.04207 1.31094 4.6842 
4.04207 3.29758 1.2073 
4.04207 4.85821 4.46095 
2.66505 1.26465 1.51542 
2.66505 2.51665 4.92542 
2.66505 3.63618 1.43255 
2.66505 1.31094 3.82189 
2.66505 3.29758 1.35095 
2.66505 4.85821 2.58544 
4.57257 3.81976 1.58081 
4.57257 2.51665 2.56122 
4.57257 4.18807 1.59404 
4.57257 1.31094 3.47807 
4.57257 4.92835 2.54507 
1.26465 3.81976 4.9932 
1.26465 2.51665 3.73199 
1.26465 3.63618 2.45824 
1.26465 1.31094 2.54715 
1.26465 3.29758 2.40386 
1.26465 4.85821 3.63714 
3.81976 2.51665 1.35962 
3.81976 4.18807 2.57908 
3.81976 1.31094 2.53914 
3.81976 4.92835 1.41749 
2.51665 4.18807 2.90406 
2.51665 1.31094 1.20937 
2.51665 4.92835 2.43083 
4.18807 1.31094 3.38481 
4.18807 4.92835 3.75868 
3.63618 1.31094 4.8704 
3.63618 3.29758 2.54433 
3.63618 4.85821 1.32533 
1.31094 3.29758 4.20961 
1.31094 4.92835 3.62133 
3.29758 4.85821 3.41406 
4.76493 2.39309 2.57718 
4.76493 1.19951 3.6761 
4.76493 3.48039 1.29172 
1.28247 2.39309 3.63598 
1.28247 4.80553 4.6968 
1.28247 1.19951 2.47289 
1.28247 4.65162 4.98818 
1.28247 4.91211 4.15062 
1.28247 2.52689 1.26857 
1.28247 3.76301 2.51456 
1.28247 3.48039 4.64304 
1.28247 4.2478 3.90025 
1.28247 4.42993 3.82541 
2.39309 4.79625 4.82187 
2.39309 1.19951 1.21835 
2.39309 2.52689 4.87648 
2.39309 3.48039 1.33027 
4.79625 1.19951 4.69012 
4.79625 4.94967 2.6025 
4.79625 4.65162 1.27926 
4.80553 4.91211 3.79047 
4.80553 4.2478 1.29048 
4.80553 4.42993 2.56609 
1.19951 4.65162 4.73364 
1.19951 2.52689 3.71958 
1.19951 3.76301 4.95425 
1.19951 3.48039 2.38622 
1.19951 4.2478 4.85455 
4.94967 4.65162 1.32948 
4.91211 2.52689 3.8279 
4.91211 3.76301 3.86859 
4.91211 4.2478 2.5432 
4.91211 4.42993 1.23634 
2.52689 3.76301 1.24661 
2.52689 4.2478 4.21082 
2.52689 4.42993 3.8052 
3.76301 4.2478 4.81513 
3.76301 4.42993 4.15215 
4.2478 4.42993 1.30785 
2.57718 3.6761 1.21835 
2.57718 1.29172 1.33027 
2.57718 1.40849 3.92498 
3.6761 1.29172 2.38622 
4.5711 4.5266 1.23935 
4.5711 4.6773 2.49598 
4.5711 1.29172 4.93766 
4.5711 1.40849 4.84665 
4.9718 1.29172 4.82244 
4.5266 4.6773 1.26179 
4.5266 1.40849 4.71171 
4.6773 1.40849 4.78112 
1.29172 1.40849 2.67459 
1.29172 2.6373 3.91274 
3.87908 1.40849 2.48788 
3.87908 2.6373 1.25843 
1.40849 2.6373 1.24457 
4.13949 3.76694 4.10283 
4.13949 2.84039 4.52336 
4.13949 4.76174 1.34954 
4.13949 1.27614 4.65874 
4.13949 1.27281 4.1023 
3.76694 2.84039 1.30171 
3.76694 4.76174 4.5331 
3.76694 3.66274 2.55273 
3.76694 1.27614 4.89473 
3.76694 3.72385 3.70332 
3.76694 1.27281 2.59454 
3.76694 3.93017 4.65495 
3.76694 4.79531 3.0661 
2.84039 3.66274 1.58081 
2.84039 1.27614 3.97648 
2.84039 3.72385 2.56122 
2.84039 1.27281 1.59404 
2.84039 3.93017 3.47807 
2.84039 4.79531 2.54507 
3.877 2.52344 1.35926 
3.877 1.27614 2.6246 
4.76174 1.27281 4.6491 
2.52344 1.27614 1.27461 
2.52344 1.27281 3.76355 
3.66274 1.27614 4.63834 
3.66274 3.72385 1.35962 
3.66274 1.27281 2.57908 
3.66274 3.93017 2.53914 
3.66274 4.79531 1.41749 
1.27614 3.72385 4.59137 
1.27614 1.27281 2.49174 
1.27614 3.93017 4.68525 
3.72385 1.27281 2.90406 
3.72385 3.93017 1.20937 
3.72385 4.79531 2.43083 
1.27281 3.93017 3.38481 
1.27281 4.79531 3.75868 
3.93017 4.79531 3.62133 
1.83125 1.35702 2.56522 
1.83125 2.52523 1.33389 
1.83125 4.89054 4.87793 
1.83125 4.4246 4.8771 
1.83125 1.8638 1.85295 
4.2213 4.20855 2.6025 
4.2213 3.95974 1.27926 
4.2213 4.89054 2.55233 
4.2213 4.4246 1.30976 
4.2213 4.42568 3.77406 
1.35702 2.52523 2.54973 
1.35702 3.95974 4.98699 
1.35702 1.8638 1.34954 
4.20855 3.95974 1.32948 
4.20855 4.89054 4.99331 
4.20855 4.88859 2.57329 
4.20855 4.4246 3.84962 
4.20855 4.42568 1.2299 
2.52523 1.8638 1.30177 
3.95974 4.89054 3.7313 
3.95974 4.88859 3.84406 
3.95974 4.4246 2.54139 
3.95974 4.42568 2.51631 
4.89054 4.4246 1.2775 
4.88859 4.42568 1.38918 
4.4246 4.42568 4.96418 
3.63598 2.47289 1.21835 
3.63598 1.26857 4.87648 
3.63598 4.64304 1.33027 
4.6968 4.15062 3.79047 
4.6968 3.90025 1.29048 
4.6968 3.82541 2.56609 
2.47289 4.98818 4.73364 
2.47289 1.26857 3.71958 
2.47289 2.51456 4.95425 
2.47289 4.64304 2.38622 
2.47289 3.90025 4.85455 
4.15062 1.26857 3.8279 
4.15062 2.51456 3.86859 
4.15062 3.85292 4.29183 
4.15062 3.90025 2.5432 
4.15062 3.82541 1.23634 
1.26857 2.51456 1.24661 
1.26857 3.85292 2.58551 
1.26857 3.90025 4.21082 
1.26857 3.82541 3.8052 
2.51456 3.85292 1.34242 
2.51456 3.90025 4.81513 
2.51456 3.82541 4.15215 
3.85292 3.82541 4.80907 
3.90025 3.82541 1.30785 
2.56522 1.33389 2.54973 
2.56522 1.85295 1.34954 
1.33389 4.97435 4.89601 
1.33389 4.08837 4.3962 
1.33389 1.85295 1.30177 
1.33389 4.78249 4.3626 
4.97435 4.08837 1.51542 
4.97435 4.78249 1.43255 
4.97435 4.26804 3.82189 
4.08837 4.78249 2.45824 
4.08837 4.26804 2.54715 
4.87793 4.8771 1.2775 
4.78249 4.26804 4.8704 
4.82187 1.21835 4.69012 
1.21835 4.87648 3.71958 
1.21835 1.33027 2.38622 
1.33027 3.92498 2.67459 
4.97142 2.50647 2.55328 
4.97142 1.22999 3.7568 
4.97142 3.67305 1.35912 
2.44169 4.96626 2.60682 
2.44169 4.73973 4.98619 
2.44169 2.33326 2.5152 
2.44169 2.50647 4.84371 
2.44169 3.49951 3.73221 
2.44169 1.43367 1.39276 
2.44169 1.22999 3.58107 
2.44169 3.6081 1.24518 
4.96626 2.33326 4.60746 
4.96626 1.43367 3.89643 
4.96626 3.6081 1.41749 
4.73973 2.33326 2.61341 
4.73973 3.49951 1.31957 
4.73973 1.43367 4.01506 
2.33326 2.50647 4.31503 
2.33326 3.49951 1.31386 
2.33326 1.43367 1.40317 
2.33326 1.22999 3.28142 
2.33326 3.6081 3.5674 
2.50647 1.43367 3.86613 
2.50647 1.22999 1.28841 
2.50647 3.67305 1.20449 
3.49951 1.43367 2.70659 
3.49951 1.22999 4.27476 
3.49951 3.6081 4.67309 
1.43367 1.22999 2.62652 
1.43367 3.6081 2.61338 
1.22999 3.67305 2.44606 
1.22999 3.6081 4.66551 
4.69012 1.27926 4.73364 
2.6025 1.27926 1.32948 
2.6025 2.55233 4.99331 
2.6025 1.30976 3.84962 
2.6025 3.77406 1.2299 
1.27926 2.55233 3.7313 
1.27926 1.30976 2.54139 
1.27926 3.77406 2.51631 
2.55233 3.90774 1.37162 
2.55233 1.30976 1.2775 
3.90774 1.30976 2.63066 
1.30976 3.77406 4.96418 
4.66095 4.10283 1.24964 
4.66095 4.52336 2.4653 
4.66095 1.34954 4.99214 
4.66095 4.1023 3.84414 
4.10283 4.52336 1.30171 
4.10283 1.34954 4.5331 
4.10283 4.65874 4.89473 
4.10283 4.1023 2.59454 
2.54973 1.34954 1.30177 
4.52336 4.65874 3.97648 
4.52336 4.1023 1.59404 
1.34954 4.1023 4.6491 
4.65874 4.1023 2.49174 
1.24964 2.4653 1.30171 
1.24964 3.6059 3.55553 
1.24964 4.99214 4.5331 
1.24964 3.34822 2.55273 
1.24964 4.58232 3.70332 
1.24964 3.84414 2.59454 
1.24964 3.8606 4.21494 
1.24964 1.29048 2.5347 
1.24964 4.03091 4.55609 
1.24964 4.08733 4.27819 
1.24964 2.56609 3.81362 
1.24964 3.44672 3.0661 
2.4653 3.6059 3.38492 
2.4653 3.34822 1.58081 
2.4653 4.58232 2.56122 
2.4653 3.84414 1.59404 
2.4653 3.8606 4.61014 
2.4653 1.29048 3.74761 
2.4653 4.08733 4.37064 
2.4653 2.56609 4.98395 
2.4653 3.44672 2.54507 
3.6059 3.34822 2.60682 
3.6059 4.61598 4.98619 
3.6059 4.58232 3.66348 
3.6059 3.84414 4.66722 
3.6059 3.8606 2.5152 
3.6059 1.29048 4.21309 
3.6059 4.03091 3.73221 
3.6059 4.08733 1.39276 
3.6059 2.56609 4.7845 
3.6059 3.44672 1.24518 
3.79047 4.98589 1.27254 
3.79047 4.61598 4.61819 
3.79047 3.8606 4.73609 
3.79047 1.29048 2.5432 
3.79047 4.03091 4.3569 
3.79047 2.56609 1.23634 
4.99214 3.84414 4.6491 
4.98589 4.61598 4.88891 
4.98589 1.29048 3.77243 
4.98589 4.03091 4.72429 
4.98589 2.56609 2.47325 
3.34822 4.58232 1.35962 
3.34822 3.84414 2.57908 
3.34822 3.8606 4.60746 
3.34822 1.29048 4.47411 
3.34822 4.08733 3.89643 
3.34822 3.44672 1.41749 
4.61598 3.8606 2.61341 
4.61598 1.29048 4.36591 
4.61598 4.03091 1.31957 
4.61598 4.08733 4.01506 
4.61598 2.56609 4.28448 
4.58232 3.84414 2.90406 
4.58232 3.44672 2.43083 
3.84414 3.44672 3.75868 
3.8606 1.29048 3.99979 
3.8606 4.03091 1.31386 
3.8606 4.08733 1.40317 
3.8606 2.56609 4.19311 
3.8606 3.44672 3.5674 
1.29048 4.03091 3.91417 
1.29048 4.08733 4.41135 
1.29048 2.56609 1.30785 
1.29048 3.44672 4.32435 
4.03091 4.08733 2.70659 
4.03091 2.56609 3.92592 
4.03091 3.44672 4.67309 
4.08733 2.56609 4.70868 
4.08733 3.44672 2.61338 
3.71958 4.95425 1.24661 
3.71958 4.85455 4.21082 
4.95425 4.85455 4.81513 
1.32948 4.99331 3.7313 
1.32948 2.57329 3.84406 
1.32948 3.84962 2.54139 
1.32948 1.2299 2.51631 
4.99331 3.84962 1.2775 
2.57329 4.92379 2.4527 
2.57329 1.2299 1.38918 
2.57329 3.83954 1.27946 
3.84962 1.2299 4.96418 
4.92379 1.2299 3.81633 
4.92379 3.83954 1.26362 
1.2299 3.83954 2.66807 
3.85079 1.23935 2.6127 
3.85079 2.49598 1.35862 
4.68825 1.23935 4.78374 
4.68825 1.20787 4.76842 
4.68825 4.59562 1.2398 
4.68825 2.5087 4.77382 
4.68825 4.97241 2.55328 
4.68825 4.63449 1.35912 
1.23935 1.20787 2.42643 
1.23935 4.59562 4.65779 
1.23935 2.49598 1.26179 
1.23935 2.5087 3.65428 
1.23935 3.75663 4.85537 
1.23935 4.84665 4.71171 
1.23935 4.63449 4.91953 
1.20787 4.59562 4.64633 
1.20787 2.49598 3.67767 
1.20787 2.5087 1.35926 
1.20787 3.75663 2.6246 
1.20787 4.97241 4.80373 
1.20787 4.63449 4.60545 
4.59562 2.5087 4.55012 
4.59562 3.75663 4.91466 
4.59562 4.97241 3.6233 
4.59562 4.63449 2.48522 
2.49598 2.5087 4.87659 
2.49598 4.84665 4.78112 
2.5087 3.75663 1.27461 
2.5087 4.97241 4.76741 
2.5087 4.63449 4.62174 
4.93766 4.84665 2.67459 
4.97241 4.63449 1.20449 
1.30171 3.55553 3.38492 
1.30171 2.55273 1.58081 
1.30171 4.89473 3.97648 
1.30171 3.70332 2.56122 
1.30171 2.59454 1.59404 
1.30171 4.65495 3.47807 
1.30171 4.21494 4.61014 
1.30171 2.5347 3.74761 
1.30171 4.27819 4.37064 
1.30171 3.81362 4.98395 
1.30171 3.0661 2.54507 
3.55553 2.55273 2.60682 
3.55553 3.70332 3.66348 
3.55553 2.59454 4.66722 
3.55553 4.65495 4.84488 
3.55553 4.21494 2.5152 
3.55553 2.5347 4.21309 
3.55553 4.55609 3.73221 
3.55553 4.27819 1.39276 
3.55553 3.81362 4.7845 
3.55553 3.0661 1.24518 
4.5331 2.59454 4.6491 
2.55273 4.89473 4.63834 
2.55273 3.70332 1.35962 
2.55273 2.59454 2.57908 
2.55273 4.65495 2.53914 
2.55273 4.21494 4.60746 
2.55273 2.5347 4.47411 
2.55273 4.27819 3.89643 
2.55273 3.0661 1.41749 
4.89473 3.70332 4.59137 
4.89473 2.59454 2.49174 
4.89473 4.65495 4.68525 
3.70332 2.59454 2.90406 
3.70332 4.65495 1.20937 
3.70332 3.0661 2.43083 
2.59454 4.65495 3.38481 
2.59454 3.0661 3.75868 
4.65495 3.0661 3.62133 
4.21494 2.5347 3.99979 
4.21494 4.55609 1.31386 
4.21494 4.27819 1.40317 
4.21494 3.81362 4.19311 
4.21494 3.0661 3.5674 
2.5347 4.55609 3.91417 
2.5347 4.27819 4.41135 
2.5347 3.81362 1.30785 
2.5347 3.0661 4.32435 
4.55609 4.27819 2.70659 
4.55609 3.81362 3.92592 
4.55609 3.0661 4.67309 
4.27819 3.81362 4.70868 
4.27819 3.0661 2.61338 
4.89601 4.3962 1.51542 
4.89601 4.3626 1.43255 
4.3962 4.3626 2.45824 
2.5236 3.40259 1.51542 
2.5236 1.35862 3.8378 
2.5236 3.67447 1.43255 
2.5236 4.6842 3.82189 
2.5236 1.2073 1.35095 
2.5236 4.46095 2.58544 
3.40259 1.35862 4.73345 
3.40259 3.67447 2.45824 
3.40259 4.6842 2.54715 
3.40259 1.2073 2.40386 
3.40259 4.46095 3.63714 
2.6127 1.35862 1.26179 
2.6127 1.2073 3.76586 
1.35862 3.67447 4.874 
1.35862 1.2073 2.53823 
3.67447 4.6842 4.8704 
3.67447 1.2073 2.54433 
3.67447 4.46095 1.32533 
4.6842 1.2073 4.20961 
1.2073 4.46095 3.41406 
1.51542 3.8378 4.73345 
1.51542 3.85564 4.93087 
1.51542 4.92542 3.73199 
1.51542 1.43255 2.45824 
1.51542 3.82189 2.54715 
1.51542 1.35095 2.40386 
1.51542 2.58544 3.63714 
3.8378 1.43255 4.874 
3.8378 1.35095 2.53823 
3.85564 1.43255 2.61617 
3.85564 1.35095 4.52305 
3.85564 2.58544 1.3068 
4.92542 3.82189 1.20937 
1.43255 3.82189 4.8704 
1.43255 1.35095 2.54433 
1.43255 2.58544 1.32533 
3.82189 1.35095 4.20961 
1.35095 2.58544 3.41406 
3.7313 2.54139 1.2775 
3.84406 2.51631 1.38918 
2.54139 2.51631 4.96418 
2.57541 4.78374 4.9758 
2.57541 1.2398 1.37162 
2.57541 3.79665 1.2775 
2.57541 2.55328 4.98873 
2.57541 1.35912 3.85408 
4.78374 4.76842 2.42643 
4.78374 1.2398 4.65779 
4.78374 4.77382 3.65428 
4.78374 1.35912 4.91953 
4.76842 1.2398 4.64633 
4.76842 4.77382 1.35926 
4.76842 2.55328 4.80373 
4.76842 1.35912 4.60545 
1.2398 3.79665 2.63066 
1.2398 4.77382 4.55012 
1.2398 2.55328 3.6233 
1.2398 3.7568 4.81563 
1.2398 1.35912 2.48522 
4.77382 2.55328 4.76741 
4.77382 1.35912 4.62174 
2.55328 3.7568 1.28841 
2.55328 1.35912 1.20449 
3.7568 1.35912 2.44606 
3.38492 1.58081 2.60682 
3.38492 2.56122 3.66348 
3.38492 1.59404 4.66722 
3.38492 3.47807 4.84488 
3.38492 4.61014 2.5152 
3.38492 3.74761 4.21309 
3.38492 4.37064 1.39276 
3.38492 4.98395 4.7845 
3.38492 2.54507 1.24518 
1.58081 3.97648 4.63834 
1.58081 2.56122 1.35962 
1.58081 1.59404 2.57908 
1.58081 3.47807 2.53914 
1.58081 4.61014 4.60746 
1.58081 3.74761 4.47411 
1.58081 4.37064 3.89643 
1.58081 2.54507 1.41749 
3.97648 2.56122 4.59137 
3.97648 1.59404 2.49174 
3.97648 3.47807 4.68525 
2.56122 1.59404 2.90406 
2.56122 3.47807 1.20937 
2.56122 2.54507 2.43083 
1.59404 3.47807 3.38481 
1.59404 2.54507 3.75868 
3.47807 2.54507 3.62133 
4.61014 3.74761 3.99979 
4.61014 4.37064 1.40317 
4.61014 4.98395 4.19311 
4.61014 2.54507 3.5674 
3.74761 4.37064 4.41135 
3.74761 4.98395 1.30785 
3.74761 2.54507 4.32435 
4.37064 4.98395 4.70868 
4.37064 2.54507 2.61338 
4.73345 2.45824 4.874 
4.73345 2.40386 2.53823 
4.93087 2.45824 2.61617 
4.93087 2.40386 4.52305 
4.93087 3.63714 1.3068 
4.9932 3.73199 1.35962 
4.9932 2.54715 2.53914 
3.73199 2.54715 1.20937 
2.45824 2.54715 4.8704 
2.45824 2.40386 2.54433 
2.45824 3.63714 1.32533 
2.54715 2.40386 4.20961 
2.40386 3.63714 3.41406 
4.9758 1.37162 4.65779 
4.9758 3.85408 4.91953 
1.37162 1.2775 2.63066 
1.37162 4.98873 3.6233 
1.37162 3.85408 2.48522 
4.98873 3.85408 1.20449 
2.42643 4.65779 4.64633 
2.42643 1.26179 3.67767 
2.42643 3.65428 1.35926 
2.42643 4.85537 2.6246 
2.42643 4.91953 4.60545 
4.65779 3.65428 4.55012 
4.65779 4.85537 4.91466 
4.65779 4.91953 2.48522 
1.26179 3.65428 4.87659 
1.26179 4.71171 4.78112 
1.26179 3.76586 2.53823 
3.65428 4.85537 1.27461 
3.65428 4.91953 4.62174 
4.64633 1.35926 4.55012 
4.64633 2.6246 4.91466 
4.64633 4.80373 3.6233 
4.64633 4.60545 2.48522 
3.67767 1.35926 4.87659 
1.35926 2.6246 1.27461 
1.35926 4.80373 4.76741 
1.35926 4.60545 4.62174 
4.80373 4.60545 1.20449 
4.55012 4.91466 1.27461 
4.55012 3.6233 4.76741 
4.55012 2.48522 4.62174 
3.6233 4.81563 1.28841 
3.6233 2.48522 1.20449 
4.81563 2.48522 2.44606 
2.4527 1.38918 3.81633 
2.4527 1.27946 1.26362 
2.4527 3.61095 1.26267 
2.4527 4.77195 2.55693 
1.38918 1.27946 2.66807 
1.38918 3.61095 4.91864 
1.27946 3.61095 2.50102 
1.27946 4.77195 3.76346 
3.61095 4.77195 1.31957 
4.874 2.53823 2.54433 
2.60682 3.66348 1.35962 
2.60682 4.66722 2.57908 
2.60682 4.84488 2.53914 
2.60682 2.5152 4.60746 
2.60682 4.21309 4.47411 
2.60682 1.39276 3.89643 
2.60682 1.24518 1.41749 
4.98619 2.5152 2.61341 
4.98619 4.21309 4.36591 
4.98619 3.73221 1.31957 
4.98619 1.39276 4.01506 
4.98619 4.7845 4.28448 
3.66348 4.66722 2.90406 
3.66348 4.84488 1.20937 
3.66348 1.24518 2.43083 
4.66722 4.84488 3.38481 
4.66722 1.24518 3.75868 
4.84488 1.24518 3.62133 
2.5152 4.84371 4.31503 
2.5152 4.21309 3.99979 
2.5152 3.73221 1.31386 
2.5152 1.39276 1.40317 
2.5152 3.58107 3.28142 
2.5152 4.7845 4.19311 
2.5152 1.24518 3.5674 
4.84371 1.39276 3.86613 
4.84371 3.58107 1.28841 
4.21309 3.73221 3.91417 
4.21309 1.39276 4.41135 
4.21309 4.7845 1.30785 
4.21309 1.24518 4.32435 
3.73221 1.39276 2.70659 
3.73221 3.58107 4.27476 
3.73221 4.7845 3.92592 
3.73221 1.24518 4.67309 
1.39276 3.58107 2.62652 
1.39276 4.7845 4.70868 
1.39276 1.24518 2.61338 
3.58107 1.24518 4.66551 
3.8279 4.7616 3.82659 
3.8279 3.86859 1.24661 
3.8279 1.27254 4.46378 
3.8279 4.29183 2.58551 
3.8279 2.5432 4.21082 
3.8279 1.23634 3.8052 
4.7616 3.86859 2.61191 
4.7616 1.27254 4.42487 
4.7616 3.74308 4.86669 
4.7616 4.29183 1.31115 
4.7616 2.50578 4.6047 
3.86859 1.27254 4.16826 
3.86859 4.29183 1.34242 
3.86859 2.50578 4.81623 
3.86859 2.5432 4.81513 
3.86859 1.23634 4.15215 
1.27254 3.74308 2.48788 
1.27254 4.29183 4.22442 
1.27254 4.61819 4.88891 
1.27254 2.50578 1.25843 
1.27254 2.5432 3.77243 
1.27254 4.3569 4.72429 
1.27254 1.23634 2.47325 
3.74308 2.50578 1.24457 
3.74308 1.23634 4.95821 
4.29183 2.50578 4.61176 
4.29183 1.23634 4.80907 
4.61819 4.73609 2.61341 
4.61819 2.5432 4.36591 
4.61819 4.3569 1.31957 
4.61819 1.23634 4.28448 
2.50578 1.23634 3.71849 
4.73609 2.5432 3.99979 
4.73609 4.3569 1.31386 
4.73609 1.23634 4.19311 
2.5432 4.3569 3.91417 
2.5432 1.23634 1.30785 
4.3569 1.23634 3.92592 
3.82659 1.24661 2.61191 
3.82659 4.46378 4.42487 
3.82659 2.58551 1.31115 
1.24661 4.46378 4.16826 
1.24661 2.58551 1.34242 
1.24661 4.21082 4.81513 
1.24661 3.8052 4.15215 
4.46378 2.58551 4.22442 
4.46378 4.21082 3.77243 
4.46378 3.8052 2.47325 
2.58551 3.8052 4.80907 
4.21082 3.8052 1.30785 
2.61191 4.42487 4.16826 
2.61191 1.31115 1.34242 
2.61191 4.6047 4.81623 
2.61191 1.3068 3.90804 
4.42487 4.86669 2.48788 
4.42487 1.31115 4.22442 
4.42487 4.6047 1.25843 
4.86669 4.6047 1.24457 
1.31115 4.6047 4.61176 
1.31115 2.61617 3.86736 
1.31115 1.3068 2.58176 
2.61617 4.52305 2.54433 
2.61617 1.3068 1.32533 
4.52305 1.3068 3.41406 
4.16826 1.34242 4.22442 
4.16826 4.81623 1.25843 
4.16826 4.81513 3.77243 
4.16826 4.15215 2.47325 
1.34242 4.81623 4.61176 
1.34242 3.90804 2.58176 
1.34242 4.15215 4.80907 
4.81623 4.15215 3.71849 
4.81513 4.15215 1.30785 
1.27461 3.76355 2.49174 
4.76741 4.62174 1.20449 
2.67459 3.91274 1.24457 
2.48788 1.25843 1.24457 
2.48788 2.47325 4.95821 
4.22442 1.25843 4.61176 
4.22442 2.47325 4.80907 
4.88891 3.77243 4.36591 
4.88891 4.72429 1.31957 
4.88891 2.47325 4.28448 
1.25843 2.47325 3.71849 
3.77243 4.72429 3.91417 
3.77243 2.47325 1.30785 
4.72429 2.47325 3.92592 
3.81633 1.26362 2.66807 
3.81633 1.26267 4.91864 
1.26362 1.26267 2.50102 
1.26362 3.82154 4.97584 
1.26362 2.55693 3.76346 
1.26267 3.82154 2.61341 
1.26267 4.90178 4.36591 
1.26267 2.55693 1.31957 
1.26267 4.83195 4.28448 
3.82154 4.90178 3.99979 
3.82154 2.55693 1.31386 
3.82154 4.83195 4.19311 
4.90178 2.55693 3.91417 
4.90178 4.83195 1.30785 
2.55693 4.83195 3.92592 
2.66807 4.91864 2.50102 
4.63834 1.35962 4.59137 
4.63834 2.57908 2.49174 
4.63834 2.53914 4.68525 
1.35962 2.57908 2.90406 
1.35962 2.53914 1.20937 
1.35962 1.41749 2.43083 
2.57908 2.53914 3.38481 
2.57908 1.41749 3.75868 
2.53914 1.41749 3.62133 
4.60746 4.47411 3.99979 
4.60746 3.89643 1.40317 
4.60746 1.41749 3.5674 
4.47411 3.89643 4.41135 
4.47411 1.41749 4.32435 
3.89643 1.41749 2.61338 
4.59137 2.49174 2.90406 
4.59137 4.68525 1.20937 
2.49174 4.68525 3.38481 
1.24457 4.95821 3.71849 
4.61176 4.80907 3.71849 
3.86736 2.58176 1.32533 
2.50102 4.97584 2.61341 
2.50102 3.76346 1.31957 
4.97584 3.76346 1.31386 
2.61341 4.36591 3.99979 
2.61341 1.31957 1.31386 
2.61341 4.01506 1.40317 
2.61341 4.28448 4.19311 
4.36591 1.31957 3.91417 
4.36591 4.01506 4.41135 
4.36591 4.28448 1.30785 
1.31957 4.01506 2.70659 
1.31957 4.28448 3.92592 
4.01506 4.28448 4.70868 
2.90406 1.20937 3.38481 
2.90406 2.43083 3.75868 
1.20937 2.43083 3.62133 
3.38481 3.75868 3.62133 
4.8704 2.54433 4.20961 
2.54433 1.32533 3.41406 
4.31503 1.40317 3.86613 
4.31503 3.28142 1.28841 
3.99979 1.31386 3.91417 
3.99979 1.40317 4.41135 
3.99979 4.19311 1.30785 
3.99979 3.5674 4.32435 
1.31386 1.40317 2.70659 
1.31386 3.28142 4.27476 
1.31386 4.19311 3.92592 
1.31386 3.5674 4.67309 
1.40317 3.28142 2.62652 
1.40317 4.19311 4.70868 
1.40317 3.5674 2.61338 
3.28142 3.5674 4.66551 
3.86613 1.28841 2.62652 
1.28841 1.20449 2.44606 
3.91417 4.41135 2.70659 
3.91417 1.30785 3.92592 
3.91417 4.32435 4.67309 
4.41135 1.30785 4.70868 
4.41135 4.32435 2.61338 
2.70659 4.27476 2.62652 
2.70659 3.92592 4.70868 
2.70659 4.67309 2.61338 
4.27476 4.67309 4.66551 
2.62652 2.61338 4.66551 
