1.29413 1.33611 1.93635 
1.29413 3.84412 4.49686 
1.29413 2.63741 1.42067 
1.29413 3.72635 4.66435 
1.29413 2.601 2.62609 
1.29413 3.4584 4.29686 
1.29413 4.44577 4.87077 
1.29413 2.51626 1.86902 
1.33611 3.84412 4.4771 
1.33611 2.63741 2.75506 
1.33611 3.72635 4.68889 
1.33611 2.601 1.39449 
1.33611 3.4584 4.28547 
1.33611 4.44577 4.82301 
1.33611 2.51626 1.91741 
3.84412 3.72635 2.50095 
3.84412 3.4584 1.21165 
3.84412 4.69779 4.98457 
3.84412 4.44577 1.38571 
3.84412 4.08275 3.79515 
2.63741 2.601 2.71779 
2.63741 2.51626 1.42716 
3.72635 3.4584 1.30112 
3.72635 4.69779 2.54397 
3.72635 4.44577 3.88309 
3.72635 4.08275 1.318 
2.601 2.51626 1.35587 
3.4584 4.69779 3.78028 
3.4584 4.44577 2.58574 
3.4584 4.08275 2.58514 
4.69779 4.08275 1.23776 
4.78132 1.20205 4.97412 
4.78132 2.5523 4.99603 
4.78132 1.28774 4.57465 
4.91015 4.37195 1.29327 
4.91015 3.82065 2.52882 
4.91015 2.5523 3.14631 
4.91015 4.45274 2.57317 
4.91015 1.28774 3.88718 
4.15193 2.57809 2.7213 
4.15193 1.20205 3.44056 
4.15193 3.69248 3.66118 
4.15193 3.2759 1.22538 
4.15193 4.96268 4.49331 
2.57809 1.20205 1.39542 
2.57809 3.69248 1.43039 
2.57809 1.28774 3.85355 
2.57809 3.2759 1.49717 
2.57809 4.96268 2.70542 
4.37195 3.82065 1.56476 
4.37195 2.5523 2.36072 
4.37195 4.45274 1.39775 
4.37195 1.28774 3.30309 
1.20205 2.5523 3.74451 
1.20205 3.69248 2.53417 
1.20205 1.28774 2.4675 
1.20205 3.2759 2.36803 
1.20205 4.96268 3.82971 
4.97713 3.82065 4.00083 
4.97713 2.5523 3.86679 
4.97713 4.45274 4.89944 
4.97713 1.28774 4.40292 
3.82065 2.5523 1.31096 
3.82065 4.45274 2.08801 
3.82065 1.28774 2.59028 
2.5523 4.45274 2.735 
2.5523 1.28774 1.30217 
4.45274 1.28774 3.58092 
3.69248 1.28774 4.93576 
3.69248 3.2759 2.52735 
3.69248 4.96268 1.30976 
1.28774 3.2759 4.47178 
3.2759 4.96268 3.52375 
4.98743 2.43052 2.56513 
4.98743 1.29645 3.76246 
4.98743 3.74825 1.29582 
4.7182 1.26476 4.60818 
4.7182 3.76435 1.42067 
4.7182 2.57184 4.53874 
4.7182 3.65664 4.96347 
4.7182 4.33872 1.86902 
1.26476 2.43052 3.64904 
1.26476 3.76435 3.94646 
1.26476 4.91056 4.55476 
1.26476 1.29645 2.52449 
1.26476 4.8348 3.83982 
1.26476 2.57184 1.3831 
1.26476 3.65664 2.55903 
1.26476 4.33872 4.71956 
1.26476 3.74825 4.96538 
1.26476 4.62667 3.9685 
1.26476 4.42247 3.62751 
2.43052 3.76435 4.318 
2.43052 1.29645 1.20751 
2.43052 2.57184 4.95029 
2.43052 4.33872 4.20855 
2.43052 3.74825 1.32062 
3.76435 1.29645 4.16704 
3.76435 2.57184 4.15657 
3.76435 3.65664 4.70053 
3.76435 4.33872 1.42716 
4.91056 4.8348 3.90991 
4.91056 4.62667 1.41528 
4.91056 4.42247 2.59722 
1.29645 2.57184 3.86208 
1.29645 3.65664 4.94941 
1.29645 4.33872 4.3919 
1.29645 3.74825 2.49359 
4.8348 2.57184 3.62997 
4.8348 3.65664 4.13277 
4.8348 4.62667 2.51635 
4.8348 4.42247 1.35051 
2.57184 3.65664 1.23578 
2.57184 4.62667 4.22507 
2.57184 4.42247 3.78577 
3.65664 4.42247 4.60027 
4.33872 3.74825 4.78891 
4.62667 4.42247 1.26597 
2.56513 3.76246 1.20751 
2.56513 3.99644 4.68665 
2.56513 3.84545 4.85224 
2.56513 4.66614 4.96241 
2.56513 1.29582 1.32062 
2.56513 1.3074 3.85036 
3.76246 1.29582 2.49359 
3.99644 3.84545 1.30718 
3.99644 4.66614 1.23961 
3.99644 4.09201 2.54649 
3.99644 1.29582 3.94657 
3.99644 1.3074 3.95417 
3.99644 2.55258 4.42665 
3.84545 4.66614 2.53361 
3.84545 4.09201 1.25564 
3.84545 1.29582 4.02587 
3.84545 3.8042 4.61668 
3.84545 1.3074 3.65201 
3.84545 2.55258 3.92887 
4.66614 4.09201 3.77529 
4.66614 1.29582 4.39861 
4.66614 1.3074 4.75903 
4.09201 1.29582 4.52552 
4.09201 3.8042 4.10641 
4.09201 1.3074 3.68828 
4.09201 2.55258 3.66158 
1.29582 1.3074 2.54702 
1.29582 2.55258 3.79772 
3.8042 1.3074 2.53409 
3.8042 2.55258 1.26849 
1.3074 2.55258 1.26766 
4.72656 4.65578 1.39449 
4.72656 1.28598 4.96292 
4.87149 3.78993 1.27871 
4.87149 2.67848 2.55633 
4.87149 4.73366 4.82299 
4.87149 3.17184 3.75769 
4.87149 3.77031 4.23759 
4.87149 1.31264 3.73423 
4.87149 4.53167 4.78071 
4.87149 3.65267 4.2006 
4.94518 3.80664 1.23961 
4.94518 2.54505 2.5053 
4.94518 1.28598 3.71676 
3.78993 2.67848 1.29327 
3.78993 4.73366 3.85984 
3.78993 3.17184 2.52882 
3.78993 3.77031 3.14631 
3.78993 1.31264 2.57317 
3.78993 4.53167 3.88718 
3.78993 3.65267 3.04941 
4.65578 1.28598 4.93317 
2.67848 4.73366 3.36898 
2.67848 3.17184 1.56476 
2.67848 1.28598 3.93066 
2.67848 3.77031 2.36072 
2.67848 1.31264 1.39775 
2.67848 4.53167 3.30309 
2.67848 3.65267 2.27412 
4.98578 4.93156 1.28484 
4.98578 4.73366 4.67005 
4.98578 3.17184 4.00083 
4.98578 3.77031 3.86679 
4.98578 1.31264 4.89944 
4.98578 4.53167 4.40292 
4.98578 3.65267 4.08931 
3.80664 2.54505 1.29769 
3.80664 1.28598 2.54546 
4.93156 2.54505 4.85496 
4.93156 3.17184 4.66289 
4.93156 1.28598 4.76261 
4.93156 3.77031 4.41435 
4.93156 4.53167 4.7461 
4.93156 3.65267 4.95498 
4.73366 3.17184 2.5685 
4.73366 3.77031 3.6426 
4.73366 1.31264 3.97722 
4.73366 4.53167 4.90012 
4.73366 3.65267 1.29578 
2.54505 1.28598 1.26439 
2.54505 1.31264 3.80996 
3.17184 1.28598 4.20498 
3.17184 3.77031 1.31096 
3.17184 1.31264 2.08801 
3.17184 4.53167 2.59028 
3.17184 3.65267 1.31542 
1.28598 3.77031 4.75599 
1.28598 1.31264 2.57276 
1.28598 3.65267 4.52515 
3.77031 1.31264 2.735 
3.77031 4.53167 1.30217 
3.77031 3.65267 2.49831 
1.31264 4.53167 3.58092 
1.31264 3.65267 2.79246 
4.53167 3.65267 3.79533 
4.60818 1.42067 3.94646 
4.60818 4.53874 1.3831 
4.60818 4.96347 2.55903 
4.60818 1.86902 4.71956 
1.93635 4.49686 4.4771 
1.93635 1.42067 2.75506 
1.93635 4.66435 4.68889 
1.93635 2.62609 1.39449 
1.93635 4.29686 4.28547 
1.93635 4.87077 4.82301 
1.93635 1.86902 1.91741 
4.49686 4.66435 2.50095 
4.49686 4.29686 1.21165 
4.49686 4.87077 1.38571 
4.49686 4.96888 4.57362 
1.42067 2.62609 2.71779 
1.42067 4.53874 4.15657 
1.42067 4.96347 4.70053 
1.42067 1.86902 1.42716 
1.42067 4.96888 4.99603 
1.42067 4.89097 4.57465 
4.66435 4.29686 1.30112 
4.66435 4.87077 3.88309 
2.62609 1.86902 1.35587 
4.29686 4.87077 2.58574 
4.87077 4.96888 3.81321 
4.87077 4.89097 4.58365 
4.53874 4.96347 1.23578 
4.96888 4.89097 1.30217 
3.64904 3.94646 4.318 
3.64904 2.52449 1.20751 
3.64904 1.3831 4.95029 
3.64904 4.71956 4.20855 
3.64904 4.96538 1.32062 
3.94646 2.52449 4.16704 
3.94646 1.3831 4.15657 
3.94646 2.55903 4.70053 
3.94646 4.71956 1.42716 
4.55476 3.83982 3.90991 
4.55476 3.9685 1.41528 
4.55476 3.62751 2.59722 
2.52449 1.3831 3.86208 
2.52449 2.55903 4.94941 
2.52449 4.71956 4.3919 
2.52449 4.96538 2.49359 
3.83982 1.3831 3.62997 
3.83982 2.55903 4.13277 
3.83982 4.60821 1.27188 
3.83982 3.95225 4.87103 
3.83982 3.9685 2.51635 
3.83982 3.62751 1.35051 
1.3831 2.55903 1.23578 
1.3831 4.60821 4.09749 
1.3831 3.95225 2.60031 
1.3831 3.9685 4.22507 
1.3831 3.62751 3.78577 
2.55903 4.60821 4.23912 
2.55903 3.95225 1.39792 
2.55903 3.62751 4.60027 
4.71956 4.96538 4.78891 
4.60821 3.95225 4.6584 
4.60821 3.9685 3.69981 
4.60821 3.62751 2.60491 
3.9685 3.62751 1.26597 
4.4771 4.68889 2.50095 
4.4771 4.28547 1.21165 
4.4771 4.82301 1.38571 
2.75506 1.39449 2.71779 
2.75506 1.91741 1.42716 
4.68889 4.28547 1.30112 
4.68889 4.82301 3.88309 
1.39449 1.91741 1.35587 
1.39449 4.96292 4.93317 
4.28547 4.82301 2.58574 
4.318 1.20751 4.16704 
4.318 4.77782 2.71779 
4.318 4.95029 4.15657 
4.318 4.20855 1.42716 
1.20751 4.95029 3.86208 
1.20751 4.20855 4.3919 
1.20751 1.32062 2.49359 
4.68665 4.85224 1.30718 
4.68665 4.96241 1.23961 
4.68665 1.32062 3.94657 
4.68665 3.85036 3.95417 
4.77782 4.20855 1.35587 
4.85224 4.96241 2.53361 
4.85224 1.32062 4.02587 
4.85224 3.85036 3.65201 
4.96241 1.32062 4.39861 
4.96241 3.85036 4.75903 
4.20855 1.32062 4.78891 
1.32062 3.85036 2.54702 
4.4614 4.2365 2.50095 
4.4614 4.26157 1.21165 
4.4614 2.56992 3.59526 
4.4614 4.93076 3.79515 
4.4614 1.56121 4.4713 
4.4614 3.85908 3.7861 
4.2365 4.26157 1.30112 
4.2365 2.56992 4.65995 
4.2365 4.93076 1.318 
4.2365 1.56121 4.96255 
4.2365 1.32885 4.66806 
4.26157 2.56992 4.00365 
4.26157 4.93076 2.58514 
4.26157 1.56121 4.61929 
4.26157 3.85908 4.48187 
2.56992 4.26234 4.79164 
2.56992 2.37681 2.39476 
2.56992 2.53293 4.94444 
2.56992 3.18662 3.53459 
2.56992 1.56121 1.36981 
2.56992 1.32885 3.85463 
2.56992 3.85908 1.29578 
4.93076 4.26234 4.94662 
4.26234 2.37681 2.49184 
4.26234 2.53293 4.93642 
4.26234 3.18662 1.27362 
4.26234 1.56121 3.78563 
4.26234 1.32885 4.59415 
2.37681 2.53293 3.98649 
2.37681 3.18662 1.2238 
2.37681 1.56121 1.3532 
2.37681 1.32885 3.22585 
2.37681 3.85908 3.24975 
2.53293 3.18662 4.32012 
2.53293 1.56121 3.74332 
2.53293 1.32885 1.26216 
2.53293 3.81543 1.28938 
3.18662 1.56121 2.52298 
3.18662 1.32885 3.75684 
3.18662 3.85908 4.26503 
1.56121 1.32885 2.73763 
1.56121 3.81543 4.94698 
1.56121 3.85908 2.56318 
1.32885 3.81543 2.5432 
2.50095 1.21165 1.30112 
2.50095 4.98457 2.54397 
2.50095 3.59526 4.65995 
2.50095 1.38571 3.88309 
2.50095 3.79515 1.318 
2.50095 4.4713 4.96255 
1.21165 2.66296 3.82713 
1.21165 4.98457 3.78028 
1.21165 3.59526 4.00365 
1.21165 1.38571 2.58574 
1.21165 3.79515 2.58514 
1.21165 4.4713 4.61929 
1.21165 3.7861 4.48187 
2.66296 3.92201 1.28484 
2.66296 3.59526 4.67005 
2.66296 1.38571 1.33485 
2.66296 4.35482 4.00083 
2.66296 4.57362 3.86679 
2.66296 3.7861 4.08931 
3.92201 1.38571 2.60709 
3.92201 4.35482 4.66289 
3.92201 4.57362 4.41435 
3.92201 3.7861 4.95498 
4.98457 3.79515 1.23776 
3.59526 1.38571 3.71093 
3.59526 4.35482 2.5685 
3.59526 4.57362 3.6426 
3.59526 4.4713 1.36981 
3.59526 3.7861 1.29578 
1.38571 4.35482 3.70769 
1.38571 4.57362 3.81321 
1.38571 4.4713 4.83375 
1.38571 3.7861 3.44112 
4.35482 4.57362 1.31096 
4.35482 4.4713 3.81617 
4.35482 3.7861 1.31542 
4.57362 4.4713 4.93921 
4.57362 3.7861 2.49831 
4.4713 3.7861 2.56318 
4.16704 4.15657 3.86208 
4.16704 4.70053 4.94941 
4.16704 1.42716 4.3919 
2.71779 1.42716 1.35587 
4.97412 4.99603 3.74451 
4.97412 4.57465 2.4675 
4.15657 4.70053 1.23578 
4.99603 4.57465 1.30217 
1.27871 2.55633 1.29327 
1.27871 4.82299 3.85984 
1.27871 3.75769 2.52882 
1.27871 4.23759 3.14631 
1.27871 3.73423 2.57317 
1.27871 4.78071 3.88718 
1.27871 1.41528 2.62839 
1.27871 2.59722 3.85033 
1.27871 4.2006 3.04941 
2.55633 4.82299 3.36898 
2.55633 3.75769 1.56476 
2.55633 4.23759 2.36072 
2.55633 3.73423 1.39775 
2.55633 4.78071 3.30309 
2.55633 1.41528 3.90624 
2.55633 4.2006 2.27412 
4.82299 3.75769 2.5685 
4.82299 4.23759 3.6426 
4.82299 3.73423 3.97722 
4.82299 4.78071 4.90012 
4.82299 4.2006 1.29578 
3.90991 1.41528 2.51635 
3.90991 2.59722 1.35051 
3.75769 4.23759 1.31096 
3.75769 3.73423 2.08801 
3.75769 4.78071 2.59028 
3.75769 4.2006 1.31542 
4.23759 3.73423 2.735 
4.23759 4.78071 1.30217 
4.23759 4.2006 2.49831 
3.73423 4.78071 3.58092 
3.73423 4.2006 2.79246 
4.78071 4.2006 3.79533 
1.41528 2.59722 1.26597 
3.86208 4.94941 1.23578 
4.3919 2.49359 4.78891 
1.30112 2.54397 3.78028 
1.30112 4.65995 4.00365 
1.30112 3.88309 2.58574 
1.30112 1.318 2.58514 
1.30112 4.96255 4.61929 
2.54397 1.318 1.23776 
2.54397 3.80072 1.26612 
4.65995 3.88309 3.71093 
4.65995 4.96255 1.36981 
4.65995 4.66806 3.85463 
3.88309 4.96255 4.83375 
1.318 3.80072 2.503 
4.96255 4.66806 2.73763 
3.82944 1.30718 2.5349 
3.82944 2.54649 1.34048 
3.82944 3.95417 4.57187 
3.82944 4.42665 4.33935 
3.82944 4.91667 1.22538 
4.88698 1.23961 4.80375 
4.88698 2.5053 4.65536 
4.88698 3.71676 4.69697 
4.88698 4.90132 1.38305 
1.30718 1.23961 2.53361 
1.30718 2.54649 1.25564 
1.30718 2.5053 3.76022 
1.30718 3.94657 4.02587 
1.30718 3.71676 4.91912 
1.30718 3.95417 3.65201 
1.30718 4.42665 3.92887 
1.30718 4.91667 3.64185 
1.30718 4.90132 4.90237 
1.23961 2.54649 3.77529 
1.23961 2.5053 1.29769 
1.23961 3.94657 4.39861 
1.23961 3.71676 2.54546 
1.23961 3.95417 4.75903 
2.54649 2.5053 4.98578 
2.54649 3.94657 4.52552 
2.54649 3.95417 3.68828 
2.54649 4.42665 3.66158 
2.54649 4.91667 2.52973 
2.5053 3.71676 1.26439 
3.94657 3.95417 2.54702 
3.94657 4.42665 3.79772 
3.95417 4.42665 1.26766 
1.29327 3.85984 3.36898 
1.29327 2.52882 1.56476 
1.29327 3.14631 2.36072 
1.29327 2.57317 1.39775 
1.29327 3.88718 3.30309 
1.29327 4.49525 4.40979 
1.29327 2.62839 3.90624 
1.29327 4.5145 4.28619 
1.29327 3.04941 2.27412 
3.85984 2.52882 2.5685 
3.85984 3.14631 3.6426 
3.85984 2.57317 3.97722 
3.85984 3.88718 4.90012 
3.85984 4.49525 2.39476 
3.85984 4.5145 1.36981 
3.85984 3.04941 1.29578 
2.52882 3.14631 1.31096 
2.52882 2.57317 2.08801 
2.52882 3.88718 2.59028 
2.52882 4.49525 4.39692 
2.52882 4.5145 3.81617 
2.52882 3.04941 1.31542 
3.14631 2.57317 2.735 
3.14631 3.88718 1.30217 
3.14631 4.5145 4.93921 
3.14631 3.04941 2.49831 
2.57317 3.88718 3.58092 
2.57317 4.5145 4.96256 
2.57317 3.04941 2.79246 
3.88718 3.04941 3.79533 
4.49525 4.5145 1.3532 
4.49525 3.04941 3.24975 
2.62839 3.85033 1.26597 
4.5145 3.04941 2.56318 
2.7213 3.44056 1.39542 
2.7213 1.34048 4.00057 
2.7213 3.66118 1.43039 
2.7213 1.22538 1.49717 
2.7213 4.49331 2.70542 
3.44056 1.34048 4.57163 
3.44056 3.66118 2.53417 
3.44056 1.22538 2.36803 
3.44056 4.49331 3.82971 
2.5349 1.34048 1.25564 
2.5349 4.50952 4.61668 
2.5349 4.57187 3.65201 
2.5349 4.33935 3.92887 
2.5349 1.22538 3.64185 
1.34048 4.50952 4.10641 
1.34048 4.57187 3.68828 
1.34048 4.33935 3.66158 
1.34048 3.66118 4.97325 
1.34048 1.22538 2.52973 
4.50952 4.57187 2.53409 
4.50952 4.33935 1.26849 
4.57187 4.33935 1.26766 
3.66118 1.22538 2.52735 
3.66118 4.49331 1.30976 
1.22538 4.49331 3.52375 
1.39542 4.00057 4.57163 
1.39542 1.43039 2.53417 
1.39542 3.85355 2.4675 
1.39542 1.49717 2.36803 
1.39542 2.70542 3.82971 
4.00057 1.43039 4.97325 
4.00057 1.49717 2.52973 
4.04204 1.43039 2.63275 
4.04204 1.49717 4.81216 
4.04204 2.70542 1.35108 
1.43039 3.85355 4.93576 
1.43039 1.49717 2.52735 
1.43039 2.70542 1.30976 
3.85355 1.49717 4.47178 
1.49717 2.70542 3.52375 
3.82713 4.00365 4.67005 
3.82713 2.58574 1.33485 
3.82713 4.48187 4.08931 
3.78028 2.58514 1.23776 
4.00365 2.58574 3.71093 
4.00365 4.61929 1.36981 
4.00365 4.48187 1.29578 
2.58574 4.61929 4.83375 
2.58574 4.48187 3.44112 
4.61929 4.48187 2.56318 
2.54498 1.27718 1.28484 
2.54498 3.86899 1.33485 
2.54498 2.5651 4.98657 
2.54498 1.38305 3.75013 
4.80375 4.65536 1.29769 
4.80375 4.69697 2.54546 
1.27718 3.86899 2.60709 
1.27718 4.65536 4.85496 
1.27718 4.69697 4.76261 
1.27718 2.5651 3.72271 
1.27718 3.81964 4.97856 
1.27718 1.38305 2.47897 
4.65536 4.69697 1.26439 
2.5651 3.81964 1.26216 
2.5651 1.38305 1.28938 
3.81964 1.38305 2.5432 
3.36898 1.56476 2.5685 
3.36898 2.36072 3.6426 
3.36898 1.39775 3.97722 
3.36898 3.30309 4.90012 
3.36898 4.40979 2.39476 
3.36898 4.28619 1.36981 
3.36898 2.27412 1.29578 
1.56476 3.93066 4.20498 
1.56476 2.36072 1.31096 
1.56476 1.39775 2.08801 
1.56476 3.30309 2.59028 
1.56476 4.40979 4.39692 
1.56476 4.28619 3.81617 
1.56476 2.27412 1.31542 
3.93066 2.36072 4.75599 
3.93066 1.39775 2.57276 
3.93066 2.27412 4.52515 
2.36072 1.39775 2.735 
2.36072 3.30309 1.30217 
2.36072 4.28619 4.93921 
2.36072 2.27412 2.49831 
1.39775 3.30309 3.58092 
1.39775 4.28619 4.96256 
1.39775 2.27412 2.79246 
3.30309 2.27412 3.79533 
4.40979 4.28619 1.3532 
4.40979 2.27412 3.24975 
4.28619 2.27412 2.56318 
4.57163 2.53417 4.97325 
4.57163 2.36803 2.52973 
3.74451 2.4675 1.30217 
2.53417 2.4675 4.93576 
2.53417 2.36803 2.52735 
2.53417 3.82971 1.30976 
2.4675 2.36803 4.47178 
2.36803 3.82971 3.52375 
1.28484 1.33485 2.60709 
1.28484 4.00083 4.66289 
1.28484 3.86679 4.41435 
1.28484 4.40292 4.7461 
1.28484 4.98657 3.72271 
1.28484 3.75013 2.47897 
1.28484 4.08931 4.95498 
4.67005 1.33485 3.71093 
4.67005 4.00083 2.5685 
4.67005 3.86679 3.6426 
4.67005 4.89944 3.97722 
4.67005 4.40292 4.90012 
4.67005 4.98657 4.94444 
4.67005 4.08931 1.29578 
1.33485 4.00083 3.70769 
1.33485 3.86679 3.81321 
1.33485 4.40292 4.58365 
1.33485 4.08931 3.44112 
4.00083 3.86679 1.31096 
4.00083 4.89944 2.08801 
4.00083 4.40292 2.59028 
4.00083 4.08931 1.31542 
3.86679 4.89944 2.735 
3.86679 4.40292 1.30217 
3.86679 4.08931 2.49831 
4.89944 4.40292 3.58092 
4.89944 4.08931 2.79246 
4.40292 4.08931 3.79533 
4.98657 3.75013 1.28938 
2.53361 1.25564 3.77529 
2.53361 3.76022 1.29769 
2.53361 4.02587 4.39861 
2.53361 4.91912 2.54546 
2.53361 3.65201 4.75903 
1.25564 3.76022 4.98578 
1.25564 4.02587 4.52552 
1.25564 4.61668 4.10641 
1.25564 3.65201 3.68828 
1.25564 3.92887 3.66158 
1.25564 3.64185 2.52973 
3.76022 4.91912 1.26439 
4.02587 3.65201 2.54702 
4.02587 3.92887 3.79772 
4.61668 3.65201 2.53409 
4.61668 3.92887 1.26849 
3.65201 3.92887 1.26766 
3.77529 1.29769 4.98578 
3.77529 4.39861 4.52552 
3.77529 4.75903 3.68828 
1.29769 2.54546 1.26439 
4.39861 4.75903 2.54702 
2.60709 4.66289 3.70769 
2.60709 4.41435 3.81321 
2.60709 4.7461 4.58365 
2.60709 4.95498 3.44112 
4.85496 4.76261 1.26439 
4.66289 4.76261 4.20498 
4.66289 4.41435 1.31096 
4.66289 4.7461 2.59028 
4.66289 4.95498 1.31542 
4.76261 4.41435 4.75599 
4.76261 4.95498 4.52515 
4.41435 4.7461 1.30217 
4.41435 4.95498 2.49831 
4.7461 4.95498 3.79533 
3.72271 4.97856 1.26216 
3.72271 2.47897 1.28938 
4.97856 2.47897 2.5432 
2.51849 1.23776 3.74526 
2.51849 1.26612 1.27187 
2.51849 3.75137 1.31104 
2.51849 4.7134 2.47202 
1.23776 1.26612 2.503 
1.23776 3.75137 4.94662 
1.26612 3.75137 2.55311 
1.26612 4.7134 3.61834 
3.75137 4.7134 1.27362 
4.9519 4.10641 1.27188 
4.9519 3.68828 3.79739 
4.9519 3.66158 2.53647 
4.52552 3.68828 2.54702 
4.52552 3.66158 3.79772 
4.10641 3.68828 2.53409 
4.10641 3.66158 1.26849 
3.68828 3.66158 1.26766 
4.97325 2.52973 2.52735 
3.71093 2.5685 3.70769 
3.71093 3.6426 3.81321 
3.71093 4.90012 4.58365 
3.71093 1.36981 4.83375 
3.71093 1.29578 3.44112 
2.5685 3.6426 1.31096 
2.5685 3.97722 2.08801 
2.5685 4.90012 2.59028 
2.5685 2.39476 4.39692 
2.5685 1.36981 3.81617 
2.5685 1.29578 1.31542 
4.79164 2.39476 2.49184 
4.79164 4.94444 4.93642 
4.79164 3.53459 1.27362 
4.79164 1.36981 3.78563 
4.79164 3.85463 4.59415 
3.6426 3.97722 2.735 
3.6426 4.90012 1.30217 
3.6426 1.36981 4.93921 
3.6426 1.29578 2.49831 
3.97722 4.90012 3.58092 
3.97722 1.36981 4.96256 
3.97722 1.29578 2.79246 
4.90012 1.29578 3.79533 
2.39476 4.94444 3.98649 
2.39476 3.53459 1.2238 
2.39476 1.36981 1.3532 
2.39476 3.85463 3.22585 
2.39476 1.29578 3.24975 
4.94444 3.53459 4.32012 
4.94444 1.36981 3.74332 
4.94444 3.85463 1.26216 
3.53459 1.36981 2.52298 
3.53459 3.85463 3.75684 
3.53459 1.29578 4.26503 
1.36981 3.85463 2.73763 
1.36981 1.29578 2.56318 
3.70769 3.81321 1.31096 
3.70769 4.58365 2.59028 
3.70769 4.83375 3.81617 
3.70769 3.44112 1.31542 
3.81321 4.58365 1.30217 
3.81321 4.83375 4.93921 
3.81321 3.44112 2.49831 
4.58365 3.44112 3.79533 
4.83375 3.44112 2.56318 
3.62997 4.13277 1.23578 
3.62997 1.27188 4.09749 
3.62997 4.87103 2.60031 
3.62997 2.53647 4.75927 
3.62997 2.51635 4.22507 
3.62997 1.35051 3.78577 
4.13277 1.27188 4.23912 
4.13277 4.87103 1.39792 
4.13277 2.53647 4.57817 
4.13277 1.35051 4.60027 
1.27188 3.79739 2.53409 
1.27188 4.87103 4.6584 
1.27188 2.53647 1.26849 
1.27188 2.51635 3.69981 
1.27188 1.35051 2.60491 
3.79739 4.87103 4.91773 
3.79739 2.53647 1.26766 
4.87103 2.53647 4.64933 
2.53647 2.51635 4.91509 
2.53647 1.35051 3.86585 
2.51635 1.35051 1.26597 
3.78372 1.23578 2.57041 
3.78372 2.60031 1.18452 
1.23578 4.09749 4.23912 
1.23578 2.60031 1.39792 
1.23578 4.75927 4.57817 
1.23578 3.78577 4.60027 
4.09749 2.60031 4.6584 
4.09749 4.75927 1.26849 
4.09749 4.22507 3.69981 
4.09749 3.78577 2.60491 
2.60031 4.75927 4.64933 
4.75927 4.22507 4.91509 
4.75927 3.78577 3.86585 
4.22507 3.78577 1.26597 
2.57041 1.18452 1.39792 
2.57041 1.35108 3.90426 
1.18452 2.63275 3.81717 
1.18452 1.35108 2.52921 
2.63275 4.81216 2.52735 
2.63275 1.35108 1.30976 
4.81216 1.35108 3.52375 
4.23912 1.39792 4.6584 
4.23912 4.57817 1.26849 
4.23912 4.60027 2.60491 
1.39792 4.57817 4.64933 
1.39792 3.90426 2.52921 
4.57817 4.60027 3.86585 
1.26439 3.80996 2.57276 
2.54702 3.79772 1.26766 
2.53409 4.6584 4.91773 
2.53409 1.26849 1.26766 
4.6584 1.26849 4.64933 
1.26849 3.69981 4.91509 
1.26849 2.60491 3.86585 
3.69981 2.60491 1.26597 
3.74526 1.27187 2.503 
3.74526 1.31104 4.94662 
1.27187 1.31104 2.55311 
1.27187 3.66987 4.75566 
1.27187 2.47202 3.61834 
1.31104 3.66987 2.49184 
1.31104 2.47202 1.27362 
1.31104 4.97053 3.78563 
3.66987 2.47202 1.2238 
3.66987 4.97053 1.3532 
2.47202 4.97053 2.52298 
2.503 4.94662 2.55311 
4.20498 1.31096 4.75599 
4.20498 2.08801 2.57276 
4.20498 1.31542 4.52515 
1.31096 2.08801 2.735 
1.31096 2.59028 1.30217 
1.31096 3.81617 4.93921 
1.31096 1.31542 2.49831 
2.08801 2.59028 3.58092 
2.08801 3.81617 4.96256 
2.08801 1.31542 2.79246 
2.59028 1.31542 3.79533 
4.39692 3.81617 1.3532 
4.39692 1.31542 3.24975 
3.81617 1.31542 2.56318 
4.75599 2.57276 2.735 
4.75599 4.52515 2.49831 
2.57276 4.52515 2.79246 
4.91773 1.26766 4.64933 
3.81717 2.52921 1.30976 
2.55311 4.75566 2.49184 
2.55311 3.61834 1.27362 
4.75566 3.61834 1.2238 
2.49184 4.93642 3.98649 
2.49184 1.27362 1.2238 
2.49184 3.78563 1.3532 
2.49184 4.59415 3.22585 
4.93642 1.27362 4.32012 
4.93642 3.78563 3.74332 
4.93642 4.59415 1.26216 
1.27362 3.78563 2.52298 
1.27362 4.59415 3.75684 
3.78563 4.59415 2.73763 
2.735 1.30217 3.58092 
2.735 4.93921 4.96256 
2.735 2.49831 2.79246 
1.30217 2.49831 3.79533 
4.93921 2.49831 2.56318 
3.58092 2.79246 3.79533 
4.96256 2.79246 2.56318 
4.91509 3.86585 1.26597 
4.93576 2.52735 4.47178 
2.52735 1.30976 3.52375 
3.98649 1.2238 4.32012 
3.98649 1.3532 3.74332 
3.98649 3.22585 1.26216 
1.2238 1.3532 2.52298 
1.2238 3.22585 3.75684 
1.2238 3.24975 4.26503 
1.3532 3.22585 2.73763 
1.3532 3.24975 2.56318 
4.32012 3.74332 2.52298 
4.32012 1.26216 3.75684 
3.74332 1.26216 2.73763 
3.74332 1.28938 4.94698 
1.26216 1.28938 2.5432 
2.52298 3.75684 2.73763 
2.52298 4.26503 2.56318 
2.73763 4.94698 2.5432 
