1.28543 1.31344 1.93395 
1.28543 2.49082 1.3193 
1.28543 2.53305 2.62499 
1.28543 2.48217 1.88657 
1.31344 2.49082 2.58321 
1.31344 2.53305 1.32876 
1.31344 2.48217 1.89121 
2.49082 2.53305 2.60072 
2.49082 2.48217 1.33937 
2.53305 2.48217 1.38676 
4.458 2.57041 2.69342 
4.458 1.18042 3.60031 
4.458 3.56229 3.62887 
4.458 3.41652 1.28797 
4.458 4.65455 4.55619 
2.57041 1.18042 1.424 
2.57041 3.56229 1.42389 
2.57041 1.43088 3.91384 
2.57041 3.41652 1.44557 
2.57041 4.65455 2.64405 
4.86741 4.00485 1.47682 
4.86741 2.63374 2.42912 
4.86741 4.72306 1.44346 
4.86741 1.43088 3.46119 
4.86741 4.88485 2.43896 
1.18042 2.63374 3.80865 
1.18042 3.56229 2.47557 
1.18042 1.43088 2.58646 
1.18042 3.41652 2.45839 
1.18042 4.65455 3.63903 
4.00485 2.63374 1.3716 
4.00485 4.72306 2.52622 
4.00485 1.43088 2.60761 
4.00485 4.88485 1.45265 
2.63374 4.72306 2.86056 
2.63374 1.43088 1.24465 
2.63374 4.88485 2.45274 
4.72306 1.43088 3.4925 
4.72306 4.88485 3.5741 
3.56229 1.43088 4.93275 
3.56229 3.41652 2.49818 
3.56229 4.65455 1.23076 
1.43088 3.41652 4.53936 
1.43088 4.88485 3.63865 
3.41652 4.65455 3.54672 
1.2685 2.54911 3.79887 
1.2685 1.34752 2.61332 
1.2685 2.5235 1.33059 
1.2685 3.59462 2.5048 
1.2685 4.69894 3.7491 
2.54911 1.34752 1.27054 
2.54911 3.83052 1.30429 
1.34752 2.5235 3.8346 
1.34752 3.59462 4.8341 
1.34752 3.83052 2.55445 
2.5235 3.59462 1.21554 
2.5235 4.69894 2.54209 
3.59462 4.69894 1.36392 
2.59438 3.82894 1.27054 
2.59438 1.29332 1.30429 
2.59438 1.28385 3.65579 
2.59438 2.54887 4.82002 
4.16146 1.29332 4.73453 
4.16146 1.28385 4.8037 
3.82894 1.29332 2.55445 
3.82894 1.28385 4.92033 
1.29332 3.83732 4.87089 
1.29332 1.28385 2.39654 
1.29332 2.54887 3.61176 
3.83732 1.28385 2.55715 
3.83732 2.54887 1.29016 
1.28385 2.54887 1.26727 
4.50652 3.46889 1.21232 
4.50652 2.61095 2.57309 
4.50652 3.57333 3.53319 
4.50652 3.70238 4.76023 
4.50652 1.24702 3.5422 
4.50652 4.4552 3.83394 
3.46889 2.61095 1.36861 
3.46889 3.57333 2.49314 
3.46889 1.29459 4.64375 
3.46889 3.70238 3.64653 
3.46889 1.24702 2.40559 
3.46889 4.09995 4.71376 
3.46889 4.4552 3.07079 
2.61095 2.53927 4.91392 
2.61095 3.57333 1.47682 
2.61095 1.29459 3.83382 
2.61095 3.70238 2.42912 
2.61095 1.24702 1.44346 
2.61095 4.09995 3.46119 
2.61095 4.4552 2.43896 
3.81057 2.53927 1.29172 
3.81057 1.29459 2.5491 
2.53927 1.29459 1.29646 
2.53927 1.24702 3.73558 
3.57333 1.29459 4.69536 
3.57333 3.70238 1.3716 
3.57333 1.24702 2.52622 
3.57333 4.09995 2.60761 
3.57333 4.4552 1.45265 
1.29459 3.70238 4.71426 
1.29459 1.24702 2.53424 
1.29459 4.09995 4.95704 
3.70238 1.24702 2.86056 
3.70238 4.09995 1.24465 
3.70238 4.4552 2.45274 
1.24702 4.09995 3.4925 
1.24702 4.4552 3.5741 
4.09995 4.4552 3.63865 
1.93395 1.3193 2.58321 
1.93395 2.62499 1.32876 
1.93395 1.88657 1.89121 
1.3193 2.62499 2.60072 
1.3193 1.88657 1.33937 
2.62499 1.88657 1.38676 
3.79887 2.61332 1.27054 
2.61332 1.33059 3.8346 
2.61332 2.5048 4.8341 
1.33059 4.93821 3.7677 
1.33059 2.5048 1.21554 
1.33059 3.7491 2.54209 
4.93821 2.5048 2.59272 
4.93821 3.7491 1.23756 
2.5048 3.7491 1.36392 
4.93936 1.32876 3.93772 
4.93936 4.99079 1.26881 
4.93936 1.89121 4.48339 
2.58321 1.32876 2.60072 
2.58321 4.99079 4.97253 
2.58321 1.89121 1.33937 
1.32876 4.9855 4.96862 
1.32876 4.63569 4.37574 
1.32876 4.55199 4.58135 
1.32876 4.99079 3.79853 
1.32876 1.89121 1.38676 
1.32876 4.84799 4.72779 
4.9855 4.63569 2.69342 
4.9855 4.55199 3.60031 
4.9855 4.84799 1.28797 
4.63569 4.55199 1.424 
4.63569 4.84799 1.44557 
4.55199 4.84799 2.45839 
4.99079 1.89121 4.12296 
1.27054 1.30429 2.55445 
1.27054 3.65579 4.92033 
1.30429 3.65579 2.39654 
1.30429 4.82002 3.61176 
3.65579 4.82002 1.26727 
2.59046 4.87684 4.61421 
2.59046 2.51508 2.39923 
2.59046 3.5559 3.48147 
2.59046 1.46449 1.41193 
2.59046 1.16687 3.70294 
2.59046 3.73392 1.21188 
4.87684 2.51508 2.54165 
4.87684 3.5559 1.38192 
4.87684 1.46449 3.97241 
4.87684 3.73392 4.94796 
2.51508 2.4938 4.70156 
2.51508 3.5559 1.20062 
2.51508 1.46449 1.46884 
2.51508 1.16687 3.51602 
2.51508 3.73392 3.18938 
2.4938 1.46449 3.92454 
2.4938 1.16687 1.33124 
2.4938 3.79625 1.34376 
3.5559 1.46449 2.65986 
3.5559 1.16687 4.43314 
3.5559 3.73392 4.06159 
1.46449 1.16687 2.61684 
1.46449 3.73392 2.53733 
1.16687 3.79625 2.6439 
1.16687 3.73392 4.84381 
2.50923 1.29872 1.32837 
2.50923 4.88532 2.59372 
2.50923 1.26881 3.75492 
2.50923 3.63358 1.26276 
4.50349 1.29872 4.92579 
4.50349 2.6307 4.67112 
4.50349 4.32963 1.24249 
4.50349 4.92897 1.26588 
4.50349 3.90123 4.67705 
4.50349 1.26881 4.29517 
3.93772 1.29872 4.67665 
3.93772 2.6307 3.85496 
3.93772 3.90123 4.87705 
3.93772 1.26881 3.79853 
3.93772 4.48339 1.38676 
1.29872 2.6307 3.91936 
1.29872 4.32963 4.57962 
1.29872 4.88532 3.88524 
1.29872 1.26881 2.5488 
1.29872 3.63358 2.56571 
2.6307 4.32963 4.80015 
2.6307 3.90123 1.38093 
2.6307 1.26881 1.37478 
2.6307 4.48339 3.8881 
4.32963 4.92897 2.42486 
4.32963 3.90123 4.96461 
4.32963 1.26881 4.25344 
4.92897 1.26881 4.78243 
3.90123 1.26881 2.64419 
3.90123 4.48339 4.61825 
4.88532 3.63358 1.33574 
1.26881 4.48339 4.12296 
1.26881 3.63358 4.83597 
2.60072 4.73706 3.85496 
2.60072 4.97253 3.79853 
2.60072 1.33937 1.38676 
4.73706 4.97253 1.37478 
4.73706 1.33937 3.8881 
4.97253 1.33937 4.12296 
4.73453 4.8037 2.39654 
1.21232 2.57309 1.36861 
1.21232 4.32051 3.83962 
1.21232 3.53319 2.49314 
1.21232 4.75229 4.93125 
1.21232 4.76023 3.64653 
1.21232 3.5422 2.40559 
1.21232 4.52645 4.48803 
1.21232 1.32112 2.5288 
1.21232 4.59277 4.70085 
1.21232 2.61725 3.81843 
1.21232 3.83394 3.07079 
2.57309 4.32051 3.50773 
2.57309 3.53319 1.47682 
2.57309 4.76023 2.42912 
2.57309 3.5422 1.44346 
2.57309 4.52645 4.63632 
2.57309 1.32112 3.89321 
2.57309 3.83394 2.43896 
4.32051 3.53319 2.63394 
4.32051 4.75229 4.61421 
4.32051 4.76023 3.57613 
4.32051 3.5422 4.6934 
4.32051 4.52645 2.39923 
4.32051 4.59277 3.48147 
4.32051 3.83394 1.21188 
3.90447 1.32112 2.60985 
3.90447 2.61725 1.31411 
3.53319 4.76023 1.3716 
3.53319 3.5422 2.52622 
3.53319 4.52645 4.44643 
3.53319 1.32112 4.80299 
3.53319 3.83394 1.45265 
4.75229 4.52645 2.54165 
4.75229 1.32112 4.9624 
4.75229 4.59277 1.38192 
4.75229 3.83394 4.94796 
4.76023 3.5422 2.86056 
4.76023 3.83394 2.45274 
3.5422 1.32112 4.78566 
3.5422 3.83394 3.5741 
4.52645 4.59277 1.20062 
4.52645 3.83394 3.18938 
1.32112 4.59277 4.92585 
1.32112 2.61725 1.30482 
1.32112 3.83394 4.95633 
4.59277 3.83394 4.06159 
3.8346 4.8341 1.21554 
2.55445 4.92033 2.39654 
1.32837 2.59372 3.88524 
1.32837 3.75492 2.5488 
1.32837 1.26276 2.56571 
2.59372 1.26276 1.33574 
2.59372 3.77672 1.22268 
3.75492 1.26276 4.83597 
1.26276 3.77672 2.53562 
3.71341 1.24249 2.57686 
3.71341 1.26588 4.72166 
3.71341 2.47101 1.29431 
3.71341 4.9801 1.28797 
4.92579 4.67112 3.91936 
4.92579 1.24249 4.57962 
4.92579 4.29517 2.5488 
4.67112 1.24249 4.80015 
4.67112 4.67705 1.38093 
4.67112 4.29517 1.37478 
1.24249 1.26588 2.42486 
1.24249 4.67705 4.96461 
1.24249 2.47101 1.30146 
1.24249 4.29517 4.25344 
1.24249 2.5428 3.63287 
1.24249 3.8141 4.91781 
1.24249 4.9801 3.83756 
1.26588 2.47101 3.57359 
1.26588 4.29517 4.78243 
1.26588 2.5428 1.29172 
1.26588 3.8141 2.5491 
4.67705 4.29517 2.64419 
2.47101 2.5428 4.67989 
2.47101 4.9801 2.56942 
2.5428 3.8141 1.29646 
1.36861 3.83962 3.50773 
1.36861 2.49314 1.47682 
1.36861 4.64375 3.83382 
1.36861 3.64653 2.42912 
1.36861 2.40559 1.44346 
1.36861 4.71376 3.46119 
1.36861 4.48803 4.63632 
1.36861 2.5288 3.89321 
1.36861 4.75461 4.62538 
1.36861 3.07079 2.43896 
3.83962 2.49314 2.63394 
3.83962 4.93125 4.61421 
3.83962 3.64653 3.57613 
3.83962 2.40559 4.6934 
3.83962 4.71376 4.70614 
3.83962 4.48803 2.39923 
3.83962 4.70085 3.48147 
3.83962 4.75461 1.41193 
3.83962 3.07079 1.21188 
2.49314 4.64375 4.69536 
2.49314 3.64653 1.3716 
2.49314 2.40559 2.52622 
2.49314 4.71376 2.60761 
2.49314 4.48803 4.44643 
2.49314 2.5288 4.80299 
2.49314 4.75461 3.97204 
2.49314 3.07079 1.45265 
4.64375 3.64653 4.71426 
4.64375 2.40559 2.53424 
4.64375 4.71376 4.95704 
4.93125 4.48803 2.54165 
4.93125 2.5288 4.9624 
4.93125 4.70085 1.38192 
4.93125 4.75461 3.97241 
4.93125 3.07079 4.94796 
3.64653 2.40559 2.86056 
3.64653 4.71376 1.24465 
3.64653 4.75461 4.93183 
3.64653 3.07079 2.45274 
2.40559 4.71376 3.4925 
2.40559 2.5288 4.78566 
2.40559 3.07079 3.5741 
4.71376 3.07079 3.63865 
4.48803 4.70085 1.20062 
4.48803 4.75461 1.46884 
4.48803 3.07079 3.18938 
2.5288 4.70085 4.92585 
2.5288 3.81843 1.30482 
2.5288 3.07079 4.95633 
4.70085 4.75461 2.65986 
4.70085 3.07079 4.06159 
4.75461 3.07079 2.53733 
4.96862 4.37574 2.69342 
4.96862 4.58135 3.60031 
4.96862 4.63113 3.62887 
4.96862 4.72779 1.28797 
4.37574 4.58135 1.424 
4.37574 4.63113 1.42389 
4.37574 4.72779 1.44557 
4.67665 3.85496 3.91936 
4.67665 3.79853 2.5488 
4.58135 4.63113 2.47557 
4.58135 4.72779 2.45839 
3.85496 4.87705 1.38093 
3.85496 3.79853 1.37478 
3.85496 1.38676 3.8881 
4.87705 3.79853 2.64419 
4.87705 1.38676 4.61825 
3.79853 1.38676 4.12296 
4.63113 4.72779 2.49818 
2.69342 3.60031 1.424 
2.69342 1.29431 3.98209 
2.69342 3.62887 1.42389 
2.69342 1.28797 1.44557 
2.69342 4.55619 2.64405 
3.60031 1.29431 4.79182 
3.60031 3.62887 2.47557 
3.60031 1.28797 2.45839 
3.60031 4.55619 3.63903 
2.57686 4.72166 2.42486 
2.57686 1.29431 1.30146 
2.57686 1.28797 3.83756 
4.72166 1.29431 3.57359 
1.29431 3.62887 4.89643 
1.29431 1.28797 2.56942 
3.62887 1.28797 2.49818 
3.62887 4.55619 1.23076 
1.28797 4.55619 3.54672 
1.424 3.98209 4.79182 
1.424 3.97202 4.98184 
1.424 1.42389 2.47557 
1.424 3.91384 2.58646 
1.424 1.44557 2.45839 
1.424 2.64405 3.63903 
3.98209 1.42389 4.89643 
3.98209 1.44557 2.56942 
3.97202 1.42389 2.56891 
3.97202 1.44557 4.74151 
3.97202 2.64405 1.3818 
1.42389 3.91384 4.93275 
1.42389 1.44557 2.49818 
1.42389 2.64405 1.23076 
3.91384 1.44557 4.53936 
1.44557 2.64405 3.54672 
3.91936 4.57962 4.80015 
3.91936 2.5488 1.37478 
4.57962 2.5488 4.25344 
3.88524 2.56571 1.33574 
2.5488 2.56571 4.83597 
2.56868 1.23067 1.38093 
2.56868 3.86025 1.37478 
2.56868 2.61304 4.96182 
2.56868 1.34428 3.85616 
1.23067 3.86025 2.64419 
1.23067 4.03163 4.88459 
1.23067 4.21527 4.94543 
1.23067 4.43459 4.95836 
1.23067 2.61304 3.77791 
1.23067 1.34428 2.56324 
4.03163 4.21527 1.2566 
4.03163 4.99649 3.77315 
4.03163 4.43459 2.51563 
4.03163 2.61304 3.86257 
4.03163 3.89198 4.76098 
4.03163 4.52547 1.31411 
4.03163 1.34428 3.59731 
4.21527 4.99649 2.55715 
4.21527 4.43459 1.29016 
4.21527 2.61304 4.07932 
4.21527 3.89198 4.94305 
4.21527 4.52547 2.5411 
4.21527 1.34428 3.90722 
4.99649 4.43459 1.26727 
4.43459 2.61304 4.51464 
4.43459 4.52547 3.79407 
4.43459 1.34428 4.34053 
2.61304 3.89198 1.33124 
2.61304 4.52547 4.42052 
2.61304 1.34428 1.34376 
3.89198 1.34428 2.6439 
4.52547 1.34428 4.06815 
3.50773 1.47682 2.63394 
3.50773 2.42912 3.57613 
3.50773 1.44346 4.6934 
3.50773 3.46119 4.70614 
3.50773 4.63632 2.39923 
3.50773 4.62538 1.41193 
3.50773 2.43896 1.21188 
4.91392 3.83382 1.29646 
4.91392 1.44346 3.73558 
1.47682 3.83382 4.69536 
1.47682 2.42912 1.3716 
1.47682 1.44346 2.52622 
1.47682 3.46119 2.60761 
1.47682 4.63632 4.44643 
1.47682 3.89321 4.80299 
1.47682 4.62538 3.97204 
1.47682 2.43896 1.45265 
3.83382 2.42912 4.71426 
3.83382 1.44346 2.53424 
3.83382 3.46119 4.95704 
2.42912 1.44346 2.86056 
2.42912 3.46119 1.24465 
2.42912 4.62538 4.93183 
2.42912 2.43896 2.45274 
1.44346 3.46119 3.4925 
1.44346 3.89321 4.78566 
1.44346 2.43896 3.5741 
3.46119 2.43896 3.63865 
4.63632 4.62538 1.46884 
4.63632 2.43896 3.18938 
3.89321 2.43896 4.95633 
4.62538 2.43896 2.53733 
4.79182 2.47557 4.89643 
4.79182 2.45839 2.56942 
4.98184 2.47557 2.56891 
4.98184 2.45839 4.74151 
4.98184 3.63903 1.3818 
3.80865 2.58646 1.24465 
2.47557 2.58646 4.93275 
2.47557 2.45839 2.49818 
2.47557 3.63903 1.23076 
2.58646 2.45839 4.53936 
2.45839 3.63903 3.54672 
4.80015 1.38093 4.96461 
4.80015 1.37478 4.25344 
1.38093 1.37478 2.64419 
1.38093 3.8881 4.61825 
1.38093 4.96182 3.77791 
1.38093 3.85616 2.56324 
1.37478 3.8881 4.12296 
4.96182 3.85616 1.34376 
2.42486 1.30146 3.57359 
2.42486 4.25344 4.78243 
2.42486 3.63287 1.29172 
2.42486 4.91781 2.5491 
4.96461 4.25344 2.64419 
1.30146 3.63287 4.67989 
1.30146 3.83756 2.56942 
3.63287 4.91781 1.29646 
3.57359 1.29172 4.67989 
1.29172 2.5491 1.29646 
2.64419 4.61825 4.12296 
4.88459 4.94543 1.2566 
4.88459 4.95836 2.51563 
4.88459 3.77791 3.86257 
4.88459 2.56324 3.59731 
4.94543 4.95836 1.29016 
4.94543 3.77791 4.07932 
4.94543 2.56324 3.90722 
4.95836 3.77791 4.51464 
4.95836 2.56324 4.34053 
3.77791 2.56324 1.34376 
2.55777 1.33574 3.84399 
2.55777 1.22268 1.34197 
2.55777 3.75264 1.30193 
1.33574 1.22268 2.53562 
1.33574 3.75264 4.98663 
1.22268 3.75264 2.58003 
4.89643 2.56942 2.49818 
2.63394 3.57613 1.3716 
2.63394 4.6934 2.52622 
2.63394 4.70614 2.60761 
2.63394 2.39923 4.44643 
2.63394 1.41193 3.97204 
2.63394 1.21188 1.45265 
4.61421 2.39923 2.54165 
4.61421 3.48147 1.38192 
4.61421 1.41193 3.97241 
4.61421 1.21188 4.94796 
3.57613 4.6934 2.86056 
3.57613 4.70614 1.24465 
3.57613 1.41193 4.93183 
3.57613 1.21188 2.45274 
4.6934 4.70614 3.4925 
4.6934 1.21188 3.5741 
4.70614 1.21188 3.63865 
2.39923 3.48147 1.20062 
2.39923 1.41193 1.46884 
2.39923 3.70294 3.51602 
2.39923 1.21188 3.18938 
3.48147 1.41193 2.65986 
3.48147 3.70294 4.43314 
3.48147 1.21188 4.06159 
1.41193 3.70294 2.61684 
1.41193 1.21188 2.53733 
3.70294 1.21188 4.84381 
4.73485 4.65457 1.21554 
4.73485 1.2566 4.95618 
4.73485 1.31411 4.82938 
4.65457 1.2566 4.55961 
1.2566 3.77315 2.55715 
1.2566 2.51563 1.29016 
1.2566 3.86257 4.07932 
1.2566 2.60985 3.81779 
1.2566 4.76098 4.94305 
1.2566 1.31411 2.5411 
1.2566 3.59731 3.90722 
3.77315 2.51563 1.26727 
2.51563 3.86257 4.51464 
2.51563 1.31411 3.79407 
2.51563 3.59731 4.34053 
3.86257 4.76098 1.33124 
3.86257 1.31411 4.42052 
3.86257 3.59731 1.34376 
2.60985 1.31411 1.30482 
2.60985 3.59731 4.94598 
4.76098 3.59731 2.6439 
1.31411 3.59731 4.06815 
3.7677 1.21554 2.59272 
3.7677 4.95618 4.98252 
3.7677 2.54209 1.23756 
1.21554 4.95618 4.55961 
1.21554 2.54209 1.36392 
4.95618 2.54209 4.7121 
4.95618 4.82938 2.5411 
2.59272 4.98252 4.55961 
2.59272 1.23756 1.36392 
2.59272 1.3818 3.96692 
4.98252 1.23756 4.7121 
4.98252 4.93201 1.29016 
1.23756 4.93201 4.97652 
1.23756 2.56891 3.80165 
1.23756 1.3818 2.61743 
2.56891 4.74151 2.49818 
2.56891 1.3818 1.23076 
4.74151 1.3818 3.54672 
4.55961 1.36392 4.7121 
1.36392 3.96692 2.61743 
1.29646 3.73558 2.53424 
4.87089 2.39654 2.55715 
4.87089 3.61176 1.29016 
2.39654 3.61176 1.26727 
2.55715 1.29016 1.26727 
4.7121 1.29016 4.97652 
1.29016 4.07932 4.51464 
1.29016 2.5411 3.79407 
1.29016 3.90722 4.34053 
4.07932 4.94305 1.33124 
4.07932 2.5411 4.42052 
4.07932 3.90722 1.34376 
3.81779 2.5411 1.30482 
3.81779 3.90722 4.94598 
4.94305 3.90722 2.6439 
2.5411 3.90722 4.06815 
3.84399 1.34197 2.53562 
3.84399 1.30193 4.98663 
1.34197 1.30193 2.58003 
1.34197 2.67131 3.9577 
1.30193 3.81487 2.54165 
1.30193 2.67131 1.38192 
3.81487 2.67131 1.20062 
2.53562 4.98663 2.58003 
4.69536 1.3716 4.71426 
4.69536 2.52622 2.53424 
4.69536 2.60761 4.95704 
1.3716 2.52622 2.86056 
1.3716 2.60761 1.24465 
1.3716 3.97204 4.93183 
1.3716 1.45265 2.45274 
2.52622 2.60761 3.4925 
2.52622 4.80299 4.78566 
2.52622 1.45265 3.5741 
2.60761 1.45265 3.63865 
4.44643 3.97204 1.46884 
4.44643 1.45265 3.18938 
4.80299 1.45265 4.95633 
3.97204 1.45265 2.53733 
4.71426 2.53424 2.86056 
4.71426 4.95704 1.24465 
2.53424 4.95704 3.4925 
3.80165 2.61743 1.23076 
2.58003 3.9577 1.38192 
2.54165 1.38192 1.20062 
2.54165 3.97241 1.46884 
2.54165 4.94796 3.18938 
4.9624 1.38192 4.92585 
4.9624 4.94796 4.95633 
1.38192 3.97241 2.65986 
1.38192 4.94796 4.06159 
3.97241 4.94796 2.53733 
2.86056 1.24465 3.4925 
2.86056 2.45274 3.5741 
1.24465 2.45274 3.63865 
4.93183 2.45274 2.53733 
3.4925 3.5741 3.63865 
4.78566 3.5741 4.95633 
4.51464 3.79407 4.42052 
4.51464 4.34053 1.34376 
3.79407 4.34053 4.06815 
4.93275 2.49818 4.53936 
2.49818 1.23076 3.54672 
4.70156 1.46884 3.92454 
4.70156 3.51602 1.33124 
1.20062 1.46884 2.65986 
1.20062 3.51602 4.43314 
1.20062 3.18938 4.06159 
1.46884 3.51602 2.61684 
1.46884 3.18938 2.53733 
3.51602 3.18938 4.84381 
3.92454 1.33124 2.61684 
1.33124 1.34376 2.6439 
4.42052 1.34376 4.06815 
4.92585 4.95633 4.06159 
1.30482 4.94598 4.06815 
2.65986 4.43314 2.61684 
2.65986 4.06159 2.53733 
4.43314 4.06159 4.84381 
2.61684 2.53733 4.84381 
