4.60304
2.61593
2.95074
2.41825
3.05717
2.54111
2.94159
3.41098
4.34468
3.43701
4.37273
4.8316
3.60399
4.41748
4.98731
4.54001
3.47262
3.73277
2.46854
3.80151
4.07451
1.54225
2.46954
3.72485
4.8833
4.50629
4.30199
4.96971
4.28456
4.56649
4.55792
3.50953
3.87073
4.30032
1.67044
2.40008
3.88073
2.55187
3.74214
4.91253
4.60682
4.24886
4.95493
4.52472
4.33284
4.96942
2.89353
4.25585
2.84476
4.28602
2.95842
2.50167
4.5391
4.27796
4.58701
3.60451
3.83917
2.56399
3.89385
2.45424
3.90835
4.42412
1.58101
4.91668
4.29097
4.59987
4.27671
4.64196
4.90526
2.74787
2.5009
4.54228
4.23376
2.8632
4.3358
2.87294
4.22837
2.9648
4.33711
2.9483
2.55054
4.64227
4.4293
2.92465
4.32544
4.51384
4.58917
4.56248
1.56671
4.24126
3.80323
4.25696
3.91061
4.31295
3.75736
2.92381
2.31465
2.93434
2.59105
2.85299
2.4106
3.8561
3.78102
2.46502
3.86967
2.50841
1.50621
3.8372
1.50594
3.91592
2.51762
3.72548
2.50305
2.93957
2.94543
4.63133
2.55407
2.97005
3.84933
3.81021
2.54162
1.47904
3.86414
2.51936
3.02035
4.58943
2.3995
2.93519
2.9143
2.94375
2.97108
2.96862
4.56057
2.42683
1.50831
3.81951
3.85024
3.7666
3.52673
4.30773
4.27063
4.2641
4.32808
3.64851
4.67269
4.25963
4.33099
4.58319
4.61178
4.34497
4.56665
4.33859
3.48231
4.32938
4.36502
3.61705
4.56893
4.23562
4.33661
4.505
4.25757
4.29434
4.22418
4.54691
4.56859
4.37988
4.96281
4.98138
3.46847
4.39759
3.60398
4.51637
4.36201
4.23886
4.52946
4.22967
4.34283
4.66123
4.34516
4.21322
4.43776
4.26869
4.93593
4.93014
4.85118
4.98965
2.85582
2.50532
1.68427
2.50746
1.45818
2.39998
3.3841
3.70892
4.27659
2.85563
2.45491
4.34492
3.58755
4.64004
4.63652
4.28869
4.94909
2.49196
3.39648
3.94357
2.53647
4.32885
2.86747
2.37179
4.82433
4.3798
4.17785
4.20804
4.35053
4.28324
4.44152
3.90827
3.54377
2.95369
4.36141
4.57103
3.80356
4.32839
4.53544
4.53453
4.2878
1.46425
3.48491
1.4604
2.4721
2.88591
2.53649
2.79524
4.20275
4.85192
2.87045
4.3008
3.72243
2.32494
4.22091
4.92817
2.74144
2.38498
4.29189
3.72836
4.10762
3.74338
4.25685
4.22342
4.44139
2.92276
4.59213
3.94803
4.41001
4.57366
4.34009
4.46204
3.88244
3.65468
4.41046
4.69996
3.06952
4.99576
4.9743
4.30575
3.84115
4.55015
4.50601
2.95921
4.9821
4.65734
4.42149
3.83777
4.25818
4.49681
3.95323
1.54059
2.45315
1.4403
2.35029
3.73841
4.99367
3.37624
4.49973
4.16409
2.7899
1.68408
1.47627
3.02625
2.44145
2.83501
2.4535
2.78641
4.47724
4.24681
3.8106
3.74039
4.9861
3.50777
2.749
4.42782
4.12841
4.43508
4.70907
4.97848
2.90294
4.52653
3.79934
4.13773
3.66746
2.58203
3.86888
3.7195
4.61887
2.54896
3.04301
4.35443
4.27057
3.91544
4.78885
3.08007
2.67045
4.13072
4.36864
4.33098
4.64177
4.26441
3.60575
4.68129
4.21639
4.55802
3.44736
4.46947
4.51956
4.90008
4.98356
4.94684
4.72327
4.37391
4.34431
2.54018
3.81615
3.66381
3.12771
4.39465
4.67571
2.54636
4.69705
2.95254
3.96463
4.35673
2.56601
4.92126
3.85487
4.25078
4.58477
4.27588
2.62222
4.78554
4.42268
4.48124
3.97792
4.39789
4.56081
4.24258
4.99008
4.23169
4.99419
4.50984
4.44072
3.04236
2.43469
1.54941
2.44259
4.2292
2.8665
3.52269
3.85567
2.53958
2.48058
2.57811
3.63251
3.86868
4.21796
3.00433
2.41854
4.33695
4.64959
4.40137
4.28469
4.69446
3.53056
4.57036
4.32831
4.98148
4.3725
4.29785
4.57764
4.67901
4.342
1.5715
2.43637
2.97791
3.46961
1.41537
2.39164
2.89769
4.28606
4.28483
3.85167
2.91562
2.55722
4.36925
2.57084
4.92718
3.01125
4.46094
3.80521
4.28672
4.17997
3.92262
4.30415
4.65951
3.82817
2.84026
3.42575
4.26733
4.39512
3.85489
4.96441
4.1748
4.88761
4.66498
2.95717
3.76265
4.59284
4.31555
4.49423
4.31201
4.52495
3.87563
4.27202
4.59785
3.56124
2.90755
4.27865
4.99491
3.82888
4.96733
4.61038
2.83158
4.38564
4.9425
4.54302
3.84691
4.29595
4.64461
4.5094
4.96642
3.84828
1.50247
2.55586
3.93195
4.63321
4.37812
3.63062
3.04078
3.87736
3.0261
3.57718
4.47492
4.42313
4.66783
1.39078
2.77999
2.54062
1.61062
2.78018
2.46324
2.94856
4.21315
4.60142
3.74566
2.85448
3.8886
4.63641
4.27305
3.91816
4.28281
3.29668
4.95029
4.85865
4.39919
4.51749
4.70341
4.46764
3.64922
4.69163
2.61616
4.61963
2.51887
3.88246
3.49044
2.92899
4.32119
4.45213
3.84858
4.46893
2.28841
2.86753
3.75742
4.2929
4.32305
4.57826
4.21125
4.92887
4.45202
2.4051
2.90406
4.35431
3.87762
3.50046
4.47712
2.57
3.74671
4.84841
4.31607
4.51047
3.67539
4.09749
2.76451
2.32512
4.393
4.16652
4.23134
4.73393
4.30027
4.93527
2.40804
4.28122
4.60674
4.87945
4.23801
4.21651
3.66591
4.17175
4.19988
4.42634
2.79773
4.20213
4.44308
4.50832
3.45101
2.46792
2.47239
4.30904
2.9147
3.3999
3.77285
4.16662
4.96501
2.50073
4.2155
3.03246
2.47059
3.47597
3.75794
4.23942
4.83737
2.50696
4.38397
4.31677
4.98858
4.48278
4.25684
4.45673
3.8324
4.3045
4.62985
2.9478
3.57848
4.98936
4.33494
3.85818
4.56581
3.82693
2.90209
4.21396
4.53326
3.525
4.83113
3.70956
4.23257
4.5669
4.68145
4.74846
4.43674
1.56305
2.52704
3.05314
2.60656
3.06138
3.60831
1.61605
4.33814
2.48905
4.33974
3.84414
4.94391
2.94607
4.46019
4.34504
3.82243
2.54288
4.95662
2.95671
4.39549
4.30472
4.33557
3.8286
4.64207
2.89922
4.42506
3.86004
4.6355
4.29817
4.5109
4.4899
2.91614
3.87886
4.36845
4.51297
4.648
4.28723
3.93954
1.58848
2.83972
2.38724
2.96523
2.4509
1.49736
3.81028
2.91287
4.66879
4.27119
3.56986
2.92005
3.81256
4.32322
4.61213
3.73646
4.39128
4.30169
2.82691
3.42634
2.86624
4.11348
3.74397
4.4532
4.51694
4.83604
3.72612
2.61709
2.96922
4.42519
4.62985
2.46506
3.81118
3.60458
4.6984
3.9849
4.39988
2.57606
3.01811
3.94399
4.39154
4.98268
4.50169
4.42215
2.45254
4.53371
2.38723
2.94163
4.25279
3.81517
3.41765
4.52045
2.55008
3.90586
4.22835
2.80734
4.06921
3.71089
4.86358
4.27923
4.61575
2.62215
4.35098
4.44095
4.67509
4.41663
4.38924
3.96984
4.25991
3.49702
4.54398
4.2716
4.56486
4.6077
4.56811
3.54364
4.90729
4.91429
4.88321
4.88046
4.41323
4.23588
4.29384
4.24164
4.9392
4.43522
4.38718
2.49167
2.87505
2.55981
2.97896
2.55773
4.92258
4.36493
4.68908
3.56204
4.36428
4.8877
4.31105
4.57949
3.53411
4.32895
4.96993
4.62959
4.94655
2.95403
2.35988
4.58158
4.28312
2.74346
4.15034
2.88729
3.56639
2.62411
3.90091
4.45443
1.58244
2.49054
4.36441
4.96423
4.28013
4.73126
4.43722
4.86631
2.84864
4.16902
2.72134
2.40906
4.4678
4.21385
2.7105
3.36286
4.25933
1.59204
2.5277
3.76942
2.35896
4.98832
4.18992
4.77786
4.62074
4.44819
4.62076
4.42059
1.49245
4.24617
3.70974
4.30729
3.81307
4.24772
3.77411
4.88883
4.22286
2.96832
4.27139
2.90033
2.50748
4.65401
2.87367
3.52895
4.43851
4.53163
3.99413
3.87181
4.97856
4.64873
4.45498
3.84309
3.9398
4.59414
4.33245
3.03386
4.50859
4.49127
4.30349
2.77658
2.46164
1.48865
2.41107
4.93101
4.33316
3.45741
4.57551
4.88353
4.24673
3.83615
2.53198
3.54053
3.74052
2.42382
4.33824
4.22374
4.89989
4.5628
4.58775
4.84609
3.68446
2.87601
4.18244
4.87929
4.48064
2.89098
4.95045
4.38367
4.31444
3.76017
4.22792
3.46943
1.48439
2.4994
2.82217
2.44585
4.24162
4.51089
4.22551
4.89426
3.03149
2.67934
4.29906
3.80034
4.95524
4.67796
3.81667
4.3423
2.91296
1.50751
2.50209
3.50687
3.88998
4.2708
2.84372
2.50859
4.5903
4.52148
4.24052
4.99563
2.85264
2.52579
4.99114
4.55401
4.19778
4.25113
4.19243
3.89987
4.53929
4.96384
3.81991
4.38209
4.69759
1.57531
3.06902
4.43865
4.59171
4.9793
2.95854
4.31768
3.90209
2.60544
3.86087
4.3512
3.84352
4.39612
4.27015
4.59688
3.05022
4.57753
4.29526
1.52301
2.44606
1.47943
4.55738
2.93953
4.01597
4.34414
2.6437
1.68343
1.60182
3.13774
2.60326
3.08934
3.75201
4.29036
3.8655
3.50479
2.96362
4.59955
4.67775
4.30443
2.88065
4.57763
3.95078
2.59081
4.40388
4.96772
4.11314
4.23897
3.83696
3.50981
4.6101
2.43982
2.83465
3.86566
4.37549
4.30606
4.54051
2.85973
2.64288
3.91132
4.36004
3.72423
4.25184
4.76818
4.75208
4.77327
3.43519
4.44601
4.37964
4.47311
4.99432
4.26788
4.94256
2.53372
2.51509
3.71412
3.51705
4.54376
4.20107
2.93329
2.52402
2.94656
4.64427
4.39239
3.89696
4.26048
4.56469
4.30628
3.77028
2.54994
4.19662
4.28508
3.82514
4.35091
4.30917
4.63259
4.37321
4.23991
4.85964
4.4601
4.25641
2.9763
2.5533
4.3659
3.97128
2.60319
2.49912
3.67053
3.90239
4.42748
4.98115
4.42706
4.59935
3.60633
4.29052
4.50864
2.98666
4.18005
4.41557
3.78775
4.29089
2.52952
2.88558
3.55521
1.51268
2.36637
4.32979
4.51969
4.24125
2.42339
3.03391
4.27114
4.70431
4.59259
4.96833
2.92926
3.43828
4.23456
3.86238
3.86804
4.88487
4.4846
4.30913
3.01164
1.51861
2.38296
4.18093
2.90603
3.45724
3.74881
2.59747
4.49931
2.91153
2.45835
4.35181
4.62745
4.29679
4.54461
4.36849
4.91708
4.25374
4.61753
1.59369
2.80222
4.19943
4.60483
4.25172
3.85764
4.93751
2.89189
2.47973
3.77731
4.32825
4.27763
3.79065
4.35583
3.80765
4.61847
3.74194
4.88541
4.34223
4.66496
2.87433
4.51536
4.20195
1.50763
3.86231
4.4073
3.94652
2.93329
3.59288
4.67245
4.54519
3.76164
4.32307
2.89763
2.51342
1.62783
2.89448
2.38112
1.44354
2.9429
4.57138
4.2536
2.89376
3.76494
4.58296
4.3155
4.92783
3.46916
4.95683
4.45096
4.90875
4.49742
4.74677
4.45055
3.5581
4.55653
2.54298
4.18977
4.60566
4.9644
4.25734
4.47434
2.49392
3.85671
3.39089
2.87234
4.18035
3.78536
4.26367
4.47702
2.56291
2.97362
3.82581
4.22622
4.34996
4.98753
2.45888
2.58027
3.82484
4.49564
4.35288
3.4164
2.87252
4.29856
4.54387
4.93918
2.43258
2.88582
4.28028
4.45368
3.7437
4.22522
3.69909
4.24346
4.90276
4.40788
4.96162
2.52612
4.42442
4.29821
4.96675
3.89869
4.2415
4.22587
4.45252
4.27938
4.43121
4.33667
2.52073
4.45792
3.8632
4.87949
3.01987
2.58933
2.49641
4.43585
2.97019
3.60861
4.27727
4.20498
3.85602
2.42882
4.96744
2.89629
2.54123
4.26424
2.7797
2.44408
3.48091
4.32322
4.30789
4.35971
3.74928
2.41352
4.2275
4.3116
4.87202
4.53267
4.47874
3.09679
4.29824
3.78623
4.92757
4.6124
4.44614
4.62512
2.98189
3.55923
4.4097
4.66806
4.24435
3.94747
4.54318
4.67511
2.95704
3.73718
4.32485
4.98921
4.47983
2.94584
4.32813
4.45533
3.4304
4.40749
4.23465
3.86602
4.35769
4.94961
3.91765
2.87035
2.97922
4.26689
4.62879
4.56525
4.44847
3.48412
4.63372
3.78813
4.28759
4.94056
3.77336
4.27697
4.85876
4.45269
4.14628
3.92151
3.83628
4.66093
2.54961
2.51087
2.93096
2.43768
2.91163
3.38856
4.36154
4.96601
4.70619
4.30824
3.60892
4.37623
4.98279
4.56337
4.9902
2.91331
4.27912
2.95188
4.21245
2.90144
2.45848
4.54012
4.38817
3.56115
2.51873
4.24247
1.57131
2.66957
3.82074
4.9519
4.58841
4.3466
4.64586
2.99734
3.60038
4.32443
4.54052
4.98214
3.85201
4.01395
4.36908
4.55696
4.96266
2.97916
4.19264
2.88824
2.54863
4.58934
4.35296
2.83526
4.62705
3.51179
2.47465
2.51585
3.88338
4.25803
1.55138
4.35646
4.381
4.65474
4.47684
4.5325
1.51341
4.36645
3.86606
4.21557
3.80213
4.2523
3.81263
4.9757
2.43419
4.30789
2.86499
4.31492
2.99527
3.80977
3.77306
4.93699
4.40801
4.71304
3.00135
4.66263
4.58101
4.42753
2.56349
1.49413
2.36101
1.49977
2.47725
3.54629
4.35728
2.93873
2.49348
4.34101
4.93489
2.97698
2.44658
4.28799
3.83537
4.39266
3.74468
4.33345
4.26139
2.53009
3.55381
2.47851
4.24871
2.82783
2.43662
4.94038
4.30438
4.20201
4.5274
4.4967
3.08924
4.67622
3.86228
4.32199
4.63647
4.40739
3.60746
2.98569
4.44933
4.59471
4.8663
3.86268
4.40333
2.86542
2.93119
3.87951
4.29309
4.67008
3.47448
4.56978
4.5391
4.63825
4.34206
4.9779
3.77633
4.54256
4.23538
4.90861
4.22111
3.82891
4.52589
3.03768
4.99403
4.63219
4.44982
3.90212
4.48404
3.49863
4.28955
4.55844
2.84373
4.42734
4.61738
4.93148
4.25099
3.81301
3.87326
4.98143
3.69154
4.99647
4.65213
2.89353
2.39468
1.57873
2.527
4.46898
3.63859
3.95072
2.56624
4.40244
3.56439
4.62566
4.37313
4.52962
3.07907
3.87131
4.57936
4.23554
4.65604
4.48101
4.27487
2.53029
3.44407
1.4839
2.43973
2.98579
4.36141
4.29993
2.98442
2.66625
2.98506
1.51963
3.06264
2.41501
2.40748
4.49869
3.48466
3.81147
4.22668
2.97142
2.56894
4.44604
4.73485
4.33811
4.58994
4.1991
4.9595
4.25432
4.4575
1.48613
2.96881
3.83822
4.28124
4.39221
2.47097
4.85574
2.78192
4.16119
3.74184
4.22754
4.3216
3.90127
4.23011
4.68001
4.61116
4.25545
3.36983
2.75218
4.92763
3.84715
4.22648
4.85595
4.46361
3.8249
3.6919
4.34788
4.25276
4.8937
3.81685
4.65502
2.85006
4.23092
4.41408
1.40286
2.40038
3.79349
4.63501
3.58406
2.91535
4.6355
2.60546
2.92694
3.86185
4.35636
4.30331
4.57756
1.63658
3.05727
1.55506
2.91765
2.51336
2.9731
4.62408
3.83541
4.3423
3.54536
4.41224
4.97796
4.52642
4.5854
4.60751
3.49726
4.64175
4.95407
2.49338
2.42511
4.3342
3.73142
2.8849
3.48118
4.50741
4.35038
4.561
2.52132
4.35582
2.86908
3.84192
4.55339
4.23977
3.78264
4.38013
4.89069
4.21418
4.89443
2.64003
4.33195
4.67181
4.33764
2.88862
3.75203
3.49864
4.50178
2.36279
4.33815
4.02803
4.41231
4.67487
3.85455
2.85694
2.54205
4.44527
4.3221
4.85309
2.33407
4.16363
3.82139
4.91445
4.30022
4.43206
4.53511
4.20015
4.23786
4.34012
2.7471
4.14557
4.5539
3.46618
3.84336
4.18071
4.87478
2.50831
4.3633
2.48067
3.52876
3.80254
4.25232
4.95332
4.57517
4.54445
4.88966
4.25219
2.83861
3.60294
2.97448
1.52007
4.59137
2.49927
2.52889
4.67784
4.35491
3.02415
3.61779
3.94121
4.33353
3.05458
2.54745
4.39522
4.40888
4.97156
4.57888
4.25987
3.73075
4.69433
4.33964
3.84761
2.95662
3.7765
4.33344
4.93087
4.44975
4.65993
4.31424
2.4373
2.45199
2.96402
3.52418
1.36218
4.57411
4.4059
4.40379
4.32664
2.54231
3.01653
3.81388
4.2198
3.74249
4.90103
4.61704
4.56073
1.53599
2.87083
4.34141
4.70081
2.63973
4.4262
3.93573
3.08164
4.06099
4.49803
4.37804
4.38676
3.84302
4.55953
3.02424
4.40759
4.68429
1.59967
3.0324
3.01844
2.54303
1.5446
4.34714
3.79637
4.33278
4.70841
3.85211
4.59944
2.88971
3.47159
2.89364
3.898
4.48948
2.68708
4.365
4.28358
4.48841
4.38634
4.43893
3.96625
2.97059
4.51833
2.48679
3.85922
3.55929
4.60924
3.80123
2.55369
3.05548
2.42286
2.45505
2.57643
3.7671
2.80891
4.54353
4.24047
3.55948
2.95443
3.89888
4.40428
4.56815
4.21247
4.34
4.42898
4.84441
3.73271
2.47862
4.40426
4.28675
3.85844
4.22031
4.8929
4.58604
4.32794
4.37531
4.37898
4.97593
3.51154
4.65687
4.48415
4.45315
4.62441
3.34043
4.94267
4.93957
4.39874
4.2898
4.34485
4.10935
4.95462
4.95852
4.36302
4.29994
2.64806
2.68595
3.05181
2.6089
4.28122
4.65374
4.49452
4.37294
4.59389
3.54009
4.47604
4.43225
4.56829
1.53241
4.15016
3.69982
4.23658
3.60973
4.0097
3.74932
4.90214
4.32195
2.8835
4.32177
2.96499
2.45868
4.81951
2.36054
4.13843
2.81899
4.22642
2.78994
3.41205
2.39743
4.38627
1.62119
2.46031
3.85794
3.84355
3.09846
4.94069
4.27378
4.67797
3.62186
4.5081
4.64474
2.95735
4.5712
3.76679
4.60741
4.30589
4.89826
4.37328
4.62454
3.99537
3.98356
4.98542
4.64711
4.47631
2.97902
3.64208
4.43611
4.37287
3.01128
4.50526
4.38119
4.34435
3.87199
4.65404
4.37197
4.69527
3.96142
2.56989
1.57589
2.60845
4.28374
4.63826
4.45078
3.00407
2.60918
4.4271
4.41904
3.85993
2.46326
3.53119
2.55045
4.28498
4.57943
3.97122
4.5328
3.83698
4.24621
3.43965
2.95552
4.3781
3.84375
3.01312
4.39991
3.61931
4.55934
4.71937
3.88683
4.39255
4.66739
1.52156
3.04548
4.21337
4.46122
4.79751
2.82503
4.24664
3.73723
2.41045
1.46536
2.41999
3.49806
4.30874
2.90506
2.44515
4.62725
3.82978
4.34278
3.8555
4.27774
4.23282
2.88802
2.38054
4.40248
4.32033
4.55036
2.88787
4.50236
4.23336
4.56888
4.87663
3.68921
4.20666
2.88195
3.87571
4.56379
4.50827
4.22302
4.97838
4.69202
4.34963
3.84982
2.90026
2.50646
4.29107
3.55165
4.57371
4.02767
3.90724
4.72869
4.40027
4.36554
4.97245
4.62587
3.90398
4.35802
2.57286
3.59036
1.55978
2.61276
3.78975
4.63677
1.52277
4.26128
3.85718
2.48466
2.53714
4.43849
3.43207
3.87559
4.30894
4.60094
4.23568
2.99467
2.84028
4.3593
4.45614
4.23912
2.45639
4.79645
2.81332
4.1975
3.94842
4.80306
3.80704
4.42471
1.53405
2.59914
4.37283
3.53327
3.91814
2.47814
4.6581
4.56643
4.30916
2.96592
4.67781
4.31414
3.04622
4.45105
4.31159
4.9102
2.9121
2.36391
2.89485
2.95694
2.74214
2.32041
4.25399
4.84067
4.51927
4.06882
4.32231
4.54746
1.46766
4.50905
3.7645
4.5138
3.74463
4.28472
4.28671
3.67254
4.19042
1.56726
4.37352
3.84286
4.42415
4.77491
2.62324
3.07825
3.97605
4.67743
3.8892
2.99982
2.52486
1.53906
2.95423
1.51075
2.86074
4.36996
4.98126
3.51948
4.48784
4.65111
4.48726
4.48919
3.50568
4.66977
2.43112
4.36474
2.46932
3.85123
4.99468
4.38543
3.82897
2.86622
3.5589
4.59299
4.23773
2.47426
4.54315
4.23677
2.92329
3.8819
4.48125
4.39238
4.97032
4.31576
4.91463
2.46811
4.50091
4.24682
4.94172
3.77504
2.40543
3.79676
4.54939
3.46458
2.85034
4.39136
4.35797
4.53712
2.40536
2.81186
4.60075
3.74774
4.3456
4.96126
4.30144
4.82723
2.37769
4.3038
4.17643
4.42961
4.88733
4.98264
4.30172
4.28697
3.73485
4.20234
4.23993
4.62569
4.30159
3.94293
4.48715
4.39069
4.35916
2.50915
4.9269
2.93874
2.50394
4.37893
2.55638
3.46646
4.58907
4.0217
4.34965
3.85318
4.60646
4.26863
2.91699
3.67172
1.44002
2.92753
1.53377
4.26051
4.40135
2.43012
4.28578
3.79714
4.91668
2.953
2.46583
2.48779
4.43581
4.28266
2.97927
3.50383
3.74268
2.96416
4.2268
4.26017
4.2582
3.71569
2.3978
4.33738
4.26581
4.84794
4.63828
2.88434
4.50684
4.99852
4.3361
4.52066
4.27182
3.79098
4.87707
3.89137
2.90264
4.36811
4.62943
3.55866
4.45201
3.81945
4.28797
4.92974
4.61025
4.87005
2.93918
4.44243
4.6624
3.76611
4.23858
4.7959
4.5723
4.27585
3.81034
2.41399
3.03202
2.57034
2.50012
2.8636
3.41384
4.18722
3.5074
4.41547
4.59355
2.77064
3.46531
4.23434
4.60517
4.88982
4.9486
4.88079
2.92243
4.31487
2.88187
4.23762
2.86913
2.48932
4.50366
4.21776
4.56338
3.46808
4.31775
1.43483
2.43092
2.50092
3.80908
4.85786
4.47339
4.28832
3.77024
3.82273
4.90433
4.57441
4.29059
2.8767
2.59388
4.68928
4.33247
3.02741
4.29731
3.00645
4.29185
4.51648
3.5863
2.48289
3.76636
2.42472
4.29084
1.50752
4.2762
4.51605
3.88536
3.77239
4.3394
4.51535
4.59861
4.57354
1.55217
4.26575
3.88238
4.34357
3.81895
4.42644
3.75071
4.2375
2.98466
2.4363
4.2895
2.88247
2.9398
4.54197
4.63322
4.31565
2.90488
2.4906
2.57205
1.45162
2.35714
3.41203
3.68412
4.18593
2.39207
4.24326
3.57652
4.53634
4.34618
4.9681
3.00089
1.49956
2.95181
4.54924
2.49545
3.60234
3.81883
2.5019
4.60142
4.25144
2.98434
2.47676
4.83929
4.6085
4.30458
4.39816
4.30876
4.99736
4.29237
2.90314
4.97521
4.40721
3.76226
4.26276
4.4583
4.20887
4.49015
4.27084
3.51428
1.49901
2.42249
2.5601
2.92948
4.2442
4.85632
2.80612
4.15779
2.52871
4.57991
1.53831
3.04504
3.88434
4.32164
4.68926
4.94199
2.95961
2.55793
4.34275
3.91687
4.31693
3.69497
4.35561
4.34662
4.51857
4.60047
3.51587
4.27239
2.8677
4.90378
3.89069
4.53472
4.34525
3.8351
3.81437
4.89904
4.59911
4.22793
3.82804
4.57467
2.98959
4.36786
4.60559
1.56939
1.53554
2.44961
3.87277
3.35302
4.52149
2.73374
1.55836
1.5059
2.9412
2.89138
2.38843
2.95499
4.4913
3.72634
2.34893
2.44963
4.179
2.32208
4.26381
3.82088
3.31656
2.84474
4.37313
4.24228
4.43032
4.84262
2.72397
4.37044
3.64482
4.08579
3.68882
4.30194
4.45796
3.47471
4.89192
4.59258
4.47715
3.54433
4.60548
4.69973
4.95691
4.20684
4.27765
4.80987
4.92285
2.67534
4.7269
4.54942
4.50786
3.92021
4.3255
4.37825
3.9376
3.54352
3.15992
4.599
2.61272
4.73183
2.85918
3.7979
2.40368
2.53187
4.2796
4.41664
4.86737
3.7881
4.21856
4.54817
4.11347
4.25692
4.43822
4.17587
4.39208
2.54143
1.51967
2.53551
4.2601
2.71425
3.43495
2.37095
2.46098
2.50907
3.50864
4.28509
2.78811
2.44532
4.22699
4.91858
4.19272
2.8856
2.90641
3.77204
3.73843
4.54672
4.33583
4.66988
4.46714
3.55601
4.58263
4.58975
4.2473
4.85194
4.20454
4.86665
4.22906
4.48698
3.0572
3.82142
4.63469
4.40901
4.59653
4.27994
4.49068
2.90922
3.55437
4.44863
4.63727
3.85668
4.97725
4.38806
3.83913
4.45744
2.98705
4.41828
4.73716
3.95144
4.27968
4.5189
4.57498
4.39474
4.53968
3.62799
2.99365
4.25084
4.90035
3.74135
3.91558
4.99067
3.92718
4.68772
2.9334
4.33524
4.50902
3.45961
2.36909
2.61555
4.33824
3.54998
3.83992
4.41267
2.99186
1.57046
4.62239
2.89001
2.55936
4.43232
2.90012
2.50188
4.6423
3.50142
3.94286
4.3321
2.45455
4.31182
4.2534
4.95227
4.52955
4.35113
4.67692
4.98661
4.58012
2.9868
4.33549
3.64902
3.92432
4.67505
3.9155
4.42837
2.84088
4.29803
3.87884
4.81035
4.58355
4.20646
4.39996
4.47942
4.3035
2.51881
2.7654
2.49829
3.43597
1.51443
4.28166
2.33212
4.1783
4.98862
2.73752
4.3476
1.53608
2.81981
3.87823
4.33311
4.52869
4.38582
3.71935
2.4544
4.91316
2.89363
4.12834
4.30784
4.31201
3.72357
3.83501
3.82152
4.27901
4.90934
4.62257
4.48208
2.99911
4.5831
4.3077
1.56461
2.89337
2.36943
2.8822
1.4616
3.7782
2.93035
4.62864
3.47555
2.98372
3.83855
4.54738
2.5144
2.416
2.4879
4.22687
4.3714
3.76155
4.53136
4.18456
2.92952
3.51077
2.85303
4.29633
3.78262
4.57566
4.45882
4.85144
3.78184
2.5867
4.19972
4.28753
4.57617
4.95375
4.32695
4.24756
3.81096
4.55316
2.39625
2.88646
3.86572
3.54076
4.53709
2.50968
3.81031
2.98042
2.44555
4.40357
4.38305
4.2421
3.83558
4.99469
4.15546
4.62989
4.2926
4.29907
3.60754
4.57433
4.52982
4.55609
4.59164
3.46106
4.93163
4.84578
4.38226
4.31708
4.97138
4.87866
4.42842
4.30179
4.93777
4.93821
4.33949
4.31814
2.45422
2.89433
2.50964
2.54111
4.98457
4.382
4.60582
3.64076
4.37378
3.9138
3.73307
2.95729
4.8497
4.33414
4.54451
3.44353
4.29355
4.62827
4.97708
4.45013
1.50686
4.23845
3.64699
4.27071
3.70682
4.2351
3.73704
4.85922
4.17338
2.91084
4.35663
2.75711
2.40145
4.97194
4.5273
4.80107
4.15129
2.70445
2.32705
4.21725
2.77471
3.34649
4.11753
1.51699
2.45083
2.41145
2.77159
4.5623
3.83445
4.54779
4.20372
4.8901
4.39967
4.32693
3.92435
3.95758
4.58565
4.36836
3.00709
3.54221
4.36888
4.4863
4.98542
4.65421
3.03143
4.6836
4.49992
4.38003
3.75187
4.89467
4.55428
4.24747
3.84015
2.92586
2.4577
2.56238
4.94057
4.37682
3.56892
3.87786
4.50742
1.57014
4.65748
4.82429
4.33691
3.76558
2.40617
3.32044
3.84572
2.51807
4.52836
4.22783
4.27556
3.79282
4.79966
4.49749
3.62607
4.24561
4.46708
4.77796
4.41813
4.1817
3.71278
4.21182
3.27583
1.47531
2.32172
2.39394
2.76433
2.85759
4.18251
4.44489
4.18953
4.82048
2.79587
2.48058
4.20444
3.8872
4.71531
3.91147
4.30243
1.6876
2.50741
3.61593
3.95137
4.34461
2.64016
4.68371
4.64704
4.36392
3.01029
3.04105
2.98762
2.56663
4.97423
4.59801
4.46688
4.37639
4.32321
3.02749
4.57915
4.40336
2.78216
4.19687
4.98494
2.91775
4.42986
2.42277
4.42424
1.53145
4.60381
3.68572
4.42613
3.72426
4.13989
3.86435
4.25978
4.27886
1.53187
1.51648
4.4793
2.81898
3.89017
2.45263
1.5407
1.63287
3.04821
2.93643
2.44431
4.23703
2.37063
4.22589
2.58713
4.83351
3.90239
4.27537
3.72085
3.53103
2.8419
4.55516
4.55521
4.2511
2.91938
4.62174
3.91793
4.30871
4.25145
4.87377
4.87988
3.58162
4.76088
4.73602
4.81252
3.49449
4.4793
4.51652
4.38838
4.18013
4.83779
2.47722
4.45081
4.30716
3.76208
4.37443
4.38193
4.67706
2.56902
3.83782
3.65608
4.63412
2.96064
2.56255
2.93724
4.74225
3.94452
2.61309
4.34862
4.42852
4.30655
4.61264
4.99272
4.26429
3.88594
4.3762
4.33414
4.91157
4.38693
4.29469
2.5375
4.28004
3.83409
2.52204
2.48193
3.6344
4.30546
3.82797
2.80268
3.85598
4.18508
4.52354
3.38409
4.60008
4.27188
3.80248
3.75911
4.91963
4.32731
4.18417
4.62322
4.83632
2.9118
3.4478
4.22353
4.42459
4.93528
1.5806
3.09543
4.30956
4.53454
4.24382
3.96577
2.87815
2.44343
3.95238
4.37372
4.41795
3.89788
4.40716
1.47607
2.45105
4.28197
2.97432
3.49559
2.4223
4.58588
2.95396
2.47822
4.40371
4.39864
2.87622
3.76397
4.66226
4.70687
4.51393
4.27988
4.98672
4.23295
4.62078
2.90783
4.54335
4.35358
4.40566
3.7108
4.95766
4.1181
3.7491
4.1896
2.38145
4.34228
4.91767
2.8745
2.58027
2.58321
4.40053
3.52207
1.49515
2.84471
1.5232
3.7009
3.02537
4.18441
4.38163
4.1997
3.64964
2.50912
4.68587
2.88464
2.41596
4.14563
2.93455
2.49202
4.56912
3.51357
4.12406
4.19393
4.2076
3.70021
2.44102
4.29634
4.37104
4.73708
3.88613
4.93638
4.57789
3.70609
4.22902
4.95064
4.56179
2.96589
4.28346
3.57332
4.5709
2.8593
4.62991
4.42541
4.27483
3.72083
4.38661
4.95621
3.87086
4.97557
3.11765
4.38676
4.72222
3.64773
4.44477
3.87888
4.33889
3.10828
4.50029
4.69578
3.87439
4.40598
4.48922
4.36818
4.73073
4.97941
3.91577
2.57111
2.55154
2.48797
2.90934
3.58426
4.30475
3.77288
3.75289
2.85189
4.92601
4.43852
4.27501
3.37341
4.24449
4.66888
4.95319
3.90923
3.89178
4.99518
4.39672
4.61824
2.99518
3.57065
4.32522
4.48528
4.58733
4.89511
4.5821
1.63457
4.28128
3.92348
4.43144
3.92678
4.26259
3.88405
2.50073
4.35279
2.87989
4.29126
2.95404
4.3045
2.86106
2.63449
4.21775
2.92328
4.58277
3.59734
2.40172
2.44448
4.37658
1.46359
2.92493
4.44459
3.9214
4.64693
4.21826
4.82396
4.29981
4.39649
2.87615
4.54417
4.54366
4.38729
3.96025
4.28995
4.52603
3.72966
2.55643
2.54431
1.49611
2.56068
3.45824
4.27389
2.41132
1.41444
3.04551
3.71506
1.46434
2.88487
4.39009
4.35492
4.95847
2.81711
2.59254
4.16661
3.84399
4.22446
3.73345
4.15037
4.31097
2.40015
3.3808
2.36032
4.48532
4.18194
2.74728
2.38674
4.78529
4.13852
3.98728
3.83731
2.8822
3.7453
4.39181
3.45591
4.62708
4.51315
4.34066
4.95089
2.84127
4.59737
4.47174
3.73191
4.41867
4.28234
4.8594
4.20978
4.03229
4.66189
4.58031
3.98066
4.42477
3.5497
4.29895
2.922
4.58426
3.06898
4.74747
4.34145
4.58291
4.98684
4.37257
3.76075
4.56066
4.99275
4.97684
3.793
2.41778
1.58674
2.57615
4.38961
3.58356
2.48296
3.84099
2.91513
3.89768
4.22188
3.53998
4.60159
4.57985
4.3887
4.88691
1.52864
2.89569
3.86659
4.22697
4.42666
2.50811
4.94363
2.86661
4.25067
3.8972
4.31647
4.28865
3.89342
4.30134
1.41494
2.96058
2.4286
2.43277
4.49363
3.47843
4.14829
2.81576
2.45167
4.32643
4.84811
4.17245
2.95906
3.73863
4.53994
4.51985
4.42326
4.24213
4.84701
4.30818
3.98539
4.3053
4.92088
4.55123
3.7411
4.54326
4.29641
3.40905
2.92927
4.67766
4.98066
4.61258
2.78277
4.29171
4.55488
4.62529
4.22267
4.86216
3.70823
3.7206
2.92412
4.35244
3.52332
3.81277
4.69323
1.58979
4.62982
3.86041
4.42332
4.9932
2.48541
4.29664
2.49011
4.56128
3.4195
3.85566
4.36541
4.86038
3.80492
4.48565
4.30546
3.75363
4.90105
1.52285
4.53919
2.49808
2.44525
4.54889
4.25351
3.34401
3.75307
4.25541
4.82902
2.88473
2.71509
2.81865
2.4129
4.21994
4.16944
4.87923
4.53151
4.24671
3.9495
4.32511
3.81469
4.98406
4.51266
3.93598
4.56898
4.69354
4.68054
4.47971
2.55451
2.37693
3.65149
1.55282
3.06165
3.08072
4.6263
4.35387
4.35988
4.41791
2.56296
2.8894
2.84709
4.28327
4.50412
2.96364
4.31563
2.44986
4.24008
2.85706
4.71344
1.45049
4.46705
3.94073
4.50014
3.92587
4.38682
4.31371
4.35133
3.83754
1.53867
2.94036
2.94431
1.5291
2.44394
4.35567
4.20896
2.4823
2.5468
4.24901
3.97347
4.31607
4.47102
3.74589
4.52797
2.96015
3.51753
2.96568
3.7752
4.40482
2.48377
4.31937
4.33301
3.90635
4.34925
4.55549
4.40607
2.42778
2.50924
3.88473
2.9319
4.63634
3.52684
3.00973
3.93072
4.51967
2.58213
4.33641
4.32237
4.26374
4.32833
4.61634
3.90416
4.21058
4.39058
4.92462
4.87524
4.99303
3.44199
4.4661
4.53225
4.48622
4.48107
3.48433
4.38045
4.39573
4.90788
4.92699
4.30627
4.22566
4.98655
4.97126
4.20591
4.27498
2.50593
2.47628
2.46037
2.98756
4.67897
3.81369
3.86961
2.96945
4.66847
4.53055
4.98905
4.62418
4.2515
4.95386
4.3721
4.59158
3.59771
4.2695
4.52652
2.86867
4.58838
3.82473
4.6614
4.33158
4.96884
4.26966
4.63499
3.78657
2.90268
4.30861
4.53565
3.56283
4.40016
4.66109
3.93046
2.79989
4.65973
4.70054
4.16719
3.72369
4.88318
4.48545
4.24272
3.87978
4.96891
4.58243
4.25898
2.80902
3.36426
4.22803
4.58501
3.88806
4.95053
3.74868
4.88489
4.48044
2.4957
2.50245
2.93308
2.81694
4.57464
1.53686
4.50232
4.61222
4.27549
4.81025
2.92643
2.3782
4.31199
4.96205
4.35745
3.83633
2.52755
3.5779
2.52733
4.59746
4.14797
4.56123
4.98027
2.89914
4.97699
4.477
3.7002
4.60455
3.9173
4.59627
3.85476
4.41866
2.79832
4.5095
4.12664
4.57615
4.95272
3.7478
4.31129
2.94702
4.26639
4.95471
2.92079
4.3
2.42096
1.48254
2.407
3.5368
4.33578
2.46554
4.54891
1.54408
4.48662
3.77504
2.87362
4.51073
3.7782
4.29471
3.75463
4.2637
4.21426
2.81155
2.4454
4.98638
4.32723
4.45944
3.79054
3.85996
4.63069
4.26769
2.93067
4.5407
4.64503
4.27751
2.42392
4.5605
2.84557
4.87292
4.34916
3.40214
4.60391
2.9039
2.94965
4.39954
4.71405
4.36776
2.48501
2.99983
4.41961
4.47119
1.51667
4.2804
3.81835
2.60824
2.56781
4.5254
3.46938
4.24221
3.90357
3.85146
4.55677
4.37089
4.97381
2.88046
4.54032
4.21985
2.94994
4.3312
4.31036
4.97156
2.88059
2.51713
4.61577
3.87503
4.24154
1.45864
2.43557
4.331
3.54971
2.37632
4.58703
3.82181
3.78167
4.48885
4.26314
4.9296
1.48418
4.59769
3.89242
4.5361
3.80483
4.28129
4.26835
3.8001
4.19008
2.89483
2.94122
2.40958
4.29882
4.98228
4.31032
2.8126
4.51227
4.57147
4.14852
2.88717
4.47506
2.95045
1.54681
4.56758
4.51157
3.86848
4.22663
4.26693
4.31643
2.60236
4.9294
2.99796
2.58875
4.34329
2.40923
4.57845
3.41426
2.84745
4.50417
4.35383
4.58254
4.19329
3.83441
4.99853
2.79872
1.44187
4.35424
2.47624
4.3497
4.9667
2.91906
2.57863
2.54724
4.44509
4.12263
3.45383
1.64739
4.56073
3.93618
2.911
4.71444
3.8246
2.96814
4.41288
4.37114
4.29662
3.88836
2.59265
4.3343
4.30752
4.97333
4.4305
4.93871
4.92192
2.81362
4.19556
3.3685
4.55291
3.90375
4.45508
3.80928
4.32902
3.76843
4.46475
3.77989
4.15408
4.98059
2.77573
4.57396
4.57465
4.17393
2.63667
2.47038
2.38976
2.54733
3.89785
3.36923
3.85239
2.39619
1.72434
4.25508
3.65647
2.57868
2.92705
4.44216
2.49436
2.88604
4.34526
3.00162
2.81008
2.83403
2.79296
4.2702
4.47824
2.33953
1.46488
3.74131
3.79642
4.28343
3.56489
4.92585
4.19195
4.22928
4.47995
4.35648
4.35996
4.70557
3.45458
3.60575
4.25542
4.21656
4.31407
4.68484
4.52041
4.24511
4.91067
4.43641
4.60581
4.34167
4.24098
4.4744
4.17244
3.6484
3.56151
4.94108
4.28621
4.90241
4.54096
4.29941
4.17231
4.56704
4.22037
4.85885
4.87932
3.57333
3.57634
1.50034
4.28794
3.04495
2.56293
1.55777
3.61138
2.92075
2.61905
2.91839
4.43926
4.64042
4.03717
2.99644
3.95081
4.60855
4.34588
3.92269
4.27375
4.82
4.49534
2.42103
3.71046
2.8906
4.27105
4.20368
3.84697
2.49361
3.51165
4.98047
4.48047
4.44924
2.49816
2.9394
4.9794
3.82673
4.34911
4.18273
4.61041
4.22222
4.9594
2.82912
4.18221
3.77106
4.51334
2.35718
3.75051
4.1987
2.53061
3.41854
4.5478
4.30664
3.898
4.2713
2.91798
2.46932
4.64694
4.33581
4.19235
4.20605
4.39848
4.2168
2.44656
4.85254
4.3017
4.26968
3.76133
4.24744
4.85992
3.4746
4.5669
4.15155
3.78789
4.19972
2.99492
4.86006
4.98718
2.49673
1.56026
2.75941
2.41902
1.45078
3.51711
2.85658
4.48386
4.13346
2.77213
3.73889
4.53893
4.95713
4.91183
4.38963
4.90433
4.31934
4.59452
4.40212
4.50822
2.54812
3.76894
3.05975
2.55089
3.64462
4.41987
4.27016
3.92026
4.38867
4.64113
2.47982
3.04508
3.9058
4.20313
4.95538
2.57866
3.80787
4.6073
4.28399
2.93031
4.20033
4.45481
2.49601
3.55615
4.89574
4.26536
2.48551
2.95492
4.23025
4.59311
3.81159
4.07705
3.72544
4.42791
4.28615
4.27472
3.82932
2.56298
4.89483
4.24388
4.31046
4.35161
4.59704
3.58274
4.6027
4.18503
2.42985
2.96242
4.9509
3.73079
4.32716
4.2879
4.6517
1.43
2.8557
1.48814
3.49984
2.85217
2.45813
2.92054
4.50522
4.93247
3.68577
4.31382
4.99287
2.48878
4.28942
3.92808
2.93553
4.52072
4.32629
4.63028
2.48386
3.46134
4.91931
4.34301
2.48964
4.2882
2.96191
3.81818
4.51557
4.92253
4.31741
3.8255
4.35895
4.92655
4.31728
4.73163
4.32882
2.87873
3.74165
4.69899
2.40858
2.54354
4.95105
3.6383
4.32827
4.30645
3.79169
4.28853
4.55814
3.88616
2.99125
2.44597
4.26976
4.37629
3.86363
4.35441
2.48992
4.27539
4.43521
4.63415
4.36235
4.32228
4.3578
4.11772
4.44097
4.611
2.54233
2.86296
3.93152
4.58834
3.87531
3.00625
2.56037
1.66351
2.9458
1.43043
3.51796
2.75695
4.2765
4.96282
4.22628
2.37372
3.81007
4.30946
3.94969
2.95888
4.98321
4.47827
2.53786
3.42756
4.45343
4.34325
2.44988
4.63236
4.29764
2.96231
3.81856
4.48056
4.96391
4.1899
4.83786
4.38753
4.29661
3.7988
2.37936
3.73244
4.5304
2.72601
2.56414
4.94511
3.32501
4.24089
4.26024
4.23045
4.46649
2.36987
2.89045
4.4694
3.8697
4.20826
4.15511
4.21648
4.38181
2.31792
4.88068
4.31281
4.2437
4.25496
3.65842
4.47871
2.59119
2.96901
2.35066
3.01045
2.54863
2.93158
3.45621
4.41293
3.61859
4.37177
4.96915
4.98901
4.6738
4.263
4.93596
4.25711
2.97389
4.24503
2.5078
4.55601
4.28877
2.90303
2.87625
4.39183
3.43963
3.88387
4.18338
1.54522
2.47811
3.80224
2.47261
3.8337
4.87384
4.3679
4.27771
4.3235
4.5802
4.94863
2.48093
4.51949
4.2958
4.35688
2.8713
4.28047
2.94722
2.92811
4.65756
3.55232
3.80068
2.56639
3.84349
2.56451
3.89696
4.38265
1.55189
4.92181
4.38185
4.60866
4.55192
4.31955
4.19106
3.81378
4.24853
4.27087
3.84244
4.50988
4.56764
1.52286
3.78214
4.99024
2.90433
4.17411
2.92906
2.4603
4.59663
4.33151
2.86577
2.76237
2.37729
2.79274
2.30529
2.64272
2.3664
3.69755
3.75135
2.43837
3.78877
2.51318
1.54295
3.72969
1.49213
3.70011
2.54879
3.88136
2.37375
2.79211
2.7921
4.62929
2.62125
2.86941
4.45674
4.52909
4.25859
4.49905
4.74798
4.3937
4.87386
4.89119
3.66367
4.40487
4.27439
3.56316
4.64667
4.1306
4.17546
4.53628
4.35092
4.59467
4.29176
4.33944
4.63268
4.29406
4.83186
3.57651
4.19055
3.40084
4.56039
4.20041
4.26693
4.49621
4.27419
4.9568
4.93271
2.94761
2.39254
1.4817
2.43096
1.4306
2.42223
3.33874
3.76229
4.26589
2.79214
2.44361
4.37708
3.52791
4.61754
4.44375
4.20464
4.76263
4.36507
4.51268
4.89059
2.94533
2.45769
4.32967
3.67513
4.19375
3.81393
4.25033
4.18352
4.98576
4.70811
4.45192
4.33838
2.97326
3.98332
4.49588
4.46271
4.52695
4.41058
1.54813
3.49057
1.53649
2.57178
2.99652
2.5896
2.92543
4.22771
4.81646
2.7121
4.19857
3.79659
2.44538
4.96835
4.36437
3.88203
4.61227
4.43039
3.75672
3.68337
4.38658
4.64404
3.00925
4.41388
4.61968
3.95846
4.46797
2.99772
4.9792
4.67576
4.43083
3.87963
1.4264
2.52265
1.4278
2.4951
3.74074
3.49192
4.50381
4.3163
3.02729
1.53083
1.53239
2.80325
2.5523
2.99894
2.38983
2.84782
4.41737
4.3228
3.69762
4.91686
4.97653
4.24028
4.30351
4.37143
3.61621
4.91756
4.5978
4.41501
4.58802
3.49353
4.60858
4.61494
4.81285
3.93669
4.32892
4.63174
4.36977
4.5988
4.92366
4.27209
3.73917
4.14831
2.45821
4.30818
4.36574
2.50709
3.9869
3.55175
2.88776
4.39601
4.59292
2.51024
4.5449
2.97865
3.88489
4.38656
2.50891
4.29549
4.34627
4.33411
4.37236
2.75535
2.18568
1.56314
2.46055
4.2116
3.06989
3.64107
3.87555
2.65025
2.45731
2.51436
3.54898
3.86331
4.34732
2.94173
2.62258
4.33042
4.71565
4.25705
4.83181
3.81283
4.92037
4.28294
4.55213
4.3622
4.70011
2.92092
4.55426
4.70457
3.85495
2.72969
3.4743
4.15753
4.51778
3.69535
4.2737
4.84801
4.20631
4.98489
3.74422
4.18152
4.46142
4.85329
2.86091
4.40654
4.62201
3.64335
4.22197
4.41909
3.35801
2.72162
4.22598
3.77313
3.73546
4.39585
4.80375
1.53063
2.36742
3.71615
4.38168
4.19005
3.36571
2.8587
3.91205
2.90436
3.55659
4.70432
4.16121
4.4317
4.9271
4.92041
4.59495
4.25989
2.52768
2.82502
4.96642
3.86924
4.12838
4.25223
4.40631
4.31111
2.46779
4.51546
2.46671
3.865
3.58231
3.01389
4.27658
4.09033
4.91193
3.76541
4.75837
4.37059
3.91869
4.43986
3.05285
2.5835
4.61014
4.36591
4.31784
2.45141
3.14034
4.43443
3.90876
3.64614
4.72853
2.6088
3.90076
4.38913
4.33683
4.39585
3.96263
4.34347
4.40329
2.63248
4.43516
4.65698
4.33577
2.74353
4.09898
4.37472
4.39909
3.43478
2.50917
2.35736
4.10181
2.88376
3.60225
3.60002
4.08788
4.72499
3.89995
4.20874
4.49345
4.62045
3.81186
2.86791
4.29358
4.60353
3.5886
4.90825
4.87465
4.52728
4.66277
4.38176
3.97954
2.68012
2.98624
4.44798
4.39269
4.40338
3.91825
4.40195
4.55935
4.2693
2.87836
3.96264
4.66421
4.74584
4.77731
4.46443
1.54775
2.76634
3.08224
2.5637
3.13582
3.71311
1.65255
4.39078
2.59889
4.38473
3.94867
2.9615
4.67227
4.43746
3.90619
4.59218
3.05705
3.9894
4.36909
4.59815
1.4838
2.75841
2.52108
2.95754
2.45915
1.57757
3.86974
2.95413
4.54341
4.37485
3.45819
2.90064
3.73912
4.39371
4.4419
4.26276
3.77315
4.79333
4.33194
4.52923
4.37076
4.64494
4.2282
3.87896
2.52866
4.41183
4.26783
2.53731
4.47504
2.38794
2.94284
4.29552
3.80985
3.48971
4.48265
2.32237
3.78826
4.26129
2.88848
4.82484
4.94494
4.97547
4.4425
4.34691
4.32769
3.46454
4.52321
4.20855
4.63919
4.57072
4.57485
3.50925
4.88225
4.2844
4.35411
4.23293
4.84094
4.27448
4.91465
2.36438
2.90924
2.51908
2.93048
2.46473
4.89634
4.26652
4.42896
3.41798
4.23472
4.57501
4.34265
4.95112
4.67613
4.36051
4.26341
3.82197
4.27185
4.33877
3.87004
4.20855
2.83108
4.13395
2.55294
4.55303
1.539
3.97219
2.956
4.66283
4.99693
3.01205
4.28385
2.82268
2.51662
4.59802
4.2885
2.95622
3.51975
4.26949
1.42875
2.54729
3.87837
2.54064
4.9516
3.90208
4.91106
4.35878
3.90993
4.64229
4.60942
2.94297
3.53595
4.36422
4.50025
4.94589
4.49279
4.29986
2.94799
4.57351
3.82021
3.80242
4.91556
4.6181
4.33327
2.80047
2.43297
1.53956
2.28904
4.89784
4.10674
3.43442
4.63774
4.37294
4.54755
4.29514
3.11098
2.59864
4.39619
4.7688
4.35155
4.20225
3.70855
3.69865
4.59527
2.96349
4.94534
4.386
4.21854
3.74976
4.20771
3.47742
1.53929
2.37135
2.93396
2.49991
2.90507
2.58977
4.67015
4.33884
4.57823
4.3263
4.47909
4.9214
4.25871
3.76206
3.83446
3.00854
1.45061
2.36817
3.5318
3.82046
4.32353
3.04797
2.5878
4.62075
4.38491
4.21437
4.69498
4.03906
4.49314
3.94952
4.39793
4.47754
4.99108
4.19312
2.78786
4.43183
4.5831
1.61187
2.84579
4.25689
4.69376
4.98316
2.94772
4.22553
3.88583
2.52482
1.51942
2.51499
1.51104
4.53736
2.90942
3.80162
4.34894
2.42633
1.47687
1.44255
3.00941
2.5408
2.74239
4.91421
4.96108
4.29718
4.34304
4.44114
3.47068
4.40835
4.90887
4.59567
4.62456
3.49473
4.56956
4.60016
4.23989
4.4748
4.88366
4.22782
3.80359
4.39452
4.98981
3.87143
4.28838
4.52989
2.6103
4.33647
4.2035
2.44903
2.39357
3.79597
3.49836
4.55145
4.3382
2.85308
2.36242
2.93606
4.55693
4.32546
3.91865
4.29757
4.29652
4.37463
4.22176
4.9566
3.01168
2.4697
4.27927
4.8866
3.7252
2.3829
2.50681
3.54935
3.89666
4.09652
3.82735
4.83763
4.37204
3.8561
4.62202
4.48399
4.71821
2.98614
3.60092
4.39977
4.41068
4.55484
4.32695
4.98321
4.33017
2.9593
4.23668
4.33748
3.79202
4.92901
2.50031
3.73124
4.19607
4.29373
4.24147
1.55423
4.48954
2.96468
3.74981
2.95529
1.56763
2.53221
4.35598
2.9034
3.55197
3.96433
2.52382
4.60658
2.737
2.42896
4.34585
4.98503
4.63749
4.43754
4.4876
4.25018
4.52275
2.95059
3.8163
4.56498
3.89796
4.91735
4.35182
1.43723
3.88082
4.26567
3.79923
2.86474
3.65705
4.50794
4.28674
4.19855
3.81591
4.14782
4.424
2.5125
2.85352
4.89201
3.7363
4.33612
4.90243
2.52243
4.2033
4.57917
4.9946
4.25208
4.438
2.50663
3.76054
3.44038
2.91704
4.37
2.3673
2.82308
4.30546
4.50826
4.86917
3.9353
4.28792
3.81888
4.41685
2.58058
2.43299
3.76408
4.51312
4.3492
3.53023
2.97381
4.25119
4.61148
4.97958
4.25534
4.34759
4.2303
4.55353
4.27489
2.45051
4.18286
4.28406
4.87565
3.74539
4.4199
2.61705
4.34546
3.99078
2.92333
2.48244
2.32527
4.41017
3.00663
3.43826
4.53956
4.29504
3.81528
4.19033
4.84376
3.88491
4.75312
4.55574
2.99707
3.80384
4.36974
4.54306
2.80632
4.20433
4.47068
3.49916
3.6414
4.09558
4.9627
4.44818
4.19663
4.96474
3.90188
2.84255
2.72862
4.15554
4.59285
4.48109
4.46909
3.39888
4.66873
3.70122
4.27158
4.4726
3.67144
4.7976
2.45911
2.34445
2.93084
2.50074
2.82994
3.46287
4.15058
3.76637
4.98165
4.23444
3.72693
4.39917
4.56774
2.93639
3.48629
4.25631
4.60304
4.88088
4.54427
4.44067
4.38012
4.64343
4.40117
3.83291
4.43597
4.37321
3.85275
2.42141
4.16896
4.4114
2.74837
4.52861
1.55605
3.87959
3.01572
3.01778
4.50478
2.99513
2.51048
4.72261
4.35424
2.98454
4.61448
3.54293
2.61342
2.55699
3.98005
4.4717
1.51819
4.57095
4.29082
2.87563
4.65685
3.81728
3.98218
4.3876
4.57257
2.35663
1.57352
2.52338
1.42645
2.43631
3.37279
4.30243
2.92228
2.37552
3.91234
4.66092
4.39213
4.93345
4.37865
4.90363
3.72776
2.96955
3.00297
3.76018
4.33162
4.70327
3.52838
4.54618
4.50284
4.50451
4.23704
4.94995
4.41385
4.58585
4.99226
4.31177
3.82166
4.87805
3.80386
4.55584
2.92398
4.59704
4.25711
3.85414
4.50595
3.52912
4.3062
4.59367
2.93373
4.5368
3.84334
2.82837
2.33457
1.52369
2.50465
4.21041
3.50203
3.76473
2.37758
4.62136
4.59161
4.40251
4.3642
2.89183
3.87086
4.4326
2.54864
4.32675
3.94509
4.46943
4.40513
4.33722
1.55502
4.63616
2.9657
3.83769
2.95432
1.51944
2.94574
2.58378
2.50376
4.63418
3.52294
3.79648
4.29542
2.97216
2.53816
4.31215
4.98563
4.64888
4.30384
4.91145
4.2221
4.86092
3.74609
3.80551
4.59558
4.51615
4.85112
4.5588
4.26905
3.50922
2.84155
4.31636
4.65619
4.49655
2.91121
3.77197
4.62329
4.33091
3.86988
1.57587
2.50585
3.85332
4.47144
3.52763
2.94664
4.34097
2.51651
4.39027
2.94051
3.76092
4.55663
4.97416
4.3468
3.88294
4.2125
4.87251
2.46449
2.59701
4.27446
3.83796
2.90346
3.41022
4.4714
4.24166
4.4925
4.41289
4.28145
3.94684
4.30707
4.57556
3.82499
2.86071
2.42422
4.26645
4.925
2.54449
4.34677
4.51095
4.34725
2.89292
3.7854
3.4899
4.53615
2.52561
4.22408
4.16857
4.5861
4.36877
4.28554
2.46585
4.32954
3.84841
4.97685
4.23088
2.91581
4.29561
4.53071
3.49115
3.00033
2.5882
4.26481
4.25263
4.97337
4.56375
4.31025
4.41585
4.15256
4.77437
3.63211
3.57865
2.83319
1.50598
4.47275
2.37171
2.35603
4.45076
4.09495
2.75952
3.35933
3.68691
4.12027
4.80686
4.66468
4.55193
4.47734
4.46709
2.58619
3.03875
4.23998
4.98162
4.40726
3.81778
3.79156
3.15145
3.96209
4.30887
4.677
4.68239
4.38557
2.61735
2.42731
3.08618
3.58378
1.61445
4.63175
3.83342
4.30932
4.41971
4.31368
3.95177
4.18927
2.82881
4.59434
4.62683
1.53236
2.9606
4.40178
4.41793
2.51024
4.26196
3.87376
4.97532
2.78891
1.48363
2.79872
2.96065
2.48203
1.42717
4.42815
4.4338
4.73208
3.98558
4.2517
4.29113
3.86201
4.68241
2.50145
4.38796
4.3014
2.66644
2.62007
2.52837
3.96997
3.05001
4.60326
4.35511
3.59302
2.99446
3.90974
4.43765
4.61577
4.90047
4.9259
4.93129
4.86452
4.39648
4.28043
4.23301
4.81934
4.26113
4.89945
3.49001
4.60951
4.56483
4.60458
4.62359
3.52234
4.26319
4.33179
4.39738
4.35146
2.40169
2.56141
2.92088
2.2994
4.5307
3.83876
4.33846
4.46906
2.97453
4.53751
4.56943
3.97574
3.90693
2.92763
4.38857
4.6048
3.6048
4.37427
4.43096
4.9437
4.63041
4.30334
3.82219
4.93334
4.26751
3.0318
4.61269
4.47409
3.75198
3.70356
4.90794
4.52389
4.19848
2.82972
3.54133
4.39749
4.57078
3.81815
4.64262
4.95389
2.67621
1.5115
2.32596
3.88353
4.35845
4.51225
3.90035
2.88235
4.98529
4.32649
3.63951
4.5326
4.59355
4.59671
3.81248
4.23155
3.79184
4.35412
4.39726
2.86418
2.54767
4.4746
4.30217
4.43242
4.65019
4.384
3.09468
4.68739
3.83951
1.49646
2.84235
4.31324
4.7553
3.06369
4.3904
3.92518
2.47417
1.6074
2.6905
3.64207
4.45092
3.05688
2.68068
4.72383
4.69862
4.29706
3.94514
3.064
4.02252
4.4799
4.68251
4.44002
2.96509
2.4007
4.65684
4.37257
4.98982
4.96156
2.72096
4.14159
4.46775
4.33078
2.46161
4.98894
4.67653
4.14405
2.81732
2.7439
3.95795
4.49922
1.48927
4.31463
4.84166
3.73967
2.45029
2.53038
4.52831
3.39733
3.82311
4.22179
4.62147
4.45586
4.65229
4.37198
2.88712
4.29732
4.38209
4.94067
2.36665
3.07137
2.81729
3.88212
4.61172
3.93584
4.32569
1.68135
2.66662
4.4267
3.53898
4.02991
2.65503
4.61156
4.45783
4.30025
3.68379
3.70039
4.1102
4.32839
4.28243
1.41108
4.61511
4.44777
3.79524
3.02301
2.95993
2.90786
2.39473
4.35868
4.9277
4.53168
4.30615
1.47894
4.25728
4.34147
2.51753
4.48022
4.31899
2.91973
3.904
4.52421
4.18912
4.79758
2.54005
4.32495
2.35544
3.83492
4.89447
4.17101
3.73754
2.87837
3.44443
4.43613
4.40167
4.46029
4.27238
4.69257
2.42783
2.97838
4.61441
3.81361
4.45251
4.82079
2.51917
4.29274
4.38868
3.83072
2.52798
3.94864
4.58108
3.53236
2.8759
4.29311
4.3655
4.18953
3.70734
4.24777
2.48407
4.27804
4.23
4.51606
4.84932
4.74985
4.06067
3.16457
4.53215
4.44435
4.57504
4.09932
2.77628
4.6049
4.52791
4.98724
4.37936
4.19736
4.27479
4.92611
2.75623
4.61974
3.72218
1.84074
2.97947
1.47596
4.40168
4.65316
2.67012
4.31921
3.96482
2.96585
2.46091
2.5925
4.67106
4.27658
3.12726
3.615
3.82856
4.32848
4.76073
4.51202
4.93579
3.71475
4.96172
4.78549
2.85295
4.26595
4.59534
3.50385
4.54892
4.70495
4.36402
3.68622
3.03583
4.65897
4.5365
3.86548
4.24189
2.5533
2.45957
3.84948
3.44205
1.62622
4.27478
3.89304
2.56368
3.89541
2.61223
2.92083
2.86082
4.23857
4.59296
2.56396
2.96329
2.44631
2.51353
2.9371
2.92085
4.29623
2.96684
4.53922
2.42564
1.42961
3.80869
4.20994
3.75977
3.74439
3.58621
4.90943
4.35054
4.32098
3.48007
4.86683
4.65742
4.36913
4.59776
4.32263
4.89442
4.22247
4.55544
4.23611
4.20505
4.55123
4.37969
3.51176
3.48647
4.92427
4.28672
4.65328
4.40493
4.26533
4.46271
4.2846
4.80357
4.93933
4.9187
3.6076
1.4719
4.20535
1.46653
3.49771
2.91313
2.45831
2.85679
2.56116
2.98628
4.64215
4.97103
4.43427
3.84776
3.52913
2.7816
4.56697
4.86464
3.8061
4.22988
3.73209
2.45023
3.67629
4.64686
4.19468
2.99111
4.96012
2.47215
3.79953
4.30938
4.40943
4.56383
4.41348
4.93465
3.80794
2.82797
4.30778
4.48929
2.35883
3.77259
4.35804
4.40146
4.55707
4.26044
4.40933
2.35499
3.34609
4.50281
4.25165
2.8805
4.95238
3.81826
4.22956
2.50378
4.43925
4.13369
2.55678
4.96403
4.22279
3.85274
4.32908
4.25155
4.61138
4.16322
2.90269
4.85938
3.88068
4.3182
2.54441
1.54325
1.53732
3.38258
2.87052
2.52802
2.918
4.90358
3.5548
4.53296
4.19942
2.81465
4.55036
4.89598
3.8438
2.56057
3.51389
4.14775
3.93445
4.33975
4.24641
4.53092
2.90614
4.9903
2.44713
3.77435
4.37195
4.94035
2.49604
3.922
4.58106
4.36489
2.94458
4.28416
4.55006
4.34783
4.46276
4.29928
3.72162
2.50233
3.58944
4.15722
2.37944
2.83523
4.49899
4.90073
4.24977
3.60725
4.98731
4.29461
3.79739
2.46077
4.91208
4.30876
4.24075
4.17416
4.47414
4.45099
2.38146
2.94533
2.4594
2.8413
2.39207
2.91006
3.55355
4.26678
4.55746
3.33435
4.2283
4.80673
4.6231
2.86403
3.1169
3.66336
3.76109
2.5777
3.89088
4.3676
1.5507
2.51792
3.90112
4.9899
4.68045
4.32995
4.9862
4.31289
4.54406
4.28897
2.42461
4.57938
4.23945
2.82911
4.25064
4.71208
4.24253
4.34901
4.33227
3.85767
4.24345
3.98486
2.814
2.76511
4.42064
3.48725
3.73442
2.42022
3.80025
2.48442
3.74295
4.19086
1.53129
4.99829
4.14873
4.35056
4.70579
4.52987
1.64339
3.85955
2.85496
2.55539
4.56702
4.39265
2.98128
4.32941
2.93417
2.85584
2.32907
2.86665
2.42413
2.90047
2.37065
3.69194
3.70609
2.44351
3.84181
2.39775
1.40018
4.18729
4.32752
3.72073
3.7934
2.38107
1.4568
3.83406
2.41445
2.74008
4.45445
2.49739
2.91998
2.91017
4.98473
3.48188
4.37913
4.37979
4.80652
3.43853
4.56854
4.32511
4.27801
4.55081
4.27411
4.66357
4.39228
4.33146
4.53506
4.32102
4.88695
3.55141
4.36745
3.53131
4.54112
4.23752
4.25851
4.47739
4.22184
4.99492
4.97328
2.84279
2.44077
1.5923
2.48908
1.55814
2.42696
3.53411
3.78894
4.33974
3.04934
2.50612
2.98098
3.98103
2.46187
3.6169
3.81388
2.55276
4.30492
2.93084
2.42861
4.56253
4.35763
4.32076
4.72399
4.64756
2.74879
4.58449
3.65549
3.48486
2.86683
4.22934
4.45028
4.88108
3.82945
4.22198
4.963
4.20481
3.69085
4.29125
4.68338
4.67022
2.86809
4.43754
4.60945
3.86073
3.52512
4.31079
4.5627
2.92502
4.97926
4.26322
3.78412
3.84672
4.48687
4.92975
1.43648
2.44119
1.5759
2.31937
3.71715
3.41795
4.52405
4.20657
2.71526
4.94462
3.73461
3.32098
2.78667
4.50589
4.16381
4.32693
4.82386
4.1814
2.41593
3.87306
3.56622
4.64801
2.62529
3.06054
4.32042
4.88666
4.29546
3.81726
4.76663
4.27741
3.07113
3.89512
4.40478
2.61661
4.48549
4.27494
4.24637
3.98383
4.3698
4.42866
4.34478
2.51439
3.89144
3.65158
3.09898
4.37795
4.72802
2.55826
3.79486
4.21387
4.44059
2.64768
4.6575
4.51669
4.3724
2.89595
2.42681
1.48005
2.51577
4.39689
3.00132
3.65808
3.94013
2.48765
4.18171
4.40873
3.47801
4.51915
4.19767
4.63826
4.63137
2.8667
3.87218
4.67365
4.37369
1.46507
2.54187
2.85705
3.54932
1.59383
2.45798
2.95572
4.29721
4.32346
3.83303
4.96085
3.06463
2.55584
4.28437
4.8482
3.78238
4.8816
4.98718
4.2394
4.5124
4.51143
4.72738
3.74855
4.2486
4.49073
3.48629
2.8757
4.82853
3.8402
4.69727
2.81862
4.23815
4.96419
4.58276
3.74885
1.5196
2.52598
3.82859
4.56265
4.29219
3.58698
2.90734
2.51352
4.40493
1.43774
2.95559
2.40752
1.5237
2.83387
2.45521
2.828
4.22483
4.53991
3.79096
4.37203
4.23696
3.49472
4.22188
4.51292
4.22238
4.61932
4.52352
3.56773
4.58422
3.92663
4.97534
4.34913
4.51454
4.22014
4.4873
4.23053
3.77441
4.38977
2.46794
4.22289
2.48774
2.90325
4.33735
3.86364
3.4796
4.57249
2.46899
4.33968
4.63027
3.76216
4.34849
2.81837
2.37145
4.23746
4.28489
4.99861
4.39615
4.30091
2.89327
4.28185
4.58811
4.62992
3.48465
3.89073
2.40426
4.36196
2.84685
2.48893
3.47722
3.81722
4.20228
4.96574
4.55081
4.44806
3.77581
4.31695
4.55992
2.95749
3.53585
4.98061
4.36054
4.49262
2.58484
4.24438
3.83771
4.97963
2.96628
4.23453
4.97901
4.47977
4.31958
4.25971
4.14925
3.79916
4.27838
4.27407
4.47649
2.93311
3.75142
4.49224
4.50088
4.33675
1.51989
2.44657
2.93739
2.50966
2.88994
3.53641
1.45195
4.593
4.37904
4.25267
3.88883
2.40201
4.95856
2.81373
4.57303
3.88217
2.91935
4.28404
3.87905
4.95777
4.5052
1.51831
2.99931
2.4168
2.95467
2.61842
1.50724
4.34879
4.48572
3.79246
4.63722
4.18557
2.91179
3.50179
2.85936
4.30874
3.94415
4.55857
2.44235
4.35636
4.33211
2.25744
2.95374
4.16622
4.49633
2.50018
3.76144
3.43274
4.47764
3.78855
4.23242
2.52029
2.8414
4.75355
4.92802
4.91859
4.48197
4.30152
4.28303
3.60992
4.62199
4.27238
4.58603
4.56804
4.50575
3.53177
4.89623
4.31887
4.36822
4.34201
4.88318
4.2036
4.87507
2.54668
2.8234
2.48502
2.98159
2.46128
4.64409
4.88671
4.25881
4.46879
3.38658
4.38217
4.51761
4.46112
1.56203
3.91083
2.95294
2.72932
2.57562
4.4784
4.26811
2.93448
4.26789
2.8519
3.46955
2.45718
3.80855
4.18045
1.52994
2.41336
4.92952
4.87056
3.84471
4.37381
4.74349
4.24183
3.91275
4.68628
4.4643
2.91162
3.50987
4.15733
4.61316
4.98511
2.91988
4.63238
3.84179
3.76072
4.96112
4.4647
4.23547
2.8182
2.53057
1.49841
2.53045
2.9015
4.86945
4.24843
3.69368
2.38868
3.42603
3.74264
2.48432
4.1498
4.53916
3.92877
4.66004
4.49796
3.62277
2.96923
4.36167
4.62382
4.36817
4.28408
4.93871
3.02374
4.45908
4.38192
3.91608
2.60889
4.13566
3.8114
4.32623
4.38447
4.20755
4.62685
4.26336
1.60617
4.65355
3.07201
2.77335
1.54853
2.56934
3.48884
3.83406
4.27126
2.88031
2.31584
4.529
3.8054
2.86875
2.43867
4.92259
4.45709
4.2752
4.19195
4.4206
2.98267
3.95748
4.62086
3.82497
4.32131
1.55154
2.37981
1.46189
4.96549
4.8216
3.7715
4.19615
3.65703
3.53769
3.01912
4.49172
4.26193
2.51782
4.63957
4.96578
4.41028
4.32053
3.79276
3.66664
4.53777
2.49502
3.00525
4.31192
2.34738
2.87851
4.48713
4.16083
3.85761
4.19462
3.76246
4.42034
4.33124
4.28558
4.67834
4.33751
2.40195
2.55421
3.87104
3.476
4.49355
4.26665
2.84991
4.24692
4.50662
4.88631
4.22829
2.61999
4.26666
4.98377
4.23245
3.79693
2.95763
2.56539
4.25461
4.67039
3.73365
4.50026
3.88635
3.87606
2.92269
4.41577
4.6895
3.83327
4.29587
2.46172
3.05174
3.42392
1.51965
2.55069
2.66471
2.38856
4.2136
4.79994
4.41143
4.32733
4.58429
4.94849
4.3607
4.26923
4.58984
3.78734
4.17932
4.13507
3.71994
4.33721
4.16175
3.92356
3.89586
2.83445
1.58612
2.52876
4.23894
2.83898
3.39604
3.83023
2.38937
4.46923
4.62011
4.35217
4.95538
4.5098
2.85144
4.43183
1.57085
2.84302
4.30135
4.50057
4.23805
3.75495
4.85354
2.79088
2.38631
1.60756
4.25204
2.59041
4.58502
3.81737
4.20371
2.91785
2.42963
1.5271
2.83602
2.37316
1.45837
2.80113
4.38544
4.17092
3.54448
4.39008
4.25406
4.59711
4.62468
4.53895
3.58002
4.62994
4.11693
4.49676
4.75774
4.4106
3.96563
4.10062
3.62153
4.35012
4.49071
2.63351
4.43727
2.36733
2.56632
3.90258
4.51567
4.26776
3.47702
2.79868
4.24749
2.42277
2.85072
4.15854
4.54022
3.7053
4.18798
4.18494
4.80349
4.33602
4.41047
4.99312
4.92614
4.51378
3.98063
4.23211
4.31505
3.67479
2.44275
4.93116
2.8776
2.42163
4.30918
2.94365
2.63093
3.5028
4.49086
4.69306
3.79576
2.79293
4.3591
3.87836
4.94354
4.52698
4.30451
4.60119
2.96297
3.52429
3.69375
4.27351
4.95311
4.50773
4.26907
4.02404
2.94199
3.07861
4.41948
4.52058
4.5996
4.65119
3.52831
4.53995
3.89641
4.36533
4.97723
4.58483
3.94766
4.94994
3.41202
1.68162
1.44287
3.53771
2.90715
2.84825
2.36017
2.79062
4.41568
4.71748
4.9439
3.63865
2.40348
4.16468
2.39253
4.1559
3.34537
4.85825
2.89873
4.43651
4.95061
3.69333
4.22792
3.70803
4.50337
4.6809
4.43764
4.324
3.93176
2.96106
4.79693
2.62867
4.43896
4.51956
3.93265
4.2723
2.56609
4.41082
3.97247
4.41396
4.3988
3.71739
4.76399
2.99777
3.89884
2.55437
2.49918
4.32148
4.51645
4.70695
4.36161
4.63752
2.89523
3.93642
2.52726
1.74573
1.56257
3.47276
2.82789
2.87394
2.53885
4.28504
4.42715
2.49754
4.85664
3.47731
4.53199
4.29337
2.95664
4.49589
4.90646
3.82066
4.23315
4.33326
4.26992
3.88947
4.99198
2.41047
3.77156
4.58256
2.73981
4.2936
4.17249
4.21662
4.52073
2.5232
4.34579
4.35917
4.30116
4.52292
3.41777
2.48038
2.80927
4.56295
4.9303
3.83698
2.29099
4.26758
4.21249
4.88145
4.25232
3.62379
2.5918
2.91915
2.47452
2.43059
2.89747
3.43329
4.26359
3.93393
4.53719
2.90072
4.5117
3.54441
4.31099
4.49264
4.68505
4.37793
4.30911
4.20641
3.86294
4.31505
3.71849
4.94237
4.25964
4.50203
4.39533
2.45144
4.43682
3.05957
4.73312
4.40688
4.53088
1.4952
3.72612
4.94448
2.90321
2.44138
4.57461
4.26154
2.87625
4.2779
2.82042
3.02358
4.66559
3.60601
2.51769
3.90921
2.43596
4.38515
1.47807
2.94674
3.8564
3.96818
4.58317
4.43667
4.68924
3.00414
2.54528
2.49452
1.53319
2.49596
3.42878
3.64614
4.0955
2.38526
1.5109
2.8547
1.60462
2.84641
4.54666
2.76318
3.80731
2.53579
3.44199
3.84518
2.41691
4.51997
4.27773
2.91057
2.4379
4.85844
4.38178
4.23513
4.21957
4.97575
4.99571
4.24891
3.87508
4.35079
4.54344
3.84379
4.66299
4.63336
4.45534
3.53236
4.33171
2.98792
4.35953
2.91888
3.88108
4.73459
4.97883
4.44663
3.88913
1.43567
1.6868
2.50043
3.73489
3.36817
4.40805
2.92706
4.39345
2.49683
2.65605
4.37412
4.92193
3.9245
3.65404
3.02463
4.67866
4.44925
4.62965
4.84068
4.19992
3.87714
4.36179
4.28473
4.61108
2.9662
4.89369
3.73873
2.45389
4.38371
4.329
4.67413
4.36611
4.32483
2.47673
4.52162
4.96617
4.29041
4.18397
4.99093
3.85693
3.63129
2.88394
4.65047
2.54498
4.37572
2.64806
4.43554
4.00557
4.46551
2.48967
1.53986
2.42752
4.2613
2.82192
3.44855
2.47922
3.92048
2.86212
3.00958
3.91482
4.31687
4.46794
4.58604
3.51803
4.61332
4.63637
4.35984
4.39125
4.60334
4.26436
4.85218
3.76684
4.92016
3.8326
4.59127
2.9304
4.29789
4.99835
4.54657
3.79486
4.53707
4.26565
4.63116
3.44567
2.88327
4.54937
3.86318
2.9339
4.24437
4.46948
3.53239
3.80725
2.95562
1.46473
4.59105
3.65346
2.40586
4.22938
3.03383
2.52017
4.55381
3.52895
3.90733
4.2895
4.98927
4.40635
4.63626
4.28844
2.48444
4.24172
2.91775
4.11279
4.92154
4.51027
4.66368
3.85268
4.37673
4.352
4.43088
3.87864
4.21056
3.75736
2.93998
4.19407
3.73013
4.98388
4.44169
3.66514
4.53767
4.23676
2.33965
2.96179
2.41527
3.51773
1.49058
2.81731
4.5774
1.5899
2.92823
4.49018
4.30954
4.56182
4.22394
3.87035
2.56552
2.9537
1.46433
2.86353
2.36432
2.754
1.50253
2.57142
2.48425
2.64211
2.57474
4.19778
4.39044
3.88749
4.57546
4.3637
2.9452
3.61172
2.99778
4.2272
3.89578
4.59471
4.95747
4.94763
4.93252
4.98769
4.33808
4.23375
4.31166
4.98174
4.33613
4.92409
3.45723
4.45143
4.52858
4.51204
4.55372
3.50179
4.18233
4.28121
4.31317
4.373
4.964
2.60166
2.83886
2.41813
2.45599
3.0926
3.79323
3.93514
3.08102
4.41282
4.73567
4.96076
4.30769
4.67478
3.68586
4.43467
4.47377
4.56775
4.40303
4.87484
3.92252
4.33455
3.03458
4.42612
3.81193
3.82591
4.94628
4.59869
4.21518
4.61853
2.98241
3.51319
4.37229
4.46911
3.8461
4.61785
4.94285
2.72253
2.21641
2.33139
2.96371
3.68662
4.65419
1.47191
2.98037
4.94964
4.19634
3.77624
2.53606
3.49344
3.71586
2.41454
4.51447
4.20617
4.65684
4.44783
4.39752
4.09324
4.83412
3.07035
4.45764
4.40894
2.49339
4.75859
3.86345
4.189
3.98157
4.49302
4.35265
4.41708
3.00692
3.7757
4.57856
4.96379
3.81018
4.24079
2.85847
1.42043
2.38802
3.58374
3.71462
4.3416
2.43805
4.60321
1.50526
4.63894
2.77048
2.82674
4.59656
3.82838
2.8778
2.34482
4.94941
4.48074
4.22752
4.26494
1.45055
1.40019
4.19096
2.31005
4.30939
2.46657
4.90973
4.80267
3.68545
4.18703
3.72826
3.34546
2.92114
4.44144
4.39941
4.46467
4.38535
4.63865
2.60396
2.96792
4.64133
3.92741
4.36675
4.3856
4.34333
3.87929
4.40397
2.68688
4.46944
4.39018
3.97159
4.86977
2.43401
3.78534
3.55404
4.73455
2.90861
4.15674
2.50435
4.19333
4.20651
4.38895
4.9824
2.27531
4.42111
3.60093
2.79116
4.75902
4.99398
4.14144
4.31626
3.38791
4.73061
4.64087
3.99048
4.52728
4.48153
3.88703
4.40428
4.47003
2.86206
2.4799
4.2644
4.88997
4.27069
4.52075
4.14123
4.5017
4.21551
3.05366
4.78723
1.75455
3.18199
4.54117
4.68064
4.39081
4.06785
3.03828
2.69259
3.71958
1.40927
2.45098
4.28839
2.89704
3.66282
2.36612
4.60588
3.60185
2.7713
3.62644
4.91092
4.36331
4.01009
4.83502
2.87575
1.52514
3.05505
1.57135
4.38813
3.85625
4.31299
4.63047
4.25547
3.82941
2.48564
4.96042
2.94343
2.48208
4.23785
2.84119
2.54503
4.58502
3.51899
3.8778
4.23038
4.81788
4.65036
4.3417
4.58721
3.89141
4.95938
2.81298
4.16744
4.51814
3.49731
4.53983
3.67535
2.93522
4.61759
4.44913
3.78406
4.1426
4.98437
3.4837
2.53443
2.43665
3.48081
2.31927
2.45882
2.93785
4.86714
2.81653
4.25621
2.81615
4.19502
4.46869
2.42747
1.49479
3.74237
4.17692
3.77758
4.27154
3.71858
4.32162
4.47852
4.29195
4.29908
4.55371
4.23985
4.9664
4.29068
4.5374
4.34874
3.39295
3.47238
4.93887
4.96385
4.93816
4.8671
4.23576
4.42983
4.27574
2.63857
2.48972
4.96683
4.16399
4.365
3.85908
3.62108
3.80128
2.49428
1.57103
4.34642
3.85354
2.55147
2.89708
4.50101
2.34503
2.93272
4.35738
2.9466
4.32438
4.55584
4.2589
4.33345
4.55821
4.31291
4.99586
4.96923
4.1786
4.51054
4.30314
4.83959
4.93362
3.49741
3.5685
4.94554
4.23813
4.97527
4.63958
4.322
3.65242
4.31255
2.28145
4.44524
1.39598
4.40521
2.87145
2.58797
1.6211
3.48471
2.86744
2.65123
3.01007
4.30218
4.71045
3.9257
3.7366
4.25014
4.30915
4.17565
4.90453
4.82733
4.51079
4.28767
3.64569
4.14843
4.19571
4.31305
4.82048
4.07639
2.69284
4.25547
3.71816
4.47717
2.43249
2.29849
2.43783
3.45724
4.14792
4.14121
4.49136
4.22032
3.66705
4.22085
2.89742
4.92116
2.4129
4.24521
4.1228
2.44406
4.58135
4.24311
3.73835
4.23014
2.86113
4.89561
2.4107
1.47902
2.77524
2.41364
1.5126
3.42301
2.81502
4.37994
4.54531
4.32494
3.72297
4.84497
4.35294
3.82916
4.32646
4.50557
4.41056
4.45458
4.19495
2.47791
3.77146
4.63327
4.31892
2.98204
2.3575
2.50301
3.44252
4.21293
4.19096
4.19215
2.39277
2.74739
4.28909
4.51592
4.84839
3.78857
2.53434
2.57721
3.87189
3.32331
1.53723
4.19401
3.75095
2.35678
3.69515
2.41775
2.89869
2.95279
4.26796
4.50692
2.55552
2.8381
4.32951
4.43735
4.14372
4.50889
4.62264
4.3329
4.8045
4.33816
4.60279
4.26591
4.95491
3.61127
3.45696
4.31051
4.7948
4.4967
4.18839
3.50709
1.49253
4.20264
1.48583
3.43568
2.72295
2.44534
2.82738
2.40654
2.77701
4.49972
4.77076
4.35995
3.72518
3.93121
4.41057
4.53137
4.99965
4.19338
4.35382
4.32587
4.51533
3.96963
2.91598
4.48978
4.65474
2.5821
4.99407
4.6349
4.47636
4.84225
3.71986
4.23887
2.42811
4.16349
4.36453
2.55239
3.5819
4.68426
4.21592
2.96488
4.91464
3.84394
4.40519
2.44
4.67554
4.28114
2.98209
4.97947
3.83975
4.32448
2.49142
1.57825
1.53653
3.58692
2.89562
2.51902
2.91711
4.20275
4.55551
4.30538
3.73262
4.37897
4.13783
4.18129
4.94833
2.53342
3.90211
4.51623
4.33409
2.88069
4.27063
3.7745
4.85216
4.28445
4.64789
2.43305
4.31677
4.30564
2.48319
3.46577
4.32933
2.4977
2.86286
4.57075
4.97772
4.22856
3.84925
4.5992
2.49709
2.99071
2.48471
2.91652
2.47009
3.02537
3.54749
4.33934
4.30351
4.19438
4.24994
4.11819
4.27493
3.76142
4.56214
3.77341
4.91311
4.23459
4.53379
4.96821
4.33801
2.4083
4.65953
4.29423
2.89775
4.50273
4.9455
4.3376
4.68072
3.6584
4.85179
2.36743
4.51635
4.22963
4.28124
2.92293
4.60852
1.47244
2.83722
2.95352
2.86678
2.87443
4.59141
3.55793
3.76969
2.44828
3.78204
2.52396
3.86632
4.31798
1.53877
2.83446
2.45264
2.96025
2.47504
2.90857
2.44084
3.73045
3.68972
2.47794
3.77793
2.45639
1.52429
4.1765
4.51835
4.35267
4.34373
4.90791
4.63279
4.36656
4.91848
4.3276
4.92074
4.57665
4.25706
4.98711
4.85813
4.9008
3.55903
4.19876
3.4982
4.51549
4.23766
2.83615
2.38479
1.47206
2.38629
1.48872
2.41666
3.50967
3.74132
4.23847
3.03771
2.45209
4.24948
4.50389
4.88017
4.96834
4.22218
3.83447
4.99534
4.31251
3.90616
4.86368
3.77715
4.47646
4.63515
2.88576
4.51624
4.53208
3.71785
3.45782
4.30017
4.59459
2.8122
1.55455
2.49377
1.56976
2.48818
3.7423
3.27513
4.46722
4.2916
2.83973
4.54682
4.30282
3.88716
4.30429
4.30756
4.3693
4.64288
4.18525
3.00319
4.9818
3.88926
4.34222
2.51134
4.98389
3.898
4.35078
4.58234
4.43983
4.37123
2.58194
4.42094
4.302
4.97116
2.48625
3.81137
3.59363
3.03592
4.42717
4.66956
2.52696
2.90024
2.47484
1.5482
2.39627
4.20306
2.76729
3.48517
3.86889
2.46911
4.30443
4.547
4.35293
3.85708
4.88998
4.21735
4.93346
3.86238
3.77266
4.55255
2.95751
4.62508
4.49168
4.47549
3.80537
4.23029
4.58708
3.59118
2.89633
1.4921
2.48618
3.7467
4.52117
4.2478
3.62838
2.93098
4.66188
4.3761
3.71519
4.1761
3.80167
4.93344
4.31604
4.43629
4.93595
4.27258
4.27712
4.17219
4.53717
4.33542
3.82978
4.32474
2.95405
4.97831
2.55509
4.2653
4.26781
4.99285
2.42599
4.20071
2.4398
2.82926
4.26782
3.83856
3.55575
4.56202
2.3806
2.91627
4.20753
4.42197
4.62171
3.49089
4.38829
4.3727
4.2849
3.88163
4.23462
4.28515
4.59981
4.29736
4.48552
2.49451
4.35547
3.83957
2.94449
4.20128
4.87996
4.54671
4.49447
4.33148
4.57782
4.31048
3.85289
2.54018
4.98738
2.9667
4.23823
4.98848
4.63102
3.81979
2.8972
3.86165
2.85175
3.73204
4.53752
4.6162
4.39833
1.49684
2.39034
2.92068
2.51309
2.98723
3.5566
1.44001
1.43969
2.78861
2.37977
2.83918
2.48633
1.44928
4.97075
4.99778
4.98235
4.95169
4.88703
4.18217
4.32874
4.27271
4.3734
4.24061
4.28676
4.26888
3.40538
4.43681
4.27598
4.55878
4.68802
4.50528
3.53026
2.4226
2.83021
2.44924
2.89436
2.38231
4.63333
4.25938
4.94376
3.93618
4.3234
4.93873
3.82183
4.91782
4.37327
2.86319
4.51743
3.82487
4.54726
3.82791
4.54028
4.51706
2.87718
3.44006
4.29422
4.50735
2.92117
2.34147
1.42635
2.3746
4.93926
4.25514
3.86854
4.4498
4.41105
4.37914
4.26931
4.48418
4.58012
4.54265
4.20598
4.83969
3.14397
4.50754
4.32748
3.9874
2.50076
4.64538
3.96961
2.89743
2.52055
4.56174
4.28574
4.2061
4.48257
4.33204
2.92881
3.75307
3.82315
1.58063
4.58876
2.90545
2.88244
1.484
2.50408
3.57367
3.79976
4.27526
2.86806
2.46927
4.61497
1.55282
2.55021
1.51693
4.24949
3.93736
4.34947
4.65768
4.37499
4.45483
4.43434
2.60227
2.98904
4.65532
4.48461
4.00917
4.4914
4.75628
4.21163
4.96279
3.87405
4.28847
2.52717
4.30299
4.3774
4.98522
2.60753
2.52634
3.85249
3.67448
4.62711
4.40685
3.06179
2.79019
2.40617
4.95242
4.22365
3.93327
4.29967
4.3521
4.42236
4.22603
4.62024
3.93571
2.98162
2.49501
4.21191
4.56902
4.3794
4.64703
4.91192
4.21485
4.71838
4.48938
4.25064
4.88843
4.43268
2.88879
4.24712
4.37508
3.85496
2.56606
2.86127
1.57529
4.55763
2.84809
3.72182
3.69659
2.78058
1.40474
2.37658
4.22663
2.91799
3.46961
3.71714
2.44099
4.5906
1.54873
4.05123
3.73181
4.26503
4.57405
4.26854
4.44057
4.87693
4.43784
4.97535
3.68883
4.35588
4.34945
4.21427
2.46783
2.87648
4.23041
4.44173
4.95318
3.69018
4.25093
4.23263
4.87074
2.40466
4.16071
2.47164
2.36822
3.76449
4.49005
4.21844
3.3574
2.80792
4.41654
4.28811
3.8666
4.26897
4.87376
3.89348
4.33285
4.93355
4.96915
4.46904
3.81023
3.77872
2.95672
2.82115
4.2222
4.52981
4.57386
4.49287
3.4947
4.50724
2.74616
3.8777
3.47184
3.77233
2.5926
3.90931
2.47896
1.48366
4.33446
2.55124
2.96171
2.99101
4.66768
2.48153
2.90963
4.46626
2.43812
2.97733
4.57409
2.4903
2.92345
2.78961
4.33899
2.39154
1.38772
3.86241
3.93352
3.81438
4.34857
3.37969
4.95701
4.21654
4.3354
3.63064
4.35342
4.65488
4.4201
4.26135
3.43229
4.38736
3.55452
4.96274
4.31757
4.70636
4.42103
4.5789
4.25675
4.91228
4.95116
1.3464
4.36949
2.85128
2.66846
2.90349
2.51024
1.8111
3.52441
3.66332
2.977
4.01669
4.50713
4.69739
3.5767
3.05365
4.47835
3.87336
4.65946
3.95411
2.59845
3.35517
4.35492
4.37041
3.70937
4.33922
2.4005
2.93361
4.94787
4.94323
4.58483
4.32804
2.43868
3.43457
4.48052
4.28752
2.35463
3.67313
4.25687
2.89724
4.80157
4.96052
4.35428
4.58446
2.33717
4.71166
4.27287
4.14749
4.10423
3.59024
4.52058
2.47447
2.95264
2.415
2.86799
2.6066
2.93611
4.51888
3.41657
4.32295
4.4926
3.60128
4.21299
4.90401
4.61432
2.927
2.85362
3.41621
3.82444
2.4636
3.8365
4.30694
1.47644
2.5367
3.87929
4.91419
4.26809
4.47849
4.64456
2.87108
2.97837
3.63177
3.85963
4.31933
1.5255
2.50248
3.90366
2.5787
3.82918
4.62603
4.36258
4.51423
4.49518
1.5127
3.77964
3.014
4.27737
2.90913
4.24793
2.92707
2.44255
4.5758
2.75986
2.51688
2.94274
2.45884
2.78785
2.44396
4.34531
3.78558
1.50394
3.89254
2.44823
3.77897
2.59474
4.15809
3.81188
3.77801
2.39016
1.52996
3.68749
2.46397
4.29033
2.92135
2.90821
2.99204
4.65847
2.55137
4.76939
3.57448
4.15491
4.44491
4.94882
3.53657
4.5302
4.21461
4.53242
4.20004
4.87407
3.55002
4.29871
4.85275
3.39852
4.68917
4.18652
4.50983
4.21138
4.43198
4.97358
4.93379
4.99484
2.87895
2.33042
1.46024
2.40115
1.49868
4.11197
3.39084
4.42965
4.548
3.70842
2.55818
3.5541
3.72009
2.29386
4.21839
2.95466
4.19036
4.93689
4.51466
4.49265
3.68274
3.46618
2.74603
4.26144
4.54622
4.81668
4.96941
4.7544
4.6397
2.86657
3.86905
4.4298
1.60002
3.56183
1.51896
2.51833
3.00382
2.6329
2.90681
4.6533
4.43759
3.01229
2.56371
4.31775
3.89454
4.65314
3.82624
2.98294
4.96431
4.52041
3.87997
4.26064
1.58488
2.57452
1.67157
2.49625
2.45067
1.38157
1.55615
2.88903
2.51075
2.7844
2.58062
4.3322
4.02163
3.58755
3.01064
4.56428
4.44055
4.31169
2.92956
4.66506
3.93549
4.41213
2.43525
4.227
2.51636
3.89239
3.52495
4.48464
2.48236
2.86335
4.32533
4.21556
4.52461
2.79099
2.26651
3.71556
4.30548
4.18082
4.28067
3.43293
4.3653
4.39439
4.35549
4.57053
3.52562
4.60115
4.75398
4.25145
4.2693
4.9445
4.32349
4.41679
4.97448
2.88423
2.58401
1.43842
3.88828
2.46602
2.55791
3.65161
3.91408
4.28811
3.11661
4.36277
4.57411
3.49067
4.60847
4.32622
4.48241
4.57151
2.91343
3.7513
4.19114
1.56931
2.47279
2.96622
3.46748
1.41233
2.46524
2.91989
4.54121
4.30459
2.49178
2.89536
4.39107
3.94824
4.61348
4.45819
3.74728
2.76041
3.40646
4.31312
4.41218
4.88905
4.68666
3.70606
2.91063
3.74337
4.83151
4.48057
4.17869
1.4122
2.51812
4.30489
3.74502
2.95114
3.50483
4.51262
4.43995
2.38025
1.58714
2.98283
2.49741
1.46697
2.87997
2.60225
4.30498
2.89877
3.92892
4.6905
4.39364
4.20657
4.43098
3.50178
4.29719
4.66565
4.30083
4.52856
4.67894
3.40169
4.55712
4.84099
2.3959
4.27027
2.4886
4.47596
2.4149
3.77074
3.47269
2.97323
4.18138
4.26224
4.53851
2.5015
2.92491
3.75238
4.31152
4.32636
4.37116
4.88592
4.27806
4.34738
4.91433
2.94783
2.95344
2.51877
2.49446
4.39886
2.8374
3.4322
3.97119
2.73586
2.49762
4.21939
2.77422
2.33345
3.29572
3.77828
3.68812
2.30283
4.22621
4.32713
4.90684
4.51807
4.32641
4.37661
3.0857
4.66266
3.95953
4.44773
4.77047
3.01604
3.6885
4.37219
3.80041
4.4282
4.58833
2.89495
4.68714
3.78439
2.94384
4.3569
4.56565
3.66099
3.74052
4.27667
4.80932
3.99022
4.73543
4.94524
3.71138
2.8515
4.53819
4.26078
3.53825
4.89653
3.93596
4.61246
4.26402
2.85904
3.58211
4.54594
4.99173
4.26495
4.91052
2.34589
2.92227
4.28015
4.48348
2.3715
3.80456
3.5031
3.7142
4.14148
4.96826
4.26678
4.98341
2.50488
4.55927
2.45453
2.92926
4.34173
3.9423
3.47125
4.38487
3.83527
4.96909
4.27353
2.55556
4.26562
4.34069
4.52593
4.92056
1.5646
3.02173
3.01981
2.62383
1.56133
3.69129
4.98324
4.40532
4.66306
3.531
2.9234
4.03218
4.63116
2.43097
4.85922
4.43973
4.37057
4.3206
3.76005
3.54834
4.63372
3.81467
2.42963
2.82365
2.48573
4.43377
2.62001
3.44926
2.86245
3.92799
4.38689
4.47002
4.51141
3.95498
2.50661
4.37059
4.32576
4.97844
4.67018
4.29855
2.5109
2.60109
2.98643
2.46029
3.05953
4.56683
4.2832
4.5531
3.47272
4.44281
4.60593
4.47509
1.47038
3.73019
4.89315
2.99343
4.30366
2.98301
4.24653
2.88121
2.39822
4.5607
2.96846
3.59454
2.45794
4.33266
1.47726
2.53251
3.9163
3.81426
4.62008
2.99651
4.53091
3.4932
4.40557
4.42703
3.03558
3.89588
3.94995
4.47803
4.4614
4.6204
2.52365
1.5604
2.45501
1.60511
4.5407
4.40428
4.98688
2.92367
2.56523
4.23672
3.85212
3.86925
2.55143
3.54216
2.57342
4.39992
2.97812
4.61366
4.70549
3.86017
2.96208
4.65696
3.81642
4.30477
3.4712
2.81244
4.27811
4.65897
3.77166
2.89688
2.90188
4.27386
4.49752
3.59059
4.50892
4.59805
4.64393
4.03334
4.4169
4.62342
3.90866
3.00651
2.45883
1.55017
4.36554
3.58002
4.65707
4.49911
3.85351
3.07019
3.96206
4.95429
4.65291
4.30237
3.98344
4.43803
2.50369
3.49575
1.5478
2.45044
3.01819
3.78978
2.87557
1.43213
3.71473
2.4272
2.49401
4.57746
3.48501
3.81813
4.18076
2.93798
4.70852
4.40994
4.91164
4.62594
2.95305
1.53083
2.95936
4.64002
4.45742
4.4658
2.56089
4.98329
2.92378
4.32022
3.78107
1.56772
2.59426
4.24321
4.59886
2.4512
2.98007
3.68513
4.27993
2.46442
1.53389
2.88614
1.61495
2.93007
2.51863
4.14083
4.26153
4.82858
3.55131
4.35723
4.41838
4.97904
4.42393
4.58164
4.54247
3.47125
4.55299
2.42792
2.54074
2.57378
4.2943
3.87296
3.01793
3.5692
4.53206
4.40222
2.64787
4.4117
3.00656
3.84243
4.61654
4.26687
4.30429
4.22301
4.39772
4.45222
2.929
3.8632
4.35893
4.88708
2.94285
2.48588
4.35854
2.60798
3.57213
3.92492
4.66194
3.75376
4.59532
4.85494
4.62828
4.20005
2.7619
3.3574
1.52633
2.97631
1.58462
4.58676
2.88105
2.45677
2.5354
4.67413
4.32119
2.99094
3.45758
3.86459
3.10185
4.00428
2.64284
4.37239
4.38091
4.54731
4.61519
2.9127
3.84444
4.53547
4.36043
3.83076
4.99068
4.37309
3.99454
3.96468
4.60573
2.96502
3.58471
4.40767
2.63029
4.47113
4.41918
4.64189
2.94666
4.57491
2.49494
3.85056
3.63365
4.2824
2.38123
2.42627
4.89401
3.81447
2.94653
4.55754
4.29893
3.5392
4.48225
4.68884
4.82473
4.38706
2.53802
4.38912
3.91868
4.34807
4.91792
1.4082
2.88582
2.4706
2.78195
1.53532
3.47519
3.54475
2.86506
3.88349
4.66862
4.96615
2.49845
4.30115
2.47327
4.42371
3.62143
3.00345
4.28276
3.90248
4.61955
4.96184
4.90161
3.79722
2.4645
4.95788
4.19869
4.21425
4.19698
3.83758
3.39917
4.43604
2.34699
3.78494
2.77561
4.92131
2.52055
4.24902
4.12514
4.95001
4.32516
4.47279
2.46807
2.92534
2.41034
2.45875
2.96044
4.59379
3.53094
4.37689
3.73259
4.60829
2.8559
4.57463
3.52512
4.36259
4.57678
4.86318
4.55406
1.52603
3.86685
2.9381
4.22469
2.97981
4.31717
2.86768
2.58854
4.4789
4.38773
2.79692
3.41811
4.22034
1.4424
2.50916
2.31556
3.80496
2.85391
3.78779
3.63549
4.69604
4.78322
4.51605
4.20412
2.88646
2.43014
2.53583
1.51737
4.35436
3.5485
4.5523
3.74621
2.9737
1.51823
4.72598
3.92491
2.55962
3.53123
3.80353
2.60009
4.63731
4.35783
2.91336
4.23464
3.83041
2.89711
4.85955
4.57454
3.7436
4.36703
4.36311
3.75471
4.21208
3.40404
1.47712
2.44278
2.39699
2.90462
4.50794
2.91868
1.49544
2.78047
4.55757
4.23541
4.53805
4.83679
2.92165
2.41812
4.31425
3.81991
1.56116
1.45143
2.44342
2.58401
1.63201
1.57913
2.99902
3.08061
2.49561
2.37967
2.47394
2.37828
2.66136
4.31925
3.8563
3.43341
2.89264
4.51118
4.2307
4.2385
2.83941
4.61556
3.93674
4.23626
4.28559
4.34753
4.29795
4.20542
4.90808
3.71704
4.65856
4.67902
3.41077
4.48888
4.41989
4.44597
4.33592
4.28969
4.24325
4.93308
2.43145
1.529
3.9385
2.59889
2.65094
3.72668
4.54054
3.08785
3.73092
3.07814
2.82093
4.11107
4.32699
4.56069
4.55302
3.59546
4.42231
4.55607
4.27825
4.70963
3.67064
2.73047
3.65755
4.80269
4.35555
4.24758
4.92178
4.89187
2.75573
3.32073
4.08847
4.40957
4.49092
3.77665
4.97228
4.84672
2.90949
2.87702
2.40662
2.49806
4.28994
3.55978
3.76936
1.42898
2.90273
1.54434
2.99094
4.60317
3.01972
2.61255
4.38582
2.89386
2.56844
4.70881
3.55764
3.86235
3.72645
2.41005
4.39424
4.38372
4.53833
3.84575
4.51499
4.62854
4.50354
2.84788
4.31054
3.44293
4.61696
2.979
3.85094
4.4611
3.90403
4.26847
3.90656
2.9205
4.6141
3.49711
4.17756
2.553
2.41039
4.47064
3.88015
4.57452
4.23258
2.95056
3.45735
4.46462
4.92069
4.30776
2.4636
4.32114
4.24642
4.66847
4.84503
4.92992
4.45778
2.47874
2.85119
3.74988
3.47749
4.30773
2.47194
4.19648
4.28777
3.76891
4.94125
1.52207
3.0366
3.03279
1.57534
3.61761
2.47044
4.33731
4.28923
2.55987
4.95143
4.28164
4.58602
3.46572
2.91945
3.92098
4.74289
4.95541
2.42649
4.41072
4.37314
4.93532
4.61376
4.34286
2.60735
3.60315
2.92098
3.95589
4.67953
2.52098
4.37722
4.40557
4.41586
3.81497
2.64562
2.68056
2.60484
3.07859
2.82185
3.92302
3.79169
3.08412
4.5305
4.53532
4.3547
4.4963
3.47732
4.44484
4.44023
2.83722
3.96009
3.89874
4.52091
4.93978
4.41008
4.63937
3.14669
4.68916
3.59559
4.45778
4.4997
3.89793
4.66077
4.99693
2.49375
2.65788
1.46027
2.83155
1.47165
2.85837
1.70535
4.57999
4.34728
4.54415
4.99779
2.83073
2.41595
4.22456
3.74988
3.78645
2.42383
3.52751
2.55211
4.6518
4.46175
2.78343
4.54752
3.85224
3.06146
4.37027
3.58916
4.5323
4.60395
3.98692
2.90235
4.55008
4.72244
3.95661
4.38421
2.57588
1.56012
4.5024
3.82236
2.98741
4.9079
4.2497
3.46663
4.56261
4.38091
2.92747
1.53544
2.9795
4.5766
4.38213
4.57049
2.55312
2.93311
4.29492
3.8608
1.68399
3.93914
2.58934
2.42937
4.58617
3.50197
4.35286
2.8046
3.90166
2.75959
3.86061
4.71029
4.5536
4.25402
4.94916
3.06208
2.92257
3.91756
4.62009
1.57822
3.84884
4.35285
4.9036
2.87766
2.53641
4.39453
2.55575
4.70036
3.62064
3.83124
2.83471
3.95753
4.62604
4.33717
3.81571
4.89495
1.53114
2.88366
2.39941
2.58233
4.5415
4.36128
3.54143
3.8979
1.49352
2.99782
4.47347
2.95226
4.55219
2.95799
3.82131
2.39221
4.31507
4.31642
4.95611
4.62283
4.16844
2.4381
4.18608
2.60013
4.17206
3.70483
4.83539
4.9036
3.7285
4.52311
2.92453
3.32791
4.31692
2.56689
4.38174
3.97953
4.40166
2.6882
3.9634
2.98622
4.66532
3.57407
4.43784
2.42759
4.46539
4.36976
4.62087
4.99945
3.3374
2.38117
2.42319
3.53795
2.49669
2.89693
4.97318
4.52993
2.38711
2.81929
4.36446
2.86737
4.20551
2.40885
1.43896
3.83275
3.83621
4.40603
4.03479
4.20372
4.88773
4.96242
4.30154
4.13059
4.40755
3.59737
4.93635
3.49575
4.84784
4.42017
4.87436
4.59682
4.25916
2.4139
2.55983
4.83651
4.25274
3.81466
3.4366
3.84376
2.33604
1.40813
4.27861
3.69464
2.4013
4.15936
2.75725
2.8722
2.95673
4.29869
4.63524
2.37121
4.39089
4.61806
4.28918
3.52369
4.94455
3.54366
4.87455
4.39252
4.92035
4.25866
4.48247
3.57075
4.35063
2.61306
1.6512
4.32166
2.98227
2.44332
1.59848
3.64082
2.98134
2.48935
4.19283
2.81192
3.88831
4.62843
4.26614
4.31721
4.24649
4.90231
4.23889
4.52357
2.40206
3.81073
2.8501
4.33593
2.5363
2.46759
3.41223
4.24803
4.34489
4.56112
4.34227
2.55491
2.85943
3.89536
4.33796
4.13387
4.2586
4.62476
4.35089
2.4264
2.92504
3.68528
4.3401
2.31536
1.45255
2.90774
1.52765
3.52345
2.91697
2.40897
4.2688
4.43497
4.99285
4.99143
2.51701
4.29947
3.80112
2.98399
4.60298
4.38638
2.49566
2.5386
3.56833
4.19775
4.14785
2.47508
4.25588
2.8462
3.77773
4.5535
4.84036
4.28655
2.43183
3.80592
3.5731
3.87951
2.50315
3.78759
2.56521
1.4855
4.32654
2.361
2.9054
2.85314
4.50407
2.40567
2.89727
4.2852
4.91211
4.29712
4.41661
4.29433
4.94302
4.98489
3.52365
4.90734
4.30986
3.53836
4.33802
4.57464
1.56526
4.31457
2.93447
2.45647
2.97767
2.54297
1.53046
3.57014
3.30875
2.84113
3.81671
4.27178
4.63352
4.95835
4.24614
4.5575
4.9446
4.31347
3.86031
2.55403
4.35554
4.26656
2.39125
3.51711
4.59806
4.36595
2.56351
3.81081
4.31405
2.93803
4.52797
2.40987
2.86949
2.57532
2.91168
2.50434
2.92043
4.41623
3.4439
4.31643
4.68251
4.95249
4.4413
4.2145
3.77337
4.91246
4.3139
2.91863
4.40956
2.47769
4.69102
4.55178
1.53913
2.91727
2.80139
4.40609
2.70976
2.84349
3.4571
3.78755
4.17252
1.49492
2.38958
3.74439
2.41872
3.82605
2.94476
2.58731
2.85424
2.48106
2.9322
2.43598
4.38815
3.8982
1.59269
3.94376
2.57678
4.00699
2.62657
4.3642
4.84828
4.18194
4.46491
4.91168
3.64751
4.53476
4.88965
3.46219
4.78748
4.24951
2.97871
2.58534
1.54373
2.58611
1.64467
4.2946
3.60409
4.62401
4.68892
4.45806
4.25656
4.51638
4.86887
2.80766
2.39542
4.25813
3.74681
4.87914
4.50955
4.23516
3.75896
2.89728
3.70929
4.43919
4.33161
2.7465
3.72474
4.25115
1.52018
3.31403
1.43313
2.36065
2.82181
2.37093
2.82122
1.42137
2.59451
1.48048
2.47063
2.41921
1.45853
1.61271
2.96699
2.61936
3.10861
2.50447
4.92649
4.93946
4.84325
4.39327
4.33471
4.25623
4.25353
4.4313
4.33121
3.68019
4.21376
4.66012
4.34286
4.70197
3.49388
4.4364
4.53131
2.98124
2.46145
1.51809
3.69506
2.36335
2.45268
3.5181
3.82493
4.39442
2.81413
4.97561
3.86237
4.3208
4.52351
3.90615
2.98983
4.54446
4.64412
4.48722
3.86313
2.9826
3.50838
4.35074
4.60653
1.67066
2.55424
4.2906
3.88301
2.94675
3.51251
4.70296
4.39878
4.18433
4.27408
4.59204
4.18214
2.33289
2.81576
4.90724
3.81747
4.17096
4.3346
4.32039
4.91953
2.41486
4.27525
2.49477
4.4418
2.49814
3.76559
3.46702
2.86924
4.25849
2.95954
2.71032
2.38236
2.41327
4.24406
2.83535
3.52368
3.77566
3.84328
4.36033
4.97308
3.87774
4.59806
4.54938
4.57814
2.9313
4.61093
3.94627
3.00228
4.28311
4.64689
3.58227
4.88911
3.75247
2.93879
4.62108
4.3366
3.51509
4.27963
3.84886
4.97064
4.25948
4.52356
4.3018
2.47822
4.24317
4.23363
4.9865
2.51962
4.46338
2.5019
2.85971
4.3466
3.85151
3.49041
1.52878
2.93162
2.96055
2.64141
1.7968
3.53364
4.46513
3.90676
4.24963
4.68432
2.59327
4.40538
4.47127
2.7116
4.35874
2.6783
3.71791
3.06246
4.02452
4.42487
4.75211
2.54544
2.56581
3.09164
2.7678
2.89593
3.83233
4.93118
4.39847
3.07251
3.88685
4.48529
4.73313
4.02056
4.58141
3.12696
4.75048
3.65097
4.46264
4.49296
2.54645
1.53899
2.57557
1.61161
3.76202
4.21132
4.99618
4.71138
3.9157
3.87611
2.89295
3.05973
4.45006
4.59696
3.62488
4.57649
4.58172
4.59462
3.01858
2.54823
1.49711
4.60726
4.48266
4.19169
4.90635
2.85692
4.55917
4.25225
2.5064
4.98496
4.35018
3.88564
3.03005
1.57005
4.46098
3.00102
3.8093
2.7803
1.56989
3.86427
2.54578
2.46012
4.48436
3.51558
3.77229
4.28458
2.88419
1.61926
2.63647
4.18379
4.23509
2.42375
4.19114
2.83874
3.83019
4.59349
4.94697
4.37267
4.51627
4.47957
2.57174
2.51786
2.6786
4.46195
4.0633
3.0952
3.56654
4.66593
4.39053
3.02871
4.41216
2.79747
3.57648
2.24174
4.19266
4.15912
4.68886
4.49689
4.55472
4.41702
3.07582
3.96802
3.91974
1.4353
2.81202
1.5811
4.45307
2.92331
2.60163
2.49345
4.47361
4.28973
2.75683
3.43975
3.80556
4.32483
4.56011
4.19484
3.79453
4.9703
4.39643
2.45732
4.40812
4.37737
2.50544
2.60907
3.93667
3.02511
4.62542
4.37815
3.53899
3.54325
2.54098
3.55949
2.51023
2.92557
4.98961
2.88439
4.41022
4.56646
2.51384
2.86594
4.2754
2.50272
2.62399
1.56552
3.83124
4.34951
3.88631
3.89626
4.25202
3.46842
4.90107
4.29264
3.50893
4.98264
4.45196
4.29997
2.47024
4.31658
3.89617
3.59838
1.63624
4.4531
3.91007
2.58039
3.88579
2.54385
2.68835
4.49408
3.11205
2.95375
4.45082
2.97456
4.70275
2.44628
3.46475
4.98956
4.43906
3.59827
4.98651
4.6407
4.4015
4.29834
2.46788
1.55782
4.2775
1.50959
3.58764
2.89175
2.52941
2.85888
2.45351
3.6627
4.46727
3.08428
4.56237
3.82238
4.18958
2.53757
2.44497
3.48444
4.4234
4.38843
4.70163
4.23386
2.94082
4.95336
2.50168
3.86862
4.22812
2.49426
3.83143
3.46
3.71199
2.43746
3.71682
2.44504
1.52141
4.14611
4.229
2.52445
2.89323
4.56008
2.49041
2.93924
2.90027
4.27143
4.94595
3.5998
4.96196
4.22996
4.83067
3.56539
4.93498
4.19755
4.44888
1.48259
4.27785
2.80883
2.5312
2.82946
2.49015
1.42741
3.41119
4.30968
3.61786
2.96685
4.34839
3.8476
4.58448
4.88288
2.33934
4.20991
4.13492
2.63551
3.47473
4.57503
4.27024
3.75219
4.27104
2.36823
2.86982
4.88041
4.62078
2.50787
3.03903
2.52608
2.99747
2.44741
2.96465
4.67027
4.69511
3.64263
4.36846
4.57975
4.591
1.39678
2.88083
2.80075
3.04969
2.94608
3.58742
3.86138
2.50517
3.85714
4.30805
1.5246
2.53562
3.82041
2.87405
2.49121
2.9058
2.4766
2.98545
2.38282
4.30859
4.35706
3.90079
3.81765
2.56086
1.48131
3.82595
2.46504
4.97716
3.55447
4.30831
4.99309
3.52541
4.61514
4.32589
2.93396
2.47359
1.48014
2.38117
1.50524
3.00613
3.88562
2.57885
3.48372
3.83023
2.41994
4.28221
2.7943
4.51496
4.55026
3.80223
3.02097
4.54875
4.60512
3.79717
3.56937
2.9442
4.29161
4.53524
1.50306
2.57472
1.64427
2.4504
4.41341
3.97094
3.59335
2.96416
4.58213
4.30146
4.25301
4.34952
4.86958
2.50259
4.27877
2.50226
3.79962
3.45821
4.49219
2.50325
2.86269
4.25842
2.9289
2.4509
1.52874
4.39695
4.60725
3.48948
4.49104
4.53909
4.56953
3.73818
2.94502
3.72568
2.87928
3.81831
4.39024
1.53717
2.44923
2.87468
3.49042
1.55082
2.44812
2.88636
1.53419
2.42813
2.47917
2.55926
1.60573
2.87463
2.5034
1.52145
2.90142
2.3973
4.29994
4.24689
4.29585
4.238
3.4636
4.28432
4.38028
4.43019
4.46794
4.3321
4.60964
4.54532
3.556
4.5806
2.83019
3.79441
2.97695
2.50122
4.30622
3.02702
2.57572
3.54195
3.81239
4.64356
4.53858
3.63676
4.51959
3.00644
4.4782
3.87394
4.22895
4.53711
2.83355
3.4414
4.35322
4.98557
3.89548
4.49022
4.27096
2.77988
3.35336
4.28263
2.63749
4.31146
4.30126
2.45604
2.98308
4.28791
4.60495
2.56634
3.83462
3.5236
2.43705
1.49137
1.45843
3.41868
2.90731
2.82518
2.45432
2.42946
2.4226
4.12422
4.11507
2.36803
3.40524
4.19377
2.70756
4.40561
4.78367
3.70052
4.21656
1.51491
2.98008
2.45218
3.03666
1.49483
3.58987
2.42814
4.34841
2.39143
4.23254
2.38343
4.23675
3.45788
2.7482
4.23738
3.77028
4.51645
4.99354
2.48952
2.90168
2.58068
2.44272
2.93155
2.80288
3.80038
3.73098
4.48199
2.8205
4.6178
4.47235
4.49016
3.31662
4.24599
4.66766
2.92166
2.47877
2.56537
1.53233
3.07036
1.51978
3.83508
2.81143
1.64029
4.47802
2.94924
3.93951
2.55092
3.48867
3.81754
2.52127
4.58474
4.36682
2.94851
1.64488
1.43495
2.58025
4.29866
4.33826
2.4408
2.47607
2.3855
4.89083
4.28553
3.74927
3.49037
2.88298
4.55401
4.35081
2.5579
1.47318
4.6673
3.82005
3.91308
2.9006
2.94718
4.32431
4.54816
4.615
3.56582
4.578
4.63106
3.01441
2.98751
3.92803
1.48331
2.86475
1.46708
3.8275
4.45639
2.97564
2.47095
4.29628
2.92127
2.47833
4.58165
3.56611
3.92098
4.43842
2.51372
4.38386
2.5472
2.62992
4.38087
3.92546
4.61464
4.41135
3.07797
3.66641
3.67983
3.46167
4.97062
2.5645
3.57601
4.99926
2.59119
4.92032
2.53856
1.49801
3.93165
4.33335
3.89761
4.32714
3.89212
4.44696
4.99592
3.47901
2.66246
3.48119
2.60126
4.45434
3.05861
4.94145
2.97719
4.34469
3.03566
4.39689
4.68049
2.57626
3.47569
2.33357
4.9033
4.17075
3.37671
2.42959
2.79599
4.9386
4.46896
2.47921
2.82978
4.23759
2.89664
4.32073
2.40927
4.85479
4.16477
4.82423
4.29013
3.79825
3.4629
3.68835
2.45655
1.4823
4.28413
3.81853
2.47133
4.31688
4.31328
2.50613
4.14764
2.50287
1.54098
4.26202
2.93368
2.42218
1.52779
3.52692
2.92047
2.6123
3.47766
2.45202
3.48231
2.47612
2.97475
4.87412
2.93276
4.22929
4.51451
2.366
2.85754
4.27598
2.41295
4.94167
4.31343
3.89458
3.4339
1.52262
4.22634
3.79802
2.51336
3.8169
2.38756
4.14533
2.45977
1.58894
4.14056
1.4922
3.3689
2.84478
2.36953
2.82439
2.44512
2.38338
3.78324
3.49326
3.74995
2.36866
3.65912
2.4345
1.40818
4.23595
1.5758
4.30339
2.95473
2.48559
2.91791
2.45797
1.53578
3.60584
4.61086
2.60764
2.93357
2.53443
2.98591
2.56731
3.07055
2.76967
2.45983
2.85103
2.50966
2.90946
2.36563
2.79891
2.42255
1.53557
2.46518
1.43567
1.43491
2.45937
1.52455
2.47939
2.91123
2.4674
1.61906
1.48908
2.51724
2.96036
