-0.944406
-0.379684
-0.593948
-0.402065
-0.61067
-0.40939
-0.530277
-0.735205
-0.914217
-0.769296
-0.915521
-0.989373
-0.805793
-0.916794
-0.994136
-0.985244
-0.942933
-0.762248
-0.821557
-0.396044
-0.839336
-0.900122
0.326164
-0.420108
-0.819493
-0.990017
-0.95231
-0.917601
-0.992665
-0.903498
-0.946096
-0.967159
-0.801437
-0.832071
-0.928625
0.35192
-0.446156
-0.850201
-0.428612
-0.852762
-0.997385
-0.942146
-0.913005
-0.969297
-0.919992
-0.571024
-0.93056
-0.552189
-0.907492
-0.645277
-0.424744
-0.95358
-0.918673
-0.957718
-0.756364
-0.834383
-0.456818
-0.844889
-0.441839
-0.859398
-0.940908
0.215417
-0.936468
-0.964388
-0.993171
-0.935633
-0.958011
-0.992957
-0.55818
-0.360724
-0.956691
-0.928994
-0.614769
-0.915533
-0.56623
-0.898788
-0.615705
-0.931683
-0.615342
-0.465427
-0.976082
-0.93169
-0.600508
-0.928941
-0.956923
-0.950987
-0.951628
0.156923
-0.913172
-0.842523
-0.917211
-0.850824
-0.929356
-0.84718
-0.586592
-0.362824
-0.519398
-0.399008
-0.588742
-0.3426
-0.827085
-0.856378
-0.468958
-0.869038
-0.421295
0.306818
-0.819568
0.380631
-0.797499
-0.411255
-0.828342
-0.320531
-0.553155
-0.567549
-0.949002
-0.408803
-0.522035
-0.847512
-0.840334
-0.406465
0.242969
-0.841769
-0.409171
-0.614008
-0.969033
-0.465312
-0.610272
-0.650799
-0.571391
-0.643539
-0.56233
-0.943056
-0.380934
0.397374
-0.866121
-0.84188
-0.860822
-0.839267
-0.938475
-0.940731
-0.926619
-0.929009
-0.734826
-0.979755
-0.908757
-0.913983
-0.940056
-0.936176
-0.909759
-0.975591
-0.899452
-0.73522
-0.896477
-0.904983
-0.763752
-0.945427
-0.927559
-0.909706
-0.953972
-0.932899
-0.944224
-0.933065
-0.96183
-0.954123
-0.936698
-0.982755
-0.996376
-0.780201
-0.922422
-0.766576
-0.960164
-0.915318
-0.928896
-0.953772
-0.918396
-0.93119
-0.956133
-0.926551
-0.938622
-0.983831
-0.911291
-0.990134
-0.989269
-0.998287
-0.991958
-0.991746
-0.612713
-0.440787
0.33939
-0.378035
0.311385
-0.393463
-0.801577
-0.876216
-0.948664
-0.621722
-0.433085
-0.921357
-0.775031
-0.947609
-0.954873
-0.931131
-0.996978
-0.368649
-0.744218
-0.843038
-0.380417
-0.909337
-0.570702
-0.399244
-0.957037
-0.929022
-0.931582
-0.898933
-0.996751
-0.906911
-0.959602
-0.844671
-0.76747
-0.619797
-0.934181
-0.949128
-0.995476
-0.85472
-0.930559
-0.99529
-0.972072
-0.960306
-0.927592
0.366349
-0.779054
0.252975
-0.489912
-0.561087
-0.313413
-0.625383
-0.931393
-0.589455
-0.939019
-0.851811
-0.404109
-0.917188
-0.994454
-0.585892
-0.363865
-0.912836
-0.825775
-0.920302
-0.850064
-0.925124
-0.93745
-0.948487
-0.612368
-0.952153
-0.863163
-0.92701
-0.961574
-0.928936
-0.976508
-0.818985
-0.759849
-0.926884
-0.944515
-0.600453
-0.994954
-0.914598
-0.823346
-0.950561
-0.987729
-0.961454
-0.543782
-0.992047
-0.946717
-0.92462
-0.827277
-0.998599
-0.912118
-0.945132
-0.853678
0.284486
-0.421034
0.266707
-0.398306
-0.857537
-0.837614
-0.989068
-0.935386
-0.619901
0.395124
0.361159
-0.546296
-0.29837
-0.540257
-0.398312
-0.603337
-0.960732
-0.935473
-0.837322
-0.854294
-0.758036
-0.571348
-0.937678
-0.921359
-0.963095
-0.504353
-0.958911
-0.808116
-0.907711
-0.816969
-0.433521
-0.865703
-0.779041
-0.951658
-0.418967
-0.598926
-0.929123
-0.947968
-0.868957
-0.962343
-0.585389
-0.393377
-0.838689
-0.932901
-0.923498
-0.96582
-0.912875
-0.740777
-0.997341
-0.934413
-0.92308
-0.94748
-0.798238
-0.985574
-0.95428
-0.999725
-0.99474
-0.918533
-0.993061
-0.945692
-0.995019
-0.338263
-0.836157
-0.727029
-0.591196
-0.911152
-0.940044
-0.361484
-0.957368
-0.545998
-0.818642
-0.913495
-0.998947
-0.374783
-0.971401
-0.832224
-0.911913
-0.997596
-0.934072
-0.899356
-0.386059
-0.946216
-0.991223
-0.926047
-0.920243
-0.812492
-0.9067
-0.900695
-0.895251
-0.992424
-0.915704
-0.995774
-0.912464
-0.949688
-0.607198
-0.426577
0.343807
-0.421537
-0.930639
-0.623016
-0.816125
-0.843786
-0.369284
-0.382809
-0.355895
-0.735295
-0.810913
-0.901401
-0.533447
-0.345087
-0.908794
-0.991214
-0.949922
-0.890938
-0.933179
-0.948731
-0.758233
-0.947441
-0.921004
-0.996836
-0.894393
-0.978631
-0.890644
-0.934198
-0.953455
-0.93583
0.39784
-0.438444
-0.590514
-0.750567
0.261173
-0.425495
-0.581903
-0.931571
-0.92974
-0.845441
-0.633624
-0.424169
-0.920278
-0.338298
-0.986663
-0.545222
-0.911544
-0.827856
-0.903998
-0.926349
-0.815094
-0.913522
-0.935255
-0.839627
-0.625344
-0.840218
-0.9261
-0.977528
-0.841064
-0.926565
-0.999511
-0.932056
-0.653588
-0.838443
-0.987881
-0.942361
-0.978963
-0.945143
-0.970824
-0.826698
-0.928833
-0.942903
-0.788889
-0.590746
-0.916352
-0.987972
-0.839202
-0.997633
-0.951881
-0.588167
-0.91836
-0.964841
-0.850311
-0.907054
-0.933939
-0.95769
-0.884125
0.318642
-0.369433
-0.837215
-0.96562
-0.948807
-0.786342
-0.610698
-0.841702
-0.580132
-0.751949
-0.959197
-0.920607
-0.960028
-0.998765
0.321581
-0.549863
-0.400743
0.394312
-0.546155
-0.385241
-0.593688
-0.918351
-0.954442
-0.845195
-0.530361
-0.83701
-0.941745
-0.910054
-0.814336
-0.932598
-0.77536
-0.989703
-0.95182
-0.923731
-0.959787
-0.964911
-0.796454
-0.967549
-0.377146
-0.959927
-0.462951
-0.880545
-0.770127
-0.558249
-0.935599
-0.917151
-0.998288
-0.843525
-0.958338
-0.407938
-0.588088
-0.831435
-0.907032
-0.926964
-0.968791
-0.91567
-0.997981
-0.932648
-0.359812
-0.588153
-0.921804
-0.860438
-0.761725
-0.94717
-0.444658
-0.864391
-0.934199
-0.937035
-0.84069
-0.905029
-0.579956
-0.361875
-0.963717
-0.913942
-0.917517
-0.988148
-0.921805
-0.362445
-0.923253
-0.964268
-0.920274
-0.897215
-0.838957
-0.921229
-0.93361
-0.943437
-0.562032
-0.920415
-0.984771
-0.964223
-0.792556
-0.404977
-0.404482
-0.919562
-0.548597
-0.789321
-0.854763
-0.931674
-0.402464
-0.911707
-0.592185
-0.365422
-0.735736
-0.842503
-0.925732
-0.314016
-0.926477
-0.910893
-0.991704
-0.952438
-0.90863
-0.955566
-0.854307
-0.934076
-0.964062
-0.611759
-0.792944
-0.926322
-0.858598
-0.956336
-0.831543
-0.607914
-0.945979
-0.950453
-0.748629
-0.99554
-0.845431
-0.917929
-0.98865
-0.965418
-0.951199
-0.929069
-0.90441
0.427637
-0.349
-0.564851
-0.424697
-0.546121
-0.741873
0.349046
-0.934599
-0.441823
-0.931199
-0.85573
-0.989507
-0.629353
-0.887356
-0.911501
-0.801231
-0.369105
-0.981968
-0.542594
-0.903379
-0.9298
-0.915534
-0.835422
-0.954628
-0.585775
-0.909153
-0.849605
-0.989392
-0.953247
-0.905047
-0.957233
-0.954093
-0.536883
-0.830541
-0.922928
-0.989524
-0.946304
-0.925383
-0.90555
-0.871294
0.269953
-0.638998
-0.477565
-0.67434
-0.435258
0.300426
-0.829045
-0.573345
-0.943592
-0.906958
-0.754948
-0.598128
-0.842565
-0.922732
-0.935749
-0.831511
-0.939904
-0.911835
-0.56191
-0.748886
-0.582129
-0.926991
-0.857415
-0.964612
-0.930015
-0.985163
-0.814322
-0.372013
-0.548295
-0.920232
-0.940565
-0.382039
-0.840837
-0.745684
-0.963009
-0.850485
-0.930182
-0.44995
-0.5982
-0.826186
-0.911938
-0.993616
-0.966828
-0.916427
-0.36464
-0.962187
-0.387459
-0.65805
-0.914115
-0.813939
-0.804131
-0.964359
-0.408922
-0.869774
-0.935322
-0.59286
-0.921899
-0.832993
-0.993793
-0.928322
-0.959384
-0.44304
-0.905669
-0.941271
-0.955206
-0.943481
-0.928833
-0.860193
-0.934608
-0.826244
-0.985292
-0.898518
-0.945025
-0.950998
-0.979696
-0.753248
-0.993994
-0.986459
-0.92916
-0.908407
-0.991118
-0.935755
-0.904602
-0.989439
-0.955045
-0.92658
-0.408508
-0.596525
-0.45952
-0.583228
-0.371069
-0.998771
-0.926024
-0.952655
-0.787391
-0.919931
-0.991996
-0.916699
-0.940068
-0.745458
-0.928371
-0.986922
-0.961566
-0.581447
-0.28717
-0.961475
-0.909113
-0.588693
-0.928774
-0.533677
-0.78845
-0.389013
-0.855254
-0.949233
0.277361
-0.403202
-0.918664
-0.989033
-0.934019
-0.954243
-0.954555
-0.996992
-0.539936
-0.920638
-0.55024
-0.436615
-0.941439
-0.899362
-0.600905
-0.765889
-0.932833
0.382318
-0.442029
-0.84491
-0.341143
-0.903312
-0.99452
-0.948847
-0.911765
-0.964329
-0.966716
0.314652
-0.926591
-0.816596
-0.917195
-0.857124
-0.913288
-0.836186
-0.998257
-0.929516
-0.623399
-0.928266
-0.571224
-0.409062
-0.963137
-0.670559
-0.821937
-0.951273
-0.952993
-0.997365
-0.847488
-0.885563
-0.998445
-0.960516
-0.936129
-0.845418
-0.859827
-0.966918
-0.933404
-0.660348
-0.970847
-0.953315
-0.943406
-0.558838
-0.358385
0.276342
-0.414158
-0.932092
-0.761414
-0.949338
-0.993454
-0.938613
-0.837445
-0.396116
-0.78283
-0.853582
-0.44256
-0.94444
-0.92478
-0.970386
-0.953114
-0.980168
-0.725083
-0.523705
-0.907273
-0.993003
-0.952357
-0.600294
-0.964098
-0.939609
-0.857903
-0.918302
-0.779228
0.33555
-0.311676
-0.60808
-0.400668
-0.926101
-0.964175
-0.934741
-0.588036
-0.368928
-0.942047
-0.84258
-0.992407
-0.948951
-0.815031
-0.912195
-0.60347
0.299894
-0.412698
-0.756211
-0.852104
-0.905615
-0.594315
-0.439746
-0.947815
-0.953851
-0.911826
-0.611805
-0.424214
-0.998113
-0.964506
-0.924054
-0.916271
-0.947348
-0.821388
-0.961989
-0.989023
-0.821358
-0.907337
-0.961171
0.315585
-0.614988
-0.925536
-0.955231
-0.995245
-0.574262
-0.906271
-0.850778
-0.401862
-0.847382
-0.929868
-0.843373
-0.911347
-0.931361
-0.963522
-0.591899
-0.945889
-0.918524
0.318604
-0.386273
0.234154
-0.98104
-0.69246
-0.869091
-0.961126
-0.46994
0.151373
0.370584
-0.608397
-0.433331
-0.56333
-0.881241
-0.925461
-0.847487
-0.809683
-0.606353
-0.977858
-0.974859
-0.934193
-0.625251
-0.97349
-0.848089
-0.426568
-0.943661
-0.934284
-0.898628
-0.811919
-0.746769
-0.939464
-0.34453
-0.540203
-0.857052
-0.944188
-0.92625
-0.938498
-0.546243
-0.357596
-0.850729
-0.932465
-0.793813
-0.923693
-0.964087
-0.961371
-0.742881
-0.935732
-0.951499
-0.997509
-0.916272
-0.930538
-0.996625
-0.372037
-0.307597
-0.835669
-0.745215
-0.920916
-0.911368
-0.567793
-0.34464
-0.473759
-0.939456
-0.909127
-0.817216
-0.920012
-0.949767
-0.991454
-0.934304
-0.869456
-0.271781
-0.900988
-0.974238
-0.889291
-0.800249
-0.906035
-0.987049
-0.900254
-0.930513
-0.923804
-0.989715
-0.912282
-0.98625
-0.914666
-0.914165
-0.594092
-0.450212
-0.960357
-0.87744
-0.523581
-0.440425
-0.826761
-0.861521
-0.920314
-0.923414
-0.973265
-0.798775
-0.938086
-0.942461
-0.647391
-0.909989
-0.995228
-0.971784
-0.823713
-0.92184
-0.33543
-0.596596
-0.756606
0.351428
-0.390294
-0.944407
-0.966497
-0.916835
-0.41207
-0.62388
-0.939707
-0.978848
-0.958238
-0.562526
-0.725961
-0.917304
-0.985904
-0.859431
-0.843848
-0.984571
-0.932723
-0.921896
-0.611226
0.356415
-0.371521
-0.898347
-0.572994
-0.707786
-0.835329
-0.453238
-0.925909
-0.583562
-0.343494
-0.915911
-0.957858
-0.91472
-0.958374
-0.912642
-0.994239
-0.946723
-0.962207
0.440562
-0.55482
-0.88626
-0.924042
-0.891623
-0.80926
-0.98044
-0.495455
-0.307691
-0.99238
-0.847528
-0.914366
-0.878378
-0.8431
-0.910891
-0.830078
-0.953861
-0.816231
-0.977858
-0.909324
-0.966132
-0.556595
-0.929767
-0.916184
0.302846
-0.8539
-0.913172
-0.84647
-0.541132
-0.743824
-0.928276
-0.958578
-0.829831
-0.92659
-0.622759
-0.365101
0.307633
-0.596841
-0.394032
0.321324
-0.63366
-0.963505
-0.911618
-0.568292
-0.846938
-0.942382
-0.946076
-0.793362
-0.993755
-0.91431
-0.959031
-0.939838
-0.967583
-0.743723
-0.943707
-0.987251
-0.403837
-0.935849
-0.975442
-0.997838
-0.936509
-0.960266
-0.370903
-0.826141
-0.785367
-0.593465
-0.930786
-0.852722
-0.928589
-0.965478
-0.409931
-0.576192
-0.876495
-0.922567
-0.925997
-0.990003
-0.375988
-0.367502
-0.858009
-0.947889
-0.927353
-0.770925
-0.576661
-0.919911
-0.940982
-0.994689
-0.393505
-0.614645
-0.930357
-0.953126
-0.828052
-0.917831
-0.872899
-0.912632
-0.994252
-0.9067
-0.990601
-0.395369
-0.936663
-0.922346
-0.850342
-0.926889
-0.924611
-0.967724
-0.933552
-0.931665
-0.924175
-0.434057
-0.909855
-0.857462
-0.99589
-0.563445
-0.392306
-0.357
-0.924004
-0.578215
-0.724091
-0.928561
-0.914651
-0.849725
-0.439533
-0.997915
-0.572334
-0.4026
-0.929727
-0.617394
-0.421984
-0.807673
-0.918904
-0.938451
-0.918735
-0.832787
-0.364698
-0.934877
-0.917001
-0.98172
-0.96719
-0.552102
-0.898861
-0.839771
-0.997686
-0.930741
-0.905816
-0.947275
-0.556109
-0.742105
-0.910475
-0.954222
-0.916971
-0.817831
-0.994948
-0.943344
-0.950937
-0.573292
-0.853945
-0.945093
-0.99004
-0.965897
-0.549667
-0.914071
-0.960479
-0.765526
-0.964399
-0.925843
-0.850427
-0.918033
-0.845377
-0.994928
-0.59211
-0.590855
-0.938097
-0.957471
-0.963281
-0.961425
-0.786684
-0.96009
-0.842613
-0.903791
-0.992785
-0.848518
-0.934919
-0.994837
-0.963444
-0.951751
-0.823462
-0.992115
-0.845228
-0.964762
-0.368202
-0.387733
-0.509729
-0.343024
-0.600288
-0.774718
-0.927184
-0.999634
-0.945496
-0.908946
-0.724745
-0.89945
-0.983527
-0.969765
-0.999474
-0.616716
-0.941651
-0.605235
-0.923567
-0.580617
-0.400944
-0.965978
-0.941872
-0.808146
-0.424693
-0.93025
0.242137
-0.432335
-0.87024
-0.959405
-0.939729
-0.956457
-0.573886
-0.74805
-0.919673
-0.959028
-0.987503
-0.855342
-0.850789
-0.987894
-0.92869
-0.932716
-0.998549
-0.988904
-0.554119
-0.913779
-0.509819
-0.394716
-0.946827
-0.907417
-0.533436
-0.937551
-0.781871
-0.306015
-0.361726
-0.82786
-0.892466
0.352912
-0.991876
-0.914305
-0.978449
-0.901525
-0.939402
-0.95668
-0.952603
0.252333
-0.912771
-0.836798
-0.937076
-0.850114
-0.910266
-0.841751
-0.996
-0.366871
-0.907325
-0.562996
-0.911451
-0.56637
-0.803862
-0.839027
-0.988507
-0.911997
-0.955258
-0.595555
-0.952021
-0.978092
-0.913378
-0.339688
0.369572
-0.351645
0.278292
-0.426653
-0.788984
-0.92877
-0.639234
-0.410728
-0.920615
-0.987989
-0.545742
-0.369642
-0.898482
-0.832934
-0.92653
-0.860103
-0.930052
-0.93012
-0.322267
-0.78515
-0.330868
-0.899976
-0.554249
-0.34524
-0.930119
-0.926219
-0.974466
-0.946003
-0.599565
-0.997614
-0.953629
-0.83755
-0.919552
-0.970057
-0.930653
-0.770814
-0.60127
-0.922605
-0.967467
-0.847248
-0.938777
-0.569075
-0.544921
-0.845172
-0.902547
-0.949583
-0.764816
-0.961969
-0.953859
-0.94775
-0.934626
-0.845843
-0.969974
-0.907163
-0.921229
-0.845958
-0.99781
-0.997972
-0.964636
-0.562176
-0.990728
-0.937004
-0.922306
-0.825983
-0.973123
-0.749703
-0.904222
-0.951038
-0.578146
-0.993256
-0.912068
-0.946565
-0.995522
-0.897201
-0.806871
-0.840942
-0.987184
-0.818845
-0.98975
-0.94803
-0.536973
-0.271863
0.354164
-0.369494
-0.919167
-0.761312
-0.849445
-0.400283
-0.998769
-0.982827
-0.896161
-0.720394
-0.930673
-0.891615
-0.994734
-0.973136
-0.601275
-0.841113
-0.994982
-0.945246
-0.914801
-0.967405
-0.931871
-0.940874
-0.434171
-0.812318
0.215511
-0.434337
-0.672367
-0.93595
-0.943593
-0.60624
-0.498592
-0.56956
0.435779
-0.595277
-0.349099
-0.362521
-0.949625
-0.733933
-0.826184
-0.919416
-0.562232
-0.456375
-0.932276
-0.955516
-0.92491
-0.945344
-0.896414
-0.984519
-0.907732
-0.961402
0.163834
-0.629431
-0.87995
-0.925441
-0.955156
-0.453445
-0.524441
-0.921226
-0.857878
-0.940239
-0.943004
-0.883001
-0.924469
-0.94536
-0.995591
-0.960847
-0.891906
-0.728416
-0.55063
-0.977484
-0.996301
-0.854799
-0.927759
-0.995211
-0.945231
-0.823265
-0.794459
-0.951962
-0.907454
-0.996925
-0.834977
-0.960563
-0.556182
-0.913811
-0.961402
0.367103
-0.434402
-0.848713
-0.970452
-0.833722
-0.666224
-0.948241
-0.358009
-0.570315
-0.808073
-0.924623
-0.946059
-0.967941
0.414553
-0.645717
0.260625
-0.581551
-0.457107
-0.604432
-0.978629
-0.872795
-0.954203
-0.995336
-0.781729
-0.918607
-0.985079
-0.950987
-0.946964
-0.962562
-0.76995
-0.949675
-0.470316
-0.360995
-0.931438
-0.815313
-0.613507
-0.799016
-0.96305
-0.92784
-0.974828
-0.470977
-0.958736
-0.586365
-0.882819
-0.967448
-0.948057
-0.869266
-0.946046
-0.935221
-0.980074
-0.335234
-0.88168
-0.938687
-0.977749
-0.987583
-0.890746
-0.498099
-0.799709
-0.73831
-0.9315
-0.320691
-0.866929
-0.81025
-0.905416
-0.908271
-0.833488
-0.506506
-0.305374
-0.919679
-0.993997
-0.902212
-0.996991
-0.973295
-0.356453
-0.911956
-0.824297
-0.985964
-0.919327
-0.909896
-0.948692
-0.91011
-0.921449
-0.908061
-0.567647
-0.905342
-0.965578
-0.789135
-0.841491
-0.918868
-0.992186
-0.432872
-0.939118
-0.356855
-0.796851
-0.84012
-0.907801
-0.997582
-0.961203
-0.947809
-0.988213
-0.90745
-0.576348
-0.759763
-0.996251
-0.597159
0.463891
-0.94014
-0.299866
-0.358937
-0.949268
-0.892686
-0.600309
-0.78216
-0.818338
-0.921216
-0.996526
-0.615598
-0.394704
-0.935475
-0.917781
-0.957371
-0.912716
-0.841333
-0.947072
-0.914039
-0.784888
-0.988656
-0.633049
-0.832532
-0.926576
-0.991345
-0.947916
-0.960324
-0.935393
-0.369474
-0.336217
-0.612884
-0.774466
0.345676
-0.939938
-0.933374
-0.908142
-0.93797
-0.404326
-0.593904
-0.844656
-0.91236
-0.818708
-0.991198
-0.936203
-0.95752
0.35247
-0.611931
-0.920779
-0.962996
-0.398967
-0.916043
-0.840819
-0.994693
-0.58207
-0.860969
-0.923587
-0.933486
-0.930783
-0.83204
-0.967754
-0.559006
-0.892582
-0.932785
0.371884
-0.577699
-0.570404
-0.430676
0.359645
-0.908945
-0.832537
-0.986621
-0.927868
-0.952444
-0.834094
-0.964162
-0.566509
-0.746049
-0.536525
-0.843816
-0.960903
-0.386606
-0.916126
-0.912075
-0.951675
-0.989176
-0.922415
-0.929219
-0.837232
-0.584628
-0.960225
-0.429536
-0.848822
-0.795231
-0.950135
-0.854626
-0.375233
-0.621567
-0.387268
-0.375363
-0.397895
-0.831175
-0.593678
-0.93962
-0.924065
-0.758395
-0.612491
-0.853742
-0.927111
-0.96328
-0.931425
-0.928787
-0.950866
-0.842455
-0.388664
-0.923894
-0.935399
-0.84545
-0.897158
-0.993564
-0.9612
-0.940987
-0.917619
-0.995303
-0.924147
-0.991437
-0.782202
-0.943042
-0.950312
-0.945914
-0.956741
-0.78133
-0.987313
-0.922059
-0.931212
-0.999281
-0.984109
-0.927698
-0.914428
-0.991624
-0.999408
-0.921203
-0.915507
-0.421847
-0.41133
-0.611966
-0.320398
-0.923729
-0.997703
-0.968718
-0.933837
-0.99035
-0.913733
-0.945825
-0.756731
-0.926619
-0.932322
-0.951538
0.352033
-0.911302
-0.826704
-0.898858
-0.827916
-0.91384
-0.821636
-0.996128
-0.933995
-0.588039
-0.92903
-0.632435
-0.381653
-0.991649
-0.360582
-0.911935
-0.566942
-0.911073
-0.576824
-0.744424
-0.437818
-0.93735
0.391151
-0.38873
-0.831051
-0.820333
-0.603982
-0.983863
-0.916326
-0.940637
-0.766532
-0.92992
-0.953178
-0.997074
-0.509327
-0.942206
-0.851513
-0.966896
-0.904939
-0.994178
-0.987525
-0.921582
-0.964625
-0.85687
-0.863553
-0.970988
-0.945946
-0.599252
-0.762687
-0.92366
-0.953659
-0.610083
-0.961395
-0.957648
-0.935437
-0.850015
-0.964501
-0.91962
-0.996371
-0.962296
-0.996362
-0.841997
-0.455863
0.388626
-0.296511
-0.921492
-0.936141
-0.909225
-0.990098
-0.605257
-0.386021
-0.926943
-0.92441
-0.8252
-0.391869
-0.797889
-0.391317
-0.937752
-0.956351
-0.835179
-0.993586
-0.952746
-0.832013
-0.906421
-0.995596
-0.77516
-0.579139
-0.929749
-0.824537
-0.59812
-0.99791
-0.925135
-0.779723
-0.942269
-0.961144
-0.862126
-0.93066
-0.945636
-0.998273
0.348596
-0.531962
-0.935757
-0.959184
-0.993533
-0.619266
-0.915599
-0.84813
-0.384096
0.184814
-0.368799
-0.781283
-0.944924
-0.596198
-0.409848
-0.958246
-0.834214
-0.920531
-0.839668
-0.927167
-0.908923
-0.619505
-0.48969
-0.937716
-0.931123
-0.942728
-0.583765
-0.956506
-0.91974
-0.958445
-0.986428
-0.843757
-0.916091
-0.602937
-0.855658
-0.952097
-0.949938
-0.926615
-0.965065
-0.923096
-0.855512
-0.596743
-0.311447
-0.992265
-0.921266
-0.778507
-0.960479
-0.847995
-0.852081
-0.996896
-0.972676
-0.922748
-0.921892
-0.99556
-0.952297
-0.849326
-0.921198
-0.451834
-0.797889
0.266452
-0.384843
-0.819835
-0.937429
0.317758
-0.905063
-0.969143
-0.795664
-0.284803
-0.386885
-0.949221
-0.764418
-0.826056
-0.903488
-0.947663
-0.914009
-0.988812
-0.488491
-0.582242
-0.996504
-0.896584
-0.993306
-0.925684
-0.896504
-0.343229
-0.992159
-0.984026
-0.551543
-0.879976
-0.85985
-0.964269
-0.87456
-0.945344
0.221874
-0.435641
-0.930198
-0.824653
-0.849908
-0.415495
-0.965581
-0.971553
-0.945463
-0.652701
-0.965117
-0.945009
-0.611502
-0.942806
-0.937352
-0.62645
-0.419631
-0.595759
-0.600591
-0.510395
-0.380293
-0.930515
-0.990408
-0.946918
-0.914002
-0.917888
-0.969504
0.325831
-0.978959
-0.84526
-0.944712
-0.810524
-0.925539
-0.922923
-0.833462
-0.89588
0.353668
-0.917192
-0.850313
-0.903821
-0.947854
-0.406135
-0.542903
-0.842174
-0.967239
-0.866514
-0.636795
-0.386178
0.269292
-0.597029
0.369867
-0.635449
-0.945211
-0.987016
-0.999047
-0.766957
-0.924673
-0.994391
-0.965833
-0.957696
-0.945295
-0.771499
-0.969462
-0.390228
-0.927819
-0.387545
-0.86174
-0.92496
-0.859641
-0.588489
-0.788631
-0.971605
-0.944974
-0.457081
-0.977885
-0.945978
-0.62691
-0.849085
-0.96768
-0.941127
-0.927254
-0.316434
-0.894854
-0.919338
-0.989686
-0.808203
-0.444017
-0.815117
-0.94424
-0.73996
-0.584146
-0.902546
-0.906332
-0.935538
-0.403482
-0.605383
-0.95725
-0.835782
-0.896142
-0.990688
-0.916201
-0.988564
-0.392758
-0.918181
-0.915184
-0.956579
-0.986345
-0.920135
-0.926777
-0.833616
-0.906336
-0.92536
-0.944123
-0.910989
-0.999879
-0.834994
-0.895612
-0.991589
-0.930063
-0.936558
-0.456894
-0.99702
-0.564274
-0.3298
-0.922267
-0.385487
-0.800561
-0.952892
-0.818626
-0.980078
-0.915434
-0.857712
-0.961853
-0.908483
-0.533466
-0.785853
0.202633
-0.615853
0.376597
-0.932685
-0.98298
-0.48743
-0.928198
-0.874126
-0.619765
-0.456522
-0.430522
-0.978695
-0.946195
-0.639632
-0.822667
-0.880993
-0.617623
-0.938838
-0.955188
-0.940902
-0.88575
-0.472022
-0.934527
-0.94322
-0.975777
-0.599761
-0.961216
-0.933967
-0.953357
-0.923427
-0.870236
-0.994869
-0.798246
-0.994075
-0.977552
-0.564357
-0.882568
-0.93342
-0.75653
-0.966122
-0.846493
-0.922234
-0.996065
-0.935699
-0.984496
-0.589675
-0.968794
-0.945796
-0.835922
-0.919815
-0.965244
-0.921034
-0.829357
-0.348082
-0.609863
-0.366141
-0.371167
-0.583921
-0.768666
-0.914484
-0.752599
-0.912131
-0.984789
-0.953997
-0.581521
-0.751062
-0.926871
-0.971769
-0.98425
-0.98426
-0.570763
-0.921281
-0.64225
-0.943261
-0.583446
-0.379535
-0.961238
-0.919361
-0.945524
-0.776831
-0.901677
0.347914
-0.385586
-0.340675
-0.803578
-0.986972
-0.953782
-0.924919
-0.822143
-0.828478
-0.945309
-0.905212
-0.999683
-0.586227
-0.442911
-0.969704
-0.943566
-0.60407
-0.9245
-0.65747
-0.951603
-0.966026
-0.75822
-0.41298
-0.848058
-0.424257
-0.920173
0.339757
-0.998272
-0.93863
-0.958545
-0.839111
-0.840041
-0.91639
-0.957269
-0.963311
-0.966311
0.309614
-0.928155
-0.85912
-0.937645
-0.870912
-0.93128
-0.847851
-0.925694
-0.545178
-0.415903
-0.902417
-0.588677
-0.600786
-0.94943
-0.975489
-0.932538
-0.59974
-0.369832
-0.44825
0.332903
-0.373874
-0.768698
-0.80454
-0.898693
-0.347102
-0.913433
-0.748528
-0.943839
-0.899711
-0.981062
-0.57443
0.159294
-0.593708
-0.950667
-0.497274
-0.807748
-0.8664
-0.458764
-0.963154
-0.938448
-0.648564
-0.373226
-0.954191
-0.943622
-0.933942
-0.912051
-0.999313
-0.908588
-0.560468
-0.995001
-0.962336
-0.838014
-0.905648
-0.944664
-0.913329
-0.959538
-0.933909
-0.770023
0.339068
-0.421176
-0.434661
-0.550918
-0.914092
-0.997144
-0.583181
-0.914734
-0.447695
-0.966194
0.28443
-0.639364
-0.865559
-0.961269
-0.96749
-0.614164
-0.434209
-0.936428
-0.872385
-0.938197
-0.864624
-0.931223
-0.945157
-0.950362
-0.997315
-0.938942
-0.804424
-0.923108
-0.613493
-0.845393
-0.968517
-0.940445
-0.880454
-0.836653
-0.955733
-0.936697
-0.862409
-0.957553
-0.689003
-0.951162
-0.969088
0.333204
0.323411
-0.430277
-0.857929
-0.760401
-0.948597
-0.580446
0.328532
0.384353
-0.516469
-0.505619
-0.337807
-0.527835
-0.944481
-0.812822
-0.444215
-0.425837
-0.925536
-0.348607
-0.902102
-0.857511
-0.782271
-0.638811
-0.956351
-0.947639
-0.953995
-0.997845
-0.551695
-0.958138
-0.808613
-0.90205
-0.843581
-0.892469
-0.982052
-0.923397
-0.760166
-0.942596
-0.953728
-0.79548
-0.968816
-0.962173
-0.906518
-0.933967
-0.986921
-0.997354
-0.418044
-0.959955
-0.997561
-0.924538
-0.930211
-0.858738
-0.93255
-0.92444
-0.856661
-0.754608
-0.600853
-0.958906
-0.448088
-0.93809
-0.620793
-0.822242
-0.350658
-0.416043
-0.915091
-0.929852
-0.858949
-0.940499
-0.951735
-0.922648
-0.920304
-0.923747
-0.99178
-0.994476
-0.897949
-0.955237
-0.354109
0.263615
-0.444671
-0.937908
-0.606262
-0.782999
-0.447169
-0.333645
-0.410281
-0.747423
-0.896425
-0.568605
-0.355428
-0.927444
-0.996427
-0.923153
-0.651414
-0.605035
-0.863967
-0.832505
-0.952922
-0.927085
-0.950004
-0.962093
-0.808171
-0.955161
-0.977564
-0.92388
-0.90574
-0.988567
-0.932195
-0.940508
-0.579407
-0.856721
-0.952883
-0.903819
-0.951666
-0.924568
-0.958942
-0.595533
-0.783692
-0.918253
-0.950353
-0.864138
-0.949282
-0.850732
-0.998774
-0.962156
-0.55257
-0.911998
-0.9969
-0.942998
-0.838937
-0.924683
-0.955771
-0.961328
-0.919293
-0.935053
-0.754117
-0.569606
-0.927887
-0.98547
-0.820327
-0.835599
-0.996744
-0.821139
-0.994623
-0.972714
-0.625247
-0.93315
-0.95062
-0.771026
-0.329599
-0.340966
-0.89643
-0.724086
-0.830108
-0.904239
-0.985846
-0.603308
0.225775
-0.965969
-0.55981
-0.440379
-0.955958
-0.62536
-0.488567
-0.96141
-0.788824
-0.889638
-0.927885
-0.353498
-0.929818
-0.901249
-0.996296
-0.946071
-0.924886
-0.95454
-0.98941
-0.946991
-0.608624
-0.935518
-0.781653
-0.868809
-0.96662
-0.857091
-0.932897
-0.541791
-0.910023
-0.819613
-0.973087
-0.951597
-0.923254
-0.95396
-0.955526
-0.906819
-0.405672
-0.549469
-0.333212
-0.765233
0.297786
-0.890591
-0.406847
-0.900181
-0.990613
-0.547847
-0.949789
0.324395
-0.562559
-0.843097
-0.936044
-0.969587
-0.939367
-0.859427
-0.433881
-0.648337
-0.912484
-0.939836
-0.907823
-0.848238
-0.826924
-0.827239
-0.926321
-0.993211
-0.970326
-0.927311
-0.673113
-0.974817
-0.952497
0.324386
-0.591057
-0.322467
-0.530722
0.281518
-0.840539
-0.592449
-0.946698
-0.753212
-0.536937
-0.820901
-0.951141
-0.464612
-0.479192
-0.429881
-0.922686
-0.908052
-0.878989
-0.971781
-0.942304
-0.655826
-0.821958
-0.593214
-0.92756
-0.874325
-0.96969
-0.952175
-0.987521
-0.843284
-0.370052
-0.933519
-0.921436
-0.944536
-0.999041
-0.902515
-0.915388
-0.833232
-0.960039
-0.425904
-0.613038
-0.857909
-0.765124
-0.955618
-0.408693
-0.832608
-0.652677
-0.424495
-0.943655
-0.940783
-0.92951
-0.860005
-0.94543
-0.968307
-0.905858
-0.986662
-0.923048
-0.744337
-0.96038
-0.970801
-0.961347
-0.94665
-0.796179
-0.989321
-0.99568
-0.913661
-0.930143
-0.998261
-0.909115
-0.921334
-0.995173
-0.931024
-0.959422
-0.427109
-0.577261
-0.383683
-0.464759
-0.995507
-0.930971
-0.952502
-0.763224
-0.923203
-0.874319
-0.871252
-0.639631
-0.945368
-0.976265
-0.78431
-0.947951
-0.937877
-0.965501
0.354353
-0.922652
-0.854009
-0.933944
-0.833741
-0.904888
-0.843895
-0.992834
-0.913872
-0.541459
-0.905427
-0.568986
-0.368418
-0.936215
-0.929032
-0.601081
-0.408057
-0.929751
-0.583481
-0.773491
-0.927837
0.291631
-0.369471
-0.480392
-0.58946
-0.972476
-0.86725
-0.948939
-0.933538
-0.971496
-0.939531
-0.838676
-0.834119
-0.999989
-0.95268
-0.916915
-0.580046
-0.792791
-0.918399
-0.96265
-0.955209
-0.559968
-0.957225
-0.953708
-0.91941
-0.840974
-0.999263
-0.96024
-0.937951
-0.857137
-0.55239
-0.365575
-0.43457
-0.999062
-0.927571
-0.75207
-0.856572
-0.968904
0.222689
-0.949576
-0.996983
-0.934486
-0.858728
-0.431521
-0.807634
-0.844795
-0.440746
-0.964442
-0.928226
-0.91655
-0.994372
-0.855248
-0.993643
-0.95614
-0.845391
-0.930063
-0.944445
-0.958446
-0.935169
-0.860175
-0.935829
-0.786612
0.262661
-0.40902
-0.47066
-0.595381
-0.614995
-0.935922
-0.968082
-0.936175
-0.631089
-0.451735
-0.944256
-0.833187
-0.94267
-0.987158
-0.824189
-0.899494
0.414137
-0.425439
-0.743592
-0.861978
-0.906717
-0.360849
-0.944675
-0.940794
-0.931295
-0.992912
-0.567704
-0.581814
-0.58621
-0.41142
-0.954869
-0.899266
-0.926326
-0.910822
-0.576919
-0.95679
-0.922469
-0.591559
-0.931234
-0.596709
-0.910852
-0.452025
-0.955473
0.248636
-0.934897
-0.866776
-0.957301
-0.876965
-0.922782
-0.847703
-0.930539
-0.942149
0.370911
0.351378
-0.960564
-0.600475
-0.855915
-0.396723
0.172331
0.30601
-0.588164
-0.619505
-0.448541
-0.914693
-0.326655
-0.91728
-0.37944
-0.995804
-0.841774
-0.923287
-0.816039
-0.761734
-0.581777
-0.952268
-0.948765
-0.901427
-0.591253
-0.952126
-0.837304
-0.91025
-0.996715
-0.912383
-0.992236
-0.824566
-0.989585
-0.964709
-0.962246
-0.760831
-0.946336
-0.9627
-0.930898
-0.906446
-0.999204
-0.413088
-0.912642
-0.925127
-0.828865
-0.949572
-0.932447
-0.96901
-0.353581
-0.855983
-0.805072
-0.957329
-0.570666
-0.421234
-0.668241
-0.957703
-0.845261
-0.352254
-0.904315
-0.924697
-0.900879
-0.955893
-0.997308
-0.925005
-0.842952
-0.930755
-0.919927
-0.996228
-0.923027
-0.925128
-0.410939
-0.922068
-0.994935
-0.822559
-0.402816
-0.395762
-0.746033
-0.926072
-0.859535
-0.569375
-0.828141
-0.998358
-0.912738
-0.950868
-0.768174
-0.952449
-0.918761
-0.986897
-0.837359
-0.842881
-0.991655
-0.959076
-0.924178
-0.968061
-0.997075
-0.577761
-0.76403
-0.936523
-0.945931
0.284046
-0.568111
-0.943502
-0.957407
-0.923815
-0.870019
-0.998287
-0.610128
-0.379056
-0.865051
-0.922798
-0.938261
-0.852404
-0.923642
0.341485
-0.451977
-0.91843
-0.6288
-0.781323
-0.357551
-0.956944
-0.571079
-0.495927
-0.926486
-0.91701
-0.540952
-0.826637
-0.955378
-0.957728
-0.942768
-0.931479
-0.98872
-0.9165
-0.951843
-0.605135
-0.965617
-0.934677
-0.957705
-0.8483
-0.99625
-0.934453
-0.853382
-0.92515
-0.367142
-0.920815
-0.974537
-0.576241
-0.43135
-0.354203
-0.915185
-0.762164
0.301761
-0.573731
0.334925
-0.823453
-0.541487
-0.927786
-0.948597
-0.913902
-0.835945
-0.387662
-0.990632
-0.599097
-0.352813
-0.936396
-0.56529
-0.460411
-0.961254
-0.766556
-0.896675
-0.913793
-0.897865
-0.794041
-0.344833
-0.915222
-0.916565
-0.981701
-0.85377
-0.973608
-0.838316
-0.93499
-0.995183
-0.955392
-0.630517
-0.932686
-0.813356
-0.948562
-0.583277
-0.967289
-0.937836
-0.917587
-0.868712
-0.934361
-0.854493
-0.996579
-0.594909
-0.947662
-0.977651
-0.784635
-0.95795
-0.841812
-0.950523
-0.992872
-0.586876
-0.943397
-0.955361
-0.834312
-0.929183
-0.954751
-0.921959
-0.965822
-0.867058
-0.456471
-0.384905
-0.442448
-0.609707
-0.752621
-0.929547
-0.876367
-0.841245
-0.623062
-0.993991
-0.965771
-0.943694
-0.782371
-0.929557
-0.951564
-0.845772
-0.829195
-0.987865
-0.924395
-0.969767
-0.645202
-0.790764
-0.948477
-0.950936
-0.969252
-0.948041
0.391124
-0.89644
-0.814756
-0.908357
-0.81169
-0.880853
-0.806635
-0.996582
-0.384642
-0.91389
-0.608444
-0.917609
-0.577338
-0.9781
-0.909956
-0.505584
-0.344262
-0.910069
-0.557934
-0.952089
-0.719313
-0.459357
-0.393598
-0.93606
0.263425
-0.621202
-0.933176
-0.866523
-0.93863
-0.92607
-0.997976
-0.941251
-0.974052
-0.618227
-0.962744
-0.931992
-0.92639
-0.855578
-0.997327
-0.930437
-0.998422
-0.959061
-0.85315
-0.435983
-0.297077
0.186735
-0.436602
-0.767695
-0.930902
-0.387794
0.259745
-0.532451
-0.831475
0.398507
-0.568351
-0.910621
-0.950533
-0.995883
-0.547704
-0.385238
-0.899705
-0.852844
-0.905439
-0.839622
-0.937463
-0.92401
-0.302427
-0.762797
-0.330617
-0.941252
-0.910646
-0.53089
-0.412793
-0.998873
-0.933759
-0.908241
-0.838692
-0.622644
-0.884994
-0.927083
-0.801499
-0.949066
-0.970556
-0.929587
-0.586783
-0.952605
-0.962991
-0.823595
-0.960125
-0.913564
-0.988564
-0.999841
-0.928949
-0.853722
-0.98877
-0.939345
-0.915403
-0.838835
-0.966698
-0.771463
-0.915029
-0.560266
-0.958045
-0.542476
-0.999333
-0.955431
-0.916728
-0.951323
-0.912424
-0.819364
-0.970243
-0.985275
-0.819327
-0.337378
0.297235
-0.377554
-0.93287
-0.798493
-0.43647
-0.872147
-0.579266
-0.851127
-0.912642
-0.780396
-0.952953
-0.957635
-0.944127
0.323252
-0.531595
-0.824574
-0.901418
-0.973536
-0.379635
-0.989872
-0.598417
-0.920613
-0.834837
-0.931769
-0.931271
-0.859851
-0.940247
0.216533
-0.655727
-0.371669
-0.488904
-0.964261
-0.78718
-0.935991
-0.644081
-0.427046
-0.944352
-0.930806
-0.638748
-0.869275
-0.981254
-0.959031
-0.958298
-0.933615
-0.945138
-0.83147
-0.90101
-0.979779
-0.946379
-0.82118
-0.992082
-0.985937
-0.974143
-0.913645
-0.725654
-0.505732
-0.949482
-0.969519
-0.574654
-0.911085
-0.950542
-0.947284
-0.908064
-0.821854
-0.844354
-0.540532
-0.8938
-0.699446
-0.814791
-0.929708
0.499084
-0.926063
-0.806129
-0.905675
-0.980359
-0.349493
-0.909241
-0.300599
-0.942639
-0.763214
-0.809347
-0.907242
-0.981459
-0.820002
-0.949124
-0.91473
-0.858175
0.350026
-0.950944
-0.441961
-0.385792
-0.964274
-0.930675
-0.810448
-0.83887
-0.901519
-0.988936
-0.516446
-0.607765
-0.561125
-0.407409
-0.910418
-0.931482
-0.996737
-0.95832
-0.918931
-0.853976
-0.930795
-0.867748
-0.959997
-0.824625
-0.917256
-0.998741
-0.950462
-0.965154
-0.905028
-0.401161
-0.430272
-0.815642
0.333255
-0.570288
-0.999107
-0.636392
-0.959683
-0.921259
-0.929149
-0.949575
-0.473291
-0.597011
-0.665359
-0.938164
-0.968668
-0.637519
-0.942311
-0.422512
-0.95151
-0.618555
-0.973621
0.233281
-0.963808
-0.848259
-0.957992
-0.872599
-0.944155
-0.953965
-0.936247
-0.855602
0.380234
-0.586571
-0.572888
0.263675
-0.491705
-0.918651
-0.914734
-0.417636
-0.397872
-0.929426
-0.861634
-0.931349
-0.965091
-0.84103
-0.970672
-0.605629
-0.776227
-0.648532
-0.857777
-0.957092
-0.302676
-0.902036
-0.893634
-0.828229
-0.921343
-0.986912
-0.946006
-0.918392
-0.449086
-0.475874
-0.839359
-0.649052
-0.957433
-0.800545
-0.578959
-0.855502
-0.94988
-0.459415
-0.941319
-0.939542
-0.928424
-0.934046
-0.966689
-0.863677
-0.909393
-0.923835
-0.995166
-0.989811
-0.996742
-0.784767
-0.969234
-0.961898
-0.945922
-0.956052
-0.749206
-0.918506
-0.923697
-0.999682
-0.92027
-0.928376
-0.991615
-0.922806
-0.926383
-0.481582
-0.431872
-0.470496
-0.667792
-0.9519
-0.848524
-0.837015
-0.621193
-0.938493
-0.935519
-0.99569
-0.969189
-0.943544
-0.988787
-0.922789
-0.954164
-0.815048
-0.938203
-0.943187
-0.522706
-0.934179
-0.822266
-0.938512
-0.911881
-0.996334
-0.923238
-0.96044
-0.853671
-0.6736
-0.989742
-0.942426
-0.9706
-0.783752
-0.941405
-0.95732
-0.866981
-0.60047
-0.946552
-0.943637
-0.919871
-0.870266
-0.991552
-0.965053
-0.937717
-0.848078
-0.976034
-0.932247
-0.657462
-0.839424
-0.941525
-0.934279
-0.855561
-0.860207
-0.966141
-0.414202
-0.427095
-0.587289
-0.507858
-0.945446
0.384032
-0.908002
-0.945881
-0.901103
-0.53684
-0.302851
-0.904753
-0.991604
-0.908083
-0.80142
-0.366631
-0.744695
-0.341641
-0.946988
-0.895056
-0.944532
-0.998348
-0.660453
-0.932834
-0.781103
-0.953804
-0.845535
-0.952098
-0.834262
-0.911148
-0.994486
-0.614676
-0.963855
-0.91285
-0.985531
-0.868269
-0.949019
-0.573391
-0.93579
-0.992044
-0.655161
-0.931427
-0.407897
0.241777
-0.500677
-0.780832
-0.946817
-0.411355
-0.978117
0.428507
-0.968312
-0.812913
-0.59892
-0.947229
-0.795385
-0.921252
-0.839084
-0.910688
-0.92326
-0.573538
-0.395523
-0.926108
-0.920299
-0.859876
-0.85943
-0.966428
-0.932632
-0.59251
-0.960539
-0.958049
-0.936628
-0.461432
-0.967913
-0.58513
-0.983657
-0.998197
-0.93233
-0.745175
-0.955639
-0.562257
-0.564466
-0.928389
-0.955987
-0.929316
-0.386165
-0.611664
-0.940542
-0.967447
0.21344
-0.943154
-0.874012
-0.455966
-0.42334
-0.961118
-0.806821
-0.91603
-0.866939
-0.849507
-0.952856
-0.924551
-0.541216
-0.999462
-0.957122
-0.893887
-0.644017
-0.912629
-0.915059
-0.55289
-0.44842
-0.941036
-0.823009
-0.991802
-0.903264
0.276143
-0.395256
-0.9096
-0.790878
-0.399708
-0.962585
-0.807836
-0.833764
-0.952387
-0.918038
0.279244
-0.959126
-0.848491
-0.963858
-0.844762
-0.931102
-0.927668
-0.830606
-0.930815
-0.600829
-0.616015
-0.406397
-0.939187
-0.932606
-0.549758
-0.960067
-0.961861
-0.934507
-0.604758
-0.945485
-0.534241
0.313608
-0.938813
-0.913473
-0.838766
-0.923635
-0.995659
-0.897415
-0.915962
-0.332344
-0.983176
-0.533966
-0.436727
-0.924663
-0.425753
-0.953596
-0.732841
-0.555534
-0.949756
-0.919625
-0.950921
-0.926615
-0.851949
-0.578599
0.0815639
-0.911158
-0.409019
-0.921392
-0.993714
-0.618154
-0.419364
-0.448009
-0.96312
-0.946341
-0.740584
0.349271
-0.947307
-0.839956
-0.609838
-0.933488
-0.808083
-0.572156
-0.911626
-0.895041
-0.920293
-0.828228
-0.376347
-0.926802
-0.929866
-0.992406
-0.964051
-0.648293
-0.950275
-0.794129
-0.931858
-0.849008
-0.963931
-0.850466
-0.93773
-0.998615
-0.868586
-0.971021
-0.867061
-0.940005
-0.608311
-0.940715
-0.963985
-0.942447
-0.340431
-0.372744
-0.392155
-0.386424
-0.834243
-0.733704
-0.816159
-0.332904
0.443074
-0.88435
-0.805871
-0.372023
-0.531814
-0.957941
-0.356832
-0.634784
-0.919838
-0.552236
-0.523872
-0.537892
-0.539367
-0.894663
-0.942262
-0.266792
0.391187
-0.833832
-0.858115
-0.903975
-0.810187
-0.99925
-0.940718
-0.959851
-0.971618
-0.919598
-0.938528
-0.970561
-0.774403
-0.769982
-0.976365
-0.904824
-0.926213
-0.989558
-0.883761
-0.941474
-0.956561
-0.93455
-0.928156
-0.967221
-0.930923
-0.937817
-0.961764
-0.923916
-0.790699
-0.748055
-0.988085
-0.912191
-0.991521
-0.955162
-0.915133
-0.924519
-0.961794
-0.897203
-0.987158
-0.788048
-0.744557
-0.985072
0.269456
-0.912676
-0.626007
-0.383378
0.29039
-0.745531
-0.56075
-0.460281
-0.578806
-0.919173
-0.978932
-0.851591
-0.507284
-0.821053
-0.92856
-0.981573
-0.890468
-0.819091
-0.935394
-0.956546
-0.426513
-0.87551
-0.604656
-0.923886
-0.943504
-0.879423
-0.462988
-0.79242
-0.982588
-0.928484
-0.366938
-0.594963
-0.849123
-0.941655
-0.944579
-0.9727
-0.922513
-0.995165
-0.598567
-0.92169
-0.837938
-0.955926
-0.433468
-0.846259
-0.915081
-0.328959
-0.765901
-0.994708
-0.957527
-0.915408
-0.837493
-0.919282
-0.587164
-0.99428
-0.415752
-0.949752
-0.903447
-0.924911
-0.919173
-0.967949
-0.942382
-0.506206
-0.926828
-0.931048
-0.868521
-0.92818
-0.991068
-0.730278
-0.974698
-0.916484
-0.836067
-0.927688
-0.590708
-0.995482
-0.413344
0.277463
-0.632475
-0.341368
0.23489
-0.781924
-0.572581
-0.951495
-0.887564
-0.518438
-0.817495
-0.940094
-0.98586
-0.937486
-0.927982
-0.974116
-0.937478
-0.970007
-0.475234
-0.865171
-0.667381
-0.441981
-0.807957
-0.933477
-0.916811
-0.860115
-0.940165
-0.972498
-0.491986
-0.63809
-0.997804
-0.876169
-0.918436
-0.99626
-0.377779
-0.870316
-0.947878
-0.939459
-0.582455
-0.899758
-0.964014
-0.359704
-0.766253
-0.986402
-0.904976
-0.369548
-0.590612
-0.91145
-0.936546
-0.987485
-0.839496
-0.9091
-0.817815
-0.931881
-0.936111
-0.937403
-0.88036
-0.471346
-0.926736
-0.9516
-0.926993
-0.975855
-0.753572
-0.95111
-0.928232
-0.37322
-0.592304
-0.989048
-0.827157
-0.936542
-0.924662
-0.965036
0.343726
-0.607226
0.401663
-0.769158
-0.592909
-0.384979
-0.607133
-0.96704
-0.997948
-0.83733
-0.907136
-0.997806
-0.395411
-0.937382
-0.840576
-0.600732
-0.963422
-0.927547
-0.948782
-0.357559
-0.781152
-0.91985
-0.383491
-0.928498
-0.569341
-0.837155
-0.965006
-0.992897
-0.930236
-0.854192
-0.925893
-0.999966
-0.906517
-0.948504
-0.922115
-0.998456
-0.578031
-0.828373
-0.957322
-0.359522
-0.371557
-0.981027
-0.781554
-0.938975
-0.925259
-0.850413
-0.926136
-0.952022
-0.878601
-0.588992
-0.389535
-0.935495
-0.915892
-0.813451
-0.914991
-0.347507
-0.985421
-0.923973
-0.929398
-0.972388
-0.922277
-0.921793
-0.910274
-0.824692
-0.918676
-0.943034
-0.382146
-0.56563
-0.837413
-0.94027
-0.844436
-0.567607
-0.992196
-0.338047
0.268523
-0.599613
0.228882
-0.781699
-0.551463
-0.900727
-0.996793
-0.924077
-0.485394
-0.855975
-0.936243
-0.846846
-0.608808
-0.942056
-0.406043
-0.778842
-0.902337
-0.910718
-0.424631
-0.944829
-0.919045
-0.580151
-0.857982
-0.963038
-0.918658
-0.913167
-0.940655
-0.850238
-0.415153
-0.863637
-0.956027
-0.595479
-0.402737
-0.987143
-0.783356
-0.928311
-0.903571
-0.927546
-0.967133
-0.433958
-0.624642
-0.966073
-0.860513
-0.926714
-0.931382
-0.934659
-0.96254
-0.443823
-0.925192
-0.934575
-0.930054
-0.874322
-0.960735
-0.521817
-0.614349
-0.444395
-0.589968
-0.407406
-0.664134
-0.79688
-0.945458
-0.743612
-0.919315
-0.995255
-0.950566
-0.937351
-0.919612
-0.591821
-0.942714
-0.394865
-0.957669
-0.94861
-0.661644
-0.600361
-0.971981
-0.820261
-0.867842
-0.941577
0.221274
-0.434718
-0.890059
-0.434263
-0.882482
-0.981767
-0.951932
-0.979344
-0.914949
-0.949438
-0.985511
-0.350714
-0.954418
-0.905839
-0.91138
-0.582684
-0.918429
-0.535892
-0.567193
-0.932163
-0.742271
-0.829615
-0.360362
-0.829165
-0.357433
-0.824874
-0.900224
0.327513
-0.980139
-0.904572
-0.946082
-0.948899
-0.927831
-0.918527
-0.823761
-0.923897
-0.897342
-0.860051
-0.978577
-0.937029
0.221368
-0.831976
-0.999171
-0.985557
-0.590977
-0.929106
-0.571672
-0.415127
-0.964408
-0.919438
-0.595575
-0.56619
-0.40416
-0.543571
-0.354942
-0.586741
-0.359425
-0.840273
-0.850357
-0.415325
-0.867634
-0.449557
0.286964
-0.844457
0.318355
-0.839131
-0.395487
-0.845354
-0.399477
-0.559086
-0.618066
-0.972807
-0.373846
-0.59771
-0.994029
-0.917582
-0.931263
-0.987165
-0.917653
-0.972647
-0.960172
-0.907344
-0.992459
-0.745518
-0.918097
-0.937104
-0.788347
-0.95171
-0.899608
-0.942872
-0.964558
-0.996662
-0.934141
-0.99375
-0.961147
-0.914406
-0.915764
-0.944768
-0.928481
-0.990788
-0.771489
-0.929981
-0.787783
-0.963171
-0.923954
-0.930644
-0.95577
-0.902298
-0.99711
-0.994053
-0.65481
-0.400243
0.192691
-0.513591
0.401509
-0.361925
-0.721227
-0.829902
-0.937652
-0.546779
-0.375557
-0.933259
-0.773058
-0.957556
-0.945815
-0.902017
-0.991305
-0.939048
-0.936916
-0.995819
-0.556361
-0.417757
-0.922599
-0.837633
-0.905397
-0.794296
-0.912277
-0.892927
-0.991907
-0.958417
-0.935286
-0.923969
-0.618801
-0.852859
-0.954577
-0.96275
-0.966851
-0.950597
0.416764
-0.782556
0.315442
-0.389494
-0.664322
-0.451507
-0.58086
-0.919205
-0.98787
-0.571924
-0.908955
-0.810845
-0.370707
-0.947453
-0.862973
-0.965735
-0.954509
-0.869427
-0.803263
-0.956516
-0.977491
-0.671279
-0.947233
-0.960226
-0.892611
-0.94732
-0.65102
-0.976928
-0.944259
-0.865497
0.300331
-0.372857
0.350442
-0.476847
-0.850456
-0.783427
-0.979056
-0.946003
-0.635572
0.402634
0.395324
-0.513976
-0.318022
-0.544207
-0.333164
-0.565568
-0.963055
-0.912247
-0.825913
-0.990469
-0.998729
-0.992784
-0.898241
-0.944274
-0.899044
-0.729491
-0.997827
-0.926795
-0.943154
-0.937287
-0.764884
-0.961108
-0.971097
-0.986027
-0.848708
-0.914949
-0.945828
-0.919217
-0.957217
-0.998076
-0.934569
-0.838772
-0.917898
-0.352023
-0.91627
-0.919048
-0.428224
-0.843665
-0.77036
-0.622905
-0.930862
-0.950984
-0.434619
-0.946111
-0.590441
-0.801506
-0.921779
-0.29544
-0.88538
-0.950702
-0.908234
-0.989325
-0.949137
-0.52521
-0.369066
0.250816
-0.367415
-0.924592
-0.568082
-0.813062
-0.848063
-0.390444
-0.357706
-0.34222
-0.737099
-0.812653
-0.912779
-0.508494
-0.333108
-0.916796
-0.938961
-0.902242
-0.852834
-0.928499
-0.972175
-0.944441
-0.946827
-0.627747
-0.962496
-0.99923
-0.942233
-0.842682
-0.533071
-0.76754
-0.923736
-0.963355
-0.869195
-0.934388
-0.995573
-0.932451
-0.871307
-0.937028
-0.962302
-0.961056
-0.580711
-0.958763
-0.95556
-0.843924
-0.917148
-0.960187
-0.799808
-0.614246
-0.925156
-0.988699
-0.821766
-0.886256
-0.962624
0.309059
-0.375766
-0.84065
-0.957064
-0.918467
-0.795938
-0.600745
-0.820594
-0.526949
-0.737845
-0.944106
-0.900582
-0.933569
-0.986183
-0.977631
-0.924944
-0.427231
-0.675444
-0.858879
-0.946623
-0.921738
-0.959918
-0.93529
-0.996299
-0.464443
-0.973821
-0.359345
-0.839558
-0.840421
-0.63209
-0.936655
-0.94236
-0.868956
-0.943786
-0.914621
-0.857687
-0.908866
-0.601935
-0.403981
-0.955564
-0.923647
-0.899395
-0.996908
-0.35913
-0.559898
-0.91443
-0.847394
-0.781434
-0.943504
-0.378018
-0.807655
-0.995192
-0.894128
-0.93125
-0.929024
-0.869954
-0.932061
-0.934607
-0.492068
-0.925156
-0.959508
-0.931861
-0.628548
-0.92676
-0.959101
-0.974399
-0.801245
-0.348001
-0.339367
-0.894397
-0.530133
-0.744127
-0.82061
-0.907414
-0.991357
-0.85524
-0.954028
-0.998597
-0.972982
-0.935517
-0.874257
-0.58899
-0.927296
-0.990573
-0.81487
-0.914642
-0.952001
-0.933633
-0.820742
-0.415054
-0.580491
-0.927852
-0.91569
-0.914172
-0.84091
-0.917545
-0.999514
-0.960047
-0.911259
-0.531825
-0.837014
-0.946498
-0.952351
-0.941638
-0.918623
0.347029
-0.395455
-0.564151
-0.419019
-0.610337
-0.75149
0.301984
-0.903808
-0.316034
-0.881443
-0.838951
-0.984787
-0.513726
-0.964477
-0.943378
-0.991507
-0.870461
-0.947174
-0.67754
-0.858146
-0.938173
-0.968862
0.324472
-0.556974
-0.381436
-0.651995
-0.369384
0.358112
-0.851845
-0.588062
-0.952692
-0.91764
-0.749013
-0.552005
-0.83364
-0.905102
-0.948038
-0.903467
-0.847692
-0.995005
-0.891281
-0.948876
-0.999821
-0.931196
-0.966436
-0.941527
-0.866823
-0.466211
-0.934481
-0.930635
-0.378723
-0.958982
-0.348952
-0.5914
-0.945238
-0.847374
-0.778822
-0.959876
-0.441181
-0.842522
-0.902442
-0.601552
-0.997526
-0.99481
-0.996754
-0.93237
-0.931033
-0.899588
-0.773921
-0.945301
-0.934014
-0.958655
-0.978291
-0.949781
-0.810877
-0.996404
-0.995534
-0.93116
-0.958053
-0.917086
-0.933597
-0.452289
-0.581401
-0.500571
-0.619447
-0.408645
-0.984512
-0.917144
-0.933257
-0.732438
-0.921174
-0.957003
-0.933535
-0.957821
-0.941767
-0.918688
-0.821896
-0.929532
-0.918742
-0.83978
-0.998738
-0.9299
-0.615247
-0.930753
-0.4399
-0.965493
0.301423
-0.8545
-0.625246
-0.955436
-0.613799
-0.931586
-0.547532
-0.396936
-0.977824
-0.919696
-0.619526
-0.795371
-0.93607
0.113943
-0.453798
-0.850012
-0.48478
-0.835111
-0.929043
-0.851128
-0.965187
-0.952086
-0.631891
-0.778461
-0.931808
-0.962499
-0.996009
-0.960836
-0.94831
-0.630384
-0.971992
-0.864175
-0.883011
-0.961526
-0.947253
-0.634484
-0.517131
0.385467
-0.40255
-0.924306
-0.796141
-0.961854
-0.917317
-0.946835
-0.894983
-0.990937
-0.526728
-0.313238
-0.891948
-0.997465
-0.971489
-0.928837
-0.853531
-0.834559
-0.939656
-0.564332
-0.991652
-0.942186
-0.920032
-0.823967
-0.913911
-0.747841
0.281872
-0.389748
-0.486876
-0.371906
-0.628828
-0.405693
-0.992338
-0.961336
-0.915181
-0.945145
-0.924657
-0.970007
-0.95466
-0.891356
-0.886109
-0.594636
0.0141138
-0.41244
-0.790126
-0.866938
-0.931701
-0.570271
-0.45179
-0.955375
-0.974939
-0.941252
-0.992605
-0.939269
-0.82161
-0.907726
-0.830481
-0.907728
-0.906265
-0.947559
-0.637591
-0.973306
-0.934259
0.357394
-0.607177
-0.912605
-0.957299
-0.991618
-0.587987
-0.925861
-0.848124
-0.441167
0.272695
-0.451466
0.32863
-0.95209
-0.606053
-0.836682
-0.922443
-0.350898
0.417728
0.315823
-0.604674
-0.384479
-0.560766
-0.992665
-0.919008
-0.927692
-0.897374
-0.992865
-0.78584
-0.934129
-0.985737
-0.948351
-0.955342
-0.81353
-0.959996
-0.968931
-0.933908
-0.967296
-0.996601
-0.899382
-0.82295
-0.916357
-0.85671
-0.913085
-0.945555
-0.440267
-0.91582
-0.916586
-0.384695
-0.366575
-0.837671
-0.765158
-0.946792
-0.916913
-0.608259
-0.406377
-0.59389
-0.947725
-0.931553
-0.832826
-0.929458
-0.935754
-0.918444
-0.99382
-0.931313
-0.999033
-0.646136
-0.452574
-0.942314
-0.998307
-0.832549
-0.395982
-0.335089
-0.737698
-0.834492
-0.908824
-0.875892
-0.957108
-0.882964
-0.973841
-0.951674
-0.982205
-0.694351
-0.810972
-0.958799
-0.949712
-0.965753
-0.927323
-0.977137
-0.994074
-0.895056
-0.571986
-0.932592
-0.89624
-0.849374
-0.982295
-0.375801
-0.799411
-0.915426
-0.887278
-0.883736
0.393658
-0.934891
-0.521608
-0.792318
-0.543816
0.464273
-0.376782
-0.995663
-0.914295
-0.501882
-0.697703
-0.813418
-0.361494
-0.927577
-0.531818
-0.265981
-0.88249
-0.96574
-0.945958
-0.889482
-0.959525
-0.942022
-0.941719
-0.644697
-0.99742
-0.856128
-0.981027
-0.843158
-0.94971
0.259211
-0.865834
-0.930456
-0.84242
-0.61718
-0.781927
-0.965809
-0.905013
-0.921026
-0.864252
-0.925297
-0.944074
-0.309172
-0.539297
-0.990566
-0.81224
-0.999281
-0.935708
-0.995503
-0.424315
-0.914064
-0.958199
-0.919472
-0.948632
-0.441898
-0.836956
-0.727927
-0.596995
-0.917625
-0.42664
-0.595708
-0.92208
-0.938245
-0.992757
-0.863299
-0.91124
-0.826914
-0.946359
-0.371039
-0.457885
-0.825551
-0.950732
-0.921255
-0.741706
-0.588103
-0.936367
-0.962933
-0.90316
-0.91449
-0.909692
-0.944028
-0.931935
-0.398793
-0.927252
-0.91034
-0.994682
-0.851594
-0.928639
-0.427808
-0.921212
-0.848498
-0.568461
-0.343751
-0.382376
-0.931189
-0.551958
-0.763133
-0.956013
-0.943875
-0.819643
-0.919009
-0.988734
-0.862292
-0.937688
-0.96315
-0.621657
-0.828092
-0.925477
-0.961491
-0.643156
-0.924245
-0.945608
-0.797273
-0.850534
-0.928812
-0.933803
-0.895802
-0.858241
-0.538525
-0.586505
-0.910064
-0.971476
-0.945955
-0.940649
-0.765531
-0.971584
-0.84069
-0.919639
-0.987469
-0.964603
-0.849908
-0.399904
-0.338519
-0.585623
-0.432745
-0.564785
-0.758565
-0.918645
-0.838837
-0.997167
-0.923966
-0.819831
-0.958601
-0.955388
-0.584633
-0.752583
-0.922503
-0.936062
-0.953543
-0.931167
-0.936452
-0.967821
-0.905562
-0.835445
-0.908032
-0.925235
-0.835186
-0.98165
-0.388315
-0.917441
-0.926557
-0.582248
-0.958581
0.427446
-0.809969
-0.616837
-0.997059
-0.640397
-0.919517
-0.611696
-0.422867
-0.964419
-0.927256
-0.585707
-0.964333
-0.775271
-0.505464
-0.391079
-0.874835
-0.936785
0.244326
-0.953817
-0.908385
-0.539656
-0.964017
-0.863583
-0.863003
-0.947754
-0.962482
-0.391724
0.379657
-0.392695
0.264465
-0.393603
-0.798468
-0.9477
-0.583007
-0.418213
-0.840315
-0.965966
-0.914689
-0.998126
-0.930696
-0.833644
-0.562163
-0.576039
-0.866758
-0.909971
-0.961857
-0.766322
-0.93416
-0.935449
-0.957503
-0.928531
-0.920474
-0.940327
-0.987313
-0.910609
-0.8417
-0.995527
-0.824823
-0.958494
-0.604361
-0.986875
-0.95063
-0.929262
-0.836199
-0.965062
-0.777005
-0.906626
-0.953629
-0.52093
-0.943115
-0.832533
-0.997356
-0.570059
-0.381267
0.308848
-0.407941
-0.930693
-0.810328
-0.847293
-0.400439
-0.946615
-0.966092
-0.93133
-0.991469
-0.936993
-0.58731
-0.869565
-0.923892
-0.433083
-0.936507
-0.863655
-0.922869
-0.934726
-0.922045
0.36176
-0.969581
-0.623317
-0.875262
-0.594626
0.320092
-0.627415
-0.402434
-0.409388
-0.980212
-0.811596
-0.842709
-0.921504
-0.63526
-0.465664
-0.942354
-0.98138
-0.935959
-0.990143
-0.904004
-0.987357
-0.815879
-0.808545
-0.949874
-0.960761
-0.992114
-0.960926
-0.935101
-0.758475
-0.520434
-0.897206
-0.953766
-0.965745
-0.561224
-0.832717
-0.956134
-0.935596
-0.994912
-0.846039
0.331407
-0.423326
-0.831864
-0.965433
-0.769424
-0.60806
-0.937111
-0.430636
-0.934627
-0.57906
-0.857499
-0.93949
-0.923455
-0.863363
-0.903202
-0.993458
-0.413374
-0.375116
-0.933599
-0.812864
-0.587221
-0.729864
-0.950221
-0.922474
-0.957549
-0.926809
-0.90367
-0.842906
-0.905996
-0.964463
-0.826415
-0.560592
-0.999575
-0.414823
-0.902488
-0.992106
-0.424867
-0.909024
-0.956123
-0.998101
-0.909531
-0.586924
-0.810866
-0.761193
-0.949944
-0.279806
-0.911302
-0.929459
-0.959342
-0.931483
-0.900817
-0.38068
-0.915215
-0.835479
-0.991014
-0.919309
-0.610715
-0.921697
-0.952671
-0.776527
-0.613219
-0.396778
-0.927526
-0.897858
-0.953727
-0.930244
-0.94905
-0.911924
-0.99816
-0.812255
-0.828175
-0.60254
0.358431
-0.959588
-0.301666
-0.385909
-0.970985
-0.92471
-0.526587
-0.755964
-0.843668
-0.925059
-0.993937
-0.945171
-0.925873
-0.935195
-0.908062
-0.369677
-0.989905
-0.59054
-0.909133
-0.993296
-0.954001
-0.830482
-0.838259
-0.628729
-0.834597
-0.928125
-0.995142
-0.952092
-0.952568
-0.91885
-0.467203
-0.347477
-0.585857
-0.774599
0.463268
-0.942244
-0.849979
-0.91789
-0.925363
-0.925225
-0.852557
-0.89561
-0.541865
-0.941226
-0.965223
0.337675
-0.580292
-0.917085
-0.932875
-0.403687
-0.902076
-0.837446
-0.983712
-0.576202
0.434954
-0.601173
-0.633975
-0.413646
0.272042
-0.94079
-0.950366
-0.967656
-0.869651
-0.924106
-0.937587
-0.854899
-0.958572
-0.370618
-0.935149
-0.933186
-0.402475
-0.415997
-0.462321
-0.847447
-0.607257
-0.972933
-0.922246
-0.792313
-0.609063
-0.867383
-0.954641
-0.963188
-0.992771
-0.990627
-0.988972
-0.916823
-0.902603
-0.920219
-0.983982
-0.937153
-0.993313
-0.775137
-0.956794
-0.969351
-0.952326
-0.958972
-0.741845
-0.930835
-0.915544
-0.925067
-0.92564
-0.39019
-0.473178
-0.570326
-0.362299
-0.998452
-0.972134
-0.894138
-0.946185
-0.938485
-0.618224
-0.948849
-0.968229
-0.81562
-0.841061
-0.632301
-0.999945
-0.917692
-0.995454
-0.960833
-0.78881
-0.933462
-0.963394
-0.984649
-0.948992
-0.928861
-0.854262
-0.924844
-0.60593
-0.94717
-0.957711
-0.828881
-0.81216
-0.990934
-0.951379
-0.923333
-0.603901
-0.785812
-0.924084
-0.941605
-0.868338
-0.954089
-0.429259
0.247769
-0.406269
-0.872801
-0.925282
-0.995635
-0.958913
-0.820605
-0.621626
-0.996124
-0.915808
-0.774461
-0.971333
-0.967852
-0.955901
-0.844376
-0.932323
-0.834564
-0.904145
-0.938272
-0.523035
-0.3317
-0.988351
-0.934294
-0.904449
-0.928875
-0.945515
-0.986487
-0.906621
-0.611656
-0.941796
-0.826287
0.330767
-0.533504
-0.911156
-0.942945
-0.993529
-0.545888
-0.907612
-0.832068
-0.396328
0.323879
-0.392513
-0.743471
-0.902862
-0.595316
-0.353788
-0.962776
-0.951617
-0.911826
-0.858667
-0.587847
-0.82937
-0.959649
-0.943337
-0.927883
-0.996947
-0.64834
-0.433969
-0.984679
-0.934814
-0.603745
-0.939419
-0.968486
-0.922858
-0.353066
-0.902956
-0.633668
-0.558545
-0.845415
-0.967581
0.198234
-0.930701
-0.850509
-0.399164
-0.437328
-0.941706
-0.768516
-0.871727
-0.927121
-0.946633
-0.919314
-0.949657
-0.914841
-0.528307
-0.90304
-0.88908
-0.990382
-0.278737
-0.564189
-0.996811
-0.516836
-0.857991
-0.935484
-0.825906
-0.985313
-0.930049
0.336942
-0.385651
-0.926676
-0.749776
-0.852227
-0.414207
-0.963155
-0.940612
-0.918705
-0.808388
-0.83011
-0.905575
-0.908743
-0.920624
0.356135
-0.932619
-0.945585
-0.829183
-0.595974
-0.56261
-0.570415
-0.401049
-0.930343
-0.983654
-0.964812
-0.910387
0.283224
-0.917881
-0.915441
-0.459781
-0.956418
-0.913942
-0.58984
-0.860009
-0.974555
-0.918763
-0.996803
-0.309802
-0.91742
-0.458508
-0.832573
-0.983379
-0.913573
-0.836023
-0.612007
-0.805819
-0.946952
-0.918241
-0.918508
-0.926806
-0.965016
-0.35651
-0.553523
-0.97549
-0.994219
-0.833924
-0.937657
-0.998381
-0.409317
-0.912687
-0.920543
-0.997671
-0.852833
-0.42846
-0.861168
-0.955288
-0.789743
-0.597004
-0.927359
-0.925404
-0.912816
-0.845558
-0.944126
-0.417117
-0.92731
-0.920569
-0.969181
-0.970629
-0.860652
-0.659469
-0.929199
-0.9389
-0.908449
-0.850889
-0.436659
-0.945005
-0.950331
-0.958027
-0.91759
-0.912955
-0.982516
-0.541113
-0.956714
-0.83141
0.402404
-0.579102
0.282385
-0.920479
-0.953544
-0.37964
-0.928498
-0.829548
-0.991948
-0.562178
-0.348319
-0.421551
-0.93998
-0.918377
-0.649321
-0.758964
-0.833444
-0.909088
-0.996576
-0.98478
-0.953549
-0.844811
-0.999
-0.569403
-0.922508
-0.958172
-0.768857
-0.937206
-0.952129
-0.922285
-0.847307
-0.57224
-0.948912
-0.951014
-0.837188
-0.926023
-0.99211
-0.411788
-0.32812
-0.852519
-0.817133
0.205534
-0.943956
-0.853831
-0.443942
-0.860715
-0.425495
-0.632609
-0.588487
-0.942751
-0.973973
-0.41731
-0.647697
-0.426064
-0.34982
-0.59664
-0.621751
-0.935037
-0.608163
-0.967056
-0.442133
0.360163
-0.838415
-0.92905
-0.859784
-0.836961
-0.776411
-0.995043
-0.936264
-0.930863
-0.803257
-0.970826
-0.920727
-0.955176
-0.941832
-0.982616
-0.999458
-0.929579
-0.957469
-0.927566
-0.919051
-0.947849
-0.901321
-0.769201
-0.789111
-0.921704
-0.964751
-0.937469
-0.922373
-0.951829
-0.916267
-0.981063
-0.996086
-0.999111
-0.752832
0.325753
-0.930622
0.337906
-0.779686
-0.553566
-0.404745
-0.617448
-0.378967
-0.616943
-0.959373
-0.921517
-0.849545
-0.765399
-0.991109
-0.556597
-0.957305
-0.830127
-0.917194
-0.82356
-0.462614
-0.793647
-0.956017
-0.922155
-0.625098
-0.338134
-0.85253
-0.926596
-0.94096
-0.953585
-0.92262
-0.98695
-0.812646
-0.545411
-0.916711
-0.951583
-0.371859
-0.820839
-0.900319
-0.930808
-0.961399
-0.912793
-0.911168
-0.331088
-0.788556
-0.960817
-0.933344
-0.590229
-0.998819
-0.858584
-0.924049
-0.429092
-0.996613
-0.959656
-0.904466
-0.392245
-0.999814
-0.91495
-0.831326
-0.913928
-0.933424
-0.948476
-0.914647
-0.556723
-0.990751
-0.817764
-0.899388
-0.33267
0.285925
0.309074
-0.787023
-0.636469
-0.348221
-0.568959
-0.990316
-0.72169
-0.931232
-0.909577
-0.537866
-0.943406
-0.982356
-0.824099
-0.421196
-0.816598
-0.914718
-0.853791
-0.906815
-0.921033
-0.963312
-0.637062
-0.993347
-0.464587
-0.831359
-0.915537
-0.456176
-0.843935
-0.975894
-0.910398
-0.605425
-0.925544
-0.960956
-0.940011
-0.941102
-0.930802
-0.864617
-0.388263
-0.778746
-0.913463
-0.368469
-0.624275
-0.960908
-0.999296
-0.910053
-0.843405
-0.996776
-0.908958
-0.828038
-0.453093
-0.936982
-0.931964
-0.928801
-0.957854
-0.960291
-0.379689
-0.588709
-0.356169
-0.587758
-0.449758
-0.582539
-0.786671
-0.924003
-0.948493
-0.749194
-0.9126
-0.988541
-0.956501
-0.633433
-0.613368
-0.770478
-0.846731
-0.445054
-0.879539
-0.933789
0.396709
-0.436866
-0.854123
-0.970674
-0.924972
-0.990534
-0.936077
-0.975232
-0.997884
-0.886054
-0.283352
-0.940818
-0.908185
-0.525766
-0.90411
-0.956692
-0.933828
-0.926989
-0.919936
-0.813977
-0.921319
-0.822678
-0.504394
-0.577143
-0.955892
-0.773005
-0.857861
-0.372183
-0.845845
-0.438418
-0.842149
-0.918897
0.2776
-0.990937
-0.920697
-0.941037
-0.959932
-0.963938
0.42416
-0.842386
-0.99614
-0.565334
-0.347046
-0.95962
-0.916617
-0.564533
-0.912628
-0.618572
-0.613562
-0.41841
-0.623577
-0.392618
-0.542644
-0.432783
-0.850454
-0.853872
-0.363438
-0.84593
-0.4225
0.302639
-0.933952
-0.91284
-0.854279
-0.860182
-0.418362
0.298634
-0.85131
-0.40868
-0.609343
-0.96763
-0.417997
-0.598162
-0.644361
-0.767944
-0.941888
-0.946325
-0.759673
-0.963824
-0.926755
-0.919065
-0.947026
-0.995122
-0.930328
-0.987468
-0.955157
-0.929209
-0.921668
-0.968581
-0.91905
-0.770371
-0.931416
-0.764397
-0.961917
-0.919
-0.930545
-0.960891
-0.922173
-0.997688
-0.598193
-0.374156
0.362209
-0.383655
0.329607
-0.445395
-0.786643
-0.855166
-0.943869
-0.59543
-0.429414
-0.581477
-0.82969
-0.351812
-0.778929
-0.846488
-0.356312
-0.92255
-0.577436
-0.361889
-0.999544
-0.957365
-0.928552
-0.921406
-0.959773
-0.960554
-0.64222
-0.963533
-0.840365
-0.794388
-0.553554
-0.923467
-0.955529
-0.865317
-0.917266
-0.985953
-0.901639
-0.834092
-0.905041
-0.937835
-0.962314
-0.560591
-0.958211
-0.956937
-0.846303
-0.763817
-0.927181
-0.955557
-0.581356
-0.992106
-0.923149
-0.813589
-0.827869
-0.94916
-0.985597
0.255063
-0.411947
0.324507
-0.419271
-0.841893
-0.763117
-0.966371
-0.928816
-0.585194
-0.849513
-0.811403
-0.596236
-0.965874
-0.922655
-0.955972
-0.936061
-0.995018
-0.361377
-0.84211
-0.744665
-0.940268
-0.403352
-0.560526
-0.9093
-0.994757
-0.920167
-0.827918
-0.936513
-0.920676
-0.613535
-0.997652
-0.854641
-0.928343
-0.456234
-0.967185
-0.930224
-0.913642
-0.815412
-0.922134
-0.911929
-0.917501
-0.994025
-0.429424
-0.839736
-0.765125
-0.593472
-0.936543
-0.953019
-0.363273
-0.991651
-0.850765
-0.924323
-0.898969
-0.37593
-0.930362
-0.987397
-0.903763
-0.910474
-0.576485
-0.407376
0.321572
-0.351899
-0.92804
-0.614086
-0.811021
-0.849141
-0.406764
-0.914045
-0.971936
-0.768315
-0.954928
-0.915337
-0.999596
-0.999552
-0.963212
-0.940802
-0.580019
-0.821846
-0.940459
-0.911025
0.281383
-0.349582
-0.595012
-0.756684
0.386368
-0.361063
-0.541005
-0.908097
-0.91614
-0.844759
-0.995313
-0.58829
-0.367633
-0.940334
-0.883176
-0.970027
-0.922255
-0.967002
-0.937282
-0.954399
-0.860078
-0.9122
-0.957059
-0.785966
-0.562251
-0.999702
-0.786114
-0.973436
-0.579762
-0.892357
-0.986474
-0.942333
-0.825226
0.357794
-0.368381
-0.845655
-0.951755
-0.913335
-0.756127
-0.573819
-0.402533
-0.907398
0.284793
-0.58842
-0.411803
0.412264
-0.600987
-0.341458
-0.540087
-0.918842
-0.953079
-0.840935
-0.927126
-0.912799
-0.787753
-0.938901
-0.971103
-0.912002
-0.963001
-0.957229
-0.757214
-0.957852
-0.997804
-0.85302
-0.997659
-0.939965
-0.947561
-0.999506
-0.923148
-0.967982
-0.920926
-0.842064
-0.916686
-0.435557
-0.93422
-0.418638
-0.605048
-0.923195
-0.853806
-0.797027
-0.957957
-0.404283
-0.93176
-0.961678
-0.852351
-0.91687
-0.616844
-0.371832
-0.944096
-0.929851
-0.992
-0.919
-0.919753
-0.988503
-0.577892
-0.925425
-0.941471
-0.945252
-0.74823
-0.83379
-0.394037
-0.911632
-0.577757
-0.317511
-0.759848
-0.806528
-0.901375
-0.993488
-0.952981
-0.975139
-0.831997
-0.938165
-0.962453
-0.607708
-0.796322
-0.992696
-0.915975
-0.940128
-0.429119
-0.932423
-0.843511
-0.632051
-0.920664
-0.958885
-0.91031
-0.927969
-0.92107
-0.824882
-0.925338
-0.923829
-0.964877
-0.602497
-0.865427
-0.965375
-0.973784
-0.944216
0.298732
-0.443512
-0.608014
-0.465338
-0.644417
-0.787371
0.237752
-0.964679
-0.932259
-0.93209
-0.823544
-0.408011
-0.985116
-0.562843
-0.954115
-0.851766
-0.611415
-0.915363
-0.843052
-0.968222
0.318088
-0.600276
-0.43886
-0.644841
-0.401339
0.27792
-0.92048
-0.900812
-0.830068
-0.959386
-0.92995
-0.559104
-0.767607
-0.563207
-0.922387
-0.842721
-0.958933
-0.437696
-0.926399
-0.922443
-0.401241
-0.604674
-0.931147
-0.959969
-0.379458
-0.842422
-0.762716
-0.954259
-0.846366
-0.921407
-0.430376
-0.56924
-0.995998
-0.989885
-0.923114
-0.909933
-0.924103
-0.76862
-0.957432
-0.928122
-0.952436
-0.964189
-0.960822
-0.768966
-0.996796
-0.987871
-0.909297
-0.902652
-0.941641
-0.999732
-0.920319
-0.998074
-0.432571
-0.599727
-0.449008
-0.598805
-0.39832
-0.94831
-0.998627
-0.915993
-0.962352
-0.779961
-0.918032
-0.94942
-0.948863
0.234641
-0.854189
-0.585168
-0.556603
-0.416528
-0.959859
-0.924722
-0.574836
-0.917692
-0.549851
-0.757356
-0.379761
-0.811631
-0.911178
0.276006
-0.315818
-0.99723
-0.839366
-0.986124
-0.919542
-0.949831
-0.914989
-0.847054
-0.943497
-0.950908
-0.544336
-0.759817
-0.918554
-0.961595
-0.994739
-0.5382
-0.948622
-0.845663
-0.829709
-0.993742
-0.949214
-0.907529
-0.639736
-0.441592
0.323292
-0.434472
-0.507764
-0.913222
-0.848578
-0.404722
-0.751473
-0.820052
-0.364277
-0.907923
-0.947732
-0.861523
-0.970817
-0.96007
-0.792959
-0.620565
-0.920653
-0.945794
-0.973041
-0.930333
-0.997294
-0.625772
-0.916907
-0.985571
-0.931177
-0.80955
-0.420882
-0.92412
-0.844467
-0.913452
-0.921788
-0.91538
-0.948859
-0.927696
0.362322
-0.946626
-0.571577
-0.574281
0.30744
-0.443202
-0.768463
-0.844479
-0.914977
-0.540427
-0.395969
-0.957656
-0.833973
-0.548992
-0.343897
-0.954729
-0.908644
-0.910988
-0.926891
-0.61488
-0.863696
-0.958737
-0.991719
-0.835216
-0.921233
0.24816
-0.440278
0.354441
-0.988403
-0.995533
-0.827104
-0.924112
-0.856265
-0.759553
-0.574168
-0.964329
-0.940719
-0.372462
-0.963367
-0.987513
-0.930152
-0.915268
-0.855743
-0.767383
-0.954253
-0.381962
-0.570357
-0.921834
-0.470636
-0.636569
-0.959669
-0.930473
-0.868588
-0.92438
-0.856783
-0.908454
-0.943005
-0.917543
-0.953067
-0.940103
-0.999646
-0.408797
-0.473464
-0.869027
-0.791357
-0.956881
-0.935943
-0.627035
-0.929386
-0.968191
-0.927171
-0.470361
-0.933297
-0.995313
-0.933206
-0.860514
-0.601666
-0.405389
-0.995066
-0.932314
-0.939547
-0.732868
-0.961299
-0.880896
-0.866682
-0.622917
-0.948558
-0.97753
-0.859341
-0.936791
-0.44749
-0.587886
-0.778161
0.268858
-0.43444
-0.603405
-0.341501
-0.897986
-0.978729
-0.940745
-0.926318
-0.962087
-0.995105
-0.924474
-0.901544
-0.938927
-0.872116
-0.908143
-0.910276
-0.803925
-0.907121
-0.931657
-0.845456
-0.817483
-0.528719
0.344744
-0.401334
-0.908312
-0.523957
-0.720191
-0.819951
-0.325777
-0.942164
-0.944682
-0.912187
-0.977196
-0.96226
-0.593376
-0.955165
0.319966
-0.606922
-0.924219
-0.937939
-0.906014
-0.817313
-0.987396
-0.564959
-0.379286
0.241319
-0.926211
-0.293732
-0.952043
-0.852008
-0.917334
-0.560808
-0.407851
0.294049
-0.585132
-0.358531
0.314736
-0.568278
-0.933879
-0.904575
-0.77705
-0.934994
-0.920643
-0.995321
-0.955401
-0.959729
-0.959409
-0.777449
-0.948391
-0.93951
-0.965575
-0.999882
-0.939796
-0.988754
-0.864482
-0.925484
-0.860114
-0.933657
-0.95848
-0.420634
-0.920106
-0.392657
-0.422673
-0.858899
-0.959202
-0.926315
-0.765369
-0.604471
-0.927162
-0.388538
-0.595562
-0.931975
-0.951481
-0.851964
-0.901929
-0.91656
-0.924376
-0.936893
-0.993394
-0.965746
-0.827104
-0.925094
-0.937388
-0.849212
-0.375474
-0.606982
-0.433225
-0.935058
-0.586354
-0.401589
-0.796028
-0.951213
-0.971938
-0.863002
-0.550105
-0.927069
-0.839664
-0.992104
-0.943792
-0.921052
-0.944641
-0.568132
-0.740219
-0.862383
-0.930884
-0.958892
-0.935116
-0.860896
-0.582726
-0.600855
-0.929417
-0.954172
-0.956451
-0.957641
-0.782907
-0.952455
-0.852817
-0.932438
-0.950568
-0.855261
-0.994726
-0.796274
0.370036
0.287347
-0.763239
-0.591274
-0.58289
-0.404232
-0.57892
-0.965547
-0.836954
-0.406564
-0.918496
-0.396573
-0.943302
-0.759919
-0.997707
-0.585982
-0.947231
-0.84553
-0.929952
-0.860002
-0.936635
-0.953591
-0.920682
-0.923429
-0.979971
-0.995582
-0.832715
-0.543201
-0.954542
-0.33667
-0.92264
-0.918936
-0.849966
-0.918723
-0.440192
-0.999824
-0.919254
-0.834524
-0.911829
-0.918519
-0.751255
-0.945606
-0.516321
-0.990023
-0.842905
-0.996554
-0.305548
-0.394226
-0.909977
-0.888431
-0.995175
-0.947048
-0.907667
-0.952788
-0.626329
-0.985104
-0.818794
-0.40648
0.375835
0.367086
-0.727304
-0.5553
-0.489007
-0.487829
-0.897113
-0.934063
-0.370697
-0.77568
-0.95696
-0.922476
-0.595265
-0.961556
-0.982093
-0.835019
-0.930516
-0.94582
-0.916636
-0.86267
-0.48383
-0.865825
-0.965448
-0.606803
-0.933086
-0.928372
-0.935351
-0.972561
-0.375994
-0.991675
-0.895821
-0.902322
-0.893287
-0.939872
-0.772238
-0.337385
-0.556815
-0.965108
-0.995862
-0.835387
-0.360323
-0.898929
-0.921295
-0.926967
-0.853008
-0.398887
-0.612215
-0.402727
-0.441073
-0.568681
-0.746505
-0.924795
-0.844501
-0.958024
-0.611808
-0.957772
-0.798798
-0.931169
-0.939425
-0.962739
-0.928092
-0.907557
-0.905201
-0.834973
-0.928208
-0.827658
-0.994727
-0.941295
-0.959506
-0.97702
-0.917087
-0.36027
-0.933635
-0.554473
-0.959568
-0.942545
-0.953089
0.246891
-0.847786
-0.999369
-0.608936
-0.385752
-0.95309
-0.920391
-0.593391
-0.919658
-0.576109
-0.595115
-0.957424
-0.773014
-0.410856
-0.845998
-0.441433
-0.904742
0.386435
-0.637179
-0.848435
-0.82808
-0.9496
-0.999569
-0.934989
-0.957771
-0.54478
-0.416243
-0.361775
0.279882
-0.414773
-0.799078
-0.858245
-0.942426
-0.372921
0.251004
-0.559223
0.351841
-0.648388
-0.952093
-0.565578
-0.841661
-0.410966
-0.745298
-0.838426
-0.372908
-0.950056
-0.893686
-0.593512
-0.444869
-0.949057
-0.932863
-0.922478
-0.995088
-0.993434
-0.912359
-0.828928
-0.92655
-0.947658
-0.865617
-0.949839
-0.99558
-0.947229
-0.96751
-0.721468
-0.92256
-0.536458
-0.961517
-0.601203
-0.826166
-0.926094
-0.998805
-0.905339
-0.811425
0.238625
0.350174
-0.314669
-0.827206
-0.778272
-0.956628
-0.598403
-0.919316
-0.352666
-0.390479
-0.933303
-0.995736
-0.868989
-0.761184
-0.555289
-0.945714
-0.925182
-0.958163
-0.996409
-0.922094
-0.8578
-0.926159
-0.946558
-0.951822
-0.621412
-0.85081
-0.419387
-0.920163
-0.931758
-0.957445
-0.930472
-0.93949
-0.416836
-0.962808
-0.94114
-0.928107
-0.999834
-0.844158
-0.762934
-0.625975
-0.940985
-0.41694
-0.945507
-0.451921
-0.91426
-0.858752
-0.914496
-0.437808
0.394467
-0.350031
-0.928077
-0.605789
-0.776305
-0.447555
-0.861522
-0.595332
-0.640867
-0.874811
-0.951429
-0.943985
-0.968602
-0.795823
-0.94473
-0.972256
-0.93914
-0.92425
-0.967182
-0.940505
-0.999949
-0.851045
-0.992372
-0.850138
-0.950393
-0.582456
-0.918422
-0.996724
-0.963395
-0.828516
-0.956662
-0.925143
-0.950298
-0.788637
-0.580869
-0.977662
-0.873629
-0.559037
-0.916915
-0.964883
-0.78696
-0.846908
-0.595944
0.311928
-0.974481
-0.855099
-0.486603
-0.924594
-0.609497
-0.394574
-0.969072
-0.762938
-0.864061
-0.937976
-0.919067
-0.947521
-0.910332
-0.416909
-0.914113
-0.994588
-0.574659
-0.924556
-0.956794
-0.94858
-0.858555
-0.924312
-0.925026
-0.917465
-0.85007
-0.945709
-0.871659
-0.576044
-0.925235
-0.854039
-0.995782
-0.954964
-0.846355
-0.954103
-0.927628
-0.397868
-0.566968
-0.427787
-0.729546
0.244559
-0.668351
-0.944179
0.310185
-0.556704
-0.963278
-0.916354
-0.944471
-0.94124
-0.847826
-0.429562
-0.997084
-0.58116
0.280336
-0.636406
-0.424092
-0.633261
0.315489
-0.466111
-0.339912
-0.422548
-0.494881
-0.92416
-0.924468
-0.86551
-0.952123
-0.919535
-0.586128
-0.790519
-0.633826
-0.923162
-0.866225
-0.965133
-0.99862
-0.987457
-0.988527
-0.940052
-0.927732
-0.92577
-0.905505
-0.989279
-0.798212
-0.970494
-0.938858
-0.951277
-0.978617
-0.735465
-0.928116
-0.93483
-0.931302
-0.921312
-0.989337
-0.441959
-0.597209
-0.462557
-0.365654
-0.617297
-0.823968
-0.851276
-0.627509
-0.962476
-0.951218
-0.923596
-0.958356
-0.782566
-0.935495
-0.960606
-0.976251
-0.945372
-0.870391
-0.9337
-0.628031
-0.951626
-0.852187
-0.853403
-0.958477
-0.935237
-0.968658
-0.622398
-0.797592
-0.944631
-0.935239
-0.835545
-0.960478
-0.591911
-0.454992
-0.34403
-0.637507
-0.83263
-0.970322
0.375315
-0.55825
-0.992925
-0.931574
-0.84158
-0.389197
-0.773115
-0.820825
-0.40429
-0.95777
-0.924493
-0.947458
-0.94098
-0.960441
-0.935958
-0.998314
-0.601648
-0.916506
-0.986613
-0.930323
-0.384656
-0.947637
-0.829411
-0.925684
-0.833326
-0.924538
-0.931814
-0.927881
-0.59085
-0.844515
-0.959585
-0.997245
-0.828742
-0.924746
-0.581031
0.293549
-0.408294
-0.794411
-0.866609
-0.920668
-0.436111
-0.960354
0.444356
-0.955131
-0.564839
-0.999577
-0.603995
-0.947166
-0.84187
-0.602746
-0.407945
-0.953191
-0.918111
-0.919761
0.372407
0.177746
-0.94272
-0.396044
-0.945587
-0.443849
-0.99371
-0.862733
-0.937705
-0.860128
-0.794963
-0.627315
-0.973681
-0.919927
-0.913215
-0.912393
-0.946752
-0.380073
-0.609067
-0.948145
-0.836339
-0.922261
-0.929129
-0.93218
-0.854282
-0.918601
-0.343927
-0.921403
-0.990073
-0.911651
-0.831696
-0.994887
-0.370728
-0.841207
-0.77919
-0.941946
-0.619406
-0.911097
-0.411093
-0.934805
-0.944236
-0.956406
-0.999888
-0.439788
-0.980474
-0.836926
-0.629981
-0.939391
-0.962778
-0.805186
-0.942468
-0.950664
-0.82932
-0.914542
-0.907202
-0.827598
-0.913513
-0.939804
-0.583649
-0.413821
-0.921101
-0.991302
-0.913725
-0.972899
-0.938005
-0.965024
-0.935785
-0.608853
-0.94908
0.439635
-0.590557
-0.924903
-0.952885
-0.919179
-0.824871
-0.984207
-0.573085
-0.370796
-0.857629
0.260642
-0.43424
-0.948313
-0.606802
-0.753348
-0.446807
-0.962686
-0.841151
-0.596663
-0.867724
-0.95192
-0.977296
-0.93548
-0.576981
0.321481
-0.620773
0.312602
-0.950144
-0.799863
-0.940772
-0.954788
-0.908274
-0.848393
-0.415253
-0.991348
-0.580533
-0.361009
-0.912919
-0.581507
-0.407926
-0.950403
-0.782111
-0.857815
-0.94525
-0.986129
-0.971541
-0.927465
-0.950227
-0.847486
-0.999795
-0.56991
-0.919187
-0.969147
-0.800556
-0.955341
-0.805766
-0.594825
-0.976424
-0.962023
-0.852797
-0.91141
-0.99853
-0.778727
-0.411883
-0.482079
-0.738576
-0.317508
-0.392257
-0.575121
-0.990212
-0.521434
-0.929002
-0.60268
-0.905989
-0.934496
-0.390046
0.240801
-0.855796
-0.91513
-0.863796
-0.934374
-0.841378
-0.940268
-0.963355
-0.902797
-0.999948
-0.985921
-0.926261
-0.946811
-0.891573
-0.943007
-0.929325
-0.911316
-0.794667
-0.756648
-0.996346
-0.991451
-0.977534
-0.939145
-0.972544
-0.902904
-0.444022
-0.427871
-0.933665
-0.910709
-0.885169
-0.791856
-0.852032
-0.423151
0.257714
-0.950574
-0.849503
-0.44849
-0.606448
-0.960077
-0.43436
-0.601146
-0.927932
-0.640109
-0.910475
-0.96738
-0.930947
-0.998475
-0.99814
-0.935566
-0.952878
-0.946319
-0.988407
-0.993493
-0.912494
-0.966571
-0.92529
-0.990106
-0.773974
-0.821699
-0.938858
-0.968886
-0.929139
-0.8259
-0.928403
-0.396291
-0.925627
0.215546
-0.917896
-0.573493
-0.42938
0.275393
-0.777718
-0.52702
-0.455336
-0.643528
-0.930389
-0.971645
-0.858605
-0.84654
-0.922621
-0.949844
-0.91459
-0.992116
-0.949142
-0.92404
-0.850014
-0.911821
-0.942082
-0.921817
-0.996879
-0.911402
-0.516582
-0.914273
-0.851702
-0.928074
-0.388201
-0.44464
-0.375668
-0.717347
-0.899089
-0.913946
-0.937433
-0.89181
-0.844432
-0.910995
-0.547264
-0.995302
-0.320144
-0.918807
-0.935948
-0.325096
-0.983579
-0.923088
-0.846046
-0.936418
-0.645065
-0.424206
0.279674
-0.562722
-0.337091
0.362303
-0.766229
-0.601863
-0.923422
-0.966076
-0.920197
-0.819546
-0.982202
-0.935101
-0.828901
-0.903806
-0.948654
-0.920821
-0.922101
-0.988244
-0.90767
-0.378472
-0.838686
-0.953642
-0.931249
-0.606493
-0.324548
-0.35263
-0.767914
-0.895547
-0.903468
-0.909325
-0.388128
-0.541302
-0.902992
-0.938728
-0.997687
-0.825265
-0.416803
-0.366854
-0.8514
-0.784413
0.25098
-0.947137
-0.862026
-0.403643
-0.853185
-0.386137
-0.561572
-0.579834
-0.912076
-0.953322
-0.474604
-0.577255
-0.902589
-0.996419
-0.951226
-0.929859
-0.98502
-0.89977
-0.940473
-0.902119
-0.998498
-0.998176
-0.911712
-0.947866
-0.943301
-0.995365
-0.99814
-0.730232
-0.769213
-0.916323
-0.998842
-0.963436
-0.933605
-0.775514
0.355142
-0.923488
0.31469
-0.819117
-0.62001
-0.383926
-0.580034
-0.430862
-0.606432
-0.963705
-0.995776
-0.943585
-0.848832
-0.825883
-0.91928
-0.942224
-0.912303
-0.907794
-0.918217
-0.932011
-0.991129
-0.867997
-0.579153
-0.919326
-0.95905
-0.320909
-0.99973
-0.966106
-0.932501
-0.99158
-0.808855
-0.923495
-0.381627
-0.924772
-0.907701
-0.363837
-0.777036
-0.95308
-0.907073
-0.619025
-0.833102
-0.92924
-0.40586
-0.961906
-0.909528
-0.566366
-0.997235
-0.842843
-0.916525
-0.335015
0.474842
0.297097
-0.712336
-0.549207
-0.431958
-0.544668
-0.915129
-0.953359
-0.919245
-0.82667
-0.929718
-0.915172
-0.936544
-0.996735
-0.405743
-0.85941
-0.957858
-0.929384
-0.607484
-0.994406
-0.911419
-0.835344
-0.991765
-0.916382
-0.961017
-0.41627
-0.908193
-0.92524
-0.369731
-0.767624
-0.917284
-0.366131
-0.591284
-0.961203
-0.988103
-0.93058
-0.822916
-0.963753
-0.402867
-0.687994
-0.491072
-0.592448
-0.392327
-0.652561
-0.812872
-0.940782
-0.887446
-0.946317
-0.889857
-0.913475
-0.907943
-0.824808
-0.936684
-0.809976
-0.935514
-0.998548
-0.974558
-0.999459
-0.980483
-0.923566
-0.34809
-0.932574
-0.905414
-0.50667
-0.974769
-0.982789
-0.922169
-0.952417
-0.823436
-0.996217
-0.304532
-0.969642
-0.942643
-0.90851
-0.62437
-0.947102
0.326735
-0.612419
-0.529818
-0.509858
-0.538
-0.934447
-0.736364
-0.81588
-0.399639
-0.845956
-0.377247
-0.840148
-0.903439
0.359405
-0.585279
-0.370726
-0.573641
-0.443472
-0.570515
-0.363731
-0.836261
-0.838974
-0.415175
-0.841853
-0.366572
0.332052
-0.950587
-0.969786
-0.934503
-0.997679
-0.949955
-0.952691
-0.934278
-0.994929
-0.918664
-0.996924
-0.963039
-0.915074
-0.984395
-0.981225
-0.800356
-0.931005
-0.773782
-0.962313
-0.918255
-0.638297
-0.413718
0.303245
-0.381531
0.345139
-0.378583
-0.778316
-0.831307
-0.922002
-0.632981
-0.388061
-0.907773
-0.955031
-0.920706
-0.813626
-0.938558
-0.85802
-0.981795
-0.84326
-0.960709
-0.941925
-0.549788
-0.957606
-0.959603
-0.829401
-0.778338
-0.915028
-0.959791
-0.589444
0.328302
-0.528167
0.217017
-0.454485
-0.863155
-0.77366
-0.956771
-0.925981
-0.607648
-0.956343
-0.919749
-0.854815
-0.927779
-0.904866
-0.939052
-0.961248
-0.909954
-0.59307
-0.998189
-0.850441
-0.925445
-0.417063
-0.870216
-0.93187
-0.962076
-0.943365
-0.959548
-0.480853
-0.933268
-0.927387
-0.41187
-0.87168
-0.797092
-0.633344
-0.945013
-0.967195
-0.466573
-0.633195
-0.346001
0.191437
-0.459488
-0.933871
-0.598827
-0.792658
-0.856565
-0.440139
-0.925232
-0.956148
-0.916272
-0.99758
-0.84846
-0.908943
-0.848496
-0.873257
-0.964262
-0.613551
-0.944344
-0.944406
-0.973305
-0.820193
-0.929072
-0.954623
-0.768791
-0.574003
0.212594
-0.428162
-0.849917
-0.959225
-0.935314
-0.797719
-0.611461
-0.970859
-0.951683
-0.778532
-0.885673
-0.869027
-0.952003
-0.948224
-0.976704
-0.888635
-0.884345
-0.90696
-0.949717
-0.932135
-0.822635
-0.926697
-0.623311
-0.996512
-0.376216
-0.925137
-0.94163
-0.995877
-0.247893
-0.914122
-0.40183
-0.543708
-0.933594
-0.843241
-0.762774
-0.95147
-0.422327
-0.576233
-0.917461
-0.953578
-0.957081
-0.766385
-0.915092
-0.940235
-0.939688
-0.867295
-0.903056
-0.929798
-0.979474
-0.927498
-0.960426
-0.439742
-0.938663
-0.861262
-0.62604
-0.925414
-0.944364
-0.955423
-0.92731
-0.966708
-0.925615
-0.855355
-0.46127
-0.59982
-0.903601
-0.99293
-0.959377
-0.852155
-0.591722
-0.834688
-0.539179
-0.842187
-0.950436
-0.951202
-0.912754
0.358895
-0.384452
-0.606195
-0.371892
-0.616623
-0.776329
0.334031
0.310091
-0.571313
-0.351271
-0.585275
-0.391282
0.360749
-0.988432
-0.990666
-0.984917
-0.998082
-0.998892
-0.920985
-0.941818
-0.925029
-0.945157
-0.893994
-0.907711
-0.922472
-0.778707
-0.952195
-0.91614
-0.963446
-0.961809
-0.951294
-0.783655
-0.380539
-0.540857
-0.396207
-0.599115
-0.390345
-0.954331
-0.908888
-0.995
-0.821941
-0.995501
-0.915588
-0.986681
-0.845986
-0.998135
-0.938316
-0.573433
-0.969873
-0.840472
-0.961739
-0.807756
-0.946236
-0.953703
-0.590562
-0.767714
-0.91408
-0.960077
-0.526985
-0.374487
0.278576
-0.370051
-0.91779
-0.819923
-0.908523
-0.923014
-0.909718
-0.914382
-0.9475
-0.959351
-0.977275
-0.915971
-0.99955
-0.568639
-0.92801
-0.999386
-0.921142
-0.828396
-0.394748
-0.955935
-0.819157
-0.545472
-0.350545
-0.993573
-0.951387
-0.906925
-0.917111
-0.959599
-0.996807
-0.936238
-0.62496
-0.839958
-0.85433
0.454999
-0.960769
-0.563361
-0.577061
0.387866
-0.392113
-0.765207
-0.824835
-0.905396
-0.593807
-0.339041
-0.954095
0.426123
-0.297941
0.306118
-0.949749
-0.849142
-0.930463
-0.973112
-0.949541
-0.944331
-0.929355
-0.517378
-0.57527
-0.959362
-0.913212
-0.86061
-0.905798
-0.937632
-0.99304
-0.91483
-0.860965
-0.905692
-0.412856
-0.927219
-0.884556
-0.98244
-0.390036
-0.386438
-0.808089
-0.751095
-0.945045
-0.921613
-0.583811
-0.557818
-0.413262
-0.91502
-0.853701
-0.942002
-0.919152
-0.934512
-0.918251
-0.966469
-0.874336
-0.640936
-0.382699
-0.925007
-0.990145
-0.941646
-0.922282
-0.946193
-0.922556
-0.962242
-0.944937
-0.907489
-0.987039
-0.953497
-0.603199
-0.931544
-0.929786
-0.870486
-0.997809
-0.471532
-0.586712
0.295176
-0.930201
-0.623735
-0.815174
-0.831585
-0.55738
0.240319
-0.360351
-0.921987
-0.557863
-0.758061
-0.855515
-0.394643
-0.950715
0.42675
-0.932227
-0.824766
-0.923703
-0.954894
-0.93625
-0.938021
-0.979114
-0.925709
-0.993139
-0.849661
-0.925914
-0.906084
-0.906752
-0.335533
-0.566983
-0.90604
-0.934608
-0.988964
-0.825378
-0.937534
-0.916905
-0.35829
-0.916234
-0.359289
-0.3833
-0.838034
-0.94617
-0.898268
-0.762726
-0.542873
-0.976995
-0.929675
-0.889257
-0.923092
-0.992316
-0.818951
-0.908387
-0.991698
-0.959679
-0.861155
-0.802182
-0.609058
-0.609337
-0.918505
-0.955125
-0.951555
-0.958126
-0.777158
-0.957777
-0.327801
-0.868451
-0.773973
-0.842738
-0.451354
-0.840563
-0.427635
0.403762
-0.919763
-0.435129
-0.580085
-0.611337
-0.967516
-0.401321
-0.567018
-0.922061
-0.399017
-0.601368
-0.953555
-0.394673
-0.601568
-0.550221
-0.92217
-0.381304
0.152112
-0.847954
-0.848984
-0.839007
-0.932079
-0.740563
-0.904722
-0.922407
-0.773188
-0.99117
-0.929539
-0.954477
-0.952157
-0.917864
-0.75468
-0.99386
-0.924127
-0.785046
-0.999213
-0.933329
-0.965218
-0.919774
-0.944428
-0.919727
-0.987417
-0.99946
0.121916
-0.885498
-0.544296
-0.356598
-0.524973
-0.342388
0.323221
-0.734039
-0.73443
-0.54068
-0.819242
-0.900719
-0.924448
-0.984089
-0.749709
-0.539273
-0.893357
-0.812445
-0.923797
-0.978649
-0.98243
-0.835164
-0.374935
-0.816486
-0.959113
-0.891747
-0.845523
-0.919041
-0.396043
-0.586329
-0.989636
-0.999113
-0.92208
-0.914197
-0.405143
-0.827473
-0.976467
-0.9126
-0.425467
-0.847077
-0.936435
-0.618005
-0.997774
-0.996673
-0.900905
-0.941211
-0.503262
-0.938866
-0.931242
-0.938267
-0.884119
-0.944345
-0.364065
-0.615679
-0.351144
-0.607054
-0.520001
-0.543107
-0.959377
-0.795498
-0.93444
-0.966952
-0.763281
-0.927302
-0.965999
-0.608298
-0.637871
-0.744474
-0.808421
-0.331495
-0.843628
-0.917798
0.406006
-0.38729
-0.80734
-0.999133
-0.891838
-0.968517
-0.938107
-0.603893
-0.617054
-0.769569
-0.830778
-0.908858
0.387531
-0.310033
-0.847187
-0.387385
-0.814636
-0.996499
-0.944832
-0.903391
-0.957217
-0.949582
0.316758
-0.837419
-0.985453
-0.56003
-0.892017
-0.535967
-0.902178
-0.557697
-0.402712
-0.945585
-0.537865
-0.381161
-0.582198
-0.347621
-0.517126
-0.337931
-0.929706
-0.859212
0.158759
-0.858074
-0.472288
-0.84344
-0.447374
-0.920096
-0.805138
-0.829842
-0.316742
0.334443
-0.823769
-0.3594
-0.922855
-0.55731
-0.638374
-0.607639
-0.966971
-0.438054
-0.989873
-0.792372
-0.89846
-0.936429
-0.995572
-0.754593
-0.953511
-0.921488
-0.93583
-0.918532
-0.9983
-0.790361
-0.939975
-0.992395
-0.735519
-0.964762
-0.911899
-0.933379
-0.892083
-0.941926
-0.996042
-0.595404
-0.410134
0.362361
-0.395859
0.238325
-0.929191
-0.797772
-0.962207
-0.961139
-0.842668
-0.303469
-0.771704
-0.828851
-0.389574
-0.902875
-0.554575
-0.921763
-0.947822
-0.952585
-0.823797
-0.765819
-0.602039
-0.913345
-0.95232
-0.978767
-0.958262
-0.956226
-0.585496
-0.864594
-0.935464
0.307761
-0.780542
0.289083
-0.425274
-0.634414
-0.397946
-0.593987
-0.951109
-0.926929
-0.524413
-0.3643
-0.904373
-0.847735
-0.954987
-0.838523
-0.642506
-0.988716
-0.954554
-0.837788
-0.927456
0.40383
-0.451576
0.187807
-0.333091
-0.384075
0.250186
0.32625
-0.597917
-0.424498
-0.54186
-0.363561
-0.937481
-0.843754
-0.756772
-0.621505
-0.952976
-0.922998
-0.932635
-0.619745
-0.967785
-0.843512
-0.926218
-0.405874
-0.916358
-0.298553
-0.826353
-0.74546
-0.952636
-0.417649
-0.557801
-0.90067
-0.917882
-0.950109
-0.46999
-0.996804
-0.356518
-0.814543
-0.907707
-0.92056
-0.904634
-0.773391
-0.93663
-0.945947
-0.924919
-0.95062
-0.792836
-0.961335
-0.966344
-0.994145
-0.928192
-0.92274
-0.985955
-0.928708
-0.94463
-0.99577
-0.600104
-0.42787
0.373357
-0.815576
-0.413207
-0.41925
-0.793225
-0.851805
-0.900358
-0.612884
-0.905363
-0.942893
-0.789626
-0.955358
-0.923015
-0.997392
-0.950514
-0.955639
-0.557384
-0.82114
-0.905242
0.414353
-0.356148
-0.560843
-0.77929
0.304215
-0.318356
-0.556709
-0.950446
-0.912762
-0.271057
-0.980371
-0.592595
-0.905619
-0.839496
-0.959515
-0.954271
-0.848955
-0.594539
-0.784808
-0.921405
-0.957187
-0.994203
-0.965355
-0.824116
-0.66235
-0.836696
-0.997223
-0.958826
-0.930777
0.349798
-0.408671
-0.931632
-0.85936
-0.641689
-0.795451
-0.951712
-0.929778
-0.409091
0.459018
-0.56529
-0.384668
0.334472
-0.53733
-0.344754
-0.915972
-0.6099
-0.853847
-0.955779
-0.925775
-0.90676
-0.924236
-0.74478
-0.998043
-0.926733
-0.961977
-0.911841
-0.953578
-0.942709
-0.789651
-0.954364
-0.415374
-0.941808
-0.375292
-0.956735
-0.421482
-0.846893
-0.799693
-0.601489
-0.920001
-0.917987
-0.961066
-0.317027
-0.555933
-0.826597
-0.926568
-0.917333
-0.916093
-0.998698
-0.92979
-0.941927
-0.994752
-0.583684
-0.59439
-0.441975
-0.393661
-0.934744
-0.550484
-0.731049
-0.835514
-0.547528
-0.336489
-0.899722
-0.483373
-0.324667
-0.693156
-0.805487
-0.804018
-0.352837
-0.901212
-0.900605
-0.980878
-0.939462
-0.918737
-0.920917
-0.63803
-0.980962
-0.836876
-0.938536
-0.968438
-0.658709
-0.803979
-0.907127
-0.85242
-0.9957
-0.938123
-0.954017
-0.612156
-0.983899
-0.838616
-0.646001
-0.940141
-0.973567
-0.803422
-0.810625
-0.911691
-0.990604
-0.885823
-0.985276
-0.984093
-0.839572
-0.590439
-0.95035
-0.923378
-0.76552
-0.822869
-0.965974
-0.906779
-0.606489
-0.776042
-0.949401
-0.994491
-0.907303
-0.990374
-0.286986
-0.541768
-0.905445
-0.953819
-0.387226
-0.807673
-0.74328
-0.777051
-0.909251
-0.982487
-0.928511
-0.443247
-0.967237
-0.422668
-0.627573
-0.94921
-0.852188
-0.790641
-0.91279
-0.852924
-0.91146
-0.496401
-0.916153
-0.926057
-0.960692
0.541973
-0.568459
-0.612445
-0.42314
0.308409
-0.757453
-0.923408
-0.966787
-0.826762
-0.659868
-0.872345
-0.979375
-0.336047
-0.977493
-0.900345
-0.888298
-0.911073
-0.811109
-0.728069
-0.939179
-0.791369
-0.995833
-0.297613
-0.496121
-0.989672
-0.464232
-0.920843
-0.404568
-0.754739
-0.565728
-0.853685
-0.921138
-0.961152
-0.946933
-0.859019
-0.375406
-0.929053
-0.895074
-0.976017
-0.936243
-0.901472
-0.99851
-0.410738
-0.496938
-0.596715
-0.322513
-0.617733
-0.993928
-0.946089
-0.936276
-0.959836
-0.78982
-0.932956
-0.964491
-0.954324
0.342623
-0.822916
-0.992158
-0.605156
-0.926208
-0.577061
-0.930162
-0.616968
-0.390988
-0.953836
-0.571481
-0.776627
-0.36591
-0.909478
0.252063
-0.343359
-0.865649
-0.833872
-0.951935
-0.603005
-0.938139
-0.755798
-0.928356
-0.96522
-0.991771
-0.592165
-0.876943
-0.835334
-0.958603
-0.997821
-0.920821
-0.946745
-0.347195
0.283611
-0.304022
0.427385
-0.970335
-0.929128
-0.560861
-0.486288
-0.925806
-0.866325
-0.849168
-0.383224
-0.806743
-0.377215
-0.932277
-0.606152
-0.975384
-0.966993
-0.841257
-0.561019
-0.994233
-0.943047
-0.860225
-0.912415
-0.714781
-0.514996
-0.893359
-0.938199
-0.820191
-0.524773
-0.556422
-0.999449
-0.8977
-0.967923
-0.73871
-0.971457
-0.930282
-0.942081
-0.841219
-0.90248
-0.996837
-0.950827
-0.82773
-0.972013
-0.990947
-0.594672
-0.386267
0.40164
-0.922421
-0.769709
-0.952759
-0.958425
-0.87704
-0.621119
-0.848928
-0.974322
-0.935334
-0.857609
-0.936023
-0.438542
-0.751904
0.309162
-0.42127
-0.578872
-0.849774
-0.504388
0.27085
-0.832438
-0.386783
-0.362688
-0.944137
-0.740876
-0.824781
-0.91291
-0.556715
-0.961114
-0.916373
-0.990783
-0.942387
-0.645751
0.328496
-0.574886
-0.938214
-0.921387
-0.919959
-0.305081
-0.977804
-0.521272
-0.89248
-0.827532
0.405617
-0.391333
-0.929792
-0.959334
-0.349584
-0.631035
-0.839633
-0.934733
-0.399903
0.404658
-0.617254
0.278405
-0.604134
-0.447513
-0.911719
-0.943047
-0.986958
-0.786677
-0.924867
-0.922594
-0.958316
-0.942187
-0.966872
-0.742527
-0.941501
-0.31875
-0.372359
-0.382684
-0.897064
-0.824059
-0.558282
-0.71858
-0.939832
-0.916185
-0.387962
-0.910297
-0.526162
-0.847229
-0.949328
-0.908301
-0.905048
-0.918151
-0.986338
-0.921104
-0.927976
-0.999903
-0.974087
-0.532793
-0.817181
-0.922036
-0.99165
-0.642997
-0.396348
-0.92966
-0.452893
-0.814649
-0.8583
-0.968085
-0.82442
-0.937542
-0.999282
-0.982829
-0.939989
-0.889924
-0.489863
-0.727264
0.217936
-0.577058
0.327516
-0.967103
-0.572733
-0.382498
-0.417872
-0.958166
-0.913447
-0.582671
-0.785212
-0.849704
-0.646007
-0.86805
-0.434899
-0.950174
-0.9348
-0.962065
-0.958624
-0.584942
-0.846817
-0.937264
-0.892717
-0.806696
-0.980316
-0.895583
-0.857499
-0.999938
-0.996634
-0.819005
-0.962875
-0.56444
-0.766972
-0.926377
-0.431712
-0.916018
-0.936365
-0.952035
-0.995572
-0.993012
-0.565215
-0.938287
-0.337867
-0.822885
-0.754015
-0.909488
-0.309014
-0.389269
-0.984313
-0.821904
-0.557212
-0.943204
-0.902314
-0.762421
-0.92115
-0.942063
-0.984722
-0.925965
-0.394406
-0.908796
-0.806653
-0.890208
-0.992327
0.176882
-0.582242
-0.475047
-0.591078
0.382439
-0.77702
-0.747197
-0.63101
-0.85014
-0.948373
-0.346061
-0.931481
-0.384402
-0.921358
-0.750212
-0.619105
-0.926804
-0.824754
-0.960519
-0.997503
-0.996234
-0.830085
-0.422838
-0.928068
-0.931167
-0.93935
-0.858422
-0.78016
-0.968889
-0.430749
-0.845697
-0.625221
-0.42614
-0.918491
-0.943213
-0.933881
-0.973113
-0.374871
-0.612469
-0.343686
-0.377905
-0.535978
-0.951408
-0.793481
-0.928236
-0.842576
-0.957175
-0.596164
-0.958983
-0.80943
-0.91123
-0.946433
-0.996047
-0.962536
0.247545
-0.864527
-0.539789
-0.915821
-0.558879
-0.90547
-0.609823
-0.396808
-0.943085
-0.961434
-0.60857
-0.793152
-0.941965
0.381162
-0.332383
-0.416831
-0.848485
-0.619277
-0.825264
-0.86317
-0.95545
-0.968973
-0.941685
-0.607838
-0.362513
-0.35983
0.307558
-0.913487
-0.776536
-0.956046
-0.823172
-0.570802
0.320643
-0.950618
-0.815119
-0.407209
-0.781602
-0.840022
-0.336377
-0.947597
-0.914439
-0.588584
-0.900824
-0.991027
-0.848901
-0.597401
-0.960017
-0.869601
-0.928825
-0.964717
-0.84542
-0.937329
-0.808503
0.319501
-0.438179
-0.367352
-0.655515
-0.983921
-0.564031
0.267999
-0.621898
-0.96342
-0.91923
-0.955353
-0.611837
-0.484283
-0.934702
-0.852417
0.39633
0.191537
-0.403802
-0.356331
0.477296
0.300443
-0.522907
-0.575143
-0.358606
-0.433243
-0.445726
-0.387196
-0.421822
-0.927404
-0.890364
-0.813762
-0.610465
-0.979277
-0.939459
-0.937778
-0.614312
-0.976926
-0.836879
-0.939307
-0.900147
-0.899066
-0.98664
-0.937993
-0.917568
-0.999252
-0.737333
-0.93437
-0.939261
-0.785039
-0.961581
-0.972988
-0.917972
-0.88764
-0.9516
-0.943858
-0.999912
-0.336554
0.378896
-0.829011
-0.375814
-0.432257
-0.771844
-0.921502
-0.600125
-0.819995
-0.593958
-0.519425
-0.8458
-0.928163
-0.952758
-0.957552
-0.749034
-0.965773
-0.95544
-0.910015
-0.992202
-0.958378
-0.849014
-0.573405
-0.851921
-0.969979
-0.92706
-0.953836
-0.534416
-0.764979
-0.911037
-0.963247
-0.952552
-0.848203
-0.575134
-0.533849
-0.377742
-0.408489
-0.918658
-0.760419
-0.853666
0.318496
-0.619468
0.397882
-0.602221
-0.968391
-0.574597
-0.473484
-0.942943
-0.638425
-0.387819
-0.965831
-0.810852
-0.855355
-0.860292
-0.408804
-0.938878
-0.918074
-0.974475
-0.833802
-0.945645
-0.993924
-0.948776
-0.954459
-0.575222
-0.914329
-0.785396
-0.956358
-0.621764
-0.846532
-0.97223
-0.873502
-0.947528
-0.990001
-0.829569
-0.63366
-0.953649
-0.783176
-0.917307
-0.430199
-0.380671
-0.931901
-0.989262
-0.859438
-0.965941
-0.935764
-0.594187
-0.798047
-0.95193
-0.92039
-0.343749
-0.915749
-0.932364
-0.951479
-0.990928
-0.993565
-0.963727
-0.322338
-0.575481
-0.820909
-0.788342
-0.918459
-0.455487
-0.925824
-0.937359
-0.873981
-0.99959
0.317021
-0.536843
-0.613622
0.354408
-0.785418
-0.286702
-0.919915
-0.877036
-0.349812
-0.972105
-0.909854
-0.934569
-0.75688
-0.552346
-0.837897
-0.953862
-0.425202
-0.930832
-0.935177
-0.961829
-0.913959
-0.399922
-0.790652
-0.595278
-0.851489
-0.959452
-0.99737
-0.359592
-0.904573
-0.917675
-0.919263
-0.994511
-0.854283
-0.319498
-0.316594
-0.354578
-0.539872
-0.560304
-0.833307
-0.803388
-0.547759
-0.968563
-0.95348
-0.903574
-0.953674
-0.757179
-0.904986
-0.947437
-0.561443
-0.808263
-0.837343
-0.974098
-0.994039
-0.902272
-0.924681
-0.523061
-0.947756
-0.730556
-0.900132
-0.955348
-0.99712
-0.816686
-0.919431
-0.99841
-0.9934
-0.388569
-0.34681
0.215928
-0.554124
0.206547
-0.521519
0.377838
-0.932029
-0.93279
-0.958138
-0.58581
-0.394353
-0.923662
-0.850123
-0.825672
-0.337759
-0.795224
-0.330448
-0.958485
-0.912555
-0.603236
-0.945801
-0.857658
-0.995162
-0.542671
-0.906864
-0.731378
-0.958471
-0.942837
-0.821216
-0.484061
-0.974522
-0.92857
-0.825675
-0.912607
-0.462293
0.348114
-0.950575
-0.85122
-0.999675
-0.609596
-0.995053
-0.925627
-0.798647
-0.944305
-0.966042
-0.598993
0.295093
-0.616817
-0.958433
-0.929582
-0.960676
-0.394089
-0.993159
-0.562471
-0.922964
-0.840458
0.252854
-0.853824
-0.402524
-0.41222
-0.963318
-0.783009
-0.912647
-0.554664
-0.842355
-0.576767
-0.827527
-0.958416
-0.96454
-0.932916
-0.998021
-0.634391
-0.534444
-0.851585
-0.923869
0.382764
-0.994314
-0.829762
-0.909456
-0.995794
-0.551305
-0.366638
-0.935805
-0.422519
-0.957368
-0.77161
-0.86451
-0.597012
-0.873673
-0.968532
-0.933775
-0.838378
0.273013
-0.60679
-0.421087
-0.437123
-0.973927
-0.935785
-0.776242
-0.856456
0.401424
-0.570496
-0.947927
-0.576827
-0.948241
-0.586085
-0.82848
-0.420226
-0.940655
-0.91786
-0.988906
-0.955167
-0.926832
-0.443149
-0.904304
-0.464136
-0.937184
-0.854556
-0.85556
-0.981778
-0.625002
-0.798389
-0.923811
-0.419847
-0.931792
-0.837721
-0.91137
-0.993696
-0.409332
-0.841951
-0.566018
-0.960052
-0.746523
-0.929655
-0.352329
-0.907681
-0.935658
-0.965829
-0.99488
-0.783267
-0.330327
-0.374795
-0.802889
-0.364497
-0.622261
-0.969989
-0.44193
-0.566009
-0.933881
-0.650945
-0.923433
-0.438808
0.291749
-0.860718
-0.829267
-0.94685
-0.852808
-0.943236
-0.984322
-0.993541
-0.906128
-0.920954
-0.965588
-0.76821
-0.979561
-0.799673
-0.996702
-0.924154
-0.962693
-0.940575
-0.332766
-0.443718
-0.999819
-0.901057
-0.851405
-0.772074
-0.838695
-0.420941
0.294723
-0.922086
-0.844246
-0.384891
-0.927905
-0.581617
-0.617869
-0.557212
-0.93475
-0.958119
-0.406998
-0.994417
-0.92449
-0.947008
-0.918571
-0.727119
-0.797292
-0.997561
-0.926056
-0.93187
-0.968813
-0.725259
-0.920288
-0.368818
0.0999912
-0.915447
-0.653992
-0.382557
0.488475
-0.786852
-0.60286
-0.418208
-0.906979
-0.498706
-0.82406
-0.918194
-0.999776
-0.913937
-0.930255
-0.921332
-0.94108
-0.984414
-0.45003
-0.861228
-0.650696
-0.954785
-0.480998
-0.46295
-0.840514
-0.934984
-0.960174
-0.973584
-0.947931
-0.528668
-0.701652
-0.902783
-0.950893
-0.92485
-0.891708
-0.960225
-0.92847
-0.396818
-0.585192
-0.998851
-0.849651
-0.922379
-0.369652
0.350156
-0.642015
0.338237
-0.788144
-0.585899
-0.47071
-0.916481
-0.940336
-0.988914
-0.370252
-0.919957
-0.836126
-0.563195
-0.947623
-0.922008
-0.386142
-0.318325
-0.742948
-0.919163
-0.927952
-0.387758
-0.901168
-0.589901
-0.86427
-0.942661
-0.999449
-0.917341
-0.352399
-0.825372
-0.75913
-0.838848
-0.387251
-0.841422
-0.385082
0.315197
-0.909438
-0.431921
-0.606773
-0.549059
-0.947128
-0.458433
-0.581104
-0.939504
-0.998986
-0.930019
-0.993394
-0.955071
-0.922935
-0.794245
-0.924936
-0.770647
-0.919699
-0.968719
0.351446
-0.896017
-0.607372
-0.31192
-0.502788
-0.373003
0.360107
-0.733992
-0.740158
-0.498551
-0.788751
-0.989141
-0.919113
-0.930195
-0.98991
-0.939702
-0.967133
-0.929448
-0.870102
-0.464004
-0.907994
-0.949759
-0.48
-0.836376
-0.964959
-0.93676
-0.444015
-0.862807
-0.957595
-0.699057
-0.942261
-0.405732
-0.596804
-0.369614
-0.535509
-0.374103
-0.564425
-0.95836
-0.763987
-0.905454
-0.967228
-0.991641
-0.94784
-0.913494
-0.854084
-0.937185
-0.647668
-0.934238
-0.461829
-0.974889
-0.959268
0.25098
-0.560486
-0.643371
-0.956984
-0.52966
-0.612904
-0.757587
-0.834905
-0.92621
0.311663
-0.436631
-0.862334
-0.443177
-0.845639
-0.52957
-0.374768
-0.610886
-0.372686
-0.532672
-0.350575
-0.921621
-0.83772
0.429944
-0.824594
-0.425817
-0.835566
-0.418894
-0.989174
-0.930683
-0.987953
-0.9091
-0.950946
-0.990126
-0.80551
-0.925748
-0.982031
-0.800487
-0.962759
-0.91463
-0.600864
-0.425678
0.355742
-0.374057
0.387053
-0.919627
-0.72705
-0.963264
-0.953844
-0.9635
-0.928569
-0.951366
-0.995558
-0.578393
-0.410041
-0.918631
-0.836086
-0.970426
-0.93404
-0.856276
-0.600584
-0.867701
-0.953604
-0.963354
-0.559498
-0.85604
-0.921166
0.25986
-0.776098
0.233423
-0.435464
-0.631554
-0.464366
-0.613758
0.268988
-0.405797
0.312298
-0.382834
-0.383104
0.361747
0.387928
-0.519759
-0.426047
-0.550806
-0.433848
-0.99227
-0.999894
-0.992971
-0.929002
-0.892972
-0.93497
-0.934635
-0.920883
-0.92748
-0.756842
-0.920185
-0.956781
-0.944907
-0.957354
-0.796258
-0.971957
-0.976959
-0.596928
-0.388019
0.267939
-0.838848
-0.337464
-0.42001
-0.74106
-0.868761
-0.918644
-0.626797
-0.829866
-0.994848
-0.913043
-0.933032
-0.831401
-0.608627
-0.961421
-0.955511
-0.945768
-0.871266
-0.609943
-0.798874
-0.939127
-0.961305
0.409576
-0.357771
-0.927425
-0.839619
-0.531571
-0.804575
-0.951978
-0.932718
-0.920512
-0.927469
-0.955287
-0.92757
-0.403471
-0.588776
-0.839037
-0.920452
-0.917115
-0.91582
-0.332613
-0.916939
-0.464783
-0.945668
-0.365915
-0.837287
-0.780126
-0.607909
-0.924303
-0.536687
-0.617554
-0.417032
-0.307384
-0.904317
-0.623351
-0.763962
-0.855659
-0.83694
-0.916342
-0.993842
-0.858251
-0.951448
-0.963925
-0.955372
-0.575257
-0.96464
-0.855416
-0.588049
-0.92688
-0.963448
-0.805759
-0.992763
-0.821658
-0.535001
-0.934188
-0.92616
-0.766059
-0.914962
-0.847462
-0.994928
-0.927875
-0.953573
-0.917702
-0.459837
-0.931021
-0.898168
-0.996348
-0.442575
-0.957888
-0.407642
-0.621947
-0.933057
-0.853411
-0.786119
0.24442
-0.6024
-0.556484
-0.427325
0.354609
-0.80185
-0.915051
-0.984731
-0.821168
-0.913857
-0.996596
-0.94937
-0.433784
-0.901635
-0.915255
-0.383998
-0.933123
-0.365238
-0.733627
-0.595161
-0.849219
-0.920847
-0.93436
-0.994105
-0.422531
-0.350022
-0.634138
-0.418101
-0.631435
-0.994287
-0.834903
-0.996381
-0.916301
-0.623479
-0.8079
-0.959382
-0.951965
-0.857328
-0.966996
-0.596295
-0.948891
-0.796727
-0.939021
-0.958327
-0.417887
0.242695
-0.409992
0.0972359
-0.845737
-0.918998
-0.997668
-0.980177
-0.851001
-0.862735
-0.655174
-0.634174
-0.999255
-0.945448
-0.959314
-0.811787
-0.946456
-0.962568
-0.974419
-0.561531
-0.389824
0.324275
-0.982936
-0.947011
-0.910474
-0.998698
-0.614365
-0.971799
-0.939479
-0.417917
-0.935081
-0.873123
-0.636441
0.346337
-0.95709
-0.603522
-0.846706
-0.586287
0.264041
-0.833386
-0.452954
-0.477682
-0.964918
-0.778373
-0.857797
-0.914494
-0.613584
0.369389
-0.446294
-0.905993
-0.885025
-0.33477
-0.892697
-0.521423
-0.817622
-0.93767
-0.979324
-0.911418
-0.943311
-0.909666
-0.993635
-0.413724
-0.420238
-0.373444
-0.894295
-0.845852
-0.554182
-0.73235
-0.925707
-0.917226
-0.627817
-0.951093
-0.563116
-0.822196
-0.356722
-0.920202
-0.919253
-0.995102
-0.960732
-0.958595
-0.924768
-0.653522
-0.836109
-0.855549
0.269144
-0.631097
0.292471
-0.953564
-0.554704
-0.448644
-0.434361
-0.956485
-0.914396
-0.600467
-0.746543
-0.855737
-0.924374
-0.953988
-0.996139
-0.930843
-0.83067
-0.949737
-0.339747
-0.919238
-0.943035
-0.387913
-0.444801
-0.993326
-0.864581
-0.622246
-0.946817
-0.925708
-0.768984
-0.763179
-0.388606
-0.778495
-0.388665
-0.604815
-0.584225
-0.921894
-0.948068
-0.335526
-0.590626
-0.923716
-0.403038
-0.401046
0.371692
-0.862666
-0.932212
-0.838607
-0.838764
-0.918959
-0.737426
-0.995848
-0.992417
-0.919394
-0.784712
-0.960159
-0.904103
-0.369708
-0.998742
-0.912493
-0.827007
-0.791783
0.404965
-0.910322
-0.819177
-0.377245
-0.830089
-0.354544
-0.457268
-0.928826
-0.588557
-0.649189
-0.931276
-0.61991
-0.950414
-0.408672
-0.998846
-0.818762
-0.925702
-0.9944
-0.739253
-0.979293
-0.916118
-0.878105
-0.916326
-0.327547
0.395919
-0.931121
0.294024
-0.752283
-0.545964
-0.357783
-0.555203
-0.410708
-0.793851
-0.919537
-0.572397
-0.971697
-0.996127
-0.839541
-0.919047
-0.405829
-0.443816
-0.751511
-0.903082
-0.890553
-0.946683
-0.897062
-0.514195
-0.984198
-0.275952
-0.793832
-0.921045
-0.444536
-0.855993
-0.784312
-0.845598
-0.405379
-0.833422
-0.426311
0.278184
-0.923001
-0.929071
-0.386596
-0.605981
-0.975455
-0.410109
-0.569251
-0.593738
-0.932179
-0.988306
-0.770617
-0.990825
-0.933261
-0.995963
-0.782136
-0.91097
-0.954277
0.332585
-0.940962
-0.59062
-0.437975
-0.572173
-0.409008
0.223351
-0.78237
-0.929963
-0.780197
-0.590777
-0.934819
-0.84606
-0.960238
-0.337322
-0.927102
-0.906914
-0.424442
-0.743479
-0.945915
-0.920659
-0.811542
-0.913783
-0.349379
-0.555423
-0.999073
-0.970224
-0.419028
-0.602702
-0.376721
-0.599643
-0.421809
-0.609419
-0.967037
-0.961685
-0.779829
-0.925899
-0.962249
-0.954793
0.336583
-0.608424
-0.544818
-0.578296
-0.522044
-0.752024
-0.823043
-0.316869
-0.825676
-0.900254
0.420684
-0.311828
-0.843437
-0.611193
-0.408108
-0.611246
-0.47839
-0.599635
-0.410191
-0.932283
-0.923365
-0.856911
-0.86462
-0.327978
0.30788
-0.815994
-0.410645
-0.992027
-0.77211
-0.919994
-0.996487
-0.793633
-0.968263
-0.914846
-0.573913
-0.373927
0.341263
-0.378411
0.310006
-0.60472
-0.840271
-0.384241
-0.796448
-0.838481
-0.39232
-0.905035
-0.563155
-0.965105
-0.948988
-0.856831
-0.597611
-0.951526
-0.949356
-0.82309
-0.726305
-0.518818
-0.903956
-0.958535
0.37822
-0.428574
0.339829
-0.371653
-0.998969
-0.917548
-0.841913
-0.750118
-0.552978
-0.945337
-0.919215
-0.922327
-0.91889
-0.993594
-0.379975
-0.915063
-0.411117
-0.810154
-0.758041
-0.94653
-0.355461
-0.582127
-0.925488
-0.590481
-0.346944
0.310734
-0.912906
-0.942897
-0.75522
-0.950181
-0.953437
-0.958982
-0.836335
-0.581872
-0.833835
-0.530173
-0.816755
-0.909112
0.317591
-0.314141
-0.565603
-0.753612
0.444271
-0.341241
-0.61138
0.294684
-0.418293
-0.374449
-0.363532
0.416491
-0.628016
-0.433121
0.264112
-0.549345
-0.407096
-0.895659
-0.931364
-0.914839
-0.916988
-0.763737
-0.921585
-0.925862
-0.924996
-0.952216
-0.927872
-0.935289
-0.966345
-0.737225
-0.948295
-0.571994
-0.848883
-0.582144
-0.400847
-0.941143
-0.580402
-0.353893
-0.760443
-0.841655
-0.95327
-0.957831
-0.842467
-0.956385
-0.588464
-0.94723
-0.837095
-0.895831
-0.94586
-0.535252
-0.75704
-0.928539
-0.995008
-0.840769
-0.964929
-0.908746
-0.572335
-0.752673
-0.934983
-0.39886
-0.92322
-0.91047
-0.988868
-0.342397
-0.530473
-0.914521
-0.943926
-0.336235
-0.824542
-0.782766
-0.407023
0.296079
0.26344
-0.795977
-0.609163
-0.555536
-0.394068
-0.344411
-0.382395
-0.909284
-0.899522
-0.341432
-0.772594
-0.915906
-0.586544
-0.970625
-0.996197
-0.836686
-0.91433
0.272983
-0.640356
-0.443808
-0.571679
0.284466
-0.783424
-0.353912
-0.932749
-0.363105
-0.896541
-0.428739
-0.929471
-0.794848
-0.599955
-0.92581
-0.850416
-0.961178
-0.997137
-0.472838
-0.632979
-0.408511
-0.396189
-0.596631
-0.547534
-0.853389
-0.839732
-0.944238
-0.595853
-0.956838
-0.962821
-0.964505
-0.787006
-0.932918
-0.934932
-0.657541
-0.483875
-0.400197
0.251605
-0.599532
0.353134
-0.845169
-0.536572
0.402687
-0.940151
-0.580372
-0.841645
-0.399827
-0.999531
-0.792934
-0.848183
-0.385793
-0.96431
-0.916905
-0.540415
0.394111
0.278211
-0.439372
-0.932591
-0.952152
-0.431634
-0.355128
-0.475077
-0.94992
-0.861956
-0.809159
-0.658554
-0.977419
-0.931718
-0.316624
0.206704
-0.94976
-0.88373
-0.827377
-0.583306
-0.593425
-0.924834
-0.952738
-0.96619
-0.8083
-0.932642
-0.96175
-0.559342
-0.584735
-0.846382
0.26455
-0.47295
0.284077
-0.849321
-0.958811
-0.646998
-0.399108
-0.939007
-0.609757
-0.402447
-0.977349
-0.801636
-0.830066
-0.922429
-0.47548
-0.924775
-0.417055
-0.390375
-0.936152
-0.851914
-0.980342
-0.942204
-0.643854
-0.783095
-0.771252
-0.750022
-0.979644
-0.405932
-0.794875
-0.455909
-0.998717
-0.425508
0.177047
-0.884395
-0.925148
-0.838006
-0.950484
-0.846873
-0.9299
-0.999037
-0.792385
-0.382583
-0.996097
-0.760084
-0.393876
-0.915014
-0.59241
-0.99094
-0.648997
-0.938346
-0.617033
-0.937479
-0.953496
-0.433013
-0.715813
-0.421832
-0.989794
-0.915679
-0.766995
-0.443315
-0.54371
-0.991405
-0.960119
-0.397293
-0.583
-0.940202
-0.620681
-0.914894
-0.288231
-0.985274
-0.90526
-0.975654
-0.897257
-0.788808
-0.757222
-0.840828
-0.367535
0.349608
-0.925838
-0.823769
-0.351716
-0.926591
-0.91511
-0.398516
-0.923618
-0.440682
0.326422
-0.90683
-0.632627
-0.443778
0.317747
-0.814684
-0.614805
-0.363771
-0.81619
-0.39276
-0.755011
-0.300903
-0.584839
-0.987903
-0.59669
-0.910058
-0.942351
-0.406501
-0.522226
-0.930557
-0.419631
-0.991
-0.909946
-0.845674
-0.706639
0.383046
-0.91358
-0.808954
-0.381012
-0.818565
-0.371764
-0.907137
-0.319827
0.295702
-0.896003
0.207005
-0.764385
-0.549448
-0.417261
-0.528746
-0.408465
-0.381665
-0.815032
-0.743899
-0.81004
-0.301676
-0.808898
-0.384168
0.336221
-0.909754
0.416801
-0.898989
-0.557978
-0.378869
-0.550833
-0.407291
0.386683
-0.756846
-0.9287
-0.438045
-0.543349
-0.312175
-0.61499
-0.324704
-0.563789
-0.477444
-0.364194
-0.523409
-0.3386
-0.553827
-0.322314
-0.579651
-0.378006
0.404154
-0.315
0.216036
0.295539
-0.43464
0.295528
-0.403453
-0.596334
-0.36059
0.426269
0.316331
-0.454788
-0.573702
