4.52239
2.58952
2.87509
2.48968
2.83213
2.35032
3.02647
3.76794
4.3903
3.20878
4.27996
4.79029
3.18109
4.29035
4.75604
4.95365
3.8596
3.83784
2.80644
4.13906
4.58582
1.67637
2.72645
4.0214
4.7046
4.48201
4.51399
4.48427
4.78079
3.71918
3.85934
4.38415
1.67026
2.76828
3.83627
2.54971
3.93134
4.66819
4.39512
4.98106
4.37638
4.17093
3.24922
4.30745
3.23971
4.57788
2.85134
2.67558
4.71837
4.53397
4.3066
3.37673
3.57446
2.18476
3.45668
2.22627
3.45877
4.03428
1.41857
4.66247
3.93251
4.27098
4.73452
3.99336
4.19973
2.88402
2.55806
4.43821
4.20887
2.80954
4.09473
3.03192
4.22395
4.79713
4.94459
4.96123
2.70677
4.28071
2.84526
2.53518
4.4114
4.25779
2.98322
4.26942
4.83695
4.70751
4.51472
1.54771
4.42603
3.80898
4.41269
3.87989
4.17091
4.13068
2.95477
2.52154
2.99181
2.44814
2.76432
2.39185
3.8154
3.84771
2.30571
3.76777
2.53936
1.48127
3.78135
1.39449
3.96421
2.5172
3.79827
2.54438
2.82663
2.90444
4.66259
2.58122
3.0483
3.84793
3.55413
2.47322
1.46751
3.67344
2.34342
3.02475
4.45381
2.46105
3.06044
2.79521
2.77492
2.97561
2.95283
4.65184
2.55595
1.44581
3.82391
3.76745
3.94576
3.47953
4.02547
4.22325
4.24283
4.17798
3.64135
4.40324
4.44808
4.84375
4.40205
4.6246
4.73269
4.38085
4.39254
4.30538
3.51596
4.30318
4.32514
3.65601
4.65642
4.22994
4.43729
4.71193
4.20713
4.4365
4.98552
4.2973
4.52567
4.61083
4.25177
4.79851
4.94898
4.99835
4.98468
3.49546
4.32671
3.36822
4.51426
4.21909
4.35851
4.49068
4.24651
4.35377
4.58937
4.32925
4.07644
4.58265
4.39037
4.82389
4.96017
4.98881
4.87472
3.07925
2.53128
1.50946
2.54821
1.50713
2.56884
3.36135
3.82662
4.2062
2.89951
2.49908
4.2376
3.5544
4.67945
4.61545
4.15909
4.97149
2.39963
3.2185
3.98873
2.60986
4.28097
2.72241
2.54189
4.83684
4.57764
4.36454
4.253
4.34902
4.21484
4.45039
3.90968
3.65817
3.09384
4.53391
4.70686
4.99949
3.89288
4.41921
4.47137
4.54276
4.39585
1.45713
3.4199
1.45016
2.34388
2.96941
2.66417
2.76224
4.1107
4.75701
2.8587
4.18535
3.75686
2.40374
4.3188
4.82768
2.81171
2.32464
4.18193
3.66513
4.19501
3.70357
4.21267
4.2376
4.4771
2.99475
4.66328
4.73051
3.58355
4.31109
4.99129
4.56544
4.25562
4.59693
3.82415
3.55247
4.43066
4.64329
3.06617
4.94783
4.36014
3.80273
4.76348
4.42511
3.00549
4.99166
4.79076
4.45297
3.97168
4.38523
4.64929
3.87504
1.59322
2.60857
1.43743
2.48173
3.81768
3.35374
4.38441
4.42371
2.97442
1.35304
1.61513
2.84981
2.44996
2.71919
2.29435
2.65334
4.46788
4.22543
3.75655
3.84829
4.97473
3.52238
2.99974
4.38275
4.22824
4.76549
4.98026
2.81274
4.60131
3.71352
4.34488
3.82049
2.43764
3.96243
3.65235
4.58841
2.59659
3.07705
4.39595
4.9452
4.26669
3.76607
4.67365
3.01362
2.42554
3.82737
4.33046
4.24849
4.52287
4.12304
3.38149
4.80811
4.49006
4.45173
4.46855
3.54043
4.61159
4.78869
4.97445
4.75203
4.19965
4.3268
2.43531
3.85459
3.56308
3.03836
4.3247
4.66158
2.42056
4.59121
2.81264
3.71059
4.40738
2.32708
3.88426
4.31777
4.61739
4.40152
2.57154
4.66742
4.44325
4.43234
3.96636
4.15611
4.43017
4.15805
4.40581
4.31195
4.31001
2.92108
2.38181
1.53819
2.38685
4.25148
2.92336
3.34125
3.94541
2.59537
2.42025
2.6462
3.62186
3.88682
4.2198
2.94232
2.31982
4.28787
4.64028
4.34926
4.18996
4.62608
3.60356
4.40991
4.4364
4.24674
4.9699
4.31402
4.56501
4.7149
4.92602
4.43175
1.52484
2.53139
3.0761
3.59463
1.57531
2.54483
2.98787
4.27912
4.30615
3.85355
4.79357
2.83374
2.46436
4.42031
2.68802
2.96455
4.41062
3.98357
4.41336
4.37662
3.88824
4.40209
4.57743
3.83994
2.79422
3.44447
4.40026
4.44458
3.78214
4.86254
4.36806
4.84948
4.59944
2.80218
3.90509
4.98613
4.28299
4.22467
4.5256
4.22457
4.53549
3.77805
4.23029
4.54942
3.53699
2.88215
4.22314
4.96062
3.74781
4.97481
4.54231
2.98016
4.30602
4.92552
4.61891
3.87481
4.376
4.6475
4.55041
4.99495
3.81417
1.60397
2.34067
3.8301
4.40655
4.14502
3.43641
2.82392
3.73337
2.88
3.62002
4.55706
4.26072
4.35056
1.50738
2.57072
2.62235
1.58777
2.84679
2.30342
2.95017
4.2558
4.61034
3.64198
2.98811
3.97221
4.6268
4.41445
3.7129
4.31597
3.30511
4.84316
4.40075
4.32188
4.66996
4.50708
3.63543
4.81039
4.73998
4.96799
2.48536
4.49408
2.41797
3.69663
3.49902
3.07645
4.14975
4.26202
4.8958
3.73586
4.56562
2.40223
2.75269
3.78263
4.13196
4.13607
4.44469
4.16803
4.81981
4.33658
4.67171
2.48733
2.9762
4.40474
3.99745
3.65727
4.74286
2.54049
3.82665
4.31732
4.72885
3.88798
4.30136
3.01073
2.49881
4.68123
4.44542
4.30455
4.50126
2.60735
4.51345
4.68627
4.97441
4.3914
4.3654
3.92503
4.36267
4.23067
4.24983
2.73454
4.22716
4.25501
4.49841
3.37338
2.23243
2.3417
4.16394
2.82769
3.31266
3.53578
3.9128
4.81946
2.5188
4.02968
2.88843
2.46496
3.32943
3.67212
4.38219
4.72493
2.41939
4.2855
4.14341
4.96382
4.51929
4.12225
4.30711
3.66878
4.37025
4.7009
2.95549
3.71626
4.8315
4.34631
3.71882
4.93059
4.93767
4.38462
3.88
2.92604
4.28165
4.62946
3.75032
4.95071
4.94556
3.83991
4.2312
4.55974
4.94993
4.99801
4.65988
4.72164
4.56034
1.50232
2.62724
3.03216
2.68665
3.08012
3.73851
1.51725
4.39972
2.4137
4.17075
3.9701
4.92363
2.78998
4.54066
4.3942
3.91867
2.60973
2.94382
4.34618
4.41379
4.35024
3.89664
4.55971
3.0414
4.47174
4.04327
4.69538
4.48413
4.47614
4.40796
3.08671
4.06889
4.48706
4.7178
4.75398
4.54795
3.80357
1.62869
2.8612
2.47376
2.83187
2.5164
1.50925
3.68727
2.82867
4.61498
4.22571
3.48641
2.73058
3.76287
4.33695
4.53987
3.66646
4.19141
4.25427
2.85871
4.98043
3.21303
2.95947
4.22115
3.85371
4.4468
4.37125
4.94638
3.63192
2.58345
3.14446
4.52247
4.80863
2.67771
3.97287
3.78692
4.81807
3.98676
4.45647
2.63323
3.08688
4.03082
4.31728
4.72088
4.31522
2.49603
4.55475
2.41206
2.9097
4.41848
3.99829
3.51023
4.59413
2.57258
3.86787
4.33135
3.0746
4.17546
3.72108
4.85033
4.22204
4.53887
2.59852
4.56417
4.18939
4.6383
4.95301
4.43069
4.43702
3.93797
4.10409
3.55817
4.61205
4.11448
4.49701
4.59759
4.47752
3.51303
4.97301
4.80664
4.93806
4.83268
4.37373
4.39429
4.20259
4.91091
4.31375
4.97644
4.35517
4.3984
2.43129
2.93726
2.24901
3.02045
2.51966
4.8053
4.25506
4.50328
3.24539
4.17835
4.95589
4.39399
4.42412
3.666
4.32442
4.81868
4.28598
2.8215
2.57352
4.58557
4.40386
3.00359
4.26789
3.00963
3.66445
2.44645
3.75259
4.00548
1.44266
2.48157
4.31265
4.94263
4.19911
4.40169
4.73279
3.02386
4.4366
2.95029
2.58173
4.89505
4.59196
3.07396
3.704
4.27493
1.57652
2.49931
3.98995
2.83306
4.40206
4.66203
4.43189
4.61009
4.7089
1.5459
4.16313
4.02462
4.45705
3.87475
4.39163
3.79707
4.98542
4.30252
2.89143
4.17384
3.03546
2.55516
4.27923
2.85656
3.42592
4.99511
4.14637
4.67692
4.7195
4.87825
3.67214
3.64176
4.78902
4.41174
4.32104
3.78159
3.7791
4.33607
4.09729
2.84569
4.47983
4.76837
4.4386
3.11899
2.63082
1.57105
2.49319
4.90875
4.29421
3.67469
4.88644
4.75981
4.31358
3.64096
2.42119
3.41317
3.9298
2.53959
4.4918
4.22336
4.82604
4.6612
4.98126
3.57193
3.09959
4.44759
4.49216
2.83884
4.82154
4.35909
4.04616
3.70473
4.21313
3.35982
1.6029
2.49678
2.81087
2.6301
4.23286
4.42209
4.10937
4.87306
2.92422
2.43597
4.41535
3.72562
4.83153
4.53323
3.79707
4.23592
2.84205
1.77979
2.60612
3.63284
3.87337
4.3962
2.96539
2.57089
4.69266
4.66264
4.34313
2.99111
2.4631
4.9199
4.681
4.39399
4.40004
4.42325
4.03303
4.47043
3.8692
4.4879
4.30926
1.42533
2.80957
4.21832
4.53362
4.82088
2.77478
4.18596
3.69117
2.26065
4.99755
3.79308
4.1142
3.9676
4.40294
4.27633
4.50977
2.93358
4.97292
4.49881
4.34515
1.69431
2.62928
1.51421
4.40227
2.66572
3.79544
4.04068
4.89024
2.42798
1.47162
1.40021
2.92217
2.38138
2.7278
4.76568
3.66083
4.03333
3.89529
3.37541
2.97109
4.46597
4.81058
4.2832
4.097
2.64886
4.42289
3.53123
2.64363
4.76616
4.42518
4.66228
4.14319
3.7761
4.59407
2.77565
3.10213
3.89222
4.23072
4.45137
4.82772
3.2506
2.46245
3.84453
4.0543
4.7382
3.33841
4.41429
4.98596
4.88468
4.43968
4.39824
3.79408
4.80988
4.89522
4.94052
4.94707
4.98796
4.18364
4.78044
4.35637
2.3762
2.62856
4.07286
3.65376
4.7698
4.32359
2.98121
2.52199
3.0288
4.72131
4.30539
3.73116
4.38668
4.56697
3.9379
3.8351
2.7807
4.54018
4.53879
4.2033
4.32829
4.50416
4.88837
4.23844
4.99754
4.31479
4.94783
4.48392
4.50914
3.07079
2.49125
4.1666
4.92049
3.82204
2.35993
2.48927
3.46605
3.92769
4.22094
4.91245
4.99645
4.37036
4.60406
3.61005
4.20065
4.85445
4.35611
2.83578
4.23306
4.9237
4.48471
3.91936
4.48536
2.55622
2.92571
3.28257
1.53243
2.42524
4.17778
4.54445
4.32659
2.56499
4.84335
2.78216
4.2187
4.44359
4.57959
4.99117
4.82587
3.0182
3.61618
4.56581
4.92747
3.61658
3.8633
4.83735
4.58796
4.2847
2.80643
1.57516
2.61879
4.49049
3.01297
3.66708
3.87253
2.57741
4.72784
2.94365
2.48155
4.50462
4.73184
4.25052
4.72989
4.37247
4.4382
4.51816
1.63401
2.9
4.33065
4.74136
4.46272
3.96031
3.05077
2.71959
3.6379
4.289
4.47355
3.88754
4.45542
3.83686
4.58759
3.76329
4.99136
4.25168
4.64536
2.94597
4.644
4.49254
1.56873
3.80423
4.51295
3.89171
3.06414
3.82707
4.77836
4.55079
3.57112
4.39352
2.92579
2.25581
1.45353
2.66035
2.48722
1.54251
2.97435
4.72195
4.42028
2.79746
3.80797
4.56887
4.42606
4.83528
3.56447
4.95897
4.54347
4.31353
4.74259
4.63673
3.80171
4.8101
2.57103
4.24194
4.46207
4.28508
4.48798
2.71483
3.93159
3.4627
3.12058
4.25175
3.80494
4.14265
4.40344
4.99121
2.36801
2.76498
3.8518
4.26444
4.95511
4.39154
4.97397
2.41172
2.66573
3.95553
4.57663
4.32886
3.46605
2.91423
4.40307
4.63067
2.42249
2.73864
4.96614
4.28197
4.50566
3.72934
4.07684
3.83507
4.21312
4.84744
4.55818
4.89346
2.34447
4.26617
4.13415
4.76016
3.61884
4.1378
4.95103
4.2618
4.37116
4.0179
4.39057
4.273
2.41759
4.4682
3.82452
4.89958
3.03387
2.45597
2.47913
4.40121
3.04185
3.60315
4.2484
3.97311
3.81265
2.43081
4.81123
2.64095
2.51779
4.09676
2.82916
2.51932
3.43142
4.1468
4.34101
4.28767
3.84118
2.30347
4.22269
4.17593
4.54474
4.9385
4.5254
3.12594
4.51517
4.03637
4.87351
4.46287
4.7687
3.11842
3.69865
4.53194
4.66989
4.56166
3.87933
4.5442
4.57113
3.00137
3.7636
4.24916
4.54709
3.0778
4.37054
4.56141
3.71598
4.49735
4.24506
3.74325
4.22161
4.99244
3.8866
2.76108
2.96025
4.36797
4.41728
4.54909
4.46175
3.43926
4.55975
3.87272
4.30912
4.92176
3.80298
4.147
4.86213
4.25091
4.2706
3.98818
3.69607
4.98998
4.75015
4.60636
2.61458
2.5693
2.8863
2.3912
2.79486
3.35012
4.29718
4.7258
4.41282
4.21804
3.34849
4.19846
4.95968
4.9031
2.83807
4.28188
3.09805
4.28264
2.80873
2.58174
4.55729
4.18367
3.74755
2.67721
4.47281
1.66781
2.70184
3.98135
4.64747
4.44073
4.47164
2.98834
3.62738
4.34829
4.36048
4.92347
4.97142
3.95
4.14041
4.66093
4.91817
4.87839
2.77014
4.07366
2.86702
2.44658
4.33411
4.23124
2.57302
4.49187
3.53284
2.34211
2.54286
3.92142
4.20788
1.44669
4.16275
4.97608
4.88613
4.34156
4.61389
4.69118
4.66892
1.5348
4.24599
3.9203
4.41403
3.83068
4.1791
3.89119
2.72304
4.64469
2.85314
4.28923
3.24536
3.73749
3.98854
4.9995
4.4806
4.76566
3.13807
4.76741
4.34236
4.43669
2.70797
1.4932
2.49567
1.53231
2.40882
3.37959
4.39222
2.75948
2.50989
4.25318
4.57433
2.72318
2.33434
3.9754
3.5829
4.32182
3.65342
4.32358
4.0009
2.25231
3.3569
2.34794
4.26188
2.8002
2.35269
4.81788
4.10518
4.24844
4.30454
4.75081
4.29628
4.88042
3.093
4.84861
4.03467
4.58312
4.61117
4.36621
3.7962
3.13989
4.57276
4.80806
3.88097
4.44034
2.7979
2.98781
3.79973
4.50608
4.61811
3.59065
4.51229
4.61424
4.67541
4.25393
4.89534
3.6074
4.53545
4.32065
4.62673
4.26065
4.88777
3.94303
4.439
2.79474
4.96588
4.7376
4.53079
3.7538
4.58667
3.51514
4.37636
4.70801
2.96227
4.31697
4.51577
4.85972
4.43302
3.885
4.07022
3.85034
4.83059
2.87229
2.34164
1.53159
2.57349
4.34282
3.66827
3.76781
2.4724
4.14739
3.40408
4.63217
4.51257
4.96904
4.68233
2.9815
3.78452
4.87763
4.60943
4.28222
4.60085
4.23475
4.39841
2.46266
3.53075
1.50081
2.46448
2.92441
4.39624
4.45033
4.99649
3.02799
2.51843
2.83143
1.43113
2.89287
2.50133
4.96738
2.3755
4.53248
3.48587
3.79638
4.14059
2.91306
2.36289
4.19145
4.87461
4.55896
4.0538
4.38882
4.26202
4.83858
4.33441
4.60513
1.52497
2.85526
3.72613
4.28617
4.71089
2.57625
4.96746
3.05846
4.27367
3.64576
4.18191
4.44339
3.91048
4.30039
4.48426
4.99649
4.77155
4.20507
3.40853
2.75642
3.75683
4.34988
4.41121
3.91113
3.70792
4.49795
4.30619
4.99484
3.88832
4.7754
2.90332
4.11765
4.53383
1.488
2.30301
3.67051
4.47575
3.36414
2.90019
4.68359
2.4299
2.93811
3.65416
4.32934
4.31693
4.42832
1.41005
2.88838
1.42385
2.95896
2.51953
3.01521
4.48302
3.89672
4.18727
4.69835
3.35874
4.80388
4.30692
4.48969
4.60829
4.52901
3.50312
4.58105
4.88841
2.32017
2.38558
4.20892
3.80939
2.91027
3.45095
4.45448
4.26703
4.32149
4.88851
4.85385
2.3033
4.29303
2.90119
3.56655
4.4741
4.90875
4.24261
3.83367
4.12186
4.78264
4.22016
2.43801
4.44851
4.7165
4.14494
2.90494
3.71235
3.62017
4.5682
2.44515
4.46683
3.94352
4.4293
4.60103
4.04281
3.07158
2.65066
4.41176
4.95866
4.37561
4.97471
2.47863
4.37304
3.95295
4.42761
4.37429
4.58203
4.36445
4.33675
4.34669
2.6562
4.08606
4.38064
3.46663
3.71269
4.25154
4.70367
2.37809
4.25412
2.41504
3.57054
3.87586
4.40237
4.41003
4.41704
4.94012
4.20734
2.79516
3.44226
4.85505
2.80615
1.47369
4.47758
2.46494
2.53831
4.71835
4.35185
2.92864
3.49699
3.84934
4.07293
4.72739
2.83327
2.58579
4.17055
4.31149
4.82206
4.61335
4.40617
3.74743
4.49104
4.31843
3.90505
2.82625
3.8804
4.30335
4.9815
4.23099
4.49123
4.34944
2.42647
2.3405
3.02751
3.5138
1.41776
4.74262
4.31212
4.33852
4.51432
2.67679
3.09867
3.72452
4.41976
3.79695
4.90388
4.7205
4.57273
1.57519
3.00919
4.40944
4.65175
2.70875
4.5047
4.05325
3.11753
3.89945
4.48819
4.37197
4.41398
4.02074
4.62072
2.92738
4.28647
4.56661
1.58665
2.99655
3.13263
2.4829
1.56646
4.16896
3.79281
4.88167
4.39146
4.83291
3.52232
4.51324
2.74674
3.52542
3.062
3.83571
4.66598
2.56642
4.27026
4.31496
4.51042
4.40714
4.36381
3.80561
2.91446
4.62407
2.40343
3.79884
3.58627
4.71832
4.07869
2.59613
2.97012
2.38001
2.31648
2.52082
3.82202
2.82658
4.5115
4.27278
3.55284
2.85264
3.8228
4.30425
4.334
4.06088
4.46707
4.47348
4.88378
4.91006
3.84301
2.46716
4.28257
4.18512
3.93406
4.44038
4.82446
4.79094
4.45911
4.44646
4.05097
4.70829
3.76591
4.75779
4.32293
4.35269
4.7223
3.23234
4.92126
4.95166
4.4625
4.1899
4.45022
4.12203
4.61486
4.26664
2.49773
2.72639
2.94314
2.49697
4.15515
4.91547
4.96759
4.54141
4.40338
4.64368
4.16924
4.53996
3.48723
4.25209
4.56247
4.73187
1.50743
4.23819
3.7365
4.2568
3.71305
4.11511
3.93077
4.34424
3.02835
4.19106
2.83658
2.38652
2.46733
4.45283
2.84726
4.33856
3.07532
3.71283
2.77004
4.43074
1.72009
2.65651
3.78464
3.759
2.97052
4.28301
4.90796
4.7009
3.61761
4.33588
4.53701
4.99185
2.98305
4.6747
3.8108
4.3136
4.56327
4.94393
4.63269
4.78415
3.7975
3.76313
4.97805
4.89151
4.69596
4.30971
4.89625
3.15147
3.66465
4.4142
4.29497
3.03615
4.6575
4.40252
4.55435
3.93803
4.86514
4.7665
4.69622
4.18156
2.46709
1.6507
2.47866
4.26482
4.47993
4.41142
4.9303
2.96881
2.64327
4.42769
4.25569
3.82537
2.47484
3.5715
2.36567
4.39075
4.5633
3.89273
4.61141
3.89974
4.27968
4.92695
3.6781
2.75673
4.22073
3.81586
2.86587
4.92991
4.2724
3.51767
4.7498
4.46866
4.02998
4.23075
4.95397
4.46115
4.89231
1.62054
2.88732
4.37753
4.79894
3.01208
4.38937
3.84188
2.52881
1.51649
2.52716
3.66248
4.22139
2.96356
2.45034
4.6947
4.02756
4.33989
4.09767
4.38435
4.41997
2.747
2.62919
4.23894
4.35278
4.58226
3.0317
4.61421
4.39939
4.42807
3.93602
4.50246
2.99285
3.85741
4.53575
4.56168
4.31278
4.95166
4.44625
4.27407
3.98204
2.90575
2.47701
4.97109
4.4487
3.43937
4.60566
3.94192
3.83501
4.77236
4.54383
4.22782
4.24897
4.62232
3.8579
4.38925
2.58823
3.36357
1.42996
2.4368
3.91724
4.61483
1.54203
4.32842
4.96153
3.95964
2.66314
2.38371
4.44885
3.47208
3.79949
4.26227
4.78729
4.28755
2.92723
2.63177
4.40942
4.47356
4.11531
2.60364
2.98925
4.36137
3.87043
4.42901
3.88782
4.97088
4.28771
1.61509
2.52789
4.4045
3.47902
3.88564
2.44697
4.64624
4.494
4.43164
4.89928
2.89254
4.64386
4.31477
2.83859
4.30987
4.37792
3.05943
2.70613
2.80776
2.88952
2.8468
2.44753
4.22711
4.87685
4.56876
4.21044
4.99124
4.22072
4.50037
1.65695
4.40147
3.9871
4.63647
3.87859
4.24095
4.33284
3.73726
4.32878
1.43615
4.27907
3.86953
4.41837
4.86916
2.6999
3.31464
4.02014
4.33132
3.85167
2.77512
2.44347
1.75357
3.10907
1.41753
2.95752
4.37695
4.83768
3.50655
4.40489
4.87761
4.51773
4.76297
4.71027
3.3721
4.41219
2.32385
4.0768
2.34934
3.65537
4.90058
4.15901
3.5997
2.81731
3.26205
4.17072
4.09391
2.57284
4.20795
4.11815
2.69047
3.69214
4.43418
4.98593
4.14274
4.93984
4.09765
4.92525
2.84298
4.45679
4.53389
4.02913
2.57368
3.98292
4.80835
3.57242
2.97931
4.69293
4.71582
4.82143
2.47535
3.18837
4.5123
3.90746
4.39943
4.97624
4.4913
2.56149
4.28555
4.19466
4.51766
4.92636
4.17253
4.08535
3.71053
4.39749
4.4416
4.59575
4.37582
3.99214
4.58236
4.18105
4.3996
2.49552
3.03196
2.77927
4.49131
2.49999
3.70634
4.60533
3.85605
4.8449
4.19799
3.76428
4.93451
4.46928
4.37512
2.74446
3.32537
1.55952
2.81983
1.41322
4.37331
4.33956
2.45249
4.13705
3.94963
4.92346
2.89877
2.28183
2.39021
4.38797
4.16982
2.85007
3.24551
3.79395
3.14391
4.38647
4.13628
4.28295
3.84465
2.50685
4.29278
4.35024
4.96233
4.58753
2.73621
4.18458
4.21461
4.60555
4.88798
4.30476
3.83096
4.87745
3.99928
2.98924
4.35322
4.58942
3.56835
4.4501
3.84315
4.49851
4.57752
2.974
4.59825
4.52666
3.73277
4.25532
4.82315
4.4797
4.22872
3.93858
2.41882
3.1895
2.6443
2.65873
2.98169
3.64458
4.28744
3.68523
4.60586
4.9588
4.78354
2.9964
3.52973
4.51645
4.48896
4.70728
4.77495
2.91178
4.17691
2.73348
4.04415
2.73781
2.4238
4.33507
4.11629
4.54158
3.44251
4.31142
1.53691
2.34495
2.53423
3.75339
4.95024
4.52508
4.26321
3.83439
3.8
4.58419
4.30097
4.71903
4.96932
2.89463
2.36608
4.47583
4.25119
2.96408
4.32403
2.79543
4.20269
4.55328
3.59629
2.61752
3.75813
2.52192
4.43505
1.56961
4.93708
4.4303
4.71799
3.92998
3.97641
4.37025
4.68385
4.56302
4.53961
1.49055
4.13509
3.84531
4.18917
3.69738
4.40173
3.6884
4.93358
4.17481
2.94135
2.476
4.29892
2.94107
2.96369
4.69552
4.23151
4.51929
2.91762
2.24553
2.58172
1.45331
2.37252
3.58182
3.7513
4.2812
2.35977
4.15729
3.64756
4.56525
4.01691
4.9646
3.10682
1.70121
2.92154
4.72405
2.53335
3.66941
3.99909
2.77597
4.74777
4.3174
2.9547
2.30281
4.65045
4.46695
4.50333
4.33151
4.36489
2.84914
4.88621
4.27911
3.77171
4.26314
4.97025
4.51527
4.11953
4.66769
4.30454
3.68192
1.53742
2.42462
2.62119
2.87133
4.28327
4.89681
2.8193
4.21411
2.51483
4.77397
1.68605
3.03098
3.99197
4.50597
4.70862
3.10543
2.68074
4.53897
4.20907
4.61469
3.98325
4.36284
4.48917
4.24135
4.77627
4.92423
4.52969
3.60932
4.92175
4.15813
2.87117
4.89645
3.78709
4.61391
4.25302
3.95016
3.78839
4.95988
4.48028
4.21327
3.88225
4.45374
2.94707
4.5392
4.79772
1.57638
1.43734
2.68814
4.08497
3.54579
4.78621
2.75489
1.42815
1.53906
2.87063
2.89357
2.49588
2.88678
4.6024
3.86706
2.39864
2.27119
4.20144
2.4051
4.13767
3.86521
3.37087
2.77154
4.34522
4.16943
4.26093
4.83458
2.76997
4.49991
3.75252
4.26047
3.67023
4.15535
4.81412
4.60514
3.30413
4.92155
4.43255
4.28614
3.74275
4.70716
4.83283
4.01502
4.41698
4.98257
2.33433
4.63522
4.45509
4.20642
3.71032
4.24832
4.1928
3.97855
3.45962
2.99513
4.65367
2.71042
4.45769
2.9406
3.80523
2.40732
2.50686
4.33869
4.2168
4.87524
3.87608
4.31801
4.96278
4.34538
3.97689
4.18514
4.5222
4.98554
4.26804
4.4255
2.38775
1.46416
2.64812
4.23766
2.85146
3.6307
2.2605
2.42268
2.55018
3.52462
4.36616
2.94307
2.32838
4.24947
4.87094
4.35823
2.8563
2.65328
3.68287
3.79534
4.3826
4.17558
4.66367
4.38326
3.3689
4.75621
4.31413
3.88406
4.98758
4.94887
4.16781
4.93953
4.10161
4.48986
3.15027
3.86536
4.95347
4.71948
4.5781
4.73511
4.4482
4.42748
3.00741
3.56705
4.39795
4.53359
3.78782
4.94534
4.3348
4.94435
3.80855
4.91298
4.51807
2.80478
4.37798
4.70821
3.82837
4.2453
4.52133
4.58
4.39338
4.51056
3.58569
3.01502
4.93116
4.35677
3.86762
3.79613
4.91527
4.02447
4.54198
3.08701
4.46724
4.57289
3.35327
2.34182
2.52355
4.20481
3.4714
3.81974
4.18396
2.92321
1.46212
4.49588
2.96799
2.67711
4.43988
3.03278
2.5462
4.68327
3.50752
3.81069
4.06851
2.43242
4.45112
4.30578
4.66862
4.27966
4.73575
4.34504
3.11934
4.3802
3.84638
4.96675
3.96764
4.76854
3.96856
4.4449
2.57796
4.19759
3.83264
4.87522
4.27101
3.98067
4.31089
4.90751
4.5127
4.36239
2.63698
2.61705
2.34394
3.51993
1.66357
4.0206
2.32844
4.10955
4.8234
2.67309
4.64767
1.48933
2.96903
3.7205
4.52386
4.64268
4.41753
3.7938
2.57416
4.92652
3.07438
4.22525
4.17282
4.15088
3.61539
4.94013
3.90533
3.84311
4.35989
4.9928
4.68112
4.51923
3.1316
4.71728
4.57481
1.46313
2.90026
2.50653
2.94274
1.59799
3.82266
3.23331
4.68233
3.68031
2.74058
3.89844
4.79867
2.82464
2.58717
2.57327
4.56634
4.38109
3.86818
4.63744
4.44315
3.17414
3.55651
2.74462
4.39216
4.03394
4.71778
4.70173
3.95211
2.50623
4.08621
4.88546
4.3359
4.64267
4.76401
4.25873
4.20965
3.74466
4.61139
2.56061
2.88704
3.92022
3.4118
4.45365
2.38038
3.67643
2.97341
2.62169
4.3168
4.3901
4.41518
3.93013
4.37685
4.49898
4.19003
4.90216
4.15037
4.83663
3.49563
4.39402
4.73283
4.60878
4.50819
3.63615
4.78007
4.28932
4.43155
4.14466
4.37834
4.78977
4.11279
4.34661
2.29838
2.97752
2.52334
2.61411
4.60221
4.77815
3.44509
4.3282
4.0919
3.88936
3.0016
4.87527
4.45827
4.45237
3.28821
4.40708
4.78835
4.55245
1.72265
4.32296
3.85145
4.20933
4.03924
4.56004
3.81655
4.87197
4.2115
3.07747
4.33238
2.84834
2.59951
4.27914
4.23441
2.985
2.57022
4.29513
2.78152
3.36748
4.04
1.33564
2.29831
2.49205
2.9226
4.46067
3.80551
4.70472
4.28071
4.43851
4.09689
3.7573
3.95876
4.49636
4.24962
2.81465
3.31266
4.17903
4.70424
4.94236
4.50129
4.64482
4.99889
2.78791
4.47973
4.77791
4.9913
4.94442
4.04606
3.56532
4.67244
4.46924
4.09589
3.51494
2.87322
2.29802
2.73262
4.07851
3.48291
4.14117
4.7211
1.92886
4.67756
4.56395
3.98755
2.7533
3.56288
3.97682
2.77515
4.59612
4.51525
4.45136
4.95529
3.88774
4.64558
3.78943
4.3732
4.39189
4.64874
4.41742
3.83004
4.21943
3.49178
1.54453
2.32838
2.73862
3.15943
3.07121
4.50875
4.84462
4.4989
4.91288
3.08048
2.49022
4.4355
3.71164
4.56742
4.88207
3.78837
4.17485
1.33559
2.33392
3.3572
3.62573
4.17467
2.37066
4.43396
4.3571
4.1543
4.79268
2.9693
2.91006
3.10126
2.35834
4.97194
4.55226
4.2839
4.43928
4.28145
2.82885
4.36236
4.16225
2.84384
4.15241
4.81603
2.84514
4.19019
2.39537
4.49935
1.41313
4.6048
3.70769
4.55961
3.77813
4.15354
3.93246
4.31366
4.46634
1.6771
1.64391
4.45649
3.03135
3.93739
2.53672
1.39516
1.52106
2.92415
3.04106
2.60271
4.19615
2.48915
4.36357
2.47394
4.7981
3.78155
4.25201
3.6979
3.40009
2.99418
4.47328
4.68683
4.36543
2.84956
4.33569
3.92204
4.38038
4.5017
4.96589
3.68056
4.60462
4.55001
3.54884
4.51691
4.71395
4.20694
4.41626
4.96335
2.61244
4.37752
4.33833
3.83494
4.30826
4.21271
4.59128
2.60365
3.79791
3.57082
4.54779
2.87856
2.29088
2.90863
4.46281
3.83014
2.36419
4.23744
4.19097
4.38742
4.35686
4.91444
4.28658
3.78245
4.54714
4.27911
4.91393
4.98922
4.41084
4.11479
2.79025
4.60451
4.05743
2.5118
2.53997
3.58951
4.57257
4.12812
3.10797
3.97545
4.28813
4.5701
3.68231
4.76415
4.39528
4.01667
4.02795
4.53532
4.54068
4.89946
2.92758
3.36661
4.47296
4.7175
4.78028
1.50801
2.94036
4.31452
4.5765
4.15658
3.75487
4.91159
2.76277
2.38317
4.96247
3.84833
4.29374
4.25975
3.75724
4.30757
1.47849
2.25369
3.99421
2.82336
3.33136
2.35702
4.31653
2.7274
2.42154
4.13993
4.82961
4.34149
2.87959
3.6498
4.42968
4.74075
4.6056
4.02752
4.88101
4.23296
4.84414
2.73642
4.96099
4.29059
4.89714
4.07784
4.4418
3.68914
4.81407
4.06738
3.58258
4.03509
2.45026
4.28661
4.90315
2.87599
2.33071
2.63316
4.38531
3.59307
1.55772
2.6561
1.55763
3.76268
2.9151
4.07877
4.44372
4.12764
3.52949
2.32336
4.55745
2.7601
2.28429
4.30959
2.86081
2.69193
4.39142
3.43114
4.07378
4.16586
4.28056
3.83462
2.40942
4.18023
4.43699
4.03957
4.67028
3.8351
4.36419
4.9651
4.56452
3.05823
4.4163
3.68403
4.33887
3.00276
4.71473
4.9741
4.4582
4.29021
3.89905
4.28245
4.94666
4.06982
4.84777
3.22087
4.49326
4.78506
3.69338
4.48064
3.81299
4.46592
4.99408
2.99796
4.34363
4.76166
4.07938
4.2896
4.98459
4.62016
4.43407
4.75148
3.82163
2.41619
2.34256
2.5504
2.85003
3.41635
4.28148
3.65029
3.56671
2.8052
4.94282
4.45583
4.10767
3.46562
4.23652
4.4559
4.74459
3.57397
3.64349
4.83501
4.21972
4.39986
2.70427
3.43531
4.03118
4.66788
4.88475
4.2978
4.98524
4.81031
1.50052
4.38094
4.00303
4.46248
4.03767
4.52346
3.66716
2.4902
4.13078
3.05714
4.36147
2.84875
4.47058
3.16604
2.70581
4.57874
3.13123
4.74104
3.63474
2.7899
2.65173
4.43285
1.7236
3.09058
4.71093
3.92129
4.6245
4.52099
4.214
4.38054
2.86176
4.64641
4.72129
4.40263
3.99249
4.39682
4.58993
3.89295
2.51061
2.46212
1.53061
2.58035
3.62322
4.32081
2.50814
1.44167
2.80597
3.77176
1.4241
2.76614
4.41705
4.49218
4.99151
2.70909
2.33808
4.08305
3.81226
4.14446
3.72233
4.37702
4.20352
2.39278
3.40381
2.39111
4.50328
4.25198
2.84432
2.34115
4.79701
4.33947
4.32081
3.74623
4.97598
2.75221
3.75826
4.19064
3.23497
4.84661
4.4576
4.27665
4.77479
2.58803
4.78332
4.30336
3.91349
4.62324
4.19763
4.17658
3.72089
4.89587
4.54528
4.40744
4.08951
4.5124
3.56673
4.30741
2.83973
4.50553
3.00769
4.50423
4.39251
4.61844
4.76036
4.09301
3.50709
4.51179
4.92986
3.82164
2.58983
1.63671
2.72124
4.46699
3.54252
2.66526
3.79914
2.83106
3.79417
4.84442
4.33782
3.60823
4.45841
4.61436
4.25646
1.39515
2.73267
3.76135
4.22651
4.35684
2.468
4.78607
2.88321
4.18794
3.75528
4.02509
4.26756
3.78117
3.96727
1.43861
2.96742
2.49253
2.2933
4.42696
3.46476
4.05052
2.91371
2.54869
4.21005
4.98036
4.16772
2.88083
3.71012
4.65771
4.40197
4.79851
4.42861
4.95731
4.49132
3.70307
4.21129
4.74669
4.55779
3.69181
4.56607
4.52369
3.62758
3.03942
4.74324
4.86336
4.68031
2.91309
4.33317
4.62903
4.64198
4.33582
4.87461
3.90494
3.95481
3.01899
4.51881
3.63606
3.73009
4.40818
1.41683
4.51541
3.73227
4.13917
4.85907
2.50219
4.28196
2.44909
4.61803
3.54114
3.81781
4.25922
3.80904
4.49146
4.38039
3.69682
4.84451
1.53436
4.53548
2.3911
2.41934
4.41472
4.25992
3.23498
3.83552
4.42441
4.73552
2.82916
4.99696
2.75902
3.09696
2.43897
4.50497
4.15629
4.95464
4.64031
4.39071
3.80103
4.28637
3.72558
4.94679
4.55361
3.95618
4.41406
4.79511
4.65298
4.25269
2.66434
2.49356
3.42323
1.49993
3.12411
2.89477
4.58194
4.53733
4.30772
4.17734
2.27695
4.64467
2.7275
2.9287
4.28617
4.5694
2.98563
4.35469
2.46916
4.08996
4.88989
2.81607
4.45305
1.51786
4.33067
3.85309
4.59536
3.57889
4.40744
4.17589
4.23098
3.68513
1.70379
2.95912
2.8826
1.55197
2.40353
4.14772
4.21761
2.41411
2.28533
4.09579
3.66441
4.92319
4.13582
4.58249
3.82126
4.44044
2.92107
3.44406
2.72911
4.95078
3.84853
4.58546
2.48096
4.26505
4.31246
3.9098
4.35418
4.98917
4.60084
4.21727
4.92149
2.44083
2.43106
3.87426
2.6669
4.54715
4.93579
3.46063
2.89512
3.61491
4.3204
2.24922
4.12482
4.20269
4.42983
4.42917
4.60894
3.78556
4.46197
4.24471
4.99058
4.96432
3.40369
4.5991
4.75432
4.72673
4.50334
3.61757
4.16189
4.45625
4.9672
4.75948
4.43758
4.39218
4.70344
4.30344
4.43401
2.47478
2.55394
2.73533
2.87052
4.27512
3.64262
3.86842
2.85682
4.6643
4.97349
4.1065
4.99839
4.60311
4.36441
4.26159
4.94307
4.45956
4.60392
3.36927
4.445
4.54839
3.1412
4.67792
3.99673
4.58862
4.57113
4.53781
4.71493
3.93564
3.21384
4.28416
4.77925
3.73107
4.36242
4.39217
3.82664
2.91959
4.46841
4.42674
4.18199
3.88002
4.98505
4.48227
4.37423
3.788
4.75837
4.60184
4.17319
2.73722
3.50656
4.33581
4.72164
3.62633
4.90474
4.12555
4.96691
4.73208
2.58135
2.61836
3.03929
2.90152
4.67908
1.6564
4.27707
4.6065
4.29077
4.8547
2.83248
2.52112
4.22398
4.92217
4.5031
3.93504
2.5082
3.29596
2.60905
4.66545
4.43318
4.71954
3.11037
4.95527
4.37962
3.58464
4.59775
3.85163
4.61594
4.02186
4.34551
3.10565
4.59341
4.30502
4.54816
4.99223
3.68147
4.35808
3.0135
4.27612
4.82897
2.95702
4.26057
2.43708
1.46541
2.44791
3.37421
4.14543
2.48532
4.44006
1.35309
4.48081
3.7146
2.78808
4.33534
3.90002
4.11116
3.7667
4.37276
4.23738
2.9255
2.43378
4.76841
4.19278
4.2341
4.11845
3.81806
4.52096
4.37302
4.99941
3.04718
4.38504
4.59966
4.43412
2.60299
4.59688
2.98483
4.28991
3.73915
4.32903
3.00584
2.91526
4.34755
4.62172
4.23434
2.6297
4.98619
2.89023
4.2101
4.58914
1.83793
4.22263
3.91549
2.48017
2.59293
4.60506
3.59719
4.39684
3.90175
4.03251
4.93469
4.50513
3.05009
4.57157
4.23471
2.79386
4.27343
4.33891
4.75921
2.76849
2.48842
4.7091
4.07525
4.96762
4.37992
1.56113
2.55806
4.3773
3.37841
2.58254
4.56527
3.81657
3.79989
4.77521
4.415
4.90226
1.72113
4.47229
3.74074
4.66113
3.88412
4.2781
4.2161
3.87372
4.31665
2.81398
2.90264
2.48476
4.31668
4.95127
4.43089
3.11831
4.63907
4.6731
4.48535
2.89167
4.53033
2.90314
1.39847
4.36536
4.18201
3.70719
4.33899
4.8384
4.36177
4.16167
2.54665
2.8378
2.38242
4.084
2.50066
4.6088
3.50973
3.04474
4.6756
4.44769
4.69674
4.46349
3.79726
4.7931
3.00228
1.43421
4.40296
2.35848
4.35656
4.76676
2.904
2.51113
2.27201
4.39701
4.23334
3.28163
1.39039
4.39064
3.69162
2.76589
4.52969
3.89072
3.04172
4.37878
4.41957
4.22815
3.85566
2.40512
4.14845
4.97878
4.28473
4.94153
4.82414
4.85806
2.9958
4.40844
3.48591
4.66999
3.75107
4.48222
3.87562
4.3429
4.94585
4.04711
4.44958
3.57378
4.22473
4.89849
2.90261
4.74435
4.99967
4.97289
4.4072
4.1782
2.41778
2.48559
2.41555
2.39069
3.88141
3.43798
3.85615
2.20269
1.3961
4.26534
3.5256
2.53308
2.87885
4.68523
2.44285
3.06298
4.21406
2.866
2.73256
2.77058
2.80745
4.1734
4.44633
2.43177
1.41438
3.70846
3.86973
4.38414
3.83948
4.87037
4.11301
4.24385
4.29055
4.55299
4.5363
4.85437
3.18438
3.79528
4.85751
4.32253
4.30056
4.90994
4.41163
4.75252
4.3643
4.51424
4.73219
4.60268
4.71134
4.44233
4.28244
4.43344
4.09525
3.53728
3.42811
4.87947
4.59132
4.79614
4.47506
4.2697
4.32233
4.66881
4.91105
4.93734
3.91611
4.90155
3.38759
3.4738
4.79762
1.69563
4.3133
3.07812
2.51294
1.60335
3.629
2.81433
2.44976
2.69316
4.27163
4.62009
4.96734
3.90083
2.71622
3.90359
4.46083
4.96422
4.32788
3.73371
4.43817
4.91895
2.67378
3.9378
3.26539
4.43343
4.34346
3.9552
2.66846
3.79555
4.83189
4.4592
2.71139
3.15064
4.0815
4.68494
4.48647
4.77923
3.90292
4.92586
2.9998
3.88216
3.60849
4.45193
2.46024
3.52642
3.95857
2.22189
3.46844
4.7696
4.76304
4.31057
3.91531
4.13803
2.7583
2.55517
4.99739
4.34201
4.96482
3.9799
4.35155
4.23356
4.55452
4.42581
2.64406
4.699
4.41041
4.08986
4.60999
4.90077
3.44209
4.32339
4.03612
3.55172
3.96146
2.78684
4.70611
4.72532
2.26331
1.46058
2.80447
2.29967
1.59071
3.19808
2.70904
4.94472
4.31711
4.20519
2.76831
3.5646
4.52845
4.87349
4.57059
4.36745
4.74197
4.39811
4.71842
2.71879
4.02863
3.16245
2.60768
4.95897
3.68685
3.95924
4.18887
3.84693
4.38855
4.72756
2.50646
2.89748
4.83226
3.75167
4.53938
2.77213
4.10793
4.74794
4.41433
3.04543
4.23488
4.65491
2.50459
3.71907
4.9934
4.0637
2.63273
2.89778
4.34946
4.74828
4.9566
3.93724
4.15299
3.81854
4.61292
4.51895
4.60214
4.061
2.54793
4.1804
4.28212
4.4974
4.7914
3.42156
4.82288
4.43588
2.50581
2.85662
3.84615
4.42763
4.32412
4.60147
1.68102
3.02454
1.50794
3.6882
3.04828
2.56295
2.91136
4.66158
3.99999
4.10211
4.70615
2.28869
4.12883
3.59282
2.67587
4.19494
4.14374
4.48101
4.98344
4.82282
2.22929
3.27201
4.81043
4.41983
2.71796
4.45737
2.8401
4.08098
4.36454
4.2922
3.77792
4.13091
4.77894
4.31463
4.62523
4.55929
2.99989
3.7247
4.45447
2.3042
2.73505
3.52623
4.39466
4.40217
4.11273
4.52612
4.60408
3.82636
2.80092
4.93106
4.93248
2.36473
4.15227
4.32066
3.77304
4.10151
2.50026
4.95074
4.4251
4.11235
4.4506
4.1665
4.30904
4.01701
3.6476
4.34722
4.53446
2.43073
2.9886
4.86449
3.73277
4.48457
3.67015
2.93525
4.94166
2.45526
1.44106
2.81703
1.71196
3.67704
3.00931
4.26607
4.89695
4.20906
2.4339
3.6529
4.25271
3.76417
2.87142
4.39473
2.32181
4.80486
3.42964
4.32227
4.33382
2.67529
4.7301
4.33698
2.82377
3.88881
4.70992
4.88288
4.54255
4.88747
4.51912
4.52802
3.95938
2.5968
3.91616
4.62489
3.01412
2.4924
3.60518
4.23294
4.54222
4.50293
4.72776
2.68406
3.10896
4.66813
4.00241
4.54909
4.36047
4.17518
4.60475
2.65064
4.96275
4.28256
4.51699
4.37276
3.94979
4.59808
2.4783
3.20378
2.67214
2.98483
2.58252
2.74162
3.12523
4.36464
3.59116
4.5596
4.7089
4.51433
4.99426
4.81549
4.34049
2.86012
4.18382
2.57345
4.40464
4.0519
2.70082
2.87112
4.2908
3.42222
3.83821
4.11453
1.41201
2.29616
3.80219
2.5093
3.81837
4.96799
4.4721
4.22519
4.3984
4.88181
4.99195
2.53792
4.28735
4.21495
4.29307
2.90999
4.20267
2.84755
2.95487
4.62086
3.75342
4.00947
2.57078
3.83485
2.36957
3.98292
4.31655
1.62988
4.97727
4.31244
4.55867
4.52281
4.41655
4.17183
3.65841
4.10704
4.21808
3.66237
4.46364
4.71634
1.47137
3.81751
4.99834
4.90347
3.23451
4.27277
2.94982
2.53544
4.69142
4.22556
2.96189
2.91398
2.39832
2.8523
2.44971
2.72932
2.56946
3.81561
3.90109
2.51249
3.68376
2.43062
1.43321
3.81833
1.5531
3.8678
2.42908
3.83179
2.58416
2.99571
3.01758
4.57689
2.61544
3.00661
4.94392
4.26524
4.27162
4.20893
4.55231
4.56327
4.36424
4.87972
3.51348
4.4032
4.20805
3.3769
4.78541
4.34121
4.34307
4.54713
4.96842
4.33767
4.86996
4.49079
4.20167
4.48114
4.62932
4.12602
4.92035
4.88349
3.54491
4.39832
3.40684
4.80041
4.24659
4.28159
4.46939
4.20411
4.99266
4.95055
4.95155
3.06673
2.65846
1.58518
2.44621
1.4462
2.33508
3.522
3.84286
4.18906
2.85601
2.57392
4.30421
3.69181
4.6001
4.71089
4.35259
4.97342
4.48724
4.60391
4.94891
2.97353
2.64264
4.44251
3.84106
4.33286
3.77073
4.21227
4.42745
4.58807
4.41541
4.15564
2.81994
3.89184
4.42632
4.59858
4.2627
4.28636
1.49879
3.23688
1.58447
2.45814
2.8275
2.452
2.83256
4.28542
4.88084
2.84602
4.16387
3.79946
2.43048
4.98224
4.29028
4.01863
4.43322
4.56951
3.88181
3.49493
4.09754
4.59856
2.87534
4.90328
4.40311
4.70641
3.77723
4.52108
3.12052
4.88931
4.47669
4.27747
3.91153
1.3383
2.64642
1.54446
2.45994
3.61209
3.31012
4.36942
4.1648
2.76513
1.50008
1.50885
2.72365
2.46367
2.89465
2.35176
2.69744
4.36852
4.28602
3.74906
4.9344
4.78978
4.96593
3.93077
4.40029
4.18048
3.58299
4.76458
4.41351
4.33581
4.6735
3.72207
4.71139
4.75317
4.87835
4.01586
4.52291
4.67552
4.31212
4.78912
4.83842
4.51217
3.73406
4.06957
2.52924
4.42695
4.3317
2.59594
4.03024
3.58815
3.07933
4.57178
4.57179
2.74078
4.57952
2.91086
3.7938
4.16861
4.96787
2.33038
4.29936
4.54947
4.33193
4.85339
4.62284
2.98156
2.25207
1.61935
2.4314
4.46802
2.85488
3.5469
3.80216
2.49872
2.26244
2.42404
3.34218
3.69987
4.16299
2.84889
2.3594
4.19254
4.90569
4.61656
4.27615
4.93663
4.1
4.67712
4.7191
4.54225
4.17857
3.20577
4.8723
4.57086
3.9225
3.16124
3.7934
4.48712
4.90372
4.07082
4.52814
4.91401
4.92444
4.44385
4.89561
4.88482
3.95614
4.06594
4.25543
4.48519
2.74859
4.53154
4.79408
3.72173
4.33344
4.37638
3.40287
2.9563
4.03598
4.71872
3.44722
3.99454
4.84999
1.52125
2.45792
3.71073
4.62986
4.31744
3.4891
2.94236
3.81326
3.08265
3.49758
4.57092
4.40874
4.61132
4.68553
4.39255
2.53063
3.03278
3.96255
4.30138
4.31998
4.69214
4.26726
2.51465
4.29669
2.52474
3.8204
3.29818
2.84076
4.23184
4.30287
3.81903
4.50688
4.32453
3.78357
4.19843
2.83794
4.88096
2.5739
4.46948
4.19774
4.1559
4.87287
2.47485
2.84316
4.14608
3.62205
3.48794
4.34739
2.42291
3.73969
4.67481
4.23162
4.31524
4.33809
3.85745
4.37536
4.3058
2.51192
4.15849
4.49842
4.96638
4.98901
4.37545
2.65657
3.90947
4.33186
4.34946
3.30106
2.36127
2.49998
4.14595
2.87578
3.49236
3.73243
4.09685
4.91081
3.97818
4.47205
4.40873
4.67127
3.769
2.90105
4.21872
4.44109
3.54392
4.87443
4.47558
4.79564
4.49041
3.98133
2.67373
3.18273
4.40729
4.43475
4.4136
3.87945
4.35341
4.90455
4.93004
4.5822
4.05034
4.8954
2.73447
3.81573
4.54924
4.7575
4.64168
4.55823
1.66561
2.61332
2.9014
2.41835
3.16157
3.49471
1.60859
4.2479
2.46989
4.30337
3.68006
4.81024
2.80555
4.77487
4.49893
3.89879
4.6157
3.12132
3.87834
4.37679
4.72651
1.38997
3.07596
2.63089
2.96974
2.53463
1.75064
3.733
3.05789
4.64471
4.33329
3.71045
3.03174
3.94532
4.5508
4.7752
4.29836
3.94408
4.36137
4.60761
4.2439
4.55788
4.86885
4.23733
3.76299
2.44252
4.25942
4.26493
2.40409
4.30302
2.43197
2.87013
4.20957
3.71194
3.52835
4.61661
2.5798
3.76509
4.32878
2.94599
4.87015
4.33023
4.07722
4.40639
3.7395
4.52651
4.22864
4.39473
4.26315
4.91606
3.34091
4.99985
4.75413
4.22325
4.10982
4.38563
4.93192
4.39052
4.93886
2.81388
3.03229
2.70374
3.0327
2.6605
4.66726
4.27012
4.61657
3.50643
4.37934
4.47799
4.46274
4.69984
4.51486
4.35133
3.59679
4.18162
4.11004
3.71655
4.935
4.39255
2.88162
4.30639
2.49112
4.72833
1.44159
3.69379
3.07117
4.94211
4.89027
4.88371
2.88138
4.17524
2.77436
2.43907
4.58913
4.16151
3.10139
3.7366
4.48432
1.88123
2.68661
4.00548
2.68364
3.91986
4.40231
4.87227
3.92326
4.76852
4.85615
4.71477
3.32039
3.67317
4.76528
4.23325
4.64019
4.54875
3.04317
4.18065
4.11415
4.04076
4.86987
3.01867
2.35635
1.58593
2.66405
4.40978
3.5373
4.62394
4.31623
4.61993
4.48398
4.84853
2.89997
2.49331
4.55735
4.91802
4.49472
4.31445
3.89953
3.70127
4.53377
2.78168
4.77889
4.67877
4.41505
3.81696
4.25993
3.38783
1.55486
2.28474
2.87218
2.5147
2.93954
2.43375
4.51265
4.27415
4.31219
4.22261
4.4359
4.90212
4.1436
3.77648
3.78453
2.90491
1.40013
2.34587
3.52363
3.79731
4.2364
2.88414
2.63575
4.55398
4.39482
4.20748
4.94394
4.54655
3.73955
4.29179
3.69046
4.19785
4.16451
4.22661
2.79503
4.38038
4.5058
1.44385
2.77023
4.04633
4.44336
2.9068
4.20357
3.89139
2.6319
1.41915
2.43445
1.49086
4.50038
2.81415
3.83436
4.24951
2.51153
1.52985
1.44761
2.85628
2.58451
2.94704
4.87336
4.85933
4.10489
4.4509
4.24796
3.40829
4.17886
4.33005
4.61206
3.66217
4.4846
4.64098
4.31035
4.60954
4.42941
3.86059
4.3879
4.95492
3.82349
4.24567
4.52387
2.41
4.37051
4.31032
2.43693
2.71079
3.81344
3.66152
4.77255
4.41658
3.15607
2.40442
2.95101
4.61938
4.38735
3.96606
4.31745
4.26034
4.30424
4.31828
2.61766
2.34854
4.15615
3.84743
2.52457
2.19857
3.48602
3.72907
4.261
4.84247
4.0315
4.55928
4.04496
4.67277
4.46702
4.27073
2.98167
3.42163
4.26833
4.86323
4.28814
4.08231
4.82468
4.06273
3.16181
4.54111
4.42382
3.89809
2.60023
3.87742
4.3825
4.23665
4.35301
1.59139
4.59689
3.03876
3.85642
2.58861
1.63479
2.44947
4.27443
2.90955
3.65974
3.72747
2.49503
4.60437
2.71577
2.44654
4.17465
4.39718
4.22774
4.7411
4.42075
4.64013
2.94329
3.63296
4.47744
3.89403
4.40663
1.50954
3.76619
4.85803
4.29863
3.79096
2.88536
3.47129
4.52355
4.41967
4.23615
3.83089
4.38312
4.74109
2.62387
3.02752
4.17909
4.28534
4.84606
2.31818
4.94663
4.34201
4.5978
4.90038
4.23564
4.52795
2.48982
3.66002
3.57288
2.92726
4.23828
2.60492
3.0045
4.3416
4.63164
3.91767
4.36911
3.78085
4.14941
4.93203
2.46889
2.42267
3.72197
4.65464
4.31915
3.57004
3.10373
4.06477
4.45078
4.95032
4.39875
4.34249
4.25105
4.52892
4.17386
2.52262
4.23317
4.35605
4.05811
4.21481
2.38345
4.2344
3.67995
4.8763
2.88686
2.46551
2.41402
4.18211
2.87783
3.44469
4.99852
4.57002
4.44214
3.95891
4.43317
4.94122
4.01087
4.39751
4.33373
2.87836
3.99656
4.49204
4.70681
3.11795
4.30187
4.70475
3.67088
3.87396
4.38188
4.60026
4.25133
4.94192
3.74684
2.85171
3.07659
4.29651
4.45235
4.65628
4.65255
3.75419
4.5378
3.65351
4.27808
4.96692
4.56425
3.90749
2.58488
2.50935
3.03425
2.61334
2.98791
3.47146
4.4704
3.81044
4.88789
4.29202
3.71039
4.55083
4.6925
3.24477
3.53927
4.6466
4.53969
4.98014
4.35881
4.33412
4.98783
4.50942
4.9979
4.63247
4.31951
3.65204
4.23318
4.27308
3.9204
4.77878
2.35547
4.21844
4.2131
2.68939
4.60255
1.53823
3.75409
2.90257
2.89459
4.26003
2.86993
2.58044
4.62686
4.14296
2.94465
4.53428
3.44723
2.37014
2.46249
3.69835
4.0439
1.34331
4.67555
4.40955
3.00878
4.62273
3.96602
3.75263
4.279
4.53564
2.39784
1.5263
2.5018
1.43676
2.42533
3.42325
4.1696
2.92614
2.41273
3.77941
4.36495
4.30295
4.8282
4.129
4.87635
3.59447
2.78532
2.95196
3.60833
4.21742
4.58617
3.62503
4.77848
4.72475
4.31303
3.99879
4.89275
4.45412
4.66265
4.36116
3.78729
4.93766
3.92667
4.45292
2.97854
4.6249
4.44838
4.01765
4.44391
3.55864
4.33172
4.43011
2.88025
4.64494
3.8701
4.80109
2.9369
2.48116
1.51453
2.51954
4.32503
3.67534
4.04112
2.63977
4.58663
4.57979
4.34347
4.32631
2.95465
3.76754
4.23841
2.49643
4.98301
4.08847
3.84826
4.39478
4.25357
4.0772
1.46261
4.38543
2.79797
3.75979
2.98876
1.61182
3.10888
2.42855
2.70558
4.44986
3.40631
4.05446
4.2477
2.90973
2.48495
4.37831
4.50932
4.25791
4.3133
4.93974
3.69927
3.93364
4.52541
4.45841
4.75923
4.18145
3.3805
2.7283
4.29413
4.46797
4.72361
2.97531
4.95159
3.83383
4.26826
4.07009
4.83792
3.69239
1.58322
2.49456
3.85654
4.58265
3.57966
2.95438
4.19577
2.47631
4.20605
2.94868
3.75334
4.62487
4.9366
4.30883
3.71218
4.29138
2.49698
2.61187
4.22909
3.85838
3.1402
3.7602
4.61933
4.1907
4.46323
4.99222
4.27532
4.32531
3.85413
4.15588
4.57004
3.77294
2.92614
2.38272
4.38257
2.41277
4.32424
4.66751
4.36885
2.97694
3.9678
3.36915
4.3452
2.60387
4.1981
4.34472
4.64431
4.39879
4.469
2.56509
4.25554
3.74
4.93485
4.31411
2.92246
4.34357
4.71219
3.61146
2.95013
2.45176
4.21861
4.40281
4.79719
4.55603
4.22074
4.70196
4.47536
4.96214
3.85558
3.91743
2.99395
1.6756
4.61907
2.46155
2.70957
4.53506
4.26139
3.12316
3.52726
3.76529
4.29646
4.96328
4.58817
4.32674
4.28402
4.28838
2.5484
4.80839
2.87955
4.29151
4.8962
4.44964
3.95912
3.89446
2.8227
3.8592
4.48519
4.79863
4.6511
4.50004
4.27936
2.50235
2.58629
2.77508
3.19151
1.66648
4.4339
3.80324
4.21103
4.31117
4.3133
3.82798
4.43016
3.03477
4.57224
4.3766
1.53154
2.75732
4.38086
4.67862
2.30881
4.19884
3.7324
4.74303
2.84553
1.60498
2.92155
2.92339
2.65144
1.58419
4.26088
4.16597
4.59174
4.89752
3.76857
4.29255
4.1523
3.75752
4.90238
4.42462
4.89372
2.31173
4.16371
4.06569
2.42971
2.49431
2.42569
3.76477
3.04291
4.41872
4.48019
3.3346
2.6641
3.81605
4.1531
4.41802
4.87623
4.84936
4.29266
4.41309
4.28462
4.26867
3.59006
4.69438
4.51546
4.50898
4.79136
3.39569
4.33465
4.38586
4.30079
4.31678
4.90048
4.97152
4.84052
2.45596
2.55323
3.13893
2.63692
4.45386
3.71005
4.13762
4.88238
4.18752
2.69826
4.72579
4.40597
3.87199
3.92789
2.98601
4.94734
4.52658
4.53457
3.35941
4.37947
4.71796
4.71099
4.34969
3.80037
4.95218
4.30668
2.86473
4.54337
4.5894
3.80804
4.08259
4.94193
4.74115
4.53517
3.00402
3.63097
4.50924
4.35416
3.9018
4.59975
2.29205
1.67536
2.52072
3.86903
4.47339
4.95661
4.99576
4.8513
4.41853
4.96763
3.84616
2.7334
4.04942
3.61851
4.61594
4.57025
4.64955
3.8309
4.33578
3.9952
4.40801
4.44551
3.15397
2.61168
4.48196
4.37973
4.15684
4.46202
4.72938
4.15175
2.70454
4.47804
3.75938
1.5121
2.96883
4.20536
4.62321
4.99477
3.00362
4.42889
3.91393
2.61248
1.31261
2.41058
3.57551
4.35746
3.05636
2.65545
4.67379
4.73963
4.37028
3.74228
2.98556
3.99345
4.52279
4.61621
4.31349
2.91142
2.48005
4.3815
4.38427
4.74444
2.96633
4.39366
4.69338
4.40399
2.5798
4.29519
3.02895
2.84801
3.80616
4.6157
1.58596
4.44127
3.87813
2.40283
2.41507
4.47254
3.63971
3.65336
4.27681
4.52484
4.21635
4.74915
4.40362
3.18789
4.40686
4.28757
4.90542
2.54183
2.89881
2.94228
3.6179
4.68615
3.90048
4.27953
1.6074
2.57708
4.20977
3.50954
3.83066
2.45899
4.57422
4.89857
4.93179
4.1316
3.93125
3.79151
4.42269
4.36672
4.36423
1.60027
4.40065
4.60159
3.72949
2.66119
2.97039
2.90043
2.48204
4.28081
4.83961
4.46373
4.27459
1.60415
4.20957
4.28129
2.30221
4.46556
4.32859
2.95901
3.57358
4.42112
4.81187
4.99498
4.4345
4.8841
2.4928
4.41401
2.32589
4.03618
4.26367
3.71999
3.04676
3.52064
4.60601
4.1626
4.12903
4.27139
4.45633
2.46875
2.86335
4.52745
4.92772
3.66534
4.32112
2.41313
4.40331
4.43725
4.96037
3.92874
2.48012
3.92685
4.62839
3.61052
3.16068
4.10312
4.23396
4.12595
3.74314
4.38353
2.54331
4.5179
4.38197
4.59578
4.88402
4.43629
3.78326
2.70156
4.4282
4.12207
4.22853
3.75504
2.43458
3.97443
4.86701
4.03949
4.71138
4.49824
4.45205
4.29426
4.83392
3.00879
4.62392
3.66089
1.45543
2.93593
1.34789
4.40306
4.55485
2.62058
4.33605
4.05086
4.9667
2.78261
2.29441
2.48957
4.41217
4.3534
2.77281
3.43066
3.89441
4.32857
4.88306
4.56982
3.77068
2.99373
4.43567
4.71938
3.75405
4.60552
4.99036
4.30268
4.18964
3.87658
2.88963
4.65676
4.74594
3.79278
4.23851
2.32766
2.53188
3.83466
3.37902
1.53452
4.27616
3.70329
2.5782
3.78174
2.51819
2.73963
2.97789
4.29439
4.58031
2.57157
2.70244
2.3722
2.64278
2.92628
2.70988
4.19605
2.92131
4.31151
2.53012
1.68154
3.82276
4.33007
3.97729
3.8273
3.50442
4.956
4.15828
4.50072
3.40186
4.45511
4.27452
4.78903
4.44501
4.75792
4.42362
4.98411
4.72461
4.11332
4.37338
4.60444
4.33249
3.68756
3.4792
4.35353
4.95218
4.56781
4.41082
4.2673
4.57054
4.37532
4.91334
3.4421
1.66597
4.13506
1.46209
3.62016
2.97799
2.46889
2.85588
2.49938
2.71472
4.41288
4.86297
4.2841
3.56842
3.32336
4.96672
2.90341
4.30127
4.81806
3.72065
4.91531
4.23509
3.84006
2.47953
3.47736
4.83217
4.64101
4.56024
2.97124
2.63925
3.94051
4.15904
4.40625
4.60705
4.20745
3.78046
2.87865
4.35781
4.51723
2.41934
3.90816
4.38412
4.25518
4.72455
4.31697
4.52471
2.44428
3.54778
4.62935
4.29234
3.03322
4.02351
4.39061
2.70584
4.90126
4.57918
4.37862
2.58686
4.46454
3.82491
4.31864
4.43736
4.68787
4.16285
2.87173
4.92993
3.72747
4.4773
2.5628
1.52266
1.46116
3.43658
2.90274
2.51581
2.83653
4.90381
3.73891
4.58252
4.33237
2.92544
4.60979
3.98292
2.3345
4.7757
3.15788
4.41074
3.74063
4.40066
4.06661
4.30229
2.98317
4.90936
2.58071
3.83142
4.42017
2.5974
3.91093
4.59731
4.38984
3.03128
4.33103
4.75573
4.27391
4.24136
4.52284
4.09529
2.49977
3.55915
4.4004
2.49045
2.96644
4.57354
4.39569
3.78993
4.87532
4.3376
3.81946
2.66009
4.422
4.32369
4.29449
4.68038
4.53467
2.53056
3.09965
2.7517
2.86477
2.35192
3.05262
3.52853
4.24444
4.43198
3.46067
4.2341
4.82267
3.10436
2.87909
3.55383
4.20696
2.62002
3.99216
4.43625
1.69658
2.59359
3.84362
4.82032
4.4852
4.88114
4.23245
4.7927
4.9365
4.8769
4.19993
2.34591
4.48135
4.06052
2.82992
4.2468
4.43001
4.33739
4.34307
4.41662
3.73424
4.02997
3.99665
4.79428
2.76241
2.69205
4.44945
3.31674
3.70354
2.37041
3.8974
2.50374
3.7028
4.27116
1.52633
4.93799
4.79135
4.24314
4.55957
4.67143
4.31715
1.43269
3.6921
4.90816
3.00967
2.32597
4.47408
4.21612
2.72347
4.0215
2.98107
2.74909
2.34557
2.61756
2.56549
2.99952
2.26257
3.53013
3.63948
2.48001
3.72305
2.42212
1.37352
4.22471
4.12373
3.82408
3.71483
2.48846
1.47915
3.74112
2.37896
2.79226
4.41717
2.52235
2.92387
2.99678
4.97535
3.60453
4.20072
4.4603
4.73349
3.5383
4.79147
4.61209
3.99512
4.26151
4.44092
4.95595
4.46248
4.97098
4.55473
4.39888
4.39624
4.52497
4.35659
4.80403
4.96919
3.50524
4.15049
3.5931
4.32606
4.3689
4.1685
4.99162
4.58496
4.40304
4.91021
4.9251
4.94491
4.91037
2.88576
2.3234
1.69772
2.47365
1.44755
2.18815
3.4061
3.70236
4.17862
2.95271
2.1953
2.92748
3.92823
2.62586
3.41999
3.7539
2.4668
4.1382
2.9639
2.60697
4.92683
4.56199
4.39294
4.31952
4.62939
4.49553
2.76978
4.30543
4.90489
3.94015
3.29604
2.80063
4.22795
4.23258
4.94804
3.85636
4.20882
4.9458
4.96373
4.20746
3.77435
4.48031
4.75594
4.59431
3.0128
4.54122
4.46381
3.84658
3.60503
4.39467
4.64575
3.08244
4.98172
4.34912
4.01832
3.80074
4.56085
4.82417
1.47149
2.56253
1.73087
2.3679
3.66091
4.99443
3.35172
4.39275
4.27502
2.75971
4.96561
3.92574
3.391
2.75979
4.4384
4.21194
4.55367
4.85323
4.29723
4.76228
2.57003
3.58404
3.64116
4.60577
2.25963
2.95099
4.11067
4.86924
4.30113
3.75407
4.7006
4.24509
2.94131
4.90356
3.84453
4.31111
2.66724
4.54303
4.18433
4.3968
3.94671
4.39389
4.36067
4.46439
2.53884
3.95484
3.78038
3.1346
4.39268
4.835
2.7245
3.98135
4.45619
4.40534
2.57617
4.61815
4.98417
4.40238
4.49237
2.92721
2.52208
1.32952
2.31837
3.99505
2.6445
3.30202
3.69297
2.22426
4.29427
4.3265
3.26566
4.35927
4.16546
4.85731
4.65103
4.87771
2.93425
3.70217
4.48417
4.49015
1.74273
2.32426
3.18929
3.7118
1.54081
2.64933
2.81038
4.30351
4.27884
3.80717
4.96095
2.92628
2.49708
4.2791
4.98374
4.01678
4.46203
4.68964
4.60745
4.31503
3.78107
4.38745
4.79861
3.73619
3.14289
3.98263
4.506
3.1635
4.36491
4.67606
4.10533
1.44364
2.60471
3.76893
4.70964
4.46816
3.77495
2.89394
2.43166
4.41279
1.4423
2.84765
2.37067
1.56032
2.62181
2.60435
3.18609
4.43381
4.82256
3.88092
4.3603
4.30061
3.35561
4.34637
4.5507
4.60478
4.4541
4.52595
3.369
4.53642
3.70292
4.84956
4.3893
4.33705
4.79983
4.19564
4.44887
4.10926
3.76125
4.28091
2.42537
4.07491
2.38043
2.75926
4.36337
3.81199
3.34107
4.59174
2.48953
4.10593
4.41132
3.57913
4.11687
2.7236
2.4484
4.17857
4.08199
4.94067
4.20517
4.20026
4.76642
2.89524
4.12852
4.63633
4.70317
3.44818
3.76416
2.45346
4.24179
2.90365
2.46411
3.38621
3.87055
4.43418
4.47174
4.50746
4.90551
4.08459
4.06713
4.6431
2.62113
3.45269
4.99142
4.99219
4.3189
4.66002
2.48965
4.32032
3.82525
4.9839
3.15981
4.1006
4.83404
4.44907
4.29679
4.31374
4.32532
3.7673
4.26103
4.33891
4.55246
4.87581
2.86519
3.59681
4.49226
4.55612
4.15706
1.52682
2.32982
3.05263
2.48563
2.79627
3.60523
1.47018
4.39298
4.19986
4.11796
3.83214
2.50884
4.90395
2.98
4.49845
3.66092
2.80818
4.14151
3.64435
4.71727
4.55558
1.42743
2.82574
2.37141
2.86875
2.5467
1.33577
4.23731
4.38652
3.86744
4.3925
4.13367
2.80248
4.94679
3.46563
2.9514
4.28068
3.92549
4.57744
2.47716
4.08176
4.15955
2.62574
2.71404
4.37721
4.61214
2.42292
3.77952
3.28688
4.45227
3.90963
4.26229
2.6321
2.91846
4.91706
4.31129
4.33156
4.32274
3.4717
4.63565
4.23344
4.58362
4.62395
4.4144
3.64952
4.92271
4.50097
4.32095
4.38181
4.97999
4.33355
2.32727
2.78904
2.52415
2.85361
2.28209
4.90879
4.58515
4.81327
4.07626
4.37577
3.37229
4.36153
4.73514
4.54988
1.43499
3.61812
2.85548
4.98104
3.0623
2.36211
4.65475
4.42372
2.93483
4.23608
2.77443
3.47309
2.76265
3.92027
4.5158
1.81646
2.61045
4.03728
4.47176
4.93416
4.77826
4.79079
3.78267
4.99824
4.70788
4.6062
2.93026
3.70204
4.23577
4.56083
4.89896
3.24499
4.4792
4.06084
4.04108
4.75904
4.66824
2.74498
2.35763
1.51965
2.38643
3.20725
4.8815
4.31312
3.87536
2.47797
3.70849
3.92542
2.68036
4.49985
4.9067
3.55963
4.07194
4.45159
4.65609
4.78437
3.37197
4.96431
2.8122
4.11267
4.8156
4.66025
4.29427
2.9825
4.40615
4.30182
3.98519
2.70228
4.32575
4.06984
4.60836
4.43636
4.57149
4.76133
4.43882
1.58851
4.66907
2.92161
3.00798
1.4726
2.44195
3.54124
3.83392
4.22457
3.05519
2.43764
4.43479
3.87071
3.09494
2.58834
4.79976
4.50032
4.5334
4.85499
2.93691
3.79776
4.40835
4.99269
3.6991
4.23683
1.41685
2.53461
1.75393
4.96533
3.84936
4.31017
3.78714
3.69118
3.09695
4.80068
4.08256
4.60175
2.34641
4.13389
4.95777
4.09627
3.93996
4.88113
3.61792
3.35681
4.33214
2.37042
2.7376
4.28266
2.7354
2.99802
4.73437
4.40092
3.94086
4.49524
3.92107
4.432
4.1516
4.30628
4.73302
4.1411
4.8755
2.58805
2.35276
3.74837
3.43033
4.45369
4.29702
2.75409
4.39432
4.49159
4.23288
2.47019
4.09893
4.90443
4.23738
3.87848
2.94987
2.63254
4.94106
4.25443
4.67694
3.68519
4.27178
3.66285
3.52031
2.77704
3.97257
4.93164
4.47537
3.53529
4.01871
2.33865
2.79048
3.36673
1.42696
2.36433
3.12057
2.60784
4.51491
4.63622
4.38511
4.64633
4.44754
4.37902
4.66208
3.69306
4.26167
4.42943
3.87176
4.47575
4.47942
3.69956
3.86652
3.01229
1.47309
2.52474
4.34963
2.95561
3.51905
3.92407
2.43107
4.49676
4.69571
4.30223
4.49831
2.91365
4.68247
1.64034
2.80689
4.07339
4.51185
4.45516
3.85746
4.87368
2.97976
2.64033
1.54785
4.32131
2.48561
4.68871
3.7308
4.291
3.01537
2.49985
1.43945
2.85046
2.51427
1.60466
3.04162
4.3624
4.37618
4.89116
3.7085
4.21708
4.42569
4.96803
4.7601
4.57039
4.65967
3.62938
4.58544
4.47601
4.63367
4.9637
4.29004
4.86751
3.89067
4.23695
3.75142
4.35775
4.56248
2.38823
4.1829
2.52851
2.47137
3.79423
4.41178
4.24215
3.4306
2.76379
4.09907
2.38472
2.73889
4.36678
4.56147
3.85056
4.33096
4.28248
4.92414
4.40567
4.38367
4.87111
4.29935
3.70457
4.14177
3.989
3.6453
2.32424
4.65108
2.7237
2.29454
4.19049
2.99408
2.66276
3.5479
4.54478
4.91059
4.70128
3.61623
4.93617
3.09121
3.96751
3.61759
4.86693
4.31469
4.34118
4.65248
3.06759
3.56757
4.24727
4.60484
4.73371
4.4359
3.74134
3.13211
2.97454
4.38996
4.47112
4.68584
4.63883
3.50795
4.55153
3.80633
4.22463
4.70129
4.09208
3.47281
1.52339
1.4891
3.49943
2.95887
2.77677
2.57268
3.02876
4.48226
4.96038
3.74075
2.50013
4.29439
2.48086
4.43536
3.76819
3.105
4.88586
3.89707
4.60435
4.07491
4.08483
4.40292
4.90326
4.17377
4.12715
3.97164
2.94467
4.53661
2.47341
4.41384
4.30413
3.72219
4.17726
2.48146
4.85454
4.34613
3.81892
4.36428
4.34201
3.60235
4.66669
2.9894
4.95967
3.76683
2.6103
2.63274
4.26333
4.52298
4.84184
4.7407
4.39484
4.57518
2.65028
4.76002
3.80376
4.87146
2.36153
1.47539
1.3093
3.31782
2.8693
2.67775
2.3576
4.07525
4.02737
2.36714
4.8651
3.65589
4.39998
4.29
2.83889
4.36442
4.71581
3.77659
4.99037
4.73655
4.52736
4.38016
4.13125
2.76946
4.11389
4.57903
3.02156
4.32283
4.33022
4.43238
4.69625
2.8366
4.35796
4.48531
4.37552
4.60239
3.50026
2.28227
2.94141
4.55113
4.93438
3.79959
2.52802
4.14578
4.18796
4.96277
4.13829
3.75136
2.43926
2.84705
2.50734
2.24488
2.99017
3.70693
4.21891
3.827
4.48878
2.79304
4.64736
3.52967
4.2376
4.46477
4.48568
4.31132
4.2614
4.12018
3.72763
4.258
3.80719
4.94643
4.27889
4.44289
4.91064
4.43943
2.5057
4.20181
2.94045
4.47112
4.06521
4.9974
4.42583
1.60111
3.73326
4.95607
2.93204
2.47943
4.75196
4.38403
2.9276
4.48684
2.98912
2.86056
4.63703
3.52882
2.35948
3.75059
2.3843
4.24993
1.58255
2.84255
3.67914
3.91111
4.52675
4.93788
4.3587
4.49555
2.92503
2.51275
2.4212
1.51414
2.42539
3.33992
3.76792
4.26031
2.35273
1.56559
2.95501
1.59414
3.01107
4.79815
3.11624
4.15868
2.7537
3.85739
4.00854
2.66873
4.57974
3.3079
2.76147
4.65476
4.47494
4.47259
4.30183
3.74758
4.2558
4.49272
3.8108
4.61398
4.91334
4.66493
4.34358
3.5917
4.2283
3.01572
4.61247
3.0956
3.83862
4.80979
4.53764
4.02508
1.42921
1.50317
2.40098
3.81476
3.46488
4.54598
2.83397
4.33903
2.46676
2.42172
4.38926
4.89674
3.88034
3.52233
2.90545
4.66551
4.53736
4.75417
4.99929
4.22922
3.76493
4.36307
4.26483
4.62404
3.01867
4.79414
3.81587
2.49025
4.31638
4.38739
4.50436
4.36244
4.322
2.51647
4.44978
4.22206
4.26194
4.94536
3.71368
3.46033
2.83147
4.53417
2.5024
4.27262
2.43843
4.41813
3.99243
4.36728
2.34456
1.586
2.60729
4.28685
2.96346
3.62698
2.55585
3.96667
2.96693
2.85867
4.07444
4.42387
4.62547
4.57906
3.5756
4.26283
4.90019
4.61985
4.17311
4.52186
4.31484
4.86226
3.71753
3.87484
4.64417
2.88271
4.22632
4.9396
4.49054
3.83829
4.52621
4.21654
4.47091
3.42412
2.99405
4.60622
3.71361
2.75923
4.20346
4.4464
3.2924
3.74023
2.82667
1.43773
4.53725
3.75715
2.51142
4.37363
2.99497
2.4486
4.80615
3.72133
4.01725
4.40452
4.28081
4.69936
4.42196
2.71105
4.35694
2.98893
4.16183
4.86172
4.37295
4.66177
4.05852
4.62879
4.50235
4.33545
4.02454
4.14462
3.73251
2.92598
4.10948
3.73831
4.42797
3.78987
4.72361
4.30266
2.36182
2.9037
2.33099
3.56982
1.40541
2.81839
4.86024
1.61468
3.10114
4.38393
4.41433
4.35081
4.05415
2.76552
3.03685
1.58366
2.8029
2.38849
2.9096
1.41803
2.60588
2.43386
2.39412
2.62962
4.33706
4.62214
3.96257
4.69235
4.2916
2.94416
3.78971
3.16272
4.27862
3.9065
4.58453
4.87184
4.89078
4.38697
4.41542
4.32396
4.96309
4.34564
3.35455
4.4711
4.56652
4.50124
4.59608
3.61969
4.38204
4.42239
4.20919
4.16491
4.9254
2.32477
2.81718
2.43427
2.47112
3.00272
3.83413
3.78891
3.04296
4.48909
4.86898
4.38211
4.83594
3.71928
4.36981
4.64973
4.54563
4.33147
4.79881
3.86361
4.27583
2.90564
4.75565
3.78826
3.76414
4.89759
4.43022
4.10848
4.33755
2.66751
3.30767
4.25578
4.78548
3.85192
4.45723
4.88888
2.81853
2.44919
2.41118
2.88507
3.75698
4.36873
1.54498
3.16035
4.97891
4.2785
3.93069
2.50375
3.46738
3.77384
2.6348
4.42404
4.27524
4.52116
4.47838
4.42132
4.2997
4.98528
3.16886
4.44792
4.31274
2.61991
4.548
3.92771
4.26125
4.06256
4.48038
4.37882
4.40072
3.11102
3.93415
4.69422
4.9789
3.91161
4.37822
2.98748
1.44255
2.5557
3.62566
3.9105
4.34608
2.63054
4.57713
1.65608
4.52419
2.96804
2.96688
4.45546
3.97106
2.95212
2.56957
4.72913
4.40388
4.46262
1.50755
1.65634
4.35127
2.52527
4.17167
2.59148
4.92671
3.83526
4.46004
3.93885
3.49329
2.88728
4.52192
4.28902
4.51555
4.4264
4.61381
2.48558
2.92639
4.52565
4.93488
3.83286
4.36519
4.37996
4.40612
3.6987
4.30125
2.59249
4.38885
4.96481
4.26379
3.8038
4.87856
2.41262
3.74598
3.62389
4.6199
2.94144
4.2585
2.38854
4.23276
4.18904
4.42807
2.63828
4.65636
3.8777
3.05588
4.43943
4.51261
3.503
4.75663
4.39501
4.00674
4.43674
4.35407
3.83033
4.26344
4.47739
2.73989
2.36855
4.14084
4.88448
4.18773
4.74589
4.91014
4.31778
4.52089
4.11401
2.91694
4.52072
1.60189
3.06203
4.37362
4.48996
4.20919
3.8201
4.92124
2.84668
2.461
3.69162
1.45716
2.3763
4.1593
2.92981
3.50244
2.43401
4.4462
3.79951
2.80888
3.73443
4.70494
4.44733
4.19484
4.94733
2.86452
1.48227
2.65665
1.63007
4.26415
3.97851
4.18975
4.41805
4.13919
3.70614
2.38767
4.83838
2.99988
2.54493
4.17302
2.90624
2.58802
4.37756
3.44017
3.96341
4.46592
4.73758
4.29516
4.72356
4.085
2.90998
4.34941
4.79137
3.70509
4.4803
3.85545
2.96785
4.29691
4.58093
3.77794
4.23472
3.56351
2.48869
2.58877
3.64063
2.56551
2.80452
3.028
3.20106
4.41126
3.04952
4.67554
4.69838
2.7679
1.75026
3.93113
4.38908
4.08949
4.32903
3.96615
4.36617
4.61828
4.14681
4.81322
4.94015
4.44114
4.4173
4.07981
4.97855
4.22654
4.59703
4.34571
3.65538
3.61983
4.89189
4.99552
4.40586
4.61553
4.34935
2.35215
2.54116
4.96642
4.00774
4.46066
3.75445
3.4315
3.65506
2.40302
1.45812
4.32509
3.73973
2.61214
3.02665
4.49076
2.53705
2.96475
4.20744
2.90147
4.41411
4.54362
4.26021
4.84821
4.50391
4.52678
4.94291
4.187
4.97801
4.25234
4.68627
4.21209
4.99102
4.8939
3.49746
3.29235
4.98483
4.25927
4.49573
4.23136
3.48203
4.46724
2.49229
4.50751
1.67945
4.45519
3.0905
2.55903
1.52296
3.85157
3.12063
2.72629
3.05723
4.29379
4.60664
4.96312
3.89051
3.91139
4.2594
4.5163
4.18476
4.98467
4.66846
4.3581
3.76865
4.26519
4.29309
4.29329
4.92166
4.36964
2.9088
4.1931
3.65347
4.56727
2.4294
2.55569
2.40753
3.66642
4.48237
4.14317
4.70109
4.72486
3.85754
4.40812
3.06979
2.63148
4.18909
4.11045
2.56101
4.61533
4.11807
3.71703
4.28913
2.97217
2.53925
1.50736
2.65675
2.35697
1.58525
3.20448
2.78024
4.29465
4.67183
4.54527
3.87114
4.96661
4.2727
3.71022
4.37865
4.55653
4.57913
4.55893
4.35367
2.49408
3.93095
4.59531
4.40423
3.04106
2.45817
2.4951
3.41746
4.03119
4.31046
4.14345
2.30883
2.73908
4.35031
4.52489
4.92251
3.88506
2.44613
2.35635
3.95079
3.66359
1.67462
4.42406
3.94174
2.76693
3.90542
2.36379
2.80725
2.98661
4.257
4.65678
2.50197
2.93816
4.38015
4.59849
4.21473
4.89277
4.90941
4.35631
4.84401
4.39935
4.82794
4.92134
4.12225
4.52352
4.46893
3.59272
3.62655
4.99777
4.31469
4.48088
4.41173
3.526
1.55136
4.14567
1.51839
3.26168
2.67617
2.5208
2.72808
2.23407
2.81434
4.46739
4.6736
4.07626
3.56834
3.98784
4.3292
4.85166
4.42416
4.69809
4.56436
4.38623
4.99559
4.00871
3.1158
4.3587
4.38553
2.71717
4.9597
4.47339
4.22485
4.01215
4.30653
2.7734
4.09097
4.38128
2.54553
3.39885
4.71237
4.30666
2.73732
4.8119
3.70716
4.21006
4.91991
2.37563
4.77486
4.28763
3.0093
4.05526
4.51909
2.55418
1.55936
1.43345
3.50418
3.15433
2.25226
2.91758
4.14735
4.41054
4.91929
4.67331
3.99723
4.29972
4.41853
4.04105
2.5593
3.94359
4.66676
4.32879
3.01454
4.76269
3.91729
3.58668
4.43314
4.78108
2.66822
4.45867
4.30008
2.22129
3.6687
4.23185
2.52823
2.92821
4.59415
4.18977
3.89657
4.69253
2.65331
2.86497
2.4501
3.11409
2.51928
3.03346
3.67623
4.33711
4.42555
4.31487
4.36305
4.29753
4.18712
3.74559
4.69435
3.8213
4.23471
4.47615
4.93582
4.22054
2.39388
4.49163
3.95538
2.86854
4.67357
4.84311
4.2852
4.55206
3.94298
2.5348
4.41124
4.1519
4.23612
2.86779
4.36583
1.58798
2.79722
2.92156
4.91593
2.91575
2.59042
4.54613
3.51735
4.02187
2.29864
3.74527
2.41018
3.77421
4.04186
1.4174
2.75826
2.63381
2.99372
2.59667
3.00806
2.39492
3.80015
3.76992
2.30815
3.64211
2.5047
1.46736
4.25198
4.43246
4.49176
4.78488
4.09322
4.92024
4.98074
4.61521
4.27925
4.91393
4.16971
4.80546
4.95596
4.62856
4.73662
4.96421
3.38607
4.14122
3.78352
4.67004
4.51538
2.78217
2.42938
1.61211
2.35651
1.2766
2.50709
3.51758
3.58901
4.26926
2.77043
2.26586
4.47172
4.63962
4.79731
4.96054
4.54076
4.11278
4.9206
4.96626
4.26808
3.83955
4.13914
4.44063
4.63971
3.06576
4.50554
4.48261
3.85373
3.41778
4.2451
4.50785
2.97233
1.47988
2.5226
1.51168
2.56279
3.93924
3.55926
4.59275
4.36409
2.98062
4.48663
4.52181
3.7919
4.245
4.11091
4.18331
4.63212
4.33852
2.82386
4.77767
3.51308
4.25632
2.37416
3.87335
4.39642
4.46695
4.7206
4.9693
4.16168
4.26931
2.33814
4.225
4.32936
4.71232
2.73227
3.70391
3.35821
2.81556
4.29773
4.29807
2.50701
3.04556
2.45478
1.75084
2.67562
4.35769
2.98194
3.63443
3.85629
2.56829
4.26839
4.48783
4.19004
4.65569
3.70584
4.83316
4.97277
4.1964
4.96066
4.74821
3.72058
3.80816
4.56397
2.69493
4.51375
4.56776
4.87437
4.60025
4.03951
4.11172
4.4147
3.42836
2.87609
1.453
2.52212
4.03718
4.7672
4.31817
3.66471
2.98248
4.93637
4.22387
4.83222
4.20057
3.95739
4.40502
3.64718
4.69879
4.1105
4.83707
4.65307
4.23711
4.22718
4.45753
3.95758
3.74262
4.19055
2.80116
4.7813
2.42376
4.59483
4.30427
2.62322
4.26724
2.41501
2.84809
4.12228
3.7677
3.3911
4.24298
2.63229
2.86177
4.35877
4.50374
4.56022
3.47649
4.21734
4.22469
4.15864
3.99227
4.46105
4.38108
4.54732
4.45646
4.56449
2.44426
4.02733
3.75725
4.83417
2.83524
4.41899
4.85081
4.72323
4.55747
4.27938
4.45047
4.3241
3.88109
2.52462
2.94944
4.40601
4.9662
4.54819
3.93592
2.93693
3.87236
2.96983
3.72376
4.56127
4.62504
4.31267
1.73204
2.44412
2.83484
2.45647
2.93762
3.30192
1.67324
1.64153
2.83861
2.45344
3.05055
2.27387
1.41287
4.98942
4.92242
4.93229
4.65927
4.92251
4.4186
4.50458
4.36518
4.30518
4.23257
4.25571
4.23499
3.48579
4.49686
4.44086
4.36744
4.59548
4.75773
3.56504
2.29601
2.85837
2.62294
2.65785
2.43654
4.75273
4.31924
4.88265
3.84029
4.97566
4.3402
4.86642
4.77801
3.79987
4.41792
2.92003
4.79643
3.86317
4.45169
3.5955
4.61145
4.47191
2.80991
3.36772
4.39116
4.65569
2.75191
2.43651
1.42653
2.45421
4.18126
4.0538
4.51399
4.51563
4.42245
4.28916
4.65309
4.62324
4.33494
4.13216
4.90992
3.12408
4.47078
4.43153
4.14902
2.77871
4.45371
3.90816
2.77918
2.49545
4.97248
4.47723
4.1915
4.15642
4.40885
4.97851
4.23375
2.82488
3.73433
3.62939
1.554
4.51288
3.0976
2.85731
1.44362
2.30952
3.63206
3.77098
4.12499
2.91775
2.53303
4.44462
1.40543
2.33032
1.46725
4.34287
3.79516
4.27938
4.5337
4.36822
4.39642
4.32201
2.54876
2.84778
4.64638
4.3265
4.05478
4.1336
4.52713
4.85586
4.23729
4.99046
3.86495
4.21123
2.4408
4.18635
4.20688
2.44919
2.35496
3.61759
3.62962
4.55531
4.38434
3.14154
2.79055
2.47386
4.10631
3.63244
4.28227
4.23033
4.09101
4.46492
4.44301
3.76837
4.9827
2.73372
2.2641
4.23908
4.76982
4.40399
4.26047
4.88447
4.51708
4.66694
4.39731
4.29961
4.85285
4.71156
2.95914
4.41216
4.39054
3.81001
4.9533
2.55055
2.99788
1.44285
4.65221
2.85549
3.78645
3.99394
2.76553
1.47947
2.40814
4.47567
2.94865
3.49245
3.92304
2.6296
4.54098
1.4828
4.41416
3.81447
4.48136
4.71171
4.1337
4.40609
4.89527
4.36449
4.0505
4.24239
4.35037
4.36141
2.40046
2.93564
4.2494
4.47523
3.71628
4.13974
4.17051
4.73467
2.52386
4.41818
2.50256
2.34979
3.57622
4.663
4.2696
3.52397
3.03771
4.63106
4.2907
3.80541
4.21716
3.69739
4.32723
4.792
4.55107
3.78369
3.86848
2.93149
2.86745
4.15987
4.72742
4.65524
4.65052
3.76299
4.6139
2.24123
3.67546
3.69936
3.68247
2.40601
3.73771
2.33917
1.33717
4.05235
2.45702
2.83559
2.99344
4.45383
2.62772
2.98055
4.39055
2.60308
2.78923
4.45645
2.75303
2.92365
3.06489
4.24665
2.49411
1.74562
3.99613
3.91064
4.08694
4.47364
3.68724
4.34208
4.40573
3.52927
4.92568
4.12417
4.45139
4.73792
4.28781
3.84383
4.98361
4.44495
3.26534
4.80502
3.9366
4.28062
4.4463
4.80298
4.29845
4.87486
4.73953
1.5731
4.44757
2.97515
2.28141
2.80743
2.4198
1.43868
3.49008
3.35245
2.6628
3.77749
4.9823
4.30789
4.35285
4.90296
3.66651
2.98521
4.39605
3.84053
4.67603
4.90825
4.73206
3.82078
2.46203
3.30596
4.50969
4.25103
3.80377
4.18266
2.37716
2.87116
4.906
4.63122
4.99171
4.50499
4.0758
2.54722
3.61811
4.64036
4.28982
2.33482
3.74529
4.32162
2.90425
4.86356
4.53093
4.78922
2.50545
4.92411
4.02598
4.21198
4.34986
3.8831
4.7924
2.60679
2.81342
2.43387
2.89639
2.52698
3.08124
4.53053
3.38213
4.35029
4.68524
3.59688
4.3909
4.44097
2.95288
2.64273
3.44824
3.88118
2.45476
3.71203
4.12032
1.40943
2.44882
3.76949
4.93549
4.79113
4.28126
4.38561
4.54138
2.94595
2.93462
3.50641
3.83558
4.29771
1.40906
2.37809
3.84536
2.47149
3.71628
4.97593
4.80026
4.54949
4.47592
4.9911
4.51214
1.47225
3.7069
4.70883
2.66219
4.33562
2.7552
4.11952
2.90881
2.4131
4.5234
2.9572
2.69446
3.12532
2.63496
3.15518
2.31596
4.36741
4.0151
1.54566
3.74472
2.66557
3.88843
2.49151
4.45818
4.00378
3.80568
2.60939
1.62682
3.98186
2.4475
4.34978
2.98893
3.0085
2.99009
4.62723
2.5334
3.45348
4.3009
4.24598
3.66555
4.57557
4.49385
4.85036
4.99523
4.36287
3.42588
4.46823
3.55551
4.70342
4.40702
4.37368
4.38268
4.66953
4.91439
4.92653
4.82344
2.77881
2.45039
1.47371
2.50555
1.54883
4.21133
3.4013
4.61424
4.48306
3.82626
2.55134
3.46758
3.75418
2.43713
4.35676
2.75913
4.23394
4.96614
4.59536
4.70808
3.88735
3.55583
2.91507
4.27727
4.56526
4.66593
4.51822
2.93925
3.97713
4.34232
1.46051
3.47974
1.62545
2.4729
2.8794
2.65072
2.83799
4.76574
4.31758
4.85369
3.03297
2.65164
4.31576
3.88535
4.54361
3.92269
2.63652
4.99376
4.48591
3.8185
4.23599
1.49273
2.31023
1.49252
2.2527
2.49456
1.54037
1.6575
2.92227
2.73815
2.91861
2.62374
4.35477
3.7706
3.69759
2.92775
4.65356
4.21011
4.23365
3.01192
4.71799
3.94156
4.49236
2.62312
4.14713
2.5233
3.73625
3.5322
4.54794
2.40955
2.81984
4.27527
4.18217
4.52482
3.08716
2.46788
3.92802
4.51602
4.44794
4.28989
3.73103
4.12996
4.72506
4.16655
4.7568
3.24133
4.34845
4.40447
4.98433
4.49275
4.36747
4.16605
3.93906
4.78096
2.8264
2.53453
1.50502
3.80758
2.44566
2.55092
3.52488
4.056
4.24521
2.98501
4.33345
4.72268
3.5858
4.52203
4.38184
4.4699
4.47792
3.022
3.67524
4.34692
1.62344
2.41497
2.86958
3.43386
1.50059
2.34796
2.89206
4.40545
4.21124
2.57719
2.75473
4.26207
3.95358
4.72645
4.48609
3.78042
2.7825
3.39157
4.26664
4.44302
4.61664
3.75387
2.63607
3.66127
4.83042
4.50751
4.14931
1.45628
2.33959
4.1455
3.67312
2.83231
4.97955
3.55351
4.43702
4.25077
2.57638
1.63136
2.9638
2.54421
1.58823
3.08158
2.48857
4.16856
2.8806
3.92817
4.56468
4.41093
4.4919
4.37698
3.66048
4.98966
4.3459
4.67598
4.28735
4.48528
4.70056
3.38839
4.43908
4.77673
2.43735
4.32497
2.46955
4.4536
2.33866
3.67985
3.40793
2.9121
4.14195
4.47871
4.5319
2.67615
3.06989
3.87463
4.36063
4.42977
4.43771
4.23353
3.92239
4.83835
2.85359
2.83863
2.43014
2.56009
4.20911
3.02515
3.43906
3.91301
2.99126
2.47832
4.24395
3.05675
2.53889
3.60449
3.78975
3.652
2.51996
4.38937
4.31005
4.68239
4.63747
4.59217
3.05308
4.42502
3.91911
4.3278
4.59397
2.91029
3.52749
4.45285
3.78681
4.68077
4.66015
2.80725
4.55221
3.79823
2.73902
4.19385
4.43514
3.42791
3.93434
4.4172
4.91973
3.79401
4.2837
4.93132
4.72462
3.65254
2.5872
4.27072
4.18731
4.87215
3.23529
4.90097
3.84559
4.4631
4.13131
2.74526
3.3064
4.33445
4.98483
4.83347
4.4056
4.94994
2.52198
3.1306
4.2988
4.57642
2.62193
3.79434
3.67971
3.8612
3.99631
4.31181
2.54673
4.71407
2.67003
3.14191
4.3718
4.04231
3.70485
4.37855
4.03455
4.48069
2.51514
4.40872
4.52928
4.65886
1.57215
2.93418
2.79566
2.46668
1.38577
3.54371
4.45982
4.49344
3.34092
2.94091
3.68444
4.53103
4.94958
2.59443
4.96804
4.24262
4.40705
4.28861
3.85112
3.47296
4.61342
3.9697
2.60517
3.14905
2.45226
4.09736
2.49664
3.58958
2.97505
3.77373
4.34125
4.58447
4.81769
4.08386
4.94692
3.7713
2.72308
4.18172
4.52869
4.62937
4.26248
2.61946
2.54812
3.12687
2.47051
3.06219
4.90763
4.78639
4.32001
4.4801
3.63232
4.37107
4.50153
4.62532
1.54792
3.69715
4.90146
2.88498
4.19975
2.94234
4.34148
2.83383
2.37466
4.53256
2.77031
3.46715
2.61911
4.50201
1.5812
2.62952
4.02906
3.89246
4.51914
3.112
4.70202
3.65392
4.44602
4.28244
3.09192
3.84682
4.06036
4.38936
4.88587
4.42215
4.62233
2.38416
1.74147
2.51296
1.55278
4.64696
4.31337
4.84903
3.07363
2.45261
4.3832
3.71855
3.81756
2.54479
3.61855
2.54606
4.36504
2.9998
4.52817
4.48259
4.05773
2.93617
4.96407
4.66489
3.88045
4.29241
3.7472
2.96124
4.41914
4.81109
3.96705
2.81406
3.09622
4.47399
4.46329
3.66862
4.43898
4.76922
4.63771
3.84119
4.46936
4.99832
4.78642
3.85839
4.91504
2.8654
2.27377
1.48783
4.83099
4.99269
4.19515
3.36602
4.50003
4.84782
3.91557
2.87637
4.02557
4.60564
4.25994
3.91844
4.46892
2.78146
3.92062
1.69709
2.6002
3.32512
3.58271
2.62776
1.54631
3.91943
2.58091
2.46215
4.75399
3.64659
3.82404
4.38423
2.89028
4.26785
4.1873
4.89834
4.81959
3.03172
1.61196
3.21461
4.86305
4.57631
4.70433
2.67368
2.9854
4.36131
3.98666
1.55127
2.70337
4.37795
4.5989
2.68224
2.96647
3.83811
4.31799
2.31992
1.49396
2.94183
1.38538
2.76709
2.48734
4.20462
4.26369
4.85503
3.26565
4.56856
4.48909
4.42878
4.93616
4.22816
3.74197
4.80375
2.51759
2.39123
2.60462
4.46569
3.96533
2.98075
3.59862
4.69281
4.31893
2.28392
4.24277
2.90658
3.70162
4.47165
4.21711
4.21267
4.07462
4.92236
4.54812
4.37579
4.98514
2.94246
4.08702
4.2816
2.93404
2.58665
4.44558
2.46159
3.61399
3.91511
4.51814
3.82102
4.43416
4.83775
4.41335
4.38026
2.95729
3.59504
1.60255
2.81235
1.54024
4.73339
3.10526
2.56119
2.51839
4.76497
4.35219
3.09667
3.68879
3.745
2.84011
3.98876
2.60786
4.32177
4.39124
4.61911
4.73239
3.05175
3.68105
4.67488
4.31719
3.76686
4.97901
4.50449
3.85393
4.92128
3.91908
4.7352
3.03889
3.65601
4.49081
2.44836
4.40238
4.37362
4.51059
4.98567
3.13604
4.80734
2.52964
3.86488
3.75139
4.3524
2.39887
2.68286
3.99624
3.10164
4.74159
4.50224
3.62681
4.307
4.72002
4.46763
2.53952
4.45611
3.88027
4.35277
1.43881
2.70955
2.45073
2.90885
1.53772
3.41982
3.48161
2.96828
3.79225
4.72077
2.63217
4.24292
2.43275
4.33662
3.58682
2.70644
4.26049
3.81537
4.56213
4.87747
3.85513
2.42086
4.97436
4.20239
4.19601
4.06247
3.73715
3.40569
4.33872
4.90233
2.38969
3.7189
2.68095
4.73888
2.27921
4.25501
4.07283
4.72822
4.89027
4.24043
4.46824
2.45716
2.84622
2.51934
2.53329
2.89563
4.39228
3.46283
4.30623
3.94439
4.57271
3.00487
4.6884
3.5024
4.34503
4.54071
4.97378
4.39418
1.4481
3.86246
4.91934
2.9216
4.17697
2.85751
4.2195
2.7755
2.46614
4.41765
4.45998
2.97673
3.40805
4.1763
1.67056
2.56943
2.44445
3.80627
2.93104
3.93027
3.84154
4.57532
4.89569
4.92062
4.67873
4.43348
2.58471
2.39646
2.39569
1.51665
4.1126
3.39304
4.52957
3.90333
2.84859
1.54109
4.53522
3.84832
2.56009
3.52148
3.74964
2.40497
4.59751
4.26177
2.95574
4.22107
4.84721
3.76434
2.93654
4.84347
4.55304
3.69456
4.35892
4.53074
3.88492
4.24532
3.39706
1.36348
2.40328
2.3562
2.85485
4.48719
2.96387
1.669
2.91412
4.51311
4.21032
4.78012
2.98053
2.6251
4.26624
3.87687
1.46536
1.4573
2.31237
2.63522
1.66271
1.50587
3.09618
3.13134
2.57505
2.55421
2.31636
2.18597
2.49978
4.22416
3.5827
4.86326
3.31702
2.78944
4.32196
4.02919
4.33924
2.85733
4.26738
3.781
4.09201
4.77527
4.46216
4.19645
4.16703
4.8721
3.82289
4.9517
4.84561
3.29206
4.38292
4.24682
4.56929
4.38019
4.07679
4.08747
4.70607
4.97019
2.54543
1.46174
3.74981
2.41588
2.52934
3.55559
4.35708
2.99052
3.93624
2.89128
2.88174
3.79646
4.29813
4.66592
4.48918
3.53071
4.59169
4.51105
4.27846
4.87933
4.53192
3.77147
2.89184
3.78842
4.90466
4.41173
4.34184
4.65918
2.89386
3.52067
4.18706
4.49637
4.5593
3.81416
4.92456
2.96714
2.87869
2.46552
2.42342
4.32044
3.60323
3.85071
1.62175
2.89023
1.44325
2.92608
4.38961
2.93602
2.33366
4.1707
2.83577
2.53511
4.47753
3.4234
3.7707
3.80566
2.44257
4.13098
4.30788
4.87015
4.48796
3.82576
4.59627
4.99852
4.71864
4.56443
2.87931
4.28728
3.36388
4.72431
2.77875
3.88628
4.41918
4.98264
4.99138
3.76349
4.27026
4.88753
4.91889
3.72671
2.98408
4.63965
3.61959
4.47492
2.56108
2.53936
4.37926
3.93575
4.57552
4.31812
2.96782
3.58244
4.60332
4.92841
4.18947
2.40308
4.97665
4.22019
4.07902
4.56001
4.78662
4.34924
2.36313
2.79202
3.69021
3.40195
4.35781
2.4987
4.28281
4.35166
3.92965
4.97562
1.43705
2.97982
2.86981
1.77864
3.5545
2.4198
4.36356
4.19472
2.53639
4.36812
4.74166
3.73719
3.02956
3.88815
4.64422
2.79024
4.32358
4.3139
4.62894
4.52175
2.63223
3.66964
3.1329
4.06091
4.85668
2.83024
4.34491
4.56192
4.51829
4.21653
2.43713
2.40933
2.52121
2.87089
2.87344
3.73115
3.67301
2.75633
4.79377
4.7987
4.43571
4.3156
4.58603
3.44173
4.10635
4.69454
4.96063
3.21707
3.77538
3.95802
4.46395
4.4013
4.75754
2.93187
4.64892
3.68185
4.3536
4.49882
3.95422
4.43428
2.62674
2.52951
1.60032
2.86432
1.47691
2.69763
1.45402
4.92238
4.45347
4.15424
4.34474
4.70344
2.6911
2.47579
3.99192
3.65282
3.74699
2.32196
3.18213
2.3783
4.32961
3.99797
2.67192
4.85611
4.0026
3.18728
4.57679
3.76581
4.44566
4.70279
3.89747
3.00579
4.51597
4.74674
3.76876
4.56855
4.96029
4.98943
2.3636
1.63069
4.49081
3.90437
2.75805
4.23273
3.26065
4.66394
4.35752
2.88784
1.59013
2.92616
4.70852
4.36267
4.59441
2.57287
3.03359
4.48019
3.89569
1.44321
3.83856
2.54078
2.46545
4.53719
3.47057
4.30071
2.94312
3.74221
2.8112
3.89228
4.58843
4.36907
4.40197
4.99506
2.82929
2.91111
3.891
4.52755
1.44462
3.85365
4.51557
4.89031
3.02999
2.53973
4.15039
2.32629
4.54519
3.34644
3.72404
3.14794
3.81625
4.55648
4.2877
3.91124
1.58945
2.9302
2.60556
2.51605
4.52437
4.20127
3.57471
3.72055
1.57768
2.72039
4.67235
2.92414
4.36926
2.84879
3.89546
2.64628
4.29973
4.26665
4.94933
4.41243
4.27823
2.47361
4.18388
2.3126
4.12926
3.86676
4.84422
4.89618
3.69702
4.22396
2.5849
4.79695
3.13915
4.44506
2.59826
4.42993
3.99603
4.48539
2.59856
3.99524
2.95998
4.51826
3.5362
4.23799
2.38946
4.36599
4.04206
4.6859
4.79536
3.59917
2.57362
2.48904
3.34089
2.65212
2.90105
4.99541
4.59431
2.56059
3.16935
4.34007
2.9557
4.40489
2.41732
1.5276
3.75506
3.85076
4.25734
3.75936
4.32604
4.36971
4.40353
4.57845
3.56524
4.92321
3.47909
4.84573
4.38948
4.86742
4.70341
4.39419
2.3476
2.56857
4.8838
4.26535
3.82819
3.44192
3.64983
2.37853
1.53007
4.24398
3.62721
2.37507
4.30489
2.87218
2.73626
2.98083
4.1597
4.38422
2.37881
4.96378
4.55418
4.82555
4.15154
3.70786
4.91338
3.47376
4.35928
4.92703
4.15257
4.4895
3.45551
4.20648
2.53361
1.61592
4.2749
2.85507
2.35353
1.4405
3.49272
2.8393
2.45251
4.19703
2.79228
3.63466
4.51461
4.77379
4.16869
4.36378
4.37052
4.92428
4.42937
4.51215
2.46721
3.82775
2.88183
4.25601
2.56594
2.63288
3.4988
4.22138
4.25944
4.45152
4.3616
2.52227
2.98915
3.82755
4.32399
4.23765
4.40746
4.56555
4.29344
2.56197
3.16467
3.77161
4.34558
2.59605
1.58305
2.84471
1.51474
3.55105
2.787
2.4785
4.42472
4.24574
2.58296
4.29862
3.90341
3.0372
4.63174
4.22772
2.51876
2.44304
3.59493
4.22652
4.40429
2.54472
4.46948
3.18293
3.92586
4.59044
4.26497
2.40448
3.75741
3.59278
3.86299
2.50909
3.88331
2.5651
1.59514
4.34925
2.17516
2.7615
2.97907
4.62953
2.48895
2.95694
4.41312
4.44119
4.58466
4.21442
4.86201
4.84254
3.53977
4.93968
4.42104
3.46658
4.85442
4.2679
4.63684
1.45752
4.28147
2.79485
2.49029
2.92538
2.33309
1.59839
3.47289
3.45665
2.93767
3.773
4.19405
4.61711
4.71184
3.97735
4.2995
4.88975
4.29572
3.80027
2.47356
4.41405
4.13881
2.22083
3.31504
4.27778
4.08258
2.39639
3.7234
4.22577
2.86228
4.85832
4.72404
2.62732
2.90307
2.52199
2.98512
2.55498
3.07751
4.41348
3.41697
4.2839
4.54043
4.97495
4.53724
4.34028
3.80353
4.9399
4.31594
2.87166
4.28353
2.41471
4.54002
4.41451
1.43927
3.19571
2.86115
4.57249
2.82312
2.80006
3.34003
3.99955
4.47744
1.72206
2.61765
4.00337
2.5823
3.95226
2.96095
2.44962
2.9356
2.6131
2.78234
2.56352
4.14421
3.72491
1.51626
3.87179
2.2044
3.60641
2.49407
4.83437
4.35814
4.332
4.62467
4.95098
4.90529
3.46086
4.26041
3.49982
4.43942
4.28162
2.77407
2.2405
1.53255
2.39275
1.4642
4.15947
3.41976
4.32781
4.51281
4.59639
4.32575
4.54259
2.93328
2.49729
4.34131
3.8201
4.95552
4.42019
4.24112
3.90808
2.98989
3.75981
4.57049
4.50395
2.93204
3.83147
4.17895
1.55305
3.56278
1.43089
2.42179
3.02116
2.39479
2.96876
1.57389
2.47137
1.39008
2.40417
2.48865
1.50521
1.44661
3.05189
2.42031
2.89618
2.53001
4.79316
4.81697
4.42021
4.3475
4.23847
4.3195
4.38024
4.38658
3.69355
4.17925
4.85731
4.15075
4.66506
3.37922
4.45314
4.46833
2.86316
2.401
1.33616
3.95048
2.6135
2.47192
3.76807
3.79568
4.34113
3.00746
4.98527
4.73644
3.6433
4.78517
4.09743
4.93998
4.81989
3.79853
2.82175
4.32475
4.82817
4.38993
4.98226
3.67556
2.69287
3.31644
4.0712
4.35398
1.48764
2.53201
4.14916
3.75951
2.9738
3.37401
4.55354
4.4194
4.19958
4.22965
4.48687
4.23081
2.32205
2.7903
4.86805
3.73196
4.1727
4.30616
4.42179
4.83937
2.3953
4.19772
4.97125
2.29056
4.56488
2.37329
3.73524
3.50397
2.81196
4.31021
2.8054
2.74561
2.35449
2.31326
4.2885
2.68434
3.43062
3.74213
3.68083
4.19097
4.91847
4.93934
3.8822
4.63015
4.56503
4.60745
2.93333
4.55516
3.62783
2.86636
4.23654
4.64108
3.576
4.88982
3.75971
2.84707
4.64489
4.12507
3.49068
4.2826
3.80555
4.94243
4.16677
4.47291
4.85486
4.37875
2.54601
4.23612
4.26714
4.92242
2.56164
4.52291
2.40139
2.88333
4.34816
3.69468
3.53296
1.56009
2.82164
3.07676
2.46609
1.6151
3.60017
4.33961
4.92352
3.84423
4.5472
4.80772
2.68762
4.31156
4.42049
2.45865
4.25795
2.75721
3.77781
3.19367
3.96097
4.37686
4.71204
4.95606
2.33752
2.56181
2.85929
2.43124
2.90748
4.00671
4.487
3.06397
3.81219
4.44234
4.66171
3.80585
4.57866
3.07443
4.78311
3.798
4.39157
4.45194
2.54247
1.47738
2.35423
1.56813
4.10255
4.45427
4.49571
3.78415
3.88257
3.04067
2.98288
4.4744
4.45417
3.56788
4.42228
4.65771
4.51825
3.07797
2.37617
1.59595
4.40129
4.82277
4.45464
2.92448
4.51803
4.2797
2.49172
4.69229
4.2784
3.60484
2.83903
1.36431
4.44759
2.9288
3.82206
3.10814
1.53586
4.02196
2.72489
2.60846
4.64168
3.48026
4.00357
4.31588
2.86384
1.60954
2.5706
4.36935
4.24956
2.75379
4.55306
3.15893
4.02076
4.76853
4.38548
4.36319
4.30135
2.708
2.49057
2.72149
4.63668
4.08257
3.05022
3.67371
4.71405
4.31758
2.80578
4.5914
3.05588
3.96841
2.6113
4.36139
4.29436
4.44412
4.53537
4.22888
4.9496
2.83504
3.51896
3.67319
1.66205
2.69108
1.53103
4.7519
3.13284
2.53765
2.40791
4.56212
4.0876
2.9246
3.54079
3.56158
4.62485
4.78181
4.38173
3.91168
4.82231
4.28958
2.48554
4.3874
4.38338
2.75124
2.54219
4.09928
3.02792
4.57843
4.50024
3.53155
3.39257
2.2569
3.43532
2.37393
2.717
4.74501
2.68339
4.16016
4.30357
2.38253
2.74367
3.95654
2.39483
2.53591
1.46129
3.80444
4.28347
3.72796
3.8973
4.21982
3.77308
4.89518
4.41377
3.49378
4.68018
4.85609
4.79381
3.97935
4.96445
2.37776
4.43144
3.80826
3.58338
1.59361
4.54441
3.92583
2.63055
4.05188
2.54659
2.46144
4.45288
3.00452
2.93635
4.3886
2.98235
4.65918
2.65977
4.98384
3.52129
4.96961
4.50883
4.94534
3.40043
4.94731
4.49038
4.18576
4.23605
2.52587
1.54257
4.13606
1.46053
3.57812
2.88455
2.4659
2.9162
2.32144
3.31419
4.30426
2.82923
4.41202
4.92573
3.7807
4.25678
2.57925
2.4264
3.68317
4.37291
4.40592
4.58552
4.21125
2.97582
4.92692
2.38056
3.74579
4.29641
2.559
3.82858
3.45311
3.74592
2.37291
3.71003
2.42495
1.44009
4.12376
4.2514
2.64545
2.88421
4.50612
2.65023
3.03619
2.98602
4.31417
3.57465
4.3877
3.52466
4.66689
4.21997
4.53175
1.52922
4.34201
2.97894
2.53573
2.87954
2.62894
1.51165
3.42491
4.29256
3.68993
2.96911
4.54498
4.07519
4.73185
2.48735
4.24131
4.38622
2.49136
3.39729
4.33072
4.17151
3.91065
4.21272
2.42085
2.87051
4.92317
4.47331
2.47979
2.96853
2.42967
2.95854
2.46793
2.75358
4.43616
4.65343
3.4837
4.40344
4.43113
4.43681
1.52969
2.80726
3.02596
2.98893
2.95032
3.40838
3.73731
2.55145
3.77881
4.13978
1.42662
2.42589
3.76195
2.79583
2.54777
2.84974
2.37166
3.01815
2.38501
4.22683
4.43446
3.7851
3.70652
2.53095
1.62084
3.80383
2.5773
4.92188
3.5231
4.42073
4.83593
4.95063
3.24374
4.74193
4.14256
4.98091
3.0293
2.51214
1.50163
2.56614
1.45766
2.76489
3.86061
2.42423
3.37581
3.77925
2.45554
4.23542
2.93263
4.46366
4.61273
3.85636
2.90477
4.66012
4.61046
3.72878
3.55256
2.8074
4.17215
4.61226
1.56401
2.55271
1.56666
2.52898
4.98044
4.46647
3.86388
3.68591
3.19955
4.61119
4.50172
4.31737
4.37643
2.41116
4.2463
2.30397
3.9671
3.39048
4.45766
2.5172
2.7994
4.40403
2.88853
2.47697
1.49936
4.24845
4.62867
3.65418
4.67329
4.63329
4.47444
3.72454
2.93092
3.82782
2.86097
3.7908
4.17315
1.4171
2.53877
2.78181
3.38848
1.45309
2.24363
2.98785
1.65287
2.37426
2.43359
2.60126
1.54173
2.8256
2.46685
1.53999
2.88608
2.50544
4.32373
4.23144
4.33113
4.22402
3.59629
4.40599
4.27179
4.35505
4.63648
4.09323
4.62142
4.6471
3.42785
4.47882
2.88797
3.84032
3.06942
2.51311
4.36079
3.15957
2.80152
3.63011
4.04021
4.65105
4.76249
3.81425
4.5562
2.85089
4.447
3.66389
4.38987
4.44656
2.84234
3.40682
4.13892
4.96765
3.70365
4.41842
4.26079
2.93603
3.59678
4.13364
2.45721
4.24279
4.22076
4.89881
2.40447
2.85006
4.14915
4.41565
2.27939
3.53944
3.55865
2.47335
1.4898
1.62091
3.4547
2.77922
2.95032
2.4608
2.53642
2.50187
4.41755
4.30376
2.65466
3.55925
4.43116
3.16325
4.74129
3.9713
4.35595
1.56117
2.95314
2.65586
3.04581
1.67813
3.57048
2.41868
4.22073
2.54666
4.44837
2.54401
4.28213
3.46013
2.89986
4.45169
3.9582
4.63773
4.96952
2.50591
2.93314
2.48113
2.53577
2.9355
2.98669
3.79066
3.89227
4.58081
3.03451
4.62904
4.57828
4.61604
3.65683
4.42899
4.4193
2.71056
2.20246
2.42603
1.31169
2.88556
1.50748
3.92607
2.78419
1.65874
4.71921
2.86065
3.92666
2.67172
3.6241
3.88852
2.55203
4.71996
4.27896
2.91146
1.51148
1.4354
2.35339
4.18207
4.08688
2.56538
2.39281
2.42169
4.7454
4.20704
3.70777
3.48237
2.89626
4.46095
4.1476
2.40372
1.39101
4.40887
3.58207
3.89815
2.75749
2.88714
4.89921
4.22071
4.49656
4.52869
3.50518
4.59165
4.38851
2.79948
2.89061
3.70115
1.63036
2.91035
1.50329
3.78141
4.49639
2.91039
2.45605
4.37609
2.97344
2.51776
4.66251
3.53856
3.76177
4.11651
2.34852
4.3421
2.31673
2.49421
4.00203
4.88154
3.78842
4.449
4.24552
2.91335
4.99739
3.3902
3.28201
3.50894
4.84648
2.31665
3.27464
4.83887
2.43511
4.8516
2.43731
1.48279
3.78856
4.24164
3.66248
4.23572
3.75011
4.06703
4.98697
3.37435
2.45648
4.71648
3.62676
2.2183
4.27986
2.95332
2.87733
4.26271
2.86002
4.32612
4.38074
2.42063
3.76018
2.53605
4.88554
4.41533
3.44629
2.45957
2.86335
4.7916
2.68862
3.08396
4.50003
3.09675
4.41353
2.54434
4.97229
4.10729
4.38165
3.81947
3.79576
3.81364
2.61215
1.67999
4.43988
3.80165
2.48575
4.0144
4.29992
2.34971
4.15039
2.38746
1.4363
4.4098
2.94408
2.47257
1.53522
3.52367
2.76255
2.43133
3.33737
2.5084
3.54045
2.42956
2.68411
4.8452
2.87361
4.1755
4.26909
2.37162
2.83058
4.06253
2.43068
4.96711
4.35821
3.86392
3.60073
1.41611
4.24572
3.73335
2.37036
3.61492
2.48973
4.40878
2.69741
1.67537
4.34483
1.50909
3.47818
2.68542
2.56114
2.87146
2.20691
2.41873
3.63184
3.39417
3.98458
2.44158
3.71505
2.60077
1.66359
4.30867
1.40901
4.33013
3.14075
2.52622
2.86189
2.62482
1.65609
3.5172
4.56408
2.61069
2.82878
2.37672
2.90268
2.32884
2.84064
3.02379
2.43978
3.00863
2.48109
2.70272
2.77928
2.96086
2.39701
1.62954
2.43482
1.412
1.4849
2.54733
1.44492
2.46852
2.87345
2.2509
1.43606
1.47507
2.51819
2.705
