4.49895
2.48097
3.1112
2.4354
2.85748
2.69076
2.93566
3.59445
4.37867
3.71148
4.2875
4.96021
3.62272
4.26148
4.9031
4.33733
3.34861
3.75989
2.24851
3.77558
4.02708
1.40864
2.64933
3.69727
4.95222
4.68752
4.33341
4.85111
4.31737
4.60031
4.41488
3.62222
3.82825
4.31442
1.53768
2.41509
3.84509
2.45704
3.86086
4.90245
4.4653
4.26113
4.6386
4.41358
4.93117
2.92447
4.28388
2.68284
4.12415
2.84843
2.31817
4.49401
4.31876
4.59651
3.4872
4.01531
2.57806
4.15972
2.5303
3.97086
4.31829
1.5907
4.60276
4.73079
4.8642
4.43803
4.71799
4.91237
2.99329
2.4268
4.65731
4.31053
2.87299
4.21434
2.83768
4.47894
4.93084
3.05588
4.14716
2.91707
2.42401
4.58431
4.25403
2.93079
4.45039
4.41408
4.64539
4.51034
1.53383
4.26653
3.81318
4.2055
3.75882
4.2733
3.54747
2.84724
2.42749
2.9157
2.40885
2.72795
2.46566
3.76471
3.90964
2.53437
3.86087
2.55696
1.46327
3.84823
1.53637
3.73461
2.36389
3.60019
2.50833
2.83519
3.04827
4.61913
2.54071
2.9356
3.65286
3.77539
2.32375
1.45948
3.78149
2.48743
2.97206
4.58067
2.67931
3.05318
3.09
2.87058
2.9108
2.77919
4.44498
2.3261
1.56179
3.98025
4.05095
3.68911
3.58392
4.32494
4.47892
4.36271
4.38194
3.35168
4.99194
4.76444
4.216
4.30975
4.60307
4.35543
4.17883
4.6268
4.21624
3.6297
4.32443
4.33061
3.49596
4.48265
4.26667
4.28159
4.60805
4.29131
4.42574
4.10767
4.4017
4.58817
4.38592
4.88427
4.8254
4.89861
4.94327
3.76387
4.50728
3.21637
4.93172
4.85338
4.1395
4.3967
4.49279
4.18511
4.34068
4.23435
4.10347
4.50194
4.79045
4.85322
4.15285
4.96952
4.69762
4.84382
3.08411
2.63645
1.44321
2.55805
1.71419
2.58728
3.62304
3.82908
4.40806
3.07689
2.53857
4.45623
3.50959
4.5525
4.59907
4.29859
2.48209
3.56839
3.73713
2.34131
4.35155
2.96896
2.43301
4.51513
4.30713
4.37164
4.37615
4.87482
4.96341
4.23284
4.70166
3.73541
3.41775
2.93187
4.48903
4.46211
3.96189
4.38194
4.93143
4.4678
4.48938
4.40212
1.54314
3.57542
1.54416
2.44564
2.84953
2.45251
2.98887
4.36423
4.97497
2.8685
4.27681
3.94181
2.55531
4.3163
2.88854
2.48419
4.38602
3.84498
4.41176
3.99047
4.40032
4.45481
4.46007
2.92443
4.4406
3.8374
4.27702
4.50286
4.43825
4.6764
3.71848
3.41868
4.23694
4.4243
2.82211
4.19862
3.82497
4.62204
4.8936
4.71207
2.77621
4.74372
4.39525
4.14802
4.99166
3.80892
4.10654
4.52972
3.8617
1.46787
2.53952
1.51119
2.60779
4.01736
3.47568
4.58879
4.42262
3.04627
1.53687
1.36896
2.7825
2.4295
2.74126
2.4039
2.84094
4.58495
4.20664
3.6453
3.86692
3.5188
2.96992
4.66492
4.46041
4.6898
2.98922
4.62604
3.68846
4.14704
3.7888
2.44257
3.77782
3.31159
4.40835
2.54403
2.9297
4.29047
4.95671
4.51665
4.00952
4.43873
2.72547
2.30506
3.52977
4.28221
4.17396
4.48608
4.26159
3.43917
4.87977
4.19506
4.4809
4.37523
3.75098
4.67835
4.75581
4.86552
4.99667
4.15821
4.71945
4.56764
4.97332
4.94561
2.47375
3.7692
3.53152
2.92165
4.15373
4.42077
2.55761
4.53979
2.91285
3.74471
4.09915
2.38964
4.93426
3.68898
4.28671
4.9897
4.24803
4.16928
2.56665
4.55678
4.96312
4.30171
4.21227
3.81105
4.16282
4.13331
4.07657
4.99534
4.5277
4.95989
3.95066
4.43932
2.83899
2.3582
1.68092
2.80795
4.61591
3.00193
3.71383
4.04158
2.78165
2.41278
2.36438
3.34226
3.75664
4.07302
2.89916
2.55651
4.46359
4.57713
4.23396
4.27872
4.50469
3.49606
4.72272
4.43724
4.32263
4.855
4.32469
4.46175
4.30262
4.88797
4.10962
1.49772
2.39553
2.6684
3.27037
1.47594
2.45567
2.88616
4.46537
4.64868
3.90428
4.98655
3.29815
2.7368
4.0352
2.31476
4.75876
2.7099
3.94086
3.75576
4.15347
4.35528
3.74472
4.22536
4.44144
4.01205
3.05774
3.57989
4.32652
4.83771
4.10161
4.54463
4.4428
4.92472
3.22329
3.70634
4.99579
4.5908
4.32928
4.86052
4.61303
4.9593
3.69021
4.0907
4.45961
3.275
4.93235
2.72758
4.20169
4.79343
3.68657
4.73068
4.92072
4.7298
2.84571
4.11101
4.763
4.31464
3.5893
4.16305
4.96481
4.3067
4.59402
4.99989
4.84012
4.79423
3.81626
1.51891
2.55046
3.81861
4.63902
4.2496
3.68526
2.88878
3.86027
2.88872
3.52538
4.57907
4.28903
4.45613
4.94754
1.52504
3.08904
2.53648
1.52819
3.10023
2.70349
2.99585
4.39024
4.63693
4.05137
3.03867
3.87533
4.46865
4.16221
3.82192
4.3958
3.82848
4.72383
4.10477
4.30405
4.90365
3.34769
4.51882
4.99622
4.83913
2.54124
4.59976
2.43576
3.72446
3.49935
2.94065
4.32492
4.20249
3.88347
4.59124
2.48045
2.90916
4.00124
4.39024
4.54098
4.82994
4.33266
4.23663
4.91976
4.88092
2.35233
2.72987
4.31976
3.6788
3.30644
4.35467
2.32612
3.91618
4.91105
4.22879
4.26206
3.92791
4.34153
2.81962
2.54123
4.67381
4.26482
4.53977
4.19915
4.98511
4.77374
2.44991
4.90494
4.06855
4.34372
4.73948
4.96681
4.27259
4.24395
3.66409
4.37031
4.50895
4.1953
3.00171
4.41958
4.456
4.65577
3.49975
2.47661
2.31622
4.2094
2.82519
3.47598
3.72399
4.16672
4.75914
2.50023
4.39167
2.87645
2.44326
3.59499
3.94758
4.35942
2.51119
4.26961
4.09203
4.79544
4.31683
4.17924
4.78603
3.70437
4.19073
4.36852
2.87355
3.50024
4.13016
3.67738
4.71329
4.56967
3.94511
3.10006
4.39814
4.71179
3.73614
3.82036
4.38649
4.72717
4.99898
4.44991
4.48124
4.17434
1.45551
2.43876
2.96761
2.47719
2.77679
3.38026
1.60634
4.29177
2.53893
4.22555
3.7051
4.97786
2.78522
4.10223
4.38717
3.82472
2.37308
2.90647
4.10443
4.36969
4.07653
3.66418
4.7264
2.86551
4.27939
3.82501
4.80465
4.46788
4.29592
4.42925
4.41284
3.17158
3.8182
4.344
4.93849
4.76638
4.58626
4.37834
4.88007
3.93078
1.50014
2.99477
2.32726
2.83896
2.54816
1.62817
3.95047
2.86849
4.36616
4.28695
3.4411
2.76705
3.77648
4.19031
4.44556
3.9713
4.74985
4.30001
2.90357
3.64401
2.95489
4.30725
3.82201
4.71904
4.70745
4.78146
3.7563
2.20333
2.74144
4.14433
4.23584
2.50763
3.98477
3.23874
4.43911
3.76463
4.09732
4.95179
2.45218
2.79748
3.64054
4.18217
4.7553
4.88844
4.31009
3.95408
4.9532
2.63127
4.76565
2.64601
2.87661
4.39945
3.92304
3.67981
4.66222
2.52053
3.80269
4.52822
3.04748
4.43952
3.99098
4.49291
4.68135
2.50153
4.12904
4.28649
4.62485
4.96075
4.35384
4.2846
3.90839
4.3096
3.57904
4.61743
4.28582
4.57482
4.54656
4.62319
3.50853
4.81967
4.99692
4.99626
4.97723
4.14665
4.8786
4.42033
4.87207
4.41436
4.8795
4.38648
4.33671
4.4106
2.39575
2.76436
2.44075
2.77395
2.52257
4.27667
4.54389
3.49015
4.18425
4.16699
4.49963
3.31989
4.99068
4.09737
4.79588
4.60303
2.83325
2.61488
4.69157
4.21429
3.16177
4.71933
2.83923
3.51655
2.42473
3.76548
4.19081
1.53144
2.45946
4.35042
4.81599
4.11081
4.26543
4.6138
2.89354
4.46453
3.07685
2.49926
4.57699
4.33494
3.05298
3.61177
4.27491
1.51111
2.4047
3.91357
2.47428
4.37894
4.52702
4.16786
4.7541
4.71356
1.63491
4.48942
3.87385
4.41661
3.86529
4.57399
3.94807
4.40138
3.08664
4.43326
2.95418
2.66181
4.38987
2.8116
3.47886
4.16703
4.61675
4.68978
4.86697
3.63404
3.79185
4.49099
4.21469
3.70253
3.63653
4.80463
4.52414
4.28828
2.90615
4.51678
4.82604
4.10735
2.97651
2.62222
1.48778
2.54201
4.32102
3.52222
4.52187
4.24904
3.77333
2.41396
3.40469
3.63657
2.36079
4.26609
4.22642
4.98932
4.52183
4.48215
3.35102
2.80665
4.26513
4.84382
4.98009
4.65037
2.95118
4.65844
4.25994
3.89071
4.39936
3.54787
1.60881
2.55346
3.06779
2.57151
4.32632
4.56213
4.47438
2.85789
2.42983
4.2879
3.77623
4.70693
3.88784
4.38286
2.89126
1.43798
2.49261
3.5057
3.82919
4.2725
3.02807
2.47733
4.57291
4.53898
4.20982
4.97358
2.82868
2.482
4.92771
4.5447
4.35827
4.2872
4.13602
3.7895
4.58002
4.98004
3.89589
4.27851
4.56074
1.508
2.88144
4.22775
4.72183
4.81697
2.99676
4.40944
3.89306
2.59695
3.77639
4.35527
3.72891
4.54194
4.30302
4.37895
2.82854
4.67718
4.20412
1.46215
2.37675
1.60142
4.61125
2.8846
3.58291
4.2083
4.86824
2.44151
1.41593
1.61008
2.92272
2.46763
2.9108
4.85423
3.77429
4.27619
3.82361
3.59905
2.97763
4.66817
4.4688
4.17355
2.89217
4.69297
3.90489
2.26674
4.39885
4.7956
4.95049
4.28249
4.05505
3.81922
3.35565
4.44532
2.35883
2.82057
3.61143
4.17447
4.11971
4.43745
2.78251
2.23739
3.64496
4.31916
4.8281
3.47139
4.29703
4.9699
4.47708
4.60589
3.58647
4.60748
4.59847
4.9167
4.99566
4.12358
4.98207
4.27249
2.54683
2.7341
3.97408
3.54003
4.71165
4.47818
3.13162
2.49377
2.93223
4.64491
4.57122
4.14899
4.20404
4.70335
4.38775
3.88449
2.547
4.3158
4.53308
3.93528
4.41604
4.3006
4.51855
4.36095
4.39813
4.4805
4.4609
2.81523
2.60802
4.25295
4.66535
3.73425
2.41463
2.40524
3.38846
3.69852
4.2046
4.91242
4.31208
4.52587
3.49685
4.20615
4.88086
4.51828
2.76223
4.30527
4.80388
4.67083
3.65956
4.2145
2.55202
2.7347
3.42258
1.39196
2.35686
4.16318
4.29968
4.1482
2.22549
4.84164
2.52991
3.99219
4.38733
4.64583
4.93111
3.17266
3.72538
4.44308
4.93264
3.91023
3.97841
4.77866
4.45343
2.78195
1.82876
2.72125
4.35886
2.86699
3.56978
3.96476
2.55186
4.681
2.73661
2.26391
4.26016
4.76306
4.6218
4.43693
4.43733
4.36136
4.14336
4.42807
1.41517
2.96074
4.47192
4.30541
4.41373
3.80587
4.83408
3.13994
2.55393
3.82842
4.2223
4.21258
3.69701
4.13711
3.92995
4.68625
4.05901
4.51763
4.56376
3.23469
4.68798
4.32729
1.4158
3.86344
4.89818
4.22839
3.65577
2.76131
3.35262
4.46249
4.73768
4.01805
4.2683
2.95579
2.56473
1.6991
2.92628
2.3278
1.38629
3.00708
4.50873
4.06414
2.78887
3.83705
4.53143
4.9142
4.31288
3.63501
4.86293
4.07899
4.7347
4.34923
4.67987
3.30668
4.43277
4.9044
4.604
2.66484
4.45491
4.55052
4.4359
4.65113
2.49034
3.8391
3.76663
3.09966
4.47004
3.9435
4.46443
4.85806
2.62105
3.08275
4.01961
4.34598
4.25409
4.97986
2.42232
2.38214
3.75383
4.51699
4.12321
3.56716
2.88697
4.11383
4.34856
2.42976
3.05587
4.26378
4.60414
3.79287
4.19739
3.65778
4.32215
4.82336
4.12883
4.9561
2.60802
4.26644
4.34886
3.97164
4.47299
4.29937
4.7282
4.32905
4.19007
4.50155
2.51198
4.22149
3.72041
4.75872
2.95715
2.51491
2.49997
4.3401
2.79147
3.47692
4.22637
4.19297
3.60533
2.31318
4.89363
2.75052
2.38089
4.12231
2.7505
2.36998
3.42782
4.28688
4.11393
4.08858
3.49337
2.27703
4.22176
4.30609
4.61575
4.39551
4.49159
4.99638
2.89453
4.32781
3.98407
4.54448
4.40566
4.6244
3.01891
3.67276
4.29342
4.58974
4.3141
3.72984
4.96708
4.56833
4.52527
2.89856
3.93172
4.28196
4.98913
4.66308
2.98153
4.38963
4.68536
3.59428
4.42543
4.19023
3.76897
4.32365
4.93653
4.93871
3.94051
2.95223
3.101
4.46287
4.38255
4.57172
4.68929
3.67893
4.54448
3.83428
4.33899
3.65502
4.41343
4.848
4.49773
4.25087
3.95206
3.91037
4.72069
2.46861
2.58443
3.00437
2.49043
2.97924
3.5959
4.23017
4.97358
4.63398
4.39883
3.63491
4.31715
4.3533
4.89653
3.06967
4.2996
2.75188
4.26769
2.98906
2.40287
4.67436
4.60074
3.46526
2.45442
4.21732
1.48876
2.24785
3.9869
4.9594
4.62696
4.40386
4.61673
2.94936
3.22442
4.24945
4.78053
4.98282
3.85646
3.66187
4.77243
4.21747
4.59594
4.97139
4.86917
3.02908
4.21187
2.87192
2.52436
4.40893
4.14896
3.00828
4.50824
3.45482
2.445
2.38237
3.625
4.22638
1.51868
4.17383
4.75616
4.03611
4.47785
4.39631
4.84228
4.48024
1.6521
4.29531
3.799
4.1447
3.84995
4.13625
3.73648
4.92269
2.4319
4.01588
2.75247
4.17551
2.7475
3.72382
3.86435
4.89899
4.38969
4.32608
4.99052
2.57323
4.47141
4.67121
3.98753
4.87077
4.94972
2.40644
1.53407
2.27899
1.52866
2.37118
3.58637
4.31537
2.93397
2.44559
4.20461
2.92968
2.55585
4.37065
3.92245
4.37888
4.06177
4.41542
4.52869
2.57755
3.68312
2.49278
4.26608
2.90889
2.55939
4.45776
4.25471
4.74217
4.75268
2.76229
4.74513
4.27758
3.72509
4.20285
4.59426
4.3501
3.23999
2.7463
4.04536
4.52511
4.90681
3.74629
4.27084
3.04549
2.94689
3.8491
4.04065
4.59891
3.46182
4.5901
4.56956
4.52607
4.31881
3.8774
4.72579
4.36749
4.39247
3.74804
4.98802
4.8143
4.71664
2.77793
4.754
4.48177
4.20828
4.90384
3.73426
4.57663
3.46474
4.28222
4.33771
2.83065
4.05904
4.44813
4.00663
3.77768
3.84358
4.89798
3.62353
4.30171
2.98753
2.34945
1.36929
2.26197
4.11102
3.32968
3.63445
2.25808
4.9503
4.42873
3.59395
4.53695
4.21171
4.81683
4.5392
2.81721
3.61969
4.82694
4.52967
4.2593
4.37228
4.28011
4.33271
2.22649
3.468
1.53544
2.47796
2.91664
4.2166
4.13576
4.81702
2.79522
2.44027
2.90319
1.54195
2.80781
2.50164
2.53616
4.5916
3.65863
3.91237
4.26532
2.93539
2.44745
4.26162
4.8442
4.55233
4.28328
4.61681
4.50097
4.37386
4.52276
1.44789
2.85091
3.76835
4.32654
4.47939
2.4164
4.94062
3.02202
4.40102
3.95733
4.31012
4.22011
3.64565
4.28706
4.63057
4.30156
4.38837
3.78444
3.12896
4.80088
4.10163
4.4461
4.86668
4.70217
3.86421
3.78673
4.87255
4.57433
3.84374
4.57514
2.97788
4.34875
4.53059
1.49283
2.46005
3.69574
4.48982
3.37132
2.75096
4.43939
2.45835
2.94849
3.81171
4.27934
4.38506
4.62661
1.56593
2.99214
1.40492
2.80786
2.36465
2.81492
4.5378
3.62647
4.35501
4.99893
3.6038
4.90959
4.23842
4.96316
4.56833
4.40356
4.52954
3.48825
4.48935
4.92146
2.51171
2.68302
4.23747
3.68453
2.84343
3.52955
4.51412
4.25959
4.57984
4.89345
2.44575
4.34978
2.95972
3.86756
4.73857
4.37433
3.76432
4.16821
4.98018
4.29322
2.42642
4.32279
4.66208
4.74313
4.36482
2.95821
3.97391
3.37354
4.54614
2.51003
4.23765
3.62398
4.14915
4.49029
3.85043
2.66461
2.45305
4.44764
4.44241
4.94842
2.33482
4.46725
4.00167
4.95037
4.25044
4.15252
4.58157
4.21555
4.18179
4.21911
2.58937
3.94231
4.17935
3.02137
3.87648
4.31523
2.63012
4.40762
2.3476
3.49859
3.67253
4.06726
4.69386
4.72515
4.37077
4.93043
4.88028
3.98356
2.74489
3.38004
4.92117
4.78827
2.61633
1.49157
4.19379
2.22635
4.98546
2.15643
4.34866
4.20404
2.81276
3.35569
3.54068
4.0161
4.88296
4.6867
2.82035
2.56095
4.28802
4.34935
4.48027
4.05189
3.56385
4.3407
4.07495
3.81777
4.79646
3.11769
4.03043
4.55782
4.74365
4.9659
4.70911
2.702
2.79075
3.02872
3.73552
1.73101
4.74545
4.32089
4.52463
4.57631
2.45859
3.06934
4.03126
4.44186
3.96627
4.52577
4.84127
1.54958
3.286
4.55436
4.37142
2.80939
4.24799
4.00061
2.8398
3.88853
4.404
4.52556
4.40323
3.87293
4.61463
2.84402
4.19338
4.48214
4.97028
1.43319
2.91843
2.90496
2.42651
1.42169
4.26331
3.85873
4.98079
4.46837
4.60783
3.88634
4.67224
2.91251
3.48039
2.91785
3.83535
4.46243
2.44134
4.12433
4.31933
4.57601
4.86628
4.24297
4.33433
3.92118
2.70047
4.50514
2.40746
3.66107
3.52393
4.55707
3.81194
2.47201
2.9152
2.50829
2.39205
2.47654
3.61841
2.83296
4.57927
4.23461
3.4311
2.89671
3.87815
4.28779
4.5229
4.28384
4.32223
4.60201
3.8793
2.39079
4.15427
4.37226
3.67238
4.25991
4.5584
4.16057
4.32851
4.22925
4.94987
3.46794
4.58735
4.54116
4.62707
4.77052
3.53338
4.86201
4.90846
4.3864
4.48316
4.88883
4.35603
4.04458
4.91532
4.7851
4.48766
4.13684
2.42434
2.51086
2.74788
2.34937
4.18425
4.88632
4.55575
4.23889
4.93456
4.15485
4.35227
3.37019
4.20431
4.69547
4.76192
1.52073
4.25471
3.77956
4.25961
3.90059
4.43827
3.78679
4.48513
2.95479
4.33724
2.98774
2.6364
4.97049
2.38824
4.31458
2.87577
4.16341
2.93356
3.59736
2.54113
4.39068
1.45643
2.45951
3.74482
3.6563
2.85908
4.75129
4.15901
4.4308
3.45148
4.29782
4.64749
4.91116
2.80728
4.47273
3.94712
4.69244
4.1467
4.3088
4.45948
3.73921
4.04236
4.50053
4.41254
2.82877
3.51068
4.50089
4.56249
4.90531
3.04327
4.70172
4.77969
4.51048
4.04661
4.58316
4.30101
4.5185
4.0538
2.41922
1.50549
2.54228
4.32913
4.52076
4.3475
4.85465
3.00884
2.53251
4.37859
4.98836
4.23198
3.74875
2.49176
3.58883
2.48065
4.1596
4.4597
3.72601
4.93245
4.43991
3.68732
4.2702
4.81075
3.41296
2.76967
4.17528
3.82666
2.81615
4.85568
4.19673
3.47374
4.64385
4.43426
3.67471
4.25643
4.94264
4.40461
4.84891
1.49441
3.08938
4.37361
4.76028
4.97648
2.83359
4.44028
3.87572
2.6661
1.51008
2.55469
3.49897
4.2272
3.10943
2.71606
4.51138
3.60021
4.37227
3.85136
4.37987
4.29325
2.90913
2.48423
4.48345
4.30917
4.6611
3.0035
4.78411
4.37805
4.66612
4.9437
3.74707
4.21745
2.88942
3.84264
4.62809
4.51554
4.31772
4.71005
4.33466
3.92947
2.8445
2.50017
4.95162
4.94155
4.27247
3.33115
4.71854
3.85068
3.79917
4.99918
4.50501
4.34781
4.20725
4.55539
3.80569
4.47628
2.57018
3.63963
1.68184
2.46158
3.73843
4.34671
1.46182
4.20806
4.86239
3.66145
2.36827
2.46451
4.49261
3.42836
3.73545
4.15824
4.36327
4.29958
4.77864
2.78869
3.10508
4.94022
4.133
4.5671
4.28631
2.434
2.80641
4.15682
3.67063
4.75543
3.69923
4.37796
1.42001
2.57793
4.19331
3.43446
3.85661
2.56938
4.54008
4.48374
4.22654
3.08669
4.66771
4.48208
3.09223
4.32976
4.28576
2.90873
2.46049
2.80346
2.87481
2.85635
2.522
4.40772
4.72925
4.30627
4.27737
4.49439
1.71819
4.59085
3.92259
4.31592
3.98663
4.38989
4.23346
3.84947
4.29531
1.56505
4.1815
3.82934
4.21626
4.58348
2.67569
2.96802
3.90947
4.51969
3.86751
2.82718
2.44843
1.53777
3.00004
1.64531
2.82098
4.40348
4.99077
3.4761
4.13198
4.81281
4.93746
4.83346
4.67212
4.46712
4.56803
3.41585
4.47526
2.49254
4.18563
2.40292
3.69849
4.82806
4.13203
3.75461
2.93271
3.43747
4.51486
4.27526
2.45625
4.54856
4.32845
2.89411
3.95309
4.57758
4.20889
4.14218
4.80195
2.5626
4.42835
4.2322
4.01966
2.51513
3.93517
4.59048
3.80275
3.16404
4.09603
4.3806
4.53171
2.60377
3.08834
4.91686
3.97876
4.42908
4.37684
4.91711
2.60909
4.34884
4.2957
4.61994
4.62236
4.41521
4.04278
4.4864
4.43826
4.45663
4.30791
4.06697
4.39977
4.2298
4.39798
2.45481
4.8355
2.94712
2.53546
4.40509
2.57499
3.49469
4.5763
3.70728
4.98407
4.0103
3.64815
4.7207
4.5086
4.29811
2.94566
3.49547
1.49184
2.69313
1.54865
4.02302
4.53309
2.31949
4.23261
3.65598
4.72168
2.75284
2.44791
2.62089
4.51502
4.28218
2.9448
3.4893
3.75891
2.993
4.24664
4.31874
4.43264
3.89181
2.57481
4.5418
4.38254
4.51284
2.75308
4.97723
4.67734
4.95881
4.08755
4.42147
4.32072
3.68625
4.89976
3.92636
4.97772
2.98514
4.45994
4.87562
3.80071
4.43146
3.98694
4.51332
4.70645
4.95481
3.10623
4.14191
4.65451
3.86203
4.42419
4.92607
4.75765
4.6049
4.04818
4.95349
2.57034
2.77928
2.35081
2.46951
3.02316
3.57827
4.35441
3.42928
4.10081
4.87597
4.82503
4.42689
3.10757
4.9641
3.58647
4.43454
4.50655
4.80892
3.02791
4.47841
3.00035
4.40855
3.0815
2.75005
4.72061
4.457
4.68092
3.64714
4.49703
1.51182
2.54756
2.68202
3.98382
4.80898
4.5903
3.83272
4.06606
4.72766
4.48113
4.94977
4.72268
2.67772
2.42198
4.56523
4.21001
2.72246
4.0993
2.86357
4.32635
4.45549
3.21315
2.53764
3.75628
2.36305
4.40998
1.51018
4.71427
4.22495
4.34213
3.83228
3.9718
4.82382
4.42711
4.61481
4.62584
4.41695
1.58276
4.15662
3.69958
4.2428
3.67041
4.1705
3.99674
4.99922
4.89196
4.44666
2.84684
2.34181
4.33928
3.08241
4.9909
3.05818
4.75511
4.59641
4.40437
2.78658
2.45997
2.46238
1.56961
2.62493
3.59426
3.6666
4.28695
2.41583
4.2619
3.20978
4.24629
4.18253
4.8873
2.62573
1.50311
3.05671
4.3117
2.43446
3.55749
3.90666
2.44481
4.51289
4.3523
3.02364
2.72504
4.61694
4.26575
4.28244
4.05425
4.01204
3.02998
4.66702
3.92221
4.52574
4.67415
4.46451
4.69724
4.39796
3.62917
1.51218
2.39566
2.51304
2.99019
4.41589
3.08983
4.53811
2.6842
4.79742
1.4455
3.05409
3.90957
4.46813
4.70996
2.92965
2.57865
4.41717
3.8114
4.44905
3.88317
4.34708
4.41262
4.37225
4.99169
4.7281
3.51394
4.24366
2.96509
4.83565
3.78409
4.75459
4.90569
4.40123
3.79261
3.78992
4.99829
4.54292
4.03514
3.83051
4.7049
3.04091
4.34779
4.66757
1.53641
1.57877
2.44337
3.80908
3.49353
4.4858
2.94716
1.578
1.47996
2.75287
2.92609
2.26357
2.78564
4.47073
3.5946
2.48376
2.551
4.3882
2.50854
4.31515
3.8044
3.72285
3.14499
4.61182
4.49688
4.76941
2.94509
4.80265
3.82522
4.36173
3.77681
4.37836
4.23777
4.96232
3.56815
4.60913
4.62819
3.2649
4.33508
4.53823
4.94726
4.19147
4.12276
2.31729
4.45676
4.09218
4.30773
3.93681
4.28517
4.26252
3.74213
3.53682
2.78176
4.7354
2.38801
4.53726
2.96467
3.77537
2.52518
2.70731
4.45821
4.512
4.01185
4.36058
4.65738
4.44457
4.24832
4.32852
4.96746
4.90701
4.97692
4.2261
4.39895
2.59763
1.57755
2.4688
4.29029
2.98005
3.5262
2.65646
2.61553
2.53662
3.45585
4.35056
2.79165
2.48358
4.39706
4.18526
2.99896
3.06653
4.02391
3.94562
4.68963
4.32163
4.3695
4.85469
3.80352
4.44972
4.82909
4.55989
4.34717
4.3572
4.7376
2.81404
3.74365
4.78184
4.41546
4.26941
4.36549
4.24382
4.68795
2.6987
3.27132
4.28673
4.46362
3.8706
4.3672
3.68734
4.72046
2.7361
4.12175
4.89921
4.31646
3.72824
4.409
4.54745
4.59038
4.26005
4.5717
3.3569
2.85296
4.36347
4.87233
3.85142
4.0391
3.71304
4.66274
4.66508
3.03679
4.44336
4.595
3.60327
2.45673
2.34848
4.12718
3.40767
3.6403
4.26006
4.73225
2.85329
1.65851
4.7607
2.6649
2.46335
4.35652
3.03889
2.65882
4.54083
3.45987
4.05708
4.6236
2.34028
4.45804
4.18075
4.87992
4.57863
4.18248
4.66398
4.52613
2.77196
4.21391
3.53626
3.78477
4.70709
3.91491
4.42203
2.77867
4.29854
3.66588
4.92261
4.65929
4.40228
4.54407
4.44947
4.14785
2.35422
2.87546
2.43108
3.59872
1.48842
4.21353
2.3767
4.2601
4.85584
2.83184
4.58734
1.55039
3.01848
3.84435
4.16077
4.57671
4.29196
3.75943
2.57845
4.87787
2.90882
4.35892
4.28917
4.23869
3.80613
3.95305
3.78751
4.13423
4.65191
4.34353
3.00649
4.44441
4.37498
1.60606
2.83869
2.28747
2.8192
1.4855
3.91406
2.74846
4.39007
3.24185
2.79626
3.75216
4.26196
2.34137
2.57917
2.56518
4.27025
4.23743
3.86738
4.6647
4.50332
3.05308
3.66132
3.06976
4.39338
3.8066
4.56465
4.48015
4.84675
3.64785
2.53388
4.39699
4.32224
4.72849
4.99624
4.16481
4.34007
3.89903
4.6226
2.47828
2.78722
3.90729
3.49649
4.62357
2.50406
3.92496
2.97557
2.34841
4.42054
4.29322
4.35713
3.90303
4.88211
4.27353
4.48682
4.39782
4.9268
4.19394
3.51554
4.74431
4.64367
4.54361
4.40939
3.61457
4.93574
4.96846
4.21033
4.4484
4.38615
4.30288
4.99583
4.98639
4.30675
4.50662
2.58785
2.8441
2.49892
2.61556
4.26414
4.41322
3.51319
4.45362
3.841
3.98766
3.13851
4.9917
4.52136
4.80805
3.72419
4.48721
4.40896
4.96742
4.41723
1.42582
4.25673
3.75552
4.10449
3.68153
4.25602
3.68602
4.86808
4.15606
2.65381
4.12668
2.8853
2.41495
4.57727
4.95439
4.31942
2.95094
2.3308
4.36604
2.8506
3.53333
4.4728
1.64795
2.549
2.58087
2.88111
4.64602
3.86823
4.32944
4.39699
4.6117
4.29664
4.97028
4.00086
3.75333
4.90286
4.74561
4.40965
3.10039
3.75964
4.38381
4.64381
4.68846
3.00163
4.34196
4.38304
4.38455
3.96045
4.58812
4.39827
3.8871
4.9588
2.55917
2.32751
2.33392
4.75623
4.91886
4.16303
3.41097
3.66702
4.55452
1.44968
4.39754
4.31433
3.87338
2.44512
3.80776
3.83572
2.46869
4.68294
4.2023
4.07709
4.8975
3.88675
4.99015
4.45232
3.9341
4.40205
4.75578
4.66616
4.26375
3.89668
4.47934
3.76002
1.44966
2.67647
2.51251
2.96009
3.0812
4.42301
4.54399
4.42353
2.90756
2.52417
4.3973
3.85128
4.38609
4.96955
3.84984
4.2769
1.64936
2.68027
3.4386
3.77096
4.37183
2.34708
4.49057
4.41209
4.16375
4.90114
2.76468
2.70437
2.96307
2.52135
4.3929
4.22494
4.31945
4.16848
3.01587
4.57948
4.40309
3.16881
4.49637
2.92136
4.46189
2.67677
4.76537
1.62741
4.46033
3.95141
4.97308
3.92017
4.55396
3.80691
4.38207
4.44041
1.43433
1.4613
4.68907
2.95067
3.89778
2.52908
1.70041
1.65719
3.26281
2.90232
2.52655
4.19641
2.32344
4.509
2.56884
3.90971
4.28656
3.708
3.60796
2.90009
4.48755
4.63712
4.23982
2.94513
4.66078
3.87666
4.59277
4.17215
4.77027
3.68703
4.76496
4.88502
4.68488
4.7408
3.21073
4.44338
4.32572
4.33962
3.99515
4.94929
4.74757
4.91362
2.66813
4.24049
4.91064
4.25917
3.93267
4.43061
4.60858
4.86531
2.19209
3.84858
4.95974
3.53406
4.63307
2.69646
2.65748
3.06783
4.69485
4.03012
2.47549
3.94535
4.50681
4.26501
4.445
4.85795
4.34284
3.78135
4.52589
4.2143
4.7792
4.48848
4.12205
2.50999
4.25789
4.88832
3.71373
2.50415
2.62853
3.69541
4.15831
3.83948
2.90155
3.80469
4.28836
4.69172
3.63167
4.35253
4.30009
4.94968
3.78987
3.72991
4.90987
4.5917
4.29299
4.52507
4.81417
2.76637
3.51526
4.22624
4.42104
4.84439
1.72257
2.86819
4.23101
4.69142
4.3046
3.80668
2.99403
2.62323
3.88083
4.33549
4.3665
4.08965
4.55368
1.34952
2.6165
4.2499
3.01372
3.67417
2.49371
4.5193
2.98682
2.54231
4.48114
4.40019
3.01803
3.67653
4.80587
4.56622
4.64861
4.31497
4.3252
4.63678
2.93489
4.59976
4.35161
4.57618
3.78832
4.39238
3.76572
4.42643
2.42447
4.26521
2.83324
2.5605
2.48469
4.5263
3.35099
1.47081
2.85487
1.51409
3.90522
2.94054
4.23258
4.61991
4.29961
3.98843
2.57175
2.94709
2.49021
4.53101
2.99725
2.44983
4.64606
3.45161
4.23644
4.45125
4.26953
3.70196
2.35458
4.31553
4.23505
4.85521
3.85951
4.64178
3.74167
4.10782
4.92141
4.45571
2.81184
4.37982
3.42402
4.47094
2.70488
4.46855
4.48118
4.25879
4.99066
3.70963
4.15011
4.93008
4.04672
2.91305
4.50312
4.61242
3.34923
4.60952
3.90626
4.43133
2.84296
4.68892
4.26437
3.83585
4.28286
4.56394
4.20246
4.65423
4.99266
3.8157
2.52336
2.34984
2.28802
2.78776
3.4924
4.10058
3.87306
3.90075
2.84279
4.91903
4.63084
4.49891
3.46026
4.21681
4.58229
4.94431
3.89895
4.06142
4.81145
4.24117
4.57222
2.83266
3.46575
4.29959
4.40454
4.89355
4.40282
4.78365
4.47654
1.44748
4.23938
3.84596
4.43145
3.5982
4.25073
3.96495
2.55442
4.39179
2.781
4.26644
2.88669
4.94268
4.76777
4.16292
2.79118
2.27767
4.33333
2.75563
4.46359
3.37607
2.42878
2.27572
4.13216
1.35012
3.00725
4.54317
3.92314
4.6626
4.32091
4.97316
4.26258
4.54141
2.82275
4.66128
4.75422
4.43628
3.65832
4.77296
4.20574
4.40389
3.6023
2.5165
2.62585
1.53023
2.4995
3.4259
4.51171
2.39276
1.48375
2.66983
3.77499
1.65688
2.99095
4.04391
4.61803
4.81074
2.9345
2.51421
4.18938
3.81052
4.31138
3.88831
4.21682
4.28808
2.40878
3.63848
2.5223
4.59842
4.32552
2.93498
2.42619
4.28573
4.32498
4.08856
3.14657
4.07069
4.47579
3.70195
4.20168
4.81065
4.35506
2.91676
4.22437
4.68849
3.92722
4.50179
4.32301
4.99974
4.5032
3.66698
4.7008
4.49128
4.10602
3.62333
4.6593
3.42797
4.28773
3.0225
4.47594
2.95519
4.64286
4.28499
4.40166
4.98983
4.30576
3.88708
4.57209
3.78796
2.39599
1.49455
2.38489
4.17764
3.55964
2.3637
3.83873
3.02825
3.77396
4.22384
3.48958
4.51892
4.54593
4.31139
4.9031
1.73048
3.1325
3.85576
4.25242
4.73501
2.55864
3.0456
4.39903
3.90402
4.4296
4.38028
3.89618
4.46778
1.60167
3.09094
2.60995
2.62544
4.92641
3.82777
4.49914
3.14239
2.55099
4.55028
4.57505
2.84793
3.91665
4.6952
4.61147
4.61234
4.25951
4.41947
3.5997
4.21906
4.32908
3.77733
4.9871
4.61978
4.88897
4.58901
4.15611
3.22073
2.84504
4.56518
4.90524
4.68476
2.7123
4.43094
4.59828
4.34676
4.2985
4.90189
3.76085
3.69776
2.9478
4.25616
3.46994
3.96972
4.52198
1.67207
4.65699
3.89789
4.50246
4.86212
2.62267
4.51244
2.60158
4.7176
3.7011
4.06813
4.42247
3.83937
4.69128
4.20266
3.84202
4.98083
1.50833
4.75185
2.40283
2.5878
4.78358
4.40395
3.61268
3.93881
4.20969
2.92908
3.00668
3.11061
2.49926
4.46933
4.44048
4.77885
4.54204
3.62521
4.1502
3.59741
4.7447
4.36416
3.62479
4.03403
4.88253
4.3233
4.44697
4.20132
2.33043
2.31134
3.364
1.51055
2.98181
2.9546
4.5719
4.26279
4.35596
4.3439
2.52735
3.0368
2.75827
4.98029
4.27596
4.38575
2.71064
4.98211
4.10346
2.41335
4.13359
4.87411
2.77264
4.61175
1.44401
4.658
3.92686
4.67482
3.87203
4.20155
4.47798
4.3521
4.07801
1.40253
2.85252
3.11578
1.50409
2.51395
4.07607
4.21305
2.68373
2.56965
4.33688
3.88761
4.97115
4.41465
4.54331
3.76695
4.71893
3.00984
3.56643
2.99629
3.9027
4.67336
2.71573
4.44649
4.31408
3.8741
4.4217
4.66676
4.39529
2.66883
2.78242
3.95725
3.14097
4.88883
3.80968
3.02354
4.16331
4.90675
2.56221
4.46627
4.58609
4.45319
4.31775
4.61576
4.08737
4.34308
3.98504
4.95941
4.86817
4.70314
4.8272
4.97922
4.64898
3.62483
4.7047
4.40541
4.3305
4.78697
3.48025
4.28023
4.30903
4.49149
4.12052
4.9232
4.51867
4.23138
2.55183
2.68586
2.34132
2.99487
4.5003
3.86385
3.96839
2.9357
4.38824
4.45463
4.72485
4.40025
4.90324
4.2994
4.52427
3.58644
4.31495
4.45592
3.0365
4.59941
3.80289
4.49224
4.24253
4.9724
4.34814
4.53136
3.87067
3.00294
4.99225
4.34961
4.98325
4.66936
3.50837
4.46483
4.47897
3.75009
4.99153
3.05336
4.62605
4.32979
4.47458
3.8602
4.85465
4.54856
3.67129
4.64255
4.22394
3.04627
3.68421
4.48251
4.50642
3.91266
4.9619
3.9674
4.93734
4.72644
2.66672
2.28826
2.93234
2.85076
4.60769
1.31285
4.30797
4.51919
4.25846
2.90987
2.54584
4.19121
4.9425
4.13682
3.5283
2.44868
3.54773
2.32264
4.48741
4.05758
4.60595
4.92501
2.80574
4.81923
4.13894
3.39191
4.49229
3.60159
4.48576
3.57284
4.10437
4.85704
3.1748
4.67097
4.56218
4.69368
4.13477
4.4805
2.83449
4.54863
4.91784
3.0464
4.52245
2.40019
1.63349
2.77782
3.70532
4.6985
2.61166
4.64166
1.59249
4.62485
3.64343
3.07707
4.51041
3.90036
4.39089
3.79241
4.27989
4.44646
2.82158
2.41341
4.90437
4.50702
4.30208
3.92074
4.14359
4.61517
4.42016
2.88735
4.65707
4.49281
4.22261
2.59696
4.85407
2.95717
4.59384
3.57773
4.4912
2.89764
2.72013
4.16698
4.28753
4.12926
2.26026
4.92046
4.72728
2.63853
4.11711
4.61401
1.35155
4.27942
4.94927
3.76022
2.36997
2.48204
4.52085
3.33544
4.21806
3.82272
3.81653
4.4869
4.24809
4.90026
4.89747
3.01438
4.43958
4.49857
2.89853
4.40541
4.23594
4.86324
3.07544
2.46219
4.42685
3.89408
4.32475
1.66226
2.71071
4.52038
3.79133
2.59553
4.59006
4.05393
4.1211
4.60762
4.3663
1.449
4.8014
3.67037
4.45638
3.6266
4.14745
4.31252
3.86231
4.2269
3.12968
2.84427
2.52677
4.40094
4.15437
3.08746
4.61255
4.49925
4.32099
2.89218
4.87972
4.3761
3.03618
1.4907
4.47103
4.25203
3.8391
4.218
4.91162
4.16489
4.33318
2.48727
4.95947
2.85251
2.55283
4.44442
2.54562
4.71718
3.58109
2.98357
4.49352
4.25378
4.55737
4.31981
3.83933
2.96435
1.78733
4.3043
2.56241
4.48869
3.09825
2.4627
2.81454
4.91837
4.5668
3.78751
1.54438
4.89445
3.88334
3.20415
4.66956
3.88437
2.91533
4.28498
4.33992
4.46012
3.98403
2.70298
4.55139
4.60454
4.54889
4.85965
4.6828
2.95428
4.42933
3.72261
4.47289
3.74248
4.70953
3.8797
4.20041
3.9701
4.89741
4.96945
4.23161
4.61933
3.11783
4.4064
4.5476
2.20344
2.46521
2.58873
2.69336
3.58184
3.62004
3.6962
2.59975
1.52897
4.23668
3.8543
2.46144
2.90404
4.79103
2.64664
2.88467
4.41862
2.9323
2.84306
3.12057
2.98663
4.38986
4.58194
2.52376
1.49831
3.95189
3.90652
4.34961
3.88105
4.86835
4.51137
4.54882
4.7233
3.9951
4.83422
4.95533
4.14221
4.38271
3.5566
3.18808
4.40234
4.34091
4.99679
4.08266
4.3902
4.78216
4.18689
4.79661
4.27687
4.97508
4.40703
4.18172
4.4703
4.47273
4.39501
3.4886
3.55031
4.95428
4.34495
4.59321
4.16748
4.45311
4.53955
4.3807
4.92301
4.97127
4.90117
3.58018
3.2409
4.89266
1.48405
4.20249
2.83303
2.51324
1.41652
3.3746
2.89926
2.5241
3.09652
4.26143
4.41555
3.76039
2.68903
3.82868
4.33868
4.83289
4.9913
4.11493
3.48647
4.45172
4.65768
2.49647
3.77628
2.9805
4.35589
4.3985
3.93932
2.40065
3.65977
4.96535
4.76652
4.39508
2.47089
2.97742
4.81107
3.91513
4.2575
4.29733
4.61864
4.28695
2.99876
4.43313
3.96566
4.8031
2.70664
3.80207
4.33353
2.52312
3.81908
4.52471
4.28351
3.80357
4.30448
3.09427
4.82824
2.47063
4.57297
4.24555
4.48272
4.44261
4.46427
4.43824
2.70288
4.27564
4.26972
3.96441
4.4036
3.47429
4.66914
4.37706
3.98766
4.53986
3.02602
2.57547
1.53972
3.15727
2.52188
1.4216
3.60563
2.84003
4.73117
4.13214
2.74999
3.75107
4.41801
4.80192
4.43648
4.43674
4.52687
4.34235
4.67797
2.43959
3.97733
2.91238
2.5439
3.54679
4.43955
4.36908
3.95039
4.23804
4.60827
2.43696
2.84259
3.88566
4.44903
4.97533
2.55843
4.00514
4.35265
4.25719
2.68082
4.25876
4.56849
2.29141
3.15082
4.88217
4.11926
2.44631
2.85849
4.07154
4.34714
4.86973
3.78889
4.22334
3.65018
4.40257
4.46497
4.2263
3.86738
2.52517
4.87953
4.59298
4.20825
4.13527
4.48341
3.75847
4.22083
4.36519
4.98883
2.30669
2.92254
4.75668
3.48422
4.31719
4.44924
4.6545
1.29072
2.97322
1.63791
3.47056
2.85032
2.68355
3.00755
4.69542
3.98856
4.61111
2.73818
4.71191
3.96419
3.16781
4.74795
4.62531
4.70213
2.63505
3.66033
4.43004
2.57618
4.37803
2.88909
3.92406
4.77422
4.60614
4.18448
4.11227
4.85288
4.76148
4.04774
4.28404
4.97809
3.99837
2.58809
3.79733
4.378
2.52573
2.28172
4.71064
3.32157
4.21944
4.05382
3.54317
3.97457
4.43757
3.62569
2.70525
4.87819
2.33933
4.32218
4.20352
3.76123
4.27704
2.35219
4.17691
4.21941
4.99332
4.54148
4.43037
4.50319
4.43214
3.97638
4.37976
4.60644
2.61311
2.9549
3.90635
4.60064
3.99791
2.96674
2.4371
1.78918
3.10319
1.45599
3.66737
2.91185
4.34135
4.77151
4.3923
2.45026
3.79404
4.28299
3.64674
2.84815
4.53024
2.43055
4.91642
3.5268
4.35221
4.35069
2.38699
4.50545
4.30451
2.88902
3.87818
4.6143
4.34661
4.09625
4.21767
3.56737
2.42765
3.9187
4.56577
2.95747
2.41808
4.64755
3.50113
4.3611
4.37745
4.23977
4.73887
2.49113
2.76591
4.70372
3.86469
4.27717
4.50863
4.39439
4.61338
2.42462
4.88928
4.45595
4.24268
4.54186
3.81115
4.51761
2.47875
2.93944
2.35293
2.81083
2.50827
3.01058
3.74985
4.33891
3.28105
4.33755
4.66844
4.53848
4.31431
4.38525
2.86919
4.20204
2.46091
4.60064
4.43016
2.9181
3.05934
4.73471
3.75574
4.01858
4.50931
1.61975
2.59521
3.80628
2.61313
3.91454
4.66976
4.4666
4.96216
4.14071
4.42126
4.96267
2.50221
4.61123
4.37692
4.44769
3.03866
4.1955
2.80119
3.17887
4.49205
3.44351
3.76198
2.47267
3.79227
2.61348
3.67061
4.16905
1.52404
4.30908
4.48396
4.62146
4.3178
4.37143
3.90511
4.12184
4.41963
3.91118
4.80098
4.54287
1.67239
3.94408
2.92438
4.54155
2.89622
2.62695
4.65167
4.42152
3.04816
2.81142
2.53606
2.86819
2.53703
3.13426
2.42809
3.90012
3.96302
2.52625
3.78663
2.55303
1.67635
3.88375
1.59486
3.88955
2.55252
3.78324
2.55883
2.92195
2.8939
4.61385
2.35321
2.90867
4.9477
4.25065
4.28756
4.83371
4.28166
4.3958
4.57292
4.26229
4.99248
3.51009
4.31517
4.38332
3.59175
4.51574
4.20571
4.3963
4.64498
4.81061
4.37468
4.88082
4.54926
4.20849
4.16126
4.41498
4.39483
4.91436
3.47598
4.35473
3.78778
4.65869
4.29489
4.46044
4.7459
4.3961
4.88434
2.94232
2.29851
1.47036
2.70163
1.54679
2.71396
3.76426
3.86394
4.2624
3.15249
2.54003
4.13785
3.51914
4.46418
4.44722
4.06922
4.88056
4.95406
4.49222
4.47613
2.85638
2.42382
4.11799
3.94308
4.3911
3.86842
4.30733
4.26191
4.61915
4.26423
4.41871
3.08037
3.92506
4.67707
4.7183
4.70545
4.52468
1.77017
3.71548
1.48096
2.60288
2.83256
2.63028
3.05147
4.50291
3.15691
4.48901
3.91387
2.74504
4.80974
4.12473
3.62266
4.97766
4.50379
4.67417
3.8504
3.45405
4.3899
4.37833
2.88842
4.20029
4.49681
3.93968
4.79737
2.94932
4.55529
4.37413
3.80256
1.68331
2.47486
1.5026
2.70984
4.1736
3.6457
4.60946
4.55818
3.13817
1.42509
1.55747
2.76557
2.32321
2.63911
2.50613
2.8448
4.58403
4.18819
3.73827
4.71001
4.86911
4.99669
4.17229
4.41804
4.16503
3.32179
4.84175
4.33817
4.58989
4.35282
3.59773
4.75148
4.72228
4.90696
3.69687
4.17024
4.40759
4.21112
4.53067
4.432
3.73218
4.42025
2.51313
4.46239
4.17412
2.55277
3.84052
3.52622
2.97379
4.22825
4.43635
2.47484
4.65709
2.89591
3.63178
4.24045
2.37777
4.12068
4.47614
3.97403
4.89761
4.37152
4.97125
4.95533
2.76702
2.55229
1.51775
2.61851
4.4754
2.97412
3.44153
3.90088
2.46509
2.4527
2.60392
3.50912
3.80723
4.22836
2.88902
2.32623
4.25837
4.94123
4.40656
4.22062
4.71405
3.77182
4.83158
4.22214
4.60862
4.30194
4.5461
2.80035
4.55031
4.57035
3.83764
2.74
3.44976
4.90094
4.27756
4.3906
3.79245
4.90147
4.27459
4.80544
4.96674
4.27793
3.98256
4.34141
4.77993
4.49893
3.04464
4.79373
4.57464
3.92222
4.20645
4.62731
3.66464
2.8481
4.40434
4.97667
3.90474
3.9128
4.46865
4.97319
1.72269
2.56312
4.04994
4.85358
4.41816
3.84793
3.14637
3.70393
2.98293
3.50243
4.40133
4.34042
4.43652
4.88701
4.74549
4.33573
2.53919
2.93712
4.96158
3.74526
4.47097
4.41204
4.63567
4.37501
4.96848
2.7711
4.72874
2.40853
3.86553
3.50608
2.94031
4.40792
4.5486
4.08349
4.37402
4.27399
3.6626
4.36237
2.75072
4.81723
4.95796
2.32272
4.60342
4.31821
4.17129
2.52213
2.79337
4.2839
3.80165
3.32199
4.32939
2.37277
3.87974
4.93892
4.24778
4.29911
4.14466
3.71343
4.27831
4.27207
2.48865
4.21261
4.53413
4.88259
4.16471
3.25878
4.76135
4.80658
3.9198
2.25988
2.60654
4.14117
2.83968
3.21831
3.92642
4.25508
4.9954
4.09028
4.56925
4.96131
4.76333
4.35212
4.34871
3.12481
4.5727
4.80201
3.74886
4.18145
4.59632
4.21011
3.76564
2.31105
4.70244
2.89689
4.02446
4.21999
4.07455
3.75075
4.11745
4.82473
4.5494
3.99388
4.97323
2.65747
3.79024
4.17971
4.30704
4.2909
4.13403
1.42743
2.4664
2.71186
2.30903
2.75196
3.18855
1.42303
4.90173
4.16315
2.31313
3.96112
3.62608
4.75668
2.66178
4.53529
4.39345
4.88225
3.88605
4.16913
4.96932
3.07562
3.75746
4.40078
4.94474
4.66174
1.65476
3.03837
2.46963
2.7748
2.53779
1.4309
3.84175
3.03829
4.53326
4.32285
3.4121
2.70343
3.67747
4.03897
4.39745
4.25719
3.66253
4.95454
4.23599
4.41229
4.41581
4.6161
4.35266
3.85588
2.57622
4.41264
4.29248
2.5503
4.64416
2.4773
2.99141
4.1257
4.01002
3.44941
4.60349
2.50022
3.81276
4.26522
2.94921
4.90776
4.87432
4.15917
4.47424
4.07307
3.46673
4.57689
4.54005
4.64347
4.83998
4.51031
3.64102
4.96608
4.43565
4.5559
4.41874
4.85615
4.41415
4.9867
2.55784
2.93178
2.30576
2.97369
2.41213
4.54081
4.49028
3.34925
4.17301
4.99412
4.7164
4.23417
4.90423
4.57405
4.15527
4.38636
4.06328
4.29058
4.46224
3.84903
4.96949
4.29871
2.8734
4.39784
2.43553
4.76702
1.71066
3.99641
2.81714
4.49777
3.0036
4.39416
3.04463
2.63135
4.42664
4.61459
2.80727
3.48521
4.24419
1.33548
2.29127
3.82313
2.45285
4.90223
3.93638
4.07273
3.6261
4.17647
4.30628
2.75534
3.35581
4.91982
4.96572
4.14984
4.82672
4.78439
4.6675
4.17741
2.86758
4.94103
4.90481
3.90487
3.59826
4.89358
4.2737
4.01142
3.11247
2.67096
1.55603
2.55543
4.42314
3.53886
4.4703
4.20023
4.52498
4.21857
4.78371
2.91667
2.32949
4.13532
4.71463
4.38679
4.15878
3.95247
4.67341
2.94148
4.67806
4.48076
3.83937
4.35422
3.48363
1.71652
2.63991
2.94897
2.51853
4.95301
2.75427
2.34971
4.655
4.45102
4.036
4.04709
4.92362
4.06083
4.97891
4.92067
4.4153
3.94168
3.80017
2.79434
1.63817
2.6326
4.79689
3.33905
3.79813
4.21495
2.71885
2.4372
4.45066
4.76738
4.42999
4.89776
4.22425
3.52823
3.96189
3.59901
4.12973
4.03171
4.43068
3.22804
4.9893
4.40286
4.26628
1.55243
2.70849
4.36073
4.23245
4.82436
2.80386
4.18772
3.73547
2.17169
1.48522
2.4819
1.46193
4.58497
2.99805
3.83415
4.33317
2.32
1.54279
1.4136
2.8568
2.28077
2.70854
4.89961
4.96096
4.27426
4.34156
4.19303
4.93648
3.43495
4.40811
4.94428
4.54197
4.46112
3.55242
4.58174
4.63665
4.36293
4.61832
4.79282
4.08635
3.53465
4.39636
3.6777
4.38925
4.67337
2.3918
4.03752
4.20332
2.3193
2.5073
3.90362
3.38212
4.36281
4.32301
2.96311
2.49902
2.78299
4.37864
4.21032
3.72011
4.21222
4.47573
4.37013
4.88136
4.57451
4.89182
2.86179
2.27098
4.31815
4.8808
3.57586
2.35983
2.4333
3.47073
3.65175
4.07882
4.97018
3.74451
4.19642
3.75834
4.54877
4.46656
4.54626
4.92039
2.81577
3.4606
4.25192
4.84266
4.62466
4.40404
4.90683
4.07554
3.07456
4.58326
4.23062
3.97939
2.43113
3.94
4.52192
4.41233
4.45009
1.49983
4.51935
2.72464
3.87227
2.78017
1.57116
2.58926
4.98037
4.33758
2.85621
3.44793
3.86319
2.57535
4.59225
2.95228
2.48182
4.24433
4.59791
4.31353
4.64001
4.45642
4.54696
3.06572
4.13403
4.42813
3.77851
4.24889
1.57241
3.98953
4.25681
3.7993
2.73186
3.24668
4.42731
4.30633
4.49276
3.85268
4.44087
4.66033
2.58615
2.90232
3.8303
4.55282
2.67478
4.43261
4.76268
4.99734
4.41703
4.67655
2.68601
3.96494
3.64541
3.10699
4.02027
2.3782
2.83776
4.93528
4.05669
4.30025
4.83754
3.59322
4.07486
3.45951
4.97531
4.19325
4.75566
2.21686
2.44905
3.89002
4.4074
4.12929
4.94355
3.38676
2.79012
4.33268
4.46079
4.9635
4.76556
4.10903
4.14444
4.19592
4.47205
4.53189
2.60053
4.20798
4.21562
3.62742
4.37446
2.70067
4.34647
4.00155
2.87235
2.36396
2.356
4.24057
2.7414
3.42927
4.66833
4.20632
3.87414
4.21493
4.9223
4.84328
3.81025
4.58365
4.55376
3.02184
3.79145
4.30894
4.46418
2.88368
4.21534
4.55601
3.53995
3.86226
4.29626
4.87964
4.42608
4.0364
4.70117
3.61045
4.82531
2.72691
2.80333
4.24585
4.96385
4.36642
4.49419
3.45373
4.68703
3.85544
4.12395
4.86677
4.60808
3.95916
4.98023
4.71437
2.59068
2.45274
2.97374
2.54134
3.02393
3.38859
4.34285
4.95954
3.93121
4.36761
4.88304
3.7645
4.96603
4.61256
4.63867
2.98451
3.50487
4.35522
4.42562
4.44007
4.24956
4.97228
4.37655
4.69227
4.02382
3.80623
4.21888
4.32137
3.68185
2.38332
4.43546
4.36221
3.0447
4.64698
1.47582
3.80642
2.94288
4.83706
3.02322
4.22293
2.96272
2.42921
4.51778
4.25978
2.75617
4.58502
3.69817
2.58443
2.5362
4.00545
4.50933
1.67041
4.67114
4.31937
2.91151
4.47716
3.82033
3.98684
4.96194
4.39891
4.73685
2.46937
1.41994
2.31816
1.63106
2.53235
3.50906
4.26744
2.78751
2.40271
4.99998
3.55866
4.41618
4.02834
4.75314
4.15064
4.96784
3.80653
2.75697
2.79743
3.75548
4.2112
4.7978
3.31565
4.60893
4.42829
4.62283
4.35736
4.90914
4.29731
4.50575
4.97165
4.88705
4.29251
3.81812
4.95559
3.94601
4.53746
3.17212
4.7064
4.41683
3.87075
4.64424
3.63926
4.19763
4.60118
2.95775
4.52656
3.61388
4.84748
2.91175
2.47424
1.62939
2.53029
4.36284
3.4696
3.91003
2.56635
4.66103
4.39315
4.28522
4.35231
3.0229
4.01172
4.31656
2.51226
4.34935
3.92188
4.20216
4.4607
4.4585
1.518
4.81239
2.90869
3.93583
2.9798
1.555
2.84569
2.45106
2.48945
4.70227
3.58969
3.78552
4.42289
3.09801
2.67885
4.42307
4.63544
4.38607
4.99798
4.11571
4.90744
3.90742
3.79141
4.4617
4.69446
4.86619
4.59068
4.28503
3.35592
2.88962
4.2052
4.43118
4.5398
2.82523
3.80105
4.60174
4.34812
3.90673
1.40394
2.66549
3.84576
4.58928
3.5297
3.0042
4.24986
2.39325
4.29098
2.73578
3.76474
4.65297
4.93255
4.99836
4.29907
3.84
4.30706
4.89702
2.5083
2.41449
4.32018
3.77894
2.86693
3.56206
4.54317
4.47961
4.69
4.87949
4.30311
4.29146
3.85084
4.28076
4.61798
3.77384
2.98126
4.76623
2.55451
4.88915
4.27042
4.80267
2.70997
4.38704
4.50963
4.99911
4.22454
2.99371
3.68111
3.54406
4.63505
2.48148
4.15397
4.44555
4.68531
4.13192
4.28375
2.33398
4.39126
3.72881
4.80616
4.21817
3.04811
4.2549
4.53066
3.57217
2.78843
2.41838
4.25497
4.45721
4.82053
4.60732
4.30432
4.68343
4.33727
3.83935
3.8536
2.94263
1.52939
4.51084
2.5321
2.53814
4.72181
4.38187
3.05059
3.59438
4.05917
4.46253
4.46476
4.24799
4.33175
4.15898
2.53416
4.98561
4.94433
2.92994
4.18985
4.7352
3.75997
3.69493
2.97617
3.86745
4.1561
4.9068
4.38843
4.56828
4.41385
2.47193
2.39501
2.97298
3.65389
1.50604
4.4732
3.99258
4.46804
4.4471
4.33041
3.72858
4.28368
3.00041
4.62933
4.54622
1.48392
3.09374
4.31843
4.65859
2.53308
4.40135
3.80011
2.98651
1.4279
2.80211
2.72454
2.43375
1.47447
4.27046
4.33749
4.65301
3.87294
4.48575
4.36092
3.87439
4.5377
2.48023
4.35391
4.33406
2.56079
2.62251
2.36438
3.938
2.94061
4.65608
4.36551
3.69213
2.99983
3.81795
4.31983
4.58868
4.75227
4.93595
4.8607
4.00452
4.42059
4.13861
4.82267
4.65974
4.95776
3.39702
4.23362
4.79878
4.60001
4.37265
3.70648
4.10485
4.37562
4.37925
4.42469
2.60001
2.61738
2.96583
2.51278
4.74969
4.08206
4.42304
4.52073
4.96496
2.98595
4.24061
4.81553
3.90494
3.87559
3.01195
4.97954
4.3074
4.89786
4.78273
3.73363
4.50067
4.38403
4.86389
4.46788
4.09042
3.99535
4.58058
2.83653
4.51398
4.8733
4.67135
3.79905
3.79784
4.94414
4.52844
4.41513
4.98173
3.09225
3.47276
4.42748
4.55988
3.9762
4.8745
2.61775
1.43236
2.37503
3.85531
4.29173
4.64315
3.78065
3.04325
4.87021
4.36216
3.53409
4.50242
4.61246
4.29572
3.8676
4.29265
3.65406
4.24606
4.18423
2.76606
2.26683
4.82799
4.16141
4.447
4.16762
4.70622
4.51277
2.87155
4.32566
3.76016
1.43365
2.87146
4.3346
4.30286
4.92424
2.88028
4.11256
3.88789
2.55224
1.74427
2.47306
3.40792
4.44892
2.90906
2.51291
4.56813
4.60969
4.42226
3.8439
3.12767
3.90905
4.73147
4.85721
4.38498
4.9314
3.04475
2.38164
4.66224
4.29326
2.89325
4.19808
4.50574
4.14208
2.39992
4.22294
2.85755
2.93657
3.77573
4.49438
1.44698
4.14452
4.89946
3.75134
2.36328
2.5361
4.56042
3.62255
3.9479
4.19411
4.5206
4.25726
4.92292
4.97919
4.50837
4.05799
2.89983
4.45839
4.33267
2.6054
2.83268
4.8982
2.88029
3.87559
4.56349
3.80391
4.80531
4.44788
1.51132
2.35504
4.23196
3.7234
3.93712
2.5582
4.62076
4.60632
4.45627
4.11209
4.00287
4.4239
4.36087
4.27437
1.46091
4.69251
4.65511
3.81339
3.06851
2.94288
3.21255
2.5686
4.39868
4.73097
4.46674
1.55278
4.35376
4.22094
2.62717
4.63282
4.39679
3.05243
4.0066
4.72689
4.43583
2.54197
4.34052
2.74816
3.82924
4.54154
3.99828
3.08213
3.67086
4.68009
4.03774
4.2773
4.06952
4.45314
2.33607
2.75999
4.46974
4.02083
4.16228
4.84874
2.38955
4.16624
4.22428
4.97924
3.81524
2.64382
3.73208
4.43633
3.48318
2.92621
4.3264
4.37814
4.4488
4.03034
4.31217
2.83137
4.42411
4.69714
4.74038
4.60518
3.75205
2.98584
4.38667
4.41463
4.47082
3.94561
2.57385
4.40413
4.35182
4.64808
4.32856
4.28947
2.98778
4.59414
3.90319
1.61347
2.98961
1.56365
4.40685
4.59187
2.49763
4.39809
3.86046
3.11345
2.58207
2.52198
4.71747
4.49305
2.9871
3.57163
3.61353
4.08961
4.98068
4.3098
4.94307
3.7019
4.98924
4.92335
2.82556
4.01375
4.41284
3.32452
4.65007
4.56067
4.31955
3.64753
3.02157
4.65497
4.45569
4.06837
4.31087
2.45412
2.4093
3.66481
3.42208
1.37898
4.13882
3.75614
2.33646
3.65669
2.29434
2.86273
2.86741
4.10333
4.40854
2.39342
2.82111
2.52104
2.59716
2.94343
2.98322
4.45499
3.02086
4.6399
2.54025
1.55173
4.04152
4.44416
3.83635
3.9453
3.52856
4.97975
4.32945
4.35192
3.43148
4.70086
4.43176
4.25199
4.62809
4.06609
4.93807
4.27862
4.64091
4.31125
4.38826
4.26789
4.35775
3.56841
3.21068
4.15308
4.63758
4.52977
4.1428
4.4504
4.75369
4.96465
4.13715
4.90101
4.87265
3.3522
1.34574
4.24985
1.49019
3.36653
2.86522
2.55729
2.78946
2.3558
2.74752
4.4564
4.74556
4.92295
4.24302
3.70407
3.64309
3.1722
4.768
4.08122
4.4455
3.89686
2.29714
3.26513
4.8073
4.40753
4.02543
2.67863
4.76418
4.94068
2.42827
3.65247
4.22969
3.94144
4.39025
4.50548
3.94378
3.15038
4.3034
4.63138
2.69542
3.76221
4.50627
4.52346
4.62139
4.96159
4.36447
4.21379
2.51989
3.77058
4.70984
4.18023
3.14837
4.9425
3.72615
4.43922
2.4107
4.971
4.69664
4.4508
2.44577
4.25955
3.68998
4.14772
4.00672
4.49264
4.26669
2.87411
4.90762
3.80351
4.17948
2.37637
1.5176
1.56191
3.49198
2.88899
2.46131
2.85671
4.9266
3.37798
4.68356
4.29498
2.96842
4.6139
3.73857
2.43354
4.92416
3.72986
4.12083
3.73879
4.21863
4.39367
4.61073
2.95283
2.4013
3.80188
4.17197
4.79097
2.40355
3.89794
4.49731
4.35297
2.95417
4.23765
4.54293
4.40727
4.4264
4.25005
3.76938
2.43897
3.43924
4.33519
2.44318
2.94391
4.65646
4.52535
3.95459
4.25275
3.90734
2.64114
4.12656
4.47287
4.39108
4.56521
4.62216
2.4436
2.98564
2.75371
2.94362
2.41047
3.01335
3.54599
4.33129
4.40845
3.52904
4.52514
4.98222
4.56377
2.93884
2.85687
3.58192
3.94443
2.58388
3.98482
4.38668
1.87102
2.5789
4.07798
4.48068
4.48619
4.52565
4.94808
4.66571
4.97717
4.01657
2.47688
4.22418
4.08165
2.77444
3.93284
4.52427
4.46276
4.17119
4.11577
3.7074
4.28973
3.69973
2.73043
2.94291
4.7709
3.58446
3.7866
2.51283
3.89222
2.52712
3.87177
4.24731
1.46511
4.92459
4.80124
4.41985
4.58829
4.63084
4.4254
1.52608
3.91583
4.96927
3.11249
2.44183
4.80381
4.39214
2.834
4.45631
2.8276
2.9636
2.48555
2.8453
2.40777
2.91551
2.46522
3.84179
3.76971
2.31234
3.72704
2.53934
1.55804
4.31545
4.35771
3.88073
3.88365
2.58832
1.53583
3.94137
2.49521
3.0055
4.7589
2.64877
2.9854
3.05558
3.4475
4.39275
4.32053
4.9699
3.38503
4.62468
4.29438
4.16013
4.6047
4.28992
4.87297
4.56346
4.26211
4.43788
4.77277
4.4
4.95478
4.76846
3.62592
4.13611
3.35036
4.7101
4.29469
4.44148
4.34709
4.24921
4.95906
4.8379
2.91166
2.61609
1.4851
2.40932
1.55619
2.54807
3.50919
3.78143
4.25583
2.94117
2.53527
2.84299
3.86099
2.53975
3.56078
4.04343
2.72652
4.44841
2.99624
2.54103
4.78305
4.36531
4.47696
4.50876
4.61408
2.93117
4.50392
3.76639
3.52078
3.0281
4.31477
4.72945
3.70528
4.40058
4.83685
4.40118
4.92159
3.80018
3.95418
4.51319
4.56555
2.62029
4.61007
4.45508
3.628
3.49557
4.19837
4.46031
2.84623
4.90221
4.97836
4.1948
3.74823
3.82258
4.65213
4.88072
1.52314
2.42449
1.3937
2.53333
3.82303
3.44581
4.47156
4.35122
2.90878
4.8802
3.83777
3.57191
3.00738
4.70693
4.3244
4.61974
4.30057
4.89237
2.50811
3.85559
3.40964
4.50201
2.49597
2.85196
4.36579
4.16875
3.93905
4.43578
4.34787
2.93873
3.82081
4.32932
2.4656
4.9696
4.60741
4.40301
4.39257
3.80002
4.2206
4.31407
4.1207
4.88021
2.39978
3.61686
3.40148
2.76574
4.1742
4.39494
2.42886
4.94155
3.77376
4.31807
4.35772
2.54221
4.49803
4.15632
4.05972
2.94154
2.42013
1.62263
2.49641
4.24245
2.74794
3.30749
3.85326
2.38308
4.47047
4.67786
3.67345
4.61322
4.41391
4.88029
4.62509
4.51728
3.00588
3.89229
4.61454
4.45596
1.34812
2.59576
2.8249
3.45506
1.56912
2.61152
2.98455
4.34213
4.29879
3.86728
4.99372
2.72248
2.50641
4.39134
4.94133
3.78808
4.34752
4.60856
4.52132
4.31044
3.78174
4.35748
4.58087
3.52472
2.98513
4.07623
4.44011
3.08062
4.44271
4.58553
3.75506
1.57113
2.4133
3.79407
4.428
4.07683
3.41427
2.83764
2.46472
4.32718
1.65928
2.97403
2.66537
1.66012
3.10558
2.49508
2.85694
4.41957
4.54404
3.95569
4.29176
4.25614
3.6146
4.92734
4.28428
4.61407
4.16376
4.56012
4.61129
3.62991
4.51146
4.73239
3.96467
4.29195
4.72924
4.82652
4.33375
4.82461
4.48545
3.65966
4.39559
2.36107
4.39031
2.30268
2.91169
4.26876
3.76139
3.46084
4.50722
2.5405
4.11748
4.48752
3.95091
4.38595
2.83968
2.51142
4.3475
4.46269
4.37365
4.36981
4.87026
2.8399
4.18269
4.37083
4.53845
3.45036
3.80825
2.59458
4.44425
3.14878
2.68296
3.83923
3.92667
4.32268
4.79507
4.43141
4.96827
3.67849
4.17773
4.34651
2.88626
3.27274
4.90022
4.91442
4.19743
4.67819
2.68038
4.28879
4.04127
4.98635
2.92536
4.28923
4.97976
4.73107
4.4581
4.2647
4.69036
4.53261
4.1252
4.12331
4.20839
4.46607
2.81964
3.75835
4.57417
4.7315
4.24326
1.54975
2.32648
2.86211
2.31051
2.90877
3.44496
1.47271
4.40482
4.24825
4.52649
4.00237
2.63785
3.11537
4.85103
3.77319
4.94739
2.85818
4.10285
3.62088
4.88167
4.18731
1.52543
2.80262
2.3961
2.78788
2.44642
1.44268
4.24558
4.19653
3.90197
4.56344
4.45635
3.07016
3.49847
2.93851
4.3935
3.73368
4.62207
2.50711
4.32041
4.42847
2.40679
2.96
4.32685
4.59777
2.54305
3.96731
3.66986
4.64565
3.84857
4.48076
2.32094
3.0065
4.94445
4.99722
4.7782
4.16673
4.08271
4.30706
3.28625
4.41982
4.16597
4.57177
4.53299
4.63467
3.5058
4.92818
4.91959
4.28321
4.41524
4.18455
4.48403
4.89183
2.50508
2.91546
2.39688
2.9749
2.45315
4.51606
4.51004
4.63548
3.65433
4.24246
4.64686
4.54946
1.50125
3.79827
3.02616
2.75347
2.41514
4.52647
4.25935
2.8252
4.40227
2.98585
3.52277
2.4771
3.92493
4.43492
1.34733
2.45367
3.6768
4.93612
4.26275
4.56235
4.13578
3.76514
4.99831
4.39398
4.58619
2.77375
3.42895
4.39874
4.49379
2.93076
4.61588
3.69365
3.91491
4.61198
4.20448
2.85567
2.46825
1.45828
2.42297
2.73821
4.92147
4.34925
3.76826
2.53916
3.5104
3.82646
2.31709
4.23715
4.48637
3.8187
4.81843
4.36497
4.91954
3.55817
2.85882
4.27687
4.47741
4.45597
4.3298
2.93443
4.4681
4.84074
4.29784
3.8513
2.41607
4.355
3.76081
4.3319
4.43196
4.22911
4.52983
4.28028
1.46479
4.82676
2.81165
2.90621
1.49184
2.49415
3.55757
3.9173
4.42174
3.10712
2.60329
4.68819
3.86319
2.78542
2.54264
4.54066
4.58899
4.19501
4.61896
4.99862
3.00599
3.57601
4.66795
4.93405
3.90512
4.28111
1.56877
2.48311
1.3587
4.81093
4.8977
3.72472
4.13918
3.83383
3.43014
2.74394
4.45508
4.30658
2.3601
4.56998
4.89423
4.16498
4.36798
3.95402
3.75558
4.82305
2.50089
3.01379
4.35859
2.55881
3.10839
4.67712
4.53269
3.92637
4.29388
3.88665
4.36809
4.47144
4.48203
4.70043
4.20626
4.80825
2.47658
2.37674
3.7744
3.70014
4.77481
4.43627
3.06729
4.19139
4.58364
4.90386
4.30053
2.52904
4.39407
4.50955
3.82919
2.9453
2.34676
4.96951
4.37031
4.5482
3.35251
4.58359
3.75048
3.99275
2.66569
4.19336
4.89033
4.31536
3.75862
4.26399
2.52194
3.00236
3.68663
1.49416
2.38236
2.90821
2.64803
4.42387
4.99381
4.80492
4.33297
4.47835
4.92739
4.14911
4.31919
4.54096
3.90449
4.48791
4.40982
3.89902
4.34233
4.23243
3.7329
3.67451
2.87005
1.42641
2.4132
4.26664
3.08066
3.71226
4.01486
2.60046
4.70987
4.43228
4.31776
4.81643
2.83987
4.61907
1.43065
2.94001
4.46259
4.58191
4.35131
4.01279
3.10381
2.45051
1.62588
4.2728
2.32851
4.58813
3.76838
4.46511
2.98728
2.42264
1.55939
2.95053
2.598
1.51624
2.89838
4.22587
4.25064
4.92263
3.42964
4.31267
4.21197
4.98659
4.41282
4.6284
4.41269
3.47017
4.64472
4.32193
4.671
4.24267
4.94214
3.68821
4.56788
4.04403
4.17283
4.46201
2.42542
4.14896
2.64618
2.43127
3.7932
4.54586
4.4595
3.677
3.12247
4.34217
2.50034
3.01406
4.33161
4.86975
3.77227
4.29288
4.18329
4.98436
4.34997
4.1547
4.59596
3.8356
4.39088
4.38049
4.00717
2.62749
2.96871
2.63982
4.4838
3.08693
2.50119
3.65167
4.56008
4.6061
3.78221
2.7033
4.2425
3.74208
4.98122
4.56113
4.2726
4.63744
2.72584
3.48659
3.79696
4.33519
4.83059
4.73865
4.47627
3.78535
4.9666
4.98246
3.00548
2.71608
4.15929
4.40515
4.64593
4.71111
3.65221
4.51398
3.90346
4.41885
4.99888
4.49993
3.63825
4.79599
3.73545
1.43648
1.65573
3.71388
3.0226
2.98624
2.61075
2.87248
4.83727
4.05789
2.52881
4.42743
2.54443
4.41564
3.64708
4.91817
2.88681
4.6591
3.91297
4.40889
4.02352
4.18519
4.44589
4.04849
4.94997
4.18445
4.80688
4.96191
3.73733
2.63324
4.39074
2.51059
4.40752
4.34463
3.799
4.36233
2.21596
4.91549
4.01637
3.75625
4.06875
4.21951
3.20314
4.31115
2.81838
4.94309
3.56268
2.25634
2.38325
4.36228
4.37031
4.93452
4.54747
4.47392
4.73051
3.06535
3.99271
2.61405
1.51159
1.62363
3.6509
2.91433
3.01519
2.63176
4.4927
4.43202
2.58866
3.4424
4.68886
4.33047
2.97272
4.66517
4.98073
3.85649
4.21429
4.18017
4.25993
3.65421
4.77893
4.92735
2.3619
3.83345
4.68813
2.85627
4.26785
4.31484
4.22127
4.39387
2.38698
4.71837
4.33269
4.12984
4.2888
4.56469
3.60766
2.56811
2.94699
4.54621
4.95708
3.71575
2.52824
4.27778
4.26397
4.84356
4.50165
3.82265
2.54815
3.08193
2.63965
2.57658
3.01287
3.51914
4.50847
3.80498
4.58566
2.94835
4.60813
3.43846
4.32587
4.8122
4.55064
4.42153
4.21337
4.43092
3.61634
4.08594
3.81241
4.81836
4.48734
4.71173
4.92662
4.24396
2.25308
4.12598
2.9358
4.61432
4.26573
4.51055
1.40272
3.8434
4.96163
2.69774
2.46285
4.48522
4.23528
2.73257
4.16794
2.98121
2.57586
4.25415
3.2873
2.44174
3.80616
2.296
4.17398
1.37066
2.82697
3.84516
3.90498
4.61162
4.80813
4.24624
4.69273
3.14747
2.54363
2.532
1.57336
2.38481
3.67014
3.99568
4.42722
2.60952
1.51368
2.98768
1.48789
2.8891
4.5505
2.93847
3.6306
2.45429
3.46526
3.86507
2.45497
4.34661
4.35875
2.84158
2.52056
4.99571
4.54386
4.29873
4.26083
4.89936
4.20268
3.96332
4.22018
4.57057
3.72253
4.40737
4.38292
4.80175
3.46635
4.0734
2.76697
4.51233
2.8736
3.9363
4.66368
4.30852
3.91552
1.5532
1.65267
2.67918
4.02282
3.7527
4.81563
3.20923
4.58554
2.4572
2.71652
4.4462
4.02444
3.58234
3.04765
4.66957
4.37028
4.80029
4.00705
3.78717
4.12023
4.2312
4.27692
2.89327
4.83761
3.67883
2.43279
4.99006
4.15845
4.4117
4.9681
4.59134
4.23862
4.35255
2.34721
4.48542
4.8393
4.11885
4.46171
4.81552
3.91879
3.41952
2.61344
4.53165
2.54349
4.49444
2.55493
4.43634
4.82482
3.85401
4.48428
2.50366
1.54262
2.59954
4.50211
3.00212
3.61041
2.55862
3.90505
2.69098
2.91993
3.7644
4.30935
4.57658
4.47965
3.42111
4.81901
4.38986
4.29957
4.8332
4.36272
4.55786
4.35229
4.90327
3.84543
4.88713
3.7978
4.68159
2.73036
4.31329
4.97106
4.44521
4.00317
4.9954
4.7537
4.32621
4.51866
3.2628
2.84515
4.59305
3.84843
4.91976
2.97584
4.3138
4.74457
3.6773
3.89249
2.8715
1.56578
4.5473
3.85195
2.49595
4.30753
2.88848
2.446
4.33856
3.44045
3.77039
4.37971
4.96685
4.49666
4.65419
4.26105
2.64401
4.44783
3.11681
4.34451
4.90972
4.73298
4.51387
4.07254
4.12874
4.17186
4.41986
3.79158
4.24325
3.91176
2.92822
4.31768
3.72624
4.98812
4.80634
3.68234
4.42683
4.26286
2.48701
2.97562
2.27568
3.50286
1.55618
2.99384
4.38895
1.5316
2.98809
4.47651
4.99577
4.21518
4.39633
4.36767
3.67493
2.41716
4.99285
2.95982
1.50208
3.08496
2.60156
2.99436
1.60697
2.56808
2.44766
2.50655
2.43367
4.37837
4.14496
3.86503
4.55018
4.31215
2.88436
3.37892
2.90881
4.20887
3.74299
4.501
4.97247
4.33759
4.16506
4.40074
4.8445
4.11747
3.70541
4.71793
4.5647
4.31526
4.50441
3.39767
4.29774
4.31265
4.26107
4.42779
2.61723
3.11514
2.63221
2.53738
2.77265
3.81822
3.73069
2.85324
4.63772
4.2846
4.83422
4.21131
4.34798
3.37293
4.21755
4.55304
4.5995
4.33678
3.77957
4.30244
3.00847
4.27506
4.05234
3.8546
4.97548
4.79292
4.56484
4.76242
3.11915
3.74127
4.29217
4.3495
3.82561
4.53926
4.96346
3.08001
2.64215
2.56429
3.10737
4.06385
4.69788
1.64357
2.7952
4.96771
4.41546
3.77311
2.44297
3.48234
3.77103
2.45334
4.68291
4.23063
4.52975
4.16721
4.93726
4.50811
4.97372
2.81465
4.36161
4.82464
4.43035
2.34713
4.46285
3.67348
4.27638
3.5985
4.03196
4.24634
4.15539
2.96122
3.97496
4.56999
4.89178
3.80833
4.40013
2.95875
1.71526
2.56218
3.40495
3.83959
4.37117
2.3425
4.53861
1.4109
4.45803
2.87816
4.96128
2.74577
4.43685
3.54687
2.96326
2.34985
4.88181
4.46768
4.12733
4.30152
1.6666
1.57983
4.554
2.50831
4.47309
2.51747
4.9506
3.92926
4.20646
3.85881
3.37299
2.75373
4.53866
4.34683
4.15517
4.33845
4.54173
2.5681
3.02469
4.41326
4.89171
3.67837
4.14402
4.02874
4.22905
3.69182
4.35376
2.55157
4.22667
4.95553
4.27386
3.90347
2.62091
3.93105
3.37415
4.6631
2.84546
4.35458
2.31627
4.23228
4.26808
4.60086
4.77297
2.585
4.74827
3.95503
3.03406
4.97055
4.34798
4.57938
3.51083
4.37176
4.68097
3.62824
4.13542
4.30178
3.98508
4.29511
4.00786
3.19743
2.63432
4.38714
4.44791
4.51031
4.26385
4.601
4.35742
2.81899
4.25117
1.53844
2.69193
4.05736
4.58108
4.07238
3.75001
4.88376
2.86495
2.46481
3.81609
1.56401
2.51401
4.38197
2.8888
3.69458
2.50373
4.66926
3.96031
2.87704
3.91907
4.16004
4.69081
4.39355
4.98483
3.10709
1.59869
3.04784
1.39466
4.69347
3.68483
4.4753
4.55971
4.32031
3.88252
2.53866
4.98245
2.74751
2.43746
4.27501
2.73294
2.277
4.59143
3.41042
4.00217
4.45847
4.85198
4.90953
4.95661
4.47693
4.18018
4.56708
3.90795
3.05911
4.37444
4.45492
3.37088
4.59511
3.72758
2.7925
4.8396
4.37563
3.75943
4.2505
4.9909
4.82957
3.79842
2.49551
2.64272
3.59586
2.53121
2.39552
2.90178
2.94056
4.47244
3.03139
4.21918
4.74808
2.62653
1.74053
3.99882
4.48272
4.03871
4.48017
3.94734
4.2717
4.97363
4.98329
4.65462
4.29497
4.83693
4.91577
4.27931
4.39871
4.26457
4.73551
4.61911
4.44974
4.12116
3.51648
3.39375
4.98878
4.63817
4.70651
4.41172
2.5955
2.57697
4.5223
4.41735
4.03698
3.72869
4.04519
2.55006
1.66811
4.22333
4.0608
2.53929
3.11139
4.81231
2.59419
3.00101
4.54708
3.10477
4.43985
4.57653
4.32551
4.82669
4.91195
4.38492
4.65134
4.3319
4.77135
4.57636
4.84067
4.62616
4.19606
3.64583
3.64352
4.47335
4.63822
4.44108
3.47794
4.27569
2.48267
4.12231
1.54486
4.3415
2.89459
2.56645
1.52383
3.30437
2.9687
2.45233
2.96808
4.33706
4.58095
4.92429
3.83679
4.07932
4.58364
4.54061
4.42699
4.91483
4.57489
4.42426
3.71445
4.25815
4.26984
4.25313
4.8572
4.16072
2.86863
4.43238
3.6264
4.5982
2.40874
2.51434
2.64754
3.61791
4.32904
4.2885
4.5057
4.28089
3.92589
4.32663
2.96078
4.91848
2.57442
4.32506
4.35249
2.43455
4.60973
4.27004
3.78629
4.27703
2.87198
4.72038
2.31409
1.44394
2.99483
2.39933
1.5162
3.64488
2.81629
4.60785
4.79567
4.31604
3.88718
4.9439
4.95066
4.33523
3.86662
4.24846
4.53767
4.35716
4.41612
4.98869
4.48695
2.75199
3.98224
4.61913
4.34904
2.89174
2.47281
2.54484
3.45107
4.28778
4.22077
4.48104
2.6183
3.01516
4.29546
4.5279
3.86573
2.49367
2.52342
3.90979
3.44346
1.47645
4.36279
3.84903
2.46894
3.97324
2.65944
2.99359
2.91327
4.42458
4.71309
2.37773
2.93148
4.08025
4.73713
4.42035
4.92351
4.28023
4.37916
4.34638
4.86781
4.80359
4.16495
4.48892
4.23291
4.80202
3.55773
3.57651
4.89269
4.4557
4.62446
4.28739
3.43278
1.56001
4.31694
1.52507
3.62635
2.96514
2.42856
2.98574
2.67458
3.07475
4.61781
4.24954
3.89059
3.83735
4.31751
4.44634
4.4751
4.29397
4.19433
4.41311
4.99027
3.79916
2.77159
4.33325
4.64933
2.46107
4.50632
4.13193
4.95629
3.76974
4.24082
2.53158
4.41851
4.35396
2.46439
3.59268
4.51398
4.33805
2.95622
3.88122
4.21683
2.5236
4.4754
4.27957
2.78804
4.94346
3.73469
4.13024
2.43621
1.3635
1.72547
3.57812
3.05445
2.70026
2.87891
4.32425
4.59665
4.19425
3.84571
4.15212
4.16569
4.39462
4.93249
2.48423
3.65534
4.70032
4.39815
2.94288
4.46811
4.03022
4.4463
4.50281
2.30038
4.42027
4.20562
2.72548
3.52818
4.45698
2.81328
3.01106
4.66739
4.55079
3.99011
4.73515
2.60643
3.14256
2.60589
2.94713
2.62442
3.10849
3.67967
4.46456
4.27744
4.56892
4.06769
4.25862
4.16633
3.84968
4.44832
3.62742
4.99597
4.41395
4.78484
4.90986
4.1659
2.26958
4.56432
4.33328
2.80555
4.48914
4.34113
4.48728
3.67116
4.85666
2.32769
4.68248
4.10037
4.28477
2.79552
4.54426
1.48266
3.04223
2.94377
2.9696
2.89001
4.49635
3.4103
3.91566
2.60579
3.95353
2.55331
3.82504
4.49212
1.7146
2.93054
2.54594
2.97354
2.33094
3.14082
2.49778
3.83197
3.75589
2.6265
3.89541
2.27556
1.57645
4.26109
4.56725
4.34543
4.88753
4.3364
4.72611
4.53434
4.81348
3.96125
4.90752
4.89311
4.55552
4.25785
4.75498
3.47185
4.21274
3.74083
4.3203
4.29156
3.0445
2.52485
1.48455
2.71052
1.70304
2.52827
3.47556
3.93798
4.38647
2.78951
2.52693
4.44626
4.65018
4.19868
3.83941
4.34428
3.78455
4.93235
4.97293
3.90484
4.74681
4.51158
3.03744
4.72615
4.64711
4.01596
3.65436
4.44044
4.58016
2.96767
1.56559
2.34256
1.69105
2.51777
3.92958
3.56363
4.58338
4.23229
2.98437
4.44398
4.15068
3.96255
4.52224
4.299
4.65791
4.58154
4.32633
2.94091
4.03797
4.17877
2.57207
4.91258
3.79089
4.2211
4.60527
4.34045
4.50888
2.66443
4.42023
4.50294
2.52972
4.02642
3.59696
3.06132
4.33419
4.71675
2.54539
2.68395
2.62608
1.46057
2.5441
4.34834
2.96346
3.53941
3.81675
2.52086
4.46167
4.78612
4.32275
3.93525
4.87095
4.91062
4.25759
4.71329
3.74586
3.90282
4.67778
3.07792
4.64381
4.66933
4.62752
3.8669
4.43262
4.59861
3.58268
2.9572
1.60049
2.40697
3.71438
4.42974
4.20601
3.23233
2.79199
4.76901
4.32438
4.12471
4.53792
3.90262
4.94045
4.35938
4.47959
4.35395
4.38715
4.59606
4.83704
4.36962
4.04389
4.43906
3.0309
2.60767
4.36038
4.2828
4.96496
2.78596
4.50332
2.65908
3.10325
4.46842
3.86957
3.61086
4.80202
2.38734
3.18144
4.55023
4.85022
4.61884
3.79031
4.147
4.211
4.14866
3.68032
4.24076
4.37516
4.80465
4.20677
4.53844
2.41025
4.4422
3.59002
4.78054
2.99571
4.13746
4.88976
4.50356
4.42836
4.17453
4.44112
4.10957
3.64785
2.29069
4.70764
2.72471
4.19169
4.93253
4.52763
3.93816
2.93615
3.71831
4.89084
2.99973
3.77628
4.36816
4.27296
4.20016
1.44597
2.47075
2.88858
2.44953
2.71669
3.46283
1.32559
1.52555
2.93971
2.42447
2.84556
2.50578
1.48648
4.87779
4.90127
4.85322
4.85193
4.08577
4.42969
4.27416
4.45185
4.27819
4.5685
4.32566
3.51591
4.52829
4.47836
4.81031
4.68902
4.40159
3.6293
2.48111
2.88863
2.47725
2.97975
2.42826
4.47318
4.24778
4.93994
3.69564
4.71253
4.13133
4.88618
3.97091
4.14869
2.69099
4.66495
3.83487
4.32595
3.77962
4.35155
4.60472
2.99148
3.45379
4.21794
4.7135
2.99836
2.68465
1.67885
2.4221
4.40313
3.64827
4.20148
4.07504
4.19585
4.3415
4.32599
4.55398
4.63387
4.41169
4.96947
2.83074
4.12289
4.73182
4.28071
3.68872
2.28945
4.44023
3.65076
2.87941
2.41069
4.92187
4.60342
4.34591
4.30733
4.78789
4.90612
4.30029
2.7688
4.01284
3.65591
1.4003
4.5224
2.80088
2.8785
1.7069
2.53704
3.41462
3.91505
4.22998
2.95753
2.48467
4.51397
1.45987
2.70008
1.60188
4.39753
3.96913
4.43581
4.40915
4.14668
4.06776
4.19228
2.45602
2.87213
4.47845
4.82652
4.22435
3.79116
4.28574
4.48931
4.38925
4.84862
3.71443
4.14488
2.52211
4.04668
4.21127
4.81651
2.74312
2.3725
3.84529
3.38962
4.39948
4.40824
2.78194
3.22386
2.49848
4.4944
4.00652
4.38609
4.20922
4.22688
4.30398
4.44074
3.71214
2.91928
2.46758
4.29602
4.90332
4.49755
4.27661
4.56359
4.33885
4.5316
4.67679
4.38021
4.6106
3.0173
4.31206
4.25746
3.7438
4.90938
2.37839
2.87801
1.53664
4.32293
2.74735
3.85751
3.78077
3.21951
1.60508
2.61095
4.42065
2.87684
3.42732
4.04517
2.56348
4.6261
1.48783
4.31576
4.00484
4.14071
4.4479
4.46524
4.82309
4.35752
4.92878
3.77225
4.15204
4.15587
4.24313
2.36453
2.87786
4.43759
4.74756
3.90343
4.29404
4.64925
4.96295
2.49819
4.38183
2.5266
2.72288
4.06635
4.63561
4.53101
3.71966
2.97461
4.57682
4.36681
3.82795
4.31224
4.93582
4.71145
3.63637
4.09726
4.96379
4.86396
4.31303
3.92031
4.90869
3.64882
4.97466
2.93425
2.81854
4.25634
4.79712
4.47489
4.55809
3.29667
4.61528
2.46787
3.71555
3.57684
3.7508
2.24658
3.7723
2.46702
1.57705
4.31231
2.38423
2.78846
2.78617
4.32994
2.59003
3.01398
4.06038
2.3577
2.99784
4.57561
2.55493
2.97181
3.05798
4.22733
2.54626
1.4537
4.0194
3.92814
3.87445
4.17249
3.76879
4.28677
4.61448
3.39963
4.61961
4.32154
4.40066
4.67474
4.99578
4.01646
4.95356
3.45778
4.21307
3.58781
4.32372
4.63801
4.4251
4.52908
4.34455
4.90456
4.89015
1.45749
4.36235
2.75255
2.58071
2.90324
2.48561
1.49338
3.47402
3.66487
2.95542
3.89926
4.47825
4.90849
4.943
3.31063
2.69839
4.2871
3.81233
4.56862
4.78171
4.99235
3.69778
2.60259
3.56916
4.69526
4.07662
3.80921
4.41656
2.58718
2.9637
4.94317
4.6435
4.36819
2.26846
3.36891
4.33537
4.36161
4.84964
2.41962
3.80649
4.17737
2.79126
4.95403
4.7215
4.08195
4.63636
2.42406
4.80017
4.18257
4.34417
4.2985
3.65216
4.53386
2.30576
2.98911
2.35435
2.89585
2.32203
2.77996
4.60594
3.42951
4.30865
4.40257
3.25317
4.21868
4.73315
4.66732
2.93265
3.00142
3.69921
3.55434
2.49325
3.91783
4.29635
1.54273
2.47888
3.8233
4.34936
4.57274
4.3573
2.72692
2.946
3.41121
3.83935
4.02918
1.46252
2.51037
3.77971
2.37947
3.82988
4.95282
4.84977
4.36904
4.40205
4.84205
4.45109
1.57874
3.75371
2.79775
4.33625
3.05068
4.346
3.00628
2.44504
4.46945
2.84728
2.69417
3.10916
2.32431
2.97678
2.62414
4.57286
4.10072
1.81306
3.99491
2.57692
4.05
2.52649
4.1517
3.65573
3.69946
2.48707
1.3289
3.97095
2.24612
4.36374
2.87526
2.96706
2.86848
4.54041
2.32002
3.55632
4.30321
4.51738
3.60253
4.59326
4.48242
4.74705
4.38272
3.55528
4.56674
4.95211
3.67082
4.84635
4.32056
4.31391
4.22058
4.50195
4.79523
4.9447
4.89905
2.96677
2.33957
1.54941
2.31135
1.43727
4.19488
3.54543
4.54037
4.39924
3.807
2.29521
3.65247
3.85014
2.49127
4.49618
2.90735
4.08247
4.98215
4.6946
4.4624
3.57107
3.44093
2.82751
4.10001
4.44817
4.91367
4.73585
4.55717
2.87764
4.00665
4.31795
1.83151
3.41335
1.52541
2.54606
2.98299
2.50169
3.14706
4.48913
4.36467
2.95026
2.73726
4.45239
4.09447
4.67715
3.6598
2.91052
4.6079
3.87454
4.23637
1.78822
2.48282
1.49505
2.74679
2.39416
1.47149
1.50094
2.75342
2.40936
2.94478
2.38464
4.06814
3.74506
3.47824
2.91112
4.63371
4.2654
4.16816
2.64736
4.6681
3.70709
4.12846
2.49033
4.28811
2.38668
3.97765
3.59726
4.48863
2.76539
2.91482
4.35528
4.29581
4.58162
2.92533
2.324
3.70214
4.2453
4.11221
4.32098
3.49691
4.31791
4.48395
4.70136
4.64885
3.69603
4.80167
4.68017
4.86329
4.98361
4.99977
4.21196
4.05833
4.93325
4.45055
4.48998
4.90508
2.88988
2.40528
1.52036
3.98894
2.54473
2.69034
3.58562
3.95523
4.60285
3.02552
4.10199
4.65516
3.52071
4.52476
4.2208
4.99616
4.37144
4.49673
2.93332
3.68581
4.22564
1.33898
2.36106
2.95807
3.3597
1.50123
2.333
2.75642
4.64814
4.38918
2.5852
4.92978
2.99791
4.39936
3.81556
4.84606
4.43932
3.98875
2.83782
3.45779
4.18874
4.57758
4.4554
3.78391
2.81565
3.72345
4.87135
4.51606
4.13195
4.98354
1.48219
2.50504
4.3135
3.79903
2.85349
3.45807
4.62099
4.04645
2.44198
1.47401
2.9116
2.40781
1.43986
3.04702
2.30888
4.20127
2.64671
3.77469
4.40892
3.95836
4.37709
4.2192
3.51577
4.31559
4.52923
4.05403
4.58895
4.58407
3.60668
4.49483
4.79927
2.63446
4.54864
2.78128
4.49978
2.62863
3.97637
3.61919
3.09671
4.56883
4.36961
4.73023
2.53183
3.14846
4.0485
4.55827
4.25314
4.32019
4.29849
4.35917
2.85814
3.03648
2.47916
2.51349
4.21067
3.08465
3.79823
3.69736
2.80018
2.38179
4.28215
2.99208
2.50419
3.68425
3.7009
3.93345
2.4123
4.47681
4.38674
4.4361
4.77406
4.55552
2.90547
4.44707
3.50294
4.17239
4.52033
2.91507
3.37926
4.22437
3.71597
4.92181
4.64814
4.68879
2.87161
4.53436
3.99022
2.85595
4.25951
4.49935
3.47829
3.76132
4.42793
3.72182
4.42174
4.76007
3.90112
3.1568
4.63095
4.41768
3.58483
4.93584
3.63739
4.68525
4.43332
2.96402
3.54075
4.49574
4.93442
4.33162
4.86769
2.42043
2.82323
4.36233
4.48242
2.44778
3.69785
3.39695
3.93308
4.34684
4.9347
4.21956
2.64092
4.31339
2.40844
2.83905
4.23243
3.7278
3.55168
4.29062
3.90857
4.194
2.43603
4.27485
4.23811
4.45485
4.72938
1.64238
2.92042
2.87415
2.68097
1.83365
3.54356
4.7343
4.35863
4.62647
3.56402
2.93653
4.02088
4.6208
4.98955
2.55009
4.90725
4.19345
4.32464
4.50966
3.87247
3.53707
4.48938
3.78554
2.40515
2.79618
4.94467
2.49916
4.62288
2.57488
3.52651
2.9684
4.07652
4.54613
4.60599
4.46403
4.89841
3.90307
2.53669
4.27934
4.32528
4.41416
4.24444
2.57084
2.50989
3.1201
2.86491
3.0178
4.9767
4.85994
4.65073
4.33908
4.67323
3.49725
4.47119
4.33719
4.96969
4.90818
4.25304
1.43182
3.60416
4.84998
2.71067
4.20998
2.83107
4.00737
2.97972
2.35185
4.41002
2.89913
3.40087
2.40336
4.26019
1.50767
2.45656
3.77996
3.94655
4.89375
3.18833
4.74416
3.72311
4.68023
4.5449
3.05668
3.8044
3.88682
4.57222
4.90741
4.21432
4.58007
2.36816
1.36536
2.4426
1.36067
4.36618
4.24731
2.92216
2.47596
4.43597
3.81781
3.75619
2.32074
3.6737
2.32491
4.18249
2.79941
4.76268
4.81862
3.86521
2.89219
4.61955
4.02231
4.26781
3.50228
2.73469
4.17261
4.45924
3.67741
2.90325
2.89567
4.20823
4.95559
3.58537
4.68795
4.49164
4.35835
3.70513
4.07824
4.94645
4.4326
3.56301
4.64154
4.88395
2.77875
2.43313
1.61214
4.83962
4.16854
3.41669
4.54721
4.22486
3.80027
2.91061
3.80787
4.7429
4.64049
4.21888
3.71709
4.22911
2.3933
3.35554
1.35027
2.36928
2.84318
3.74498
3.09522
1.67475
3.90963
2.5226
2.73479
4.55692
3.51245
3.98382
4.23057
2.9099
4.49981
4.21275
4.99372
4.57857
2.74136
1.47433
2.92253
4.88265
4.47594
4.16627
4.56469
2.28157
4.89165
2.74114
4.29127
3.71857
1.56715
2.21418
4.19394
4.61974
2.53603
2.88335
3.99963
4.19948
2.62523
1.65804
3.08987
1.46874
2.92606
2.32937
4.59575
4.44604
4.99281
3.84449
4.45221
4.17135
4.70302
4.48849
4.71676
3.34094
4.4656
2.51916
2.47353
2.43553
4.32106
3.77543
2.9324
4.99075
3.47182
4.42744
4.09212
2.45815
4.12798
2.79999
3.82815
4.54297
4.18707
4.51125
4.18628
4.27441
4.03217
4.85887
4.69313
2.84071
3.85379
4.34423
2.94471
2.59507
4.4392
2.4653
3.41332
3.72246
4.78413
4.15492
4.60029
4.74738
4.36464
2.89742
3.50525
1.39159
2.99251
1.36676
4.30834
2.81619
2.38718
4.87459
2.4199
4.32824
4.09602
2.81527
3.2679
3.63578
2.78684
3.48261
2.24763
4.24163
4.98084
4.2639
4.68071
4.43414
4.63578
2.93063
3.71361
4.62199
4.6996
4.04562
3.58326
4.80154
4.14055
3.58344
4.75923
4.83177
3.5893
4.56909
2.61036
3.3368
4.34717
2.59358
4.41739
4.41694
4.52842
4.93813
2.99712
4.49602
2.43963
3.84719
3.5415
4.18323
2.44384
2.61234
3.8782
3.08284
4.49703
4.30523
3.41699
4.09604
4.35294
4.90819
4.24333
2.38444
4.42314
3.68363
4.13584
4.87688
1.7744
2.9332
2.34248
2.92189
1.48199
3.42902
3.24339
2.59776
3.7393
4.33674
4.63974
2.46118
4.18717
2.40919
4.26918
3.70079
3.09037
4.20194
3.84907
4.70106
4.83477
3.72898
2.66224
4.55477
4.33599
4.42116
3.99314
3.82663
4.85907
2.6306
4.10652
3.31301
2.70015
4.37721
4.64801
4.41962
4.82619
2.48565
2.96011
2.49118
2.73631
2.7518
4.60633
3.39244
4.34263
4.95976
4.03173
4.51105
2.99659
4.75836
3.59247
4.41219
4.42313
4.61832
4.97523
1.58169
3.82884
4.8064
2.89914
4.00181
2.75163
4.15765
2.7898
2.44442
4.54958
4.50499
2.96702
3.56761
4.42987
1.46312
2.55099
2.69935
3.9334
2.94791
3.75744
4.03991
4.2541
4.97018
4.57496
4.39179
2.84138
2.55717
2.51821
1.58021
4.12573
3.33229
4.31976
3.7131
2.68969
1.5896
4.43631
3.67612
2.29723
4.96346
3.45908
3.58124
2.4427
4.35292
4.10838
2.85552
4.19021
4.79128
3.89806
3.17427
4.99424
4.643
3.84919
4.41122
4.6519
3.88192
4.45695
3.77241
1.66205
2.5702
2.69279
3.25068
4.90559
2.79173
1.60469
3.15946
4.4635
4.4735
4.50386
2.79472
2.64612
4.40473
4.08069
1.59469
1.65798
2.40613
2.41844
1.46715
1.58977
2.972
2.80675
2.30151
2.63695
2.52586
2.45818
2.64181
4.37728
3.86311
3.47463
2.97488
4.66306
4.36741
4.20804
2.95851
4.52354
3.88142
4.29695
4.24309
4.32132
4.95224
4.38383
4.59825
3.52146
4.42533
4.44935
3.56952
4.66981
4.78838
4.29343
4.10941
4.32402
4.38606
4.86142
4.99951
4.95063
2.77974
1.43331
3.82678
2.36444
2.54014
3.40264
4.23021
2.64427
4.05057
2.99277
3.09107
4.02277
4.38358
4.37679
4.58478
3.68898
4.62191
4.67172
4.43272
4.44568
3.94024
3.21038
3.8834
4.5901
4.40079
4.50935
3.03664
3.64908
4.58814
4.82917
4.95839
4.6182
3.98674
3.0455
2.78306
2.5126
2.5678
4.49788
3.40503
3.79021
1.40619
2.93422
1.40666
2.93171
4.38378
2.87107
2.51129
4.396
2.76746
2.51617
4.55546
3.50789
3.92877
3.6062
2.36494
4.20078
4.33278
4.88098
4.53722
3.99041
4.97621
4.65407
4.71809
3.08231
4.54425
3.78209
4.39943
2.94582
3.94835
4.76432
3.81062
4.50325
4.82393
3.60445
2.81098
4.41156
3.26053
4.3316
2.4811
2.66168
4.32581
4.9584
3.77489
4.66151
4.23602
3.06448
3.6157
4.5896
4.92627
4.26668
2.71011
4.26266
4.23141
4.54657
4.92643
4.78614
2.53001
2.90942
4.00496
3.77991
4.21858
2.70013
4.56191
4.29714
4.03813
1.68486
3.0064
3.17819
1.54714
3.45191
2.58814
4.30822
4.07517
2.67792
4.25187
4.49069
3.44472
2.86804
3.99871
4.63566
4.98944
2.50832
4.49833
4.25597
4.9375
4.65212
4.34816
2.69812
3.48443
2.94459
3.85355
4.43591
4.99056
2.57744
4.27729
4.31592
4.22981
3.75975
2.67596
2.6878
2.62531
2.81356
3.16049
3.9088
3.69831
3.29744
4.48773
4.97487
4.89435
4.60966
4.35024
4.65045
3.65988
4.57472
4.31814
2.99584
3.9873
3.8274
4.46709
4.9591
4.46308
4.68647
3.14693
4.59608
3.58732
4.43909
4.44125
4.10035
4.58466
2.70569
2.48669
1.53499
3.06348
1.48437
2.84193
1.65747
4.53917
4.25083
4.44637
4.93306
2.81837
2.40553
4.29413
3.73528
3.71797
2.55901
3.37554
2.47399
4.58219
4.33833
2.81614
4.69469
3.95203
3.02327
4.30508
3.43918
4.58183
4.47338
3.89127
2.71292
4.56358
4.55278
3.72691
4.13593
4.88248
2.6901
1.49405
4.94256
4.03075
3.37762
4.59545
3.80213
4.36572
4.74148
3.09652
1.42534
2.89682
4.69652
4.28183
4.29671
2.50247
4.76941
2.91344
4.25457
3.64077
1.63233
3.82152
2.52209
2.65467
4.66735
3.52271
4.35978
2.85997
4.24462
2.93581
4.11485
4.28231
4.72682
4.44276
4.93085
2.85028
3.05019
3.81134
4.3662
1.67062
3.82535
4.20438
2.88563
2.50169
4.23404
2.63897
4.7
3.64268
3.83591
2.93186
3.92554
4.46373
4.28826
3.75449
4.92087
1.67698
2.86134
2.45083
2.42693
4.57563
4.28412
3.36857
3.76892
1.69213
2.86195
4.48472
2.89919
4.62503
2.85359
3.98224
2.41412
4.3671
4.22321
4.68023
4.38685
2.62153
4.20518
2.7196
4.31759
3.84366
4.96819
4.91422
3.92454
4.61998
3.09262
3.66448
4.27952
2.51085
4.31784
3.95087
4.27687
4.94949
2.45957
4.83262
3.72761
2.98986
4.57466
3.51711
4.43715
2.48723
4.4745
4.37251
4.52356
3.51317
2.23858
2.59386
3.38306
2.44876
2.92139
4.80196
4.58685
2.39249
2.84119
4.31637
2.96786
4.32212
2.41129
1.48375
3.75068
4.00295
4.34696
3.84256
4.34117
4.61391
4.34375
4.70361
3.50814
4.99515
3.5422
4.93688
4.27318
4.4924
4.20364
2.43659
2.4895
4.80412
4.1208
3.64058
3.41103
3.71496
2.34157
1.43228
4.13565
3.66387
2.35087
4.15073
2.95634
2.81679
2.90044
4.2979
4.57437
2.45937
4.41461
4.53202
4.26095
4.95916
3.41831
4.82783
3.49425
4.7921
4.25908
4.85605
4.08834
4.55312
3.38232
4.06655
2.31424
1.45652
4.19514
3.07628
2.29388
1.60458
3.48278
2.80172
2.68013
4.03874
2.76417
3.74803
4.49765
4.9253
4.2536
4.33487
4.63154
4.98018
4.38927
4.84163
2.63032
3.97403
3.1446
4.67724
2.43727
2.70205
3.74106
4.58793
4.20351
4.79809
4.43447
2.52094
3.21306
3.9634
4.65988
4.14113
4.23273
4.54544
4.07457
2.32335
2.7537
4.9022
3.77254
4.20093
2.22106
1.46866
2.61732
1.50646
3.36728
2.77304
2.32281
4.54495
4.61968
2.79742
4.35024
3.97049
2.89408
4.46432
4.33279
2.47989
2.42636
3.4424
4.08451
4.0303
2.24051
4.26892
2.67686
3.62699
4.41716
4.74781
4.25898
2.35844
3.80442
3.28197
3.78413
2.46669
3.61509
2.59078
1.53828
4.2158
2.62917
2.90576
2.88672
4.63566
2.55947
2.98201
4.3073
4.50299
4.86912
4.76568
4.31482
4.90292
3.75142
4.92638
4.39686
3.64101
4.8804
4.1925
4.36908
1.5928
3.99189
2.85858
2.37653
2.76534
2.42594
1.49533
3.4371
3.57114
2.93473
3.73958
4.3032
4.57243
4.90108
4.94822
4.30584
4.60842
4.3234
3.92756
2.64838
4.12812
4.21619
2.79927
3.34184
4.67495
4.16043
2.38497
3.80183
4.4214
2.83646
4.94796
4.37149
2.4929
2.85573
2.44654
2.87678
2.50909
2.88834
4.62066
3.58902
4.29854
4.57819
4.98592
4.65248
4.41045
3.87376
4.9588
4.25925
2.85519
4.16793
2.53055
4.57536
4.57411
1.58266
2.67358
2.82964
4.51834
3.28639
2.78001
3.61366
3.74273
4.44682
1.41598
2.44518
4.00817
2.57567
3.86594
2.77226
2.41981
2.74437
2.30557
2.58564
2.36481
4.17669
3.81127
1.57552
3.77209
2.43282
3.79457
2.54261
4.45248
4.10773
4.46269
4.99166
4.88966
4.8889
3.41941
4.35534
4.82546
3.46218
4.46979
4.11348
4.95919
2.96389
2.54404
1.36616
2.37258
1.54659
4.44606
3.60079
4.63153
4.56637
4.65132
4.2553
4.63251
4.81045
2.89255
2.51712
4.21153
3.83203
4.9234
4.61547
4.37058
3.8959
2.83245
3.75692
4.73957
4.5689
2.9979
3.60942
4.3671
1.44972
3.62639
1.54396
2.51069
2.98449
2.49819
2.85895
1.31457
2.58771
1.54886
2.47375
2.45729
1.58308
1.56872
2.96105
2.63388
3.00381
2.53039
4.90565
4.21709
4.25645
4.28241
4.22776
4.38115
4.23273
3.54576
4.54755
4.44756
4.32606
4.5132
3.42401
4.59647
4.52644
2.82327
2.31159
1.60321
3.61825
2.45076
2.35068
3.40334
3.74453
4.19438
2.81115
3.95268
4.50139
4.37406
3.85487
3.05805
4.69443
4.91243
4.40729
4.75975
3.87344
2.8831
3.70788
4.34911
4.75082
1.4847
2.36385
4.49734
4.00361
3.05603
3.6907
4.74931
4.34496
4.21022
4.30375
4.38154
4.41617
4.91952
2.45092
2.85914
4.94793
3.73925
4.25376
4.33122
4.0682
4.72826
2.54178
3.97784
2.29034
4.4897
2.35745
3.68686
3.46995
2.72859
4.06611
2.77699
3.10516
2.652
2.46455
4.37916
2.99292
3.63946
3.81048
3.7566
4.26309
4.85397
3.93587
4.38367
4.76853
4.66533
3.09667
4.30713
3.64734
2.78514
4.23769
4.58475
3.3652
4.92463
3.93332
2.92398
4.47274
4.30793
3.44303
4.27857
3.87499
4.38124
4.69939
4.34221
2.54369
4.36245
4.44736
4.79701
2.51031
4.77631
2.48118
3.04507
4.4155
3.8998
3.59191
1.36624
2.78932
2.92753
2.56788
1.53815
3.44743
4.38744
3.93775
4.4092
4.96477
4.40271
2.27674
4.234
4.09474
2.60205
4.23436
2.38697
3.6343
2.76781
3.72497
4.2891
4.59674
4.93734
2.49096
2.65112
3.03492
2.51686
3.01549
4.01962
4.9506
4.25138
2.7692
3.85188
4.64289
4.46058
3.82833
4.53411
2.87489
4.62992
3.35291
4.26476
4.57281
2.35877
1.54564
2.44442
1.49224
3.92741
4.33179
4.78612
4.38275
3.74642
3.73141
2.73799
2.86238
4.08399
4.67112
3.32328
4.55091
4.38424
4.48646
2.96593
2.61783
1.407
4.71504
4.57463
4.36429
4.87427
4.95593
3.11097
4.65231
4.40746
2.43829
4.92488
4.29876
3.78815
3.06138
1.50686
4.4968
2.92694
3.79061
2.74852
1.54636
3.91404
2.44042
2.41434
4.61271
3.44474
3.73613
4.42929
2.9021
1.57169
2.54353
4.14293
4.32965
2.52585
4.32242
2.96146
3.93355
4.52228
4.17772
4.26143
4.41775
4.89275
2.46043
2.38155
2.61041
4.37517
3.81073
2.7772
3.39266
4.60447
4.28046
2.98767
4.42148
2.91525
3.81861
2.51854
4.39701
4.32026
4.88097
4.50141
4.81
4.30092
4.92378
2.82389
3.98851
3.73027
1.43682
2.93724
1.61881
4.34417
2.98722
2.4706
2.42951
4.657
4.27537
2.87379
3.5457
3.87059
4.39237
4.63369
4.79599
4.37927
3.72716
4.88773
4.2797
2.45713
4.25042
4.2271
2.33761
2.52009
4.9736
3.69976
2.8283
4.51026
4.17825
3.51312
3.76256
2.33205
3.49891
2.43293
2.82207
4.93379
2.95435
4.28108
4.53892
2.62957
2.92423
4.32812
2.60832
2.40044
1.60808
3.97241
4.33727
4.06735
3.77065
4.42884
3.70946
4.86278
4.43963
3.46893
4.91093
4.57106
4.58505
4.98929
4.18334
2.72865
4.63871
4.02173
3.3212
1.78138
4.33723
3.79505
2.62384
3.90062
2.46854
2.46233
4.27649
2.99008
3.08616
4.44619
2.99925
4.6535
2.48932
3.49446
4.58437
3.47554
4.96016
4.44972
4.23325
4.05006
2.43403
1.44683
4.15362
1.63701
3.35956
2.82777
2.5191
2.68415
2.47097
3.3924
3.95113
2.72141
4.64486
4.84881
3.9529
4.35757
2.3666
2.60112
3.62824
3.82899
4.2081
4.55263
4.19933
2.77856
2.29053
3.70953
4.17592
2.39955
3.63966
3.57576
3.58357
2.40816
3.76735
2.469
1.52048
4.33359
4.25306
2.45396
2.95255
4.68723
2.44248
3.13578
2.99068
4.44391
3.4323
4.904
4.45478
4.82353
3.16215
4.79958
4.21546
4.33088
1.54058
4.48188
3.01138
2.64572
3.14386
2.7705
1.6674
3.75776
4.33039
3.34889
2.96862
4.32025
4.22397
4.5322
2.45603
4.53517
4.43716
2.15834
3.51746
4.70162
4.3653
3.88935
4.4873
2.65501
2.87875
4.9946
4.51628
2.51378
2.85587
2.51325
3.04295
2.36566
2.9418
4.4755
4.30139
3.4263
4.51723
4.50425
4.42878
1.44973
3.07139
3.04843
2.52737
2.89026
3.60037
3.73632
2.45084
3.92286
4.27204
1.50613
2.41723
3.76692
2.59628
2.53087
2.87316
2.31567
2.89032
2.50865
3.98176
4.1183
3.68753
3.82218
2.56324
1.46056
3.89786
2.45329
4.88674
4.87843
3.57076
4.45543
4.96666
4.84107
3.5764
4.58631
4.2297
2.67025
2.30219
1.42833
2.22217
1.48765
2.77419
3.50587
2.33296
3.60954
3.66097
2.47573
4.14025
2.91943
4.58734
4.66787
3.80919
3.06685
4.72226
4.12732
3.67788
3.42138
2.74546
4.20501
4.36331
1.5388
2.49706
1.46276
2.53734
4.79073
4.11451
3.76299
3.44601
3.09817
4.57195
4.39464
4.19126
4.41259
2.3269
4.19537
2.39749
3.79979
3.62518
4.54604
2.50139
2.86763
4.12455
2.95768
2.42006
1.47025
4.98649
4.98264
4.20482
4.52952
3.66645
4.61679
4.50042
4.47448
3.72378
3.02443
3.90891
2.82303
3.75978
4.39151
1.46123
2.47523
3.09256
3.5245
1.525
2.57162
2.72404
1.56931
2.61167
2.30198
2.24011
1.47185
2.91837
2.35081
1.59156
2.77881
2.45395
4.43377
4.22782
4.03685
4.0958
3.5567
4.40997
4.45023
4.09325
4.46463
4.30442
4.5682
4.40824
3.56001
4.623
2.90701
3.71071
2.78123
2.47119
4.40315
2.87555
2.71386
3.53401
3.91892
4.43468
4.71647
3.72928
4.56679
2.60145
4.46517
3.67079
4.15108
4.61369
2.83273
3.38157
4.94644
4.15754
4.83153
3.78572
4.7583
4.43993
3.15954
3.67918
4.15383
2.46667
4.3008
4.11213
4.83666
2.4965
2.74636
4.40539
4.48183
2.3331
3.84445
3.21727
2.39172
1.45469
1.49593
3.46277
2.76949
2.8099
2.29921
2.84699
2.43561
4.20796
4.12907
2.60427
3.55081
4.47499
2.96478
4.71933
4.95352
3.75265
4.44517
1.42289
2.87969
2.39881
2.88199
1.44909
3.45348
2.7103
4.28185
2.47277
4.11192
2.54278
4.24806
3.71638
3.01493
4.31321
3.784
4.79121
2.53426
2.92845
2.58459
2.43875
2.91407
3.15045
3.79669
3.74666
4.45154
3.04137
4.51625
4.49205
4.8359
4.69109
3.53155
4.2658
4.41074
3.07641
2.49523
2.47846
1.57284
3.01799
1.49782
3.75608
2.86661
1.64014
4.50355
2.76506
3.78392
2.3716
3.53997
3.79322
2.4147
4.51637
4.40482
2.99984
1.59219
1.64613
2.69479
4.46556
4.49352
2.32801
2.46399
2.69506
4.97896
4.28158
3.93615
3.47335
3.00542
4.73329
4.54772
2.54775
1.47156
4.74915
3.75425
3.6967
2.68984
3.02603
4.26377
4.70938
4.37405
3.3689
4.71048
4.55215
3.01127
2.89314
3.88085
1.43712
2.83217
1.53973
3.67731
4.80795
2.85386
2.46225
4.41697
2.90606
2.48347
4.67645
3.64207
3.97578
4.46824
2.43924
4.27219
2.5451
2.70614
4.23324
4.96299
3.81007
4.67244
4.30919
2.94147
3.64886
3.64495
3.52174
4.90583
2.46902
3.37303
4.94196
2.33373
4.93582
2.566
1.47173
3.82747
4.31595
3.79299
4.30188
3.86268
4.41221
3.64452
2.67417
4.97771
3.59365
2.56591
4.42296
2.92147
3.11841
4.49336
3.04289
4.41309
4.86052
2.76366
3.26825
2.3836
4.96906
4.23956
3.95748
2.51086
3.01697
4.92995
4.72968
2.46851
2.8627
4.54334
3.09658
4.40095
2.43886
4.18723
4.96863
3.9909
3.71765
3.42202
3.93228
2.2792
1.46295
4.26099
3.80209
2.58331
4.02406
4.30061
2.29011
4.25948
2.26142
1.3828
4.13274
2.9364
2.38995
1.44936
3.44169
2.89698
2.58859
3.43035
2.4197
3.17879
2.47077
2.85989
4.71158
2.67852
4.2433
4.35348
2.33206
2.76006
4.10632
2.61702
4.90416
4.35585
3.84255
3.67512
1.52369
4.57459
3.93629
2.47915
4.04926
2.51143
4.21958
2.46653
1.34568
4.26954
1.60509
3.57177
2.82642
2.53043
3.02111
2.55849
2.41663
3.97048
3.35493
3.72316
2.71147
3.89366
2.43265
1.39688
4.20765
1.70322
4.00515
2.90272
2.32324
2.70255
2.51277
1.3892
3.41985
4.50745
2.53585
3.03495
2.43908
3.02886
2.70563
2.98471
2.93144
2.46593
2.85225
2.3984
2.83555
2.30202
3.1588
2.61282
1.42774
2.65506
1.59742
1.52382
2.73365
1.6943
2.58024
2.94195
2.58164
1.64034
1.72015
2.34834
3.01141
