4.81677
2.48688
2.96911
2.5832
2.97662
2.5527
2.99103
3.68602
4.29201
3.52195
4.52706
4.99829
3.37167
4.42097
4.63909
3.69839
4.00841
2.56797
3.89126
4.4117
1.58116
2.59651
3.9345
4.962
4.73626
4.44997
4.49729
4.74195
4.55331
3.43873
3.83645
4.1032
1.47195
2.51808
3.74508
2.48595
3.76795
4.94607
4.5222
4.34291
4.78086
4.4528
4.2648
4.94594
2.98386
4.14844
2.85233
4.29638
2.59903
2.27428
4.54684
4.25586
4.71671
3.56366
3.9061
2.54663
3.83408
2.41113
3.70253
4.45034
1.54085
4.9682
4.3932
4.67259
4.35587
4.60246
3.03053
2.42962
4.56809
4.36708
2.93841
4.34538
3.11108
4.25886
4.90232
4.7973
2.9699
4.23696
2.82095
2.4325
4.53249
4.19083
2.93209
4.47568
4.67327
4.81192
4.57456
1.4507
4.3409
3.74041
4.37041
3.7129
4.09307
3.87391
3.07475
2.70918
3.0233
2.54312
2.99065
2.54178
3.93432
3.77646
2.37228
3.78313
2.45226
1.5221
3.93325
1.62302
3.92541
2.6307
3.91998
2.56564
2.93675
2.78656
4.48831
2.36843
2.99851
4.01045
3.75617
2.58888
1.57156
3.73952
2.45711
2.83786
4.43017
2.42582
2.74452
2.89818
2.90062
2.79265
2.89873
4.52105
2.51273
1.49044
3.678
3.69635
3.7324
3.35926
4.3229
4.1967
4.15718
4.19864
3.7953
4.44056
4.46669
4.56545
4.68515
4.78951
4.40836
4.41115
4.34898
3.39901
4.3017
4.37318
3.60092
4.7094
4.49478
4.2428
4.62257
4.33908
4.15563
4.29276
4.6743
4.47761
4.31459
4.83834
4.9135
4.89422
3.21926
4.13252
3.57343
4.27366
4.43171
4.19573
4.74182
4.99494
4.36261
4.12736
4.98578
4.68663
4.95627
4.47565
4.1977
4.44829
4.49555
4.79295
4.82077
4.95643
4.84818
2.92279
2.38839
1.55663
2.41814
1.426
2.53576
3.42271
3.79997
4.24127
2.85665
2.45293
4.21249
3.6385
4.70035
4.58513
4.2627
4.87319
2.53925
3.49349
3.91796
2.62825
4.24411
2.93416
2.53382
4.80065
4.32927
4.35491
4.33212
4.95181
4.47045
4.54073
3.97831
3.39272
2.84688
4.2962
4.52071
4.99966
3.96026
4.31632
4.6044
4.56576
4.35463
1.54107
3.37541
1.53293
2.3637
2.93664
2.56
2.87205
4.23169
4.90806
2.81676
4.15774
3.77964
2.48172
4.21046
4.89047
2.93937
2.50842
4.35469
3.99278
4.28368
3.92767
4.24944
4.37822
4.58377
2.81592
4.81603
4.46153
3.56587
4.11843
4.58484
4.23672
4.40635
3.8355
3.59991
4.17376
4.48717
2.87912
4.34797
3.93337
4.59383
4.90432
4.41425
3.04408
4.5577
4.35774
4.0071
4.6123
4.76637
3.79971
1.57889
2.42787
1.44511
2.50832
3.93743
3.5061
4.5496
4.35059
2.85167
1.41825
1.7033
2.9905
2.56317
2.95345
2.54187
2.87997
4.56416
4.36796
3.96282
3.73075
3.58153
2.94297
4.47146
4.27489
4.56658
2.89307
4.4924
3.87469
4.45769
4.01551
2.62713
3.85315
3.47659
4.68447
2.47765
2.91477
4.41134
4.51228
3.92434
4.63708
3.06774
2.54973
3.8133
4.36148
4.41227
4.59143
4.24274
3.48967
4.60314
4.33129
4.68116
3.51446
4.61415
4.5958
4.88549
4.97826
4.80563
4.29062
4.30193
4.96818
2.41782
3.88848
3.56218
2.75812
4.16455
4.68742
2.36824
4.53179
2.96011
3.73527
4.26235
2.42602
4.95924
3.81845
4.33525
4.51554
4.28878
2.46311
4.51691
4.87499
4.2238
4.45154
3.70559
4.34533
4.26491
4.30145
4.37489
4.89956
4.07023
4.26223
2.81641
2.42413
1.48309
2.48938
4.14389
2.83868
3.38995
3.75479
2.30158
2.44959
2.56746
3.61203
3.90222
4.36121
2.92016
2.42062
4.14912
4.92334
4.52567
4.36069
4.20682
4.59865
3.50973
4.47079
4.21041
4.95411
4.27795
4.96755
4.40929
4.66797
4.74257
4.49445
1.69915
2.4778
2.94786
3.63236
1.55623
2.5586
2.99899
4.33023
4.39735
3.96614
4.99165
3.0212
2.54867
4.4687
2.66438
3.01302
4.3201
3.92908
4.44132
4.33989
3.87822
4.31063
4.5267
3.71999
2.88151
3.5691
4.34748
4.55854
3.62461
4.8229
4.26378
4.89653
4.53343
2.85049
3.86561
4.9981
4.38655
4.14377
4.55821
4.22265
4.26717
3.81945
4.42079
4.70125
3.46651
2.87691
4.44196
3.87131
4.66007
2.99295
4.27901
4.59939
3.98891
4.25026
4.57652
4.65597
3.84399
1.43175
2.34124
3.87285
4.44526
4.15905
3.38284
2.77809
3.73557
2.96308
3.57418
4.59376
4.24708
4.43286
4.90301
1.61013
2.80033
2.48884
1.5294
2.82629
2.37456
2.86002
4.40048
4.44564
3.7797
2.88856
3.70781
4.56784
4.39073
3.86868
4.24596
3.44899
4.90606
4.88257
4.42992
4.40746
4.51704
4.4927
3.48104
4.59224
4.96712
2.54458
4.47441
2.55588
3.76446
3.59655
3.02004
4.27629
4.19395
4.91379
3.81914
4.58933
2.39312
2.98963
3.82499
4.45381
4.33873
4.5534
4.24634
4.98981
4.25595
4.73458
2.45436
3.05567
4.33817
3.73291
3.49564
4.80413
2.48464
3.81097
4.97662
4.25201
4.89661
3.90613
4.32587
2.9609
2.60915
4.71159
4.35521
4.20571
4.97318
4.3546
2.67172
4.37789
4.68308
4.51938
4.52221
4.16407
4.50616
4.26161
4.34514
2.76871
4.31428
4.39717
4.41342
3.311
2.46947
2.57112
4.32178
2.98718
3.61564
3.78282
4.14997
2.35893
4.09275
2.90574
2.41377
3.42352
3.65698
4.17723
4.89514
2.51181
4.15176
4.31874
4.82852
4.63247
4.33703
4.43512
3.89793
4.28892
4.54473
2.89316
3.58939
4.97177
4.41861
3.90583
4.56048
3.78251
2.8983
4.24357
4.5307
3.53752
4.89543
3.59034
4.2662
4.8205
4.49988
4.91055
4.81869
4.81664
4.88204
4.50201
1.57315
2.65338
3.06593
2.4689
2.91534
3.81826
1.54215
4.47137
2.58793
4.27128
3.8992
2.96078
4.61674
4.28249
3.90084
2.57668
2.97897
4.39769
4.45256
4.34191
3.84624
4.47568
3.03945
4.4067
3.93789
4.83686
4.3307
4.7437
4.69638
3.02897
3.89629
4.37826
4.68587
4.7505
4.53578
3.86358
1.65921
2.82476
2.49532
2.91726
2.41977
1.42052
3.74233
2.95367
4.63135
4.3459
3.53189
2.94084
3.70869
4.27715
4.64625
3.75117
4.39659
4.27453
2.89322
4.9773
3.41208
2.82989
4.41993
3.83463
4.52744
4.45873
3.91719
2.75023
2.91449
4.3332
4.67533
2.5224
3.88726
3.62319
4.6811
4.00485
4.53488
2.76163
3.05883
3.99109
4.34884
4.67015
4.38626
2.37058
4.43274
2.49596
2.96675
4.26781
3.87568
3.57923
4.5958
2.3832
3.78624
4.27625
2.92219
4.1884
3.74937
4.31088
4.56841
2.48785
4.36278
4.18264
4.45635
4.40082
4.47022
3.88517
4.16765
3.35076
4.51765
4.20939
4.61987
4.44759
4.38236
3.44378
4.96802
4.92824
4.87841
4.9481
4.47039
4.34632
4.12369
4.97165
4.35847
4.23932
4.326
2.32013
2.91923
2.35906
2.8895
2.47316
4.9364
4.38829
4.57608
3.51982
4.09547
4.43537
4.61924
3.55195
4.36684
4.42886
3.08426
2.42746
4.57554
4.28928
2.997
4.37354
2.88238
3.52183
2.46663
3.90063
4.17665
1.56808
2.49458
4.38868
4.23597
4.53131
4.50801
2.87379
4.3071
3.04627
2.68319
4.66303
4.51413
3.11945
3.59137
4.28951
1.35362
2.34488
3.86215
2.56787
4.34008
4.97864
4.63886
4.39119
4.59647
4.99823
4.65162
1.49845
4.30354
3.90833
4.36583
3.89606
4.28813
3.95945
4.98318
4.22171
2.88178
4.19323
3.0452
2.49764
4.42318
2.6156
3.2947
4.90935
4.0533
4.64051
4.80258
4.81032
3.76283
3.76322
4.90243
4.45518
4.30161
3.56628
3.74608
4.78681
4.48533
4.07416
2.68864
4.25788
4.68482
4.99677
4.23996
2.95191
2.50268
1.53741
2.53704
4.92962
4.32995
3.41846
4.57342
4.9695
4.33574
3.88334
2.48268
3.65073
4.04521
2.65843
4.3724
4.39975
4.69926
4.68015
4.74307
3.44614
2.98572
4.24556
4.96315
4.4533
2.76494
4.8782
4.50659
4.19205
3.88364
4.2442
3.48917
1.42053
2.445
2.99355
2.42761
4.23549
4.59558
4.26091
2.99844
2.74381
4.40363
3.63073
4.84567
4.51466
3.93195
4.26964
2.89303
1.57915
2.42987
3.52763
3.62423
4.3355
3.0653
2.36822
4.65937
4.54181
4.29479
4.90116
3.0021
2.49186
4.62682
4.45032
4.33209
4.42899
3.85458
4.58151
3.85692
4.457
4.52618
1.42949
2.90768
4.22991
4.63325
4.8811
2.97452
4.26598
3.64521
2.42993
3.83723
4.2686
4.05115
4.31994
4.18037
4.56313
2.80681
4.95118
4.47591
4.25365
1.58498
2.58005
1.47806
4.41682
2.75
3.78541
4.23453
2.4083
1.56025
1.36424
2.85784
2.37812
2.87313
4.94863
3.77368
4.28456
3.77755
3.55724
3.02005
4.62353
4.41612
4.29389
2.934
4.51717
3.68046
2.6296
4.51536
4.90827
4.29258
4.36386
4.00655
3.73102
4.64004
2.74134
2.9667
3.86202
4.18218
4.32573
4.65903
3.03235
2.50436
3.73402
4.13639
4.75226
3.52534
4.25414
4.98761
4.44711
4.51775
3.45307
4.64357
4.62415
4.82835
4.10904
4.87978
4.26628
2.45579
2.38538
3.89548
3.48877
4.74728
4.48894
2.85535
2.47773
2.99551
4.56966
4.22989
3.76678
4.35165
4.61625
4.38143
3.92942
2.75208
4.53921
4.40421
4.14833
4.38576
4.3009
4.65662
4.3875
4.25813
4.26442
4.28311
3.01219
2.47042
4.20094
4.92979
3.76477
2.50306
2.32321
3.42829
3.77716
4.27852
4.9772
4.29439
4.68937
3.7015
4.38529
4.85377
4.48525
2.94926
4.14261
4.87068
4.49186
3.73965
4.35536
2.54834
3.00357
3.44374
1.59074
2.39356
4.24082
4.52561
4.31221
2.46359
4.9791
2.84586
4.15538
4.55146
4.47462
2.81953
3.57336
4.34848
4.98939
3.70703
3.88209
4.94523
4.77432
4.30203
2.96885
1.3523
2.5231
4.45282
2.87214
3.69176
4.00896
2.48353
4.71725
2.88362
2.45334
4.35754
4.89105
4.51648
4.27384
4.67529
4.41877
4.44901
4.44004
1.62058
3.04844
4.4105
4.65255
4.55821
3.88168
2.98309
2.71929
3.85157
4.20114
4.41258
3.71755
4.28011
3.75496
4.60339
3.96615
4.25252
4.42657
2.84022
4.55342
4.31066
1.67532
3.85653
4.39771
3.94672
2.94798
3.60834
4.75861
4.58636
3.73641
4.31096
2.92335
4.98111
2.47624
1.38037
2.90609
2.71931
1.63326
2.93884
4.52404
4.45669
3.04805
3.89921
4.64919
4.2356
4.89914
3.54281
4.54793
4.94051
4.50757
4.62973
4.59456
3.75088
4.63511
2.3462
4.27717
4.45452
4.91202
4.30655
4.46993
2.41164
3.79661
3.49335
2.82734
4.26394
3.72874
4.24818
4.43926
2.46347
2.97309
3.77208
4.24091
4.18774
2.43393
2.54189
3.82528
4.54733
4.16844
3.66598
2.78867
4.37803
4.68553
4.93626
2.46012
2.79083
4.34963
4.67198
3.77618
4.46399
3.96481
4.37722
4.49894
2.40528
4.28688
4.35
4.67901
3.76301
4.19479
4.37982
4.28436
4.13784
4.24102
4.10092
2.39616
4.24557
3.82822
4.87514
2.857
2.42758
2.42802
4.24497
2.92823
3.57976
4.32082
4.27959
3.86628
2.50997
4.80966
2.9787
2.52545
4.42625
3.15331
2.6556
3.66702
4.16207
4.25069
4.26212
3.95659
2.6441
4.40339
4.3114
4.55359
4.69824
3.01288
4.15051
3.72069
4.85762
4.50942
4.38429
4.67084
3.10711
3.48042
4.28661
4.42762
4.32579
3.80821
4.82981
4.45178
4.63241
2.91648
3.81393
4.28633
4.65243
2.84845
4.30944
4.673
3.57433
4.55026
4.34057
3.99663
4.50619
4.99167
3.71394
4.95328
2.8796
2.83183
4.30631
4.41443
4.4674
4.78434
3.41709
4.41499
3.82966
4.34777
4.94265
3.929
4.33371
4.73389
4.46448
3.98372
3.8256
4.96606
4.48481
2.5364
2.53079
2.94539
2.58544
2.86021
3.33132
4.32102
4.81642
4.61212
4.25394
3.54216
4.31928
4.75357
2.8199
4.27013
2.83369
4.38374
2.83602
2.44498
4.58942
4.26117
3.57855
2.54783
4.39719
1.62729
2.5562
3.80779
4.97004
4.56401
4.28453
4.47263
2.94331
3.58768
4.38528
4.48199
4.95242
4.83269
3.83024
3.89087
4.4073
4.73855
2.93298
4.39063
3.12267
2.44334
4.50255
4.49779
2.82221
4.62033
3.57966
2.70858
2.56556
3.90131
4.43101
1.63116
4.36395
4.30842
4.55155
4.57228
4.53962
1.5063
4.27555
3.79674
4.39178
3.76578
4.39039
3.96876
4.93864
2.45428
4.33278
3.07902
4.34346
2.95335
3.84031
4.0323
4.4742
4.60964
2.74092
4.61806
4.49647
4.43042
2.45019
1.57311
2.48568
1.43657
2.34505
3.38735
4.15641
2.79025
2.44062
4.42452
4.9287
3.05057
2.52643
4.2867
3.84315
4.29284
3.84013
4.25432
4.39309
2.47943
3.43004
2.40206
4.18795
2.94436
2.52464
4.91178
4.16917
4.21227
4.50507
4.39455
3.04236
4.57477
3.94001
4.41371
4.75494
4.35001
3.63896
2.91487
4.27726
4.54942
4.97432
3.78953
4.18966
2.68874
2.79896
3.81387
4.35614
4.66272
3.53441
4.71838
4.4233
4.36519
4.1312
4.83288
4.94641
3.77344
4.46314
4.07626
4.74613
4.1683
3.65783
4.97118
4.36799
4.97968
2.97121
4.82136
4.35698
3.92016
4.44867
3.70343
4.29625
4.68911
2.90406
4.44591
4.75297
4.37347
3.95284
3.94675
4.98596
3.84343
4.46794
2.86272
2.38815
1.50887
2.42877
4.30776
3.50721
3.81942
2.43289
4.97105
4.26577
3.43476
4.60022
4.40397
4.90321
4.75909
2.91868
3.83335
4.63485
4.33613
4.69227
4.36694
4.32795
2.57957
3.57307
1.46074
2.40651
2.92137
4.34174
4.40175
4.94039
2.98549
2.49881
2.79167
1.33978
2.96968
2.47847
2.437
4.4612
3.36505
3.65146
4.21064
2.77346
2.42676
4.2876
4.86511
4.40369
4.25511
4.43002
3.97373
4.76567
4.22406
4.61345
1.47937
2.9621
3.82479
4.35096
4.58383
2.52263
4.96981
3.00572
4.35214
3.75749
4.31594
4.29902
3.68949
4.36158
4.5518
4.97117
4.60616
4.47436
3.54565
2.86214
4.93585
3.82543
4.25489
4.89542
4.70061
3.73166
3.63167
4.58995
4.36655
4.96537
3.82921
4.66709
2.84116
4.34875
4.64654
1.46132
2.49404
3.76054
4.60683
3.54017
2.9789
4.66644
2.65111
2.95951
3.87274
4.36071
4.3802
4.732
1.5281
2.89578
1.51291
2.75778
2.56914
3.02408
4.59881
3.83084
4.33132
3.34365
4.96754
4.4143
4.5063
4.67304
4.55028
3.49488
4.53193
2.32976
2.41434
4.38776
3.862
2.94648
4.95401
3.37411
4.42334
4.11088
4.44966
4.79463
2.4156
4.34808
2.68623
3.63816
4.38776
4.25408
3.79105
4.23344
4.76673
4.19314
4.89541
2.49052
4.47385
4.55461
4.33626
2.98832
3.69127
3.57758
4.60872
2.36226
4.42867
3.92413
4.47019
4.55324
4.01212
2.93366
2.57595
4.24343
4.90308
4.35014
2.47874
4.35084
3.89045
4.27058
4.25417
4.43964
4.27402
4.20685
4.22875
2.85037
4.15351
4.51668
3.47093
3.9533
4.2983
2.5575
4.26032
2.44818
3.35372
3.8466
4.3479
4.91107
4.38736
4.56296
4.36778
2.89719
3.52673
4.88556
2.74032
1.49895
4.57406
2.52499
2.43515
4.47944
4.07283
2.7565
3.39297
3.59506
4.16357
4.98005
4.88409
2.79931
2.24759
4.10217
4.13184
4.96878
4.55845
4.22727
3.73175
4.54924
4.25735
3.73165
4.99966
2.99373
4.11291
4.369
4.61165
4.64742
4.48086
2.71352
2.44929
3.09513
3.65833
1.49605
4.77561
4.45484
4.38908
4.51201
2.55388
2.97121
3.88747
4.35793
4.09671
4.57871
4.56461
1.4676
3.04174
4.50082
4.43972
2.62157
4.34272
4.09199
2.8966
3.85232
4.42539
4.23227
4.3359
3.87912
4.46424
2.93451
4.43401
4.73827
1.43446
2.92212
2.88841
2.50975
1.57167
4.42015
3.84308
4.38431
4.64805
3.77636
4.54671
2.88651
3.61831
3.06178
3.80865
4.56148
2.51546
4.21939
4.30094
4.52894
4.40421
4.44864
3.82583
2.94757
4.57839
2.3704
3.69788
3.47158
4.55871
3.88713
2.51271
2.83064
2.41134
2.34476
2.59397
3.8688
2.9923
4.42084
4.21101
3.4345
2.84443
3.85057
4.20152
4.55279
4.27284
4.34516
4.32058
4.97397
3.81333
2.33811
4.30727
4.22068
3.85105
4.39283
4.89016
4.53428
4.17996
4.28068
4.78367
4.25864
4.90957
3.54501
4.61542
4.68366
4.53315
4.52388
3.42443
4.49659
4.25955
4.94111
4.8147
4.45499
4.22282
4.3581
4.17999
2.48182
2.51144
2.91915
2.47516
4.2781
4.95127
4.67047
4.45699
4.81908
4.19882
4.62199
3.63771
4.25114
4.58951
4.5156
1.54095
4.242
3.70136
4.32995
3.7743
4.1911
3.87632
4.4849
3.09387
4.39932
3.09653
2.50545
4.9036
2.45119
4.31701
2.72483
4.07227
2.89304
3.56274
2.6349
4.34776
1.62165
2.40632
3.707
3.60029
2.99464
4.90001
4.29997
4.47293
3.44581
4.34231
4.47233
4.90401
2.73488
4.52168
3.77867
4.50825
4.30238
4.32317
4.4187
3.89027
3.69428
4.65262
4.31329
3.02304
3.63798
4.33825
4.39579
3.20727
4.78311
4.42708
4.59056
3.90906
4.6084
4.46793
4.94038
4.7491
3.89436
4.92345
2.46831
1.60477
2.59672
4.28121
4.59867
4.19571
4.97974
3.00245
2.6039
4.473
4.32151
3.96827
2.59763
3.61177
2.53402
4.39312
4.78932
3.83946
4.86257
4.58327
3.81809
4.14925
4.9207
3.47647
2.85262
4.16883
3.88272
3.04238
4.28499
3.63666
4.32933
4.62487
3.888
4.38421
4.40655
4.94696
1.55482
2.69101
4.17019
4.70619
4.95823
2.80545
4.30853
3.93083
2.34474
1.52026
2.50707
3.48287
4.16546
2.92347
2.52316
4.6417
3.90858
4.33361
4.01778
4.44182
4.37534
3.17755
2.691
4.29347
4.622
4.72048
2.96768
4.43664
4.41467
4.52
3.80414
4.34238
3.17582
3.93697
4.43872
4.6989
4.53482
4.99537
4.63456
4.50759
3.80468
4.94381
2.86268
2.38438
4.87924
4.33614
3.36422
4.47319
3.78583
3.87682
4.96729
4.58031
4.21894
4.25574
4.96259
4.42405
3.78981
4.25188
2.51492
3.50855
1.46093
2.38432
3.81235
4.41982
1.49474
4.34342
4.90353
3.87414
2.46745
2.5272
4.70298
3.54032
3.78944
4.28866
4.51659
4.23729
4.9428
2.77457
2.79196
4.34036
4.56716
4.42672
2.47905
2.84558
4.43408
3.88687
4.37018
3.92324
4.29023
1.55797
2.53088
4.39782
3.50288
3.85302
2.47823
4.67898
4.68753
4.41661
4.88769
3.04439
4.57732
4.45241
2.88282
4.32841
4.45998
2.94694
2.622
3.0373
2.94792
2.94948
2.61795
4.24953
4.97069
4.60391
4.28693
4.36484
4.5261
1.57269
4.56039
3.85962
4.71151
3.8326
4.18337
4.34579
3.93935
4.49824
1.60698
4.41091
3.82413
4.37148
4.52007
2.46891
2.95258
4.01928
4.47745
3.86352
2.88434
2.55205
1.56266
2.94314
1.48859
2.90411
4.28823
4.89836
3.62488
4.39757
4.87919
4.53842
4.5999
4.59842
3.49287
4.45333
2.48224
4.2072
2.56357
3.96027
4.94491
4.27293
3.73974
2.90234
3.44208
4.52974
4.34553
2.45082
4.46756
4.23003
2.89882
3.86002
4.37833
4.3249
4.14016
4.90676
2.42488
4.19266
4.22204
3.71244
2.43806
3.88638
4.45221
4.99393
3.43213
2.80815
4.36035
4.42635
4.58319
2.60045
2.98134
4.43739
4.00006
4.36101
4.45287
4.97443
2.5936
4.26855
4.35053
4.70332
4.92916
4.23203
4.22619
3.84872
4.36391
4.29778
4.79025
4.40941
3.92703
4.45096
4.32452
4.42286
2.49926
3.06013
2.66885
4.4181
2.4728
3.53857
4.71009
3.89083
4.96705
4.32488
3.71738
4.83086
4.47599
4.3241
2.86728
3.34858
1.51075
2.78104
1.51735
4.3566
4.40905
2.54533
4.0518
3.74344
4.908
2.77167
2.27471
2.39818
4.5824
4.14148
2.7376
3.39254
3.85083
2.96617
4.09692
4.18591
4.13056
3.79602
2.43499
4.37116
4.06657
4.62203
2.67619
4.35679
4.23238
4.54784
4.1388
3.63933
4.95199
3.87301
4.9367
2.90359
4.35673
4.54704
3.41701
4.51132
3.99303
4.44162
4.74129
3.00375
4.52977
4.4682
3.77248
4.31221
4.86602
4.43918
4.27258
3.80184
2.55261
2.97445
2.62745
2.52376
2.98689
3.66012
4.41578
3.54328
4.33479
4.71781
2.9389
3.47592
4.41574
4.43636
4.94312
3.10682
4.19569
2.87652
4.1222
2.96065
2.3916
4.47651
4.36136
4.47588
3.5441
4.34555
1.47311
2.6535
2.47355
4.09741
4.77575
4.44754
3.93015
3.9156
4.9963
4.77648
4.42865
4.81661
4.89671
2.81082
2.29113
4.32927
4.01813
2.66639
4.28369
2.73689
4.09138
4.58026
3.62063
2.50546
3.69917
2.35719
4.32875
1.55533
4.87696
4.38673
4.58367
3.82483
3.78065
4.93865
4.24898
4.4227
4.40558
4.56274
1.42672
4.2126
3.65575
4.1948
3.73709
4.26357
3.82252
4.85505
4.34142
2.96883
2.63137
4.45321
3.02957
2.88242
4.70008
4.41384
4.30228
2.75393
2.40343
2.24203
1.44007
2.49404
3.56085
3.98294
4.19647
2.39314
4.14101
3.41467
4.62948
4.2956
2.91752
1.41626
2.93445
4.55634
2.35354
3.66099
3.91689
2.42474
4.6519
4.31581
2.98792
2.48729
4.56117
4.40381
4.39556
4.3844
4.9918
4.44133
3.01406
4.90434
4.53337
3.87481
4.22984
4.57511
4.27831
4.49347
4.34178
3.56711
1.48899
2.57717
2.49795
3.04021
4.35744
3.02513
4.19958
2.51845
4.63822
1.57719
3.00523
4.00034
4.28852
4.7071
3.08286
2.56647
4.34659
3.95815
4.26455
3.8833
4.33137
4.281
4.35367
4.84209
4.48011
3.5035
4.09998
2.80306
4.9549
3.59369
4.431
4.81245
4.16315
3.58801
3.74538
4.51857
4.40679
3.85423
4.48268
2.88028
4.35996
4.6179
1.48492
1.35134
2.41378
3.79915
3.61886
4.49189
2.92569
1.5078
1.4379
3.07572
2.89911
2.65518
3.0168
4.64488
3.97286
2.4492
2.43295
4.22438
2.41147
4.31191
3.61464
3.48542
2.81317
4.42546
4.24604
4.42391
4.78925
2.86967
4.42929
3.91528
4.30809
3.79808
4.3284
4.41069
3.6882
4.63283
4.58171
3.30981
4.63221
4.4014
4.30469
4.18107
4.96784
4.9512
2.41667
4.60669
4.25951
4.29539
3.78204
4.35358
4.28491
3.77466
3.485
2.85405
4.6463
2.50189
4.51975
3.02512
3.93686
2.64244
2.23875
4.17954
4.22488
4.86656
3.64451
3.97201
4.54587
4.18787
4.55429
4.34889
4.9919
4.99798
4.35104
4.14724
2.30324
1.49069
2.50594
4.2873
3.03058
3.44535
2.49054
2.35503
2.32361
3.50161
4.18505
2.98395
2.53207
4.31272
4.9884
4.32106
2.82231
2.88378
3.79694
3.68643
4.54391
4.14466
4.77157
4.56621
3.40356
4.60917
4.53071
4.22676
4.9811
4.26753
4.99049
4.26188
4.43968
3.07937
3.96056
4.98468
4.69648
4.42099
4.57692
4.38858
4.58433
2.85748
3.65913
4.29419
4.72892
3.93996
4.99041
4.31756
3.80239
4.96694
4.39321
2.80696
4.40444
4.88023
4.51218
3.82597
4.24692
4.4714
4.48949
4.33065
4.52257
3.47657
2.98352
4.39023
4.96889
3.88513
3.60263
4.82236
4.9129
3.96855
4.50277
2.67026
4.12001
4.51114
3.32316
2.4739
2.35906
4.3565
3.55567
3.85301
4.21238
2.83438
1.43238
4.34446
2.95538
2.36499
4.33959
2.99723
2.40617
4.58666
3.53418
3.77189
4.06823
4.88309
2.6545
4.26959
4.43146
4.58851
4.25796
4.54255
4.8967
4.71579
2.63521
4.28501
3.34322
4.75455
3.61914
4.52231
3.85296
4.17793
4.88811
2.84764
4.30355
3.86084
4.50557
4.19857
4.6457
4.81117
4.60744
2.59015
2.99198
2.47567
3.79088
1.59339
4.38149
2.72084
4.45002
3.08502
4.82746
1.521
2.99852
3.96274
4.43475
4.63526
4.24737
3.97323
2.52478
4.91919
2.74441
4.42581
4.35349
4.47348
3.93109
3.82255
3.93797
4.43157
4.55963
4.73408
2.86276
4.59742
4.27922
1.535
2.96081
2.72949
2.88224
1.53857
3.69426
2.85243
4.60766
3.65164
2.99466
3.95083
4.7044
2.47059
2.42699
2.5323
4.28241
4.41918
3.64593
4.59989
4.35813
2.81157
3.50967
2.88565
4.24015
3.93113
4.58152
4.60692
3.9518
2.57196
4.3109
4.32828
4.53673
4.95228
4.31244
4.3378
3.82715
4.51212
2.42358
2.95793
3.79099
3.57857
4.56611
2.60208
3.81704
2.90126
2.46362
4.29819
4.43064
4.38042
3.80786
4.29453
4.53284
4.19027
4.13907
4.85613
3.48335
4.44015
4.53357
4.42428
4.51897
3.4665
4.35719
4.05058
4.94432
4.6792
4.36618
4.28138
4.97162
4.97497
4.99704
4.19223
4.20777
2.48579
3.05847
2.38098
2.40797
4.86021
4.21217
4.63377
3.52094
4.27812
3.74431
3.79115
2.91214
4.8455
4.18332
4.51969
3.48045
4.29152
4.75953
4.71507
1.60478
4.32173
3.90947
4.23333
3.94523
4.39477
3.91424
4.97805
4.30721
2.94293
4.29627
2.99909
2.52075
4.69591
4.96631
4.29983
3.03344
2.56823
4.42
3.03253
3.56057
4.43944
1.62163
2.49969
2.55202
2.94599
4.62365
4.02254
4.51945
4.34577
4.95304
4.53474
4.26803
3.60763
3.8176
4.91025
4.61468
4.05752
2.76726
3.27529
4.13254
4.60337
4.9343
4.52642
4.84669
2.89437
4.626
4.65749
4.93393
4.29242
3.79685
4.87367
4.5716
4.0104
3.66523
2.98082
2.38423
2.35726
4.90218
4.24895
3.4791
3.71093
4.54161
1.51721
4.60768
4.88711
4.13275
3.70109
2.49257
3.45247
3.70332
2.4033
4.28799
4.22078
4.36465
4.85474
3.88413
4.67499
3.98225
4.33245
4.65514
4.98648
4.68423
4.3552
3.80669
4.35418
3.65507
1.54164
2.61586
2.48602
2.95681
3.00595
4.31237
4.66137
4.34487
4.9881
2.8785
2.44721
4.20595
3.70738
4.76268
4.91323
3.93566
4.1933
1.40264
2.35312
3.48006
3.6958
4.28534
2.31508
4.53291
4.53787
4.26303
4.82021
2.86937
2.95241
2.73095
2.36414
4.99137
4.58911
4.2673
4.07559
4.20357
3.1522
4.39708
4.46633
3.00184
4.25453
2.91363
4.17863
2.33665
4.50834
1.38921
4.51856
3.90911
4.46345
3.77349
4.2968
3.81671
4.08315
4.27534
1.52014
1.77058
4.49984
2.91721
3.78946
2.47508
1.4536
1.36622
2.85621
2.81833
2.41498
4.48923
2.59893
4.23522
2.41404
3.79835
4.31776
3.93982
3.26048
2.91828
4.47286
4.55984
4.27636
2.82736
4.35889
3.69733
4.223
4.54758
4.99764
3.28642
4.45355
4.29335
3.72791
4.84721
4.69985
4.15597
4.46108
4.87103
2.35405
4.44499
4.82721
4.4752
3.7362
4.25965
4.95882
4.10224
4.41613
2.54842
3.86823
3.46158
4.57349
2.8151
2.34641
2.82594
4.32827
4.96669
3.67502
2.37589
4.34727
4.22744
4.21559
4.50466
4.90464
4.95037
4.12077
3.73077
4.26305
4.51248
4.72098
4.15652
4.25932
2.41392
4.17129
4.91276
3.8209
2.43753
2.38686
3.53576
4.25867
3.6114
2.84028
3.8382
4.7279
4.1939
4.27664
3.40191
4.88615
4.20858
4.96408
3.809
3.89042
4.67132
4.33026
4.44072
4.94806
2.8874
3.69144
4.22177
4.47516
4.83051
1.48313
3.14088
4.44761
4.72389
4.37619
3.77405
3.14398
2.46789
3.91596
4.52075
4.22318
3.7797
4.34046
1.49635
2.48865
4.23892
2.92591
3.62292
2.36552
4.60588
2.95734
2.55819
4.2193
4.91673
4.33426
2.85497
3.83493
4.60423
4.84936
4.35003
4.12963
4.89082
4.24057
4.70416
3.03909
4.71927
4.39518
4.54336
3.92369
4.94363
4.10959
3.64257
4.25362
2.55157
4.46935
3.12927
2.60455
2.66548
4.5664
3.76652
1.48928
2.89956
1.41082
3.90934
3.10042
4.10826
4.40474
4.18252
3.84525
2.31851
4.86268
2.77228
2.33279
4.24303
2.77377
2.50091
4.28026
3.40698
4.36342
4.24641
4.5139
3.97211
2.63579
4.25518
4.46309
3.86528
4.92101
4.69517
3.75404
4.29283
4.88562
4.47171
2.86958
4.24336
3.32439
4.67175
2.76888
4.47298
4.53049
4.15464
3.66434
4.0926
4.69266
3.76948
4.87484
2.83469
4.15839
4.59477
3.43029
4.55654
3.97474
4.40674
2.92596
4.32731
4.6257
3.69839
4.17297
4.81531
4.90471
4.63266
4.36982
4.62697
4.67668
3.58368
2.29939
2.4747
2.32442
2.8849
3.45355
4.25243
3.72162
3.81131
2.70671
4.83541
4.54184
4.22532
3.43332
4.25935
4.58648
4.80297
3.66984
3.83981
4.38069
4.52509
2.92881
3.48578
4.16652
4.36343
4.91878
4.43611
4.90474
4.83558
1.52878
4.44692
4.00442
4.30748
3.91599
4.58541
3.85166
2.5308
4.21728
3.06732
4.47806
2.87949
4.33449
3.07943
2.58736
4.52216
3.03646
4.67685
3.59899
2.71062
2.62024
4.44182
1.65978
2.83306
4.58395
3.83713
4.65656
4.22976
4.97497
4.3284
4.49712
3.12969
4.75846
4.69033
4.47299
3.88988
4.2692
4.58073
3.80991
2.54579
2.55108
1.60185
2.43665
3.61691
4.45956
2.67
1.55745
2.99768
3.80011
1.52219
2.96146
4.20301
4.42113
2.98026
2.49725
4.26444
3.87422
4.265
3.73086
4.39367
4.29716
2.48439
3.4812
2.66845
4.65795
4.3139
3.02954
2.51169
4.97549
4.33473
4.4556
3.7961
3.07022
3.93502
4.32442
3.56284
4.39136
4.55949
4.39462
4.91306
2.9715
4.50442
4.53784
3.92938
4.74097
4.33852
4.32926
3.63917
4.81908
4.93574
4.51628
4.17985
3.81572
4.60916
3.6125
4.36709
3.07064
4.54657
2.69061
4.47598
4.20698
4.35974
4.89175
4.29328
3.7359
4.70748
4.95153
3.92064
2.5298
1.54071
2.47944
4.32878
3.52702
2.46355
3.8621
2.81884
3.80457
4.2868
3.53725
4.49459
4.58349
4.21445
4.86357
1.38478
2.86778
3.86197
4.40644
4.51542
2.56764
4.72196
2.86984
4.23878
3.65709
4.15289
4.21324
3.64505
4.22176
1.56674
2.95089
2.37752
2.34432
4.69459
3.38466
4.44238
2.86029
2.44511
4.20111
4.62118
4.31505
2.88702
3.71698
4.65463
4.41055
4.61156
4.27512
4.94387
4.18818
3.82279
4.39003
4.89019
4.71155
3.7349
4.56545
4.55577
3.67498
3.1629
4.53192
4.99768
4.5772
3.00376
4.45872
4.65553
4.6462
4.31367
3.90794
3.85979
2.94792
4.30137
3.68975
3.95085
4.69261
1.52625
4.62352
3.94593
4.44515
2.44524
4.35843
2.65021
4.75769
3.67541
3.95771
4.34035
3.77468
4.48587
4.33309
3.81213
4.82939
1.63485
4.7706
2.54966
2.60392
4.7217
4.32207
3.67059
3.93728
4.41524
3.04607
2.92606
3.07673
2.59727
4.53376
4.42476
4.62144
4.31561
3.60142
4.02298
3.69846
4.82675
4.26048
3.7835
4.15746
4.5495
4.37382
4.06458
2.51556
2.41645
3.40308
1.51289
2.87266
2.77085
4.52221
4.26177
4.29793
4.33886
2.49405
4.88885
2.93405
4.96455
2.95906
4.23205
4.64838
2.81106
4.26163
2.40536
4.19485
2.82545
4.6163
1.58058
4.6295
3.76792
4.5662
3.87209
4.48627
4.27731
4.48648
3.87941
1.5416
2.94325
2.99299
1.45076
2.49482
4.50343
4.35793
2.35863
2.39923
4.33375
3.8659
4.09579
4.63065
3.77217
4.41265
2.86406
3.45449
2.76896
3.66417
4.53503
2.44257
4.30296
4.42248
3.96174
4.26735
4.87046
4.52018
4.15471
2.52536
2.43357
3.74029
2.73411
4.40984
3.32167
2.86782
3.61388
4.82205
4.48476
2.32659
4.10306
4.25037
4.24376
4.28313
4.429
4.75867
3.64085
4.23073
4.31627
4.9881
4.93095
3.50042
4.58362
4.76619
4.70135
4.54563
3.75566
4.25945
4.18402
4.80683
4.79543
4.34159
4.42149
4.80441
4.943
4.17439
4.28971
2.39099
2.46912
2.38818
2.79048
4.64972
3.80819
3.69028
2.83439
4.85532
4.21287
4.93489
4.26797
4.26315
4.90474
4.27074
4.49775
3.35176
4.15746
4.68199
2.88354
4.56821
3.97727
4.70007
4.47903
4.94199
4.28547
4.44813
3.87023
2.78339
4.85678
4.14418
4.40495
3.46657
4.12273
4.65128
3.70229
4.84011
2.78145
4.57299
4.56343
4.17896
3.84231
4.4268
4.20427
3.79925
4.92463
4.55832
4.18738
2.86626
3.4899
4.26551
4.76876
3.71938
4.91812
3.88139
4.90462
4.45133
2.58286
2.55582
2.92575
3.00991
4.62121
1.69721
4.32387
4.60688
4.41758
2.79565
2.56073
4.28314
4.95766
4.4427
3.96125
2.54027
3.45757
2.58853
4.58362
4.39929
4.60033
4.95514
2.82813
4.98353
4.33139
3.41644
4.61254
3.87394
4.6002
3.92268
4.42847
2.79705
4.64138
4.1754
4.51248
4.70143
3.67885
4.20551
2.93449
4.29369
4.88603
2.89148
4.26245
2.44591
1.43046
2.38113
3.31855
4.16176
2.4198
4.3081
1.50912
4.72082
3.87285
2.94914
4.47704
3.81777
4.26043
3.84165
4.28397
4.14185
2.89657
2.53087
4.35263
4.98395
4.20456
3.84568
3.70158
4.527
4.30491
4.85151
2.96387
4.49165
4.95333
4.55548
4.37846
2.56125
4.65418
3.15326
4.38055
3.68064
4.43171
2.97783
2.86342
4.41977
4.52844
4.1446
2.37857
4.89089
2.87056
4.23369
4.68256
1.53788
4.32723
4.91469
3.78569
2.5096
2.64133
4.55195
3.35353
4.46806
3.98738
4.08735
4.96845
4.82987
4.51793
2.85796
4.42497
4.17047
2.74452
4.26881
4.08533
4.61525
2.77631
2.254
4.66221
3.97531
4.39422
1.66263
2.48369
4.28784
3.34357
2.73335
4.33645
3.9663
3.96581
4.64518
4.52731
1.47342
4.5663
3.6484
4.53616
3.79614
4.33826
4.07619
3.71643
4.30078
2.83393
2.87216
2.46116
4.24724
4.69357
4.16929
3.08392
4.43587
4.44331
4.54315
3.03099
4.68488
2.96509
1.55063
4.71108
4.45444
3.76511
4.4589
4.35175
4.31434
2.58635
4.96969
3.02626
2.46192
4.30766
2.4044
4.61635
3.65689
2.87739
4.56688
4.3675
4.53506
4.17705
3.66276
4.82909
2.99627
1.44811
4.25172
2.43113
4.1665
2.68348
2.41828
2.24883
4.40288
3.89869
3.45639
1.53629
4.49795
3.76037
2.89459
4.70017
3.9446
3.03721
4.28942
4.41897
4.27408
3.77417
2.46326
4.33138
4.23549
4.9355
4.46923
4.81412
4.99935
2.85683
4.26689
3.48657
4.83899
3.8459
4.62688
3.75503
4.44052
4.9488
3.7637
4.42541
3.66449
4.16245
4.64094
2.80943
4.66444
4.92575
4.52702
4.26985
2.66328
2.39964
2.58202
2.46411
3.82581
3.39922
3.8894
2.59926
1.54223
4.38171
3.85142
2.53023
2.89447
4.62341
2.34157
2.93161
4.16628
2.88945
3.01878
2.9123
3.09956
4.39704
4.56066
2.61712
1.5912
3.77014
3.82162
4.3325
3.91404
4.92062
4.45305
4.28707
4.59873
4.26476
4.30151
4.46884
3.51642
3.4997
4.40411
4.38026
4.97325
4.4346
4.57568
4.5796
4.26983
4.74212
4.85947
4.1642
4.40974
4.36066
4.23276
4.70988
4.51166
3.39211
3.34888
4.93989
4.25011
4.56099
4.18817
4.25672
4.55993
4.23759
4.94719
4.78187
3.5027
3.72431
1.34417
4.35955
3.05471
2.72152
1.65206
3.62274
3.00257
2.61605
2.8456
4.3922
4.70163
4.96843
3.97697
3.1832
4.00015
4.87772
4.55964
4.08515
4.34828
4.896
4.46172
2.25849
3.81327
2.69186
4.26048
4.31638
3.68637
2.36568
3.43594
4.93394
4.38184
4.37532
2.53111
2.80629
4.95908
3.70979
4.25716
4.96513
4.26898
4.4163
4.17673
4.817
2.85536
4.17341
3.65753
4.60999
2.36848
3.91044
4.45238
2.38182
3.38674
4.9953
4.52453
4.40681
3.65121
4.33603
2.84096
4.97014
2.25953
4.5597
4.41046
4.15237
4.16181
4.51355
4.13595
2.34341
4.28438
4.1981
3.73024
4.21003
4.98077
3.61081
4.42365
4.19236
3.71036
4.27374
2.73183
4.90417
2.33745
1.50821
2.91787
2.40565
1.56091
3.25235
2.83082
4.48925
4.38482
3.04183
3.77927
4.69007
4.9651
4.38194
4.33918
4.61258
4.25906
4.61276
2.5215
3.87131
2.82934
2.47152
4.98043
3.50658
4.19876
4.31577
3.77578
4.3464
4.50924
2.43017
2.83074
4.95694
3.66361
4.23897
2.46861
3.76056
4.59577
4.29995
2.86765
4.35628
4.61183
2.50745
3.65889
4.21217
2.41694
2.90024
4.42275
4.65511
4.9604
3.7278
4.38259
3.85061
4.51292
4.36137
4.32012
3.7053
2.38762
4.1667
4.15134
4.30369
4.5454
3.45202
4.63511
4.24495
2.65205
3.0892
3.92488
4.48046
4.27789
4.6524
1.54501
2.97444
1.65391
3.7038
3.00718
2.58333
2.9046
4.50005
3.99559
4.1263
4.8504
2.47695
4.31732
3.77781
2.86579
4.62414
4.16673
4.51285
2.43008
3.38146
4.9603
4.50389
2.57251
4.43567
2.89918
3.97757
4.5323
4.20805
3.72184
4.09811
4.95889
4.89145
4.28987
4.46099
4.34468
2.9903
3.80945
4.46103
2.55689
2.40856
4.98786
3.4184
4.4004
4.33067
3.87219
4.2954
4.59354
3.8736
2.89458
2.4569
4.33627
4.23359
3.72804
4.13353
2.52918
4.88527
4.22462
4.33068
4.53032
4.30665
4.08458
4.25268
3.81354
4.32221
4.66787
2.32669
3.05056
4.83477
3.73837
4.45926
3.65394
2.86802
4.83114
4.97354
2.42965
1.37522
2.82374
1.48394
3.42557
2.86738
4.32801
4.95436
4.34107
2.46707
3.76278
4.09237
3.85653
2.74043
4.95259
4.52262
2.38296
4.82872
3.43167
4.22067
4.24612
2.46448
4.53126
4.14429
2.88577
3.79035
4.53062
4.69319
4.3356
4.4346
4.4737
3.94439
2.5308
3.91211
4.53397
2.92792
2.54164
3.68316
4.27651
4.395
4.40794
4.53771
2.41054
3.0859
4.70689
4.80646
3.78214
4.40019
4.31772
4.30491
4.61523
2.48726
4.7819
4.18915
4.33613
4.30439
3.84406
4.60746
2.69951
3.04098
2.47696
3.08626
2.63429
2.98077
3.36972
4.39743
3.68871
4.41337
4.66878
4.60503
4.28124
2.69847
4.26688
2.29091
4.51152
4.13029
2.76238
2.91531
4.53033
3.46357
3.98456
4.25697
1.64249
2.42135
3.93192
2.53802
3.81349
4.75669
4.49995
4.20309
4.98599
4.49614
4.76216
4.99831
2.46266
4.35082
4.06343
4.32507
2.71313
4.24788
2.80589
2.83008
4.60926
3.59224
3.98927
2.46096
3.90868
2.45742
3.97812
4.26263
1.441
4.90242
4.31056
4.64948
4.36199
4.44304
4.30307
3.66855
4.20728
4.55213
3.65653
4.48045
4.71444
1.50489
3.98907
4.99374
3.0694
4.3681
2.9689
2.54376
4.58608
4.24904
2.97463
2.94675
2.28835
2.85487
2.55199
2.82579
2.52958
3.85921
4.03755
2.5142
3.82231
2.67377
1.55165
3.70039
1.40171
3.73205
2.35914
3.57268
2.3394
2.82728
2.90932
4.43785
2.48466
2.75714
4.92509
4.15774
4.35869
4.44475
4.83843
4.47496
4.33603
4.76357
4.9635
3.33871
4.15746
4.14511
3.5925
4.49765
4.37173
4.38406
4.58983
4.19284
4.51621
4.33432
4.37482
4.58713
4.28677
4.80472
4.67114
3.68828
4.42147
3.44037
4.7262
4.25996
4.23395
4.31942
4.00808
4.90984
4.61545
4.94226
2.99981
2.52698
1.58035
2.58516
1.52191
2.40842
3.52214
3.85932
4.24964
2.80883
2.49523
4.51713
3.61086
4.66255
4.66271
4.44353
4.9123
4.31375
4.39759
4.7827
2.85216
2.627
4.37145
3.80731
4.26336
3.59919
4.06042
4.23736
4.68889
4.4329
4.2071
2.92957
4.00493
4.42052
4.60392
4.57213
4.34647
1.44779
3.39902
1.63934
2.52487
2.88513
2.41632
2.93844
4.17866
4.84097
2.79402
4.15549
3.75147
2.28497
4.85108
4.32207
3.85745
4.53085
4.47461
3.92633
3.47429
4.3996
4.67318
3.00601
4.92658
4.4027
4.71804
4.04394
4.3265
4.8573
2.9901
4.64606
4.55079
4.01538
1.70211
2.49327
1.4597
2.60117
3.83769
3.49739
4.6302
4.27622
2.91093
1.63654
1.47243
3.02862
2.49758
2.8275
2.49707
2.9657
4.53247
4.28874
3.81782
4.85305
4.92934
4.97419
4.28378
4.33949
4.27017
3.49906
4.97706
4.56568
4.31115
4.60715
3.61432
4.61163
4.43981
4.97582
3.81659
4.25903
4.6235
4.32307
4.6718
4.93954
4.36692
3.86097
4.45129
2.39417
4.30778
4.2338
2.41195
3.73992
3.4504
2.94114
4.2441
4.47559
2.47289
4.48455
2.74777
3.78474
4.23556
2.36636
4.42157
4.40135
3.9516
4.92011
4.30196
4.91273
2.99357
2.54442
1.528
2.33225
4.33809
2.84616
3.48516
3.70512
2.47918
2.69565
2.57629
3.74677
4.0033
4.3752
3.07301
2.60147
4.27316
4.98837
4.62921
4.40409
3.72599
4.99173
4.23453
4.48829
4.10681
4.60367
2.78658
4.58736
4.70391
3.80401
2.97893
3.43682
4.18073
4.54839
3.70779
4.77517
4.09799
4.99515
4.3655
4.8755
3.82004
4.41417
4.74943
4.42534
2.77755
4.54736
4.47684
3.92273
4.20255
4.61517
3.52921
2.81179
4.28837
3.85526
4.94644
3.84551
4.59063
1.55958
2.56796
3.81278
4.697
4.40179
3.59561
2.99142
3.97159
3.0294
3.60328
4.55506
4.37873
4.69353
4.55482
4.24312
2.43608
3.0341
4.91559
3.8805
4.30942
4.17792
4.58455
4.31112
2.50108
4.45259
2.49238
3.84391
3.34351
2.73242
4.34327
4.29269
3.74519
4.63548
4.31574
3.92826
4.3635
2.83592
4.85572
2.44372
4.66937
4.34493
4.23744
4.93834
2.51408
2.81738
4.26788
3.8633
3.50633
4.55492
2.59583
3.70751
4.95019
4.29512
4.39151
4.26474
3.84288
4.40444
4.42205
2.468
4.24356
4.66441
4.90771
4.40288
2.97805
4.23411
4.55261
4.58224
3.52365
2.56585
2.50602
4.37027
2.98874
3.48311
3.81414
4.32452
4.93778
3.83987
4.47867
4.92033
4.52667
4.52973
3.86642
2.95236
4.3054
4.45531
3.38733
4.8641
4.40859
4.6514
4.48634
3.9818
2.53173
2.9555
4.26125
4.49446
4.35095
3.91763
4.36046
4.51945
4.21956
2.83054
3.80458
4.4869
4.44721
4.63787
4.41451
1.53594
2.44479
2.86584
2.51547
2.91703
3.48787
1.64161
4.1829
2.34247
4.26711
3.77733
4.86943
2.88061
4.60067
4.35467
3.91356
4.20962
2.95157
3.77785
4.35084
4.83264
4.65754
1.43163
2.9531
2.51977
2.88105
2.35364
1.56871
4.01614
3.0276
4.78087
4.43325
3.67704
3.09686
3.8155
4.36477
4.62956
4.29025
4.01122
4.13219
4.40385
4.33729
4.60445
4.91316
4.25741
3.67027
2.44854
4.38823
4.15567
2.4449
4.44917
2.57726
2.89258
4.31372
3.72703
3.54638
4.42686
2.3753
3.65596
4.28313
2.72342
4.67785
4.80503
4.98154
4.1856
4.1819
4.28747
3.43983
4.47316
4.38812
4.46203
4.59038
4.52304
3.47192
4.99647
4.96334
4.10628
4.39654
4.09326
4.654
4.34044
2.66349
3.00983
2.59255
2.83111
2.56916
4.33129
4.70841
3.72277
4.37672
4.60042
4.47035
4.50628
4.27302
4.27673
3.81692
4.29537
4.27062
3.72051
4.94433
4.27986
2.90934
4.19987
2.33792
4.5115
1.46301
3.80804
2.85883
4.57524
4.81797
2.90252
4.19302
2.90612
2.40034
4.61508
4.15386
2.95849
3.42498
4.31876
1.5445
2.44741
3.86643
2.36192
4.97263
3.76811
4.83038
4.25993
3.87026
4.91511
4.73588
4.62754
2.97061
3.582
4.37085
4.31668
4.6016
4.16574
2.85811
4.49821
3.81248
3.68663
4.89244
4.66071
4.42502
3.09867
2.44361
1.46654
2.61308
4.53212
3.55994
4.65587
4.5154
4.76384
4.39414
4.95071
2.85689
2.44787
4.35867
4.90098
4.5295
4.2478
3.95494
3.67687
4.51193
2.93751
4.99373
4.72106
4.41008
4.01672
4.38536
3.45076
1.63411
2.41377
3.05428
2.54543
2.74452
2.31687
4.92704
4.42838
4.319
4.23927
4.19334
4.45929
4.87112
4.1646
3.757
3.79504
2.84879
1.48202
2.44009
3.54871
3.83518
4.28442
2.84462
2.45353
4.60962
4.68134
4.17673
4.95487
4.99547
4.32309
3.69657
4.02429
3.76028
4.11897
4.04635
4.9762
4.22589
2.86595
4.53186
4.62784
1.30353
2.64687
4.04169
4.44183
4.87106
2.75761
4.03747
3.56751
2.35477
1.53653
2.50916
1.57115
4.53132
2.90106
3.85345
4.30968
2.53353
1.51005
1.55339
2.89461
2.57172
2.92171
4.97624
4.77511
4.9014
4.9189
4.17264
4.3242
4.28402
4.97146
3.46436
4.35807
4.55419
4.5723
3.61422
4.54135
4.57606
4.20394
4.63065
4.42703
3.83545
4.16972
4.82656
3.69481
4.08153
4.99812
4.95373
4.31333
2.29209
4.37531
4.31082
2.6034
2.61054
3.87501
3.60445
4.65574
4.37119
2.99857
2.48525
2.87261
4.71638
4.17884
3.81637
4.21579
4.23845
4.24656
4.96046
4.27752
4.96542
2.67737
2.44887
4.33033
3.9975
2.68374
2.45558
3.69617
3.86713
4.37483
4.88113
3.81948
4.23039
3.88697
4.49613
4.63772
4.48696
4.99025
2.90926
3.41005
4.20014
4.48639
4.29408
4.16446
4.15247
2.86876
4.22222
4.23343
3.74016
4.91427
2.39165
3.81783
4.26282
4.12945
4.2222
1.46852
4.74788
2.95375
3.91463
2.78361
1.4382
2.41634
4.33453
2.95478
3.52971
3.72685
2.31651
4.58615
3.01671
2.44204
4.34873
4.34198
4.24923
4.46819
4.19976
4.67614
2.81007
3.63221
4.36651
3.69347
4.69369
4.16062
1.49183
3.89419
4.35606
3.8574
2.86916
3.56542
4.53486
4.37465
4.43401
4.04521
4.53938
4.66359
2.47924
2.90212
4.00025
4.93943
4.20589
4.67847
2.44217
4.32293
4.50781
4.36366
4.46624
2.38
3.61075
3.65085
2.8405
4.44096
2.33776
2.81891
4.23379
4.64416
3.84012
4.36814
3.76297
4.90292
4.02353
4.83715
2.47254
2.363
3.68625
4.62916
4.2298
3.45343
2.90276
4.2797
4.33769
4.77371
4.22682
4.28965
4.35289
4.45423
4.07722
2.27468
3.96597
4.1123
4.77113
3.71276
4.36272
2.5045
4.38839
3.8266
4.85788
2.95938
2.55944
2.41889
4.2814
2.89146
3.45104
4.62501
4.53789
3.7264
4.28305
4.90124
3.88842
4.47074
4.48684
2.92777
3.95665
4.37525
4.90193
4.73242
2.96976
4.25542
4.72996
3.49445
3.56087
4.21744
4.87534
4.52866
4.17953
4.83711
3.6714
2.91472
2.94908
4.31074
4.58353
4.57582
4.52776
3.54212
4.54982
3.78887
4.20714
4.9766
4.90068
4.49129
3.69166
4.96592
2.45772
2.47165
2.98083
2.41963
2.87302
3.49077
4.30664
4.81287
3.84037
4.97921
4.24665
3.70393
4.36173
4.57158
2.79303
3.39274
4.27423
4.77104
4.95284
4.76416
4.46673
4.45943
4.92043
4.45127
4.68102
4.43913
3.81836
4.26198
4.47662
3.93434
4.8469
2.48566
4.29571
4.11135
2.9503
4.63462
1.52168
3.9076
2.7759
2.9418
4.36195
2.90812
2.58665
4.59625
4.25632
2.98857
4.63615
3.47333
2.42494
2.36128
3.76714
4.14441
1.37857
4.4673
4.14592
4.95766
2.88773
4.6956
4.99328
3.48701
3.72634
4.11763
4.417
2.48509
1.56625
2.3558
1.43965
2.42368
3.49469
4.17745
2.92763
2.43794
3.777
4.60725
4.27452
4.27464
4.96597
3.70864
2.87618
2.87112
3.75987
4.24112
4.61695
3.54033
4.68161
4.75222
4.37408
4.18268
4.91424
4.96274
4.37822
4.63851
4.43799
3.93541
4.9343
3.67127
4.67135
2.94082
4.94794
4.50622
4.32579
3.87139
4.47144
3.40735
4.18707
4.6244
2.73008
4.61739
3.58354
4.92311
2.94408
2.38947
1.55299
2.47813
4.35568
3.41669
3.88272
2.58024
4.54218
4.49399
4.18555
4.9453
4.30031
2.97567
3.90318
4.34135
2.49354
4.87096
4.33142
3.65835
4.32074
4.10192
4.18783
1.43973
4.41451
2.73987
3.71426
2.99149
1.48176
2.97105
2.34826
2.47398
4.3805
3.36002
4.01308
4.31979
2.67308
2.29303
4.28366
4.87549
4.31424
4.19593
4.42433
4.02162
3.80781
4.46864
4.58749
4.51765
4.27449
3.4022
2.75172
4.22528
4.39359
4.48315
2.95159
3.68413
4.49088
4.18282
3.74892
1.46585
2.40326
3.79341
4.52252
3.45273
2.81846
4.13335
2.35672
4.24808
2.85063
3.75284
4.41896
4.79477
4.11497
3.69356
4.91582
4.2655
4.95779
2.37653
2.476
4.21082
3.86583
2.8957
3.61291
4.64677
4.11603
4.44342
4.69765
4.37169
4.60492
3.9311
4.35572
4.65311
4.10162
3.05318
2.55785
4.34453
4.96427
2.55144
4.33798
4.7294
4.49482
2.93047
3.8154
3.69299
4.57727
2.44563
4.16291
4.42031
4.65808
4.2703
4.47517
2.28598
4.31439
3.86942
4.35711
2.71329
4.13253
4.44432
3.39806
2.86591
2.40981
4.21488
4.25068
4.95966
4.4105
4.19296
4.65348
4.39896
3.73471
3.81446
2.86552
1.43097
4.4564
2.54654
2.43392
4.45662
4.24294
3.05649
3.67456
3.61134
4.08544
4.92246
4.88555
4.8796
4.40704
4.39644
4.60043
2.76946
3.03243
4.35096
4.89664
4.69976
3.85974
3.83558
2.89775
3.84811
4.41962
4.65225
4.75044
4.3946
2.53606
2.49442
3.11715
3.58147
1.47372
4.4286
3.99301
4.42982
4.4375
4.38504
3.8344
4.37835
3.0995
4.63301
4.57783
1.40077
2.99828
4.4592
4.5969
2.57681
4.57518
4.04156
3.00419
1.54144
2.95907
2.86281
2.50927
1.538
4.14637
4.26661
4.44777
4.87542
3.78046
4.38629
4.34979
3.86975
4.80706
4.36785
2.42934
4.19971
4.17215
2.43811
2.44299
2.48605
3.7318
2.90763
4.46609
4.46955
3.32347
2.8432
3.80564
4.04144
4.52055
4.96074
4.9598
4.31118
4.16727
4.44441
4.25156
4.9585
3.48723
4.70229
4.42481
4.41943
4.62584
3.27534
4.25881
4.35139
4.30031
4.0658
4.88695
4.92227
2.4784
2.39024
2.91399
2.46047
4.91637
4.55971
3.70208
4.19638
4.90792
4.87901
3.9989
2.74482
4.72743
4.36646
3.7666
3.77637
2.84521
4.8255
4.28704
4.34547
3.39852
4.23307
4.74304
4.901
4.91813
4.61805
4.32768
3.72888
4.9197
4.15856
2.8942
4.37201
4.64078
3.91507
3.99994
4.6814
4.37678
2.85332
3.59957
4.26469
4.34581
3.71647
4.46366
4.86796
2.52363
1.56298
2.46984
3.87124
4.34449
4.75194
4.52621
3.78406
2.8517
4.40304
3.53749
4.60268
4.43411
4.69202
3.63775
4.28129
3.933
4.47425
4.35393
2.98807
2.4406
4.34995
4.34463
4.237
4.39121
4.75123
4.05461
2.76091
4.60797
3.8359
1.59922
3.01202
4.33294
4.57953
2.93714
4.38812
3.78731
2.56049
1.52123
2.43431
3.64356
4.35311
2.77322
2.48259
4.74663
4.64732
4.3677
3.78912
2.83649
3.82356
4.42977
4.61949
4.23885
4.89757
2.8902
2.44986
4.45307
4.25918
4.84817
2.81161
4.1996
4.25277
4.24472
2.23481
4.68952
4.16098
2.78355
2.68653
3.74047
4.49393
1.43637
4.23737
4.81047
3.66489
2.47541
2.4515
4.39154
3.43993
3.56927
4.20884
4.63237
4.3248
4.77152
4.49412
2.89419
4.35053
4.33475
2.45241
3.02244
3.13761
3.93728
4.77784
4.02294
4.42446
1.53891
2.78434
4.58246
3.72381
3.81926
2.56349
4.87447
4.5585
4.20233
3.86392
3.81193
4.30083
4.33851
4.18531
1.49616
4.63818
4.4865
3.65806
2.86744
3.02242
2.91973
2.48026
4.23895
4.9244
4.55446
4.40702
1.44854
4.27597
4.19712
2.4792
4.61636
4.3125
2.89461
3.82985
4.50414
4.88172
4.98888
4.29784
4.78233
2.38722
4.3662
2.37811
3.90315
4.25548
3.91179
2.87677
3.33759
4.64264
4.34814
4.08337
4.34514
4.53335
2.49369
2.88159
4.52
4.9377
3.7781
4.98973
4.21141
4.99966
2.62434
4.43851
4.3265
4.92293
3.95987
2.4302
3.84093
4.68855
3.41134
2.9535
4.40468
4.28711
4.262
3.8403
4.23595
2.42902
4.28241
4.25535
4.42645
4.98478
4.45857
3.6893
2.82038
4.31217
4.25748
4.28833
3.80391
2.46009
4.24642
4.20485
4.91638
4.66945
4.49925
4.17989
3.00391
4.65093
3.73951
1.47822
3.02431
1.52332
4.35325
4.59888
2.59669
4.36097
4.08654
2.90536
2.6168
2.48136
4.54825
4.35361
2.70613
3.60366
3.77871
4.22102
4.86205
4.87553
4.51673
3.89545
2.83063
4.38896
4.44946
3.56818
4.40802
4.47867
4.23031
3.80436
2.90648
4.50687
4.58843
3.77837
4.21563
2.36657
2.601
3.91366
3.56211
1.65886
4.33694
3.66174
2.4661
3.81692
2.43618
2.84518
2.97307
4.51079
4.58171
2.46649
2.98309
2.41566
2.63524
2.69171
2.78341
4.50655
2.85366
4.7222
2.56769
1.61666
3.92711
4.40497
3.69147
3.99598
3.53306
4.23198
4.56222
3.37547
4.53807
4.26572
4.54842
4.31548
4.89794
4.81518
4.31177
4.52798
4.10307
4.39856
4.58786
4.38573
3.65976
3.41657
4.99951
4.43679
4.94343
4.66094
4.41379
4.30093
4.60792
4.40437
4.91016
4.97512
3.47433
1.70392
4.2791
1.51359
3.54366
2.78672
2.44071
2.97478
2.31895
2.77837
4.47578
4.13005
3.81484
3.44607
4.99628
2.7289
4.41622
3.74646
4.3881
3.7765
2.36549
3.50012
4.83089
4.6288
4.35754
2.87303
4.89858
2.51288
3.93335
4.2013
4.14309
4.58226
4.3157
4.04519
3.0083
4.4834
4.73365
2.46624
3.93859
4.39734
4.26466
4.55257
4.54216
4.2247
2.41941
3.6739
4.76465
4.36244
3.16839
3.99628
4.66457
2.68119
4.805
4.51627
2.61958
4.98607
4.38556
4.01057
4.53987
4.46331
4.69391
4.1721
3.02319
4.94384
3.71123
4.29546
2.52684
1.43226
1.49683
3.5708
2.78366
2.41075
2.8621
3.5715
4.45543
4.33047
2.9051
4.71084
4.94935
3.72874
2.36356
3.33195
4.22947
3.83612
4.4117
4.26052
4.5905
2.76282
4.86611
2.3514
3.87255
4.4025
2.52066
3.8901
4.44024
4.32604
2.85278
4.46851
4.70435
4.47313
4.19976
4.30573
3.88701
2.58513
3.39956
4.10934
2.41601
2.88782
4.37758
4.87234
4.16974
3.69676
4.9362
4.19693
3.81369
2.49898
4.88116
4.27245
4.08848
4.91589
4.22931
4.5923
4.65547
2.53248
2.94366
2.49892
2.94341
2.56108
2.91192
3.57939
4.44839
4.56913
3.41062
4.34593
4.55648
3.00851
2.81594
3.47182
3.95904
2.42255
3.68091
4.25422
1.44997
2.49688
3.73598
4.85392
4.53672
4.34309
4.983
4.30078
4.59522
4.9516
4.51013
2.53822
4.68781
4.34681
2.91941
4.35698
4.47541
4.19008
4.22933
4.09275
3.92364
4.19982
3.67152
2.76518
2.89013
4.47849
3.46384
3.88324
2.60221
3.77086
2.49335
4.04857
4.29301
1.58629
4.50967
4.801
4.553
4.41315
1.6775
3.65654
4.78215
2.87607
2.48186
4.50775
4.3923
2.93504
4.17169
2.90837
2.82122
2.51969
2.70155
2.57072
3.01144
2.40131
3.67088
3.68456
2.37056
3.61473
2.37464
1.39516
4.25493
4.383
3.7854
3.80056
2.71225
1.58998
4.03402
2.6591
2.87623
4.65024
2.56803
2.76358
3.03967
3.61247
4.39128
4.53874
4.83348
3.36238
4.68561
4.08574
4.25616
4.4824
4.77916
4.15812
4.99854
4.99856
4.66809
4.91635
4.31
4.18881
4.2807
4.45615
4.86684
4.89781
3.31886
4.19845
3.66576
4.38963
4.52995
4.17523
4.93165
4.85195
4.57038
4.83192
4.77207
4.96441
2.77129
2.15687
1.39501
2.36438
1.30495
2.40853
3.55607
3.86101
4.18838
2.83648
2.4599
2.88791
4.0416
2.25214
3.42314
3.88502
2.33736
4.37449
3.06358
2.56542
4.60666
4.14147
4.41611
4.65722
4.50156
2.84815
4.51829
3.74671
3.4084
4.98792
2.72035
4.17245
4.46141
4.90482
3.76748
4.29184
4.82229
4.28326
3.77511
4.41008
4.74099
4.72212
2.78679
4.5503
4.61843
3.71621
3.60378
4.26378
4.74176
2.97724
4.96275
4.43656
3.96889
3.93002
4.43275
1.43838
2.47955
1.62
2.43453
3.79647
3.49062
4.44419
4.25628
2.96926
4.85422
3.70017
3.52597
2.91978
4.59295
4.49604
4.57263
4.30265
4.90338
2.48757
3.68183
3.39284
4.51761
2.17941
2.73951
4.26001
4.91879
4.30656
3.78311
4.6519
4.3341
2.9794
4.93436
3.70308
4.19994
2.47358
4.60608
4.37306
4.34137
3.749
4.33076
4.40057
4.10778
4.91007
2.60024
3.89456
3.48306
2.95666
4.43187
4.5915
2.65094
4.11463
4.51091
4.57211
2.44552
4.65614
4.90453
4.29918
4.37961
2.65119
2.41024
1.36474
2.43635
4.1897
2.90316
3.40999
3.61277
2.40276
4.86375
3.89409
4.41937
3.23601
4.49109
4.08717
4.77008
4.772
4.83785
2.93565
3.90155
4.58096
4.44519
1.74581
2.47468
3.04158
3.71424
1.47369
2.55104
3.06965
4.37752
4.30629
3.96687
2.95997
2.64921
4.29531
4.92031
3.82894
4.99649
4.32122
4.78302
4.19723
4.94582
4.51864
3.77071
4.28889
4.50998
3.58213
3.01166
4.06393
4.58492
2.99791
4.45799
4.63542
4.07602
1.47075
2.29693
3.70057
4.52347
4.35562
3.42102
2.92522
2.37691
4.45103
1.36358
2.84176
2.65143
1.53645
3.05993
2.70364
2.94761
4.41114
4.38314
3.95893
4.34728
4.34892
3.50365
4.17771
4.56945
4.282
4.41537
4.63836
3.23746
4.45322
4.91383
3.79065
4.87026
4.29206
4.44966
4.13681
4.64671
4.34134
3.89834
4.38468
2.32886
4.24227
2.48359
2.9893
4.26474
3.85619
3.72399
4.67542
2.58671
4.36638
4.61766
3.86863
4.41567
3.15596
2.70759
4.26068
4.31661
4.42331
4.25689
2.83846
4.29794
4.64167
4.50205
3.59091
3.63382
2.30391
4.14799
2.87106
2.46944
3.44531
3.98746
4.30948
4.43751
4.59354
3.94748
4.25405
4.53716
2.6795
3.49619
4.40361
4.59492
2.4591
4.22422
3.69436
2.95993
4.26381
4.95764
4.45454
4.41199
4.2587
4.28811
3.81133
4.27501
4.35353
4.6631
2.65675
3.72872
4.57844
4.52332
4.30955
1.51223
2.4885
2.88188
2.56093
3.00014
3.55327
1.66476
4.52829
4.24842
4.22254
3.89512
2.66357
3.01829
4.41619
4.09915
2.96204
4.45571
3.88855
4.90142
4.70516
1.55382
2.98223
2.69811
2.96729
2.44427
1.62734
4.07129
4.36186
3.45408
4.31416
4.31483
2.72251
3.54912
2.84794
4.37472
3.78218
4.63302
2.45146
4.29245
4.29704
2.58961
2.86504
4.26204
4.6226
2.4118
3.76872
3.57998
4.63011
3.88394
4.41625
2.61792
3.10043
4.90438
4.77481
4.41369
3.98942
4.25115
3.65783
4.67041
4.22838
4.55
4.545
4.59996
3.5754
4.91583
4.54169
4.38169
4.45101
4.89531
4.25561
2.45084
3.02361
2.44316
2.78113
2.45764
4.51909
4.64838
4.11147
4.53096
3.38093
4.19696
4.64158
4.44724
1.4717
3.90207
2.88584
2.97272
2.5315
4.56644
4.38792
3.05746
4.34099
2.99977
3.63872
2.50253
3.89638
4.38387
1.52983
2.6775
4.94045
3.82686
4.99818
4.23219
4.50978
4.46108
3.8593
4.9847
4.49668
4.37459
2.91776
3.5193
4.20054
4.69454
4.90672
3.07721
4.64844
3.92614
3.73863
4.85164
4.59178
4.51622
3.05526
2.51576
1.4957
2.42716
2.87324
4.8128
4.15778
3.74923
2.39258
3.64133
3.77519
2.42587
4.36574
4.74049
3.73162
4.46072
4.51792
4.97879
3.47424
2.98732
4.43414
4.63124
4.66742
4.2763
4.85296
2.95444
4.42373
4.23199
3.88926
2.46429
4.11124
3.90853
4.3825
4.23286
4.51726
4.70006
4.4588
1.55796
4.56902
2.84734
2.80388
1.61272
2.6141
3.38407
3.83363
4.27251
2.7953
2.47808
4.38861
3.807
2.79296
2.45677
4.92772
4.57972
4.13855
4.06866
4.57244
3.04701
3.92002
4.47472
3.88577
4.42117
1.53286
2.66334
1.63804
3.81553
4.46168
3.91691
3.631
3.1399
4.73378
4.36
4.92931
2.32281
4.53155
4.88425
4.28383
4.37494
3.81971
3.47004
4.4978
2.69855
2.94688
4.16426
2.36155
2.80591
4.54014
4.68718
4.35867
3.62676
4.29572
3.75074
4.21597
4.25121
4.29083
4.60909
4.43978
4.97236
2.34741
2.59265
3.84685
3.57436
4.54414
4.2022
2.86959
4.35112
4.63287
4.55136
2.4052
4.09929
4.92322
4.27695
3.8791
2.93186
2.42206
4.80492
4.22113
4.59137
3.66415
4.29516
3.71847
3.68563
2.72189
4.17076
4.88198
4.52092
3.8166
4.31851
2.40357
2.87565
3.47229
1.61886
2.48131
2.96149
2.50011
4.37383
4.664
4.27139
4.6263
4.36241
4.29114
4.56009
3.84113
4.37315
4.53929
3.96816
4.42783
4.46282
3.88365
3.81708
2.75917
1.55607
2.45789
4.29314
3.04846
3.56538
3.79237
2.42187
4.51901
4.53552
4.34552
4.58806
3.09478
4.62009
1.6117
2.73085
4.10928
4.67417
4.43667
3.89974
4.97501
2.94144
2.63549
1.44989
4.14799
2.50862
4.29863
3.64199
4.42114
2.74942
2.41226
1.38683
3.08483
2.5499
1.48691
3.02888
4.27325
4.3302
4.87504
3.76337
4.11906
4.22614
4.85053
4.55405
4.476
4.62922
3.56886
4.63733
4.47411
4.60625
4.28623
3.79368
4.32073
3.72129
4.3495
4.77723
2.50876
4.2459
2.53611
2.61068
3.92899
4.49236
4.41152
3.41197
3.01948
4.35487
2.47187
2.91803
4.43166
4.4788
3.64497
4.31741
4.30054
4.96762
4.41379
4.38332
4.46171
3.86327
4.13296
4.15451
3.94236
2.38777
2.95774
2.41193
4.38897
2.92504
2.38831
3.57424
4.54793
4.74771
3.79326
2.90582
4.28077
3.80183
4.93622
4.63706
4.23655
4.59559
3.02126
3.62079
3.82413
4.23201
4.78936
4.89108
4.46414
4.06997
3.79518
2.73707
2.92122
4.27266
4.63305
4.56163
4.30552
3.41251
4.79852
3.68969
4.18274
4.63431
4.69512
3.81552
4.99601
3.66776
1.43694
1.44136
3.5541
2.77096
2.97923
2.48338
2.93134
4.51617
4.92778
4.86228
3.83296
2.5442
4.22627
2.3557
4.42756
3.60543
2.90181
4.67715
4.96854
3.80788
4.25953
3.72976
4.28291
4.55423
4.99602
4.38971
4.1328
4.06167
3.0244
4.62829
2.70473
4.36536
4.2965
3.86185
4.30938
2.50561
4.92159
4.08683
3.8384
4.43696
4.26555
3.54152
4.58688
2.87767
4.84916
3.78696
2.43669
2.49953
4.23805
4.29187
4.66297
4.28619
4.60454
2.98204
3.8828
2.46908
1.64125
1.48976
3.52927
2.68882
3.08308
2.59659
4.43456
4.3936
2.68415
3.64301
4.693
4.3944
3.03002
4.61936
4.97934
3.87826
4.1602
4.20775
4.1475
3.65159
4.95214
4.96393
2.35302
3.70081
4.99914
4.34992
2.89255
4.21057
4.25502
4.14233
4.59793
2.40758
4.81856
4.35323
4.36854
4.97473
4.11455
4.623
3.33981
2.38418
2.7806
4.41569
4.83457
4.85908
3.5645
2.3874
4.25727
4.06065
4.92584
4.35352
3.8488
2.44163
3.06191
2.39905
2.7343
3.00239
3.41995
4.34335
3.86305
4.58428
2.96429
4.88707
4.72443
3.66944
4.41795
4.1642
4.86685
4.49459
4.22215
4.29351
4.0697
3.97733
4.38172
3.58113
4.49116
4.61481
4.5701
2.66672
4.59481
3.07472
4.69859
4.49786
4.55347
1.47223
3.78531
2.84921
2.55545
4.53499
4.2749
3.23446
4.51119
2.86725
3.14516
4.78892
3.72654
2.71271
4.01477
2.72518
4.71809
1.87111
3.04181
3.97985
4.09077
4.53325
4.596
4.73217
3.07519
2.38279
2.6987
1.42896
2.42082
3.4157
3.79499
3.9348
2.50859
1.59216
2.94406
1.55793
3.0495
4.84661
3.08322
4.02963
2.55267
3.71423
3.97935
2.60201
4.98655
4.56564
2.99658
2.42699
4.58369
4.32924
4.36882
4.37752
3.97204
4.31639
4.52682
3.79647
4.42694
4.97439
4.61301
4.46171
3.55653
4.36003
2.92223
4.48148
2.98491
3.91258
4.6858
4.55185
3.96574
1.79708
1.55515
2.84036
4.04729
3.7268
4.53981
3.09451
4.49543
2.55531
2.61405
4.60945
3.86819
3.63482
3.02418
4.64244
4.44394
4.59292
4.03798
3.62604
4.00684
4.11971
4.57148
2.79554
4.64437
3.52926
2.24664
4.02193
4.06689
4.98343
4.30898
3.97634
4.29925
2.34748
4.59456
4.83523
4.31589
4.4087
3.89315
3.41867
3.01662
4.73246
2.59024
4.30836
2.35766
4.41026
4.91895
3.82306
4.31839
2.68357
1.66798
2.40687
4.29155
2.97093
3.24871
2.56113
3.8218
2.96597
2.93344
4.00662
4.29621
4.47525
4.74361
3.59361
4.28985
4.6128
4.19397
4.95043
4.32081
4.5643
4.44968
4.99979
3.92164
3.71876
4.45952
2.96147
4.38489
4.76029
3.96753
4.43351
4.37534
4.70449
3.79324
3.10823
4.53874
3.89905
3.20386
4.51085
4.73552
3.64818
4.00675
2.95524
1.67166
4.80656
3.92673
2.53374
4.40172
2.98383
2.5817
4.77358
3.61621
3.92004
4.28826
4.98168
4.08395
4.31117
4.2298
2.34484
4.86071
4.03236
4.79462
2.67735
4.42283
4.96901
4.7114
4.35804
3.57231
4.12789
4.0751
4.06105
3.53465
4.28834
3.88299
2.73543
4.30067
3.81386
4.61976
3.87415
4.52067
4.21696
2.5234
2.69501
2.4342
3.66813
1.48911
2.90458
4.54717
1.35628
2.96339
4.56437
4.35577
4.54625
4.24008
3.76316
2.4559
4.80693
2.88258
1.50581
2.73661
2.45919
2.56159
1.51607
2.38105
2.47974
2.48736
2.50547
4.28933
4.25723
3.78347
4.52767
4.38244
2.91048
3.42983
2.67749
4.15291
3.67023
4.40287
4.79968
4.87651
4.81671
4.19828
4.41366
4.28319
4.4515
3.31586
4.34969
4.68696
4.89133
4.12252
3.73191
4.03726
4.33811
4.06191
4.41525
4.75635
2.54725
2.89847
2.1809
2.60743
2.98376
3.87349
3.83045
3.14968
4.4125
4.73076
4.97024
4.36475
4.62076
3.53372
4.32712
4.54463
4.51365
4.18305
4.68549
3.85345
4.98043
4.43337
2.89214
4.56519
3.7671
3.84352
4.34096
4.28223
4.50648
2.79984
3.40956
3.99494
4.71387
3.80007
4.46739
2.94774
2.4575
2.53605
2.7882
3.84822
4.46914
1.55249
2.82602
4.86805
4.23569
3.7393
2.44027
3.42954
3.74854
2.49644
4.33238
4.19333
4.65344
4.37218
4.59032
4.25184
2.85145
4.30109
4.91241
4.36125
2.53257
4.46334
3.85592
4.27639
3.57586
4.3539
4.35
4.17204
2.99803
4.14133
4.84176
3.88877
4.63714
2.99596
1.71617
2.59033
3.58974
3.85933
4.19727
2.42149
4.57581
1.36767
4.52113
2.95912
2.8287
4.42214
3.81398
2.91735
2.5084
4.80391
4.67094
4.22695
4.3688
1.42021
1.55123
4.2982
2.54952
4.34363
2.59195
4.99178
3.85953
4.35964
3.78493
3.45175
2.81921
4.45997
4.18946
4.44474
4.34194
4.40596
2.34097
2.62553
4.44491
4.84544
3.66669
4.31243
4.28987
4.13652
3.66491
4.18363
2.56393
4.35977
4.96912
3.99361
3.86252
4.90411
2.37465
3.6418
3.41776
4.2871
2.52089
4.13622
2.26506
4.19314
4.19079
4.48479
4.92421
4.8957
2.34143
4.29624
3.69043
4.92179
2.90592
4.76176
4.08693
4.43496
3.42063
4.7242
4.69062
4.22636
4.5426
4.46562
4.14401
4.43471
4.26514
3.01397
2.50988
4.45292
4.36994
4.431
4.96597
4.3548
4.74283
4.27142
2.79827
4.55148
1.88067
3.12143
4.49486
4.74471
4.31896
4.10925
2.85685
2.79626
3.84937
1.43056
2.41817
4.3699
3.12057
3.51226
2.26946
4.68014
3.64523
2.85518
3.813
4.78003
4.51339
4.31376
4.86032
2.9429
1.47287
2.91418
1.65494
4.56497
3.8909
4.21365
4.50619
4.25671
3.82558
2.43215
4.92889
2.90296
2.40486
4.28673
2.77519
2.39427
4.42825
3.34931
3.69126
4.08108
4.80087
4.38107
4.17875
4.60661
3.97964
2.94437
4.26606
4.50867
3.23548
4.63106
3.73859
2.74692
4.54688
4.50855
3.70193
4.26317
4.99816
3.52775
2.44582
2.53074
3.63565
2.52807
2.61377
2.85666
2.99385
4.31048
2.92549
4.60204
4.6836
2.43218
1.44371
3.88131
4.26441
3.84903
4.15744
3.83296
4.27453
4.57171
4.47048
4.92323
4.82308
4.19773
4.459
4.10613
4.99896
4.29938
4.5554
4.99102
4.27528
3.44698
3.55441
4.91519
4.9229
4.26862
4.55246
4.336
2.50994
2.57108
4.29443
4.39878
3.73086
3.57407
3.79574
2.53942
1.50631
4.45534
3.78878
2.55404
2.83152
4.62034
2.48408
2.91008
4.301
2.82996
4.21798
4.55236
4.20017
4.97862
4.73137
4.28203
4.5718
4.96518
4.05315
4.88752
4.34281
4.36549
4.26293
4.89051
4.91504
3.4334
3.48114
4.9535
4.20271
4.9354
4.63167
4.3101
3.58007
4.50298
2.48616
4.41159
1.4521
4.50838
2.97932
2.61298
1.61057
3.81934
3.12477
2.49104
2.74456
4.32168
4.57485
4.9299
3.843
3.89492
4.23861
4.56684
4.31862
4.92101
4.81402
4.49155
4.23004
3.69654
4.14924
4.26482
4.16829
4.27718
2.8836
4.20089
3.80864
4.84893
2.35683
2.40996
2.57057
3.58888
4.42036
4.28128
4.66032
4.40718
3.80411
4.40802
3.11324
2.54176
4.22976
4.29109
2.40436
4.50272
4.16632
3.73642
4.29369
2.90948
2.43323
1.50683
2.74469
2.30335
1.39758
3.21596
2.71456
4.266
4.45283
4.31297
3.84817
4.98063
4.99839
4.09757
3.70506
4.06491
4.45347
4.41545
4.62092
4.81379
4.94064
4.36938
2.64707
3.87831
4.59309
4.24113
2.75521
2.33547
2.41357
3.39942
4.16298
4.23013
4.12842
2.25225
2.76467
4.97319
4.2634
4.34316
4.7021
3.77819
2.65912
2.46676
3.98246
3.63117
1.71995
4.36841
3.97615
2.79763
4.01413
2.56059
3.02592
2.88611
4.3434
4.62802
2.33128
3.07127
4.19851
4.7047
4.27317
4.92752
4.17831
4.61172
4.2093
4.94291
4.78142
4.21965
4.47287
4.44936
4.91022
3.53983
3.59888
4.18759
4.71994
4.54173
3.62544
1.49602
4.4088
1.59953
3.42904
2.90669
2.73022
3.03284
2.38456
2.82677
4.62484
4.94186
4.18928
3.85081
3.99824
4.3514
4.57356
4.41697
4.2553
4.15617
4.23458
4.86286
3.75656
2.74867
4.3279
4.43403
2.28555
4.97099
4.54193
4.28456
4.96008
3.79987
4.15374
2.55494
4.34984
4.26735
2.41086
3.41279
4.56738
4.26485
2.8247
4.97722
3.99317
4.3171
2.47979
4.60287
4.29336
2.99287
4.98633
3.90002
4.55758
2.52583
1.77279
1.46481
3.48001
2.96347
2.2361
2.96388
4.22084
4.43818
4.28722
3.75613
4.27934
4.38035
4.30223
4.96545
2.33012
3.93779
4.61783
4.15705
2.90582
4.8325
4.12621
3.61974
4.42226
4.52153
2.44498
4.33233
4.18724
2.40669
3.50493
4.30537
2.41681
2.80171
4.43031
4.19803
3.9436
4.66265
2.49475
2.85168
2.4182
3.14641
2.67467
2.76764
3.28328
4.2266
4.612
4.32482
4.3653
4.38805
4.23618
3.9182
4.58872
3.76971
4.98871
4.2004
4.46774
4.36102
2.42985
4.68164
4.30549
2.85786
4.66041
4.93978
4.36782
4.61647
3.8752
4.98425
2.51244
4.4136
4.21385
4.60186
2.74275
4.65286
1.58522
2.96706
2.98306
3.03567
2.95642
4.84054
3.65357
3.87037
2.48759
3.93247
2.70965
3.91769
4.31956
1.56583
2.91775
2.56276
3.00949
2.5852
2.91629
2.62679
3.84091
3.77481
2.44129
3.75707
2.52287
1.49887
4.0259
4.36845
4.30797
4.90365
4.23795
4.50615
4.35775
4.66438
4.20126
4.70564
4.95244
4.54737
4.8828
3.34491
4.02593
3.59674
4.58502
4.53896
2.76239
2.44854
1.72128
2.47827
1.41632
2.44223
3.53804
3.7498
4.28524
2.77527
2.45706
4.46703
4.59792
4.74204
4.96762
4.21208
3.7159
4.96382
4.26674
3.84688
3.94533
4.61677
4.71753
3.00796
4.51353
4.41478
3.73241
3.51871
4.47649
4.57268
2.97607
1.55078
2.42977
1.35056
2.4696
3.69092
3.51214
4.54943
4.24861
2.81203
4.50227
4.26087
3.92131
4.29276
4.24925
4.23828
4.59118
4.33079
2.68871
4.95934
3.8031
4.27941
2.4087
4.85429
3.75232
4.27637
4.60743
4.881
4.23889
4.27808
2.61384
4.42386
4.4512
4.86456
2.39858
3.77024
3.45532
3.02909
4.17404
4.35458
2.49533
3.09917
2.50454
1.53263
2.33946
4.3263
2.87408
3.48207
3.77195
2.40415
4.33773
4.47501
4.10815
4.8731
3.66252
4.84584
4.98238
4.32755
3.76244
3.8247
4.46841
2.96447
4.66754
4.71227
4.40692
3.81964
4.28242
4.55843
3.66265
2.96154
1.50417
2.68207
4.00416
4.7466
4.40398
3.60252
3.05563
4.2941
4.86826
4.03282
3.94772
4.30896
3.57207
4.80878
4.24346
4.59604
4.3661
3.9325
4.17511
4.39426
4.05083
3.72295
4.00084
2.73507
4.89308
4.9298
2.3625
4.56624
4.47921
2.78738
4.3045
2.27718
3.01344
4.22783
4.04837
3.43924
4.35601
2.67845
2.90438
4.22341
4.46414
4.49073
3.41081
4.30273
4.25874
4.11425
3.6986
4.59981
4.37251
4.47154
4.36185
4.44255
2.27069
4.19614
3.77595
4.82417
2.82689
4.38311
4.65967
4.61248
4.26728
4.53871
4.37574
3.74072
2.49376
4.87375
2.97157
4.51001
4.55366
4.04087
3.07682
4.07641
3.34117
3.95354
4.6615
4.78306
4.39582
1.41935
2.70001
2.93467
2.75287
2.96931
3.43761
1.80185
1.41945
2.97667
2.55775
2.9924
2.44243
1.60426
4.9983
4.86201
4.84573
4.95514
4.66489
4.98963
4.83651
4.21934
4.24736
4.34072
4.3467
4.45389
4.30598
4.40583
3.43193
4.51196
4.26669
4.475
4.69618
4.81766
3.51578
2.67587
2.89432
2.58475
2.85551
2.48751
4.61301
4.41726
3.86449
4.54144
4.88171
4.99344
3.93387
4.23088
4.98732
2.96559
4.44522
3.85789
4.61552
4.05751
4.79928
4.68901
2.98289
3.61828
4.6048
4.45882
2.90073
2.54191
1.38952
2.56454
4.20914
3.84274
4.30645
4.38832
4.27066
4.21542
4.65158
4.65278
4.48799
4.31315
2.84197
4.44934
4.38885
3.85174
2.61669
4.56893
3.75882
4.93726
2.7838
2.32111
4.84806
4.52359
4.21892
4.10192
4.99042
4.68574
4.33684
2.87664
3.89191
3.79876
1.61627
4.63499
2.97543
2.97118
1.4662
2.34933
3.49806
3.90949
4.28217
2.87078
2.65668
4.50564
1.45167
2.52716
1.43857
4.19951
3.80141
4.20122
4.46776
4.28621
4.39821
4.30307
2.47965
2.95091
4.75554
4.40016
3.86614
4.25026
4.39585
4.34069
4.85033
3.7261
4.15556
2.44429
4.32985
4.42706
2.47357
2.28178
3.68307
3.58193
4.43672
4.21333
3.02905
2.90638
2.43327
4.22966
3.69675
4.1238
4.31172
4.15282
4.33684
4.50201
3.86008
2.76647
2.44192
4.40944
4.98295
4.59979
4.19147
4.49798
4.42086
4.76124
4.48414
4.13387
4.93669
4.65572
3.01514
4.26666
4.41294
3.70734
4.77414
2.41954
2.85513
1.50307
4.61092
2.96709
3.95078
3.93831
2.9083
1.46995
2.44797
4.3104
3.00008
3.40106
3.75498
2.60538
4.52185
1.6524
4.4477
3.9321
4.28674
4.5622
4.38712
4.66286
4.0701
4.95548
3.88484
4.40001
4.27543
4.25454
2.55245
2.86443
4.47497
4.62124
4.98453
3.82492
4.09377
4.33493
4.92198
2.59102
4.29752
2.68909
2.29266
3.59912
4.60107
4.44234
3.54574
3.16194
4.46663
4.26819
3.76542
4.29319
4.98389
3.8876
4.27428
4.89715
4.84185
4.47202
3.75274
4.08315
2.93457
2.7401
4.18723
4.49869
4.62737
4.56348
3.69813
4.61635
2.55177
3.88362
3.75036
3.91616
2.47998
3.9789
2.68186
1.50462
4.4548
2.55604
3.13349
2.92505
4.52154
2.50664
2.99653
4.48951
2.4781
2.95764
4.51367
2.61552
3.09541
2.88316
4.40593
2.58361
1.68388
3.87206
3.84425
3.98386
4.22609
3.51821
4.32331
4.40215
3.726
4.39745
4.8953
4.58639
4.47627
3.67843
4.50574
3.46886
4.37769
4.51815
4.30964
4.72309
4.41578
4.80019
4.90397
1.58429
4.59803
3.19536
2.35612
3.06073
2.81116
1.58116
3.7653
3.38431
2.80122
3.87465
4.26022
4.5072
3.73894
3.19766
4.50734
4.15205
4.72679
4.00432
2.33964
3.46238
4.56008
4.39044
4.06039
4.22551
2.53379
3.00706
4.86112
4.92354
4.56244
4.13313
2.54298
3.60674
4.5707
4.6167
2.73987
3.95611
4.3502
2.99854
4.73552
4.86365
2.37001
4.77507
4.44081
4.23458
4.30448
3.78373
4.74545
2.61261
2.79543
2.5834
2.97703
2.52146
3.07482
4.54002
3.45942
4.34555
4.63676
3.61632
4.46156
4.56106
2.82213
2.9233
3.57224
3.93475
2.70061
3.8489
4.39292
1.62211
2.60069
4.09877
4.80879
4.33088
4.46161
4.47465
2.75511
2.8341
3.36717
3.96648
4.27071
1.61924
2.49056
3.7481
2.34112
3.81824
4.94911
4.79868
4.44386
4.58643
4.64739
1.42998
3.66771
4.75414
2.98306
4.41035
2.85127
4.26885
2.80925
2.36744
4.60216
3.04322
2.61931
2.9183
2.52817
3.19008
2.50852
4.3969
4.0329
1.50751
3.7216
2.52707
3.95534
2.47896
4.47573
4.12273
3.76747
2.54879
1.59332
3.94339
2.52215
4.38037
2.96288
2.99855
2.89929
4.66178
2.38811
3.41156
4.24731
4.26454
3.62739
4.40258
4.40009
4.63412
4.51683
3.657
4.48882
3.60807
4.67543
4.38149
4.27215
4.45704
4.73501
4.8847
4.79735
4.8661
2.84748
2.51336
1.38228
2.61706
1.6915
4.41406
3.51829
4.54329
4.70128
3.83417
2.57292
3.37901
3.76876
2.52544
4.26274
2.89614
4.34991
4.45062
4.62362
4.02964
3.70764
3.06845
4.55377
4.92448
4.95218
4.31931
4.37354
2.84302
3.74141
4.2136
1.5135
3.37261
1.49716
2.49761
2.70931
2.40261
2.89263
4.41775
4.11731
4.85006
2.97216
2.51914
4.19732
3.83046
4.33485
3.88685
2.98317
4.57996
3.79394
4.2274
1.59446
2.31918
1.45417
2.47225
2.52908
1.69354
1.65194
2.99654
2.47665
3.0369
2.75867
4.1957
3.77454
4.97428
3.49222
2.92159
4.44783
4.25119
4.34123
2.91877
4.58811
3.81484
4.20284
2.5251
4.41331
2.68859
3.94681
3.61889
4.78481
2.41921
3.1496
4.63235
4.53127
4.59741
3.14035
2.71099
4.0188
4.63757
4.44037
4.52413
3.8158
4.01356
4.93466
4.24187
4.76065
3.34941
4.41214
4.26487
4.96591
4.93945
4.35396
4.31556
4.09458
4.24556
4.83298
4.95479
2.8048
2.65797
1.41226
3.89933
2.56979
2.54801
3.49475
3.78262
4.3828
2.98765
4.43099
4.55458
3.52269
4.5076
4.34974
4.87129
4.70728
4.67106
2.97057
4.0475
4.51036
1.62067
2.6077
3.01904
3.71107
1.57749
2.74726
3.21733
4.8305
4.32023
2.55474
2.99155
4.38619
4.0048
4.74567
4.46733
3.8083
2.86382
3.44543
4.16686
4.50733
4.32231
3.85525
2.85792
3.78606
4.99611
4.44651
4.17779
1.68688
2.41393
4.37654
3.9404
2.78029
3.4841
4.65879
4.3126
2.68073
1.79446
2.82512
2.50961
1.57684
3.01131
2.45404
4.47863
3.03985
3.89725
4.55395
4.21805
4.49013
4.36883
3.52403
4.3923
4.50945
4.32403
4.63494
4.48707
3.52742
4.78102
2.58684
4.28535
2.39669
4.40042
2.43679
3.73573
3.28397
2.90177
4.19347
4.29839
4.44096
2.63555
2.90914
3.82103
4.28394
4.33507
4.11838
4.30535
4.20702
4.99151
4.86086
3.12138
2.89773
2.61046
2.53587
4.26543
2.88922
3.55448
4.03864
2.89202
2.54909
4.26166
2.98616
2.69146
3.47808
3.95583
3.88512
2.56423
4.37985
4.30035
4.51352
4.57847
4.56126
2.99981
4.69856
4.04633
4.5641
4.66338
3.01477
3.80316
4.4802
3.93354
4.66259
4.75402
2.77178
4.48272
3.96655
2.97638
4.33639
4.35043
3.41115
3.97747
4.37169
4.81157
3.73477
4.67231
4.88731
4.97595
3.85888
2.9137
4.4533
4.24631
3.51754
4.07051
4.52028
4.30103
2.96637
3.54565
4.60114
4.88356
4.28822
2.54259
3.01206
4.30771
4.67044
2.5611
3.99388
3.77443
3.77518
4.31518
4.34075
4.98934
2.6025
4.581
2.53179
2.97656
4.30288
3.84699
3.61526
4.49822
4.05323
4.39465
2.51312
4.2858
4.30161
4.48099
1.61885
2.93248
2.78578
2.44421
1.48713
3.57554
4.43009
4.6627
3.61487
2.99664
3.70044
4.76154
4.78112
2.62758
4.30502
4.30303
4.24031
4.02727
3.55906
4.55024
3.944
2.54091
3.01928
2.59259
4.32619
2.54232
3.56882
3.11948
3.77225
4.38501
4.59598
4.79859
4.23868
4.89661
3.8999
2.46903
4.2192
4.31402
4.61442
4.44613
2.69281
2.45789
3.01778
2.62105
3.08639
4.79825
4.51645
4.80572
3.73936
4.32482
4.36993
4.46078
1.46758
3.84434
4.93874
2.8814
4.34371
2.78063
4.31308
2.76499
2.54894
4.69216
2.90162
3.3272
2.50871
4.26296
1.44783
2.45564
3.9258
4.03481
4.67457
3.09877
4.64886
3.7189
4.38703
4.55591
2.80758
3.63767
3.77482
4.37494
4.86922
4.30017
4.98602
4.73343
2.49284
1.4043
2.55217
1.72655
4.47103
4.3281
4.71141
2.79739
2.3849
4.15375
3.72319
3.72074
2.32147
3.41328
2.33778
4.29166
2.66098
4.39911
4.95339
4.37634
3.95005
3.12456
4.70265
3.86816
4.6016
3.74128
3.23412
4.51507
4.87107
3.8276
3.07011
3.16214
4.65644
4.54456
3.66017
4.51843
4.81448
4.62416
3.68916
4.38615
4.81134
4.62269
3.90394
2.75237
2.3633
1.48425
4.87543
4.13524
3.23457
4.26781
4.70496
3.80513
2.90397
3.86162
4.44854
4.42363
3.97197
4.40081
2.64377
3.699
1.79329
2.6337
3.16977
3.66598
2.67422
1.54327
3.80246
2.66571
2.43558
4.57394
3.62025
3.92179
4.28671
2.81838
4.33721
4.22713
4.89209
4.91118
2.87088
1.62433
3.08589
4.8335
4.42362
4.70875
2.76873
3.21229
4.519
4.08155
1.5894
2.5153
4.29964
4.62312
2.5716
2.92782
3.82205
4.30922
2.49092
1.44821
2.95942
1.49563
3.08903
2.34007
4.29814
4.36687
4.89731
3.51937
4.34857
4.31829
4.87521
4.58181
4.62801
4.64123
3.68057
4.66273
2.54111
2.74284
2.65547
4.44515
4.14165
3.03809
3.79437
4.77839
4.31381
2.48957
4.3358
3.10247
3.82393
4.56514
4.4008
4.42001
4.2712
4.8852
4.30549
4.32929
2.99993
4.00658
4.42825
2.96269
2.53996
4.37578
2.41044
3.717
3.70031
4.59718
3.93912
4.6115
4.58599
4.43521
3.0933
3.63021
1.52211
3.0139
1.60957
4.53444
2.9675
2.73785
2.4744
4.58373
4.34746
3.04174
3.59235
3.72196
2.87148
3.74607
2.56227
4.25093
4.21517
4.87848
4.61466
4.61558
2.90621
3.88483
4.5805
4.4333
4.00118
4.37962
3.88097
4.99904
4.99022
3.83499
4.61172
2.78246
3.34891
4.41403
2.57619
4.37877
4.3442
4.81144
3.03951
4.64532
2.78339
3.95655
3.65253
4.2893
2.36171
2.6336
4.05593
2.9654
4.61611
4.50019
3.43001
4.198
4.62464
4.93989
4.30317
2.40786
4.38189
3.98773
4.53143
1.48957
2.90849
2.51045
3.03357
1.48903
3.59235
3.62309
3.01243
3.84813
4.66004
4.94105
2.56919
4.56215
2.57449
4.46235
3.35797
2.78575
4.40365
3.85228
4.34411
4.93747
3.85457
2.62814
4.99732
4.34583
4.37884
4.06494
3.90237
3.45168
4.40507
2.54694
3.75171
2.73661
4.96515
2.32317
4.24676
4.3442
4.86403
4.26054
4.3224
2.539
2.97451
2.72197
2.48484
3.10148
4.6948
3.65605
4.43179
3.91359
4.83963
2.98169
4.37787
3.36247
4.33484
4.7384
4.99584
4.28938
1.56894
3.78126
4.94641
3.04908
4.20876
3.02088
4.37577
2.6508
2.53424
4.59553
4.51491
2.71948
3.28254
4.29448
1.67455
2.46275
2.26307
3.88771
4.98169
2.73745
3.79974
3.81727
4.57388
4.90477
4.54436
4.09244
2.69488
2.33149
2.4516
1.4313
4.19815
3.4578
4.50368
3.86565
2.96847
1.43901
4.56629
3.73053
2.43549
3.46773
3.87141
2.40659
4.58139
4.08975
2.78797
4.20531
4.94726
3.98273
2.84541
4.90912
4.52615
3.70536
4.40569
4.6227
3.86242
4.20589
3.58846
1.46099
2.45493
2.67078
2.90484
4.49611
2.98802
1.47152
3.08871
4.66415
4.352
4.6148
4.94568
2.9324
2.36937
4.21837
3.80238
1.47155
1.51683
2.39848
2.61529
1.60143
1.52958
3.04133
3.06139
2.44976
2.53622
2.56542
2.32573
2.57828
4.11554
3.61577
4.99374
3.44919
2.71942
4.2195
4.02877
4.37251
2.89192
4.51208
3.96286
4.38416
4.51284
4.67155
4.35706
4.23111
4.94228
3.62135
4.8472
4.63055
3.43969
4.4588
4.43856
4.54363
4.389
4.14626
4.03319
4.72896
4.82541
2.53198
1.46764
3.90181
2.52641
2.50146
3.53538
4.37243
2.8343
3.89916
2.86539
2.79104
3.82017
4.15761
4.71036
4.49928
3.30672
4.68104
4.24622
4.24159
4.80829
3.97266
2.93222
3.88871
4.41779
4.38177
4.55821
2.98262
3.56702
4.31827
4.54019
4.52746
3.58858
4.69972
2.97323
2.96166
2.49817
2.50772
4.38286
3.57596
3.83499
1.59736
3.22277
1.59155
3.09261
4.39464
2.76674
2.35484
4.30039
3.01961
2.52938
4.50962
3.27294
3.81062
3.94892
2.51236
4.40058
4.51808
4.92113
4.81074
3.92722
4.56672
4.94598
4.62133
4.49556
2.88828
4.21936
3.42056
4.75433
2.77794
3.76054
4.62151
3.72549
4.04859
4.79081
3.82951
2.99091
4.6381
3.57162
4.38188
2.47062
2.36655
4.33116
4.84065
3.72174
4.37633
4.29268
2.75909
4.92337
3.2265
4.50539
4.449
2.48403
4.31606
4.19238
4.65669
4.95188
4.52888
2.49826
2.9751
3.93343
3.48184
4.31342
2.27617
4.36766
4.19171
3.6234
4.81969
1.55572
2.79808
2.84045
1.5417
3.29557
2.47119
4.43978
4.33051
2.46726
4.89363
4.23279
4.504
4.94119
3.37277
2.9186
3.81937
4.35039
4.99014
2.58427
4.48926
4.39089
4.54485
4.3656
2.37766
3.47866
2.98243
3.70002
4.96264
4.44601
4.83887
2.48835
4.1577
4.0288
4.21687
3.88063
2.37767
2.36252
2.54251
2.64616
2.92177
3.8852
3.78883
2.86827
4.78938
4.84735
4.48259
4.16632
4.49254
3.47749
4.29166
4.75503
3.00906
3.99591
3.94836
4.66457
4.30944
4.70085
2.80114
4.54012
3.61657
4.16874
4.64937
3.89292
4.42545
4.96381
2.6162
2.38855
1.60024
2.82856
1.67988
2.81749
1.40124
4.87632
4.39119
4.16699
4.43725
4.81417
2.74994
2.34352
4.98196
3.94149
3.64937
3.74425
2.32609
3.40119
2.51614
4.29691
4.05269
2.94328
4.57544
4.19766
2.92416
4.43924
3.50386
4.57498
4.56917
3.8916
2.98184
4.46134
4.42088
4.91547
3.7724
4.42729
4.78913
4.99375
2.61694
1.46348
4.59774
3.94257
2.92166
4.94729
4.37943
3.6182
4.65646
4.65387
2.76889
1.77404
2.88479
4.5733
4.45445
4.50035
2.5023
4.99364
3.1139
4.43537
3.77457
1.50566
3.81987
2.56619
2.48195
4.55657
3.46083
4.40199
2.98569
3.93432
2.91462
3.76355
4.55293
4.6364
4.5481
2.81527
2.85317
3.92269
4.53597
1.42191
4.89936
3.64273
4.19983
4.64919
2.67748
2.42918
4.16949
2.40618
4.20903
3.19778
3.76691
3.09916
4.17344
4.78296
4.45705
4.06372
1.63322
3.07473
2.73
2.45822
4.52106
4.20392
3.59193
3.77443
1.58526
2.79177
4.63626
2.6963
4.27349
4.88249
2.75344
3.92109
2.54733
3.97648
4.24349
4.94688
4.32522
4.23893
2.55278
4.23115
2.35033
4.23998
3.76034
4.85329
4.90993
3.77093
4.56479
2.95087
3.57244
4.09523
2.69803
4.25448
3.82838
4.43697
4.92905
2.35591
4.88778
3.81446
2.83221
4.46408
3.50185
4.31382
2.51504
4.15981
4.29625
4.70932
4.94417
3.80295
2.62246
2.6109
3.31124
2.42732
2.90617
4.9496
4.6174
2.5377
2.99422
4.20892
2.69302
4.35216
2.49534
1.51844
3.89014
3.95636
4.05897
3.69568
4.49354
4.2992
4.36189
4.57272
3.60185
3.48407
4.97446
4.79275
4.31554
4.80223
4.65422
4.22788
2.59274
2.62434
4.97741
4.4773
3.98894
3.51282
3.78366
2.6313
1.58385
4.33809
3.80551
2.33031
4.61595
3.07498
2.95022
3.06196
4.3136
4.60561
2.55748
4.94914
4.40506
4.59986
4.37913
3.63535
3.44773
4.73304
4.44084
4.94879
4.29286
4.48686
3.58313
4.18646
2.47699
1.53448
4.30615
2.85761
2.56971
1.46072
3.49732
2.7278
2.36312
4.49594
2.88047
3.83209
4.67161
4.82394
4.42917
4.52624
4.20726
4.79348
4.36666
4.57324
2.39603
3.71672
3.03978
4.17895
2.59284
2.35278
3.63772
4.29239
4.32887
4.51339
4.25834
2.40667
2.66593
4.79494
3.6981
4.178
4.21193
4.38517
4.62158
4.21418
2.47096
2.93374
4.88405
3.70696
4.25766
2.57781
1.6525
2.92088
1.54093
3.35503
2.7905
2.52304
4.31974
4.49732
2.46254
4.3873
3.92171
2.82351
4.9922
4.66713
4.12442
2.66575
2.41356
3.32993
4.18943
4.03911
2.46992
4.54099
3.07761
3.62967
4.59212
4.98223
4.13844
2.48983
3.75372
3.42355
3.82674
2.34983
3.77087
2.30355
1.53575
4.33952
2.55554
2.70589
2.89766
4.53099
2.30499
2.89175
4.37553
4.45299
4.86046
4.74288
4.27505
4.96606
4.85302
3.4666
4.70278
4.26588
3.31291
4.83767
4.05348
4.33896
1.46436
4.4132
3.04654
2.62877
2.98159
2.55396
1.52955
3.63905
3.72197
2.85774
3.9635
4.22677
4.60515
4.88811
4.95708
4.36603
4.51189
4.89912
4.06921
3.71768
2.36408
4.23704
4.29973
2.3958
3.30736
4.33031
4.31388
2.36245
3.56475
4.10902
2.78085
4.85201
4.68512
2.62807
3.04757
2.54222
3.0263
2.396
3.01899
4.72969
3.43196
4.38634
4.68218
4.78876
4.65834
4.32672
4.95375
3.81206
4.78662
4.31916
2.69456
4.07689
2.48953
4.40949
4.42377
1.52775
2.90507
3.00046
4.57631
2.95374
2.89088
3.40733
3.91514
4.30509
1.55391
2.27959
3.7257
2.44182
3.77913
2.96942
2.41351
2.99618
2.46758
2.96795
2.69181
4.40185
3.70136
1.37919
3.76836
2.44325
3.72819
2.48195
4.9196
4.40279
4.35874
4.61261
4.80125
3.13212
4.23099
4.98068
3.55444
4.49846
4.23488
2.97065
2.47467
1.71321
2.55375
1.58427
4.20984
3.47993
4.51636
4.63517
4.60613
4.20529
4.70541
4.99896
3.02369
2.50629
4.29354
3.83437
4.96013
4.36415
4.51539
4.96275
4.00729
2.8704
3.94729
4.83122
4.53873
3.11201
3.9351
4.21309
1.47424
3.54288
1.4709
2.40488
2.84361
2.39911
2.83774
1.643
2.41319
1.44083
2.58427
2.63917
1.41698
1.48602
2.92872
2.25677
2.78443
2.58389
4.98151
4.92993
4.96252
4.40024
4.33384
4.42865
4.33192
4.13821
3.93209
3.47358
4.26796
4.61563
4.29083
4.42569
3.44261
4.4698
4.44983
2.95452
2.39446
1.47244
4.05417
2.44618
2.54142
3.61866
3.78494
4.29018
3.0714
4.97044
3.70186
4.85703
4.43001
4.6564
3.9084
2.81959
4.69683
4.96042
4.64246
4.59074
3.84353
2.8286
3.35078
4.16687
4.50854
1.55355
2.7109
4.35749
3.6102
2.81155
3.30341
4.4179
4.3482
4.22949
4.31249
4.48255
4.44518
2.56928
2.95408
4.963
3.75937
4.35753
4.41177
4.38616
2.5136
4.3014
2.53552
4.7124
2.42583
3.81464
3.46089
2.82293
4.37536
2.96662
3.03883
2.22007
2.52204
4.28545
2.81579
3.48349
3.93595
3.96126
4.296
4.93472
4.88095
4.88136
3.71941
4.41158
4.51804
4.94202
4.54738
2.87914
4.41231
3.81775
2.69804
4.03017
4.40869
3.3454
3.75616
2.95745
4.60718
4.3544
3.60445
4.51511
3.98307
4.07377
4.73706
4.71983
4.43138
2.36693
4.42913
4.4957
2.62974
4.63671
2.4809
2.84325
4.31142
3.77557
3.51222
1.69692
3.15891
3.02747
2.40436
1.47668
3.77903
4.3428
4.85457
3.75871
4.24532
4.92352
4.51096
2.41601
4.33471
4.07065
2.30986
4.17504
2.48128
3.52827
2.82633
3.71085
4.30338
4.63035
4.85213
2.48811
2.63183
2.68222
2.4149
3.06821
3.9069
4.36511
3.15358
3.92836
4.48413
4.51145
3.74372
4.32372
3.00225
4.96082
4.85852
3.72227
4.23773
4.3282
2.53872
1.55577
2.5282
1.63101
4.01465
4.48201
4.99624
4.75017
3.9541
3.813
2.61022
2.99065
4.45145
4.47001
3.5307
4.41494
4.78725
4.58573
2.87576
2.41384
1.55362
4.78236
4.58542
4.22364
4.89378
2.9738
4.68804
4.39691
2.46459
4.80337
4.50217
3.64509
3.08058
1.54536
4.55648
2.8066
3.73459
2.68271
1.52031
4.09027
2.64113
2.28549
4.63271
3.59404
3.84917
4.3499
2.7537
1.44575
2.61487
4.49161
4.43915
2.76801
4.41173
3.14088
4.03648
4.72672
4.35298
4.24451
4.37545
4.86712
2.37361
2.40783
2.4654
4.46831
3.77771
2.99453
3.78036
4.76884
4.36706
2.97122
4.73212
3.03605
3.9032
2.58767
4.34906
4.34
4.99962
4.45053
4.476
4.23314
2.89029
3.79243
3.68656
1.5064
2.77998
1.47471
4.80593
3.12646
2.42771
2.41856
4.7027
4.37087
3.06937
3.72309
3.74691
4.45895
4.66301
4.87982
4.36095
3.82114
4.78801
4.52255
2.57471
4.26588
4.30958
2.18875
2.56398
4.01334
2.86192
4.7305
4.4584
3.45383
3.48598
2.41486
3.42824
2.55333
3.10576
4.74042
2.7097
4.21335
4.48012
2.34276
2.91935
4.05501
2.35445
2.30953
1.42599
3.66195
4.15375
3.50724
3.56851
4.15689
3.51786
4.75516
4.85028
4.05508
3.62194
4.65036
4.36846
2.42661
4.98001
4.26217
3.8849
3.29831
1.49856
4.1283
3.68104
2.703
3.87155
2.25443
2.66743
4.37539
3.06945
3.00438
4.31668
2.91103
4.73471
2.6213
3.58457
4.94062
4.37421
4.8565
3.44266
4.75742
4.51274
4.27074
4.13175
2.38209
1.64676
4.15966
1.42481
3.3831
2.83506
2.53855
2.81868
2.25954
3.48283
4.16837
2.91685
4.4824
4.93584
3.72864
4.34224
2.44794
2.62381
3.50386
4.35355
4.30086
4.41389
4.2466
3.01684
4.9582
2.56792
3.82878
4.32328
2.37881
3.71035
3.5757
3.71876
2.4327
3.71481
2.3005
1.47445
4.18449
4.45845
2.589
2.9179
4.75153
2.81497
2.96681
2.94604
4.49949
3.66993
4.52122
4.93718
3.32053
4.88344
4.14253
4.37764
1.47788
4.27907
2.80754
2.45806
2.81065
2.44341
1.44357
3.31498
4.3904
3.52906
2.98903
4.46245
3.81707
4.48709
2.55916
4.43937
4.2186
2.50866
3.32037
4.2673
4.23962
3.84011
4.22803
2.41405
2.89291
4.8825
4.56987
2.5457
2.83672
2.36585
3.06541
2.41913
2.75798
4.75843
4.62669
3.71413
4.39551
4.36735
4.36405
1.56771
3.08661
2.80122
2.8794
2.71785
3.16351
3.7162
2.46114
3.6726
4.17046
1.43963
2.36538
3.68679
2.84018
2.50023
2.98625
2.42997
2.98418
2.54973
4.23476
4.22166
3.69787
3.72153
2.5427
1.66009
3.86077
2.50919
4.72543
4.95176
3.31928
4.26813
3.58768
4.38988
4.34486
2.81954
2.49515
1.64783
2.46055
1.45833
2.89514
3.69594
2.44216
3.46757
3.82883
2.47547
4.24855
3.03959
4.46463
4.47957
3.7577
3.16081
4.52036
4.60802
3.84469
3.66364
2.99643
4.25878
4.65765
1.46145
2.40561
1.44693
2.38161
4.99752
4.27881
3.79819
3.69647
3.01111
4.52961
4.41377
4.37549
4.57729
4.9273
2.57711
4.24941
2.45675
3.92904
3.47456
4.58833
2.4255
2.83643
4.32222
2.97727
2.38387
1.50975
4.31397
4.73236
3.68164
4.75485
4.6615
4.60863
3.82086
3.26121
3.77474
2.96535
3.80043
4.11306
1.5401
2.61018
2.8649
3.58162
1.47573
2.34154
2.97081
1.53766
2.55978
2.62081
2.3036
1.47973
2.98703
2.41772
1.43988
2.75389
2.66646
4.30075
4.29298
4.14788
4.1935
3.46107
4.38876
4.69672
4.29427
4.69516
4.35791
4.81275
4.4317
3.62783
4.54868
2.81582
4.03697
3.02081
2.61286
4.49723
3.20896
2.63359
3.58096
4.09168
4.68938
4.75159
3.83409
4.7843
2.79856
4.30598
3.74476
4.33246
4.38823
2.79768
3.34139
4.25632
4.84524
3.75119
4.52693
4.40492
3.06336
3.70504
4.10786
2.70705
4.13334
4.30944
4.88072
4.94237
2.52341
2.96245
4.25266
4.66142
2.43652
3.66473
3.57228
2.53352
1.60837
1.51886
3.48715
2.78269
3.0273
2.47125
2.57222
2.41006
4.41227
4.33796
2.39813
3.56191
4.53929
3.14862
4.44591
3.87272
4.22963
1.39424
2.98758
2.46792
2.68923
1.3864
3.50626
2.51218
4.26618
2.54123
4.32893
2.50129
4.43166
3.70446
3.11786
4.47602
3.7766
4.71016
4.93366
2.47839
2.80194
2.23668
2.32327
2.89937
2.94731
3.74865
3.7489
4.45594
2.77794
4.65587
4.60788
4.66744
3.66422
4.1651
4.6685
2.83919
2.34584
2.74091
1.38913
2.96719
1.38242
3.99248
2.97282
1.52376
4.59045
2.94863
4.09779
2.70161
3.41579
3.99498
2.58824
4.58667
4.37541
2.85371
1.45534
1.5093
2.42027
4.12963
4.05558
2.42189
2.28528
2.40316
4.80794
4.23227
3.7293
4.91618
3.37859
2.56611
4.33051
4.02972
2.38053
1.58617
4.33252
3.58966
3.6908
2.79472
2.75149
4.21857
4.75582
4.47469
3.29236
4.69867
4.35537
3.06322
2.83149
3.96085
1.50059
3.16137
1.78744
4.02418
4.65301
3.05396
2.65806
4.42306
3.18362
2.5916
4.63559
3.65682
3.98935
4.21348
2.22069
4.31679
2.35937
2.37383
4.13982
3.8259
4.27637
4.23573
2.78102
3.26596
3.54712
3.46082
4.96385
2.29948
3.42151
4.95246
2.55432
4.94618
2.54223
1.58717
3.69747
4.34359
3.75285
4.22543
3.87118
4.18322
3.48059
2.35921
4.91712
3.56871
2.52821
4.52743
3.04908
2.8471
4.37211
3.00504
4.36479
4.57803
2.43575
3.62821
2.66936
4.45102
3.55507
2.54357
2.97109
4.6387
2.66115
2.85481
4.28889
3.02503
4.35331
2.67226
4.36935
4.48924
3.91076
3.63758
3.87896
2.5663
1.57461
4.31241
3.79127
2.54391
4.19864
4.376
2.42224
4.44199
2.66237
1.52888
4.44409
2.80297
2.72986
1.63152
3.48538
2.99285
2.44233
3.42755
2.3923
3.77309
2.5822
2.73273
4.998
2.84901
4.42996
4.59241
2.575
3.14395
4.2107
2.40454
4.59212
3.84028
3.85483
1.74755
4.62605
4.20544
2.87225
4.08062
2.7256
4.44672
2.73536
1.5721
4.28578
1.35345
3.6245
3.01136
2.51611
3.01143
2.37997
2.40953
3.73167
3.60288
4.02382
2.51917
3.82657
2.50276
1.63337
4.38891
1.56468
4.37554
3.049
2.61853
2.99118
2.46029
1.67045
3.61079
4.47344
2.31511
2.92521
2.46591
2.71401
2.41018
2.8009
3.02675
2.45958
3.02762
2.44156
2.77468
2.5751
3.00452
2.58677
1.68823
2.53181
1.47983
1.49784
2.39205
1.42564
2.50727
2.89677
2.36336
1.65065
1.3872
2.47559
2.80812
