2.85125
2.48752
2.46837
2.38553
3.86674
3.8041
2.4535
2.56247
1.54321
1.5379
2.57783
2.6068
2.4602
3.85079
2.49749
1.51154
2.47794
2.36864
2.89542
2.38149
1.41265
3.62526
3.09163
3.81826
2.90853
3.75052
2.74599
2.90819
3.66431
3.41165
4.08381
4.12589
4.29493
4.28864
3.68575
4.38804
4.34598
4.49066
4.81496
4.78958
4.54335
4.48011
4.31339
4.0702
4.42195
2.98261
2.88708
3.59966
4.34087
4.2764
3.49077
4.53431
4.14293
4.43385
4.44852
4.29663
4.09418
4.22425
4.60805
4.5722
4.30453
3.84817
4.75779
4.97196
2.98137
4.01003
2.90189
2.76907
2.95059
3.32738
4.25274
3.58396
4.45468
4.35744
4.26012
4.56007
4.3535
4.28773
4.7039
4.41097
4.14075
4.38862
4.40386
3.84745
4.56158
4.82235
4.9272
4.90129
3.6581
4.82518
4.94595
4.99842
4.39408
4.61533
3.01609
1.4393
1.55621
2.51533
3.36856
3.7038
2.54643
2.37817
3.36475
4.49687
4.6614
2.39501
3.79768
2.39105
2.79688
4.2802
4.11801
2.70353
4.15451
4.24187
4.15553
4.01796
4.93634
4.22951
4.81714
3.97254
3.79754
2.98246
4.87635
3.91732
4.4728
2.26887
4.42997
4.72419
4.40675
1.35522
3.55615
1.44916
2.95594
2.56906
3.07286
2.9948
3.68361
2.33543
4.5392
2.73131
2.37589
3.71692
4.15566
3.49978
3.26411
2.70916
4.49017
4.28534
4.95281
4.23034
4.30742
3.09245
4.90497
3.92856
4.69989
4.56332
4.34086
2.64722
4.89049
4.10565
4.28211
4.41556
3.91555
3.74162
4.6505
3.11973
4.95984
4.98282
4.44053
3.8313
4.39946
4.71281
4.40904
4.43849
4.68298
4.98015
4.07692
4.12056
4.50062
2.92362
4.84249
3.88525
4.24431
4.41673
2.51699
4.85739
4.43634
4.08787
2.65258
2.3345
3.6552
3.31889
4.1753
2.76727
1.33468
2.42164
2.35958
4.13575
3.95274
3.60902
3.00795
4.38143
4.83555
3.78587
4.2172
3.71728
1.55151
4.26378
2.63105
4.61716
4.59262
2.38109
3.77568
3.50701
4.57337
2.52847
4.3526
4.71706
4.07713
3.66308
2.85001
2.46539
3.91762
4.15553
4.84077
3.99079
2.86551
4.79704
3.66418
4.53305
4.23901
3.4265
4.67652
4.69857
4.28946
4.48638
3.50869
4.67603
4.87701
4.98404
4.27946
4.65068
4.92103
4.00538
4.93783
4.21754
1.85578
3.07859
4.31459
4.97096
3.02289
2.73828
4.03711
3.63781
4.44348
4.85049
2.69674
4.78665
3.0142
4.53226
2.59115
4.07137
4.60231
4.80448
4.56488
1.532
2.84606
4.56275
3.06884
3.88
2.53847
4.44517
4.34931
4.03828
4.46936
4.56046
4.42314
4.92214
4.44684
2.81135
4.65571
4.3372
4.41072
2.39162
3.76609
4.44963
4.1923
3.29555
2.83331
2.78802
3.48357
4.38962
4.92431
1.50963
2.52981
1.50261
2.44199
4.17592
4.6054
4.24877
3.71791
3.10999
4.48795
2.84141
3.67074
3.87172
4.2962
3.26583
4.69124
4.9753
4.40695
4.66934
4.35291
3.50896
4.98042
2.76506
2.36723
4.56749
2.26904
3.51426
2.91003
4.3991
4.36496
4.87831
3.69063
4.7535
2.33181
2.84223
4.30146
4.06646
2.7891
4.45208
3.86968
4.58184
4.19651
4.8905
4.31231
4.8853
1.61729
4.6689
4.43596
2.96807
2.6242
3.09722
4.33406
3.61012
4.74364
2.57577
3.86705
4.36971
4.31368
3.12571
2.58651
4.65627
4.38389
3.9036
4.58938
3.94893
4.24083
4.91043
4.36386
4.99012
3.66557
4.63411
2.53302
4.49736
4.9898
4.22127
4.41594
3.7513
4.13156
2.7102
3.78611
4.56593
4.27015
4.36226
1.60856
2.84017
2.34281
2.26492
1.37009
2.68605
4.16104
3.51925
4.11478
3.74243
4.22917
2.82157
3.47565
4.01673
4.7649
3.63039
1.57767
2.77389
2.77626
4.31626
2.55183
3.15289
4.40355
4.82001
2.48372
3.84945
4.69101
4.34054
2.61168
3.11381
3.98391
4.38007
4.49198
4.21759
4.69273
4.97087
4.44958
2.85488
2.46878
4.64983
2.44421
4.37397
3.88242
3.68598
2.57576
4.2054
2.79814
4.19082
3.83586
4.9784
4.20001
4.44063
3.19032
4.82512
3.8918
2.71067
4.61477
4.34918
4.90281
4.44484
4.38058
3.94557
3.00601
3.7078
3.63181
4.45795
4.12709
3.39608
4.2866
4.65895
4.46811
3.60987
4.80023
4.90568
4.87446
4.97695
3.76971
3.7873
4.50867
4.54247
4.24239
4.97501
4.28509
4.48551
4.31631
4.25885
4.99657
2.87943
3.92793
4.26666
4.50029
2.49333
2.87728
2.78467
2.48617
4.1764
4.63986
4.88021
4.32333
4.65587
4.93574
2.32675
2.3588
3.42431
4.59581
2.84579
2.54173
4.4928
4.39846
2.68809
3.0561
3.49536
3.79088
1.55231
2.56291
4.36552
4.25839
4.51923
3.58502
4.67334
4.89822
2.9406
4.29113
2.8404
4.56873
4.27216
2.92981
1.47417
3.69664
2.33729
4.31125
4.84246
4.56976
4.81255
2.63614
3.66878
2.52043
4.68238
4.70413
1.62443
4.31104
3.92509
4.49131
3.74883
4.469
3.78381
4.93296
4.30138
2.96047
2.90293
2.48905
4.40546
4.32064
4.28284
4.60093
2.86852
4.37382
4.60372
4.87291
4.09524
4.198
3.46826
3.84235
3.76883
4.57253
4.307
4.41297
4.33748
4.95093
3.94704
3.9399
4.48507
4.43527
3.4601
2.53274
4.39402
4.92425
2.8536
4.47694
4.6456
4.29778
2.76672
1.43614
2.45098
4.87056
4.47994
4.28818
3.89008
3.63119
4.2578
4.19998
2.39642
4.19399
4.20662
4.97403
4.51893
4.5147
3.13144
4.49202
4.94163
2.56171
4.69454
2.90673
4.89214
4.36511
3.76108
1.6085
2.73238
2.33234
4.35501
4.59432
4.1515
4.98657
3.04404
4.95062
4.43126
4.4532
2.46295
4.48686
3.94502
4.94201
4.70364
3.84183
4.32638
3.5599
2.50398
3.03456
1.50639
3.44626
3.84588
2.96913
2.53144
4.51282
4.48152
4.35959
4.98159
2.94769
4.54879
4.19389
4.31221
3.58198
2.44891
4.39304
4.31805
3.75753
4.49797
3.71106
4.34633
3.5207
2.44115
2.4598
4.72119
1.58288
2.97102
4.6416
2.81559
3.85469
2.657
3.71552
4.31757
3.89177
4.25049
3.61272
4.9995
4.37076
4.25676
4.29314
4.62899
2.8598
4.60662
4.35224
2.48942
1.44506
2.92556
4.37756
2.64767
2.39825
4.94941
3.76434
4.24916
3.26288
4.50852
4.20536
2.85306
2.86439
1.52985
1.57952
4.34233
4.41301
2.5965
4.63984
4.25932
4.61469
3.68406
2.70412
3.26554
4.09646
4.57787
4.61247
4.78453
2.98748
2.61295
4.19624
2.89356
2.96326
3.75156
4.36089
3.50554
4.18602
4.78203
3.42586
4.28208
4.75532
4.94033
3.97252
4.5804
4.47456
4.46247
4.38325
4.63978
1.49226
2.66118
2.29074
2.33755
4.98868
3.59923
4.14095
2.78374
2.46208
2.98511
4.5866
4.18636
4.2456
4.81218
4.92692
4.16365
3.69934
4.53792
4.58343
3.77097
4.65568
2.45347
4.33538
4.25079
3.82729
4.30674
4.36987
4.57404
3.73216
4.66813
4.96242
3.81281
4.29771
4.21374
4.93631
4.14829
4.76437
3.86273
4.18532
4.1812
1.56259
3.82743
4.52209
3.70772
4.39833
4.4129
2.89788
2.51702
2.52187
4.45098
3.07106
3.76724
2.92315
3.85264
2.90588
4.80521
4.04738
4.47623
4.77829
3.49031
4.34122
4.71135
4.63187
3.68916
4.75655
4.80373
1.42915
2.21225
4.8745
3.85373
4.83189
4.93633
4.04181
2.44989
3.16211
2.51064
4.10632
3.65874
4.16538
4.22364
2.46044
3.73945
4.45926
3.64918
3.87948
4.18258
4.97994
4.23477
4.76585
4.54022
3.21239
1.77385
2.78217
2.52253
4.5387
4.544
3.66837
3.0597
4.46997
4.80353
2.63395
4.51524
4.59974
4.56353
4.04502
2.98457
4.703
3.80299
4.01672
4.43348
4.33662
4.91691
4.75278
4.36352
2.6575
2.9053
2.43793
4.19195
4.18205
4.9114
3.90096
4.00488
4.33571
4.86754
4.5863
4.4458
4.31504
4.15774
2.42124
3.86783
3.02473
2.87627
4.26281
3.87075
2.48369
2.96187
2.76521
4.28
3.77831
2.44992
4.8396
2.49865
2.4364
2.42449
4.90302
3.38762
4.37284
4.23805
4.56398
4.99839
4.44948
2.98411
4.38521
3.74255
4.8132
4.61385
3.0977
3.74341
4.4704
4.72636
4.26981
3.82369
4.5456
4.17881
3.55347
2.50282
4.63041
4.50286
2.87745
3.63029
4.93494
4.59826
2.98831
4.42634
3.33802
4.48419
4.32487
3.86408
4.29633
4.97198
4.43917
4.28733
3.92321
4.97334
3.58221
2.51316
2.38966
4.31217
2.83846
2.8543
4.59489
4.66677
4.53986
3.46746
4.5879
3.782
4.35832
3.86
4.49635
4.22475
4.2435
4.34373
4.83903
4.27818
4.9689
3.76849
4.96117
4.20768
4.19646
4.93904
4.18286
3.82811
4.12577
4.35377
4.483
1.57746
1.6905
3.0125
4.16328
2.84939
2.41846
3.78746
3.81361
2.55966
2.91297
2.51086
4.22807
2.51061
4.23661
2.48418
4.14422
4.1885
3.49078
4.90194
4.48889
4.93427
4.6059
3.00741
4.89916
4.60219
3.75094
4.56062
4.38478
3.64408
3.10434
4.52709
4.67048
4.90209
3.8381
2.72318
4.22611
2.64811
4.20654
3.1099
3.00763
3.89639
4.57915
4.41193
3.63528
4.27768
4.67454
4.69532
3.92394
4.48455
4.37773
4.98047
4.45374
4.91045
4.34191
4.37579
4.92981
3.86812
2.38308
2.71096
3.51889
4.17595
2.44706
4.40154
2.85611
4.84582
4.43501
4.99906
3.68438
4.59268
3.40212
4.60759
2.91156
4.26284
4.57798
4.47922
3.96436
2.39388
4.14634
4.20049
4.29872
3.72996
4.26781
3.94941
4.95512
3.93695
4.41505
4.66148
2.52738
3.72327
4.50546
2.44348
2.9499
4.36942
4.4981
1.72257
2.6205
3.06504
3.87497
3.90186
3.8415
3.72441
4.62632
2.9255
4.32025
4.83073
3.61531
4.38603
4.91507
4.58664
4.68302
3.55474
4.63206
4.9587
2.91091
3.10097
2.72527
2.34663
4.40806
3.96494
3.02748
3.57078
4.59821
4.44026
2.61812
4.35166
2.90882
4.61649
4.23954
4.09527
4.63038
3.86059
4.27885
4.94807
4.24045
2.71336
1.52203
4.6411
1.43277
2.32318
4.10454
4.7085
4.99905
4.08104
2.71231
3.4403
2.31068
4.087
3.72618
4.35718
4.54685
3.96447
3.00842
2.60253
2.72599
4.55478
4.41258
3.67606
4.31166
4.8241
4.11698
4.77364
4.61753
4.43445
2.46091
4.07914
3.70338
4.90057
4.35447
4.50513
4.46148
4.80404
3.04272
4.66184
4.3646
4.2411
2.49423
4.32205
3.91921
4.32157
2.78662
3.44131
2.97526
4.40167
3.0224
3.90925
1.60966
4.5321
2.65635
4.38825
4.42758
4.38581
4.44754
4.05685
3.08139
4.61609
2.7057
4.02004
3.60611
4.57593
3.76116
2.44469
1.70379
2.72857
1.43701
2.38734
2.52473
2.33443
3.9029
2.75647
4.19079
3.34914
4.29805
4.61373
4.24259
4.03862
4.56121
4.62981
3.68234
2.87401
4.39485
2.74567
2.39929
4.39853
4.21675
3.74821
4.47809
4.95125
4.34268
4.22722
3.94711
3.08687
2.87995
4.49592
3.8296
4.14833
4.9769
4.34862
3.49541
4.58199
4.49809
3.5008
4.82613
2.84057
4.50815
4.49221
4.27555
4.29362
4.93299
3.70122
3.8767
4.52915
4.21009
4.38384
4.93715
4.98716
4.06966
4.29493
4.36732
3.83541
4.32684
2.4756
2.92777
2.51014
1.61476
2.89146
4.53873
3.79359
2.83999
3.77561
3.90555
2.84028
4.25799
4.96967
3.61211
4.32046
4.56812
4.44174
3.45607
4.07015
2.73394
1.61066
4.56412
2.60427
4.45423
2.49701
3.7842
4.24744
3.68908
4.78238
4.38556
2.35891
4.16893
2.92732
3.63001
4.71816
4.56586
3.83813
4.52296
4.31212
4.92069
4.39061
4.81234
1.40268
2.73684
4.64565
2.17327
4.18621
4.35982
4.81399
3.61487
2.40351
3.73966
4.58485
3.37961
4.365
4.21704
4.95991
2.3445
2.73285
4.28399
4.56018
4.2577
4.7794
4.0863
4.82149
1.44665
2.97353
4.77461
2.82444
4.97818
2.37025
4.25342
4.31803
4.99845
4.06336
4.4736
3.84041
3.83793
4.57721
4.32599
4.02609
3.03316
2.53993
2.99184
4.94006
4.41611
2.53381
4.32574
4.46133
4.73882
2.84407
4.24269
4.42666
4.8683
3.45894
4.85032
2.85082
4.29434
2.61393
2.86877
2.36496
4.64775
4.2526
4.51013
3.643
1.45248
2.42867
3.90233
4.38189
2.46074
3.58588
4.19948
4.43693
4.38238
3.85194
3.84174
4.52738
4.25614
2.38225
3.56776
2.96351
2.54559
4.47193
2.96765
4.36115
2.80306
4.2644
4.59938
3.85422
2.66857
1.59132
4.34385
4.60177
4.95108
4.28544
4.30602
3.81453
3.78782
4.38197
4.62809
2.39706
3.55496
4.63392
4.42431
1.51035
4.40782
3.87698
3.78387
4.30413
3.60469
4.90467
2.99673
2.3679
2.72309
3.1772
4.99442
2.49698
4.14977
4.26277
4.32196
2.97968
4.4924
4.4193
4.27566
1.58591
2.5721
3.66453
2.9463
2.48255
2.90284
3.70794
4.75596
1.48163
2.9897
1.53947
4.53375
2.51378
2.39966
4.26067
2.45076
4.39399
3.4417
2.80219
4.19464
4.59209
4.8683
4.95795
4.42873
3.84949
4.18231
3.82564
4.6308
3.87787
4.38902
4.77875
4.35406
4.79672
3.46854
4.88492
4.30487
3.52586
4.68703
3.09999
3.74641
4.35408
4.08368
4.50454
4.95266
4.9992
2.7817
3.76748
4.60045
1.50049
2.45272
4.61845
4.91796
4.27031
4.23211
3.78121
4.24781
4.2311
3.43544
3.04077
2.62144
4.64066
2.97268
3.90194
2.41347
4.51459
4.56593
2.84889
4.49343
2.43943
4.27563
4.18732
4.95859
3.92645
4.27179
4.09996
4.56031
4.12889
4.408
4.92909
2.87727
3.73592
4.5258
4.31972
4.29427
1.51842
2.87549
3.55543
2.87286
2.40335
4.14659
3.70925
4.91945
4.26424
2.42326
2.37115
2.54598
4.19399
2.89694
2.68981
3.62888
3.83064
4.58896
4.70232
4.42867
3.32785
4.56905
4.31296
4.21849
4.28606
4.37766
2.43347
4.67626
2.88956
3.62367
4.66789
4.31468
4.7375
4.24051
4.58136
2.84199
3.56261
4.70389
3.76469
2.50552
4.14593
4.45049
4.99894
3.84697
4.92719
2.48556
4.40255
4.31429
3.45425
2.54015
4.44213
2.98773
4.42311
4.59272
3.85083
4.30848
4.59129
4.53623
4.53977
3.69882
3.01762
4.40616
3.88317
4.32322
4.26647
4.81201
4.25431
3.77081
4.82611
4.19477
4.87137
3.88906
4.9047
4.08602
4.35228
4.18138
4.51531
2.45576
4.61226
3.4996
2.85347
4.44092
4.75409
2.89591
1.40975
3.0396
3.76728
2.53403
2.28339
2.25275
4.29844
4.31825
4.3898
4.13359
2.74921
3.22913
2.82482
4.09642
4.22371
4.91037
3.88047
1.52416
2.52159
4.1019
4.50277
4.59927
4.58557
4.3843
3.86636
2.48409
3.03841
3.72816
4.63838
2.4725
1.56805
3.631
4.70764
3.10198
2.50307
4.31076
4.37559
4.21651
3.79761
4.8788
4.02738
3.83897
4.64517
2.96283
3.88678
4.28903
4.36739
3.48767
4.7666
3.56447
4.9311
4.97881
2.86881
3.66463
4.51064
4.55869
4.19862
4.21363
4.83753
4.86942
3.74282
3.77351
4.53673
4.37858
4.37933
4.79413
4.9216
4.93568
4.5735
4.37072
4.21105
4.2438
3.94725
2.6267
1.53589
3.02562
4.39754
4.40751
4.65464
1.51975
3.1982
1.59749
2.64583
4.28161
2.50455
4.54647
2.72933
3.94406
4.33883
4.02557
3.6047
4.56841
4.95323
4.57546
3.18786
4.7172
3.91549
2.79973
4.4865
4.96848
4.15096
4.93651
4.93619
3.56695
4.92378
4.7177
4.49155
3.57376
3.94925
4.04024
4.72788
4.42438
4.39605
4.91203
2.86165
1.29953
4.6944
2.24826
4.10414
4.91651
4.11847
3.53003
4.18668
4.10519
2.40987
3.45523
4.29416
2.50368
2.72067
4.36388
4.95414
2.96141
2.98261
2.87792
2.47002
4.26845
4.181
4.33293
4.92602
4.45432
3.86219
2.88934
4.25685
4.46306
3.5427
4.18148
4.06038
4.84167
4.80533
3.91056
4.50174
4.91916
4.30842
4.24987
1.52855
2.50684
2.37508
4.2127
4.34738
4.32778
2.44845
4.19809
3.75735
3.05035
3.91009
4.96292
3.59958
4.67906
4.51449
4.21084
3.47591
4.71308
2.45888
1.54092
2.79262
3.75978
4.40456
4.51867
2.37025
2.95436
4.25419
3.76165
3.9463
4.40058
1.58368
2.75269
2.46835
4.60669
3.43066
2.65668
2.54552
4.06386
4.8845
4.81718
4.23052
2.38578
4.09857
2.79014
4.97934
3.73784
4.35523
4.45379
4.70599
4.77505
4.28561
4.26587
2.58656
4.19727
4.85894
2.58087
4.93279
3.87916
4.3478
4.71406
3.82775
4.382
4.63925
3.81864
3.16319
4.21768
4.35951
4.95624
4.73634
3.33713
4.30909
4.28246
4.42757
3.01309
4.32121
4.57244
4.94047
4.00645
2.67252
4.39471
4.48155
3.94025
1.49673
1.41264
4.46425
3.82949
2.92171
1.52003
2.82243
2.38442
4.23586
4.29698
2.59321
2.58795
4.28142
3.8077
4.95161
4.26433
4.53681
3.07174
3.50722
2.85079
4.61732
4.98944
2.9489
4.53882
2.57669
4.22153
4.29132
3.73375
4.39544
4.91845
4.49514
2.5015
2.40395
3.73394
4.53747
3.32661
3.03191
3.62889
4.7146
3.98384
4.56958
2.76928
4.36097
2.3795
4.21752
4.10584
4.48411
4.26292
3.86385
4.46364
3.89831
3.77272
3.73619
2.95257
4.07774
4.29332
4.91277
4.92757
3.38525
4.38899
4.79758
4.80386
3.6307
4.51957
3.84066
4.28816
4.3906
4.92187
2.76969
4.59384
4.18138
4.31664
3.02395
4.63325
4.55659
4.23582
4.40901
2.39174
4.35095
4.30534
3.48173
4.22675
2.36309
2.51115
2.39127
2.79956
4.37425
3.73854
3.87439
2.98649
4.64921
4.18867
4.46086
4.43847
4.54542
3.47301
4.57715
4.52359
4.20519
2.62715
3.45678
3.07582
4.61945
3.89717
4.47259
4.28097
4.8112
3.86237
2.8368
4.94651
4.40705
3.62364
4.11639
4.62253
4.34309
4.414
4.17814
3.73748
4.249
4.47016
2.5251
2.36271
3.5355
2.73772
4.52099
4.55855
4.18232
3.85103
4.49424
3.86745
4.5633
2.84142
3.39181
4.66096
4.89703
4.36314
4.23181
4.91236
4.3158
3.76207
4.93079
2.42355
4.42741
4.31081
4.8106
3.77314
4.38737
4.33895
4.51544
4.88238
3.47227
2.35669
2.39904
2.70284
4.57319
2.93877
1.63541
4.49722
4.26442
3.84162
4.91315
4.29869
2.65382
2.96002
2.35292
4.34572
4.66479
3.49012
2.92762
4.56307
4.13696
4.66338
4.04324
2.84003
1.58718
4.16272
4.29712
2.79993
2.61773
2.40453
4.41275
2.7485
3.6104
2.3409
3.3566
1.53922
4.42918
3.76821
2.80627
4.67211
4.0668
2.98938
4.55384
4.21117
4.07011
2.65883
4.43493
4.94656
4.2118
4.17408
4.22919
4.31523
2.81261
4.13265
4.56442
4.27675
4.24354
3.84856
4.53211
4.00308
4.35339
2.37967
4.30295
4.96088
4.46176
4.90141
3.73723
4.3309
3.9792
4.43934
3.52339
4.36823
4.25401
3.56091
2.94423
4.6086
4.68437
4.30568
3.26084
2.34914
4.47428
4.63143
1.43214
2.40631
2.87138
3.51483
1.50849
2.93904
4.10493
3.5871
2.65121
2.29606
2.50572
4.99646
2.98192
4.42824
3.79091
4.24238
4.03318
3.64458
3.68311
4.7304
4.30039
4.38467
4.6562
3.88874
2.98178
4.40907
4.63862
3.71961
4.1394
4.14743
4.12494
3.6193
4.843
4.41833
2.8152
3.91436
4.38187
4.4379
4.97855
4.32983
4.13413
2.85272
4.56295
4.2158
4.87898
4.46373
4.35177
4.06692
4.49085
4.60198
3.15625
4.35904
3.95346
2.55538
2.35038
4.62907
4.29848
3.5736
4.37489
4.94169
2.94697
4.66521
3.8128
4.47809
4.7864
4.65115
2.49768
4.06558
4.32085
4.92853
3.95813
2.43071
4.63642
2.79733
4.22573
4.33578
3.95615
4.35109
2.97087
1.66684
2.69489
4.39187
4.75205
4.44073
2.54873
2.97399
3.53686
4.31885
4.29748
4.52061
4.45645
4.96759
2.70581
4.89466
3.99863
4.91142
4.33833
4.99439
3.39141
3.80365
3.8823
4.45211
4.24963
2.56666
3.43909
2.99151
1.44592
4.23336
3.09289
3.82685
2.59602
4.61374
2.95229
2.67574
4.43959
4.60435
4.64021
4.88404
4.3848
3.46069
2.47113
3.71034
4.64489
1.59814
2.89323
4.73538
3.87759
4.95425
2.95542
2.53311
3.77958
4.40346
4.39935
4.01759
4.32847
4.98731
4.83687
4.39519
4.19708
3.77417
4.53176
3.70777
4.37816
2.45266
4.21894
4.40276
4.92102
4.48549
2.77101
4.60493
4.25669
4.59017
4.60839
1.55406
4.27702
3.84974
4.46194
3.78984
4.05894
2.97903
2.92781
2.6811
2.67873
4.49964
3.13439
4.54077
3.13669
3.61097
2.42082
1.53857
2.79905
2.38435
2.45141
4.92712
3.82125
3.99775
2.8236
4.26946
4.51473
4.4466
4.96219
4.87195
4.31374
2.54861
3.45348
2.99177
4.80764
3.81674
4.55966
4.41676
4.22616
4.65336
4.36303
4.51403
2.38208
4.10568
4.92585
3.62855
3.68627
4.65279
4.20472
2.85691
3.51018
4.55949
4.85632
3.42007
4.14118
4.22759
4.90005
2.84353
4.54463
4.50136
4.192
3.79958
4.58265
4.2949
4.20005
4.41423
4.28142
4.49821
4.8045
4.226
3.67856
3.56642
2.53832
3.01199
1.501
4.46824
2.92236
4.25658
2.94153
2.39793
4.76785
3.72075
4.2422
4.73842
4.24075
4.37987
4.89749
4.50196
4.36678
4.23779
4.50871
4.9118
4.89873
4.56077
2.8695
4.32689
2.59848
2.48303
3.99822
4.67214
3.87298
4.40312
4.95358
3.25816
4.83915
2.43841
2.81626
4.28796
3.78888
4.88865
4.38279
4.23225
4.46373
4.56986
2.88712
2.5942
1.54974
4.37166
2.46384
4.33849
2.78308
3.6343
2.53285
3.45789
4.5531
1.46691
2.9102
3.78632
4.64434
3.88469
2.62192
2.95936
4.29481
4.32488
3.74081
3.50507
4.25777
4.98013
3.8778
3.84874
4.22565
4.43704
3.5037
2.35477
4.97381
4.37276
4.35881
4.39409
4.90142
4.67435
2.90737
4.64993
4.23694
2.6925
2.46664
1.70722
2.88447
1.47751
3.94129
3.01628
4.57526
4.31474
3.82841
2.56326
2.90639
2.6607
2.9011
4.40574
3.42617
4.38064
4.56395
3.98462
2.7181
4.36087
4.98898
2.36856
3.71453
4.8313
4.52114
3.80546
4.34578
4.74724
2.96498
2.62671
4.18562
4.37981
3.72097
4.51564
3.06894
4.71887
4.65636
4.42512
3.74758
4.85658
4.2668
2.43458
4.34459
3.69608
4.78068
2.85781
4.57341
4.62489
3.7969
4.1399
2.51553
4.9786
2.45462
4.37847
3.51793
2.87647
4.59886
4.58056
3.83365
4.86558
4.59669
4.2989
4.18202
4.91644
4.11296
4.17219
4.46934
4.95501
4.18287
4.42601
4.98057
4.27288
4.78394
3.79438
3.53112
1.56098
2.9705
3.94375
1.45302
3.02753
4.57187
4.97684
2.88764
2.52578
3.89623
4.50251
3.82134
4.19652
3.42572
2.49254
4.4571
4.18578
2.80922
2.48194
4.95884
4.34804
4.42357
3.86303
4.97549
4.81587
2.76048
3.7599
3.95273
4.65302
4.28246
4.38067
4.75977
3.82075
4.25267
4.42112
4.20952
3.19777
2.64011
4.9011
4.2975
4.86845
3.8143
4.42477
4.95546
4.15395
4.1941
4.21306
4.39844
2.4693
3.79068
4.91533
4.50936
4.43488
3.98372
4.53344
3.61049
4.37489
2.81824
4.31756
4.32506
2.41431
4.65924
2.94682
4.48692
4.47834
4.58349
4.92956
3.6606
4.19602
4.35316
2.36893
4.1685
4.88434
4.25675
4.93804
3.77686
2.81871
3.04932
4.56468
1.50999
4.3236
4.61004
4.55381
2.96809
4.30997
4.97341
4.45106
3.92858
2.52135
3.59935
4.62506
4.28194
4.29862
4.55538
2.84073
4.98169
4.26273
3.30385
4.80148
2.52878
4.32105
4.73718
3.75246
4.36728
3.74392
4.38807
4.9986
3.5084
2.47271
2.81122
4.58073
4.17343
4.52004
3.72237
3.05132
3.02635
4.25063
1.52826
2.37015
3.42702
4.12218
4.47656
3.73444
2.59856
2.618
1.59933
4.66772
4.00006
2.84045
4.74159
3.94998
3.86151
4.34823
4.22967
3.01716
2.54284
4.93964
4.41616
2.38265
4.88228
4.22419
4.24149
3.6491
3.67417
4.68968
4.34592
4.89758
2.51675
4.35509
4.24297
4.96856
2.76991
4.68491
4.54153
4.2712
2.60336
2.58434
2.41333
2.41577
3.45542
3.87474
2.4173
1.64285
4.47488
2.59246
3.15944
2.36905
4.14561
2.7752
2.82903
2.94185
4.21945
4.50171
2.38668
1.49277
3.72205
4.20726
3.90379
4.95738
4.16281
4.16222
4.43627
4.89669
4.51773
3.24821
3.78296
3.75515
3.64228
4.22354
4.93451
3.22875
3.88858
4.77709
4.3203
4.02332
4.52172
4.87821
4.36759
4.31588
3.87262
3.83661
4.85439
4.96566
4.38927
4.44672
4.18924
4.66039
4.22794
4.00808
3.80921
2.83554
2.87135
4.63754
3.49357
3.5453
4.34046
4.97391
4.77903
4.35417
4.2134
4.50789
4.24488
4.35862
3.74215
4.4935
4.67301
4.97001
3.34612
3.51715
4.37722
2.953
2.54586
1.4812
3.77141
2.38141
2.80139
4.20365
4.77765
3.62687
3.85815
4.6979
4.97248
4.32218
3.95022
3.61755
4.11013
4.97199
2.36148
3.75624
4.45154
4.11833
1.52585
1.50633
4.70785
3.89176
2.62507
3.61138
4.98936
4.32885
2.6058
3.04594
4.91093
3.92924
4.24532
4.0961
4.60404
4.24919
3.73923
4.16151
4.91346
4.2888
3.91121
2.36926
3.79069
4.15816
4.45435
3.07601
4.41971
2.99579
4.51905
2.41576
3.51633
4.99327
4.45334
4.42769
3.07829
2.59624
4.68992
4.34468
2.86791
4.25287
4.28506
4.47558
4.18964
4.97682
4.53943
4.63077
2.65926
4.68317
3.95041
2.45974
4.59369
4.4879
3.79762
4.45987
4.97582
3.63679
4.24686
3.7365
4.16614
2.88809
4.90945
2.38585
1.66048
2.52763
3.37225
2.8427
4.60023
4.47332
3.19676
3.98123
2.737
4.10814
4.90476
4.14104
4.48095
4.37188
4.67552
2.50738
2.83655
4.25319
4.66898
2.97959
2.45276
4.86183
3.62338
4.28198
4.23451
3.80212
4.24066
4.52316
2.40852
4.928
3.8753
3.01392
4.35828
2.48865
4.50442
4.44905
4.57988
1.54334
1.62632
3.07199
2.6074
3.68382
4.57038
2.58658
4.38116
4.57241
3.88278
4.40568
3.97884
4.97923
3.63643
3.85249
4.2581
4.08746
4.3019
2.83674
3.03908
4.87258
3.00288
3.70416
2.49344
4.97791
4.31258
4.33441
4.27359
4.46987
3.62951
4.28158
2.44598
2.86626
4.29477
4.23328
4.38361
2.76829
1.53312
3.37608
2.80748
2.31213
2.81961
4.93188
4.51182
4.47083
2.51693
4.3931
3.59453
4.25181
4.82781
4.73936
4.42369
4.71927
3.74463
2.81135
4.99695
2.36502
3.42282
4.7538
4.15477
2.50671
4.23252
3.86007
4.3774
4.3172
3.71775
4.53624
2.96274
4.27926
4.98438
4.29488
4.66757
4.39251
3.05172
4.00169
2.43369
4.53519
3.7918
1.43132
2.5531
4.9976
3.53604
4.2691
4.32649
3.97816
4.24722
4.50871
3.77621
4.98632
2.33438
4.59872
4.19006
4.57287
4.51115
1.50104
2.89399
4.53283
2.95431
3.93005
2.56532
4.96409
4.25431
4.40207
4.46507
4.29096
4.22953
4.27302
3.92585
4.40277
4.78537
2.48033
4.83178
3.81355
3.85463
3.14161
2.60466
1.46304
2.83983
3.47966
4.54004
4.69961
4.45829
4.35011
2.60478
4.24468
3.97862
2.785
1.52505
2.89198
4.99789
3.72015
4.34114
2.52946
4.92058
3.29661
4.31657
4.54988
2.33562
4.71907
4.45817
2.99505
3.74958
4.90851
4.63854
3.86171
4.21586
4.88316
4.39789
4.35527
2.4671
3.70433
4.38926
4.98676
4.73741
2.88606
4.59731
3.87709
2.4831
3.39165
4.31656
4.30912
4.19374
4.32964
2.46318
2.84271
4.93299
3.80401
2.90332
4.21634
4.06225
4.40773
4.6605
4.67085
4.33365
2.86803
4.37218
2.25795
4.87363
4.25679
4.10386
4.22025
3.66134
2.85688
2.46244
2.99012
2.52059
2.62145
3.78178
2.33667
2.30753
1.47233
1.67596
3.95515
2.6527
4.0164
2.57723
2.91968
2.72646
2.40361
3.19106
3.70695
3.85771
4.49746
4.19776
4.33799
4.19135
4.37894
4.46943
2.83292
4.68736
4.45307
4.94365
3.47676
4.48033
4.1477
3.48484
4.63031
4.40251
4.16828
4.49304
4.08229
4.84854
3.79972
4.87426
4.16743
4.44725
4.2295
4.52503
4.40077
2.94438
2.76939
3.57949
3.84557
4.5429
4.90319
4.97051
3.43405
4.15646
3.52033
4.35201
4.26957
4.15043
4.71223
4.52003
3.82941
3.64535
4.77541
4.77636
2.78112
2.45806
1.42684
1.46115
2.303
3.69027
2.71891
2.27211
3.46541
4.46057
4.54734
4.40154
4.88502
4.25799
4.70331
3.18624
4.40383
4.01149
3.81791
4.31154
4.52611
3.49845
2.2712
2.67864
4.47475
4.39989
4.31729
3.04016
3.92642
4.60996
4.70098
4.60193
1.52799
3.57803
1.62788
2.69161
2.80338
2.62757
2.82021
4.23126
2.75948
3.84244
2.48546
4.51729
3.97009
4.26081
4.86975
2.28553
4.12857
4.22505
4.1508
4.37305
4.49309
3.71793
4.2508
4.5439
2.77607
4.94371
4.29669
4.62726
2.70473
3.46755
4.31845
4.38869
4.60624
3.40288
4.31152
3.67826
4.53431
3.07338
4.98209
4.67378
4.17708
3.95502
1.45479
2.65934
2.42907
3.69592
3.31273
4.02066
2.62038
1.42427
2.98607
2.43764
2.9752
2.38107
2.85947
4.39137
4.20915
3.91133
4.9578
4.90473
3.89805
2.75228
3.69425
4.1806
4.43664
4.15676
3.60731
4.80052
4.19706
4.59467
3.57608
4.68473
4.5878
4.71996
4.81338
4.561
4.95493
4.47216
4.40369
4.28742
3.86548
4.18392
3.00827
1.51591
4.30834
1.57645
3.81342
4.59463
2.51032
4.38571
4.4595
2.56158
3.66639
3.12233
4.46255
4.735
2.48372
4.6357
3.06195
4.49916
2.64468
3.96383
3.79388
4.9816
4.59533
4.35601
3.85019
4.10365
4.47007
4.21466
4.37814
4.40849
3.08023
1.54221
2.49922
2.89022
3.6947
2.34072
2.51303
3.66054
3.81831
4.31391
2.97739
2.66696
4.34359
4.64003
4.18123
3.72412
4.94796
4.53884
2.55677
2.23036
4.29943
4.43586
4.45713
3.11551
4.62147
4.67446
3.85316
2.98479
3.66555
4.34034
4.49182
3.71552
4.36088
4.99369
4.2065
4.99119
3.69002
4.20888
4.36601
4.37056
4.32275
2.43233
3.44405
2.44316
4.87674
4.62449
2.76141
4.4601
4.61032
3.83045
4.5565
3.55745
2.82132
4.31712
3.82169
4.21443
4.53015
4.22109
4.25934
3.94341
4.24314
3.66599
4.70163
4.79793
2.53944
3.64839
4.20074
3.21765
2.73649
3.05487
3.60387
4.76692
4.42738
4.73828
4.9181
4.75498
4.32022
4.16104
2.48093
4.74079
3.73161
4.22251
4.06634
4.26149
4.67802
2.91194
2.79904
4.43714
2.21471
4.36992
2.58678
3.96929
3.16478
2.96958
4.0147
4.03052
4.70262
3.57546
3.12152
4.40025
3.84997
4.27702
4.93919
2.64562
4.54277
4.417
3.05582
1.59839
4.04351
4.73705
2.93318
4.42587
2.60833
4.5354
4.0565
3.63404
4.88363
2.59784
4.10062
4.65074
4.15231
4.37886
4.16959
1.56778
4.36074
2.95445
3.75915
4.2916
2.56935
4.56724
4.52839
4.96084
4.38796
1.36028
2.51871
2.4009
1.48179
3.06371
4.78818
4.4116
3.71293
3.19205
3.96234
4.47868
4.31672
4.52995
4.28546
4.08686
4.14489
2.79066
2.54829
4.65766
3.97164
4.65432
3.75506
2.48336
4.19295
4.27078
2.49817
4.52324
2.43598
2.92309
4.0971
3.82596
3.32124
4.38389
2.29756
4.26282
2.89667
4.87274
4.73296
4.67062
3.70774
2.79231
2.83057
3.82197
4.36099
4.13825
4.57242
3.53974
4.30718
4.55145
4.61232
3.3663
4.34296
4.03474
2.88458
3.87577
4.72892
4.55306
4.4337
4.19199
4.02459
4.31133
4.89894
4.41092
4.93218
4.94418
3.00667
2.74882
2.39551
4.34757
4.76173
3.8845
4.48395
3.47501
4.47528
4.36412
3.6979
4.25109
3.94357
4.47355
2.95615
2.41147
3.12945
4.24978
4.88184
4.31427
4.22789
2.51897
4.53361
1.49863
3.65352
2.98242
4.59064
2.77248
4.19214
2.71469
2.37871
4.25527
4.15997
2.70661
3.3655
4.31946
1.34767
3.71618
2.42037
4.56915
3.96216
2.57322
4.06555
2.62218
4.93636
4.57815
4.06562
4.83927
4.85554
3.06264
4.45299
4.32843
4.06145
4.29416
4.49823
2.48901
4.74013
2.63578
3.6992
4.32966
2.99025
4.26797
3.85372
3.84132
4.91002
4.61199
4.25888
2.35282
1.51474
2.91058
3.97611
4.32799
2.63345
1.65498
1.60969
2.55837
4.76385
3.90333
4.88987
4.8
4.57807
4.86184
2.93152
2.91988
4.27614
4.3804
4.32109
3.43197
4.26529
4.94937
4.62095
4.57009
3.47257
4.56468
4.60349
4.59231
4.2885
4.35059
3.95164
4.29911
4.38958
3.86376
4.29164
1.41595
4.44439
4.58697
3.91993
2.57038
4.47408
4.40494
2.68125
2.52307
3.56135
4.56707
4.48483
2.85509
2.53144
3.0299
4.61223
4.51216
3.94455
2.78013
4.69017
4.65642
3.79095
4.17885
4.28545
4.32383
4.94345
4.23218
4.96917
1.50018
3.78374
4.94308
4.3384
3.85629
2.92027
3.54043
4.6015
4.80758
4.42292
4.2391
4.27945
2.45882
4.90906
3.75107
4.75809
4.49037
3.90263
4.65609
2.99643
4.18954
4.92524
2.43498
4.17129
4.51597
4.73754
4.10465
4.56551
2.39383
3.46568
2.83216
4.04386
4.75275
4.57899
2.68004
4.58793
4.16648
4.41871
4.07275
4.37131
4.17661
2.68978
3.06443
4.85942
4.2483
2.68779
2.40706
4.31475
3.72468
2.97911
4.20194
4.58283
4.58207
4.49557
4.40317
4.85062
4.45553
1.46377
3.83124
3.73204
4.76555
4.14464
2.49185
4.1962
4.32915
3.82036
2.47687
4.37725
3.83076
4.96765
3.01032
2.59748
2.62367
3.07432
4.55332
4.4511
4.58383
3.81901
4.89792
4.15806
3.83695
4.33605
3.53515
4.38783
4.39997
4.91008
3.80313
4.57995
4.50359
2.87344
3.71208
4.28964
4.92247
4.897
4.36723
2.82052
4.53498
3.47918
4.54632
4.00019
4.76724
4.5998
4.19731
4.22252
3.13298
2.36348
4.09159
4.46159
3.89485
4.90723
3.23358
2.98226
4.3577
4.67729
4.84655
3.61188
4.25644
3.89768
4.4448
4.24592
2.472
4.39503
4.30742
4.49917
3.8666
4.97129
2.49656
1.51703
2.49754
1.48864
2.46802
3.49431
2.96541
2.62945
4.31967
4.37452
3.9726
4.53593
4.37843
4.08643
4.37258
2.43527
4.21508
4.77949
3.74248
2.81158
2.95495
3.74349
4.58974
3.51035
4.65702
4.76938
4.58832
4.1824
4.88274
4.51344
4.49796
4.64421
4.85926
3.83285
4.87188
4.95648
2.44795
2.3114
4.21294
2.34005
4.17861
4.18452
3.73128
4.69137
2.81842
4.53238
4.34903
3.71044
4.6096
3.48257
4.53502
2.93784
4.31535
4.13027
4.93522
4.20817
4.87613
4.39115
4.55382
3.77626
4.83053
2.88561
2.41813
1.49365
2.49217
4.38097
3.92303
3.49018
4.69403
4.67466
4.18208
2.83028
4.02989
3.98397
4.8754
3.77667
4.55873
4.3521
3.79192
2.51435
4.79664
4.16303
2.3076
4.03586
1.49547
4.31125
2.68956
3.60894
2.8057
1.51967
2.94011
2.46555
4.30584
3.22331
3.83168
4.1426
2.86362
2.34477
4.27247
4.99671
4.50793
4.17744
4.34133
4.40774
3.74384
4.275
4.30862
2.4404
4.80581
3.92672
4.55832
4.55145
4.78052
4.26105
2.82392
4.18002
4.6066
2.36671
2.29482
4.83682
3.47196
4.24247
4.6031
2.81882
3.69939
4.55269
4.06443
4.79611
3.70092
1.54342
2.44902
3.79769
4.57519
3.61916
1.6654
4.64493
4.01038
4.46565
2.66998
4.41482
3.06107
4.02907
4.9712
4.48171
4.95306
2.9587
4.55654
3.89758
4.31178
4.94455
2.45206
2.49298
4.34387
2.9325
3.8015
4.62528
4.36662
4.4892
3.94279
3.12426
4.60267
4.32638
4.11091
4.25442
4.38615
3.6791
4.99458
2.45891
1.42203
2.71982
2.75111
3.63433
2.74127
4.18306
4.94068
2.28972
4.17962
4.51939
4.83017
4.11513
4.99304
2.7861
3.35644
4.33532
2.51213
4.48273
4.07935
4.41813
4.47577
4.41312
4.37841
3.7585
3.88932
4.99056
4.27747
2.41923
4.20909
3.68315
4.80943
4.30382
2.84981
4.26034
4.68528
2.52655
3.14406
2.63486
4.56348
4.80402
4.49935
3.59104
4.32217
4.40586
4.27275
3.85068
3.82698
2.9071
1.47609
4.65405
2.5461
4.53932
4.27951
3.19025
3.54792
3.87532
4.21857
4.9961
3.73097
4.48441
4.15659
4.25605
3.00016
4.18164
4.29496
2.56847
3.49456
2.37041
4.21711
2.40301
3.78697
3.79869
2.8852
3.7506
4.32228
4.82371
4.46412
4.37122
4.1083
2.37963
2.7941
3.32624
1.50553
4.95547
4.81075
3.68622
4.20228
4.05498
3.32008
2.42196
4.75601
2.49259
4.13042
4.4098
4.23757
4.95728
2.85988
4.55634
4.5366
1.5237
2.83071
4.24176
4.69444
2.34111
4.28885
3.69801
4.97058
2.89932
1.50202
3.01843
2.6232
2.98743
3.93752
4.5826
4.42864
4.26497
4.50088
4.89283
4.13172
4.43166
4.855
4.57909
4.9909
3.11372
1.53471
3.70014
3.5743
4.90126
2.38503
4.08932
4.06631
2.39624
2.49602
2.44908
2.89425
4.32719
4.38988
3.51999
2.80096
3.80337
4.30914
4.48683
4.89822
4.74357
3.71966
3.67012
3.89178
2.72268
4.99384
4.50531
4.21874
4.53645
4.18188
4.85419
3.71352
4.76899
4.46348
4.77259
3.40977
3.61593
3.6418
4.51978
4.26702
4.186
4.38516
4.15752
4.96278
4.95131
4.86559
2.48523
2.87976
4.34771
4.24868
4.96695
4.37575
3.77225
4.91216
4.9591
4.06644
4.61934
4.8927
2.42788
2.30441
4.66026
3.93277
2.65918
4.96583
4.89897
4.13611
3.65473
3.84302
2.60488
4.22474
4.47053
3.2982
4.08494
4.74163
4.42786
4.95031
4.76684
3.81373
4.88836
4.9007
4.60807
4.23709
2.59441
3.43364
4.50625
3.06628
4.57994
4.55704
4.00319
4.03423
4.62066
4.28068
2.92318
3.59042
4.30963
4.51363
4.17421
4.16556
4.37188
4.78581
4.27449
3.55199
4.44849
4.99528
4.75845
1.46073
4.42116
2.4532
4.14873
3.61764
4.99369
2.37193
2.41088
4.07271
4.55549
3.7926
2.75267
4.97756
4.31235
3.41186
4.65396
4.54276
3.43451
4.49461
3.78897
3.97122
4.34937
2.86433
2.53275
4.68723
4.91466
2.49654
4.36063
4.46668
4.40179
4.44241
3.04982
4.81188
4.00876
1.62704
3.01688
4.75802
3.0107
4.3912
3.99647
2.43112
1.49303
2.62319
3.56732
3.05871
2.52087
4.66186
4.96525
4.3126
4.52285
3.46499
4.38546
4.30889
4.46015
4.36285
3.67146
2.80869
3.73855
4.52416
4.51249
4.28484
3.09728
1.49573
2.80717
4.20817
4.44552
2.33171
4.44392
4.13727
4.93642
2.87865
1.52809
2.75203
4.61642
4.37468
4.84323
2.5254
4.46461
2.41123
3.8793
4.42198
3.84684
2.81377
3.55026
4.56243
2.84676
4.18076
4.24802
4.46629
4.55652
2.48975
2.94168
4.99179
4.39221
4.97
3.78396
4.67516
4.40173
2.48385
4.34567
4.34735
3.73529
2.49099
3.91929
4.58074
3.57996
2.95529
4.52025
3.91341
3.86694
4.29649
4.33568
4.34331
4.50085
3.95932
4.19069
2.37622
4.18782
4.25033
4.53281
3.623
2.63646
2.92147
1.50493
3.02413
2.35231
2.43309
4.51468
3.6076
4.11883
2.88245
4.69083
4.42371
4.52113
4.31039
4.82434
4.96048
4.30774
2.58583
3.27535
2.47881
4.63643
1.43364
2.87198
3.90376
4.46317
2.31408
4.8763
2.97232
4.21572
3.77117
4.20096
4.26061
3.85921
4.18892
4.39603
2.54301
4.48756
4.26535
4.53588
4.80519
4.11332
2.76471
4.94048
2.34431
4.23836
4.25207
4.86789
3.2288
3.72996
4.25038
4.33305
3.90957
4.59509
3.83424
4.20847
3.96587
3.69571
4.14736
4.76647
4.61831
2.6859
4.01379
4.83893
4.44999
2.25517
3.62812
4.648
1.33098
4.08069
3.59749
4.56793
3.74276
4.36273
4.26249
4.01346
3.49861
2.52853
4.94299
2.36622
3.61936
3.00363
2.94588
4.34383
4.71357
4.38954
2.46995
3.02473
4.36796
2.29876
4.72897
3.59149
4.46114
3.99313
4.19923
1.52551
2.48341
4.42007
3.85204
4.68554
4.38342
4.21584
4.81178
4.94737
3.70192
2.82602
4.66138
4.22976
2.96427
4.43471
4.38801
2.97488
2.57979
3.41314
2.5246
2.52634
2.89008
3.03726
2.99747
4.30547
4.60578
4.27329
4.23397
4.97259
2.70459
4.55698
1.45436
4.68888
3.80825
4.72596
3.85688
4.38171
4.50361
3.9851
4.48799
1.54277
3.04562
1.44012
4.40942
4.5933
2.37426
3.8981
4.95763
2.77673
4.59357
3.00679
3.65265
3.88591
2.75732
4.43226
4.29783
3.63092
2.42259
4.10971
3.44496
4.23086
2.39611
4.27525
4.27101
4.90372
4.54904
2.90919
4.44414
4.22615
4.74679
4.04737
3.76881
4.85541
3.74711
2.41612
4.22081
4.37395
3.62505
4.86446
2.87709
4.23548
4.52534
4.57157
3.72832
4.21663
4.19656
4.40493
4.83258
2.44514
2.56503
4.46853
3.47377
2.87144
4.75058
4.56427
3.81428
4.89497
4.95019
4.6609
4.30311
4.32273
3.53466
4.49485
1.48925
4.26348
3.55683
3.95672
4.25092
3.89673
3.19673
2.93612
2.47666
4.58858
2.83983
2.52717
3.00846
3.48496
4.32881
1.49049
2.39212
4.77335
4.42218
4.36794
4.36013
2.64095
2.80839
4.48526
3.90245
4.70832
4.19525
4.95805
4.35612
4.29641
4.40664
2.57831
4.97134
3.90954
3.88691
4.67827
4.33596
2.90783
4.53218
4.94694
2.44587
4.24579
4.33266
4.50178
4.37694
4.13067
2.4439
3.54029
3.0364
4.68069
4.50691
4.51426
3.66918
4.57337
4.78188
4.30808
4.9683
4.22688
3.7836
2.51297
2.45984
3.89016
3.45804
1.32924
4.12866
2.54033
3.75385
2.34459
4.31256
2.57787
2.98608
2.56053
2.37196
3.04807
4.32467
2.84467
2.24814
1.52195
3.6507
4.03294
4.48516
3.67232
2.84939
4.47167
2.91546
3.72199
3.51433
4.77551
4.24295
4.21818
3.45481
4.89299
4.39921
4.3924
4.65874
4.91607
4.17355
3.1077
3.7861
3.94025
4.77672
4.28729
4.32495
4.19758
4.8513
4.57074
4.48853
2.86131
2.95742
4.50625
3.92011
4.51817
3.47306
3.70635
4.258
4.85634
4.57353
4.2861
4.31288
4.57628
4.41096
4.02052
4.69258
4.9636
3.70809
1.70358
4.42606
1.70549
3.67447
2.32082
2.8877
2.77385
4.54562
4.12255
3.38136
4.86615
2.89795
4.92504
3.75096
4.10024
3.90889
4.00866
2.94801
3.15251
4.44986
2.6139
3.66049
4.47631
2.99335
2.83813
4.05884
4.46458
4.5077
4.68564
4.44137
1.44825
3.61903
4.10516
4.78019
4.98749
3.58931
4.15927
2.31265
3.70265
4.25909
2.7886
2.73408
4.21154
4.58119
4.10015
4.54228
4.90152
4.98641
4.34841
2.4438
3.24312
4.11638
2.63753
4.9986
4.02166
4.88175
2.49355
4.90402
4.81183
4.40918
4.13509
4.71839
4.44861
4.68166
4.28919
3.82041
2.48849
4.96918
4.40386
3.79499
4.13902
4.46835
4.63547
4.45681
2.8424
4.4153
2.37764
3.63653
2.60839
3.1435
3.4167
4.65596
4.2109
2.83767
4.47329
4.99012
4.37934
2.83341
3.87847
1.49974
3.01852
2.55829
3.40372
4.41635
3.80697
4.49512
4.33706
4.46812
2.69827
2.52481
3.81866
4.76175
2.78174
4.06981
2.45717
3.70227
4.32922
4.22178
4.50235
4.60766
4.08403
4.15522
4.14887
3.70495
2.96175
1.76833
4.12524
2.94157
2.59545
3.60739
4.58351
2.60982
4.56994
4.40126
3.87958
4.82618
4.50104
3.89272
3.03292
2.23859
4.72616
4.37892
4.1281
4.33034
4.60775
4.60835
2.69829
3.04578
2.78687
2.49066
3.07968
4.39847
4.68614
3.81285
4.26203
4.90437
4.31063
2.2656
3.55699
4.55516
2.8347
2.80896
3.67542
2.2827
3.69938
4.25986
1.53271
2.42926
3.64047
4.75329
4.49248
4.10945
2.70339
4.29399
4.53673
4.97588
4.41824
4.77974
3.07629
4.47436
3.62055
4.99367
4.86459
2.54141
4.66835
4.98877
4.40974
3.77928
4.26498
4.01509
4.38667
3.23737
2.92892
4.43153
3.6702
2.44945
3.83545
3.70675
4.087
1.60655
4.8294
4.24961
4.5363
3.55561
3.42608
4.10382
4.41509
3.34922
2.41989
4.53005
4.63709
1.567
3.82982
4.96733
2.83169
2.38424
4.53242
4.19799
2.72576
4.3434
2.88133
2.92779
2.24378
2.62713
2.90021
2.60969
2.70813
2.51738
1.54751
4.27872
4.28239
4.05426
2.43998
1.55965
2.51257
2.89655
4.51406
2.30196
2.78263
3.02325
4.02853
3.86408
3.91344
3.00389
4.96572
3.38131
4.23751
4.31683
3.6236
4.4308
4.35169
4.31735
4.54702
3.85881
3.83389
4.9764
4.26795
4.99037
4.6824
4.3351
4.23916
4.28472
3.7299
3.93524
3.68304
2.92096
4.54636
3.62364
4.39592
3.46082
4.69
4.26063
4.16968
4.51345
4.23904
3.69563
4.89353
4.94416
4.93027
2.95165
1.61232
2.58532
1.56276
3.87068
2.90224
2.56872
2.9104
3.57366
2.75721
3.87287
2.42797
2.65496
2.3584
4.68191
4.2597
4.81787
4.25405
2.4585
2.48217
4.24444
3.47288
4.18288
4.4123
4.98741
4.45841
2.89748
4.6577
3.86152
3.44823
3.15206
4.57302
4.52545
4.72618
3.72924
4.18867
2.71601
4.7882
4.32238
3.9193
4.57971
4.79199
4.27225
4.39862
4.10549
3.5248
4.24069
4.3185
4.44558
3.23252
4.67358
4.51242
3.83627
3.66264
4.63077
3.07656
4.41181
3.9194
4.4096
4.40269
4.44739
4.94813
3.974
4.74769
2.31115
1.5132
2.63848
3.47447
4.12964
2.73217
4.8307
4.01289
3.20287
2.62993
4.04141
4.36947
4.53961
4.18049
4.81899
1.66917
3.98045
4.52492
4.44174
2.56856
3.92836
3.88529
4.98324
2.63537
3.38302
4.36618
4.99132
4.27826
3.83301
2.91938
4.68205
4.23836
3.03508
4.86676
4.28135
2.60449
4.51672
4.13385
4.57173
3.92531
4.81812
3.87167
4.35118
4.40275
4.52835
4.22535
4.54459
2.29761
4.01241
3.76559
4.25983
4.6036
2.56464
4.95056
3.65456
4.04155
1.62309
4.02946
3.08697
4.56456
2.80185
4.84359
4.50624
4.71783
1.34699
2.64681
4.50775
3.7827
3.12466
2.56658
4.39641
1.79288
2.61121
1.61355
2.58297
3.15982
4.23797
3.82496
2.75065
3.91149
3.13691
3.99555
4.38278
4.34479
3.56901
4.20503
4.25007
4.31252
4.5515
3.43351
4.55723
4.91842
4.56002
2.84846
4.54175
3.84787
4.96297
4.23609
4.98369
4.18449
4.26596
3.92604
4.45728
4.3992
4.80162
2.90247
4.81986
2.58054
4.1665
2.32727
2.82929
4.27933
3.33176
4.32879
2.23355
4.44532
4.35531
4.30963
2.83798
2.45668
3.65403
3.94248
4.69021
4.53965
4.90068
3.62366
3.86373
4.28474
4.41715
4.85246
4.15276
4.15033
4.6984
3.09275
4.64923
4.60725
3.54258
3.79328
2.72643
2.83326
2.36468
3.731
4.31774
4.93781
4.13166
2.40001
4.38692
4.34438
4.93795
4.45419
4.52924
3.7947
4.17546
4.6714
2.90637
3.68445
4.84631
3.55044
3.52558
4.59237
2.62051
3.8862
2.96196
4.60648
4.35731
3.76995
4.41529
4.9695
4.41082
4.29505
4.35932
4.48677
3.35717
4.35639
3.12258
3.9536
4.49243
4.54013
1.38989
2.62292
3.08258
2.85149
3.46993
1.45287
4.68056
4.19584
3.88021
2.39152
2.74839
2.44074
4.99084
4.29393
4.30632
4.25252
2.49191
4.27285
4.56914
3.89718
2.93878
4.36442
3.82094
4.69965
2.46934
2.36689
1.58007
4.36413
4.09476
4.18802
4.42766
2.99544
3.39745
2.74763
4.97548
4.13722
3.74264
1.67155
1.49973
2.79105
4.63027
4.59921
2.51454
4.40351
4.21208
2.56907
2.87792
4.445
4.70225
2.71744
4.14884
3.45463
4.39319
3.52011
4.23372
2.29594
2.77458
4.08459
4.98306
4.85799
4.82879
4.979
4.41886
2.88921
3.86097
4.21372
4.66685
4.35608
3.41107
4.37778
4.74315
4.44677
3.71013
4.84254
4.03094
4.55389
4.49093
4.74147
4.02985
4.44613
4.13354
4.66076
4.57459
2.45365
1.53587
4.04774
4.46163
3.82181
3.73777
3.05898
3.03463
1.37398
4.91173
4.4198
4.92027
2.51809
4.50866
4.96014
4.2906
4.16547
3.63359
3.4132
2.34647
2.76462
4.62705
3.96751
4.45497
2.40242
4.48568
4.92931
4.38699
3.90585
4.45834
4.76749
4.92021
2.70793
4.17652
4.01784
4.09829
4.43794
3.03656
3.12516
3.92779
4.51474
2.71152
2.53437
3.35319
4.34519
3.02481
4.38013
4.6423
4.5536
2.79787
4.3854
4.91371
3.85183
4.45742
4.23351
2.22644
3.97358
4.77348
4.23325
3.6494
1.54442
4.49531
2.60896
4.8995
4.45072
3.08257
2.59756
1.54709
2.95089
2.4342
4.57361
3.85034
2.98427
2.70468
4.05712
3.10517
4.5556
4.28983
3.72625
4.41886
4.28759
4.88686
4.29474
3.37771
4.40153
4.57025
4.53566
4.09061
4.97792
4.89756
4.34096
4.99963
4.15712
4.28519
3.74928
4.25981
3.06487
1.49101
1.6331
3.80235
3.77768
2.58764
4.33459
2.47239
2.33633
4.47617
4.02826
3.43069
2.7741
4.03718
2.48694
2.91747
4.22235
4.46753
4.64118
4.64163
3.72683
4.9704
3.87802
4.57711
4.32405
4.82612
4.05995
4.05914
4.76655
4.70523
3.90091
4.66167
3.8747
2.5992
2.98206
2.50959
4.32207
2.82276
4.23319
2.56899
2.71461
2.4102
4.49509
3.67992
4.4955
4.70475
4.02887
2.91848
4.30449
3.90835
4.51306
4.18308
4.51514
2.86944
3.40576
4.97288
4.22063
3.6346
4.86155
4.45459
4.22909
4.08391
4.45293
2.66187
4.93721
2.57586
4.24939
4.02605
2.98951
2.97329
4.51248
4.37967
4.58344
3.55143
4.60575
3.80569
4.37377
4.19242
4.24685
4.39642
4.99388
4.52852
3.65705
4.98327
4.89523
3.46831
1.37421
3.54799
2.83572
2.3237
3.09438
4.4073
4.6559
4.36751
1.4246
3.61786
2.31057
4.08194
2.33312
4.07013
3.52083
4.90936
4.62445
4.81345
3.57699
4.27041
3.69227
2.92362
2.962
4.31142
4.64149
4.43013
4.32024
4.96688
4.11207
3.18665
2.64748
3.79946
4.43828
4.33947
4.16019
4.45621
2.87347
2.51815
4.98518
4.27323
3.90574
4.3403
4.2889
3.85142
4.54663
4.98005
3.93825
2.66005
1.61755
2.92673
4.59126
3.77025
3.03935
2.49764
4.33231
4.26704
4.58509
4.3125
4.5328
3.84199
2.38347
1.48277
1.46264
3.428
3.23793
4.76529
4.45583
2.87907
2.88393
2.6204
4.23482
4.30956
2.57299
3.72041
4.56551
4.64273
3.24088
4.84265
3.62452
4.37394
3.96654
4.15106
4.18091
4.94065
2.32006
3.61833
4.32644
4.51656
4.33961
4.27021
4.56628
4.64575
1.35907
2.78523
3.08004
3.67166
2.32551
4.92027
4.42286
4.21121
4.35742
4.52502
3.23647
2.66405
3.00419
4.63766
3.89366
2.96856
4.56783
4.03998
2.68555
4.38535
4.31647
4.55713
3.92829
3.0729
2.58888
2.88875
3.76965
4.23015
4.46548
2.43179
4.24112
3.57854
4.43965
2.70462
4.29876
4.98398
4.03116
4.89687
4.75997
2.45522
3.35008
4.40459
4.62298
4.29062
3.83058
3.84777
4.93161
4.56743
4.86664
4.29647
2.52838
2.8235
4.96433
4.65824
4.39997
4.27708
4.72954
2.4287
4.29323
4.54358
1.57232
3.92105
3.08794
2.68157
4.87011
2.98806
4.33603
3.09329
3.00789
4.59507
3.39019
3.87525
2.66527
1.59818
2.26572
3.31955
4.28864
4.08283
3.87496
4.98263
4.50848
2.36317
4.36096
2.59279
3.85057
3.57679
4.7444
4.90462
4.19716
4.36145
1.55747
2.68756
4.00388
3.32758
1.39586
2.91762
4.51839
3.15019
3.02129
4.38304
2.49632
2.56302
4.33423
3.46599
2.88748
4.54193
4.30011
4.54715
4.75397
3.66913
4.50766
4.24106
3.87912
4.30812
4.18083
4.90493
3.91997
2.36365
4.48494
4.15278
4.17245
4.5436
4.28744
1.45654
4.59857
4.5861
4.43094
2.46361
4.71487
4.30499
4.15698
3.53311
2.88537
2.43848
4.26726
4.64494
3.91824
2.73058
3.87204
4.59062
4.2595
2.50804
4.28615
4.99461
3.79744
4.39056
1.58669
2.59688
4.29564
2.74795
2.39614
4.30927
3.46157
4.40547
4.99789
2.58964
2.57496
3.81701
2.84896
2.85554
3.84329
4.58414
4.49933
3.4051
4.54175
4.59745
4.30288
4.29104
4.2702
4.38157
4.53243
3.77716
4.27304
4.9458
4.42012
2.34675
3.63232
3.90127
4.7527
2.81918
4.33218
4.47013
3.66693
4.53747
4.56567
3.44522
2.83321
4.10869
4.30234
4.31774
4.15964
4.85645
4.28878
4.44991
3.84015
4.91268
1.5185
2.83534
2.35286
2.99051
4.7426
4.71952
4.44637
4.49228
1.56751
1.61527
2.47043
2.52901
2.52498
2.50841
4.45457
4.39184
4.82355
4.42394
2.95016
3.73284
3.00746
4.3206
4.76104
4.44125
4.70052
4.96894
3.83539
3.62777
3.75329
2.95323
3.0197
4.18461
4.28515
4.44905
4.91388
4.2929
4.81649
3.47521
4.59729
4.62134
3.6033
3.79744
3.94042
3.90099
4.64887
4.63799
4.35717
4.27085
4.35251
4.46417
2.34225
2.69347
4.28883
4.56988
4.22189
3.44019
4.09851
2.68459
2.51249
3.12233
3.77328
3.963
2.96541
4.51983
4.74389
4.34793
4.8715
3.77915
4.3675
4.51923
4.14936
4.89533
4.42625
3.64529
4.76105
4.14451
2.38092
2.32126
4.41114
2.50479
4.10731
4.92964
2.75262
4.83965
3.80429
3.63569
4.43358
4.12868
4.14192
2.83595
3.42918
4.82054
4.59469
4.28789
4.25201
4.7947
4.29244
3.94049
4.49866
4.80187
4.91156
2.90855
4.95454
2.64555
4.42289
3.39596
2.44363
2.96588
3.76847
4.51648
1.67974
3.06981
4.30756
4.13747
2.77626
3.80325
4.03532
4.75891
4.57876
4.71649
4.80612
4.39956
4.57939
2.65072
4.0149
4.9195
4.05744
3.51255
4.47967
3.75536
3.99975
4.27588
4.53769
2.29153
3.30556
2.57573
4.10637
4.53403
2.72272
4.95179
3.92777
4.45977
4.95054
3.90073
4.30126
2.583
1.66906
2.56391
3.8951
4.45854
4.62752
2.59992
2.39899
4.59058
4.14424
3.4917
2.74036
1.70446
4.56871
3.06265
2.9762
4.88811
3.9415
3.21541
2.58385
4.61749
4.57703
4.39576
2.73966
4.93993
4.57229
3.6405
1.51412
4.17178
2.25733
4.04487
2.52245
4.95647
4.80206
3.61694
4.2444
3.76424
3.42177
4.57986
3.23714
4.61793
4.46669
4.64167
4.76818
2.66989
1.63383
4.00074
4.10166
4.48598
4.5067
4.4289
4.47609
3.77027
4.24331
1.51205
3.20871
4.3379
2.71482
4.36738
4.48843
4.07613
4.73137
2.36908
3.96351
3.69462
4.75244
4.5418
2.96918
4.05651
3.00654
4.41367
2.60374
4.30532
4.38885
4.51923
4.9502
2.405
3.52629
2.52608
4.49597
1.55659
2.83036
3.79246
4.51214
4.98061
2.86873
2.42371
4.26179
3.70799
4.15041
3.60302
4.28523
4.20641
4.4238
4.41727
4.60872
4.56908
4.49475
2.8815
3.46417
4.38009
4.3049
4.45951
3.83146
4.50305
4.41307
3.8518
2.29167
4.21375
3.76788
4.99912
4.5248
4.18417
3.65137
4.88144
4.21717
4.31866
3.25882
4.96257
4.85323
4.97239
4.49484
2.82655
4.16142
4.57029
4.29294
4.48614
4.2494
2.92196
3.0753
4.55423
3.60329
4.30519
1.47313
2.53995
3.65578
2.50662
3.61085
4.77245
4.15121
4.11543
4.91712
4.72135
4.66727
4.49318
2.84809
4.18969
4.94198
2.44938
3.45202
4.22541
4.35602
2.75995
3.00329
4.78418
3.7965
3.88881
2.55109
4.0257
4.52435
1.53879
4.30681
4.5056
2.61598
4.70503
3.95727
4.44767
3.92168
3.79356
3.62773
2.34039
3.72732
2.57859
4.43119
4.439
4.4435
4.59765
4.85806
1.60292
4.10052
3.13502
4.46747
3.20683
2.57336
4.7546
4.52561
3.12455
2.56839
4.1648
4.95774
4.3615
4.26735
3.17314
2.92674
3.96833
4.91175
1.53103
4.56003
4.13808
2.78315
2.49181
4.67549
3.85735
4.42849
4.99541
4.40771
4.08312
4.60604
2.99176
4.22501
4.14119
4.84702
3.46045
4.83032
4.30135
2.90236
2.85861
3.7251
4.50787
3.66477
4.85427
3.98168
1.46913
2.37085
4.04015
3.68537
2.41176
4.2964
3.64422
4.59884
3.70276
4.05423
4.52282
3.41766
2.48677
3.3098
4.24954
4.25717
4.4569
1.38456
4.49432
4.54428
3.85853
2.88313
2.67159
2.90785
2.37123
4.20405
4.50276
4.19913
4.97249
4.28042
2.3628
4.41628
4.19711
4.79719
2.98298
4.51934
3.70588
1.55488
3.06266
1.50552
4.60607
2.56931
4.25802
4.01922
3.05391
2.48253
2.44793
4.60245
2.97934
3.54098
4.25421
3.87182
4.32645
4.12607
4.73305
4.21955
4.16949
4.64021
3.84946
4.83968
2.99658
4.38683
4.64071
3.63422
4.58031
4.47019
4.67888
4.8694
4.25785
4.23629
4.50772
3.7736
2.94181
4.50697
4.49205
3.82518
4.27965
2.58745
3.65934
4.69018
4.63246
2.88606
3.7501
4.63606
1.62502
2.33321
3.00044
3.67768
1.38694
2.61569
2.8149
4.18244
4.24866
3.85448
2.92264
2.45205
4.46602
4.28235
4.32318
3.91448
4.26698
4.86708
4.79546
4.53631
4.4988
4.66863
4.7403
3.63444
4.17167
4.57148
4.96099
2.77632
4.78494
2.58832
4.46666
4.22275
4.18528
3.38238
3.70893
4.6385
2.96285
4.14832
4.86324
4.36551
3.86941
2.62132
4.57392
4.41287
1.56993
3.87314
2.80983
3.05555
2.44857
4.61241
4.3433
3.10641
4.49719
2.91656
3.35763
2.25373
3.87458
1.53448
2.46938
4.48992
4.16505
3.79695
4.83436
4.77784
4.9668
4.45234
4.22474
4.31283
2.70152
4.5698
4.31856
3.93002
4.66871
4.85066
3.05296
4.38068
4.6605
4.45509
4.90066
4.20562
3.65197
2.76685
4.54592
4.96043
3.8964
3.64655
4.78504
4.6251
4.305
4.61907
4.05984
3.94654
3.05545
4.4005
4.65589
3.92137
4.35299
2.48467
3.08531
1.59794
2.57214
4.96578
2.86706
4.23447
4.58801
4.37942
4.64951
4.9038
2.34769
4.98152
4.55973
3.72519
3.74182
4.34735
4.34203
2.53434
3.56929
4.35943
4.29838
3.97151
4.00835
2.9996
1.58464
4.32089
2.80315
3.78344
2.47772
4.54405
4.52934
4.23845
4.90336
2.60227
3.52423
4.2331
4.31971
2.59617
3.50789
4.47394
2.99464
4.44968
1.48478
2.77837
4.21418
4.38726
4.35122
3.79958
2.96479
2.49104
2.36652
1.34129
2.85441
1.54555
2.72338
4.49674
2.97837
3.75797
3.64547
3.8539
2.3986
4.65218
4.38971
2.98497
2.35747
4.91573
4.42397
4.31961
4.26662
4.21036
4.94907
4.50981
3.84254
4.86612
4.15189
4.42323
4.12747
4.99745
2.62533
4.41093
3.85205
4.6768
4.88678
4.53425
4.50515
3.17169
2.4502
2.57459
4.21482
4.95687
4.26296
3.67821
4.48029
2.92106
4.00288
4.66192
4.98568
4.42669
3.9867
2.77854
1.40974
2.76516
1.41637
4.49316
3.72287
4.50531
4.296
3.76182
2.33741
4.94352
2.86374
2.33034
4.23996
2.7729
4.42335
3.4946
4.63859
3.93215
4.94038
2.50075
4.43391
4.61214
4.17827
4.3192
3.41688
2.5965
4.54223
4.54853
4.05459
4.84988
2.8314
4.4155
4.61733
4.559
4.80837
4.26936
4.18599
2.43286
4.82091
4.42753
3.53681
3.79492
2.90646
4.53409
4.48708
3.77449
4.10771
4.77947
3.43048
2.40459
2.39544
3.59258
2.65643
2.60006
3.15194
4.29923
2.83489
4.48585
4.65406
2.72387
1.62814
3.95893
4.31959
4.41969
3.96781
4.41079
4.2284
4.17712
3.66013
4.99524
4.91187
4.47151
4.18018
3.7639
3.81211
4.72986
4.94117
4.81423
4.43771
4.39524
2.77656
2.91481
3.84989
4.62599
4.50669
4.57644
3.57794
3.44962
4.97695
4.98568
4.42872
4.574
4.39305
2.41641
2.36455
4.95732
4.27266
4.26807
3.55388
3.89033
2.54951
1.51682
4.2514
3.92526
2.41631
2.7226
4.52555
2.28496
4.22845
2.94504
4.69917
4.24363
4.3073
2.78193
4.68402
3.86983
4.31572
4.40606
2.8269
3.68308
4.95369
4.9444
4.05243
4.25363
3.79833
3.77626
2.86985
4.36253
4.58384
4.41223
4.90101
4.80086
3.38344
3.50924
4.95017
4.21048
4.96334
4.51443
4.40905
3.34124
4.27122
2.47301
4.30224
4.29251
3.02086
2.48092
1.4084
3.56715
2.98111
2.44459
2.71794
4.09874
4.92916
3.81335
4.22375
4.66366
4.25278
4.45656
4.93827
4.40145
4.20373
1.58363
4.19306
4.30635
4.97686
4.50023
4.31485
3.90276
2.57942
2.80337
1.57232
4.49967
3.68997
4.64691
3.75175
2.95536
4.65826
2.38607
2.57381
3.58163
4.36897
4.52006
4.73948
4.59283
3.8606
4.42489
2.97716
2.63958
4.25201
4.27758
2.43429
4.31107
3.85549
4.22755
2.78268
4.90942
2.54772
1.48661
2.96355
2.53722
3.47559
2.98805
4.41073
4.14771
2.94874
4.74805
4.94276
4.43645
4.32948
4.64583
3.77084
4.57794
4.43567
3.07615
4.8886
4.3221
4.53924
4.09964
2.59679
4.06539
4.44827
4.99959
3.94387
4.4177
1.58093
3.78668
4.08495
4.57871
3.12264
2.54158
2.60684
3.63546
4.42328
4.27393
4.41617
2.58606
2.85971
4.32004
4.81637
3.80174
2.49123
2.58249
3.59662
1.48383
4.27985
3.84024
2.65382
3.89538
2.56822
2.86403
2.94213
4.38372
2.63932
2.96634
3.89338
4.56797
4.43859
4.1318
3.56086
4.92299
4.36348
4.31124
4.73408
4.43681
4.75086
4.25406
4.13638
4.55738
4.97917
4.29411
3.70945
4.6092
4.89374
4.87219
3.61717
3.34754
4.35679
4.34286
4.30094
3.70878
4.26694
1.60655
3.38088
2.84832
2.57055
2.80857
2.54184
2.89992
4.65625
4.91055
4.3928
3.83877
4.65587
4.26593
4.60507
4.1837
3.80506
4.55875
2.86838
3.64186
4.37666
4.29192
4.26266
4.93585
3.73385
4.13358
4.3709
2.41379
3.83938
4.72751
4.95503
4.32259
4.38888
2.8122
1.37501
4.9938
2.84055
4.89296
4.47948
3.75594
2.38665
4.17747
4.21518
2.33679
3.43798
4.46867
4.31103
2.63285
4.81159
3.67625
4.03681
2.37162
4.41866
3.08985
3.85055
4.49028
2.74416
1.67754
1.56849
3.64808
2.578
3.05438
4.26179
4.45425
4.2681
4.41209
4.26589
4.34237
4.21639
4.90013
4.93644
2.50179
3.79246
4.27088
2.98409
4.55631
4.66553
4.38318
4.82703
4.44721
4.73949
4.57605
2.88526
3.82691
4.50203
3.97982
4.71634
2.41959
4.31865
4.45299
2.56178
3.40339
4.44455
2.52931
2.86182
4.66068
4.96618
4.43741
3.86357
2.85509
2.453
3.0094
2.30726
2.96763
2.34055
3.71396
3.84083
2.43178
2.49408
1.46574
4.69726
4.36622
4.3404
3.60228
4.48319
4.6009
4.9891
4.2927
4.81835
4.12667
4.78365
4.50297
4.809
4.22903
2.94831
2.99334
4.45777
3.90265
4.3548
4.43694
4.91591
4.76002
4.90923
3.55478
4.25662
3.53764
4.9913
4.59027
4.31608
2.86952
2.57054
1.54852
2.50314
1.58562
2.474
3.53159
3.80188
2.9327
2.45897
4.31885
4.45311
4.16387
4.26708
4.1075
4.91836
3.86603
4.41137
4.96958
4.71591
3.75523
4.42068
4.2878
2.47123
4.379
4.80003
4.34741
4.18532
3.83283
4.5124
4.65507
2.78265
4.5811
4.60013
3.85798
3.32412
4.2279
4.33441
2.95362
1.59881
2.31327
1.53956
2.27215
3.61896
3.31122
4.25801
2.85366
4.53906
4.12879
2.98065
4.65615
4.52517
4.2003
4.20454
4.36404
4.99568
3.81588
4.38183
2.47455
2.85708
4.37684
4.83323
4.22062
3.30677
4.5568
2.80003
4.58254
3.47871
4.54595
2.86575
3.86276
4.44078
4.10127
2.31319
4.30179
4.28004
2.70153
3.74913
3.58417
2.73569
4.26208
4.59606
2.50986
2.93424
2.60733
1.44496
2.25611
4.30649
2.78179
3.84193
2.55062
4.44079
4.19426
4.43345
4.99793
3.90972
2.38831
4.914
4.90612
3.75707
4.75613
4.08293
4.37263
2.37861
3.51904
4.02268
4.3473
4.81452
4.19956
3.61285
4.49017
2.84925
4.54525
4.5689
4.5318
4.13141
4.24718
4.66784
3.43057
3.0064
1.49049
2.36345
3.73293
4.57672
4.11516
3.53308
2.77924
4.10816
4.4745
4.21854
4.50428
4.73826
4.28533
4.87247
3.92121
4.70537
4.03844
4.98395
4.53239
4.55822
4.64034
4.35111
4.09322
3.82657
4.24776
4.81727
4.96679
2.53526
2.92916
2.91069
3.5316
4.69347
4.41723
2.80758
4.30857
4.09141
2.61536
4.40251
2.40767
2.86201
4.24149
3.66399
3.35941
4.55615
2.52654
2.83205
4.19577
4.48443
4.65889
3.54274
4.36385
4.01045
4.93987
3.5412
4.2382
4.19224
4.29077
4.99838
4.35159
4.53761
4.11753
3.75124
2.82405
4.89036
4.54481
3.51333
4.58232
4.54045
4.30903
3.85559
4.81116
3.04163
4.95633
4.50846
2.88486
4.82455
2.39776
3.92349
4.13697
2.31449
4.18945
4.13519
2.49543
4.14621
4.75639
3.65722
2.71868
3.79523
2.92526
3.80258
4.52104
4.46053
4.21298
1.67844
2.36171
2.85023
2.24773
2.77742
3.45191
1.47833
1.54357
3.03139
2.37262
2.50413
1.47671
4.49029
4.94779
4.94193
4.73782
4.94911
3.75781
4.8893
4.99631
4.62252
4.51106
3.8541
2.81208
3.00279
4.92615
4.50929
4.20034
4.31427
4.09535
4.5207
4.20422
4.3502
3.59401
4.62045
4.28623
4.36047
4.34599
4.59042
3.47828
2.57344
2.83999
2.87773
2.44464
4.67587
4.22969
4.77889
4.0666
4.54556
4.44055
4.16195
4.49361
4.03321
4.15745
4.34327
3.32781
2.49758
4.49681
4.51606
3.11458
4.38859
3.86356
4.79278
4.01401
4.64051
4.6302
3.02012
3.58227
4.31645
4.47337
3.08259
1.48607
2.53093
4.76755
3.76473
4.18691
4.94795
4.27286
4.39688
4.77228
4.46955
4.60186
2.99396
4.37315
4.95843
3.78664
2.59381
3.45664
4.27093
4.53717
3.904
2.89277
4.91512
4.57861
4.21024
4.74278
3.67481
2.5064
4.40248
4.46403
4.37649
2.61539
4.46935
4.48933
2.98169
3.88445
4.13156
1.61605
4.63002
2.88775
3.02334
1.56744
2.533
3.69026
3.9056
4.57992
3.08011
2.58228
4.59406
2.52846
1.56852
4.43905
4.24071
2.79432
4.87155
2.90106
3.97826
4.67897
4.36761
4.5011
4.55526
2.57961
4.61875
4.01316
4.91775
4.46022
4.53197
4.2312
1.66465
4.98385
1.70512
3.0876
4.89848
4.87306
3.84678
4.44928
2.49601
4.52216
4.59617
2.67339
2.60504
3.86135
3.64616
4.82925
4.64767
3.02365
1.49118
4.297
4.40865
3.7686
4.21899
4.99884
4.40659
4.9654
3.94402
3.0553
4.68833
4.67359
4.45714
4.51873
4.46707
2.61404
4.30039
3.87106
2.99326
2.86604
4.56247
3.1343
4.69039
4.30875
4.20536
2.60768
4.23088
2.51492
2.37468
3.75543
4.70038
4.28621
3.66822
2.92975
4.58376
4.2778
4.76437
4.31209
4.30631
3.85917
4.41827
4.92655
3.9517
4.3422
2.60586
4.20574
2.60744
4.42031
4.51871
4.6786
3.85151
3.97506
2.98085
2.92613
4.2944
4.59521
4.61844
4.77522
3.55407
4.57918
3.47986
2.31542
4.63507
4.63513
1.40977
2.47913
2.80243
2.7412
3.49843
1.54431
4.36172
2.3215
3.70275
2.87917
3.54699
2.35284
2.86161
4.30191
4.18158
4.22258
3.72881
2.5877
3.66058
4.46646
2.57664
4.28098
4.75002
4.3321
4.9468
2.99928
3.8221
4.73379
4.50809
4.63553
4.77156
4.88307
4.12485
4.41611
4.98705
4.98673
2.88883
3.90454
4.49612
4.51954
4.08884
4.93213
2.34191
4.8721
4.177
4.416
4.28908
3.89744
2.40389
2.82251
3.73593
4.9539
4.78575
4.48056
4.43812
4.16707
2.35322
2.80883
1.47272
4.28557
4.15651
4.19592
4.35096
2.40319
2.9544
2.53016
4.29673
2.40305
4.89454
3.83742
4.39201
3.68291
4.81031
4.85895
4.85065
3.32652
4.34263
1.45317
2.66383
4.97286
4.4359
2.25299
3.61845
4.67651
2.96852
3.82023
3.96685
4.24113
3.77832
3.49567
4.75531
4.06896
4.31108
4.20119
4.42212
2.96006
4.29274
4.41468
2.43106
1.41906
2.93567
4.60383
4.91498
3.09481
3.81993
2.44952
1.43944
2.49047
3.6304
2.86531
4.57389
4.0251
3.8384
4.20235
2.87011
2.47945
4.99437
4.10774
4.37877
4.45407
4.32213
4.40435
4.58295
2.76435
4.53285
4.26954
4.4075
4.95824
3.76414
4.14538
2.42858
3.46954
2.43074
4.23045
2.77174
3.74049
4.56872
4.49941
4.84599
4.42479
4.24955
4.35006
4.2756
3.52509
1.46196
2.88942
4.52945
4.23893
3.85553
2.94258
2.34949
3.67012
4.25234
4.31586
3.62921
1.73785
2.93566
3.39637
4.64139
2.87322
2.37579
4.16927
4.72531
2.76464
3.65235
4.31087
2.5859
2.90798
3.92431
4.39443
4.35458
4.68488
4.9603
4.31298
3.35929
3.46565
4.15105
2.45045
4.31597
2.92321
4.50455
4.5392
4.48737
3.94287
4.97375
4.65324
4.29915
4.43515
4.30146
4.01268
4.64262
1.46652
4.2705
3.78286
3.7268
4.23701
3.70059
4.95618
2.44709
2.9023
2.84134
2.8187
2.53125
3.06591
4.64141
3.61658
2.66059
2.60299
1.61777
3.4555
3.51661
4.31408
4.25
4.26323
2.96125
4.56155
3.72986
4.49661
4.42305
4.94272
4.38109
4.25968
4.8612
2.78218
4.41341
4.61307
4.2114
4.06453
4.88198
4.71911
4.65365
2.56091
4.98958
4.28975
4.30522
4.26128
4.4019
3.90186
2.62674
3.63913
3.93926
2.70879
2.64197
1.57299
4.37576
2.32953
2.94324
3.07257
2.34912
4.32965
2.74423
2.54561
2.93176
4.56358
2.36422
1.48458
3.82838
3.61267
4.32114
4.0951
4.66346
4.03237
4.08573
4.56301
3.04169
3.47755
4.44727
4.10318
3.383
4.32844
4.64475
4.54116
4.25202
2.68749
4.34491
4.56937
2.75228
2.96292
3.20039
4.76031
4.12403
3.5984
4.41992
4.92744
4.13682
4.40087
4.54497
4.98463
3.77741
4.80717
4.61785
4.39388
2.89177
2.54018
2.54304
1.66748
3.54492
3.42259
2.97822
3.87644
4.24379
4.99563
3.61734
4.29753
3.76654
4.98899
3.89553
4.68988
4.47771
1.5609
3.0597
4.61428
2.38979
3.44625
4.37272
4.25584
2.40845
2.95324
4.7772
4.573
4.35305
4.55424
3.7798
4.53394
2.8844
2.48918
3.56159
4.43274
2.43039
4.33914
3.09207
4.94777
4.88509
4.43902
4.52743
4.58824
2.96532
4.45727
3.89314
4.63434
3.8174
2.42123
4.87736
4.16494
4.38096
4.38449
3.87698
2.9094
2.46843
2.39086
2.90355
2.40876
4.30105
3.87776
1.48507
2.42891
2.45034
4.35734
2.32806
1.50595
2.62126
4.3445
3.0166
2.94762
2.90035
2.4913
2.95513
4.60651
4.51367
4.70807
3.00715
3.80945
3.75876
4.89089
3.46509
4.23734
4.1025
4.90851
3.5229
4.57939
4.22985
4.68161
4.29953
3.78679
3.72123
4.84939
3.36387
4.13322
4.81926
3.59337
4.42972
4.3467
4.42896
4.36249
4.43658
3.59314
3.83464
3.8773
4.5355
4.97925
4.95329
4.97235
4.90805
2.69149
1.46556
2.4727
1.43604
4.25536
3.36411
4.39512
4.45716
3.79956
3.70634
2.4272
2.98446
4.32361
4.88997
4.30213
4.31334
2.49466
2.43027
4.22577
4.46755
4.41067
3.74132
2.66861
4.35623
4.54221
4.9356
4.86453
4.33429
4.20183
2.4233
4.7995
4.79552
2.74818
3.79478
1.66365
3.74353
1.54731
2.92669
2.54206
2.86345
4.50995
4.28259
3.03569
2.41317
3.7215
2.35499
3.71501
3.46011
4.28897
2.4113
4.98689
4.33055
4.68233
3.8165
2.76962
4.68268
3.83626
4.41802
2.31406
1.59547
2.26433
2.60589
1.6813
1.51297
2.5531
2.46776
4.43925
3.44533
2.76296
4.36681
4.44541
3.11485
4.64728
3.81526
4.40721
2.91945
3.78693
2.94204
1.48598
2.94263
4.59876
2.46232
4.31263
2.39477
3.49414
4.48487
2.29923
2.9575
4.20128
4.23201
4.58244
2.91876
2.55411
3.76541
4.43138
4.73426
3.0314
3.68292
4.36213
4.27989
3.43368
4.16584
4.22417
4.49194
3.35487
4.59497
4.9603
3.52973
4.62538
3.71132
4.62636
4.33941
4.27754
4.29824
4.90752
4.23824
4.00656
4.9994
1.46697
2.29476
4.14872
3.76882
2.75954
3.28897
4.12793
2.60585
2.38333
1.3822
2.57331
4.31872
2.93205
3.71773
4.37303
4.19717
4.48938
4.05128
2.98334
2.88977
2.91782
4.26996
4.25223
3.51252
4.76586
4.12953
4.17447
4.56658
3.28643
4.59311
4.8483
4.62075
3.81858
4.39941
1.53647
2.43473
4.38064
2.63602
4.82015
2.50422
3.6285
3.14023
4.21995
4.31103
4.67465
2.69158
2.89817
4.20795
3.58803
3.2195
4.72311
4.51404
3.75616
3.9049
4.53066
4.43954
4.967
4.32173
4.11546
2.91028
2.78883
2.54453
2.46589
2.70495
3.78772
2.94602
2.73343
2.2945
3.89708
3.71432
2.41223
4.16171
4.06224
4.47905
4.40973
4.3991
2.69245
2.69551
4.27133
3.41925
4.39781
4.46867
4.88629
2.85236
4.66849
3.91347
4.63831
2.9116
3.67413
4.38344
3.84051
4.82955
4.15674
4.20898
3.37257
2.34829
4.31739
4.96816
4.34246
2.85056
4.68542
3.97399
2.96821
4.64008
3.75892
3.91099
4.23524
4.26425
4.50082
4.52046
4.8652
4.45208
4.34473
4.90335
4.95663
3.928
4.51777
4.86524
3.84496
2.70677
4.14494
3.42712
4.88927
4.05538
2.74786
3.47416
4.55466
4.89547
2.96141
3.0415
3.03882
1.52043
4.4803
4.27074
2.49655
4.38567
4.66216
2.42062
4.02569
3.64147
3.93694
4.3473
3.6582
4.10609
4.94288
2.42166
4.71317
2.5279
4.21327
3.8367
3.45162
4.28828
3.61147
4.71759
1.42922
4.55296
2.99868
2.88619
4.38817
2.49999
4.58382
4.38237
4.77173
1.45851
2.99867
2.50396
3.55164
4.21475
4.38941
3.46161
2.90568
3.68881
4.65767
4.54783
3.89906
2.99326
2.28919
4.93484
4.337
4.28437
4.22231
3.72067
3.39846
4.56583
3.81363
2.42436
2.8083
2.94871
2.95745
1.57365
4.99364
2.48237
4.27001
2.48001
3.5611
3.77456
4.36106
4.50943
4.24573
3.80965
4.6178
2.99169
2.29979
4.31211
4.15731
4.91395
4.6206
4.32322
2.51783
2.90636
2.91302
4.491
4.20269
4.53253
3.5762
4.15582
3.61612
4.4521
4.33962
4.98397
3.65075
2.62899
2.44466
4.61299
4.68386
1.45804
3.91371
2.98841
2.93854
4.32942
2.9729
2.49595
4.62771
2.75425
3.51829
2.46986
1.47692
2.28575
3.90944
4.30121
4.21596
2.4394
4.88944
3.73318
4.48643
2.70347
4.45663
4.09079
4.5529
4.81877
4.94154
4.37546
4.92221
4.3859
4.42498
3.41868
4.98103
2.69439
3.73872
3.62157
4.58544
4.89016
4.23001
4.43758
1.65575
1.44467
4.71299
2.8533
2.39212
3.95173
3.9855
2.71018
3.68615
2.54387
3.07212
2.4233
4.21878
4.35978
2.46145
2.4671
4.34998
4.62307
4.48758
3.73788
2.79826
4.55033
3.67447
4.32334
3.51795
2.86233
4.1835
4.70803
4.47969
4.97878
2.57517
4.17281
3.87305
2.88202
2.8043
4.53841
3.43912
4.47302
4.63469
4.69835
4.04857
4.31578
3.96319
4.40903
4.43932
4.86788
4.28903
4.49937
3.7948
4.96776
4.95534
2.54474
4.2924
2.28017
2.70808
4.35569
2.43243
1.47222
2.95839
1.42873
2.55522
3.91905
3.89886
3.02338
3.71822
4.17145
4.30525
4.88925
3.28948
4.14742
4.32984
4.84142
4.46629
4.65051
3.47182
4.48979
2.94234
3.76804
1.54344
4.28928
2.42265
2.4207
2.49328
4.33755
2.94468
3.6314
4.53645
4.48509
2.5686
4.52254
2.90389
4.77776
4.48017
3.8969
2.90588
4.39124
3.86268
3.92178
4.31372
4.34943
4.87294
4.20016
4.39077
4.14085
3.71945
4.96989
3.90768
4.68309
2.92321
3.63514
1.54067
3.83734
4.60515
2.92583
1.52222
4.25121
2.47615
4.39487
4.26302
4.62352
4.97052
4.93439
3.02201
2.46474
3.76236
3.77878
2.92862
4.27978
2.51712
2.33596
4.92874
2.77661
4.25968
3.66389
4.42247
4.42945
4.34737
4.60551
4.8354
3.76262
4.67549
4.29917
2.5226
4.31011
3.85478
4.25624
2.62459
2.90176
3.49391
3.71381
3.03617
3.70125
4.94116
1.58747
2.99831
4.63039
1.56641
2.47219
4.28114
2.42557
4.24172
3.48208
4.2386
3.7059
4.47247
4.97367
3.8488
4.65387
2.65718
1.45261
2.35672
4.94971
4.39316
4.26339
4.29558
3.96162
3.20798
4.52633
2.39962
3.72052
4.7274
4.38253
3.82996
3.13558
4.70683
2.86839
4.96658
2.65405
2.44521
4.27785
4.09373
4.94197
4.08394
4.43701
4.94335
1.39185
2.56063
2.62352
1.55858
1.45856
2.76137
2.33764
4.08237
4.09149
3.88918
4.53971
1.61612
2.56405
2.54609
2.61063
2.384
4.50266
3.61105
3.03186
4.626
4.41173
4.44359
2.99549
4.58808
4.16319
3.84927
3.70117
2.8023
4.12948
3.99398
4.76542
4.1497
4.36227
4.88509
3.57603
4.52166
3.56893
4.45994
3.80939
3.10145
2.97581
3.95858
3.83128
4.62196
4.49095
4.27892
4.38804
4.50566
4.35463
1.79211
3.82455
2.47698
2.47251
3.42203
2.89503
4.28865
4.40724
4.4239
4.29351
3.50094
4.85113
2.41866
3.74692
2.9858
2.93016
3.67259
4.94906
4.47049
4.59689
3.61201
4.31737
4.69893
4.27285
4.86512
4.40135
4.76931
4.13128
2.33268
4.94949
4.34513
4.93718
3.59642
3.07161
3.77828
4.58283
4.38079
4.62459
3.00886
3.44598
4.4587
4.03758
4.37724
2.72947
4.27564
4.39574
4.96279
4.83804
4.24232
4.69624
3.97269
4.99619
4.0323
2.91945
4.71908
3.56356
4.61393
4.6055
3.89501
4.70719
2.85007
4.27406
2.42156
2.32509
4.27911
4.96678
4.26829
2.87244
3.43511
4.55485
4.87246
2.74446
4.99751
2.88003
4.11718
2.55413
4.35948
4.24798
4.6117
4.77631
4.76985
2.41588
2.73699
3.21313
4.33498
4.69497
1.36077
3.79129
4.46636
4.35158
3.64214
4.32871
2.33663
4.09469
4.15353
3.59016
4.80201
1.46109
3.01193
2.7534
3.54281
4.82365
3.99039
3.08488
2.58634
4.50853
4.5187
2.4465
4.41703
4.72611
3.69045
3.02093
4.74238
4.8752
1.4076
3.65013
4.58217
2.81647
4.51038
2.25079
4.09446
4.2449
4.85224
4.50995
4.32366
2.33999
3.62369
2.90953
4.63608
1.60864
3.76411
3.85562
4.67551
2.45075
4.39122
4.21257
4.38216
3.85063
2.51979
2.35373
2.95546
4.46562
4.35101
4.51659
4.38739
2.51792
2.82461
3.93735
3.9059
2.70782
4.45427
4.53885
4.35619
4.56806
3.45205
4.54868
4.99256
2.3917
4.16524
2.43662
3.41556
2.71048
3.67272
3.77942
4.47247
4.26019
4.59348
2.86341
4.67783
3.45962
4.6599
4.37132
4.55782
2.45763
4.98699
4.1698
4.93614
4.32938
3.7069
4.6192
4.9846
4.94083
2.6777
1.58262
4.91428
4.34049
4.22689
2.54249
2.24905
2.69727
1.54145
2.75627
1.40441
4.4168
4.52722
2.7478
2.39526
4.04203
3.69296
3.74215
2.29369
3.35474
4.60096
4.29383
2.71915
4.35671
4.36647
4.05823
4.53971
3.81677
3.22164
4.44925
4.40273
4.96004
2.68738
4.4614
3.37661
2.54124
4.06136
4.8035
2.54167
3.7769
3.76268
3.18641
4.38138
4.66322
3.92463
4.43362
4.99959
4.98591
1.74698
4.35647
4.39803
4.99666
3.49954
4.20858
4.43069
3.97744
2.7444
4.21536
4.37096
4.40284
3.38701
3.98971
4.46125
4.91283
2.2913
2.66428
1.41699
2.79321
4.38845
4.62883
2.46653
2.90841
4.12769
3.89629
1.63102
3.88273
2.29706
4.56717
3.68553
3.14011
2.69914
4.44653
2.36395
3.37381
4.12736
4.99435
2.59789
4.42924
3.77835
3.02958
3.70355
4.93924
4.57401
4.69068
4.35307
4.69447
2.75573
4.71443
3.67109
4.13746
2.4131
4.18906
2.23988
4.1426
3.77619
4.79683
4.86674
3.62734
4.32868
3.13091
4.62093
4.66142
3.88604
4.27212
2.44762
4.36529
3.95525
4.4426
2.75462
3.84657
4.80099
3.78034
1.55596
3.80177
4.44574
2.83323
2.6971
3.02582
4.21486
2.50873
4.21719
4.30689
4.58911
4.87098
2.49487
3.57146
2.53463
2.47078
4.66006
4.65207
1.5689
4.00733
4.49747
3.91344
4.4962
3.88217
2.68282
3.02537
4.30191
3.21165
4.36323
3.87582
3.68997
4.15284
4.68748
3.39595
4.96548
4.35742
4.61771
4.91851
2.92963
4.63667
4.57978
4.30132
2.61234
2.66821
3.03203
3.00278
2.92643
4.59495
4.25872
4.31642
4.43684
4.85013
2.26988
2.61906
2.92269
4.62948
4.46317
4.89235
2.61593
4.32547
2.90308
4.32924
3.3615
2.44708
3.83238
2.53727
4.7761
2.29115
4.57823
1.44947
4.64674
3.69024
4.47297
3.76628
4.11624
3.65357
4.28456
4.05952
2.56111
4.51576
2.46475
4.29254
2.9801
4.03799
4.8019
4.77423
4.82715
1.56809
3.14007
2.73913
3.11465
3.81472
1.62231
4.46519
2.67245
4.04444
3.11068
4.65779
2.55972
4.9534
4.20617
4.45354
2.57652
4.62953
4.31365
3.82796
4.57773
3.00259
4.12612
4.29897
4.68166
4.2759
2.67934
1.65962
4.71166
3.1681
3.92334
3.04416
1.58442
2.95617
3.55007
4.02092
2.42545
4.75731
2.88479
2.59764
4.32939
4.73927
4.34709
4.97891
4.86988
4.39656
4.63737
2.30275
3.68166
4.60216
4.42569
2.53131
4.47337
4.22439
4.42199
2.98658
3.75155
4.5918
3.85041
4.2174
4.2633
4.25995
4.30955
4.6094
1.63125
3.9381
3.01111
2.96897
3.0249
2.71606
4.72345
4.37109
2.93946
4.58182
3.52974
2.51853
3.946
4.3174
1.46924
4.98946
4.78634
2.39341
3.4703
4.2001
4.30808
4.34329
2.65034
4.3865
3.01435
4.5353
3.81159
3.92492
4.23957
4.53607
2.6351
4.61895
2.95252
2.85084
3.94884
3.82223
4.22157
1.48958
2.63174
3.9205
4.99149
4.37848
4.72541
4.18776
4.23867
3.50213
4.71371
2.87599
2.84404
3.90292
4.37968
1.44402
3.76555
2.50937
3.79794
4.86754
4.68004
4.22468
3.64728
2.54527
4.30336
3.40695
2.55691
3.48105
2.45413
4.48124
4.61234
1.43127
3.69023
4.86267
2.77815
4.32096
2.97722
4.27268
2.92993
2.49097
4.5095
3.50662
4.46811
4.59971
2.98576
3.89303
1.45476
2.91573
3.44923
1.4604
2.64452
2.82928
4.48122
4.31025
2.51899
3.03684
4.23175
3.94286
4.38233
4.28558
4.43228
4.529
3.82004
2.90612
4.38451
4.43599
4.83415
2.33099
4.4313
4.21218
2.40713
3.39393
4.54406
3.87826
2.71472
3.93864
4.82788
4.56984
4.37003
4.74769
3.77947
2.88252
3.87579
4.54187
4.27723
3.80655
4.31982
2.49058
1.41594
2.42217
3.05277
4.26936
2.55921
3.89088
3.00409
1.42012
3.82688
2.35055
4.69447
3.79594
4.1831
3.07746
4.64658
4.19725
4.25943
3.69239
2.45067
3.64491
4.6074
2.97786
1.47974
2.8734
4.60099
4.3734
4.60178
2.48851
2.87807
4.47877
3.82473
1.53096
2.84671
1.52478
2.81618
4.72986
2.99144
2.8611
2.37634
4.72013
3.45915
3.82866
3.86446
2.48914
4.22534
4.40136
4.3497
4.93326
4.12635
4.94334
2.39443
3.69145
4.62574
4.61912
4.36775
2.8536
4.19723
4.98001
4.93473
4.23153
4.4502
2.61147
3.58831
2.48059
4.32145
4.32103
3.32215
4.47946
3.00653
3.78055
4.48096
3.73017
4.19049
4.83756
3.52438
2.5721
2.43352
3.69441
2.55703
2.45775
2.85561
4.48074
2.81711
4.35405
2.539
1.55228
3.77779
4.47798
3.92153
4.19237
3.80975
4.98083
3.70747
4.83171
4.81737
4.27376
4.23256
3.72528
4.70963
3.94661
2.96527
2.86199
4.62835
3.85428
4.35328
3.38325
3.54664
4.94424
4.29878
4.92931
4.60395
4.24391
2.44606
2.59089
4.35604
3.55951
2.52788
1.60838
4.40302
3.82542
2.39063
4.36071
2.94602
2.92986
4.49737
4.66315
2.45691
4.43789
4.45197
4.8573
4.96886
4.61416
4.19683
3.00464
4.68824
2.69589
3.94915
3.7518
3.74891
3.15155
4.79827
4.96906
4.98362
3.77445
4.99918
3.32692
4.48752
4.91999
4.25209
4.32488
3.57353
4.56839
2.64212
4.44765
2.56624
1.46859
3.75406
3.04916
2.55252
4.39825
3.03039
3.89844
4.31166
3.75334
4.33405
2.84431
4.09721
4.29359
4.90786
4.06757
2.31296
3.67784
4.04056
3.86013
3.94042
1.479
4.70289
1.5737
2.98027
4.76554
4.33129
2.66001
2.55926
2.37713
3.40442
4.35321
4.37143
4.50456
4.31611
2.42066
2.74433
3.73468
4.16339
4.50137
4.40339
4.5182
2.59976
3.02979
3.80612
4.37611
2.64888
1.55846
2.99159
3.79061
3.15566
2.43436
3.74337
4.36275
4.95358
4.07047
3.96043
4.96956
2.49274
4.43527
3.80253
4.4688
2.87701
3.93382
4.5389
1.44699
4.51014
1.61416
2.9905
4.72931
2.4143
2.63708
3.56819
4.57791
4.47241
2.70208
4.48972
3.07535
3.986
4.77657
4.35213
2.64618
3.59635
2.56155
3.89528
2.56794
1.56096
4.43661
2.39648
3.04166
2.91401
2.52862
2.81425
4.39535
3.69151
4.98849
4.7703
4.08115
4.86518
4.19244
2.99889
3.86926
3.95623
4.75178
4.49816
4.8358
3.31405
4.90434
4.17153
3.50382
4.86996
4.46285
4.63014
4.44471
2.49466
2.85537
2.64099
1.55802
3.64785
3.46974
2.99846
3.86288
4.50449
4.59375
4.61919
4.91951
4.1912
4.8096
4.26335
1.37288
3.00897
3.9631
1.4554
3.02588
4.55003
3.66978
2.4673
4.35039
4.36636
2.37281
3.46242
4.47161
4.22642
2.45092
3.81532
4.36478
2.77241
4.88575
2.62269
3.04442
2.5438
3.0813
2.49496
4.29795
3.91405
1.68154
2.63531
3.81029
2.7118
4.59226
4.99017
4.1386
4.90067
4.28285
2.83
4.56625
2.91209
4.13333
4.47612
4.90989
3.51685
4.34825
3.44508
4.5675
4.48352
1.52555
2.60451
1.43251
2.53011
2.40303
1.50787
1.53393
2.68989
2.92074
2.54252
4.87482
4.87403
4.8755
4.68168
4.55788
3.73076
3.76781
3.86098
2.77577
2.92572
3.13439
4.97308
4.15575
4.4765
4.29387
4.23311
4.33102
4.35791
3.52771
4.21827
4.64162
4.22898
4.61458
3.51544
4.42953
4.469
2.99344
2.44409
1.55497
3.78926
2.48835
2.54582
4.04616
4.35042
3.01791
4.29369
4.20165
3.67838
4.86413
4.48496
4.42703
4.14449
4.93128
2.32163
4.40033
2.28869
2.41314
3.79858
4.85435
4.00872
4.84665
3.75222
2.78491
4.4601
4.68014
4.42589
3.76239
2.80411
3.27269
4.10736
4.43281
1.8189
2.63558
4.27583
3.9751
3.01117
3.66857
4.54056
4.49196
4.32366
4.09189
4.19641
4.13178
2.27763
4.74412
3.71431
4.14289
4.89233
2.91452
3.06458
4.76478
4.6223
2.98395
1.62456
4.50187
2.76735
4.44914
4.3748
2.48933
4.346
2.30276
4.59794
2.70817
3.86195
3.53071
2.9947
4.31521
3.08818
2.62586
2.36495
2.44664
3.00173
3.33553
3.8336
4.93343
3.89076
4.55662
2.48917
4.48384
4.34672
4.86134
2.43466
2.70582
4.37819
4.43154
4.85375
4.85854
3.87111
4.63216
4.36761
4.36917
2.96723
4.65098
3.88929
3.08449
4.35933
4.78776
3.59932
4.92901
3.85438
2.9391
4.45875
3.54229
3.88693
4.32525
4.96805
4.29027
4.93221
3.12187
4.67559
4.55242
2.73358
2.96464
1.53831
4.76357
3.82898
4.50693
4.44257
2.41518
4.434
4.4024
2.53605
4.6017
2.66361
2.82699
4.37418
3.9077
3.54576
1.54745
2.76533
2.48386
1.5624
3.44744
4.69486
4.50761
4.19673
4.95739
4.37689
4.36336
4.53357
3.04086
4.40652
3.00199
3.87021
4.69102
2.44083
4.43347
4.50458
2.51534
4.27281
2.42148
3.61274
3.00617
3.88648
4.35446
4.6387
4.9307
2.39785
3.05553
2.54483
2.78898
4.31763
4.87838
3.83797
4.22699
4.23114
4.95114
4.33706
2.4997
3.44753
4.34197
2.52632
4.99964
4.34303
2.75526
3.9035
4.62163
4.60556
3.90667
4.55071
2.881
4.62032
3.54755
4.30847
4.56568
1.64791
2.3695
1.62164
4.3364
3.69082
4.83728
4.38252
4.19282
4.93335
4.27675
4.84664
4.22302
4.19866
3.53784
2.66016
4.24068
4.98488
4.35095
3.90027
3.80808
2.92041
2.83924
4.29899
4.54061
3.47471
4.6514
4.50261
4.51748
1.39197
2.67652
4.38124
2.80853
4.16336
4.21981
2.18801
4.11305
3.51856
4.74727
4.87581
4.31152
4.91464
4.53163
4.63035
4.71486
3.15047
2.72996
4.53813
4.20513
4.40852
2.37937
2.37756
2.36613
4.23087
3.83723
2.83291
3.34445
4.55234
4.19982
2.91849
4.22744
3.42622
4.49001
2.76467
3.76722
4.08926
4.78122
4.65648
4.68753
4.94614
4.33279
4.29692
3.62032
2.6338
2.46121
4.41293
4.4288
2.91769
3.95034
4.08665
1.58838
2.84953
1.44593
4.70129
3.00526
2.60762
2.53156
4.60227
4.51199
2.92394
3.6245
3.79335
4.32342
4.26549
4.99819
2.6441
2.84027
3.61324
4.62629
1.58077
4.57598
3.73058
4.07158
2.43271
4.2522
4.43203
2.61936
2.50889
4.97323
3.81629
2.90135
4.57993
4.30509
3.47352
2.51005
3.72368
2.52212
1.50185
4.48146
3.94015
4.75749
3.89495
4.38288
3.99985
4.34976
2.76726
3.15423
2.64612
4.88861
2.57137
4.84529
4.3852
4.3704
4.52675
2.99662
4.52539
4.37421
4.34846
2.59147
2.40814
4.31619
1.53034
4.34398
2.93238
2.98578
1.49033
3.36376
3.71288
2.77737
2.3363
4.41885
3.46159
2.88268
2.30765
4.46364
4.18884
4.97608
4.20608
2.47682
4.21335
4.76484
4.29983
4.624
4.89462
2.78213
3.8525
4.441
4.92979
3.74579
4.35741
4.40058
3.81629
2.87365
4.40475
3.85335
4.95248
4.35932
4.05275
4.63229
4.32811
2.93807
2.51964
1.52685
3.54257
2.59955
2.345
4.46934
4.39013
4.25926
2.56429
3.62664
2.88271
4.74112
1.63819
2.99215
4.86532
4.54431
4.82012
4.41927
3.93398
2.56599
3.05424
4.43933
2.4373
3.15826
4.81779
1.545
3.02643
4.56858
4.44203
3.75552
3.00316
2.61542
3.6296
1.41008
2.62678
2.79462
3.47705
4.41885
3.47099
4.43338
4.35642
4.2432
4.42123
4.92355
4.18438
2.41808
4.06585
2.81107
3.63327
4.57346
4.63697
4.26789
4.92681
4.92767
1.47515
2.82116
1.5331
4.67735
2.91169
2.41916
4.65676
2.93579
3.41871
3.92165
2.81908
3.97992
2.38691
4.40158
4.59017
4.98795
3.49635
2.50026
4.40158
4.29645
4.61825
2.78036
3.83833
4.45725
4.35712
3.81599
4.82285
1.42603
3.89835
3.05971
4.5646
2.88996
3.07671
2.71616
4.48858
4.59843
2.90781
3.68122
1.69588
2.52382
3.76781
4.76443
4.49197
2.81582
3.64174
4.23774
4.34269
2.55775
3.10632
3.97042
3.83462
4.54338
4.52757
4.3916
3.38678
2.59818
3.75591
2.60286
2.96122
4.46155
2.63398
2.98504
4.38688
2.23804
2.69788
1.55581
4.40178
4.00385
4.34355
2.83734
4.91462
3.00795
4.69743
3.79631
4.03535
3.57005
4.90264
4.15438
3.38676
4.98549
4.56273
4.35852
2.49527
4.96001
4.25162
3.60562
1.61579
4.53034
2.47236
3.74339
2.70557
2.47662
4.30573
2.67027
4.30757
3.03723
2.53606
2.83037
4.47085
3.58449
4.17252
3.78365
4.01918
2.8151
4.61281
4.85509
3.31957
4.01975
4.93954
3.68537
4.7229
4.3493
4.54479
2.59692
4.3899
1.46266
3.76342
2.57019
2.93622
2.65523
3.54132
4.54406
2.86961
3.9917
4.35093
4.58186
4.62911
1.56066
3.11746
4.61923
2.47685
2.39222
3.3806
4.56424
4.32869
4.58774
4.36211
2.93055
2.51609
4.08681
4.29716
2.60206
3.46509
3.95008
2.37452
2.50694
1.71572
4.15508
4.14863
2.41021
2.96412
2.418
2.77467
4.06948
4.74458
4.62099
3.9693
4.56514
3.91863
3.73017
4.4305
2.8724
3.54416
4.93413
4.09804
3.55245
4.72175
4.32684
4.69763
4.25593
2.85241
2.42422
2.3933
1.41568
3.43146
4.10181
3.53172
2.79263
4.33163
3.76409
4.80682
4.01475
4.56077
4.55096
1.52903
2.86925
4.63863
2.45863
4.20948
4.12821
2.55214
3.38927
4.47806
4.10681
3.80809
4.30684
2.43175
2.99324
4.84154
3.0257
2.57879
2.45884
2.93046
2.22883
4.39393
4.34691
3.78479
2.66898
1.45074
2.31636
2.64736
3.09365
4.46853
4.45341
2.75528
3.83094
3.95716
4.88319
3.65303
4.23544
4.88734
3.32728
4.61777
4.19439
3.11423
1.57722
2.42902
1.58479
3.01773
4.0156
2.39651
4.03776
2.68104
3.00134
4.42909
4.38187
4.31836
4.98065
2.30826
2.54796
3.61276
4.56713
4.57573
4.50254
3.71675
2.77896
4.37744
4.68472
3.80299
3.42461
2.78317
4.44635
4.51194
2.47453
1.52075
2.51999
4.9655
4.25754
3.77146
3.62408
2.87489
4.21586
2.98846
3.87805
4.80238
4.44962
2.90294
2.91487
1.52605
4.61478
4.39634
4.38834
4.95172
2.45137
4.21047
2.35537
3.91599
3.60487
4.56601
2.5177
3.01668
4.33333
1.40996
2.29046
2.52053
2.64036
1.49996
2.60112
1.58199
2.41725
4.42563
4.62709
4.04532
3.90245
2.77685
2.76853
2.94611
3.1334
4.58749
4.28511
4.46901
4.45634
3.42531
4.20886
4.18982
4.30001
4.74418
4.06487
4.47134
4.68676
3.34793
4.62205
2.70472
3.65693
2.95838
2.36273
3.06845
2.44633
3.65867
4.25182
4.48823
4.61323
4.91864
4.26254
2.32305
2.33633
4.21595
3.66712
4.74831
4.40999
3.70853
4.37908
4.94884
2.96179
4.38085
3.58624
4.17944
4.57637
2.75421
3.56656
4.33537
4.92062
3.62949
4.22683
2.71753
3.29494
2.90987
4.67117
3.78508
2.86719
1.51833
4.47308
4.46479
2.65898
4.433
4.39458
2.44482
3.05259
4.47117
4.65909
2.47872
4.04796
3.67277
2.40401
1.35738
3.43102
3.09187
2.73342
3.19927
4.04052
4.29305
4.65794
1.41723
2.82648
4.42552
1.67453
2.9516
2.42723
2.67948
4.14887
4.47873
2.33126
3.66191
4.32598
2.9183
4.6476
4.81859
3.9679
4.32261
1.79836
2.35529
2.98823
3.5066
2.8121
3.94101
3.06739
3.78768
4.45559
4.6223
2.90457
1.53866
2.81251
4.32614
2.3488
4.35265
2.36275
4.44986
3.63847
2.9715
4.07371
3.87797
4.39258
4.86883
2.94843
2.54426
2.86405
4.28948
4.40172
4.4972
2.5573
4.13222
3.34667
4.1519
2.46788
2.74529
3.21705
3.79454
3.97426
4.70015
2.82979
4.33322
4.77363
4.85609
3.69646
4.45364
4.36463
1.58164
2.33305
4.51819
3.81312
1.73607
4.48495
2.93262
4.53188
4.91486
4.5617
2.76777
1.41518
4.43821
4.13262
2.51699
2.52506
2.27948
4.36741
3.80157
3.31671
2.8291
4.37071
4.15319
1.44354
4.01341
4.45101
4.43576
2.58653
4.42522
4.43607
4.90152
4.22289
3.34748
2.57833
2.63281
4.88971
3.86055
3.97631
3.04092
2.88186
4.52661
4.31864
4.54166
3.60847
4.44651
4.61825
4.87394
3.12959
3.09587
2.75793
3.91215
4.58864
3.81499
4.3658
1.6506
2.94301
4.533
2.57118
4.31407
2.52209
2.41181
4.6151
4.02865
4.68783
4.2313
2.95676
3.58478
2.65283
2.55134
4.80006
4.80124
4.75591
1.78148
4.57216
4.26234
4.54763
4.00869
4.64786
4.21531
2.42992
3.46509
2.35178
2.57368
4.53673
1.52047
4.58193
3.75862
4.47398
3.90957
4.36916
4.17509
4.30567
3.74509
2.60029
2.40072
3.67581
4.53389
4.45691
4.16009
2.8123
4.69436
4.84091
1.59549
2.93212
4.27636
4.55867
2.93228
4.37292
4.068
2.50602
4.13701
4.26307
4.25777
2.45
4.868
4.36367
2.54926
4.36449
4.59936
1.48758
2.93109
2.99245
2.90035
3.06825
4.65836
3.63055
3.95991
2.41516
3.8261
2.50362
3.77938
4.32672
1.54831
4.53908
4.14388
2.64987
4.46535
4.70666
4.33882
4.15908
2.46327
2.87716
1.51826
4.68498
2.93222
3.92263
3.69164
2.98337
1.47719
2.27499
4.31043
2.83833
3.61603
3.91383
2.34911
4.42121
2.63705
3.38941
3.43117
2.5837
4.34909
3.21486
1.31904
2.9148
4.7587
4.40885
4.4515
4.87479
2.82727
2.2986
4.22513
3.62873
2.27396
2.45459
3.63217
1.50097
2.89432
4.49377
2.80757
4.71167
2.93663
3.90033
2.49142
4.27495
4.37251
4.86382
4.41115
2.52401
4.99319
4.30182
4.28461
2.42525
4.77399
1.63995
2.99608
3.05354
4.64736
2.86215
3.00974
3.55224
3.77395
4.37123
1.44061
2.51441
3.91548
2.36502
3.7772
4.29214
2.44751
4.92272
4.25633
3.93745
2.86155
4.00201
4.54753
4.63133
3.03018
3.93034
4.36727
1.42255
3.53371
1.74402
2.42302
2.96495
2.59413
2.88464
4.33004
2.32565
4.19914
2.70415
1.47904
4.98532
4.47366
2.76998
4.02875
3.05898
1.64683
3.8119
2.43895
2.503
4.3895
3.48651
3.83613
4.23835
2.80283
2.48902
4.55821
4.76002
1.65908
2.78067
2.77344
3.07288
2.90917
3.51467
3.68392
2.45327
3.85865
4.35602
1.45127
2.64351
3.70067
4.57894
4.84651
4.04604
3.01863
3.93586
3.01928
3.89632
4.42325
1.38798
2.62309
3.08455
3.58486
1.5876
2.71261
3.00626
2.49808
2.99551
1.51796
3.74522
2.94638
1.33067
4.60376
3.08203
3.91043
2.5561
3.51762
3.65833
2.50276
4.57321
4.18837
2.83156
3.2263
3.83395
1.44313
2.96529
1.49763
3.98662
4.50735
3.05151
2.5768
4.36674
2.67002
2.51303
4.63166
3.33241
3.73181
3.54147
3.61715
2.6291
3.5853
4.90716
2.41687
2.61264
1.54722
3.84837
4.27761
4.0674
4.35748
3.80056
4.22538
4.88422
3.44188
2.40302
3.55242
2.68083
4.37846
3.00855
2.87438
4.15756
2.87775
4.27123
4.50239
2.37983
3.66582
2.49867
4.29032
3.4636
2.49788
2.82049
4.97357
4.59265
2.34795
2.99372
4.36941
2.71489
4.20528
2.59678
4.98264
4.4957
4.48814
3.98852
3.57601
3.84878
2.50038
1.45622
4.34649
3.8299
2.47827
4.69453
4.47392
2.74523
4.51811
2.7694
1.7208
4.53802
3.11844
2.50347
1.75019
3.77003
3.00846
2.52139
3.58778
2.4946
3.7311
2.61484
3.07583
3.134
4.49085
4.90276
2.66644
3.16803
4.41141
2.49733
4.31759
3.88988
3.59118
1.47602
4.35665
3.89745
2.39124
3.94713
2.51667
4.33105
2.47729
1.59722
4.38967
1.59144
3.50997
3.15389
2.45035
2.90859
2.51399
2.45836
3.8285
3.45508
3.99093
2.55264
3.92734
2.68141
1.61122
4.31316
1.53641
4.28961
3.01855
2.45197
3.13625
2.56199
1.41176
3.47694
4.62662
2.5908
2.80848
2.69201
2.9793
2.37849
2.87741
2.97918
2.63475
2.94862
2.4237
2.96951
2.64785
2.97715
2.58006
1.53368
2.63985
1.45048
1.48695
2.61506
1.46048
2.44002
3.01716
2.52529
1.47083
1.78066
2.41688
2.87255
