2.90014
2.71305
2.40181
2.70143
3.97097
3.76765
2.43232
2.5477
1.62092
1.58693
2.42118
2.47763
2.52449
3.8433
2.4461
1.58213
2.35015
2.49142
2.87775
2.39856
1.41125
3.65574
2.88839
3.97684
2.94919
3.65338
2.77586
2.79154
3.74109
3.50064
4.27254
4.20769
4.23402
4.2677
3.6906
4.44434
4.3465
4.9322
4.38028
4.75714
4.62197
4.47442
4.49733
4.32815
3.8875
4.55668
2.96307
2.7496
3.42497
4.43339
4.48686
3.50959
4.55638
4.31928
4.27916
4.62605
4.27089
4.23296
4.23212
4.49367
4.47719
4.16457
3.58906
4.94108
4.74998
4.9933
2.73128
3.86273
2.96323
2.93086
2.84899
3.57269
4.32056
3.42422
4.5935
4.2894
4.35527
4.56336
4.33556
4.39449
4.39726
4.00658
4.21009
4.61583
4.9399
4.30385
3.88087
4.68618
4.89284
4.75206
3.91451
4.94824
4.98399
4.62916
4.47154
2.99128
1.52109
1.56231
2.55834
3.56582
3.65584
3.0193
2.44084
3.44547
4.42281
4.44414
2.42649
3.90883
2.55287
2.96616
4.62267
4.17889
2.42788
4.4182
4.20738
4.24093
4.27966
4.91499
4.66115
3.90893
3.41049
2.89675
4.43232
4.03863
4.46271
4.96247
2.45833
4.70093
4.50326
4.32916
1.50472
3.59384
1.53252
2.86041
2.66851
3.07822
2.99491
3.78258
2.55408
4.52833
2.88403
2.46297
3.9309
4.33161
3.85692
3.44546
2.52198
4.39503
4.27347
4.99121
4.48514
4.4331
2.91805
4.8732
4.54323
3.75299
4.21658
4.6408
4.36177
2.39418
4.91059
4.37837
4.18895
4.67231
3.72359
3.60756
4.4765
2.86304
4.95137
4.13574
3.59797
4.34383
4.30119
4.24343
4.58805
4.90898
4.268
4.31704
4.77485
2.86313
4.59139
3.79283
4.25363
4.39628
2.45807
4.81786
4.73911
4.19433
3.87705
2.73785
2.66432
3.77123
3.42802
4.48159
3.09918
1.59679
2.65599
2.39779
4.29032
4.09626
3.93277
3.31169
4.53102
3.97818
4.52408
3.94147
1.38559
4.55698
2.80389
4.81121
4.81875
2.4239
3.53399
3.36565
4.25182
2.30688
3.85085
4.8304
4.17828
3.76493
2.69492
4.94136
2.37192
3.61773
4.17081
4.1271
2.8984
3.77027
4.61974
4.30043
3.57873
4.53988
4.39041
4.53516
3.55316
4.92991
4.9916
4.8927
4.39176
4.50887
4.29799
4.73125
4.16579
4.79691
4.98885
1.55571
3.06286
4.60516
3.12569
2.5074
3.99219
3.53576
4.41033
4.67089
2.48083
4.5476
3.01875
4.47223
2.57049
3.94409
4.3366
4.80749
4.61578
1.42303
2.71727
4.33032
2.74955
3.77226
2.38687
4.83713
4.86602
4.24496
4.94066
4.06995
3.65464
4.23089
4.05315
4.39476
4.85548
4.51339
2.96578
4.24283
4.32544
4.25556
2.6394
3.90984
4.51248
4.11751
3.55596
2.86708
2.87306
3.33795
4.20817
4.92027
1.57012
2.54446
1.49437
2.47682
4.33953
4.43643
4.21159
3.67711
2.91429
4.50183
2.82691
3.77209
3.73686
4.31946
3.59386
4.98367
4.99671
4.45204
4.51027
4.52743
3.57582
2.77056
2.50304
4.69339
2.52832
3.55432
3.23469
4.48641
4.32386
4.8626
3.87536
4.77387
2.44663
2.87164
4.33371
4.2183
2.76801
4.59819
3.92592
4.70272
4.11646
4.33198
4.93666
1.55605
4.65847
4.56568
2.79573
2.48539
3.16142
4.33356
3.53675
4.66521
2.58135
3.88573
4.41238
4.12365
2.79085
2.24074
4.303
4.31657
3.95652
4.64785
3.83495
4.80865
4.0934
4.8003
4.42595
3.8225
4.47119
2.58416
4.50244
4.95743
4.3737
4.14305
3.87472
4.19034
2.971
3.67377
4.58763
4.23849
4.45444
1.38794
2.85517
2.37642
2.55742
1.61751
3.05586
4.45126
3.55874
4.43006
3.91066
4.57151
3.20841
3.59933
4.384
3.85456
1.55742
2.94528
2.89768
4.57866
2.59232
2.71533
4.46906
4.57661
2.50103
3.29072
4.68877
4.39919
2.51726
3.00221
3.87767
4.5122
4.71043
4.36928
4.72448
4.67683
2.87015
2.35743
4.454
2.49903
4.15269
3.97546
3.42733
2.33355
4.08071
2.80353
4.32946
3.77516
4.98598
4.25741
4.53635
2.71055
4.37796
3.58254
2.29855
4.90885
4.17065
4.08909
4.41213
4.7661
4.29184
4.07216
3.59693
2.9382
3.82701
3.89428
4.69902
4.27317
3.45962
4.35771
4.73479
4.4808
3.56467
4.91609
4.87721
4.00907
3.91242
4.25319
4.62665
4.30638
4.79748
4.46755
4.86569
4.90129
4.43717
4.34782
4.97631
4.33646
4.90829
3.00519
3.69296
4.18349
4.32778
2.73136
2.87946
3.09677
2.57665
4.29929
4.49625
4.97997
4.52153
4.66913
4.95263
2.43045
2.62505
3.42984
4.93436
4.555
2.87115
2.2958
4.58777
4.27441
2.84119
2.73732
3.65214
3.95295
1.7796
2.53347
4.20982
4.92662
4.4729
4.62545
3.62916
4.45686
4.85824
2.88365
4.25536
2.95968
4.44386
4.37708
2.90492
1.68424
3.84172
2.5581
4.34153
4.70011
4.69391
2.29984
3.44009
2.47064
4.57112
4.45161
1.4034
4.07741
3.63233
4.1079
3.67645
4.15305
3.64064
4.95875
4.37547
2.9874
2.80404
2.31559
4.20049
4.31488
4.46209
4.59696
3.08124
4.35619
4.48125
4.96173
4.25468
4.18509
3.37043
3.91004
3.77121
4.55828
4.38969
4.96444
4.20231
4.37406
4.05701
4.06869
4.65581
4.44411
3.5365
2.48992
4.29789
2.97014
4.53437
4.50689
4.24041
2.7406
1.35994
2.31527
4.89878
4.56018
4.29872
3.66112
3.57684
4.05066
4.25654
2.59924
4.16864
4.00906
4.66826
4.36644
4.58806
3.16006
4.4507
2.43435
4.56773
2.87367
4.67795
3.96832
1.52584
2.84611
2.6192
4.28262
4.5372
4.36318
4.81338
2.79848
4.77402
4.33528
4.41375
2.60083
4.31242
4.94955
3.97749
4.94752
3.97113
4.4469
3.29054
2.34354
2.72971
1.72573
3.41007
3.89019
2.79938
2.49235
4.67862
4.5259
4.30061
4.9823
2.55859
4.25101
4.23817
4.84259
4.15068
3.41244
2.47273
4.49549
3.99784
4.97495
3.93089
4.70855
3.89042
4.4044
3.51004
2.40958
2.39948
4.53533
1.61245
3.15281
4.58917
3.14615
3.83217
2.6388
3.59506
4.18863
3.84803
4.40786
3.70137
4.98744
4.59637
4.5544
4.09501
4.46028
3.18324
4.8633
4.46575
2.31974
1.42668
2.84278
4.2846
2.44441
2.52947
4.87673
3.80978
4.04161
3.29099
4.58944
4.19352
2.74893
4.98677
2.74723
1.61647
1.51752
4.27314
4.35955
2.50466
4.40579
4.22688
4.15652
3.6551
2.36687
3.00271
3.80476
4.42351
4.48354
4.71298
3.18321
2.65321
3.83038
3.04362
2.99879
3.56023
4.33487
3.79004
4.05732
4.85256
3.29487
4.43437
4.8482
4.7105
3.92024
4.95816
4.77479
4.42551
4.46267
4.18528
4.99797
4.24121
1.54772
2.77201
2.39119
2.33091
3.62837
4.18686
2.80701
2.64637
3.0539
4.6575
4.27338
4.11444
4.79251
4.13637
3.77655
4.49749
4.67899
3.74226
4.69739
2.67009
4.30657
4.29263
3.91743
4.58686
4.48503
3.86429
4.77265
4.9919
3.92763
4.50562
4.46735
4.27357
3.78853
4.45076
4.28389
1.43617
3.88302
4.96861
4.24195
3.62188
4.64601
4.36112
3.05242
2.45117
2.41209
4.23614
2.79998
4.95903
3.80584
2.99121
3.74433
2.77613
4.52206
3.6822
4.36749
4.99404
3.44902
4.83003
4.37437
4.27059
3.62971
4.68401
4.96499
4.61524
1.5323
2.54485
4.41775
4.94792
4.42876
2.39248
3.38258
3.0185
4.34381
3.86563
4.31072
4.63456
2.39703
3.74123
4.57424
3.76726
3.96381
4.16513
4.36003
4.97715
4.50113
2.77885
1.51206
2.42576
2.51706
4.44783
4.34594
3.46304
2.91863
4.28839
4.53034
4.87113
2.3795
4.1354
4.56805
4.0843
3.79365
2.97859
4.48395
3.6963
3.75894
4.21162
4.98252
4.34868
4.90143
4.64483
4.47377
2.8568
2.94699
2.58513
4.40307
4.44545
4.90774
3.87497
4.11032
4.34759
4.59433
4.43182
4.29927
4.38818
2.58659
3.88785
2.95764
3.03058
4.27561
3.87361
2.59146
2.75033
2.81984
4.38994
3.80337
2.38765
4.8061
2.483
2.61097
2.52595
4.85011
3.31022
4.24334
4.15777
4.5771
4.41039
3.09023
4.23749
3.89288
4.48226
4.7412
2.99476
3.70754
4.39599
4.80337
4.52889
3.94357
4.42757
4.35385
3.64015
2.24784
4.60791
4.82264
2.75939
3.83109
4.55211
2.75416
4.29386
3.44754
4.44855
4.15537
3.60139
4.05598
4.19773
4.16639
4.97256
4.90697
3.80625
4.88681
3.38461
2.47507
2.41615
4.31875
2.86398
2.864
4.52206
4.63179
4.46367
3.45512
4.56638
3.90703
4.35053
3.70208
4.93752
4.40491
4.28005
4.42661
4.29515
4.14227
4.90657
3.94579
4.40654
4.11559
4.27335
3.84181
4.94239
4.38705
4.31191
4.58472
1.58866
1.46856
2.85844
4.35973
3.04382
2.63836
3.8062
3.89207
2.54988
2.99839
2.50708
4.32051
2.35879
4.33569
2.46203
4.26219
4.29132
3.5622
4.96242
4.68435
4.64964
2.97741
4.7743
4.64077
3.7475
4.90616
4.46554
4.35622
3.45961
2.97935
4.28373
4.63076
3.74009
2.5098
4.23863
2.45675
4.17245
2.87241
3.02335
3.95913
4.37657
4.52558
3.50749
4.51313
4.57391
4.56269
3.91963
4.58085
4.37713
4.24017
4.83218
4.28256
4.42714
3.95768
2.24338
2.52216
3.56767
4.32708
2.50702
4.58222
2.76491
4.50315
3.74047
4.55102
3.48719
4.62532
2.89373
4.18852
4.33466
4.78485
4.34471
3.93957
2.41823
4.26907
4.09738
4.30612
3.83227
4.89697
4.35148
3.8641
4.89677
4.30838
4.39452
4.72277
2.60823
3.47901
4.49464
2.39379
2.84223
4.14541
4.33761
1.52582
2.53215
2.93093
3.88227
3.77422
3.93644
3.59318
4.46718
2.83264
4.25649
4.91213
3.4684
4.48225
4.92582
4.6722
4.67832
3.71798
4.72948
4.99585
3.13236
2.99063
4.95508
2.48107
2.79027
4.5356
4.08103
3.10457
3.66423
4.42435
4.5001
2.57295
4.40074
2.96639
4.71721
4.52171
3.82668
4.89429
4.86405
3.89005
4.38433
4.6313
2.66921
1.67743
4.67506
1.38981
2.27307
4.20295
4.83677
4.19131
2.83561
3.52361
2.48209
4.08007
3.5837
3.92436
4.39386
3.5002
2.85514
2.4461
2.95158
4.40013
4.32884
3.92874
4.10546
4.83368
4.35892
4.65429
4.52898
2.52867
4.219
3.80114
4.29822
4.22277
4.31522
2.92453
4.99442
4.51007
4.2203
4.62466
2.31629
4.32918
3.90046
4.82324
4.19693
3.01196
3.52267
2.86108
4.51902
2.77102
3.77223
1.52037
4.52407
2.48789
4.42199
4.2185
4.68149
4.22999
4.06243
3.81797
2.85297
4.49235
2.59381
3.88274
3.61824
4.60502
3.85191
2.38999
1.54265
2.86785
1.47293
4.98147
2.54155
2.60697
2.64938
3.96785
2.92522
4.3221
3.55854
4.49496
4.59462
4.36345
4.24404
4.73971
3.77069
2.94115
4.73971
3.10265
2.67113
4.23954
4.35456
3.98765
4.57291
4.49762
4.5702
3.56154
2.90648
2.93632
4.46193
3.82645
4.2113
4.74729
4.11496
4.85309
3.46191
4.49377
4.53643
3.49128
4.86423
2.81648
4.5638
4.63331
4.26125
4.33254
4.9577
4.98689
3.75808
3.88382
4.53949
4.34344
4.41925
4.94145
4.27663
4.51953
4.28003
3.94915
4.28134
2.53308
2.90767
2.45574
1.63619
2.81313
4.41516
3.87911
2.81222
3.82987
3.80833
2.96775
4.40888
4.97395
4.87607
3.59474
4.24488
4.83165
4.99733
4.89624
4.60355
4.51295
3.30868
3.54635
2.72754
1.43485
4.56196
2.34173
4.15272
2.45073
3.59598
4.75808
4.10822
3.54837
4.38552
4.17463
2.34734
4.30722
2.76134
3.80043
4.62063
4.36938
3.74669
4.38675
4.19979
4.79491
4.16595
4.94712
4.93977
4.33825
1.69609
3.02721
4.529
2.67585
4.25693
4.43796
3.89194
2.46987
3.82744
4.69951
3.55697
4.55031
4.45384
2.57273
3.06738
4.78862
4.85251
4.37305
4.96013
4.33313
1.57468
2.91813
4.51222
2.96868
2.55266
4.37315
4.18285
4.31006
4.31298
3.95034
3.76537
4.49072
4.33011
4.16649
3.13419
2.51317
3.06937
4.96222
4.29229
2.62091
4.43501
4.40475
4.74996
3.16345
4.46339
4.54298
4.94544
3.44817
4.93901
2.91558
4.32638
2.78913
2.88013
2.60294
4.63717
4.25778
4.48088
3.54831
1.47349
2.36881
3.81699
4.89474
4.53542
2.52357
3.67978
4.31033
4.32653
4.43272
3.73896
3.9326
4.64078
4.40438
2.64906
3.5393
3.09185
2.68822
4.60363
2.94865
4.41886
2.98014
4.43592
4.37109
3.75237
2.47639
1.50397
4.21765
4.71447
4.30995
3.97554
3.77045
3.77666
4.27744
4.64703
2.51889
3.37204
4.55995
4.37011
1.50248
4.31248
3.88159
3.67275
4.23819
3.71929
4.78491
2.71043
2.40819
2.72847
3.3895
2.4093
4.8569
4.15206
4.1325
4.08668
2.92033
4.59382
4.58798
4.1334
1.49063
2.46537
3.6007
2.78168
2.39843
2.86072
3.67788
4.63456
1.42518
2.89431
1.38521
4.49782
2.41221
2.52294
4.24243
2.45508
4.28378
3.24437
2.76257
4.2651
4.41551
4.97448
4.46032
3.83822
4.92198
4.15474
3.78696
4.57234
3.70806
4.12998
4.42881
3.4886
4.91834
4.43001
3.56453
4.59013
4.83721
2.75785
3.85196
4.48
4.31317
4.14911
4.92244
3.03697
3.99475
4.55959
1.61874
2.75115
4.91978
4.49773
4.50239
4.00739
4.47048
4.46426
3.54756
2.967
2.41411
4.62153
2.79261
3.79997
2.53843
4.76949
4.4313
2.76257
4.33717
2.31725
4.11354
4.30579
4.92502
3.69251
4.29823
4.21511
4.57611
4.28909
4.52687
4.96929
4.83773
2.82768
3.67374
4.33836
4.17685
4.23852
1.45422
3.05704
3.47758
2.87734
2.46892
4.17236
3.6026
4.40461
2.25866
2.4356
2.37121
4.29143
2.89292
2.83647
3.79856
3.79974
4.56511
4.84103
4.27057
3.3656
4.69562
4.55196
4.04868
4.96159
4.26382
4.41333
2.36283
4.49937
3.00087
3.89138
4.56712
4.55476
4.6223
4.41055
4.57287
2.81801
3.44967
4.50304
3.71078
2.19926
4.17516
4.41511
3.57201
4.87036
2.49072
4.45445
4.38936
3.61075
2.43856
4.69327
2.97126
4.51856
4.56602
3.92086
4.38128
4.70343
4.73638
4.38874
3.36038
2.60419
4.03648
4.91626
3.82945
4.49155
4.45325
4.88394
4.13129
4.9561
3.53179
4.87434
4.67775
4.13408
4.95947
3.87371
4.89833
4.91184
4.96517
4.39637
4.22083
3.98083
4.33431
2.50604
4.43954
3.35265
2.71298
4.28415
4.48163
2.88163
1.44809
2.80767
3.71047
2.51368
2.54855
2.50701
4.30138
4.17599
4.67171
4.17223
2.9405
3.67645
2.73749
4.40001
4.50106
4.84887
3.75798
1.41275
2.63468
4.37181
4.41717
4.82749
4.23169
4.20221
3.92663
2.60979
3.00266
3.55461
4.70264
2.37597
1.46889
3.86279
4.65331
3.14711
2.40522
4.32545
4.46818
4.3058
3.90792
4.88057
4.2003
3.80113
4.39296
2.8705
3.79815
4.2549
4.95869
4.3932
3.61352
4.53353
3.4442
4.75787
4.99929
3.05282
3.72385
4.52263
4.69641
4.22885
4.15152
4.92932
4.96541
3.80366
3.81416
4.66654
4.42745
4.441
4.90185
4.89333
4.65341
4.43477
4.35703
4.27037
3.89933
2.47108
1.49181
2.70595
4.47745
4.40295
4.63412
1.55344
3.00657
1.41203
2.6986
4.43745
2.45257
4.38519
2.4273
3.96619
4.54497
3.75195
3.6319
4.57137
4.54768
4.28737
2.95043
4.70246
4.95306
3.83698
2.891
4.22169
4.96754
4.40847
4.80154
3.3854
4.51046
4.52967
3.41751
3.8397
3.84469
4.80254
4.34502
4.33311
4.94484
2.69941
1.38839
4.69839
2.40159
4.13045
4.87203
4.25501
3.7221
4.11769
4.98567
4.11549
2.61022
3.42482
4.53545
2.25259
2.83644
4.42267
3.05495
3.00215
3.05847
2.41422
4.32368
4.11317
4.32671
4.90899
4.27451
3.67813
2.97528
4.54258
4.40369
3.88518
4.24613
4.34049
4.81728
4.94862
3.65596
4.47566
4.2784
4.37145
1.60319
2.59534
2.61008
4.90603
4.39916
4.0966
4.2525
2.41279
4.3439
3.78798
2.76628
3.99678
4.98864
4.79552
3.55561
4.69015
4.47069
4.34128
3.58531
2.59357
1.48668
3.06993
4.02314
4.45484
4.67618
2.6248
2.98829
4.10704
3.99531
4.01008
4.37052
1.47183
3.0672
2.46661
4.60642
3.62013
3.09018
2.49856
4.32488
4.55345
2.47294
4.31587
2.94885
3.74409
4.50505
4.79742
4.61755
4.31772
4.09517
2.41714
4.45735
4.9792
2.43761
3.7034
4.20667
4.54681
3.71705
4.77864
4.89668
4.66893
4.05484
3.32229
2.81839
4.2633
4.12953
4.99936
4.40709
3.63793
4.45479
4.24353
4.71199
2.89811
4.21367
4.44497
4.44832
4.7833
3.68666
2.34559
4.24695
4.73416
4.16885
3.65691
1.55052
1.46662
4.54352
3.71679
2.80208
1.48531
2.85238
2.43774
4.26547
4.11491
2.43531
2.5496
4.17615
3.69211
4.92618
4.25235
4.49961
2.91819
3.40544
2.89445
4.58416
2.98031
4.35496
2.42224
4.47149
4.40626
3.92858
4.41464
4.41466
2.543
2.52006
3.89853
4.69788
3.6378
2.90887
3.80022
4.33835
3.81562
4.60793
2.91785
4.5031
2.54575
4.22563
4.16846
4.3989
4.26802
3.79832
4.437
3.88452
3.81699
3.72538
3.01315
4.30934
4.35481
4.90587
4.99214
4.79371
3.47437
4.5707
4.52441
4.53509
3.60577
4.51389
3.78029
4.17175
4.24828
4.83064
4.99796
2.99392
4.64756
4.3377
4.40935
4.9468
2.8674
4.58926
4.45601
4.30199
4.27461
2.42519
4.12547
4.26578
3.42407
4.16792
2.33589
2.46694
2.46029
2.96223
4.52539
3.67534
3.83376
2.98704
4.56142
4.2305
4.72462
4.60419
4.32794
4.50958
3.52854
4.45747
4.26859
4.21852
2.59527
3.27195
2.92675
4.68832
3.99532
4.46807
4.35976
4.97749
4.78556
3.8963
2.96226
4.76146
3.57269
4.39324
4.32344
4.05336
4.3885
4.33079
3.92048
4.98506
4.99998
4.06896
4.31862
2.46083
2.38735
3.53708
2.93
4.39731
4.50508
4.23392
3.80552
4.9061
4.53967
3.90209
4.57233
4.9399
2.8975
3.57055
4.64046
4.92406
4.35768
4.31148
4.93917
4.468
3.77406
4.90294
2.68065
4.47457
4.3475
3.97083
4.28065
4.25961
4.66001
4.83272
3.27544
2.43558
2.2901
2.76026
4.19339
2.85844
1.50554
4.48663
4.10743
3.61561
4.76144
4.22177
2.45064
4.93859
2.79999
2.36476
4.23921
4.65338
3.56068
2.9258
4.59884
4.45197
4.77463
3.96747
3.03756
1.62383
4.49747
4.58113
3.14056
2.62761
2.53253
4.85976
2.43366
3.59286
2.62079
3.58278
1.68322
4.86093
3.84877
2.90555
4.54813
3.97647
2.94561
4.54852
4.5379
4.03732
2.5807
4.40614
4.1629
4.01785
4.39851
4.43076
2.80381
4.17421
4.68209
4.15162
4.30161
3.53383
4.29705
3.61024
4.11651
4.83985
2.49913
4.38547
4.40183
4.87137
3.79448
4.48073
3.95749
4.345
3.50309
4.45696
4.35748
3.35573
2.90401
4.64631
4.56672
4.25593
3.51414
2.37903
4.54743
4.49957
1.63915
2.41889
3.13266
3.58304
1.60402
2.75001
4.55308
3.94754
2.91426
2.64228
2.53552
4.98029
3.02038
4.30576
3.95206
4.39088
4.42391
3.79455
3.54733
4.86872
4.16528
4.14075
4.61272
3.69906
2.95256
4.53363
4.60574
3.80428
4.27553
4.88908
4.27596
4.28569
3.46133
4.88421
4.6479
2.88545
3.87892
4.98124
4.46578
4.2816
4.68135
4.22029
2.32797
4.34295
4.19648
4.88688
4.22036
4.45864
3.64904
4.37943
4.59995
2.88619
4.32313
3.92007
4.84932
4.94998
2.54193
2.62566
4.90981
4.43116
3.51057
4.99734
4.54207
3.04948
4.90453
4.68271
3.85354
4.4055
4.63145
4.58305
2.65542
4.26862
4.22192
3.92001
2.39301
4.53841
2.85895
4.29567
4.63123
3.77645
4.48661
2.91675
1.40218
2.4794
4.21159
4.56816
4.26631
2.53175
2.92667
4.89949
3.44477
4.3223
4.36589
4.65586
4.58547
2.92166
4.42268
4.18078
4.92288
3.54835
3.89226
4.03601
4.47345
4.19582
2.41326
3.53929
2.79547
1.39506
4.04242
2.85559
3.66635
2.31642
4.50855
2.88729
2.41525
4.22821
4.40196
4.42839
4.96239
4.90779
4.186
3.49602
2.4103
3.5237
4.87209
4.61794
1.48517
2.81441
4.49309
3.74461
2.77959
2.40516
3.88983
4.39011
4.24059
3.73454
4.46537
4.94475
4.99553
4.20745
4.30527
3.92994
4.72914
3.93759
4.41958
2.42524
4.38348
4.19984
4.4606
2.90339
4.67869
4.31494
4.52992
4.66078
1.50023
4.14964
4.01301
4.28524
3.78766
3.60208
2.89381
2.62116
2.47261
2.45245
4.26333
3.06211
4.37033
3.06759
3.59621
2.57844
1.56406
2.51896
2.49385
2.48642
4.77184
3.90042
3.93629
3.10258
4.29494
4.58529
4.39959
4.91904
4.45838
2.54195
3.68206
3.07099
4.58472
3.92012
4.44337
4.5376
4.25146
4.84855
4.07181
4.33069
2.46085
4.17915
4.9658
3.66879
3.56959
4.4797
4.05375
2.87895
3.44801
4.60848
4.82136
3.47875
4.36233
4.27711
4.78315
2.87039
4.39061
4.64207
4.22534
3.88466
4.52785
4.5138
4.22204
4.38091
4.25314
4.60626
4.14133
4.90216
3.83414
3.5313
2.40007
2.88404
1.66519
4.57735
2.99787
4.39173
2.76037
2.45917
4.58447
3.87803
4.26499
4.35599
4.42302
4.81927
4.55207
4.34749
4.12169
4.60255
4.52533
2.92905
4.26504
2.37836
2.64169
3.71777
4.71729
3.90567
4.38251
3.55217
2.41718
3.11319
4.58368
3.98836
4.64904
4.38063
4.64447
4.56273
2.96649
2.51694
1.55618
4.35044
2.43036
4.22581
2.90752
3.50652
2.45673
3.32231
4.62099
1.37566
2.80063
3.89551
4.50796
3.88493
2.42979
3.03613
4.20655
4.36638
3.84144
3.57266
4.3318
3.98373
3.69622
4.4092
4.54445
3.46017
2.36362
4.26006
4.46235
4.15004
4.89289
4.49824
2.9221
4.49734
4.26586
2.48406
2.41427
1.69113
2.98274
1.50403
3.89007
2.83467
4.55614
4.47715
3.86047
2.61645
3.15742
2.39226
3.09179
4.5778
3.53341
4.32979
4.28156
3.80866
2.50237
4.47538
4.9296
2.34907
3.88589
4.99505
4.97734
4.46029
3.9158
4.32487
4.51336
2.72105
2.44945
4.36209
4.32578
3.69239
4.62431
2.90091
4.74353
4.60889
4.37629
3.82635
4.86861
4.88338
4.09179
2.36167
4.34742
3.7591
4.90212
3.0438
4.52412
4.52499
3.64509
4.27659
2.58034
2.47326
4.37801
3.70538
2.86653
4.53069
4.63877
3.82794
4.54179
4.19044
4.37457
4.90571
4.22266
4.35426
4.57739
4.90386
4.34944
4.42249
4.86439
4.24498
4.92236
3.86365
3.5227
1.51052
2.90942
3.74169
1.57891
3.01778
4.5242
4.9876
2.81043
2.38821
3.82724
4.20484
3.89778
4.28113
3.52814
2.59521
4.47583
4.17653
2.89673
2.56831
4.31192
4.1162
3.67896
2.94204
3.86443
4.23569
4.54803
4.61195
4.24668
4.94033
4.99601
3.33207
4.3123
4.34135
4.38977
3.52001
3.05569
4.42801
4.51078
3.97727
4.54658
4.2869
4.23151
4.36975
4.92515
4.24787
2.56236
3.9515
4.61897
4.27687
3.716
4.5313
3.51658
4.23646
2.98443
4.29253
4.27173
2.47291
4.50825
2.87047
4.66375
4.21019
4.61684
3.87802
4.40028
4.58031
2.42337
4.31581
4.76245
4.20071
3.79762
2.99525
2.75383
4.54327
1.45965
4.33023
4.68891
4.19389
2.96169
4.26402
4.95264
4.19066
3.78986
2.47901
3.67144
4.82541
4.31919
4.18959
4.49101
2.83233
4.31108
3.58043
4.38199
4.86196
2.58727
4.3797
4.90637
3.84578
4.44703
3.87151
4.27587
3.33495
2.32523
2.87818
4.98519
4.5622
4.21886
4.39389
4.93092
3.73064
3.05006
2.96506
4.32351
1.41187
2.48518
3.51588
4.27183
4.46664
3.5462
2.62946
2.72915
1.47585
4.64425
3.83969
2.82244
4.68643
3.84887
3.85419
4.55346
4.49348
2.97752
2.44523
4.35638
2.61223
4.19802
4.34248
3.81139
3.79395
4.66793
4.37447
4.97785
4.98719
2.45127
4.22379
4.34133
2.9997
4.58551
4.60899
4.32316
2.44844
2.48034
2.44046
2.50156
3.35999
3.83376
2.3488
1.43657
4.24115
2.48847
2.89939
2.56602
4.1729
2.8373
2.77233
2.79997
4.12207
4.31912
2.34255
1.52383
3.92589
4.34788
3.80781
4.85344
4.27279
4.31478
4.40421
4.2151
2.86893
3.79811
3.83812
3.76646
4.48418
4.75998
3.56709
3.49888
4.8408
4.27703
4.18556
4.93791
4.26755
4.58576
4.44185
4.30471
3.88778
3.91702
4.60924
4.29187
4.30236
4.58235
4.34103
3.99315
3.76784
2.89812
2.8499
4.93281
3.52542
3.42497
4.96071
4.24545
4.84744
4.37891
4.27752
4.21691
4.5433
4.24959
4.74093
3.67539
4.53648
4.85082
4.87979
3.51963
3.62222
4.93689
4.14672
2.84731
2.28026
1.46882
3.37243
2.41678
2.82001
4.38029
4.86481
3.74388
3.75765
4.61175
4.81648
4.24063
3.81374
3.75518
4.46805
2.61098
3.88488
4.23244
4.15564
1.5278
1.50098
4.99029
4.63378
3.8942
2.35029
3.57288
4.14615
2.4002
2.88378
4.75387
3.73957
4.16338
4.11114
4.33626
4.76411
3.94164
4.65318
4.47497
3.99596
2.69932
3.93244
4.42149
4.61465
2.78796
4.37613
2.91106
4.46193
2.40428
3.45124
4.16733
4.33647
2.73483
2.41999
4.5801
4.29181
2.91264
4.55311
4.23489
4.69758
4.295
4.54503
4.55076
4.57997
2.84032
4.54776
3.85755
2.4351
4.1303
4.18572
3.74029
4.29194
4.91026
3.22046
4.14638
3.98537
4.27835
2.99625
2.70572
1.50252
2.51806
3.47775
2.79631
4.42293
4.97609
4.12
2.71492
3.83906
4.98595
2.97419
4.50535
4.94245
4.49536
4.73983
4.37521
4.67734
2.45072
3.01388
4.58546
4.426
3.19826
2.65543
4.99033
3.85683
4.42348
4.35358
3.96242
4.25872
4.79363
2.56905
4.93924
3.77275
4.97468
2.83263
4.25053
2.66405
4.24666
4.03358
4.51241
1.62885
1.31122
3.0681
2.35295
3.58246
4.74515
4.23981
2.42823
4.11467
4.64279
4.92445
3.90571
4.15819
3.58121
3.89856
3.93905
4.38677
4.36367
4.36431
2.94126
3.14675
4.65874
2.87203
3.89574
2.57972
4.28288
4.4731
4.326
4.65594
3.57473
4.29303
2.47573
2.86009
4.27992
4.30266
4.57726
2.94797
1.61983
3.37581
2.7498
2.42986
2.97537
4.9671
4.54693
4.07284
2.41663
4.26643
3.64953
4.15988
4.39224
4.52474
4.72202
4.47653
3.83448
2.80584
4.91266
2.5076
3.35899
4.68478
4.21715
2.54967
4.15222
3.83601
4.4646
4.97957
4.32639
3.6749
4.6377
3.0905
4.56495
4.5653
4.71429
4.39639
3.14608
3.76638
2.5902
4.46421
3.91039
1.59867
2.68317
4.93104
3.72047
4.30537
4.47194
3.93487
4.52383
4.64667
3.92123
2.5734
4.42975
4.31541
4.43231
4.23434
1.38737
2.81405
4.74846
2.85668
3.88145
2.41631
4.93667
4.12237
4.30011
4.44394
4.04137
4.21717
4.3801
3.79776
4.26796
4.40491
2.31214
4.68256
3.68015
3.80448
2.86742
2.46139
1.4786
2.88733
3.66612
4.68622
4.691
4.35153
4.43762
2.57043
4.44584
3.97582
3.01076
1.5453
2.99215
3.92675
4.55015
2.65464
4.93861
3.47005
4.29799
4.43697
2.52507
4.82495
4.48345
2.97398
3.86167
4.47043
3.6484
4.26468
4.84656
4.36281
4.27138
2.42685
3.77985
4.47959
4.46936
2.83557
4.6848
3.95905
2.22194
4.7926
3.26219
4.2221
4.07192
4.09713
4.49697
2.29628
2.73398
4.82523
3.72664
3.0646
4.30643
4.23925
4.44499
4.61537
4.58852
4.55405
2.83539
4.95421
4.47988
2.53136
4.83597
4.3513
4.22753
4.26007
3.77543
2.8336
2.66056
2.85325
2.567
2.20871
3.89809
2.41539
2.26508
1.48985
1.47487
3.71904
2.61669
3.83488
2.50789
2.85578
2.92591
2.44185
2.97647
3.75335
3.79274
4.40717
4.39103
4.94643
4.4254
4.29767
4.48543
4.52454
2.83565
4.49625
4.60781
4.94249
3.56552
4.2982
4.19274
3.47395
4.71082
4.27545
4.9941
4.31075
4.35132
3.79899
4.68798
3.81675
4.85916
4.14377
4.92347
4.99088
4.35519
4.23051
4.4526
4.46624
2.98999
3.05087
3.63715
3.91247
4.98402
4.61392
4.85294
3.40619
4.04892
3.67595
4.45779
4.33472
4.16795
4.70451
4.39439
4.06185
3.66183
4.84168
4.84607
2.93778
2.60074
1.42771
1.49904
2.78502
4.01878
3.0258
2.57753
3.4593
4.49863
4.57733
4.33922
4.2248
4.36533
4.90275
2.88723
4.34562
3.78644
3.88486
4.23099
4.72383
3.68871
2.40649
2.36065
4.28451
4.27917
4.40148
3.10465
3.91838
4.79258
4.59762
4.50282
1.46965
3.44746
1.57054
2.56413
2.81401
2.48348
2.97182
4.51052
2.99729
3.79243
2.45605
4.12062
4.84723
3.65398
4.22707
2.45345
4.2166
4.33785
4.25591
4.52608
4.52266
3.77148
4.09854
4.60625
2.78856
4.97063
4.29712
4.55987
2.5204
3.54875
4.37062
4.43166
4.91366
3.44954
4.25827
3.80881
4.56245
2.88144
4.86017
4.55283
4.33019
3.95929
1.37144
2.56235
2.38344
3.90903
3.70057
4.3573
3.08933
1.7447
3.01131
2.54243
2.83629
2.62786
3.04167
4.80235
4.47631
4.02403
4.88112
4.8748
3.66923
2.82112
3.97417
4.45419
4.21156
4.46705
3.64318
4.98687
4.33379
4.75895
3.50842
4.52696
4.49859
4.99844
4.58236
4.471
4.99556
4.27397
4.43344
4.98828
4.22639
3.8664
4.18223
2.96779
1.57232
4.52207
1.4701
3.82489
4.55954
2.3595
4.04452
4.3649
2.50511
3.52171
2.67902
4.38115
4.48444
2.48094
4.49475
2.95961
4.33234
2.48103
4.0211
3.63362
4.5045
4.2747
3.77099
3.67564
4.2061
4.11647
4.31648
4.26274
4.86056
2.934
1.59493
2.6424
3.07933
3.85306
2.55616
2.40459
3.42218
3.67632
4.04852
2.83213
2.49874
4.44547
4.60323
4.90963
4.25709
3.94674
4.4886
2.51778
2.50784
4.95539
4.23833
4.95806
4.5041
4.59032
2.98947
4.68189
4.52329
3.89878
2.99697
3.63276
4.35252
4.58583
3.91336
4.26068
4.97629
4.2871
4.97606
3.87685
4.31476
4.51043
4.17532
4.45419
2.46227
3.46968
2.40047
4.9122
4.57688
2.7849
4.40847
4.54497
3.73817
4.5586
3.29939
2.91356
4.27062
3.73962
4.30573
4.46237
4.09154
4.36737
4.14885
4.32598
4.74151
3.78699
4.54844
4.95019
2.32484
4.03771
4.47117
3.62218
3.07407
2.96174
3.54295
4.48639
4.38759
4.63007
4.99336
4.63111
4.51468
4.21496
2.51098
4.88666
4.02101
4.34641
4.3911
4.56523
4.59666
2.79803
2.87482
4.35052
2.44875
4.44286
2.49651
3.80655
3.36619
2.83173
4.31208
4.35772
4.9363
3.77487
2.84914
4.11314
3.78777
4.28584
4.86747
2.38801
4.55129
4.39265
2.95394
1.53996
3.86595
4.80761
2.90933
4.27856
4.88639
2.50636
4.33317
3.63601
3.5722
4.47326
2.37637
3.86008
4.96422
4.28572
4.29046
4.36712
4.36065
1.66253
4.58027
2.77436
3.84318
4.20943
2.48613
4.29965
4.56682
4.81395
4.4329
1.91387
2.65588
2.46297
1.47737
2.67933
4.41185
4.08063
4.90028
3.3966
2.89435
3.92726
4.23598
4.99073
4.70311
4.25823
4.92893
4.35203
4.525
4.37478
3.11016
2.83254
4.38913
3.68715
4.61495
4.09181
2.74312
4.40046
4.67149
2.45987
4.53467
2.48393
3.03475
4.21775
3.81322
3.53369
4.8415
2.6623
4.26774
2.84793
4.88623
4.89427
4.71
4.31351
4.04535
2.78436
2.88719
3.7674
4.41376
4.20234
4.2669
3.51535
4.12295
4.29939
4.68133
3.37123
4.92772
4.83864
4.57656
3.83299
2.97079
4.09126
4.73747
4.4586
4.47609
4.26298
4.32296
4.20754
3.16066
3.16686
2.61325
4.35605
4.57529
3.47412
4.52399
3.27327
4.47529
4.89644
4.85952
3.79952
4.19453
3.57829
4.92635
4.15782
2.55485
2.43866
3.48265
4.40713
4.54634
4.24761
2.39671
4.44746
1.52217
3.69299
3.0174
4.68152
3.16443
4.35553
2.96888
2.51603
4.69709
4.47844
2.82813
3.61267
4.57898
1.54767
3.8529
2.48773
4.08339
3.80215
2.29273
4.45797
2.30907
4.97931
4.38263
3.76994
4.61591
4.68006
2.90829
4.48659
4.58427
4.85699
4.11268
4.05155
4.86325
4.38253
2.63341
2.53775
3.47285
4.22148
2.79615
4.48365
3.90007
3.87344
4.90005
4.59163
4.3295
2.37681
1.54828
2.82523
3.59626
4.29352
2.37293
1.43917
1.49367
2.47413
4.43977
3.71251
4.89524
4.87661
4.967
4.71807
2.78376
2.69642
4.27408
4.53621
4.11265
4.87364
3.26556
4.49231
4.34121
4.23097
3.78193
4.55144
4.52276
4.57356
4.22221
4.83312
4.99316
4.19067
3.72662
4.60713
4.21898
3.94812
4.74744
1.60391
4.68062
4.5774
4.16973
2.45311
4.36378
4.12123
2.40797
2.42373
3.33644
4.69521
4.22977
2.93432
2.27607
2.81693
4.40039
4.05992
3.70708
2.9621
4.83075
4.50465
3.88504
4.21867
4.40667
4.08022
4.85798
4.33515
4.98073
1.39516
3.59706
4.87995
4.10442
3.60838
2.77731
3.30985
4.97462
4.28123
4.99513
4.70029
4.42678
4.59405
4.57234
2.74601
4.11533
4.2245
3.96601
4.77526
3.16504
4.51517
2.74617
4.39251
4.67979
4.38124
4.94136
2.81653
3.6425
2.99647
3.61606
4.57294
4.10551
2.44817
4.93722
4.14217
4.80336
3.63257
4.08495
3.60679
4.50874
4.63973
2.71846
2.81706
4.53586
4.20189
4.99525
2.26473
2.31698
4.05469
3.36521
2.79854
4.10497
4.41273
4.98662
4.67326
4.51901
4.68803
4.41286
4.79361
4.83951
1.56215
4.05473
3.90074
4.52974
4.30809
2.59569
4.5136
4.45334
3.93605
2.44495
4.1687
3.91269
4.93237
2.89417
2.39856
2.54092
2.94948
4.31858
4.25348
4.94371
4.77886
3.93592
4.98594
4.31863
4.2854
4.25201
3.41109
4.3045
4.34046
4.9886
3.89441
4.54732
4.42805
3.00873
3.86829
4.31182
4.46159
2.99378
4.45784
3.36505
4.96769
4.29036
3.75008
4.79416
4.52019
4.22453
4.36687
4.19564
3.68553
2.27097
4.40589
4.14419
3.72347
2.8304
2.67928
4.71841
4.35127
4.39995
3.45734
4.62465
3.71522
4.20127
4.97992
4.59664
2.37152
4.34899
4.23123
4.44784
3.74548
4.89797
2.44618
1.57617
2.4919
1.55132
2.47512
3.48485
2.8124
2.50956
4.18528
4.13831
3.83676
4.53987
4.32774
4.85722
4.91777
4.31779
4.23441
2.41639
4.26644
4.96192
3.93996
2.92048
2.95358
3.68653
4.51001
3.64295
4.58779
4.75697
4.70933
4.21899
4.76091
4.21357
4.34271
4.91095
4.56187
3.92762
2.47962
2.63822
4.14413
2.63398
4.32302
4.39463
3.97971
4.43313
4.95596
3.0586
4.78329
4.31779
3.96212
4.35612
3.69161
4.7412
3.06816
4.50553
4.22439
4.81366
4.29551
4.98556
4.36618
4.60908
3.94953
2.83895
2.52192
1.34723
2.41141
4.11599
3.65875
3.44297
4.79277
4.46654
4.4501
4.25188
4.95278
3.03564
3.79584
4.39115
3.74153
4.23984
4.06314
3.26182
2.35942
4.90228
4.10425
2.52761
4.04107
1.58323
4.60365
2.87538
3.52217
2.73952
1.6615
2.61771
2.55649
4.56199
3.50898
3.96329
4.48604
2.95473
2.27362
4.03831
4.9085
4.4228
4.30605
4.59418
4.70974
4.09812
4.22506
4.42792
4.80171
2.69647
4.93502
4.11895
4.98092
4.66542
4.16013
4.52081
3.18582
4.91643
4.33305
4.69661
2.57529
2.61853
4.68034
3.73622
4.62038
4.35263
3.12359
4.93568
3.86305
4.81378
4.83157
4.38612
3.82052
1.40858
2.54646
3.86588
4.64607
3.50314
1.69526
4.57555
3.77892
4.36347
2.52586
4.38929
2.89344
3.79255
4.93411
4.96769
4.23192
2.96057
4.61443
3.89255
4.35072
4.81964
2.61209
2.36402
4.23602
2.95849
3.6355
4.58567
4.44243
4.49688
3.78653
2.97752
4.66292
4.17931
4.3283
4.29524
4.63608
3.85108
2.52308
1.45202
2.94768
2.84943
3.72559
2.91431
4.3164
2.52248
4.33874
4.46817
4.34464
2.88641
3.55246
4.56236
2.40091
4.41424
4.24864
4.56357
4.2383
4.73344
4.31296
3.64889
3.71871
4.16156
2.5219
4.3796
3.79852
4.8744
4.14301
2.92197
4.29089
4.50386
2.63412
4.87096
2.95832
2.53575
4.31107
4.87598
4.54382
4.44327
3.57412
4.43737
4.36662
4.26645
3.89351
3.8143
3.04857
1.56914
4.49553
2.59776
4.61591
4.30351
3.11784
3.68216
4.04564
4.27563
4.8716
3.57705
4.57497
4.42969
4.29893
2.93739
4.46167
4.42813
2.3743
3.4537
2.36437
4.16097
2.55546
3.84742
3.94698
2.86903
3.86941
4.24021
4.86645
4.5892
4.68586
4.38304
2.46582
3.02143
3.5591
1.46575
4.90197
4.72461
3.90888
4.42341
3.92351
3.29638
2.40651
2.46172
4.38208
4.33274
4.38737
2.84227
4.5791
4.69988
1.59435
3.07759
4.42407
4.68246
2.58165
4.36394
3.8692
2.87467
1.51059
2.92754
2.55081
2.98469
3.8694
4.54027
4.33881
4.36779
4.60197
4.88945
4.24979
4.26334
4.83706
4.44562
2.83351
1.56879
3.84333
3.76394
4.94834
2.54214
4.15498
4.08848
2.49967
2.51666
2.3603
3.0955
4.54877
4.53199
3.64211
2.80986
3.70174
4.38733
4.73159
4.95846
4.88109
3.82795
3.96227
3.74516
3.01079
4.15201
4.40228
4.26398
4.78427
4.42023
3.30436
4.50466
4.70873
4.50082
3.65476
3.68959
3.8149
4.59139
4.24956
4.30263
4.24057
4.3847
4.76605
4.8896
2.52628
3.03237
4.3281
4.35436
4.84892
4.61835
3.83398
4.9836
4.28647
4.97436
4.24149
4.98641
2.46808
2.5043
4.97207
4.31357
3.04144
4.53248
4.40576
3.81103
3.91776
2.84431
4.50363
4.70195
3.46561
4.20691
4.5538
4.18483
4.9335
4.71345
3.75221
4.9615
4.95207
4.27216
4.42455
2.39231
3.65002
4.53199
2.76212
4.6566
4.37286
3.77005
3.63272
4.38682
4.28279
2.74613
3.40642
4.24962
4.72028
4.40953
4.26361
4.17786
4.2474
4.83391
3.83505
4.52834
4.87139
1.62852
4.21943
2.44061
4.27496
3.82052
4.98528
2.48734
2.35249
4.20845
4.60731
3.70469
2.79473
4.19438
3.22767
4.83742
4.5645
3.55336
4.4613
3.72934
3.71132
4.11589
2.85296
2.41569
4.78408
4.95879
4.61646
2.66218
4.39128
4.22791
4.06338
4.67492
2.97595
4.60996
3.76549
1.51952
2.89135
4.41058
2.81454
4.4618
3.77391
2.48497
1.45254
2.57513
3.36693
2.69779
2.4483
4.39736
4.88299
4.13552
4.38902
3.54667
4.39244
4.38276
4.94861
4.2074
3.97367
3.86098
2.72923
4.98432
3.81787
4.60177
4.32448
4.18641
4.95037
2.69842
1.45875
2.75
4.25331
4.16243
2.43333
4.32659
4.07838
4.98522
4.98539
3.08468
1.4261
2.81523
4.49471
4.42999
4.95354
2.3447
4.16541
2.51127
3.88447
4.37718
3.83957
2.74351
3.60154
4.72092
2.92931
4.17476
4.14476
4.2616
4.37338
2.41628
2.90653
4.75952
4.41336
3.99343
4.50899
4.45187
2.54255
4.29118
4.36698
4.95405
3.87966
2.57524
4.1028
4.58588
3.4995
3.09228
4.31738
3.70877
3.70677
4.20203
4.26805
4.23237
4.55929
3.64035
4.51492
2.41159
4.5046
4.21269
4.64795
3.31684
2.24215
2.87327
1.56037
2.78978
2.59665
2.34943
4.59747
3.74048
4.10061
2.73953
4.52581
4.11985
4.61831
4.51033
4.95833
4.0838
4.90434
2.42587
3.53891
2.42014
4.76532
4.64207
1.57705
2.81553
3.71494
4.51404
2.52944
4.90789
3.10457
4.40346
3.9466
4.24972
4.06479
3.84443
4.41289
4.22911
2.50817
4.27956
4.4106
4.50038
4.37533
4.40977
2.99052
2.49845
4.44926
4.41885
4.95147
3.70689
4.00906
4.9985
4.44673
4.78615
3.95793
4.72735
4.08053
4.0212
4.64268
4.4182
3.81745
4.27564
4.9152
4.34562
3.18127
4.43356
4.60338
2.4164
3.86269
4.47117
1.52797
4.14158
3.71426
4.65342
3.92804
4.25279
4.31407
4.17751
3.68832
2.43501
4.97259
2.48308
3.5554
2.83158
3.02726
4.38495
4.67071
4.38673
2.42047
3.11911
4.54318
2.51299
4.82411
3.68894
4.31611
3.75822
4.07465
1.44042
2.44655
4.18732
3.62521
4.57271
4.377
4.09454
4.88469
3.52929
2.90786
4.62037
4.24681
3.0284
4.58847
4.31385
2.95116
2.74591
3.24974
2.46097
4.92969
2.39081
2.83878
2.95271
2.90799
4.19742
4.57299
4.21401
4.96718
4.27128
2.41819
4.81962
1.5482
4.66503
4.13206
4.70447
3.8655
4.49
4.60253
4.09078
4.26081
1.57507
2.81101
1.63595
4.25269
4.54258
2.33888
3.70643
4.69179
2.83048
4.63691
3.09401
3.46272
3.806
2.91979
4.39675
4.34844
3.99515
2.43895
4.31892
3.41131
4.29076
2.53817
4.25044
4.24878
4.99449
4.53603
2.87637
4.91042
4.53632
4.23082
4.6115
4.16671
3.98503
4.69993
3.31305
2.6716
4.33248
4.29804
3.91477
4.92681
2.93718
4.30888
4.56917
4.37649
3.90727
4.37161
4.10012
4.58267
2.49637
2.566
4.36575
3.60352
3.03323
4.57414
4.70848
3.8955
4.95261
4.97899
4.61601
4.4564
4.93448
4.8927
4.31461
3.78301
4.77008
1.62461
4.41854
3.82673
3.82111
4.40305
4.01797
2.89792
2.90405
2.63544
4.78649
2.87946
2.5126
2.98201
3.69927
4.3442
1.57499
2.34464
4.86037
4.31836
4.29602
4.31668
2.73716
2.78243
4.44627
4.00299
4.5708
4.30574
4.44816
4.11204
4.13474
2.53104
4.78801
3.8246
3.95019
4.67865
4.40306
3.02459
4.30403
4.99781
2.70923
4.24133
4.88489
4.42818
4.5564
4.36886
4.12969
2.60024
3.73327
3.18721
4.7898
4.50799
4.47437
3.85967
4.83616
4.97216
4.91537
4.42934
4.97643
4.43177
3.98966
2.51335
2.6634
3.92976
3.61829
1.5793
4.40702
2.44449
3.64092
2.66301
4.50923
2.6995
3.00801
2.33047
2.51904
2.95897
4.3231
3.00127
2.64306
1.4657
3.77887
4.53039
4.65268
4.0158
3.1784
4.64081
2.77794
3.84436
3.36973
4.95821
4.12298
4.20241
3.70603
4.63637
4.47467
4.4981
4.62601
4.89727
2.6902
3.96228
3.728
4.74151
4.34577
4.10292
4.34815
4.36519
4.17984
4.41846
2.89175
3.05838
4.44319
3.93584
4.68139
3.62515
3.50012
4.50646
4.87661
4.48761
4.16026
4.36474
4.70742
4.0788
3.6487
4.94285
4.76154
3.46974
1.5323
4.18352
1.45124
3.4352
2.40931
2.62086
2.36074
4.95545
4.29751
3.6627
3.65958
4.99596
3.1721
4.96773
3.82733
4.47845
3.69997
3.81248
2.88501
2.90776
4.64093
2.55664
3.27272
4.87702
4.16056
2.77415
4.81553
2.46728
3.7304
4.33946
4.31669
4.60006
4.5387
1.51724
4.016
4.28888
3.89926
4.48869
2.45075
4.01608
4.5115
2.87843
3.01797
4.39241
4.55376
4.39902
4.26318
4.425
4.6875
2.7128
3.51
4.18101
2.98755
4.79762
4.39224
2.35045
4.52113
4.31543
4.40046
4.78657
4.3735
4.60753
3.62597
2.63888
4.28523
3.8135
4.20322
4.23052
4.57577
4.18536
2.797
4.974
4.1701
2.33795
3.46659
2.55672
2.78179
4.98015
3.42374
4.57097
4.41234
2.85154
4.46636
4.6201
2.89065
3.7602
1.48888
2.7446
2.43269
4.75975
3.53091
4.24824
3.80326
4.39254
4.29637
4.54932
2.74592
4.94939
2.55492
3.91325
4.47504
3.16981
4.39168
2.52246
3.85564
4.2322
4.33935
4.5555
4.86956
4.58413
4.37697
4.3124
4.33351
3.945
2.77559
1.41555
3.75351
2.93222
2.46122
3.57502
4.22748
2.42534
4.4655
4.71035
4.2752
3.66046
4.83612
4.16726
3.80874
4.99784
2.82252
2.40266
4.28032
4.17028
4.44598
4.34046
4.53269
2.54666
2.91826
2.93317
2.3585
2.9187
4.25573
4.74157
3.81898
4.37233
4.92545
4.74436
4.36473
2.55977
3.5781
4.44903
3.04596
2.70277
3.75542
2.3553
3.72212
4.14899
1.4821
2.38734
3.92218
4.93588
4.62433
4.38014
2.48673
4.31347
4.57853
4.30902
4.69336
2.83271
4.51515
3.43578
4.89638
2.55428
4.57698
4.93911
4.23147
3.88007
4.24334
3.74402
4.41878
3.14724
2.95621
4.49178
3.787
2.64976
3.67681
3.9632
4.36371
1.53912
4.36675
4.66171
3.41133
3.30607
4.20556
4.27389
3.56911
2.33124
4.42667
4.57491
1.59157
3.85643
4.96727
2.91226
2.41432
4.51206
4.23655
2.77867
4.28109
2.84597
2.91922
2.43339
2.40624
2.95155
2.53688
2.40359
2.37383
1.48471
4.30325
4.42063
4.06381
2.55694
1.57546
2.63242
2.952
4.5212
2.60018
2.9949
2.82572
3.8064
3.65132
3.86829
3.15551
4.91767
3.49845
4.30552
4.41125
4.93015
3.39427
4.99362
4.69908
4.1741
4.27243
4.51547
3.77816
3.92749
4.96023
4.38065
4.96659
4.70964
4.27225
4.35456
4.20594
4.05577
4.94391
3.70842
3.8051
2.91629
4.68254
4.92004
3.67463
4.39538
3.4732
4.57354
4.17702
4.23398
4.50469
4.14218
3.73607
4.97389
4.98779
4.96309
2.97735
1.53604
2.36407
1.50587
3.86105
2.91803
2.38866
3.02392
3.85488
2.82799
3.94547
2.60896
3.15497
2.38177
4.87894
4.70985
4.21822
2.54378
2.48356
4.12461
3.59689
4.41066
4.58268
4.64697
2.91478
4.29164
3.78095
3.37484
2.94415
4.26649
4.59496
4.80463
3.86585
4.37936
2.33662
4.3986
4.93868
3.68354
4.37447
4.68479
4.15343
4.35933
4.14894
3.35942
4.41584
4.27027
4.47984
3.12989
4.54427
4.58103
3.83434
3.62421
4.66934
2.8417
4.31802
3.83201
4.27707
4.43771
4.18034
3.96453
4.66147
4.96028
2.38396
1.63057
2.64307
3.67183
4.29783
2.94818
4.96118
4.02355
3.45415
2.86759
4.42298
4.53476
4.52196
4.44663
1.66259
3.95573
4.57109
4.44937
4.84453
2.53553
3.76317
3.54506
4.57047
2.41157
2.84289
4.45455
4.43511
3.97134
2.91929
4.39613
4.18958
2.9014
4.91871
4.15845
2.42785
4.39721
4.09661
4.65401
3.84268
4.65666
3.83962
4.33395
4.27231
4.14703
4.55746
4.98327
4.39779
4.92759
2.3432
3.90515
3.44396
4.2091
4.52793
2.42842
4.82016
3.74514
4.14241
1.44988
3.62718
2.76127
4.3566
2.53808
4.49644
4.97767
4.1301
4.42872
1.35209
2.46392
4.23082
3.39208
2.74453
2.5868
4.37019
1.89469
2.56002
1.53377
2.64724
2.78815
4.34561
3.9609
2.88988
3.79968
4.95742
3.03387
3.92011
4.34236
4.28842
3.66768
4.95948
4.30732
4.15697
4.36751
4.74534
3.40331
4.4197
4.94266
4.64097
2.76204
4.67939
4.00564
4.33999
4.14173
4.34673
3.8746
4.41016
4.61353
4.38215
3.05874
4.46808
2.68858
4.28245
2.45109
3.02174
4.27417
3.58054
4.59012
2.35372
4.39942
4.64322
4.35898
2.91756
2.48572
3.67995
3.98834
4.75334
4.6573
3.65139
3.8676
4.40825
4.44222
4.41127
4.33544
4.87914
2.91916
4.67245
4.4547
3.45088
3.67473
2.51749
2.99627
2.45617
3.889
4.0939
4.46918
2.59793
4.26427
4.25509
4.63075
4.52717
4.90589
3.8551
4.092
4.61459
2.77182
3.44523
3.91778
3.09301
4.86128
2.81147
4.01396
3.2309
4.12675
4.49503
3.99325
4.08926
4.98462
4.52337
4.64616
4.13533
4.74184
3.62684
4.81573
4.31937
2.80138
3.64063
4.51763
4.38356
1.60998
2.42716
2.97642
2.85314
3.54482
1.31982
4.38546
4.17946
3.90553
2.48389
2.79257
2.57623
4.87822
4.46368
4.27178
4.29269
2.36162
4.10698
4.88097
4.68984
3.76427
3.10383
4.2121
3.70607
4.99489
4.6295
2.60386
2.55907
1.53045
4.391
4.33803
4.17255
4.44916
3.07575
3.78074
2.9079
4.50825
3.73484
1.55579
1.46096
2.76467
4.63624
4.75348
2.39451
3.98263
4.21213
2.46947
2.72619
4.20639
4.41019
2.50706
3.79974
3.47427
4.49421
3.69482
4.29261
2.48681
2.9668
3.67331
4.85513
4.81046
4.92061
4.39787
2.75751
3.86185
4.23815
4.50518
4.43345
3.60542
4.33835
4.69419
4.52758
3.47691
4.89027
4.94705
3.88184
4.58107
4.49414
4.46604
4.16342
4.36706
4.31704
4.79327
4.39693
4.97737
4.95127
2.40807
1.60059
4.9231
4.95211
3.84161
4.35398
3.83812
3.46958
2.95505
2.99656
1.49379
4.59988
4.37126
2.63464
4.60449
4.43093
4.38585
3.99508
3.80316
2.58825
3.05526
4.33945
3.73672
4.09927
2.53912
4.27828
4.91604
4.08637
3.71776
3.99723
4.52067
2.6314
4.29809
4.33007
4.21434
4.57912
4.99713
2.79052
2.79177
3.69071
4.20936
2.46841
2.65243
3.46033
4.21646
2.88154
4.0372
4.40598
4.98011
4.69937
3.01605
4.72025
3.95927
4.66072
4.3804
2.60129
4.40546
4.48315
3.80609
1.47791
4.24193
2.53147
4.72878
4.20768
2.87233
2.49103
1.6002
2.79933
2.49449
4.46378
3.81667
3.04493
2.83714
3.68046
2.84522
4.10877
4.11879
4.69277
3.38575
4.38647
4.30442
4.47174
4.62394
3.67648
4.69405
4.84819
4.49563
4.41711
4.90627
4.42088
4.07902
4.50045
3.76136
4.35086
2.87031
1.6109
4.96057
1.4163
4.00383
3.77876
2.55415
4.53752
2.49909
2.60961
4.65964
4.3048
3.58102
2.89531
4.30623
2.3498
2.93609
4.4658
4.6553
4.45306
4.48231
4.02436
3.8161
4.21516
4.27253
4.91191
4.39319
4.43088
4.48275
3.82629
4.48211
3.83178
2.49575
3.01342
2.4504
4.20254
3.06075
4.33147
4.93246
2.42497
2.4678
2.388
4.21481
3.63141
4.48886
4.5475
3.76756
2.9086
4.15203
3.78633
4.89055
4.54127
4.2926
4.70158
2.96732
3.57966
4.94445
4.71943
4.43682
4.04859
4.54003
4.46485
4.12503
4.11768
2.35712
4.85683
2.50144
4.99077
4.40676
3.7694
3.09762
3.06844
4.47617
4.60804
4.61359
3.55843
4.41386
3.72268
4.27377
4.97076
4.28529
4.38692
4.38655
4.52936
3.95479
4.89209
3.56273
1.50925
3.49515
2.9041
2.47545
2.77321
4.41071
4.9767
4.6589
1.50418
3.70077
2.48586
4.2408
2.43528
4.13586
3.61361
4.92007
4.58778
4.92528
3.84015
4.33366
3.78678
2.94162
3.06019
4.39459
4.63705
4.47905
4.29468
3.85702
2.86283
2.558
3.78722
4.37733
4.35812
4.33301
4.52249
2.85941
2.60748
4.96509
4.25682
3.86356
4.34851
4.23775
3.60064
4.64515
4.95559
3.70419
2.4043
1.53652
2.91814
4.62503
3.77066
2.90854
2.435
4.29513
4.31634
4.82461
4.41793
4.07075
4.75894
4.01198
2.65593
1.6457
1.52199
3.75337
2.91223
4.69321
4.57062
2.93745
2.95717
2.47292
4.4933
4.2212
2.45946
3.59732
4.7253
4.38815
2.97994
4.74263
4.94209
3.74208
4.38489
4.21921
4.08275
4.11394
4.92369
2.46684
3.70964
4.47388
4.64441
4.14057
4.08914
4.19365
4.47727
1.3685
2.88822
2.92907
3.68664
2.33972
4.8817
4.28822
4.13554
4.24252
4.39054
3.38625
2.52041
2.86939
4.5522
3.86402
2.72102
4.5195
3.9763
2.43653
4.41249
4.21734
4.84433
4.34377
3.77987
3.01762
2.6659
3.11741
3.56336
4.518
4.67173
2.57795
4.41239
3.85767
4.59396
2.98601
4.58397
4.38449
4.80415
2.47802
3.46804
4.44342
4.57144
4.18824
3.7656
3.7241
4.69082
4.74355
4.02788
2.20616
2.70921
4.98334
4.72528
4.41801
4.27839
2.54131
4.22117
4.84065
4.42508
1.55723
3.76577
4.96862
2.96257
2.5025
4.58789
2.86723
4.22589
2.96757
2.69512
4.46748
3.37634
3.77685
2.3278
1.37632
2.38646
3.43288
4.32617
4.02427
4.01907
4.29595
2.18229
4.1127
4.88175
2.67133
3.8234
3.64729
4.89159
4.76129
4.71615
4.02723
4.2315
1.4854
2.50466
3.84775
3.51164
1.62225
2.97255
4.6258
2.99946
3.06103
4.29688
2.41956
2.57696
4.39778
3.55109
3.0316
4.62551
4.33095
4.68889
4.88035
3.8817
4.49081
4.39758
4.03601
4.32029
4.34527
4.84712
3.75164
2.44341
4.74234
4.82985
4.12029
4.18696
4.38336
4.26136
1.46108
4.54862
4.40959
4.3889
2.47171
4.6203
4.21186
4.22506
4.97836
3.30305
2.80807
2.28638
4.46199
4.5682
3.88499
2.76004
3.72839
4.38558
4.2743
2.4191
4.35042
4.77697
3.63407
4.19764
1.66
2.53013
4.26431
2.98681
2.53588
4.29332
3.57404
4.42194
4.8808
2.53218
2.63275
3.8029
2.83528
2.88508
3.89015
4.5424
4.54181
3.58978
4.53631
4.55631
4.39967
4.29546
4.16794
4.44491
4.55898
4.83969
3.71416
4.86898
4.46807
4.94849
4.28758
2.37007
3.52474
3.93826
4.73298
2.81359
4.34156
4.47641
3.70728
4.55238
4.37387
3.35734
2.67473
4.19448
4.30852
4.33509
4.15206
4.79055
4.1844
4.51265
3.74364
4.7479
1.66332
2.76644
2.50519
2.95304
4.41476
4.47825
4.76473
4.80289
1.41452
1.38948
2.2982
2.32143
2.20185
2.33385
4.19927
4.22622
4.44007
4.11539
2.79772
3.30317
2.81435
3.97698
4.40074
4.58036
4.94894
4.94099
3.82242
3.83899
3.90534
2.70756
2.88332
4.33699
4.5105
4.40751
4.33429
4.98939
3.46342
4.56897
4.48207
3.3364
3.76891
3.74123
3.69139
4.5102
4.62126
4.21325
4.20788
4.26172
4.16823
4.83108
4.94917
4.69118
2.50177
3.16492
4.44259
4.34552
4.27906
3.53137
4.19905
2.36402
2.5593
2.794
3.88118
3.63806
2.92284
4.51471
4.64271
4.36705
4.56092
3.55301
4.65962
4.03578
4.37472
4.92994
4.49834
3.96197
4.48053
2.42833
2.50344
4.14725
2.57769
4.35811
2.94428
4.54707
3.98402
3.87581
4.68862
4.31392
4.96232
4.62161
3.00475
3.62665
4.30883
4.15426
4.93465
4.38974
4.27032
4.5404
3.87288
4.75722
2.96028
4.98751
2.49895
4.35027
3.30375
2.28972
2.67399
3.82009
4.20687
1.36925
2.95711
4.96793
4.21135
3.66152
2.3881
3.69629
3.68237
4.5429
4.30459
4.60124
4.48708
3.12763
4.38514
4.35452
3.43356
4.54127
3.81661
3.79229
4.40742
4.24094
2.47418
3.50469
2.40582
4.32604
4.29851
2.86246
3.74811
4.40679
4.95387
3.83911
4.16753
3.0065
1.60752
2.50469
4.03182
4.35381
4.82875
2.43229
2.5468
4.36125
4.50068
3.62503
2.67653
1.55641
4.75409
2.95409
2.92935
4.74655
3.78985
2.96906
2.51845
4.60893
4.45606
4.35138
2.82152
4.55563
3.80733
1.68333
4.19539
2.34546
4.08732
2.62536
4.79024
3.75467
4.08284
3.8739
3.28255
4.38719
4.97976
2.87431
4.24741
4.42042
4.38764
4.65874
2.46711
4.87237
1.54153
3.62608
3.81659
4.21498
4.42891
4.25714
4.63553
3.95433
4.35162
1.63781
3.04843
4.40957
2.65856
4.46077
4.42166
3.94358
2.53322
3.89837
3.73278
4.77216
4.51275
2.94247
4.77415
3.74224
3.01561
4.33172
2.54209
4.37858
4.35407
4.57048
4.92351
2.52401
3.69204
2.71579
4.64199
1.50347
3.04901
4.04885
4.65831
2.99135
2.67119
4.43192
3.88502
4.53419
3.78717
4.3158
4.22115
4.23733
4.1371
4.58984
4.67079
4.19216
2.83135
4.79978
3.63952
4.27208
4.18896
4.21163
3.58071
4.4175
4.07087
3.79051
2.47219
4.28343
3.89375
4.39603
4.31239
3.76453
4.46878
4.44801
3.33929
4.65174
2.87507
4.23058
4.61911
4.10404
4.33789
4.24956
2.78927
2.99412
4.45155
3.64278
4.09177
1.43963
2.41019
3.57067
2.36673
3.72036
4.96352
4.34882
4.09996
4.39853
4.79206
4.50229
3.21438
4.48667
4.94996
2.41468
3.58713
4.35382
4.31294
2.90866
2.98939
4.75797
3.77712
3.93543
2.37299
3.94749
4.3974
1.46141
4.4067
4.61601
2.48453
4.77224
3.8113
4.41256
3.84262
3.48237
3.49782
2.51346
3.61187
2.5953
4.28798
4.36997
4.35809
4.56995
4.66558
1.52043
4.026
4.97532
2.74644
4.08566
2.86898
2.4598
4.36138
4.49444
2.93143
2.48487
4.2545
4.2036
4.10137
2.84392
4.93761
2.74461
3.69574
4.47671
1.4848
4.39224
4.92274
3.78558
2.37074
2.45938
4.44887
3.86055
4.40188
4.91231
4.65586
4.39903
4.73796
3.01092
4.36454
4.43091
4.85965
3.65256
4.89609
4.61564
2.87185
2.81786
3.88695
4.52159
3.82651
4.36975
1.4103
2.56864
4.28771
3.80623
2.41003
4.53777
3.60942
4.90153
4.51323
3.82404
3.89404
4.28476
3.36267
2.54886
3.55183
4.18326
4.31235
4.40586
1.55861
4.58239
4.48839
3.65611
2.99296
2.87525
2.78437
2.40414
4.36098
4.61998
4.17671
4.37954
2.47364
4.30249
4.38367
4.86958
3.072
4.51133
3.79895
1.48169
2.90422
1.49691
4.68178
2.70871
4.38529
4.10859
3.11505
2.53628
2.34463
4.5618
3.04225
3.769
4.9332
4.30324
3.70165
4.16046
4.2193
4.25713
4.41804
4.4625
3.69132
4.96899
4.83191
2.70182
4.31705
4.37887
3.43132
4.7039
4.19371
4.81812
4.58029
4.92836
4.37038
4.2384
4.08598
3.88878
2.79381
4.69978
4.54358
3.68003
4.24571
4.77709
2.49552
3.35783
4.58496
4.46745
2.97291
3.65222
4.57167
1.37896
2.3583
2.81681
3.38409
1.53557
2.47732
2.91926
4.32719
4.28775
3.75601
2.87793
2.46871
4.32141
4.25543
4.42065
3.84761
4.27422
4.37288
4.14661
4.92082
4.83392
4.67862
3.85036
4.5396
4.60533
2.99887
2.52494
4.23316
4.2425
4.86684
4.23377
3.49829
3.95819
4.4975
3.01491
4.29177
4.98491
4.49869
3.91887
2.35369
4.53568
4.49107
1.47373
3.60868
2.87455
2.91362
2.45324
4.47137
4.18483
3.06663
4.35394
2.90194
3.47095
2.33065
3.77358
1.57268
2.5839
4.2684
4.49001
3.80278
4.91999
4.91262
4.64399
4.42115
4.25747
4.17651
2.37773
4.30973
4.2857
3.80602
4.59919
4.59985
2.98335
4.97248
4.21542
4.56261
4.95322
4.28931
4.88231
4.15441
3.40345
2.80647
4.7005
3.7918
3.62883
4.88458
4.65212
4.03866
4.76462
3.68561
3.94814
2.92553
4.21335
4.91822
4.55889
3.76078
4.40277
2.61022
3.1453
1.50089
2.53633
4.94303
3.08124
4.09604
4.42675
4.30051
4.54555
4.91406
4.97781
2.29815
4.62567
3.94484
3.87139
4.42761
4.34744
4.69344
2.28935
3.40905
4.30608
4.19995
3.70536
3.96607
2.88901
1.70349
4.34604
2.842
3.80173
2.48302
4.71624
4.31455
4.17172
2.63082
3.64541
4.58373
4.42203
2.61778
3.69821
4.63379
2.98062
4.72923
1.71893
3.03251
4.47914
4.67012
4.53905
4.12577
3.18015
2.50896
2.32413
1.44093
2.92914
1.44433
2.73971
4.50132
2.99882
3.78
3.57858
3.85723
2.56416
4.64682
4.46758
2.95043
2.45233
4.35802
4.34219
4.26986
4.42677
4.25719
3.90054
4.94819
4.29902
4.65168
4.18755
4.85791
2.45207
4.15821
3.97575
4.61052
4.73375
4.44629
4.2698
2.87164
2.45801
2.57415
4.18984
4.34643
3.61437
4.44204
2.94673
3.89227
4.71416
4.86642
4.26539
3.72564
2.59456
1.59137
2.60912
1.43236
4.91086
4.34241
3.69328
4.5235
4.13695
3.71984
2.41025
4.95705
2.62563
2.33467
4.32434
2.68376
4.353
3.35972
4.50205
4.00509
2.62603
4.28393
4.63806
4.18338
4.3111
3.33512
2.50468
4.47738
4.48691
3.97806
4.98407
2.87177
4.2335
4.77285
4.38244
4.77529
4.34984
4.1832
2.40931
4.83597
4.33378
3.61506
3.65376
2.96332
4.49006
4.4754
3.70976
4.13432
4.85745
4.98118
3.49411
2.28864
2.17852
3.4986
2.60916
2.44754
4.9854
3.06527
4.26092
2.89785
4.46421
4.72852
2.51617
1.41449
3.83395
4.0437
4.2836
3.88005
4.77154
4.30027
4.45744
3.98624
4.87277
4.12253
4.51505
3.75982
3.7001
4.33941
4.79931
4.1566
4.22726
2.9074
2.99152
3.60931
4.42489
4.67531
4.68859
3.38908
3.58387
4.80631
4.9545
4.97731
4.97507
4.09843
4.36946
4.21902
2.35576
2.69329
4.30457
4.49553
3.64903
3.8847
2.45767
1.60128
4.35785
3.92039
2.4915
3.11783
4.89085
2.46579
4.36854
2.97212
4.50986
4.41021
4.19818
2.98117
4.54481
3.74346
4.72826
4.38314
4.90403
4.1707
2.6617
3.74967
4.99694
4.88901
4.30016
4.07304
3.99452
3.85537
3.07052
4.31958
4.65698
4.69936
4.93562
3.60498
3.3424
4.42912
4.94033
4.39479
4.24251
3.22039
4.14423
2.47217
4.09233
4.21493
2.81551
2.5067
1.4701
3.50417
3.09104
2.37146
2.72949
3.94667
4.75882
3.69385
4.57211
4.57827
4.38188
4.5435
4.3264
4.39773
1.57563
4.9212
4.49446
4.47128
4.62056
4.45685
3.94195
2.57905
2.89542
1.6627
4.28817
4.00475
4.86718
3.98887
3.16732
4.80089
2.60812
2.66663
3.84797
4.18982
4.36805
4.84084
4.35749
3.78854
4.41341
3.02991
4.96312
2.50115
4.11826
4.12477
2.44362
4.45549
3.81771
4.29348
2.9327
2.35504
1.42583
3.08003
2.48801
3.50867
3.01188
4.45446
4.31326
3.01736
4.64505
4.76847
4.54566
4.05602
4.36283
3.68779
4.50567
4.381
2.88961
4.68835
4.15547
4.32981
4.92891
4.26162
2.51385
3.73829
4.52028
4.95657
4.07866
4.47981
1.60442
3.73081
4.0195
4.56757
3.11882
2.35506
2.63155
3.4766
4.37973
4.15273
4.41115
2.51223
2.84173
4.42826
4.72908
3.87044
2.34088
2.32349
3.51467
1.61525
4.26033
3.73908
2.75065
3.97695
2.54238
2.80245
2.6679
4.14569
2.48041
3.01643
3.89588
4.66807
4.19943
4.39394
3.84319
4.65166
4.76604
4.87362
4.04491
4.41945
4.43907
3.67772
4.89037
4.29584
4.38936
3.79738
4.33286
4.32845
4.86603
4.98881
3.31953
3.72757
4.86699
4.00321
4.64425
4.86158
4.33088
3.36649
4.12008
1.40582
3.41473
2.82759
2.44606
2.95294
2.5337
2.83468
4.38105
4.68982
4.15295
3.78397
4.40081
4.2076
4.98804
4.50013
3.69407
4.68277
3.08377
3.8439
4.6145
4.66385
4.3691
3.9658
4.46157
4.63764
2.69116
3.80636
4.96215
4.19655
4.40516
2.97501
1.56614
4.97768
3.13282
4.44341
4.10071
2.65422
4.32865
4.48487
2.40046
3.69636
4.80113
4.24127
2.88986
4.97733
3.87665
4.20987
2.40703
4.41827
3.00396
4.9484
3.83403
4.47314
2.52395
1.4951
1.55394
3.50799
2.59032
3.12151
4.31041
4.55434
4.38998
4.56447
4.18818
4.20685
4.25075
4.88846
2.28875
3.87853
4.23439
2.83045
4.64102
4.53636
4.44742
4.42147
4.72728
4.51614
2.86831
3.90355
4.62634
3.73929
4.7544
2.548
4.31437
4.22027
2.53335
3.51139
4.37871
2.40593
2.89984
4.67616
4.44166
3.73904
2.79686
2.39125
2.85144
2.4168
2.86946
2.47945
3.96175
3.99139
2.59378
2.49146
1.55016
4.46314
4.39642
4.20623
3.80593
4.46678
4.37
4.29311
4.95457
4.11275
4.45042
4.53819
4.87765
4.26075
2.94744
2.99541
4.51026
3.90684
4.4485
4.45652
4.97281
4.84874
4.95032
3.5761
4.32573
3.49884
4.51419
4.32576
2.76948
2.38583
1.55551
2.47828
1.69265
2.59189
3.54794
3.68727
2.93277
2.56643
4.19708
4.49354
4.24077
4.42822
4.34206
4.92705
3.94618
4.82115
4.1606
3.73337
4.18842
4.2576
4.95511
2.43779
4.2243
4.90594
4.40215
4.13403
3.8553
4.45891
4.58251
2.90385
4.62215
4.45196
3.74829
3.40666
4.23837
4.37932
2.82914
1.45533
2.36317
1.58173
2.44384
3.86186
3.34523
4.17938
2.79966
4.26799
4.49645
2.94278
4.99131
4.63079
4.70644
4.25435
4.34406
4.34422
3.68127
4.48345
2.40946
2.83327
4.9703
4.37096
4.90592
4.27116
3.01487
4.51228
2.92466
4.48586
3.8021
4.68125
3.04843
3.8804
4.65678
4.32595
2.46034
4.48914
4.21573
4.94399
2.49933
3.7092
3.54222
2.93892
4.18579
4.79944
2.57725
2.85075
2.54805
1.46082
2.55369
4.37058
2.71219
3.71058
2.40659
4.73246
4.29599
4.28934
4.79565
4.78184
3.71267
2.39686
4.90395
4.97996
3.79584
4.34122
4.26567
4.29463
2.50789
3.45524
4.27482
4.39678
4.93003
4.40302
3.85306
4.51411
2.8911
4.7214
4.42661
4.44869
3.77832
4.13322
4.50822
3.46184
2.86805
1.41297
2.70832
4.00361
4.71296
4.27866
3.65245
3.06158
3.78855
4.39989
4.12925
4.25543
4.57023
4.39437
3.91054
4.87476
3.968
4.40012
4.41601
4.46331
4.31161
4.11904
3.91591
4.06376
4.94963
2.42827
2.73414
2.86991
3.64751
4.67369
4.58828
2.70091
4.31486
4.14314
4.97286
2.54198
4.33466
2.36114
2.80565
4.1774
3.75051
3.28418
4.5489
2.48426
3.12986
4.4899
4.54272
4.62022
3.60689
4.90585
4.86317
4.08861
3.67212
3.41285
4.38515
4.32521
4.33908
4.54211
4.47022
4.05242
3.81823
4.89015
2.67747
4.88291
4.65546
3.51145
4.59126
4.39591
4.38165
3.63332
4.9753
2.92054
4.6118
2.37624
4.99903
2.56313
4.26208
4.33378
2.4306
4.47313
4.36152
2.39184
4.44505
3.92134
2.87959
3.95344
2.86885
3.84362
4.48835
4.65315
4.41218
1.39211
2.38097
2.86474
2.52477
2.70629
3.60376
1.71167
1.57902
2.94022
2.15689
2.39165
1.48689
4.31112
4.85156
4.75858
4.85296
4.80282
3.71308
4.97646
4.83421
4.94231
4.6915
4.58414
3.71146
3.04355
2.65997
4.21191
4.4373
4.04904
4.29078
4.28465
4.45058
4.13202
3.26461
4.37423
4.4157
4.6175
4.61868
4.26368
3.61133
2.55892
2.83749
2.94096
2.65738
4.59665
4.27868
4.95674
3.58753
4.93568
4.13129
4.27258
4.20799
4.23732
3.83674
4.88593
4.17452
4.44383
3.52879
2.40915
4.24372
4.86731
4.41641
2.84157
4.55196
3.81051
4.42125
3.84444
4.42919
4.58704
2.79474
3.39548
4.18284
4.51118
3.10817
1.60314
2.72921
4.9278
3.66109
4.1296
4.21816
4.12915
4.51716
4.37272
4.79942
2.69984
4.35848
4.78243
3.6567
2.29077
3.35945
4.13652
4.41203
3.77262
2.97468
4.84773
4.36226
4.26047
4.81991
3.77049
2.60465
4.4796
4.5915
4.37948
2.31374
4.36615
4.60759
3.04672
3.95758
3.86305
1.41622
4.41053
2.92546
3.05633
1.56118
2.57611
3.62244
4.04025
4.54188
3.05102
2.43597
4.68989
2.40126
1.36805
4.56934
4.38642
2.75252
2.84339
3.86646
4.75295
4.40965
4.50495
4.48797
2.61087
4.44172
4.10372
4.86422
4.37939
4.62405
4.20789
4.98007
1.77476
1.50182
3.03891
4.79756
4.67127
3.85371
4.20424
2.39481
4.25962
4.40514
4.87119
2.61256
2.49641
3.77206
3.6614
4.72047
4.45962
2.94975
1.54749
4.35451
4.42134
4.95699
4.92696
3.49024
4.1591
4.80142
4.26078
3.81341
2.90024
4.61057
4.65981
4.35888
4.43849
4.34806
2.68259
4.07585
4.99477
3.81689
2.8361
2.76266
4.53489
2.92193
4.58951
4.33333
4.10275
4.83495
2.56529
4.3046
2.3898
2.32643
3.78624
4.63654
4.29035
3.60748
2.647
4.56538
4.08996
4.89849
3.97573
4.00359
3.64257
4.90048
4.99674
4.97489
4.2865
4.79752
4.07814
4.38949
2.39249
4.3479
2.41676
4.25407
4.36944
4.63313
3.66128
3.97849
2.83356
2.86586
4.30129
4.6122
4.56417
4.6757
3.35194
4.61831
3.53395
2.37234
4.69287
4.6845
1.46755
2.79622
3.01853
3.0836
3.72933
1.66201
4.35284
2.57099
3.92052
2.97502
3.77625
2.52632
2.8289
4.35693
4.12075
4.37005
3.90492
2.49944
3.49199
4.66312
2.48646
4.27473
4.79117
4.52638
2.97183
3.91771
4.88945
4.51503
4.28332
4.58362
4.98431
4.43093
4.44053
3.15397
4.19777
4.74652
4.63372
4.55969
2.55118
4.37392
4.14446
4.45559
3.96486
2.63859
2.946
3.95159
4.67609
4.69897
4.39914
2.60364
3.1251
1.5216
4.65248
4.40618
4.38821
4.25071
2.64455
3.08303
2.52297
4.24858
2.6043
3.96576
4.32281
3.94767
4.54177
4.95935
3.63148
4.67905
1.58484
2.85856
4.34788
2.40226
4.9641
3.85567
4.8787
2.69739
3.83363
4.40866
4.14231
3.77322
3.67651
4.9647
4.31463
4.06623
4.25596
4.58624
3.10503
4.36265
4.51735
2.31706
1.36505
2.62795
4.50361
4.7539
2.89258
3.66462
2.26683
1.59204
2.44981
3.50032
2.81425
4.68055
3.66889
3.62315
4.22732
2.75529
2.3667
4.73951
4.4468
4.92858
4.19532
4.24413
4.39501
4.17059
4.39775
2.91411
4.41842
4.18779
4.71781
4.97897
3.89301
4.62408
2.55677
3.7567
2.53665
4.22067
3.08648
3.91672
4.4976
4.61626
4.92294
4.48949
4.48941
4.83604
4.10647
4.3432
3.87428
1.52587
2.89903
4.6617
4.31571
3.8801
2.97854
2.54353
3.76667
4.22924
4.34928
3.74245
1.59839
2.8179
3.58443
4.62467
2.67388
2.47597
4.1534
2.61515
3.51425
4.27003
2.51342
2.83695
3.8805
4.40588
4.56994
4.56873
4.09189
3.58885
3.55967
4.2312
2.6367
4.58205
3.05052
4.81651
4.42674
4.49048
3.90257
4.42284
4.13482
4.1838
4.2402
3.90695
4.51865
1.51657
4.36612
3.75158
3.7899
4.264
3.76936
4.84831
2.47706
2.97692
2.93671
2.80581
2.34151
2.67057
4.49956
3.4389
2.27891
2.49656
1.64489
3.55281
3.52716
4.09033
4.34212
4.01194
2.87189
4.34948
3.8343
4.57836
4.29866
4.82079
4.64624
4.26562
4.85873
2.88773
4.44349
4.58741
4.20684
3.83044
4.95167
4.64894
4.88905
2.65731
4.10282
4.26575
4.22848
4.35487
3.8758
2.26137
3.57028
3.73978
2.47492
2.45698
1.43402
4.3122
2.42846
2.78017
2.95452
2.4483
4.41486
2.471
2.40535
2.96994
4.30711
2.39249
1.5567
3.71548
3.99143
4.34449
3.9355
4.68575
3.74695
3.76932
4.57935
2.90468
3.53569
4.34946
4.2637
3.41509
4.96325
4.13219
4.35551
4.47079
4.26335
3.05621
4.70862
4.54361
2.89204
2.9725
3.63316
4.85806
4.2622
3.53239
4.47637
4.61225
4.28289
4.74213
4.30485
4.65137
3.75266
4.8482
4.89251
4.18871
2.77306
2.38386
2.36113
1.36414
3.54457
3.33126
2.71659
3.71783
4.06142
4.97581
3.34401
4.01274
3.77291
4.92288
4.65369
3.63333
4.69282
4.51215
1.59085
2.96227
4.34781
2.35086
3.46657
4.24713
4.20415
2.39799
2.78521
4.94781
4.46044
4.12612
4.66885
3.98596
4.32999
2.97741
2.69877
3.81588
4.40789
2.79643
4.43235
3.21387
4.95771
4.4441
4.81198
4.52359
2.92053
4.72226
3.76389
4.89384
4.09966
2.63413
4.40127
4.53827
4.51627
3.97285
3.03399
2.37226
2.58172
2.9601
2.40512
4.23522
3.64735
1.47211
2.54057
2.40956
4.33774
2.51969
1.62976
2.50405
4.32738
2.96168
2.85708
3.02724
2.67854
2.80453
4.36564
4.7447
4.66566
2.62975
3.68175
3.75034
3.68367
4.41381
4.44566
4.80016
3.36335
4.84235
4.11567
4.86217
4.32022
4.13324
3.75201
3.92846
3.3687
4.06661
3.68392
4.33425
4.52333
4.31015
4.34683
4.78666
3.69745
4.05888
3.9634
4.59695
4.81145
4.9672
4.9021
2.85389
1.48409
2.49454
1.59685
4.13984
3.59156
4.57711
4.72651
3.65167
3.73756
2.60077
3.08776
4.30437
4.89977
4.44546
4.18983
2.33589
2.45745
4.10536
4.7432
4.32837
4.92597
3.77677
4.97914
2.62515
3.94707
4.31275
4.83311
4.85773
4.6957
4.33636
2.45226
4.71959
4.57186
2.78341
3.64144
1.76975
3.67211
1.53443
2.91435
2.49542
2.99763
4.52198
4.24327
3.07807
2.76733
4.03748
2.33506
4.65694
3.7929
3.08937
4.30326
2.38411
4.27706
4.87904
3.57379
2.83898
4.84081
4.43991
3.62644
4.08741
2.43913
1.49281
2.49656
2.50043
1.4545
1.50502
2.4239
2.59537
4.2126
3.33651
2.9003
4.21268
4.19489
2.83948
4.32782
3.9674
4.34424
3.02096
3.80478
3.10538
1.44413
2.85828
4.38595
2.42968
4.23855
2.49048
3.48368
4.56024
2.4161
2.72216
4.32715
4.38269
4.67055
2.84831
2.43281
3.98279
4.21585
4.58011
2.85674
3.87477
4.36454
4.16886
3.38203
4.37467
4.40921
4.38233
3.78697
4.74679
4.85649
4.9907
3.81961
4.48443
3.64301
4.40351
4.70403
4.19065
4.38578
4.29844
4.32775
1.5831
2.48027
4.24343
3.67987
2.96986
3.51778
4.41786
2.37281
2.38572
1.62577
2.57251
4.21027
2.94769
3.72709
4.70132
4.41299
4.65697
3.93935
2.81885
2.83862
2.74964
4.42457
4.37101
3.65811
4.1483
4.25144
4.78668
3.28297
4.27853
4.86866
4.81378
3.89082
4.50716
1.55689
2.42624
4.20884
2.57174
4.66183
2.61783
3.45701
2.95221
4.32526
4.25142
4.46299
2.56926
3.10213
4.40271
3.64021
4.99725
3.11794
4.56941
4.21348
3.78151
3.76359
4.47665
4.50481
4.17701
4.24304
4.87102
3.01025
2.77827
2.28561
2.50298
2.81354
3.92623
2.87278
2.7846
2.59487
3.90468
3.65743
2.42898
4.1423
4.41655
4.61855
4.42252
4.47594
4.93467
2.53875
2.48828
4.2109
3.42189
4.60232
4.68609
2.74443
4.41012
3.81787
4.44532
2.77475
3.27105
4.19265
3.69638
4.30044
4.43265
3.37343
2.64496
4.55797
4.38635
3.05669
4.6895
4.0263
3.2335
4.65317
3.73836
3.99021
4.59712
4.2856
4.16025
4.51315
4.82125
4.11154
4.47869
4.96836
4.96443
3.81168
4.62774
4.99165
4.99668
3.80381
2.95448
4.32337
3.62909
4.84999
4.15874
2.90271
3.44583
4.55243
2.98833
2.81126
3.14653
1.51108
4.49962
4.95633
4.24626
4.92773
2.45537
4.23403
4.36535
2.43439
3.64152
3.35092
3.7593
4.24585
4.84345
3.84594
4.33246
2.61339
4.78874
2.71276
4.36547
4.01747
3.63977
4.36226
4.02368
1.43893
4.65869
2.61433
2.97993
4.28707
2.49823
4.33352
4.22839
4.63432
1.5159
2.88399
2.34334
3.6037
4.89832
4.14544
4.5481
3.36676
2.77091
4.96703
3.95521
4.94057
4.69961
4.66074
3.80159
2.97231
2.50851
4.92011
4.37053
4.37003
4.27403
3.76134
3.63258
4.82027
3.85703
2.55309
3.17875
2.77096
2.97328
1.46292
2.49191
4.18073
2.49363
3.40261
3.7044
4.33569
4.44054
4.99399
4.12818
4.90391
3.87139
4.28985
2.8202
2.42254
4.45931
4.59237
4.92666
4.83235
4.499
2.37913
2.7338
2.99351
4.30034
4.20458
4.36207
3.31364
4.39092
3.63209
4.35381
4.41934
3.65143
2.44017
2.46476
4.69128
4.75352
1.52988
3.80977
2.96246
3.00272
4.48822
2.88968
2.40582
4.72753
3.09028
3.77621
2.53061
1.56533
2.76016
3.86576
4.17432
4.34499
2.37792
4.92709
3.81838
4.41126
2.82745
4.43252
4.13309
4.76809
4.98828
4.98855
4.98452
4.24151
4.22858
4.41957
3.3633
2.8568
3.94155
4.12597
4.55093
4.53619
4.69281
1.53436
1.57254
4.54816
2.83892
2.52973
3.77385
3.78433
2.44574
3.33295
2.62885
3.00655
2.55343
4.28394
4.49328
2.33104
2.4238
4.18125
4.63207
4.53886
3.74697
2.92604
4.52363
3.76679
4.08776
3.40285
2.84757
4.38188
4.43906
4.31759
2.41459
4.38718
3.86505
2.76722
2.71478
4.94729
4.73731
3.29488
4.86349
4.5651
4.41687
3.7362
4.38556
4.33242
4.4941
4.18607
4.7569
4.13634
4.93888
4.40429
3.9244
2.55617
4.2686
2.45209
2.954
4.26458
2.42543
1.41839
2.80332
1.7723
2.59923
3.93638
3.67073
2.94843
3.75712
4.25149
4.42923
4.92062
3.47078
4.15937
4.32628
4.83576
4.94278
4.46383
4.46555
3.46571
4.65038
2.87321
3.89345
1.41605
4.59006
2.49634
2.41274
2.36793
4.05408
2.77523
3.57538
4.41596
4.27835
2.43551
4.35844
3.03772
4.52299
4.49694
4.12152
2.77923
4.59961
3.71535
3.87907
4.26812
4.43917
4.95415
4.1167
4.48881
4.26928
3.88781
4.90399
4.97791
3.82123
4.38683
3.0234
3.58802
1.60644
3.93622
4.59491
2.87449
1.50756
4.36302
2.63091
4.41629
4.41793
4.50599
2.92225
2.55708
3.9306
3.46608
2.9233
4.34048
2.35225
2.29721
4.72955
2.68291
4.25504
3.27631
4.17705
4.59332
4.98977
4.89769
4.75078
4.68277
4.55909
3.69984
4.28905
4.23387
2.57835
4.46509
3.86444
4.21538
4.86589
2.42811
2.87833
3.50582
3.47358
2.99336
3.7736
4.95514
1.67423
3.1726
4.27493
1.56572
2.71791
4.30621
2.62733
4.37081
3.75878
4.41883
4.03752
4.90407
3.84036
4.82261
4.99252
2.80444
1.40148
2.28247
4.74234
4.15854
4.24927
4.0313
3.63082
3.30506
4.26852
2.35989
3.75455
4.89795
4.74101
3.97112
2.96857
4.63988
2.88621
2.71865
2.59965
4.32895
4.29142
4.27032
4.52765
1.42794
2.42033
2.46272
1.53294
1.51132
2.96999
2.53653
3.82264
4.06008
3.97715
4.29026
1.42432
2.62801
2.63107
2.48931
2.64779
4.48838
3.72504
3.21541
4.86655
4.58538
4.55952
2.95594
4.82908
4.53804
3.99105
3.73135
2.81858
4.37376
4.154
4.8094
4.12586
4.24984
4.9996
3.58365
4.74784
3.31796
4.55656
4.0608
2.87584
3.01964
3.77561
3.95087
4.72801
4.37064
4.47996
4.48913
4.35802
4.34622
4.9523
1.44147
3.77825
2.53465
2.30944
3.56315
2.94834
4.35124
4.37403
4.32991
4.3619
3.40101
4.95127
2.2663
3.92679
2.89279
2.91566
3.87089
4.54728
4.65871
3.64699
4.43531
4.74328
4.21871
4.4194
4.27085
2.51783
4.41483
3.80475
2.98784
4.0343
4.51103
4.38083
4.55122
2.83676
3.63441
4.55676
4.14488
4.41236
2.50305
4.30238
4.25473
4.91769
4.94534
4.19696
4.69007
3.90114
4.93799
4.87792
3.82395
2.76087
4.46921
3.45635
4.65372
4.65947
3.85396
4.39466
2.70368
4.44252
2.40486
2.56467
4.35956
4.45309
3.0259
3.75711
4.51017
3.10745
2.94967
4.274
2.56996
4.45871
4.31258
4.63965
4.95288
2.45365
3.06721
3.56941
4.33621
4.53547
1.61334
3.91285
4.93256
4.64248
3.84692
4.51945
2.67849
4.60034
4.37101
3.92029
1.45906
2.86946
2.99276
3.47319
4.47586
3.8739
2.94478
2.34268
4.36939
4.17343
2.41036
4.89693
4.30181
4.74466
3.55749
2.82451
4.58435
1.7321
4.00533
4.72249
2.88011
4.48648
2.59616
4.20464
4.28793
4.86401
4.49454
4.44043
2.5676
3.77136
3.15601
4.78207
1.53159
4.98834
3.92538
3.99597
4.85668
2.64175
4.47858
4.37119
4.35763
3.95099
2.37993
2.54258
2.89602
4.99873
4.41893
4.5003
4.95664
4.14789
4.25444
2.53639
2.95668
3.93103
3.85362
2.87559
4.43355
4.66065
4.56298
4.65578
3.45326
4.46612
2.58772
4.38596
2.36567
3.60195
2.94137
3.62459
3.67764
4.5938
4.9522
4.08404
4.56236
2.84683
4.64872
3.62067
4.53909
4.48321
4.36043
2.39597
4.9218
4.32097
4.82077
4.32859
3.86505
4.64504
4.99576
4.98366
2.30981
1.38284
4.90442
4.45921
4.51072
2.64185
2.37799
2.97106
1.70237
2.78807
1.73357
4.70999
4.71422
3.15415
2.74992
4.5561
4.12118
4.08496
2.54497
3.80952
4.80841
4.4773
3.19662
4.36766
4.12221
4.18752
4.52448
3.58462
4.94227
4.7135
2.93446
4.38098
4.30668
4.67289
2.64191
4.50765
3.3542
2.58538
4.23851
2.61492
3.63986
3.96086
3.07367
4.54183
4.60662
4.01945
4.4672
1.40898
4.46877
4.14265
4.95501
3.74895
4.24988
4.47808
3.81575
2.74093
4.12264
4.75754
4.45637
3.6048
4.52836
4.2922
2.64372
3.03824
1.42053
2.9864
4.44486
4.45643
2.44311
2.96993
4.23294
3.8193
1.40675
3.89653
2.59811
4.60109
3.35345
2.91474
2.51991
4.2206
2.34084
3.3158
4.43804
4.93031
2.32396
4.26463
3.70055
2.77664
3.65668
4.91421
4.26623
4.15458
4.76563
4.88374
4.70658
2.85638
4.68429
3.69073
4.1994
2.52343
4.11427
2.39255
4.27234
3.87973
4.90766
3.64284
4.52731
4.98865
3.49474
4.57973
4.59142
3.81973
4.30415
2.41266
4.23013
3.7225
4.29876
4.89887
2.43228
3.87146
4.39676
3.53934
1.66071
3.83521
4.45054
2.82589
2.73263
2.86519
4.18609
2.42168
4.16655
4.11276
4.45942
4.72636
2.54295
3.47252
2.45694
2.46459
4.61455
4.62807
1.65096
3.91956
4.26906
3.96132
4.24557
3.9091
2.48994
2.97718
4.39655
2.81762
4.36174
3.8171
3.7281
4.19355
4.40576
3.70999
4.77104
4.22644
4.21762
4.88489
2.95481
4.70272
4.6716
4.31101
2.41095
2.54802
2.95676
2.96947
2.86959
4.42473
4.32526
4.37538
4.13912
4.98335
2.504
2.58596
2.97037
4.48718
4.30907
2.81008
4.1524
2.91884
4.33409
3.43595
2.45171
3.57613
2.27581
4.83032
2.35849
4.39861
1.42826
4.53716
3.72499
4.37128
3.76336
4.12388
3.63386
4.20359
4.20164
2.51924
4.5359
2.46298
4.25342
4.92572
2.89132
3.67941
4.68758
4.52518
4.56256
1.50545
2.92523
2.2811
2.95932
3.4088
1.47884
4.29766
2.52311
3.82254
2.90279
4.89537
4.6314
2.6001
4.87778
4.13006
4.26156
2.35606
4.20703
4.35409
3.70812
4.59571
2.84786
3.76978
4.26284
4.66981
4.2881
2.89016
1.70412
4.7173
3.07543
3.93313
2.97733
1.44975
2.94439
3.78777
3.84368
2.67906
4.74432
3.06521
2.56959
4.41811
4.59811
4.48785
4.90004
4.42971
4.56625
2.35334
3.52853
4.42804
4.48451
2.46095
4.42361
4.25592
4.75785
2.85676
3.69663
4.56151
3.84444
4.30552
4.2672
4.23225
4.2592
4.57315
1.60012
3.66076
3.03109
2.87774
2.98271
2.46457
4.65588
4.28769
3.06537
4.65422
3.49302
2.5361
3.83916
4.27132
1.5512
4.6111
2.36027
3.46306
4.14736
4.41181
4.91377
4.32829
2.3411
4.34457
2.84193
4.51312
3.71756
3.86194
4.97778
4.26817
4.37732
2.89865
4.77694
2.99036
2.94862
4.08945
3.97968
4.50082
1.69892
2.59558
4.04223
4.54428
4.71298
4.03048
4.15984
3.41162
4.97439
4.5932
2.79606
2.83436
3.89743
4.38545
1.62532
3.75063
2.4984
4.01436
4.91404
4.75701
4.61086
4.41235
3.64141
2.35497
4.26474
3.71618
2.60872
3.54114
2.71517
4.49408
4.45227
1.38142
3.79965
4.98311
3.10705
4.36812
3.16864
4.5471
2.94299
2.46851
4.87137
3.30784
4.61161
4.61235
2.91226
3.92687
1.45325
2.93382
3.51615
1.66551
2.40593
2.99654
4.66507
4.39649
2.40192
2.78736
4.378
3.68635
4.14765
4.33273
4.93559
4.30193
4.68363
3.95031
3.27431
4.60088
4.8177
2.56763
4.3716
4.49174
2.42993
4.84496
3.79223
4.49079
3.9695
3.06507
4.06715
4.68011
4.58692
4.59515
3.73954
2.86093
3.77641
4.94417
4.48379
4.08377
3.82483
4.37453
2.33454
1.49104
2.49802
2.78748
4.94816
4.43627
2.54829
3.93106
2.97787
1.50667
3.73845
2.48704
4.36496
3.96628
4.30192
2.9464
4.53473
4.44554
4.20915
3.48143
2.42128
3.44912
4.49357
2.85937
1.65058
3.06045
4.49563
4.31581
4.62513
2.62057
2.95499
4.2319
3.82799
1.89697
2.80986
1.46486
3.01989
4.87569
3.20961
3.07158
2.64652
4.77181
3.88201
3.934
4.19509
2.56982
4.49807
4.65604
4.60118
4.83509
4.23062
4.89601
2.32113
3.6239
4.32008
4.87359
4.76236
4.60958
4.39351
2.57636
4.11887
4.97243
4.9971
4.50639
4.47301
2.27289
3.66123
2.42186
4.508
4.33741
3.26205
4.83037
2.97868
3.68221
4.52472
3.75313
4.17524
3.6074
2.57274
2.39227
3.59297
2.55593
4.9446
2.49715
3.20172
4.4098
3.11896
4.5342
2.50346
1.39209
3.88716
4.27958
3.82972
4.31067
3.91613
3.95468
4.9201
4.99822
4.23836
4.29956
3.85941
4.74805
3.92179
2.879
2.91669
4.75843
3.77199
4.55409
3.49854
4.97132
3.60415
4.98873
4.30818
4.98592
4.4861
4.37368
2.25756
2.72232
4.37925
3.50336
2.61692
1.51856
4.41013
3.92495
2.58511
4.53454
2.94295
3.08764
4.42191
4.70317
2.6499
4.43837
4.50813
4.92582
4.95253
4.45781
4.01785
2.99777
4.6939
2.64192
4.0387
3.70572
3.88062
2.94361
4.7564
4.98318
3.63145
4.92241
3.34021
4.99062
4.5001
4.8305
4.15746
4.40822
3.43417
4.34734
2.68506
4.14308
2.39944
1.46884
3.61272
3.06401
2.52684
4.37378
2.7283
3.78692
4.86505
4.16287
3.92024
4.72963
3.02081
4.33442
4.38575
4.98659
4.45213
2.43143
3.94509
4.37453
3.94073
4.08609
1.51351
4.52891
1.56162
3.10571
4.3303
4.62517
2.95565
2.667
2.51578
3.7422
4.35033
4.58131
4.70391
4.20896
2.48839
2.98051
4.95705
4.09631
4.44484
4.37428
4.31368
4.37058
2.60691
3.20444
3.94321
4.59759
2.51998
1.49441
3.07019
3.60558
2.88024
2.65527
3.80574
4.42497
4.18435
4.12387
4.99555
4.87569
2.45106
4.33396
3.79395
4.39739
3.05748
3.95667
4.5288
1.53351
4.50164
1.59591
2.96174
4.60932
2.423
2.58567
3.38163
4.41266
4.25226
2.50801
4.25228
2.88372
3.91977
4.59292
4.25998
2.41404
3.461
2.4498
3.96762
2.41447
1.4568
4.40351
2.60028
3.06187
2.88465
2.41191
3.09737
4.25378
3.75558
4.9984
4.22827
4.44217
2.84265
3.90114
3.76727
4.57092
4.38216
4.95427
3.44804
4.96404
4.49007
3.48416
4.93024
4.41093
4.64177
4.24955
2.40954
3.09945
2.49784
1.6484
3.67607
3.52768
2.86591
3.83361
4.18953
4.61324
4.93754
4.73077
4.32911
4.37715
1.44572
3.08968
3.99869
1.69701
3.07416
4.77813
3.94678
2.54442
4.46347
4.48612
2.43564
3.69123
4.6751
4.30121
2.6583
4.05171
4.36304
3.06919
2.45154
2.7863
2.50458
2.7378
2.49757
4.37635
3.83786
1.47423
2.45994
3.89708
2.38911
4.56814
4.96946
4.21521
4.48957
3.03123
4.52568
2.74488
3.71131
4.6831
4.88775
4.85899
4.91806
3.55576
4.43865
4.90932
3.50178
4.63179
4.29721
1.70561
2.49981
1.48237
2.66473
2.60173
1.55444
1.61499
2.47252
3.01558
2.52981
4.94087
4.82358
4.61884
4.61657
3.69106
3.76798
3.99106
2.83907
2.91695
2.90634
4.38881
4.36478
4.22657
4.29069
4.31376
4.29733
3.68743
4.18542
4.6078
4.23079
4.70403
3.48854
4.58623
4.65044
2.98357
2.64077
1.48446
4.16184
2.64969
2.61469
3.90899
4.52509
2.96755
4.18445
4.40497
3.66675
4.96995
4.19942
4.34645
4.3465
2.33589
4.61661
2.48107
2.46316
3.54262
4.96129
4.21434
4.65782
3.87101
2.73229
4.60865
4.81854
4.50914
3.57359
2.78347
3.38236
4.97116
4.41766
4.51384
1.43468
2.60351
4.42408
3.90946
2.9622
3.46008
4.7142
4.31044
4.43696
4.24903
4.36515
4.27761
2.55638
4.92895
3.92537
4.44564
2.92286
2.82466
4.64934
4.63445
3.05715
1.49395
4.70163
3.08369
4.2864
4.38736
2.41373
4.42104
2.52151
4.58089
2.66424
4.01863
3.49014
3.04231
4.58298
3.01683
3.05178
2.61267
2.4051
2.74084
3.60367
3.7335
4.78243
4.98944
3.86619
4.20698
2.50807
4.54099
4.41195
2.68367
2.46422
4.24311
4.43156
3.94762
4.65062
4.45528
4.68801
2.90264
4.775
3.74607
3.07779
4.48312
4.55408
3.68975
3.97587
3.10807
4.40848
3.64844
3.75564
4.23866
4.91512
4.18874
4.89996
2.8513
4.57566
4.45128
2.85996
2.97798
1.51008
4.62836
3.79325
4.5235
4.31327
2.37528
4.37281
4.23648
2.24844
4.29157
2.40525
2.83761
4.04464
3.94046
3.50829
1.75922
3.02005
2.54485
1.57659
3.5865
4.63307
4.59848
4.35324
4.9642
4.33306
4.56408
4.33555
3.03782
4.63457
3.00687
3.67284
4.62069
2.49281
4.36848
4.1311
2.49237
4.26446
2.58414
3.32396
2.84816
3.9608
4.36619
4.39662
4.95355
2.61301
3.04685
2.66919
2.9742
4.37839
4.87578
3.82331
4.93789
4.31685
4.23993
4.13448
2.56983
3.36221
4.35316
2.5107
4.38094
3.02608
3.87697
4.4537
4.50131
4.04649
4.58361
3.10401
4.61757
3.60275
4.50945
4.50188
1.45398
2.52581
1.48552
4.23384
3.69763
4.81787
4.39969
4.26959
4.90719
4.25664
4.93564
4.50061
4.33964
3.48316
2.44676
4.11227
4.62856
3.82275
3.7745
2.8416
3.06012
4.31861
4.56388
3.56809
4.63425
4.51926
4.45425
1.66699
2.45196
4.65356
2.92209
4.37
4.2875
2.47002
4.24046
3.77476
4.33768
4.56694
4.7523
4.43382
2.95301
2.79627
4.5364
4.37933
4.32716
4.90066
2.45866
2.55452
2.72418
4.24345
3.88425
3.11388
3.60877
4.49605
4.32778
2.86156
4.41772
3.66787
4.71958
3.01608
3.84438
4.303
4.8817
4.94354
4.58025
4.49265
4.84714
4.16574
4.04399
3.57746
2.4528
2.35679
4.21988
4.20662
4.89751
2.8449
3.70895
4.94641
3.52884
1.61176
2.79946
1.52259
4.48355
2.67893
2.32455
2.50994
4.42363
4.20586
2.89124
3.27461
3.68406
4.21437
4.92068
4.4383
2.88546
2.90867
4.03157
4.49684
1.47649
4.43647
3.95441
4.35943
2.50032
4.25749
4.30723
2.34645
2.57937
4.94329
3.87612
2.92107
4.58311
4.23476
3.39778
2.40512
3.39987
2.40578
1.4113
4.40505
3.74988
4.38424
3.5309
4.11537
3.75511
4.01991
2.85249
2.87599
2.49168
4.87579
4.90283
2.40426
4.13702
4.31105
4.35855
2.93579
4.48926
4.31592
4.29488
2.48166
2.63631
4.25273
1.60894
4.59998
3.10398
2.88396
1.47106
3.57224
3.6888
3.01129
2.39565
4.69148
3.8418
2.86706
2.57819
4.78588
4.40346
4.91916
4.22899
2.54587
4.3577
4.35927
4.54665
2.85447
3.83324
4.46159
4.03361
4.13088
4.40606
4.00329
3.06986
4.50323
3.97399
4.62695
4.05331
4.82084
4.44668
2.98204
2.58566
1.54611
3.51543
2.49917
2.57134
4.37773
4.49486
4.37726
2.57971
3.6145
2.93719
4.71861
1.57746
3.14102
4.94929
4.4344
4.42662
4.44121
4.10767
3.75188
2.3969
2.78946
4.37992
2.54891
2.87359
4.71021
1.59116
2.92327
4.63393
4.39197
3.92134
2.96279
2.49101
3.84094
1.40189
2.44389
3.15512
3.66432
4.79188
3.49057
4.5389
4.22742
4.25062
4.45101
4.30205
2.52336
3.72815
2.97948
3.84067
4.67185
4.58666
4.23619
1.60437
2.81867
1.53527
4.53498
2.7766
2.38971
4.40728
3.01234
3.43531
3.86437
2.79896
3.86196
2.61127
4.30125
4.73007
3.30604
2.45708
4.28591
4.27524
4.48854
2.82196
4.00541
4.79485
4.53451
4.00972
4.88715
4.43975
1.44119
3.72211
2.85421
4.28952
2.9987
2.75701
2.44183
4.51376
4.48768
2.80222
3.32252
1.53541
2.51516
3.82472
4.75223
4.39582
2.60633
3.44305
4.23868
4.15361
2.32901
3.03282
3.88873
3.85235
4.56279
4.90315
4.46275
4.23242
3.42534
2.55378
3.38352
2.27811
4.86451
2.83028
4.11867
2.48288
2.71877
4.3194
2.3768
2.41232
1.55187
4.43028
3.77969
4.45313
2.72844
2.91872
4.51963
3.77067
3.81859
3.40387
4.95525
4.2052
3.43114
4.46638
4.46435
2.36539
4.83195
4.05923
3.5087
1.45467
4.21657
2.51215
3.73716
2.49435
2.32088
4.28421
2.89064
4.39354
2.84432
2.57912
3.04871
4.65508
3.60282
4.44534
3.82627
3.76307
2.80679
4.51298
4.78459
3.49277
4.24751
4.85321
3.78158
4.7341
4.37117
4.32324
2.43708
4.23109
1.42659
3.37673
2.59725
2.93228
2.50319
3.37018
4.33455
2.99974
3.82803
4.38544
4.35493
4.637
1.60242
2.90566
4.46793
2.49499
2.60662
3.73888
4.46918
4.35567
4.69448
4.41831
3.13569
2.67686
3.84296
4.43064
2.45999
3.39909
3.788
2.52282
2.32272
1.46996
4.2837
4.14199
2.27032
2.69212
2.5214
2.89053
4.28549
4.63775
4.55071
3.89081
4.99342
4.40771
3.92924
3.82613
4.34925
2.72737
4.7793
3.54102
4.96138
4.20451
4.92952
3.62394
4.98189
4.3896
4.51874
4.12192
2.73887
2.30642
2.3278
1.39267
3.47018
3.98956
3.28078
2.69035
4.35152
3.72721
4.90849
4.06383
4.7155
4.8256
4.60023
1.57921
2.92034
4.91306
4.39413
2.47447
4.27702
4.44252
2.72993
3.62229
4.71377
4.34241
3.9778
4.55458
2.67656
2.91761
2.94362
2.53662
2.38387
2.90319
2.3883
4.23371
4.26257
3.70457
2.49233
1.55213
2.42634
2.76694
3.03245
4.33624
4.60264
2.76963
3.69568
3.71108
4.95438
3.6343
4.37659
4.97583
4.95195
3.55424
4.47283
4.19548
2.87694
1.6262
2.48856
1.62816
2.73896
3.81249
2.46406
4.00485
2.52195
3.02424
4.32525
4.39793
4.05839
2.53625
2.50198
3.39387
4.279
4.54516
4.54753
3.73745
3.09986
4.72552
4.69143
4.04765
3.69187
3.03748
4.32204
4.7542
2.41252
1.58644
2.45798
4.8185
4.20629
3.68165
3.71629
3.05365
4.36999
2.84171
3.79274
4.82308
4.6302
2.77398
2.81952
1.43404
4.51997
4.06886
4.11294
4.77296
2.43264
4.14979
2.4829
3.65803
3.54684
4.54911
2.27116
2.74165
4.32263
1.41962
2.5401
2.42954
2.42935
1.46885
2.55767
1.48558
2.58641
4.41621
4.71842
3.9103
3.71625
3.06832
2.8867
2.79355
2.79992
4.18213
4.33539
4.30548
4.36098
3.47721
4.29948
4.50805
4.36924
4.47722
4.4013
4.74767
4.43886
3.64447
4.53293
3.00542
3.62179
2.70028
2.26386
3.04142
2.53411
3.88163
4.26365
4.414
4.45029
4.68633
4.32266
2.59216
2.58958
4.10573
3.36314
4.95251
4.58237
4.47753
3.75975
4.64416
3.07303
4.60874
3.98876
4.45534
4.81524
3.07406
3.52342
4.19544
4.96815
3.82781
4.37539
2.89783
3.46069
2.85962
4.52528
3.85011
3.07174
1.48907
4.41254
4.35471
2.60342
4.45679
4.4503
2.6717
3.02627
4.49338
4.73309
2.53743
3.95135
3.69768
2.58404
1.53205
3.66472
2.82443
2.69977
3.14268
4.04183
4.56707
4.76701
1.47115
3.03409
4.47592
1.6126
3.02255
2.46532
2.66045
4.37913
4.49939
2.52187
3.44582
4.41704
2.97139
4.6133
4.98088
3.90413
4.31951
1.46709
2.65799
2.94564
3.7571
2.94429
4.03109
2.97442
3.82725
4.78423
4.57052
2.99415
1.63849
2.5165
4.50479
2.55359
4.4918
2.56941
4.24282
3.65852
2.98193
4.30523
3.93798
4.69379
2.9756
2.39082
3.06652
4.52184
4.20258
4.37611
2.43702
4.83907
4.38703
3.5862
4.22536
2.43126
2.41721
2.83192
3.92525
3.77965
4.61892
2.83112
4.51226
4.37144
4.56234
3.43895
4.2199
4.68333
1.64356
2.55375
4.60075
3.94165
1.50864
4.67795
2.76788
4.68019
4.61112
2.88615
1.47461
4.33701
4.35313
2.58754
2.44583
2.60242
4.76767
4.4514
3.85952
3.30827
2.77617
4.66172
4.22659
1.46768
4.22503
4.26444
4.28535
4.99301
2.64513
4.17286
4.27053
4.88632
4.44013
3.49689
2.26544
2.401
4.41881
3.7308
3.91927
2.9845
2.91168
4.87683
4.21194
4.71557
4.4129
3.35977
4.64662
4.39972
2.98558
2.97648
2.98205
3.99293
4.59778
3.925
4.48776
1.57568
2.99735
4.39662
2.53957
4.44665
2.52607
2.66561
4.18638
3.95062
4.43708
4.21656
2.82408
3.39076
4.93502
2.28966
4.97569
2.36449
4.53192
4.49384
4.45824
1.5382
4.16809
3.85076
4.34655
3.60178
4.32855
3.96992
2.43629
3.71724
2.40755
2.61654
4.64891
1.48637
4.60161
3.86958
4.27361
3.74035
4.37257
4.13939
4.22647
3.57693
2.64708
2.59262
3.54898
4.44157
4.46422
4.40809
2.89722
4.64579
4.70674
1.49917
3.05193
4.38776
4.50443
3.04259
4.46824
3.9169
2.53015
4.3823
4.51888
4.45223
2.53779
4.94776
4.23967
2.6482
4.41289
4.63048
1.55006
2.9692
3.0286
2.64845
2.84967
4.67146
3.62176
3.76763
2.29605
3.78881
2.4762
3.66828
4.41321
1.32691
4.50798
4.28616
2.63418
4.51983
4.25369
4.28793
2.6143
2.79708
1.54695
4.68515
2.85453
3.85048
3.62309
2.91767
1.48677
2.37416
4.26758
2.98112
3.63412
3.84331
2.45264
4.63737
2.47184
3.684
3.57208
2.53379
4.65365
3.0916
1.53213
3.15948
4.80746
4.42742
4.41119
4.84484
2.81239
2.44804
4.52326
3.86189
2.68775
2.57527
3.64108
1.58752
3.10164
4.60789
2.89614
4.84478
2.9918
3.94416
2.59076
4.48266
4.43218
4.63727
2.74804
4.55438
4.29892
2.42482
4.56854
1.47487
2.94116
3.01097
4.47729
2.98161
3.13421
3.5783
3.81668
4.30796
1.58127
2.5882
3.8856
2.73619
4.00746
4.43673
2.52735
4.52766
3.97384
3.08097
4.13564
4.51661
4.6232
2.89255
4.08475
4.53403
1.35617
3.5187
1.78168
2.77421
2.83154
2.73894
3.23246
4.32605
2.62347
4.48848
3.02638
1.54023
4.69129
2.93808
4.00486
2.78046
1.63501
3.9516
2.63682
2.5761
4.64311
3.62433
3.89858
4.43187
2.87806
2.61775
4.55744
4.51478
1.37153
2.92082
2.98311
3.07043
2.86196
3.53014
3.96687
2.66547
4.01224
4.47647
1.77933
2.43586
3.97858
4.60006
4.66025
3.87268
2.83517
3.87927
3.07457
3.97042
4.43188
1.63039
2.49564
3.1335
3.68808
1.49834
2.63977
3.09271
2.47998
2.90426
1.65664
3.82511
2.98822
1.54086
4.43033
2.79842
3.94259
2.53998
3.47585
3.74992
2.44854
4.54691
4.43083
2.86326
2.98173
3.93323
1.59431
2.95704
1.63258
3.72045
4.59194
3.1329
2.5787
4.28322
2.83093
2.49313
4.58584
3.67616
3.87018
3.57223
3.44462
2.31645
3.70922
4.84383
2.40963
4.98669
2.47606
1.47124
3.88559
4.2643
3.86328
4.37061
3.81206
4.28689
3.57176
2.52059
3.27838
2.39714
4.39782
2.99959
4.92278
2.80362
4.25193
2.88617
4.21805
4.65777
2.30593
3.60294
2.49712
4.06915
3.38027
2.50978
2.83964
4.81644
4.44201
2.38588
2.95022
4.19982
2.89345
4.3385
2.70784
4.76672
4.17142
4.95134
4.4932
3.93342
3.36125
3.654
2.36959
1.44448
4.15425
4.02067
2.48387
4.34735
4.07009
2.17793
4.28978
2.5136
1.41045
4.29639
2.79945
2.47123
1.64237
3.43727
2.99194
2.51586
3.51854
2.72364
3.61334
2.50496
3.07571
3.16465
4.48607
4.80096
2.69912
2.85541
4.46912
2.43736
4.92839
4.17889
3.71914
3.48813
1.41446
4.17678
3.68557
2.36214
3.72587
2.29433
4.28202
2.39715
1.40716
4.24211
1.6052
3.37657
2.80983
2.51422
2.83813
2.37881
2.52641
3.85382
3.46878
3.88142
2.5857
3.94283
2.57403
1.4732
4.46928
1.5475
4.34015
2.99595
2.66182
3.15895
2.57954
1.5164
3.68729
4.57258
2.5617
2.93041
2.60591
2.98211
2.5169
2.99091
2.81689
2.44004
2.89025
2.33107
2.987
2.61933
2.83553
2.402
1.50596
2.53662
1.38541
1.52288
2.47693
1.80781
2.5865
2.90509
2.77482
1.58089
1.53716
2.47885
3.17453
