2.87
2.46264
2.43565
2.36239
3.76369
3.72706
2.42351
2.30136
1.38809
1.35979
2.3191
2.34801
2.53465
3.78115
2.41793
1.56935
2.48917
2.6612
2.94337
2.70107
1.94636
4.15945
2.95961
3.7544
2.91613
3.88573
2.88235
3.13471
3.97591
3.53457
4.35587
4.3589
4.45261
4.48602
3.39758
4.6538
4.28406
4.31876
4.46092
4.44248
4.15589
4.57297
4.1441
3.82317
4.55291
2.98604
2.91772
3.53063
4.34894
4.26503
3.4562
4.63947
4.21637
4.26035
4.52385
4.39595
4.2643
4.21844
4.44446
4.59652
4.21253
3.81881
4.96896
4.92239
4.85101
4.82711
2.8261
3.82688
2.92137
2.90811
2.93945
3.51946
4.23908
3.5345
4.43221
4.45711
4.2759
4.66081
4.27168
4.34635
4.48623
4.19048
4.29637
4.50134
4.41138
3.67601
4.63456
4.96752
4.80272
4.86168
3.86873
4.97695
4.92985
4.42258
4.81207
2.73979
1.5036
1.53628
2.49121
3.54792
3.8335
2.93541
2.49109
3.53968
4.46002
4.43415
2.47622
3.69566
2.34471
2.83826
4.86427
4.69263
2.42124
4.32945
4.34596
4.41394
4.30694
4.7125
3.82221
3.58825
2.88452
4.62779
3.97266
4.34579
4.9026
2.6066
4.54789
4.50507
4.26245
1.53484
3.46377
1.45192
2.96432
2.61475
2.74808
2.95916
3.81662
2.59621
4.25501
2.8402
2.33195
3.69528
4.35252
3.84309
3.47025
2.56422
4.30046
4.28113
4.97763
4.25268
4.53725
2.93535
4.94372
4.58543
3.83433
4.14733
4.58627
4.44286
2.49348
4.34077
4.36101
4.54805
3.93379
3.46536
4.58418
3.21635
4.19003
3.70827
4.2756
4.31622
4.42492
4.59655
4.12123
4.36497
4.61788
2.98082
4.53886
3.95025
4.32841
4.60497
2.46349
4.91343
4.91
4.34172
3.68209
2.18689
2.37468
3.74121
3.58455
4.20242
2.89074
1.83016
2.59564
2.50884
4.38071
3.56491
3.38884
2.77294
4.16928
3.9947
4.55035
4.20112
1.66948
4.5367
3.01656
4.53965
4.7034
2.44167
3.77923
3.41706
4.50548
2.44318
4.28632
4.94398
4.32379
3.78271
2.95333
2.60838
4.03319
4.3831
4.35204
3.13132
3.97275
4.53887
4.38812
3.76761
4.76349
4.14813
4.79726
3.33845
4.3811
4.8937
4.74968
4.85872
4.49362
4.43369
4.44218
4.08407
4.80755
4.87134
1.23949
3.16303
4.69988
2.95158
2.46635
3.56899
3.72066
4.10877
4.56575
2.43498
4.54183
3.04891
4.42345
2.68828
4.90512
3.51809
3.98859
4.74195
4.35579
1.57935
2.92417
4.43911
2.94042
4.00466
2.43244
4.19449
4.2674
3.83547
4.38302
4.46736
4.54895
4.0419
4.78714
2.60543
4.4135
4.51956
4.05088
2.40054
3.77763
4.57289
4.24229
3.44408
2.84083
2.88208
3.37242
4.05102
4.9647
1.55949
2.40983
1.43912
2.5248
4.61449
4.52417
4.47163
4.17569
2.84705
4.49357
3.1056
3.83764
4.06334
4.35052
3.74993
4.12449
4.53057
4.70549
3.39531
4.99003
4.78584
3.10107
2.57546
4.56655
2.39339
3.66619
2.95861
4.16373
4.33441
3.96507
4.58718
2.56338
2.8605
4.28539
4.38132
3.04502
4.63007
3.89178
4.60911
4.33925
4.23202
4.9308
4.94867
1.44936
4.47006
4.59018
2.95964
2.53411
2.86378
4.42128
3.52838
4.59871
2.61282
3.86218
4.97606
4.1789
4.3255
2.8182
2.41393
4.64021
4.32803
3.65242
4.43599
3.82738
4.52051
4.19127
4.7906
3.78343
4.65722
2.49851
4.23804
4.36916
4.4611
3.89311
4.38543
2.7399
3.84261
4.54074
4.25428
4.02921
1.55884
2.90538
2.45307
2.51854
1.51543
2.86742
4.14198
3.37532
4.27233
3.79604
4.12699
2.76827
3.41256
4.46336
4.15538
1.44158
2.90043
2.93072
4.52437
2.50305
3.03542
4.23375
4.61662
2.52961
3.62913
4.56648
4.31479
2.61937
2.96256
3.76996
4.1998
4.97451
4.5432
4.27915
4.59546
4.59112
2.94984
2.4497
4.54599
2.51838
4.36403
3.99969
3.37142
2.52413
4.28835
2.95877
4.2114
3.70805
4.83939
4.25584
4.48404
2.97334
4.56081
3.77165
2.46839
4.35391
4.36748
4.48248
4.30917
4.31023
3.99282
2.8497
3.8599
3.84499
4.55704
4.32841
3.45574
4.35896
4.50999
4.46279
3.81306
4.81226
3.77487
3.91753
4.51291
4.71379
4.24194
4.92673
4.30254
4.59608
4.33425
4.89392
4.36245
2.91624
3.92062
4.27904
4.29233
2.53945
2.92496
3.10708
2.56291
4.289
4.5037
4.96599
4.20088
4.50379
2.29156
2.51937
3.56258
4.5304
3.00205
2.54708
4.51053
4.37981
2.8866
3.0205
3.51514
3.885
1.67971
2.592
4.25675
4.36146
4.6405
3.56241
4.4991
4.9303
2.86671
4.25513
2.92845
4.56972
4.49283
2.7555
1.53908
3.81309
2.46919
4.21219
4.98804
4.56852
4.94461
2.42234
3.44242
2.39728
4.53284
4.44402
1.45336
4.25934
3.84743
4.47976
3.84665
4.21733
3.86023
4.90077
4.29892
2.87235
2.85392
2.59309
4.25611
4.39749
4.40329
4.66073
2.86529
4.26989
4.86119
4.94424
4.36353
4.46443
3.46273
3.84547
3.80593
4.50249
4.20715
4.32438
4.35604
4.91525
3.84582
3.72246
4.57579
4.36629
3.53485
2.56424
4.23431
4.96626
2.87795
4.46389
4.57883
4.28949
2.82363
1.70495
2.46897
4.79258
4.54989
4.21732
3.76114
3.94321
4.50587
4.19768
2.5478
4.3398
4.37625
4.97776
4.53123
4.62533
3.08831
4.39801
2.41726
4.63596
2.88227
4.57415
3.81364
1.59426
2.96175
2.42738
4.34078
4.52833
4.37273
4.94949
2.87504
4.86462
4.36081
4.28867
2.49484
4.39092
3.89246
4.60656
3.91329
4.50393
3.47529
2.49602
2.91517
1.50982
3.53361
3.67281
2.82596
2.3753
4.3042
4.57644
4.27556
4.9328
2.93426
4.62488
4.20871
4.10957
3.6129
2.48912
4.19477
4.36512
3.79716
4.58743
3.68025
4.23742
3.61184
2.52929
2.37739
4.58695
1.58282
2.94686
4.39857
2.90112
3.84019
2.56114
3.84826
4.22264
3.9221
4.14242
3.70432
4.86626
4.84758
4.54764
4.22626
4.38759
4.61872
2.90491
4.60196
4.24849
2.51089
1.55616
2.78491
4.13828
2.513
2.47715
4.8404
3.8005
4.25596
3.49771
4.55269
4.38154
3.14829
2.94686
1.48188
1.6505
4.55436
4.65694
2.5622
4.63955
4.96472
4.37118
4.42219
3.57819
2.53636
2.92871
3.81757
4.18382
4.36252
4.68649
2.97254
2.49597
3.92538
3.0071
3.0493
3.7803
4.29489
3.57687
4.23449
4.97038
3.4966
4.4897
4.88149
4.85757
3.81048
4.61757
4.42122
4.3654
4.75552
4.19803
4.98004
4.47874
1.59058
2.96097
2.48912
2.42203
3.25703
4.13598
2.79332
2.5834
2.91373
4.50806
4.29749
4.3228
4.21707
3.71836
4.48077
4.64221
3.76688
4.41316
2.38166
4.22605
4.91782
4.21903
3.57978
4.28476
4.30153
4.49736
3.78963
4.57586
3.94444
4.43885
4.4132
4.95807
4.32731
4.91556
3.90471
4.2365
4.27037
1.4877
3.56977
4.60226
4.17235
3.48393
4.47514
3.95999
2.70697
2.25634
2.52486
4.95337
4.15835
3.01962
3.84229
3.14101
3.94174
2.7715
4.5039
3.73896
4.107
4.83074
3.34756
4.89216
4.39698
4.40374
3.85327
4.74925
4.95172
4.98493
4.58833
1.37791
2.46037
4.29788
4.31441
2.71944
3.61441
2.99686
4.0959
3.78512
4.19774
4.65691
2.3652
3.57671
4.71988
3.99927
3.81448
4.20154
4.93725
4.45532
4.44744
2.92949
1.46365
2.55307
2.71787
4.77746
4.2334
3.59704
2.95733
4.35788
4.63277
4.9632
2.50619
4.39431
4.63462
4.19029
3.68692
2.92671
4.28215
4.04688
3.86324
4.12873
4.9466
4.39921
4.46727
4.78413
3.01234
2.89599
2.73867
4.48554
4.47543
4.04464
4.3563
4.44239
4.92056
4.63046
4.29006
4.49207
2.32971
3.59737
2.83218
2.92256
4.23826
3.61939
2.37262
2.8043
3.01231
4.22093
3.87406
2.78027
2.5375
2.56426
2.60157
4.93726
3.44627
4.38531
4.35528
4.47926
4.51917
2.97841
4.43551
3.90021
4.72662
4.65876
3.10815
3.59955
4.2862
4.45734
4.3813
3.82645
4.35414
4.38318
3.59668
2.45069
4.50857
4.57355
2.85701
3.81683
4.42968
2.97537
4.54384
3.51066
4.42101
4.19221
3.7238
4.17716
4.89116
4.35939
4.2637
4.94028
3.82275
3.42326
4.96006
2.54671
2.4994
4.2413
2.95957
2.9449
4.56021
4.37519
4.49692
3.44678
4.80879
3.90451
4.33643
3.85955
4.4946
4.1968
4.20748
4.35299
4.32433
3.81186
4.83565
4.27099
4.31394
4.20002
3.90942
4.26938
4.47594
4.58864
1.43938
1.31991
2.6629
4.28188
2.80861
2.45129
3.71153
3.6675
2.43315
2.91898
2.52396
4.37544
2.76537
4.14574
2.43921
4.31042
4.03471
3.50247
4.8543
4.3477
4.60332
2.86268
4.60397
4.02928
4.56532
4.24306
3.55544
2.9591
4.52764
4.57752
4.78815
3.61412
2.55178
4.17085
2.33197
4.23056
2.75423
3.03894
3.64395
4.41104
4.51115
3.55376
4.63446
4.49656
4.68538
3.88925
4.30403
4.45628
4.17666
4.89724
4.06415
4.31436
4.81523
3.72512
4.96951
2.53662
2.63937
3.34564
4.11003
2.51924
4.3578
3.04075
4.97555
4.11403
4.3858
3.79286
4.80806
3.10672
4.28808
4.46857
4.89963
4.51749
3.93758
2.55185
4.54833
4.61061
4.48773
4.95664
3.9357
4.06879
4.85556
3.9796
4.32712
4.4878
4.80964
2.27683
3.27325
4.42033
2.37018
2.82391
4.12624
4.08447
1.48367
2.45658
2.79582
3.8953
3.97994
3.71978
3.73417
4.19182
2.7891
4.00611
4.80088
3.56041
4.84125
4.12842
4.51544
4.42314
3.52115
4.71579
4.92339
4.69294
2.88963
2.7117
2.34653
2.62179
4.09684
3.95093
2.97934
3.52121
4.78379
4.42643
4.89428
2.60275
4.08103
3.15196
4.67473
4.31779
3.744
4.88899
4.58712
3.73383
4.23341
4.95523
4.11103
2.84887
1.6368
4.37128
4.94146
1.48022
2.48626
4.59245
4.37104
3.12836
3.77553
2.54205
4.33428
3.78837
4.14045
4.79361
4.01148
3.19051
2.62956
2.8699
4.72757
4.73886
3.97249
4.41629
4.3026
4.35541
4.81738
2.66286
4.49735
4.0043
4.53395
4.57946
4.66286
3.13753
4.8105
4.37958
4.53609
2.43393
4.0889
3.70343
4.83449
4.20643
2.90225
3.57647
3.02639
4.7417
2.98567
3.77263
1.55091
4.51515
2.36666
4.20322
4.28351
4.97237
4.27792
4.28218
3.72204
2.85819
4.66415
2.31489
3.91024
3.53237
4.63534
3.77039
2.43178
1.59516
3.04744
1.59333
2.44638
2.53228
2.58288
3.85532
3.02878
4.2641
3.7961
4.45126
4.7455
4.38731
4.2775
4.66238
3.90947
2.79578
4.66313
3.13089
2.50971
4.23978
4.14491
3.85857
4.38739
4.75325
4.56154
3.54636
2.91255
2.99854
4.5573
3.62853
4.31484
4.93139
4.10233
4.91532
3.63243
4.61838
4.49737
3.45401
4.90098
4.88202
2.6559
4.57649
4.4765
4.23087
4.05675
4.96946
3.8315
4.00114
4.71448
4.47643
4.3521
4.95383
4.3681
4.38486
4.27125
3.95179
4.41031
2.38432
2.8361
2.53574
1.51795
3.10184
4.65483
3.80682
2.90774
3.88894
3.90888
3.13788
4.34687
3.73214
4.22046
4.7285
4.6273
4.48138
3.26496
3.72988
2.78523
1.54344
4.6108
2.43775
4.20947
2.34712
3.78166
4.81599
4.3248
3.46317
4.44911
4.32842
2.41593
4.35337
2.83714
3.97452
4.69043
4.3243
3.66927
4.47356
4.39793
4.76201
4.06451
4.9472
4.45905
1.50308
3.03188
4.48508
2.52108
4.3547
4.04061
4.94236
3.79719
2.34072
3.66361
4.49461
3.50531
4.43671
4.42474
2.47267
2.96991
4.60828
4.9753
4.70808
4.42195
4.13786
4.91873
1.52062
2.8351
4.56889
2.90536
2.48967
4.16082
4.24809
4.90193
4.43876
4.25544
3.80543
3.93011
4.56798
4.44371
4.11169
2.78782
2.35813
2.89352
4.27634
2.6089
4.24935
4.45612
4.54668
3.11663
4.35734
4.48466
4.94285
3.68488
4.97187
3.02799
4.34774
2.82873
3.09961
2.45592
4.5039
4.49403
4.78063
3.538
1.64303
2.44709
3.82879
4.65409
2.59258
3.5257
4.4435
4.49109
4.29014
3.79088
3.96152
4.58881
4.17427
2.48406
3.51569
2.92043
2.46715
4.59818
2.92652
4.27512
2.97983
4.28046
4.49601
3.78566
2.39925
1.40667
4.83108
4.24489
4.49959
4.8409
4.97004
4.28077
4.28518
3.92976
3.77646
4.49478
4.987
4.65029
2.43237
3.55147
4.61034
4.52164
1.48791
4.45966
3.73798
3.87307
4.24506
3.86071
2.99291
2.53679
2.95637
3.40917
2.43882
4.97752
4.27524
4.3004
4.40327
2.81927
4.64163
4.26434
4.43926
1.48135
2.39032
3.62452
2.89607
2.62678
3.02043
4.11834
4.58209
1.55421
2.6658
1.74623
4.57288
2.39789
2.45183
4.23889
2.62065
4.35989
3.74613
2.93281
4.22287
4.43387
4.84394
4.69807
3.82473
4.37558
3.75777
4.51045
3.75471
4.28152
4.98111
4.19034
4.78855
3.53523
4.88602
4.68932
3.39237
4.36544
4.79599
2.88692
3.79414
4.55478
4.31196
4.08674
4.91739
2.84753
3.7161
4.3953
1.59803
2.47578
4.53218
4.34833
4.3185
3.89211
4.39698
4.14155
3.53637
2.96316
2.40127
4.6771
3.09361
3.88485
2.66138
4.40502
4.7102
4.99685
3.19345
4.6142
2.73805
4.32596
4.40896
4.22906
4.51159
4.56524
4.40966
4.19913
4.15404
4.99102
3.20299
3.77436
4.82711
4.33213
4.16915
1.50813
3.26998
3.58646
3.19467
2.90602
4.72001
3.50626
4.93059
4.32836
2.58637
2.47707
2.83107
4.48699
3.00839
3.0148
3.88173
3.9869
4.79151
4.44349
4.79924
3.64653
4.46679
4.55231
4.28172
4.36823
4.97372
4.40416
2.5038
4.63394
2.80838
3.61785
4.51862
4.2106
4.91262
4.49509
4.246
4.66032
2.76237
3.30619
4.36905
3.74581
2.46852
4.25339
4.90799
4.22029
3.72643
4.80503
2.40116
4.28524
4.35614
3.51348
2.58101
4.62584
2.94328
4.19441
4.54213
3.90785
4.37866
4.48668
4.63288
4.55109
3.45011
2.77727
4.41873
3.96212
4.16668
4.34519
4.91387
4.53724
4.98544
4.03884
4.09635
4.93982
3.69134
4.89303
4.08853
4.59487
4.21119
4.37488
2.89156
4.52749
3.6509
3.21337
4.88383
4.53738
2.97794
1.60173
3.18636
3.95
2.6144
2.60033
2.52057
4.3561
4.47389
4.55843
4.47274
3.06765
3.50231
2.91493
4.30784
4.63682
3.87668
1.51091
2.4132
4.13241
4.29775
4.56879
4.77009
4.26671
4.22417
3.78665
2.34475
2.82248
3.37254
4.5572
2.41075
1.46237
3.76666
4.59208
2.87086
2.43866
4.35618
4.30858
4.29343
3.72579
4.87372
4.39946
3.79752
4.57633
2.87354
3.86502
4.35233
4.95856
4.33395
3.57234
4.56309
3.458
2.94068
3.80042
4.67965
4.68972
4.30518
4.44429
4.97723
3.67534
3.81231
4.47163
4.36255
4.27237
4.91288
4.87737
4.5788
4.5211
4.32298
4.13254
3.63473
2.36404
1.41332
2.8617
4.62998
4.61849
4.75859
1.85027
3.079
1.36456
2.66441
4.52815
2.81607
4.39198
2.42429
4.0946
4.52787
4.12493
3.52033
4.67324
4.48221
4.33567
2.89987
4.41859
4.99291
3.75924
3.18994
4.16254
4.71891
4.61475
4.81433
3.09207
4.22765
4.33145
3.7239
4.13116
3.62668
4.92047
4.97262
4.10115
4.6337
4.81694
2.72942
1.56114
4.63312
2.35938
4.4184
4.61
4.28607
3.71488
4.00419
4.909
4.9283
3.98026
2.61653
3.41719
4.55223
2.16469
2.62779
4.32193
4.81326
3.23176
2.79984
2.91309
2.36602
4.33855
4.05799
4.33631
4.81584
4.20963
3.52376
2.63455
4.88126
4.8322
4.28716
3.85912
3.92623
4.61548
4.64171
4.81991
3.45108
4.58684
4.00813
4.51471
1.49767
2.30808
2.56915
4.3416
4.1776
4.03707
2.31929
4.25703
3.59462
2.99182
3.75939
4.83878
3.41014
4.56379
4.49929
4.09676
3.52884
4.90641
2.42898
1.55617
3.00953
3.72824
4.36116
4.62151
2.57905
2.9047
4.49033
3.96574
3.81624
4.39457
1.61111
2.78688
2.6154
4.63835
3.66108
2.97079
2.45926
4.26029
4.9215
4.35983
2.3831
4.22023
2.88811
3.80394
4.21504
4.39425
4.66273
4.88124
4.28226
4.2642
2.43381
4.24294
4.84776
2.39904
3.7669
4.3784
4.66885
3.75498
4.93041
4.39893
4.40263
3.62603
2.99222
4.2258
4.43735
4.96742
4.61266
3.43799
4.33977
4.35591
4.99189
4.46194
2.87119
4.38542
4.72902
4.67708
4.08312
2.61785
4.31322
4.44206
3.85741
1.36984
1.61628
4.71702
3.8415
2.76425
1.51733
2.85857
2.35669
4.24011
4.33607
2.60614
2.38805
4.4794
3.8123
4.92492
4.10205
4.58041
2.80419
3.45346
2.7226
4.88682
4.63864
2.9798
4.63251
2.56429
4.40554
4.23558
3.89587
4.24153
4.22382
2.45074
2.27248
3.8895
4.66354
3.53018
2.79938
3.72092
4.64961
3.7181
4.56372
2.74465
4.40859
2.35219
4.21953
3.87022
4.34222
4.20763
4.84448
3.71213
4.6914
3.81542
3.81888
3.7733
2.99317
4.2588
4.40583
4.85372
4.9702
4.94904
3.36905
4.48171
4.73269
4.67237
3.69314
4.26252
3.98928
4.14981
4.44888
4.89732
4.86965
2.86629
4.54686
4.14937
4.21973
4.74617
4.98765
3.06799
4.49667
4.44628
4.18591
4.28166
2.36685
4.7694
4.54244
3.79312
4.40954
2.49299
2.51531
2.36445
2.83578
4.63368
3.94454
3.83031
2.73486
4.80506
4.34903
4.35361
4.06823
4.41408
3.28277
4.53515
4.4032
4.2796
2.52906
3.78567
2.80711
4.60884
3.70235
4.89631
4.25043
4.97337
4.30319
3.6718
2.44623
4.90806
4.37188
3.1827
4.02454
4.68389
4.50327
4.02292
4.8944
3.94818
3.53944
4.5745
4.95832
4.67497
4.55637
4.29697
2.52828
2.58103
3.59996
2.93676
4.80471
4.75935
4.9726
4.318
3.72611
4.89099
4.37346
3.92282
4.50828
2.61331
3.36349
4.6758
4.47856
4.01109
4.27332
3.6496
4.98807
4.58641
2.22786
4.11238
4.16562
4.99952
3.55816
4.94839
4.78169
4.62449
4.35441
4.00317
4.26109
3.60826
2.60141
2.55707
3.03443
4.79906
3.18455
1.52209
4.88351
4.45627
3.80315
4.98598
4.45337
2.56838
3.00126
2.51783
4.08388
4.59717
3.66554
3.10672
4.5425
4.38367
4.52136
3.70572
4.87859
2.92531
1.37623
4.34329
4.39429
2.91819
2.36281
2.2667
4.4641
2.37241
3.61649
2.36292
3.29494
1.47332
4.55137
3.7701
2.39248
4.71132
3.87273
2.85682
4.22356
4.20071
3.70127
2.31449
4.10348
4.8844
4.9523
4.61388
4.99081
4.37921
4.40051
4.46283
4.62271
2.87783
4.35896
4.82401
4.15816
4.55462
4.98723
3.82526
4.5248
3.79519
4.04389
4.7833
2.55124
4.28268
4.95589
4.11673
4.87571
3.64023
4.38207
3.52416
4.03971
3.68475
4.23185
4.00995
3.43656
4.7161
2.74616
4.62269
4.95235
4.91402
4.27802
4.14479
3.3888
2.56011
4.58429
4.32006
1.5204
2.34616
2.82533
3.41955
1.48156
2.79278
4.03898
3.70114
2.79377
2.34417
2.50254
3.01662
4.54666
3.87587
4.3248
4.18582
3.88083
3.76609
4.48896
4.33512
4.84118
3.7222
2.84889
4.3219
4.20867
3.68288
4.1999
4.74921
4.16937
4.2494
3.32259
4.68732
4.87391
4.75908
2.56304
3.62275
4.85693
4.38788
4.01393
4.91021
4.33003
4.92262
4.15992
2.52498
4.64606
4.4275
4.50682
4.40441
4.05251
4.23845
4.98004
3.19289
4.61809
4.1882
4.89171
2.6658
2.57255
4.8838
4.18583
3.7369
4.44354
4.96433
3.00336
4.9784
4.62013
3.87433
4.3906
4.80458
4.56424
2.35746
4.13552
4.27171
4.95378
4.99126
3.74332
2.46142
4.51253
2.93708
4.32448
4.93641
4.55278
3.89383
4.29202
2.93147
1.53081
2.46275
4.17589
4.96057
4.51453
4.32913
2.53429
2.90599
4.96237
3.55214
4.3652
4.33554
4.5703
4.55464
2.97374
4.28467
4.91339
4.24122
4.93909
3.44909
4.9036
3.72828
3.84941
4.53422
4.3938
2.55464
3.68268
3.01995
1.55488
4.35569
2.81357
3.77383
2.51163
4.32678
3.05043
2.58406
4.34803
4.6301
4.71264
4.90052
4.2527
3.57726
2.51919
3.43364
4.4645
1.44944
2.83462
4.71411
3.76464
4.68567
2.90911
2.27332
3.73446
4.21985
4.31667
3.80322
4.11864
4.92564
4.44785
4.33733
3.95935
4.56599
3.9179
4.45766
2.58118
4.93675
4.26943
4.25344
4.96425
4.42669
2.97532
4.4358
4.31033
4.53355
4.40168
1.47126
4.3253
3.72965
4.18868
3.87962
3.85438
4.89033
2.83474
2.90976
2.37287
2.35912
4.26057
2.67295
4.32634
2.82844
3.49831
2.35281
1.42836
2.50302
2.55524
2.55702
3.77743
3.82335
2.94107
4.93024
4.34628
4.71883
4.63044
4.28831
2.29929
3.54481
2.90378
4.39794
3.49797
4.42829
4.18077
4.84834
4.30862
4.6331
4.18094
4.37537
2.64042
4.46061
4.93392
3.93451
3.85403
4.40364
4.30805
3.07377
3.59831
4.62548
4.98765
3.35138
4.36537
4.25334
4.73728
4.97996
2.82786
4.45958
4.38049
4.0357
3.78377
4.81966
4.58443
4.24448
4.3047
4.34361
4.4551
4.73297
4.88112
4.34584
3.74784
3.3238
2.49915
2.75316
1.49402
4.52019
2.68846
4.24236
2.87209
2.36839
4.54901
3.67285
4.18438
4.9609
4.8413
4.18827
4.02049
4.81229
4.38783
4.0965
4.44089
4.7148
4.34149
3.05042
4.36647
2.6503
2.47941
4.95726
4.955
3.68472
4.73741
3.79218
4.21629
3.6593
4.79149
2.51833
2.97586
4.4952
4.02943
4.72397
4.35874
4.5567
4.58442
2.88054
2.7192
1.69289
4.32836
2.41139
4.14175
2.8746
3.45332
2.42231
3.4981
4.63836
1.54786
2.90452
3.65497
4.4734
3.81767
2.73788
3.00987
4.4283
4.18288
3.81434
3.57974
4.47177
4.91592
3.88672
3.97925
4.45632
4.57608
3.49362
2.53784
4.77087
4.35674
4.47108
4.26097
4.26508
2.90765
4.67983
4.42862
2.43981
2.54677
1.44387
2.76496
1.71913
3.63088
2.93705
4.57881
4.26858
3.81902
2.45181
2.8776
2.55441
2.85038
4.47608
3.50312
4.20437
4.07314
3.74117
2.37565
4.20424
4.96022
2.55115
3.88806
4.9044
4.38194
3.73669
4.35571
4.59889
2.98502
2.43971
4.14301
4.31787
4.98034
3.66547
4.32835
2.93005
4.83543
4.51733
4.31383
4.04417
4.8576
4.30288
2.50653
4.11451
3.92543
3.10285
4.77947
4.41619
3.90922
4.33962
2.67584
4.94203
2.45019
4.15759
3.72066
2.94964
4.45756
4.78719
3.901
4.9884
4.65425
4.23229
4.34034
4.86483
4.47066
4.40162
4.84047
4.87102
4.29703
4.47929
4.9465
4.40668
4.0014
4.99037
3.56415
1.46077
2.90841
3.99347
1.41328
2.86913
4.56558
3.08756
2.52801
3.87546
4.37292
3.70072
4.27031
3.51354
2.20102
4.46711
4.20101
2.80271
2.33787
4.72573
4.30132
4.52068
3.78164
4.8894
4.97178
2.61933
3.65661
4.16099
4.7227
4.46906
4.13955
4.86476
3.75148
4.36679
4.27171
4.21568
3.21778
2.63264
4.6014
4.29346
4.75271
3.74929
4.37877
4.79239
4.97294
4.11362
4.43608
4.10489
4.35501
2.49322
3.86764
4.5045
4.45839
3.92953
4.56188
3.54542
4.17937
2.93975
4.43048
4.17893
2.55892
4.53643
2.99827
4.47451
4.62784
4.78453
4.90204
3.83323
4.32421
4.23461
2.43643
4.0673
4.31734
4.91486
3.55788
2.95582
2.99809
4.62557
1.60221
4.33116
4.56378
4.31679
2.84264
4.96891
4.21933
4.95785
4.2972
3.85687
2.47197
3.35625
4.63645
4.50837
4.28629
4.7166
2.87149
4.28041
3.60731
4.48022
4.95995
2.4311
4.45585
4.89144
3.78851
4.37871
3.8212
4.29167
4.88293
3.56205
2.48398
2.96407
4.62267
4.32667
4.52706
4.94687
3.81553
2.91165
2.93997
4.45485
1.66344
2.55459
3.44478
4.20468
4.51073
3.56076
2.21376
2.4383
1.42779
4.49653
3.80517
2.8628
4.50133
3.69688
3.68249
4.21546
4.12336
2.89006
2.23375
4.91143
4.08266
2.65605
4.35124
4.27727
3.80766
3.80297
4.51498
4.31295
4.81763
4.87359
2.40451
4.17187
4.14509
4.99881
2.8748
4.53149
4.50317
4.20942
2.34163
2.65728
2.31868
2.50058
3.6188
3.92033
2.61537
1.57253
4.42913
2.57291
2.99815
2.45535
4.30739
2.97514
2.93797
2.72685
4.2205
4.53257
2.46471
1.47025
3.72654
4.45045
3.88551
4.89551
4.00514
4.15654
4.28421
4.32888
2.99507
3.77969
3.89131
3.86348
4.33249
4.67477
3.28968
3.50375
4.25811
4.17807
4.9666
4.3357
4.63567
4.46846
4.54128
3.78794
3.68562
4.99415
4.84656
4.39852
4.24951
4.36247
4.45588
4.2282
3.92056
3.93942
2.88233
2.84063
4.68004
3.52811
3.45777
4.36319
4.87238
4.75344
4.46211
4.42238
4.45809
4.32816
4.60307
3.74455
4.62469
4.99574
4.9689
4.68599
4.86718
3.455
3.21494
4.82955
4.1245
2.82974
2.29704
1.35103
3.42207
2.27631
2.80555
4.02538
4.79027
3.66029
3.58805
4.22462
4.7311
4.97879
4.04873
3.58569
3.99475
4.51426
2.705
4.03621
4.45634
4.3951
1.79555
1.52603
4.89825
3.90478
2.41334
3.80525
4.20141
2.49795
2.95696
3.96689
4.27308
4.36071
4.59448
4.70301
3.8271
4.35802
4.2512
4.03943
2.67535
3.70733
4.24759
4.53913
2.7767
4.41078
2.6821
4.51839
2.41578
3.48487
4.73037
4.13933
4.25127
3.0529
2.57547
4.3583
4.23687
3.10958
4.45154
4.42357
4.80386
4.38411
4.54168
4.47857
4.77584
3.02909
4.63404
3.96713
2.54365
4.59256
4.45811
3.9935
4.24768
4.96572
3.6677
4.39109
3.74177
4.36476
3.00601
4.92431
2.45626
1.49971
2.5317
3.34978
2.94461
4.55588
4.38206
3.01196
3.85572
2.81268
4.25586
4.90353
4.16135
4.56832
4.20172
4.37912
2.34933
2.78844
4.41519
4.68639
2.89538
2.43693
4.97237
3.62289
4.13334
4.21674
3.78923
4.206
4.51488
2.51624
4.80236
3.69869
2.86709
4.39008
2.51274
4.4831
4.49581
4.60731
1.42428
1.59187
3.03889
2.51023
3.62271
4.99876
4.39349
2.46027
4.3129
4.47221
3.8323
4.43325
3.82169
3.76818
3.79443
4.40128
4.26079
4.28536
2.74891
2.86157
4.59496
2.86203
3.74329
2.41619
4.8642
4.36085
4.25995
4.18762
4.69913
3.53336
4.20418
2.51652
2.71176
4.95026
4.16607
4.11723
4.40476
2.89946
1.42959
3.47628
2.87106
2.42411
2.79191
4.94411
4.98508
4.54648
4.47804
2.43342
4.38836
3.90229
4.50261
4.67401
4.56816
4.39967
4.6809
3.78113
2.97602
2.48137
3.52518
4.82103
4.45709
2.6112
4.25975
3.85915
4.6186
4.95952
4.30389
3.88056
4.4613
2.92715
4.25365
4.98327
4.14132
4.63842
4.23435
2.88887
3.76493
2.58321
4.51385
3.80274
1.53014
2.37135
4.81265
3.43347
4.08673
4.24792
3.95943
4.30314
4.66431
3.70494
4.86751
2.47386
4.75109
4.07965
4.26697
4.45125
1.61129
2.9153
4.47298
3.00332
3.96786
2.37109
4.25661
4.21423
4.61077
4.47854
4.29784
4.40892
3.82003
4.3374
4.60429
2.41009
4.80794
3.74156
3.80231
2.86415
4.78293
2.46322
1.4916
2.6948
3.54388
4.4999
4.72772
4.45312
4.9783
4.16651
2.48164
4.39013
3.78618
2.94677
1.49864
3.00358
3.70157
4.51572
2.35612
4.88958
3.27174
4.41292
4.21357
2.39419
4.42821
4.28733
2.81459
3.71987
4.82594
4.94978
4.6441
3.87702
4.39902
4.38841
4.40439
2.65649
3.98513
4.59321
4.65879
2.74211
4.55144
3.87832
2.51611
3.58239
4.25744
4.24835
4.25474
4.38783
2.51352
2.72857
4.89985
3.69109
3.1167
4.26362
4.29078
4.23465
4.54293
4.56096
4.45643
2.96889
4.44674
2.47305
4.92201
4.19001
4.2973
4.18208
3.80499
2.99282
2.40697
2.9006
2.54074
2.60633
3.85101
2.50903
2.56616
1.54658
1.39713
3.81271
2.23993
3.82513
2.4739
3.0143
2.85855
2.52685
2.88714
3.91235
3.79122
4.80382
4.23422
4.28169
4.9521
4.35021
4.39802
4.51039
4.67915
2.78433
4.57292
4.60733
4.84596
4.90403
3.54278
4.20388
4.06516
3.42226
4.46547
4.27681
4.42892
4.71679
3.61841
4.57369
3.93326
4.33325
4.86951
4.38061
4.47
4.73099
4.33311
2.72826
2.97364
3.92581
3.62423
4.57325
4.99858
4.85797
3.54329
4.32697
3.3062
4.43057
4.37232
4.39607
4.42108
4.32293
3.72533
3.95078
4.93437
4.92891
4.99395
2.83699
2.5307
1.50053
1.49549
2.35992
3.79097
2.96009
2.55655
3.48342
4.5426
4.57474
4.33723
4.92644
4.30841
4.62454
4.9712
3.07513
4.48332
3.76441
3.91708
4.43741
4.48431
3.48495
2.3982
2.46263
4.35803
4.3034
4.99147
4.17186
2.72338
3.82245
4.6248
4.52322
4.43237
1.46167
3.51723
1.44537
2.51079
2.93827
2.41921
2.77643
4.22936
2.87739
3.79464
2.52896
4.30648
4.89359
4.08254
4.37781
4.7988
2.50191
4.3674
4.16518
4.42822
4.51731
4.52429
3.87683
4.31212
4.60742
2.98888
4.93373
4.2813
4.7543
2.57644
3.49765
4.18478
4.2192
4.95839
3.54819
4.39706
3.74671
4.6009
3.08063
4.89611
4.62544
4.22199
3.60951
1.47774
2.43718
2.42703
3.73995
3.43695
4.22218
2.83771
1.53065
2.96973
2.45553
2.96475
2.53888
2.99159
4.42062
4.36205
3.84993
4.95995
4.93931
4.9485
4.99459
3.95039
2.81713
3.76904
4.32029
4.12605
4.44737
3.63848
4.87123
4.09658
4.61154
3.36399
4.50048
4.40347
4.99682
4.31863
4.71796
4.18734
4.43361
4.93611
4.43606
3.85135
4.48228
2.86148
1.48694
4.56205
1.44573
3.74219
4.59944
2.45829
4.20938
4.22897
2.27568
3.51502
2.99829
4.28545
4.64291
2.51676
4.74597
2.79524
4.21736
2.63756
3.63868
3.96278
4.59866
4.53748
3.79683
3.96977
4.21755
4.21624
4.30486
4.90549
4.32756
4.90291
2.95303
1.53416
2.50517
2.80629
3.79808
2.47379
2.37886
3.31897
3.67686
4.21023
2.81307
2.42417
4.14067
4.6059
4.91757
4.41518
4.95178
3.8766
4.63373
2.63612
2.43135
4.19163
4.99066
4.38679
4.35496
2.86333
4.74436
4.49062
4.97448
3.78364
2.92143
3.59202
4.36296
4.56946
4.00176
4.42479
4.95068
4.27468
3.88424
4.18539
4.54087
4.24397
4.34038
2.49509
3.51174
2.28855
4.96641
4.54374
2.82182
4.45276
4.97904
4.57429
3.68499
4.52721
3.62487
3.0283
4.14162
3.83363
4.3452
4.30469
4.2486
4.32331
4.28105
4.3946
4.94518
4.89843
3.76584
4.79607
4.99409
2.47652
3.70629
4.27529
3.54582
2.94489
2.95762
3.60077
4.72403
4.37397
4.65226
4.71653
4.44399
4.26196
2.50994
4.93658
3.83305
4.07298
4.29644
4.59926
4.98451
4.60353
2.88043
2.81855
4.10121
4.93656
2.32056
4.47144
2.36576
3.80564
3.40742
2.68084
4.10435
4.23366
4.85681
3.82674
2.89291
4.42461
3.68452
4.62028
4.89498
2.68451
4.75327
4.5692
4.98955
3.06463
1.60059
3.75053
4.58574
3.06315
4.29677
4.9338
2.60663
4.42042
3.83448
3.54252
4.81375
2.55824
3.87195
4.53455
4.27195
4.27511
4.33969
1.44129
4.53785
2.89639
3.81545
4.27559
2.4747
4.31228
4.43752
4.83155
4.02032
1.42935
2.49022
2.52505
1.64797
2.8762
4.49129
4.22331
3.5329
2.96314
3.82614
4.47525
4.49021
4.42969
4.92384
4.42936
4.16046
4.88466
4.22821
2.82902
2.72794
4.58428
3.78937
4.6019
3.75415
2.29839
4.30601
4.4485
2.40054
4.58947
2.37801
2.91236
4.33053
3.77722
3.43163
4.55467
2.58091
4.29381
2.97386
4.96638
4.93177
4.57087
3.71855
2.91869
3.00429
3.65602
4.28292
4.19817
4.42143
3.5422
4.23074
4.58387
4.53846
3.55915
4.4568
3.84094
2.94789
3.83091
4.59628
4.5698
4.26113
4.11331
4.45271
4.98211
4.44721
4.71213
2.90029
2.83694
2.5182
4.18371
4.52627
3.52008
4.2873
3.47816
4.5535
4.61143
3.69687
4.34884
3.81726
4.25321
2.92486
2.36162
3.31159
4.17181
4.32609
4.35867
2.5117
4.66712
1.47271
3.85865
3.15121
4.80347
2.79146
4.3232
2.81018
2.50905
4.56443
4.27503
2.87895
3.57003
4.41786
1.67338
3.79644
2.46669
4.24899
3.8977
2.44432
4.22921
2.62039
4.78979
4.99665
4.44221
3.82743
4.74762
4.65477
2.97644
4.33576
4.5701
4.94427
4.1976
4.348
4.63018
4.93121
2.45167
4.84596
2.57097
3.60111
4.33175
2.9668
4.3521
3.98269
3.9113
4.56783
4.56866
4.96473
2.40741
1.45596
2.768
3.69183
4.0428
2.4037
1.50274
1.49805
2.63675
4.54002
3.93923
4.87702
4.87417
4.46681
2.96037
2.94438
4.08209
4.20605
4.40525
4.81278
3.31275
4.15845
4.86651
4.46223
4.57217
3.65141
4.61814
4.69106
4.45506
4.35365
4.55324
4.12439
4.30152
4.43755
3.78363
4.55684
1.53903
4.33109
4.661
3.8754
2.49376
4.46643
4.35263
2.61872
2.52163
3.59841
4.52456
4.54263
2.86605
2.60526
2.87529
4.75193
4.40961
3.77498
2.97042
4.62395
4.56724
3.88766
4.29678
4.29951
4.28976
4.49556
4.96549
1.52026
3.7137
4.79691
4.23422
3.79178
2.86268
3.54758
4.61741
4.73905
4.41684
4.45808
4.31989
2.64947
3.94721
4.49026
3.86415
4.60983
2.91022
4.20758
2.43856
4.29801
4.6956
4.35875
4.60382
2.46288
3.50737
3.01614
3.95231
4.79351
4.45235
2.49811
4.22595
4.94303
3.86611
4.4647
3.95128
4.28972
4.63407
2.89955
2.90521
4.44956
4.09473
4.89511
2.43837
2.31019
4.15459
4.8271
3.47983
2.68906
4.18745
4.37512
4.89975
4.95308
4.46303
4.32278
4.40451
4.76077
4.63788
1.52632
3.7331
3.7038
4.46783
4.07874
2.55091
4.23924
4.0987
3.85785
2.3253
4.18521
3.58931
4.93964
2.82472
2.48553
2.3712
2.93744
4.26339
4.32556
4.92906
4.67646
3.94641
4.31712
4.23039
4.29438
3.40077
4.32143
4.32484
4.97651
3.79627
4.58798
4.26157
2.84631
3.8338
4.45757
4.96251
4.63197
3.07064
4.60064
3.67158
4.83059
4.36944
3.82998
4.97254
4.70497
4.45912
4.17684
4.23487
3.5665
2.54619
4.09316
4.34463
4.97616
3.7666
2.91802
2.9012
4.41381
4.53739
4.66671
3.36811
4.66567
3.82102
4.18293
4.80665
4.2947
2.5775
4.37142
4.33582
4.54166
3.98575
2.55362
1.43928
2.61644
1.53351
2.50133
3.29083
2.9086
2.54581
4.33972
4.23794
3.85985
4.54353
4.3554
4.99908
4.22126
4.41096
2.36084
4.43016
3.77861
3.05837
2.97277
3.64131
4.35346
3.54452
4.45137
4.61051
4.69134
4.32461
4.11651
4.44915
4.99832
4.57612
4.00796
4.98128
2.42863
2.58523
4.2092
2.37889
4.34159
4.3668
3.77124
4.46871
2.74707
4.63216
4.4106
3.91983
4.60858
3.47601
4.57139
3.05241
4.17044
4.33882
4.90057
4.29401
4.99506
4.46582
4.48751
3.91677
2.92611
2.53153
1.52113
2.38179
4.10502
3.92464
3.60989
4.63483
4.61847
4.38465
2.68407
3.87356
4.19852
3.96102
4.30825
4.35473
3.65492
2.54745
4.97646
4.51028
2.47853
4.29481
1.4641
4.73877
2.90956
3.72744
3.20129
1.63559
2.93545
2.59536
4.71203
3.63975
3.90942
4.51647
3.00773
2.56399
4.46693
4.6918
4.32467
4.1478
4.19902
4.7798
3.786
4.29257
4.35436
4.78035
2.41128
4.99136
3.65848
4.44587
4.3694
4.68317
4.21152
2.88056
4.42671
4.81447
4.56276
2.33162
2.40381
3.56931
4.32461
4.66953
2.76284
3.87092
4.4653
4.35742
3.97999
1.74848
2.32769
3.70678
4.18634
3.2675
1.46004
4.4128
3.61461
4.09302
2.51909
4.11401
3.0093
3.81351
4.90342
4.38394
2.52879
4.54059
3.85645
4.17115
4.99887
2.40105
2.48668
3.95243
2.88084
3.54311
4.71766
4.32155
4.45468
4.95403
3.69398
3.11932
4.50147
4.27481
4.59852
4.33004
4.69953
3.95682
2.75988
1.52282
3.06145
2.83642
3.97133
3.0886
4.26913
2.40318
4.49179
4.7115
4.43507
3.02473
3.68529
4.71529
2.66735
4.59212
4.53719
4.70928
4.50413
4.45617
4.55841
3.84114
4.06562
4.29194
2.69736
4.39646
4.01327
4.60418
2.92257
4.31265
4.59902
2.56349
4.93888
2.96923
2.52143
4.34922
4.70342
4.40034
3.3905
4.31139
4.5184
4.35362
3.79073
3.78432
3.01538
1.5716
4.47429
2.55037
4.63935
4.37178
2.90416
3.59518
3.82399
4.31597
4.89132
3.72599
4.65291
4.25224
4.29328
3.10943
4.22405
4.5834
2.54267
3.62415
2.40908
4.29932
2.46307
3.67701
3.71267
2.74945
3.80544
4.34119
4.92829
4.61811
4.41325
4.36365
2.41005
2.83587
3.42103
1.41063
4.96777
4.8624
3.91393
4.34941
3.90056
4.98867
3.37624
2.41264
4.84554
2.47848
4.03294
4.32006
4.30286
2.75113
4.55519
4.49559
1.49323
2.74081
4.03825
4.59928
2.45288
4.25704
3.74269
4.82713
3.0715
1.54282
2.72639
2.56196
2.92329
3.89567
4.50164
4.2516
4.307
4.52331
4.11159
4.3582
4.61898
3.05726
1.51473
3.90999
3.79256
2.37216
4.25573
4.2072
2.66447
2.41061
2.34298
2.85232
4.66161
4.26444
3.58169
2.89753
3.916
4.35406
4.49402
3.7245
3.91275
3.74256
2.79435
4.30914
4.19547
4.29981
4.92306
4.08591
3.63191
4.4474
4.44897
4.59178
3.50736
3.75246
3.67366
4.61769
4.38076
4.13379
4.31523
4.2831
4.94653
2.39435
3.1101
4.36133
4.43258
4.91398
4.29124
3.74573
4.84633
4.32396
4.27625
4.84914
2.59379
2.6115
4.13174
2.71738
4.47266
4.36059
4.03992
3.7645
2.81577
4.23508
4.60214
3.45599
4.3578
4.72577
4.20816
4.82093
4.57763
3.92641
4.92458
4.30292
4.39741
2.39891
3.39923
4.34542
2.92087
4.46056
4.63815
3.93151
3.84019
4.60859
4.22093
3.07137
3.41333
4.29758
4.57552
4.38579
4.20251
4.33934
4.77824
4.33542
4.98922
3.85946
4.9674
4.59637
1.56768
4.17587
2.55635
4.26557
3.82009
4.88844
2.40211
2.41403
4.16592
4.25045
3.79219
4.88655
2.56935
4.69202
4.07733
3.4257
4.69484
4.48679
3.6436
4.7113
3.95492
3.93431
4.46363
3.19049
2.84486
4.65728
4.91967
2.47035
4.4813
4.43717
4.60915
4.29846
2.91301
4.73136
3.87847
1.70557
2.96235
4.8897
3.06267
4.31723
4.14642
2.44256
1.57281
2.47141
3.78272
3.09609
2.46006
4.70037
4.91329
4.52987
4.76644
3.62693
4.27961
4.38961
4.32125
4.26171
3.73357
2.85758
3.91278
4.78997
4.45838
4.26534
2.83379
1.50649
2.75445
4.03969
4.14272
2.36876
4.42194
4.29302
4.84345
3.06478
1.53782
4.99005
2.78638
4.58586
4.25802
2.47946
4.16152
2.26917
3.68693
4.87569
4.43531
3.8006
2.93432
3.50747
4.47648
2.89582
4.26141
4.32506
4.15562
4.53314
2.56897
3.02748
4.9427
4.36116
3.94532
4.69751
4.43375
2.50037
4.36683
4.40289
3.68831
2.61669
3.86721
4.7305
3.59631
2.97943
4.33004
3.68077
3.86001
4.323
4.33123
4.19891
4.71968
3.79081
4.38007
2.41377
4.41195
4.2551
4.66222
3.5378
2.37554
2.74769
1.4635
2.8559
2.42855
2.45388
4.50172
3.69303
4.39538
3.02158
4.57192
4.36488
4.65782
4.35185
4.91994
4.29782
2.265
3.46096
2.60888
4.50677
1.41847
2.79925
3.62153
4.6949
2.42902
2.87657
4.30553
3.91488
4.26808
4.3952
3.93188
4.33354
4.17341
2.55163
4.38292
4.17924
4.45106
4.63535
4.28729
2.94705
2.3564
4.44677
4.1987
3.41906
3.66205
4.26455
4.54794
3.83122
4.89399
4.35639
3.95275
4.57268
4.30798
3.91598
4.20209
4.9825
4.55268
2.9666
4.27463
4.67581
2.49036
3.72601
4.50782
1.53392
4.27163
3.8793
4.44033
3.76867
4.15541
4.44187
4.21191
3.54555
2.55307
4.82651
2.3496
3.54169
2.92396
2.73123
4.2028
4.72996
4.24376
2.45791
2.92318
4.25274
2.5345
3.83603
4.64007
3.68504
4.32168
1.60296
2.514
4.25653
3.83635
4.60964
4.40477
4.28948
4.93692
3.58625
2.89865
4.60127
4.12929
2.91922
4.288
4.40573
2.97334
2.57272
3.35791
2.35795
4.9373
2.52865
3.00051
2.92539
2.83118
4.19099
4.552
4.24849
4.99903
4.26255
4.90312
4.90447
2.46198
4.86323
4.53523
1.42042
4.4944
3.856
4.41796
3.73007
4.31309
4.29053
3.82899
4.20927
1.38778
2.7688
1.4439
4.1382
4.47148
2.39289
3.62253
2.93901
4.48605
2.91395
3.45337
3.85877
2.89639
4.26226
4.29426
3.81471
2.45716
4.42946
3.30111
4.16502
2.40158
4.36958
4.17524
4.95074
4.64132
4.95881
2.6624
4.9436
4.27709
4.11311
4.43668
4.30854
3.8771
4.94034
4.84004
3.39004
2.63468
4.45332
4.16061
3.94432
2.97334
4.32294
4.66096
4.43213
3.832
4.42813
4.07333
4.52563
2.5205
2.55241
4.36927
3.62643
3.04708
4.47121
4.58876
3.84087
4.99638
4.55471
4.32262
4.45441
3.78418
4.69164
1.60375
4.38123
3.86315
3.984
4.58226
3.79954
2.94671
2.89331
2.51943
4.64147
2.92122
2.60547
2.87589
3.58068
4.1681
1.40399
2.44977
4.94932
4.45968
4.96305
4.27631
4.38775
2.50747
2.97949
4.69112
3.77244
4.66595
4.24596
4.5589
4.40895
4.26959
2.37134
3.80023
3.79205
4.47255
4.14526
2.84671
4.62249
4.77533
2.43242
4.15304
4.90472
4.29271
4.41844
4.36407
4.27072
2.44398
3.30677
2.90612
4.51862
4.78268
4.24063
3.7214
4.74347
4.48656
4.2402
4.79158
4.22446
3.75802
2.34958
2.34772
3.68207
3.55848
1.48145
4.17542
2.381
3.95337
2.53268
4.30541
2.56411
2.99152
2.63517
2.57073
2.95198
4.35321
3.05027
2.61338
1.66246
3.99145
4.52755
4.25736
3.79243
2.85658
4.63723
2.9295
3.915
3.70914
4.37441
4.16005
3.17876
4.38042
4.19933
4.75142
4.35276
2.74257
3.82614
3.67259
4.95686
4.79636
4.21326
4.09591
4.27767
4.59432
4.30161
4.29676
4.97143
2.95
3.01971
4.56561
3.98741
4.55893
3.5599
3.42331
4.99849
4.31292
4.5377
4.34947
4.34148
4.54797
4.50126
3.94159
4.87223
4.93234
3.39037
1.48144
4.28836
1.4894
3.43864
2.38993
3.01477
2.53143
4.93508
4.28806
3.91511
3.68824
4.9202
3.02687
4.96189
3.77879
4.25098
3.84803
3.55509
2.90074
2.99216
4.50237
2.24763
3.37531
4.72421
4.4005
2.84179
2.4294
3.77174
4.30326
4.35124
4.58488
4.50717
1.6538
3.76437
4.22876
3.85353
4.37479
2.50593
3.99479
4.30257
2.84994
2.82987
4.18791
4.57567
4.35317
4.27517
4.60701
4.58476
2.7057
3.56986
4.47989
3.00735
4.95856
4.41193
2.60973
4.655
4.51932
4.63347
4.68031
4.47043
4.4849
3.86892
2.58433
4.91809
4.18481
3.80564
4.25033
4.39698
4.45405
4.20859
2.83818
4.84208
4.12957
2.53308
3.47216
2.47618
2.82522
4.9716
3.42799
4.53433
4.23127
2.83975
4.61696
4.62372
2.84973
3.7121
1.41043
3.04973
2.35066
4.775
3.35064
4.39311
3.7091
4.25577
4.4616
4.51376
2.99632
4.88824
2.60569
3.87637
4.47814
2.95805
4.30725
4.81784
2.51946
3.83619
4.35276
4.17623
4.60922
4.98362
4.68164
4.25905
4.33228
4.4165
4.00775
2.80359
1.57459
3.88253
2.98795
2.61701
3.58786
4.24069
2.53105
4.56156
4.37144
3.89889
4.27129
3.82595
3.12882
2.52677
4.25456
4.27406
4.42137
4.57215
4.56173
2.42534
2.90385
2.84473
2.53571
2.91978
4.42547
4.70173
3.57845
4.18277
4.9822
4.07244
2.51496
3.62972
4.59753
2.75532
2.84032
3.94798
2.49658
3.9203
4.43842
1.49015
2.47144
3.8057
4.92483
4.62092
4.36204
2.58164
4.85473
4.25733
4.75183
4.88897
4.24832
4.57519
2.93013
4.43049
3.47106
4.9188
4.9986
2.36322
4.42731
4.32019
3.86535
4.4333
3.76896
4.27433
3.16675
2.99245
4.61545
3.96418
2.61213
3.83896
3.9383
4.27893
1.66271
4.32419
4.72457
3.62319
3.49472
4.25251
4.36571
3.4202
2.55473
4.57337
4.62045
1.62968
3.81391
4.89363
2.85564
2.48123
4.69122
4.30045
2.87923
4.18689
3.04411
2.91567
2.41772
2.57481
3.14714
2.36046
2.45871
2.43781
1.57139
4.44948
4.34992
3.83598
2.46184
1.53006
2.39243
2.96646
4.4855
2.49983
2.87442
2.99196
3.78473
3.77611
3.8736
2.89308
3.57722
4.38437
4.16976
4.7644
3.55765
4.45293
4.33653
4.3188
4.68315
3.8753
3.80252
4.99073
4.23378
4.60563
4.63956
4.33224
4.29831
3.85327
3.87558
3.73848
2.93233
4.43748
4.88051
3.49641
4.21364
3.70219
4.52986
4.49237
4.21595
4.71225
4.43092
3.86342
4.98742
4.86867
4.84048
4.85267
2.79963
1.41441
2.63115
1.58216
3.83539
2.94229
2.61194
3.08181
3.84482
2.53021
3.80211
2.46757
2.8738
2.55793
4.99723
4.67013
4.90696
4.1068
2.51409
2.56348
4.37762
3.46964
4.2512
4.66971
4.54091
4.95359
2.68175
4.40906
3.94735
3.45489
2.88858
4.20333
4.62366
3.92823
4.39562
2.4648
4.20066
4.92563
4.94449
3.75002
4.39928
4.55446
4.19406
4.15754
4.28166
3.62619
4.18907
4.39321
4.59535
2.97126
4.54189
4.54744
3.99442
3.58468
4.61771
3.03291
4.38486
3.99753
4.3451
4.36803
4.31876
4.97165
3.90034
4.39776
4.90586
2.43446
1.62062
2.31672
3.53176
4.22586
3.00579
3.74009
3.37038
2.63817
4.07117
4.52581
4.91415
4.4275
4.72698
1.67881
3.86914
4.56144
4.13221
4.89871
2.61396
3.87362
3.66535
4.80589
2.54978
2.86209
4.35142
4.97402
4.35249
4.00884
2.94834
4.52258
4.41701
2.85793
4.3067
2.83169
4.40177
4.12568
4.63642
3.90393
4.67531
4.0067
4.46502
4.31168
4.43318
4.28754
4.36739
4.9823
2.54031
3.98004
3.5346
4.3643
4.54359
2.63775
3.78923
4.3091
1.67449
3.86909
3.02316
4.38908
2.43586
4.55937
4.29135
4.32515
1.71259
2.43393
4.33219
3.48243
3.06194
2.59341
4.25904
1.50961
2.5761
1.52148
2.39767
2.92267
4.41175
3.87025
3.02544
3.83084
2.87763
3.73953
4.35376
4.36002
3.50715
4.71421
4.00121
4.43257
4.49102
4.39763
3.49115
4.45909
4.72744
2.7579
4.3698
3.9371
4.63459
4.92863
4.09891
4.39822
3.87368
4.22476
4.36668
4.60651
2.8559
4.62415
2.44192
4.24715
2.7771
3.00812
4.33719
3.61041
4.55739
2.59412
4.35086
4.7079
4.41267
3.09674
2.68785
3.94376
3.78979
4.60781
4.6737
3.89245
3.83403
4.39932
4.2619
4.33998
4.13865
4.91947
3.07909
4.82696
4.77942
3.91358
4.02344
2.48706
2.94252
2.46195
3.85228
4.5414
4.33262
2.82295
4.60703
4.3714
4.98098
4.53076
4.5442
4.11259
4.45887
4.71271
3.03988
3.43641
3.57287
3.53384
4.62351
2.31406
3.70065
4.85727
3.06248
4.46346
4.09595
3.66311
4.31589
4.93469
4.19183
4.29781
4.10295
4.33515
3.31315
4.73778
4.15868
2.97846
3.69583
4.25662
4.43035
1.52354
2.52053
2.69927
2.79299
3.25003
1.52961
4.48704
4.19278
3.71404
2.32225
2.92291
2.56652
4.93893
4.13177
4.15299
4.19031
2.4009
4.12627
4.88733
4.33753
3.89954
2.65445
4.21345
3.66734
4.68403
4.58823
2.41253
2.51591
1.56971
4.49379
4.36722
3.87329
4.18083
2.81577
3.4334
3.00613
4.32388
3.8117
1.43971
1.66953
2.95375
4.53783
4.51199
2.41244
4.2106
4.25716
2.52623
2.92122
4.31556
4.75902
2.50809
3.72615
3.62128
4.54956
3.94266
4.17964
2.59605
3.01291
3.92992
4.84114
4.57566
3.06343
3.88987
4.40364
4.44325
4.24344
3.48652
4.39132
4.70981
4.60662
3.69131
4.93172
3.78762
4.56542
4.78271
4.58902
4.38651
4.43905
4.19956
4.89756
4.16609
4.95987
2.47687
1.4389
4.98419
4.92054
3.83685
4.24068
3.85373
3.54234
2.91102
2.81942
1.44258
4.62091
4.19799
4.92678
2.54699
4.53633
4.36902
4.43104
3.81584
3.46621
2.47744
3.0507
4.62614
3.9173
4.38975
2.4346
4.56234
4.87792
4.25012
3.78172
4.38804
4.68449
2.84339
4.31371
4.29789
4.15953
4.5108
2.92546
2.96174
3.76517
4.2772
4.90625
2.45904
2.36989
3.47733
4.27385
2.93754
4.26703
4.42837
4.64048
3.02788
4.50237
3.96104
4.4214
4.2958
2.38181
4.194
4.82417
4.27345
3.73083
1.43358
4.36864
2.51077
4.54555
4.22749
2.99743
2.45659
1.52467
2.90203
2.56053
4.45271
3.85588
2.85755
2.98682
3.76944
2.9472
4.40455
4.43886
4.98409
3.32752
4.1645
4.41708
4.616
4.60645
3.62128
4.70567
4.55627
4.57509
4.30078
4.19104
4.92262
4.35215
4.17448
3.86835
4.55322
2.85143
1.62894
1.57574
3.73715
3.78841
2.44353
4.22439
2.43983
2.5103
4.4905
4.28281
3.45491
2.91507
4.36169
2.41705
2.77418
4.33143
4.45904
4.56046
4.66062
4.04603
3.90697
4.36129
4.36392
4.90741
4.30978
4.21884
4.98768
4.77406
3.82133
4.43413
3.87214
2.61401
2.89299
2.52817
4.21488
2.92276
4.28152
4.89735
2.63027
2.44449
2.40247
4.3429
3.53218
4.69272
4.37402
3.71938
3.06759
4.34148
3.99051
4.72927
4.27518
4.47756
2.94269
3.66678
4.27132
3.68923
4.80137
4.53885
4.30853
4.13361
4.15855
2.4535
4.95471
2.4399
4.76139
4.11016
3.69945
2.74973
2.72362
4.88312
4.39041
4.37167
3.37851
4.91674
3.66732
4.03654
4.48857
4.3492
4.36334
4.93726
4.47908
3.6342
4.78562
3.48613
1.64569
3.62982
3.11016
2.55588
2.98166
4.49785
4.57925
1.40051
3.70398
2.37771
4.33949
2.3571
3.96159
3.48027
4.886
4.46132
4.93427
3.63759
4.06661
3.72789
2.86886
2.82218
4.21533
4.60917
4.37004
4.21684
4.80678
3.83103
2.95897
2.4929
3.83448
4.20584
4.28434
4.15801
4.58361
2.97344
2.35437
4.60629
3.93292
4.41496
4.48555
3.5395
4.78103
4.9929
4.08812
2.69502
1.42787
2.80984
4.52724
3.8227
2.98044
2.42316
4.28401
4.37751
4.85937
4.62101
4.27455
4.54831
4.04193
2.65276
1.48394
1.68801
3.73341
2.9509
4.80991
4.47851
2.87499
3.058
2.59672
4.60469
4.38071
2.35355
3.77213
4.67411
4.42708
3.05669
4.64345
3.68446
4.42311
4.14585
4.06789
4.17588
4.87101
2.34212
3.80105
4.49262
4.66193
4.90934
4.22858
4.38584
4.37972
4.37281
1.49197
2.93915
3.0042
3.69355
2.33811
4.78821
4.31843
4.34904
4.22061
4.54804
3.53216
2.48044
2.82605
4.58394
3.93856
2.98707
4.59869
3.95679
2.59901
4.46619
4.3373
4.39646
3.97461
2.86742
2.41866
2.8068
3.54163
4.1901
4.84391
4.45244
2.39621
4.08138
3.81769
4.44447
2.73222
4.85651
4.60449
3.98126
4.62238
4.9219
4.90249
2.46677
3.49515
4.52434
4.35699
4.35223
3.91233
3.75939
4.53594
4.40108
2.60108
2.9394
4.283
4.65
2.32492
4.31484
4.60814
1.45284
3.83919
3.05826
2.57111
4.55657
2.9573
4.2611
2.97967
2.96107
4.62633
3.67454
3.76259
2.5982
1.64062
2.46095
3.47164
4.27576
4.32456
4.31519
4.36178
2.44662
4.34613
2.95993
3.65909
3.8253
4.73944
4.8249
4.29828
4.46309
1.43989
2.36015
3.85689
3.46651
1.47605
2.90456
4.64703
3.01528
2.73179
4.42311
2.35385
2.57472
4.14001
3.5108
2.70773
4.75631
4.1358
4.58883
4.92884
3.87979
4.61643
4.39913
3.9148
4.46451
4.50021
3.92139
2.55499
4.44823
4.43193
4.33065
4.7793
4.42226
1.45909
4.52916
4.72099
4.24523
2.60151
4.70307
4.96315
4.3824
4.36894
3.604
3.08642
2.5376
4.52376
4.54032
3.93151
3.00169
3.86478
4.71229
4.53949
2.40724
4.44539
3.99498
4.25672
1.5757
2.69215
4.40296
3.08467
2.45249
4.26567
3.51897
4.31498
4.99715
2.65237
2.53323
4.10248
3.02713
3.0272
3.80704
4.94927
4.55727
4.61585
3.43554
4.47069
4.56385
4.5132
4.20219
4.20609
4.96672
4.1664
4.65277
4.83954
3.71758
4.39425
4.4826
2.35315
3.67818
3.73173
4.66046
2.91759
4.3172
4.50475
3.80472
4.63306
4.49455
3.52561
2.95724
4.1534
4.34161
4.4059
4.24271
4.85214
4.27414
4.74665
3.67292
4.83377
1.61445
2.94021
2.56455
2.77599
4.48683
4.7024
4.55338
4.51145
1.59155
1.45032
2.72239
2.59054
2.53457
2.33852
4.43889
4.60062
4.69039
4.3227
2.83571
3.49341
3.07026
4.3231
4.47867
4.42447
4.98631
4.91163
4.98956
3.79128
3.91444
3.92678
2.80663
2.95248
4.25872
4.12291
4.29375
4.96158
4.35765
4.97891
3.48249
4.45862
4.62511
3.53777
3.83708
3.84359
3.86644
4.55319
4.61873
4.47127
4.41487
4.35746
4.15225
4.94458
2.44652
3.05979
4.27771
4.26604
4.39687
3.49507
4.38552
2.43719
2.50946
3.00601
4.02215
3.8758
2.63985
4.38376
4.73447
4.27477
4.53701
3.56118
4.68092
4.23199
4.23377
4.85513
4.39097
3.65718
4.94234
4.32362
2.40003
2.54504
4.29913
2.53308
4.17091
4.94011
2.7844
4.5012
3.80261
3.83673
4.44526
4.27141
4.54108
2.7977
3.33006
4.73834
4.33896
4.95752
4.28645
4.33146
4.33153
3.84598
4.611
2.90786
4.77163
2.50428
4.51656
3.42075
2.47206
2.96533
3.92737
4.52666
1.32399
3.15177
4.90294
4.27644
3.81645
2.475
3.45208
3.68104
4.40165
4.04456
4.62032
4.50357
3.00921
4.52527
4.34808
3.37558
4.66489
4.04353
3.92554
4.24431
4.37345
2.66497
3.61002
2.4233
4.304
4.2639
2.86762
3.78854
4.67437
4.90795
3.74733
4.26954
2.96439
1.46262
2.44052
3.73218
4.29134
4.54303
4.73663
2.38285
2.72333
4.23493
4.25722
3.54267
2.45307
1.65259
4.6992
2.86663
2.86523
4.59408
3.92324
2.86702
2.60879
4.48866
4.29934
4.40188
2.8046
4.60076
3.9529
1.7131
4.53382
2.64984
4.44762
2.58843
4.98822
3.8581
4.33478
3.96904
3.54333
4.45364
2.77076
4.25783
4.29664
4.30981
4.44018
2.42195
4.99946
4.99582
1.46175
3.74537
3.83738
4.15113
4.27424
4.22192
4.66677
3.98275
4.53384
1.5775
2.78938
4.28828
2.54419
4.37346
4.91112
4.23077
3.82789
2.51548
3.73264
3.48414
4.43656
4.36106
2.94157
4.50552
3.71841
2.92624
4.43173
2.49198
4.23639
4.34231
4.76038
4.8625
2.50142
3.57626
2.31088
4.64156
1.34009
3.00776
3.73756
4.50351
2.93717
2.35337
4.47596
3.67589
4.29323
3.81163
4.20693
4.37368
4.16085
4.40542
4.68132
4.50289
4.46314
3.03511
3.3696
4.39307
4.21447
4.39524
4.0164
4.61655
4.60353
4.04755
2.44191
4.22102
3.89516
4.6249
4.42775
3.78745
4.79883
4.33769
4.2071
3.61192
4.95536
4.45598
2.84991
4.43939
4.47307
4.29031
4.40822
4.12602
2.63985
2.97427
4.60382
3.75828
4.39809
1.44999
2.33192
3.8899
2.60186
3.62767
4.94534
4.49951
4.26434
4.99085
4.68052
4.56272
4.49365
3.04996
4.23716
2.42102
3.41227
4.39247
4.28874
2.91659
2.91185
4.71633
3.9051
3.90988
2.59098
4.00368
4.63077
1.65483
4.28069
4.68735
2.52719
4.51469
3.77076
4.36323
3.65885
3.60916
3.58438
2.56078
3.62793
2.69717
4.46937
4.26994
4.31299
4.75959
4.64707
1.52956
3.9135
3.27928
4.37403
3.10813
2.57168
4.64708
4.41798
2.77543
2.80708
4.30727
4.2946
4.3543
2.93955
2.86924
4.08955
4.58285
1.66001
4.31869
4.01336
2.51986
2.45284
4.47753
3.79906
4.1926
4.91446
4.68361
4.41315
4.50269
2.99498
4.37124
4.22511
4.79464
3.37048
4.21099
2.90519
2.9133
3.81487
4.49734
3.74767
4.89161
4.10528
1.55791
2.2777
4.30879
3.7736
2.41109
4.41993
3.63872
4.91941
4.41875
3.67877
3.75248
4.21556
3.4709
2.47965
3.32064
4.14476
4.26842
4.20773
1.44935
4.47868
4.53138
3.74939
2.89008
2.89101
2.84291
2.44146
4.27828
4.90215
4.56721
4.33962
4.08051
2.46407
4.44659
4.35762
2.91899
4.55722
3.98543
1.53216
2.67747
1.49117
4.63855
2.29841
4.48431
3.67715
4.92064
3.0719
2.56925
2.71704
4.56551
3.01655
3.5013
4.81505
4.31057
3.9678
4.47911
3.95474
4.93872
4.32902
4.10749
4.72584
3.85374
4.80397
4.84156
3.17374
4.37175
4.74578
3.75049
4.41384
4.2814
4.5703
4.85931
4.07936
4.43655
4.44129
4.09174
3.04231
4.39918
4.85913
3.95567
4.63692
2.48113
3.45984
4.42878
4.52264
2.70032
3.62015
4.3662
1.56649
2.38427
2.92284
3.60163
1.53657
2.4018
2.80548
4.11998
4.2436
3.63304
2.83862
2.47112
4.39422
4.41419
4.35071
4.20955
4.28575
4.8774
4.60665
4.34201
4.82997
4.42867
4.10159
4.5769
4.67452
3.22145
2.65603
4.23806
4.1543
4.77593
4.31294
3.68245
3.91657
4.43127
4.97528
2.96127
4.27463
4.92123
4.55614
3.76362
2.46619
4.58781
4.68799
1.55104
3.79725
2.76913
3.06829
2.53825
4.72602
4.60803
3.06623
4.41618
3.14578
3.49014
2.4729
3.70624
1.56264
2.55579
4.45585
4.28261
3.74009
4.85997
4.96011
4.80703
4.50702
4.33921
4.12335
2.40746
4.28284
4.17957
3.79837
4.45231
4.3924
2.71645
4.21776
4.87843
4.78973
4.28539
4.96335
4.21427
3.50451
2.80653
4.79265
3.65264
3.65883
4.48622
4.18886
4.80961
3.88892
3.91357
2.93692
4.31993
4.6525
4.02979
4.30606
2.55423
2.82269
1.5792
2.57792
4.99043
2.76016
4.25908
4.46438
4.20108
4.96961
4.61021
2.34378
4.81341
4.97751
4.49608
3.77296
3.62492
4.24199
4.56038
4.94875
2.58003
3.58944
4.31999
4.25022
3.9714
3.92363
2.8408
1.49318
4.38151
2.89679
3.91275
2.56858
4.40262
4.60011
4.30299
4.86033
2.50012
3.46076
4.27976
4.12266
2.70147
3.40725
4.42023
3.052
4.64423
1.34638
2.85237
4.42195
4.40341
4.2691
3.68476
4.85407
2.95221
2.39841
2.40145
1.56843
3.08786
1.61623
2.65788
4.77613
3.03756
3.91706
3.61973
3.97663
2.50272
4.65851
4.58016
2.86968
2.51917
4.56678
4.23155
4.07148
4.1315
4.988
4.25886
3.82059
4.94206
4.38846
4.55966
4.24959
4.98169
2.61117
4.3134
3.55388
4.76279
4.95219
4.54275
4.44392
4.50384
3.02851
2.39634
2.52468
4.28478
4.42884
3.59075
4.57119
2.99537
3.88811
4.7179
4.4814
3.93772
2.97548
1.63793
2.83605
1.51873
4.47104
4.06696
4.49309
4.27006
3.74191
2.35904
4.99153
2.80633
2.52406
4.37451
2.95312
4.49404
3.36448
4.34278
3.98209
2.54847
4.43914
4.65441
4.385
4.45022
3.31724
2.61239
4.39324
4.53224
3.98951
2.98827
4.26779
4.68189
4.41975
4.7757
4.22195
4.11395
2.56623
4.40689
3.64457
3.97728
3.05986
4.3087
4.6294
3.905
4.58923
4.98422
3.75577
2.53562
2.34693
3.65877
2.45812
2.51141
2.89444
4.41318
3.02506
4.29411
4.72884
2.50534
1.56578
3.8598
4.29239
4.26877
3.72516
4.45547
4.32057
4.32659
4.89639
3.78734
4.8659
4.85215
4.31049
4.9486
4.22973
3.9606
3.96603
4.69353
4.92828
4.73152
4.31965
4.39817
2.83404
2.81192
3.85905
4.65883
4.62657
4.62416
3.58527
3.46298
4.94196
4.93664
4.28191
4.71577
4.35887
2.55756
2.72902
4.32457
4.64065
3.42344
3.92154
2.34259
1.46062
4.30526
3.83279
2.44906
3.10683
4.76386
2.59535
4.32719
2.89125
4.54121
4.42559
4.19848
2.94983
4.37057
3.88805
4.95431
4.93746
4.81623
4.34828
4.20868
2.78941
4.00969
4.93319
4.46459
4.15568
3.77162
3.76088
3.06569
4.41603
4.66609
4.70906
3.65188
3.23396
4.44941
4.46225
4.07548
3.4135
4.43801
2.52254
4.39
4.38521
3.0009
2.57874
1.44827
3.54515
3.11369
2.34853
2.95415
4.33285
4.9891
3.80336
4.96033
4.45891
4.42265
4.23573
4.58412
4.96071
4.93755
4.37928
4.1671
1.62928
3.95733
4.38552
4.85868
4.13316
4.18347
3.91866
2.36517
2.68493
1.45445
4.58628
3.93029
4.65959
3.81542
2.82359
4.51906
2.49877
2.47721
3.52558
4.27844
4.2208
4.38392
4.58394
3.82477
4.43837
2.95896
4.93761
2.43042
4.51226
4.15988
2.75374
4.45847
3.82624
4.37057
2.98134
2.5714
1.52003
3.09364
2.70197
3.61443
2.93131
4.46898
4.14016
3.00671
4.93186
4.61564
4.34766
4.74457
3.69446
4.46049
4.41257
2.85624
4.65057
4.02431
4.32508
4.8388
4.24531
2.43206
3.65495
4.37103
4.8804
3.98945
4.32405
1.79851
3.91
4.11405
4.62543
3.03212
2.54386
2.73941
3.62003
4.49927
4.52021
4.61149
2.70998
3.23762
4.52928
4.78804
4.27119
2.43415
2.48422
3.59524
1.50243
4.40144
4.1162
2.40488
3.82694
2.71603
3.04759
3.10599
4.27455
2.58831
2.96913
3.74457
4.57344
4.35349
4.25194
3.66635
4.59316
4.38976
4.9798
4.78306
4.48925
4.76372
4.33994
4.97124
3.76871
4.96476
4.94248
4.20962
4.30941
3.78734
4.64591
4.67433
3.5775
3.52212
4.93165
4.34016
4.89929
4.51591
4.38158
3.32361
4.27564
1.40715
3.54986
2.96012
2.35468
2.99642
2.33345
2.82176
4.518
4.78875
4.18819
3.66175
4.63804
4.41992
4.70736
4.5117
3.78273
4.71634
3.01062
3.79741
4.33154
4.43167
4.16139
3.87012
4.33485
4.65904
2.5338
4.05394
4.35987
4.99182
4.37059
2.92944
1.50635
3.13479
4.59391
4.00528
2.57596
4.42182
4.47655
2.49471
3.53609
4.49327
4.38228
2.97283
3.91278
4.27635
2.6473
4.40113
2.77086
4.10261
4.23251
2.71571
1.64313
1.63144
3.59208
2.47514
2.88968
4.22158
4.50209
4.52607
4.32015
4.27356
4.46533
4.07914
4.88792
4.84089
2.48766
3.679
4.25576
2.9703
4.86721
4.4144
4.20139
4.53418
4.67575
4.40278
3.12029
4.0746
4.56291
3.78502
4.76169
2.70537
4.5403
4.5158
2.44365
3.69599
4.37889
2.61699
3.22582
4.696
4.45799
4.06055
3.02911
2.50295
3.10281
2.64339
2.9174
2.55638
3.83769
3.94249
2.37846
2.54254
1.68225
4.48472
4.1914
4.56324
4.96707
3.74793
4.57328
4.47468
4.86555
4.18226
4.9052
4.32588
4.71993
4.28055
4.60387
2.97489
2.85215
4.5315
3.74635
4.56447
4.71485
4.8141
4.94367
3.48398
4.23528
3.62043
4.61532
4.24282
3.06438
2.71564
1.55896
2.62943
1.5607
2.42904
3.53939
3.73793
2.89901
2.46134
4.40135
4.64796
4.21241
4.27763
4.24003
4.95284
3.79764
4.94359
4.50812
4.02109
4.44699
4.20739
4.93753
2.42717
4.24064
4.42457
4.42345
3.86076
4.68977
4.50332
2.99562
4.55198
4.44611
3.97733
3.55983
4.38137
4.56029
3.03292
1.5659
2.5866
1.62845
2.38621
3.87852
3.51255
4.3427
2.97611
4.43936
4.39099
2.78859
4.38295
4.58842
4.22924
4.1986
4.3037
4.94518
3.77217
4.30815
2.47855
2.98363
4.50702
4.80907
4.12652
2.99391
4.52648
2.93514
4.54891
3.8431
4.56843
2.94429
3.94167
4.51394
4.44071
2.44611
4.32247
4.39168
4.98918
2.74593
3.84489
3.60192
2.88945
4.28972
4.51715
2.33447
3.07833
2.6535
1.5463
2.63294
4.57768
3.05679
4.02229
2.64259
4.47296
4.24427
4.24298
4.98098
4.90254
3.81245
2.31095
4.97055
4.87302
4.83671
3.50348
4.46721
4.06179
4.39439
2.3627
3.62213
4.16159
4.31699
4.95471
4.0887
3.80622
4.63605
2.66208
4.44159
4.63838
4.69849
4.09799
4.28158
4.58283
3.39885
2.74215
1.50787
2.46619
3.80579
4.67346
4.26941
3.59593
3.01281
3.91068
4.4739
4.52136
4.31553
4.47997
4.50622
3.67033
4.90705
4.31181
4.93028
4.17801
4.71502
4.52211
4.34693
4.42568
3.95683
4.29214
2.64298
3.03865
2.82215
3.78699
4.5711
4.39763
2.96851
4.28949
4.38911
4.98535
2.50099
4.21589
2.51829
2.83493
4.39755
3.78237
3.41265
4.41278
2.47051
2.87016
4.39142
4.54945
4.59401
3.58275
4.79722
4.02995
3.80984
3.32974
4.19438
4.2158
4.20686
4.57743
4.55281
4.20229
3.69882
2.86309
4.55654
3.80924
4.62659
4.4768
4.39503
3.72036
4.86159
2.94142
4.5488
2.42783
4.96631
2.63326
4.48968
4.3823
2.39966
4.44139
4.15385
2.45477
4.41509
4.96023
4.055
3.11974
3.96125
2.96835
3.88921
4.50732
4.65284
4.30541
1.56727
2.4896
3.02759
2.53256
2.82701
3.40033
1.53214
1.59074
3.188
2.48681
2.64626
1.55665
4.46107
4.8572
4.84195
3.71006
4.98291
4.69833
4.57737
4.31361
3.86693
2.63116
2.97323
4.47386
4.17379
4.3399
4.07885
4.54694
4.27739
4.45873
3.61867
4.90471
4.34613
4.4258
4.38011
4.86028
3.29859
2.50131
2.83455
2.82288
2.31221
4.62694
4.2522
4.96191
3.85792
4.79029
4.35905
4.45046
4.37236
4.36057
3.83276
4.91292
4.21783
4.21959
3.37425
2.4645
4.43764
4.92333
4.29096
2.98113
4.54436
3.84928
4.54839
3.82664
4.64427
4.54726
2.85729
3.68837
4.43317
4.54226
2.85484
1.53766
2.48245
4.98881
3.86171
4.29321
4.85054
4.22754
4.28287
4.57133
4.48416
4.61341
2.86932
4.15161
4.96735
3.78754
2.58508
3.48748
4.29537
4.68151
3.89557
2.83229
4.9516
4.57575
4.34524
4.5216
3.50992
2.45072
4.33877
4.33466
4.85909
4.12297
2.42341
4.20726
4.90558
4.15231
2.85237
3.759
3.74067
1.54569
4.41328
2.90771
2.86028
1.39168
2.53008
3.44384
3.74855
4.20139
2.9214
2.49
4.58517
2.28669
1.36727
4.23609
4.36645
2.84451
3.20051
3.78081
4.70571
4.36579
4.46171
4.43176
2.58402
4.36183
3.92434
4.55514
4.15433
4.29646
4.92408
1.47224
1.47308
2.99198
4.58396
4.55765
3.74026
4.27351
2.44839
4.23902
4.30056
2.52415
2.40239
3.98389
3.43495
4.53972
4.34032
3.04382
1.49572
4.20766
4.37409
4.94786
3.72476
4.23746
4.82601
4.28808
3.98701
3.00898
4.69532
4.60764
4.47554
4.39778
4.277
2.43408
4.32226
3.92423
2.84696
2.75478
4.50065
3.02203
4.46806
4.96284
4.22654
4.11045
4.83194
2.55004
4.32364
2.36456
2.30174
3.88681
4.50382
4.13393
3.53684
2.86668
4.58974
4.06254
4.45662
4.30343
3.8324
4.99772
4.4108
4.94839
3.8061
4.48395
2.48014
4.13124
2.30749
4.26945
4.39477
4.73609
4.44348
3.64942
3.85686
2.95033
2.75097
4.37176
4.75657
4.42427
4.62179
3.58787
4.4855
3.4712
2.53882
4.63324
4.6969
1.65023
2.5335
3.16363
2.98309
3.67572
1.68955
4.25472
2.60946
3.91698
2.86155
3.9155
2.37818
2.83094
4.33902
4.42563
4.36169
3.84807
2.35908
3.44922
4.43726
2.59485
4.29899
4.7765
2.86361
3.7958
4.52643
4.21382
4.53481
4.91068
4.47473
4.56733
2.9354
3.89973
4.68949
4.81864
4.3804
2.37019
4.31747
4.24386
4.38178
3.69169
2.27794
2.75384
3.97866
4.5579
4.56095
4.269
2.49547
2.92335
1.4954
4.37896
4.09274
4.94977
4.30057
4.2469
2.49735
2.71813
2.54759
4.44769
2.53962
3.87349
4.46136
4.00588
4.72066
4.79085
3.53893
4.60382
1.55604
2.9586
4.70304
2.45863
3.85621
4.92123
2.98518
3.82278
4.40102
4.33185
3.91342
3.44462
4.81822
4.33707
4.39313
4.20947
4.40915
3.14656
4.43564
4.63295
2.53294
1.46723
2.97155
4.49969
4.9601
2.62875
3.68564
2.40178
4.87662
1.49533
2.38034
3.4045
2.84231
4.47617
3.83847
3.81699
4.17617
2.74963
2.34938
4.92821
4.26944
4.33664
4.19698
4.33621
4.30654
4.52034
2.85276
4.52954
4.12121
4.53811
4.99432
3.83376
4.2799
2.37767
3.45525
2.52788
4.21544
2.94645
3.72905
4.66407
4.5811
4.75231
4.61523
4.27748
4.21511
4.3109
3.74257
1.63496
3.08466
4.64594
4.44358
3.72602
2.97164
2.51321
3.86798
4.29755
4.34171
3.85232
1.53337
3.02393
3.61114
4.57426
2.91441
2.41249
4.26756
4.93726
2.53742
3.28808
4.42549
4.99429
2.5305
2.81627
3.80683
4.50648
4.60666
4.44276
4.92911
4.1551
3.54516
3.51273
4.42004
2.4273
4.5943
3.08146
4.60804
4.38055
4.57898
3.912
4.85376
4.93869
4.21204
4.19229
4.15577
4.30793
3.80918
4.60181
1.51367
4.39924
3.96884
3.92223
4.44626
3.89055
4.852
2.54353
2.97219
2.70037
2.91476
2.53552
2.88027
4.63529
3.6237
2.62415
2.46717
1.54288
3.4097
3.71754
4.41126
4.23115
4.36361
3.0872
4.6129
3.87366
4.53309
4.66381
4.64902
4.33141
2.71295
4.45145
4.53496
4.12137
3.87208
4.66823
4.90706
2.61045
4.94684
4.29697
4.2442
4.39631
4.36695
3.72815
2.6205
3.49684
3.89572
2.25966
2.43051
1.49994
4.04708
2.41446
2.77559
2.8381
2.41558
4.17865
2.54868
2.5287
2.86727
4.23249
2.38831
1.34445
3.7993
3.75558
4.19136
3.99671
4.42582
3.91692
3.76929
4.57437
2.97199
3.51519
4.30462
4.27085
3.47251
4.2434
4.45303
4.48102
4.29076
2.84894
4.46138
4.61901
2.94073
2.90049
3.49488
4.93349
4.15606
3.68287
4.79862
4.93806
4.33022
4.65927
4.32425
4.55046
4.45694
4.4651
3.69699
4.93626
4.84618
4.44684
2.96069
2.45173
2.45136
1.57337
3.28076
3.64067
2.97707
3.92385
4.40583
3.66126
4.50046
3.79001
4.96577
3.79142
4.77474
4.66426
1.49055
2.83866
4.76257
2.45732
3.43885
4.46141
4.25229
4.88135
2.33651
2.80268
4.80959
4.89192
4.56492
4.30102
4.56255
3.87479
4.74761
2.94853
2.56054
3.45414
4.20757
2.4998
4.37182
2.99774
4.85679
4.52603
4.47527
4.53406
2.97567
4.51033
3.68289
4.68444
3.74734
2.40706
4.86889
4.13513
4.1347
4.26185
3.68547
3.03611
2.60858
2.54476
3.03438
2.52131
4.22017
3.68404
1.52952
2.44619
2.27148
4.35131
2.45343
1.41335
2.39578
4.25438
2.87222
2.93317
2.81542
2.36307
2.85711
4.6044
4.69616
4.72455
3.01794
3.75495
3.86469
3.6311
4.31234
4.24347
4.98885
3.52965
4.83195
4.30508
4.52877
4.27283
3.80915
3.95707
4.92796
3.35834
4.13272
3.49758
4.2893
4.39762
4.27981
4.5331
4.62705
3.81377
3.88997
3.79206
4.39054
4.79836
4.92968
4.89588
4.89191
3.01128
1.58471
2.56306
1.38084
4.24492
3.58118
4.61427
4.525
3.95703
3.98093
2.39898
2.88196
4.25274
4.26831
4.09648
2.5079
2.41838
4.48776
4.66095
4.55325
3.84041
2.66237
4.32628
4.36618
4.84249
4.99277
4.26138
4.37112
2.65003
4.73277
4.57384
2.97821
3.89211
1.4556
3.70543
1.47248
3.06697
2.55051
2.85115
4.74351
4.40818
3.1983
2.50092
3.93831
2.32455
3.55098
3.27033
4.40724
2.39903
4.99285
4.55253
4.56488
3.77363
2.53494
4.83244
4.45255
3.73871
4.08316
2.3382
1.4508
2.42276
2.3121
1.32458
1.59367
2.4214
2.61862
4.21586
3.47167
2.72558
4.22298
4.03766
2.66596
4.5649
3.84173
4.23962
3.22389
4.023
3.01617
1.69046
3.03654
4.51786
2.39261
4.32512
2.79516
3.61612
4.51033
2.58693
2.89438
4.43571
4.17756
4.66119
3.04329
2.4951
3.68258
4.43063
4.27272
4.90595
2.87386
3.7755
4.20353
4.43127
3.41495
4.31428
4.27618
4.36465
3.61851
4.65168
4.9815
3.97615
4.6648
4.97719
3.94391
4.36664
4.69354
4.09613
4.32698
4.91621
4.36306
4.38843
1.42387
2.22839
4.17073
3.59615
2.8562
3.45599
4.1375
2.59343
2.62731
1.48105
2.51605
4.29115
2.7691
3.88746
4.50249
4.27191
4.49993
4.07297
2.87299
2.75622
3.09728
4.4139
4.50892
3.64564
4.97235
4.14524
4.2674
4.83184
3.22683
4.41564
4.80374
4.61468
3.87927
4.54833
1.66557
2.58348
4.34067
2.37958
4.74854
2.41635
3.62983
2.96459
4.25099
4.4918
4.64137
2.80906
2.92605
4.39356
3.70121
2.97388
4.669
4.32899
3.75325
4.08049
4.53461
4.38791
4.19754
3.99196
4.90407
4.98055
2.71157
2.92044
2.42838
2.55772
2.95769
3.86114
2.92768
3.01617
2.40372
3.779
3.76617
2.35493
4.35012
4.34755
4.55195
4.45732
4.41348
4.96173
2.54816
2.48134
4.42257
3.59069
4.56651
4.56801
2.8814
4.56418
4.00178
4.58839
2.83923
3.45838
4.34358
3.84926
4.8654
4.23225
4.26663
3.62642
2.45401
4.61219
4.52544
2.96606
4.55684
3.70517
2.93543
4.61424
3.56867
3.99997
4.20488
4.299
4.43022
4.22427
4.87189
4.24326
4.2935
3.82619
4.43375
4.88229
4.73129
3.54311
2.83261
4.15356
3.45275
4.8211
4.20904
2.58616
3.38393
4.26816
4.87238
2.94322
2.88567
4.98655
2.77784
1.36643
4.47765
4.07004
4.81231
2.49468
4.15933
4.29395
2.19855
3.72288
3.45586
3.63152
4.06598
4.92716
3.73692
4.14847
4.89811
2.51677
4.8413
2.40834
4.41237
3.78029
3.68412
4.43529
3.81766
1.66189
4.47399
2.77776
2.97336
4.1513
2.40878
4.22575
4.26525
4.35693
4.92964
1.50846
2.8019
2.37445
3.47489
4.96176
4.22048
4.38273
3.23599
2.77087
3.77875
4.77715
4.68635
4.70222
3.82644
2.97093
2.56576
4.42462
4.43375
4.43623
3.77736
3.59141
4.70172
3.96898
2.59332
3.01706
4.99197
2.65727
2.72254
1.48813
2.44669
4.36312
2.37772
3.46056
3.57911
4.18213
4.42484
4.72787
4.28564
4.77839
3.71146
4.39602
2.87086
2.44167
4.25195
4.35881
4.95494
4.57398
4.29156
2.30917
2.75382
2.87477
4.4214
3.97465
4.27316
3.27104
4.20987
4.94447
3.60737
4.35524
4.57437
4.97318
3.63633
2.43989
2.52644
4.76383
4.64341
1.66635
3.99632
3.03321
3.08811
4.29117
3.07454
2.51572
4.63302
2.9897
3.73019
2.62137
1.57279
2.47005
3.87835
4.04381
4.08812
2.43325
4.87748
3.78085
4.59593
2.80153
4.4827
4.02908
4.6275
4.9635
4.86165
4.92238
4.56133
4.40741
4.35446
3.33195
2.82365
3.73271
3.8485
4.74772
4.94699
4.30543
4.51781
1.4822
1.4188
4.5705
2.86771
2.32369
3.72365
3.69066
2.40599
3.55402
2.48761
2.82197
2.58666
4.39573
4.42756
2.57427
2.46666
4.30492
4.66861
4.54442
3.8187
2.99212
4.62223
3.87455
4.29565
3.53821
2.91145
4.23126
4.57057
4.15941
4.76715
2.45872
4.34403
3.79234
2.94366
2.76503
4.49512
3.26867
4.63969
4.48244
4.40871
3.86008
4.32171
4.30327
4.40531
4.88339
4.15016
4.14706
4.95862
4.43568
3.79453
4.9131
2.36983
4.28725
2.41293
2.84392
4.20324
2.35446
1.53843
2.95307
1.55639
2.40306
3.9184
3.86776
2.93492
3.79331
4.3145
4.35636
4.92689
3.53298
4.29298
4.3719
4.98903
4.51884
4.63048
3.58598
4.61403
2.82583
3.71413
1.53874
4.55738
2.48369
2.52565
2.36593
4.36047
2.71173
3.47117
4.47337
4.17342
2.56291
4.24591
2.98125
4.58702
4.42388
3.91017
2.8027
4.51703
3.8434
3.85287
4.25706
4.26324
4.95103
4.25886
4.33369
4.95607
4.07212
3.49358
4.66706
4.72372
3.68106
4.42562
2.81773
3.22712
1.70783
4.08684
4.65548
3.06574
1.60932
4.41611
2.61905
4.54683
4.46806
4.70361
3.12816
2.66531
3.96893
3.72215
4.99727
2.86998
4.26084
2.48648
2.44282
4.98499
2.71242
4.22107
3.43294
4.21954
4.53319
4.97141
4.55873
4.46602
4.93582
4.7892
3.73581
4.55508
4.33968
2.63638
4.40033
3.94011
4.31569
2.57942
3.04721
3.52647
3.57049
2.82733
3.73686
4.90433
1.64908
2.83175
4.66474
1.57771
2.42623
4.28604
2.44234
4.18281
3.44488
4.18698
3.74457
4.55908
4.82039
4.9593
3.74479
4.6184
2.92495
1.49182
2.65619
4.13325
4.30048
4.26527
3.86915
3.57619
4.48766
2.52419
3.70843
4.821
4.37786
3.85848
2.80764
4.41276
2.77632
2.91702
2.50434
4.26691
4.21368
4.99532
4.188
4.52377
1.72715
2.4879
2.53437
1.54009
1.39595
2.69809
2.32518
4.05073
3.82659
3.85913
4.60142
1.58387
2.59299
2.47987
2.51777
2.34833
4.36133
3.47548
3.06839
4.6559
4.29933
4.30764
2.94151
4.50993
4.98415
4.24488
3.85656
3.8179
3.0482
4.24008
4.05718
4.77609
4.53154
4.19513
4.89874
3.42166
4.56708
3.70176
4.57692
3.78444
2.86689
2.69443
3.84766
3.71585
4.53235
4.69761
4.21519
4.06173
4.45259
4.29709
4.85205
4.97604
1.55031
3.92862
2.45287
2.669
3.44374
2.92603
4.05639
4.59826
4.61317
4.20766
3.28033
4.78142
2.73952
4.09833
3.2465
3.14472
3.95325
4.99561
4.34912
4.81829
3.97805
4.22114
4.84294
4.6024
4.96908
4.98642
4.32864
4.25553
2.60338
4.40487
4.94819
3.90223
2.69441
3.66517
4.59072
4.26531
4.64483
3.18162
3.49032
4.57063
4.00007
4.49755
2.57971
4.27642
4.51738
4.79624
4.53872
4.84593
3.92956
4.76152
3.73532
2.90305
4.39477
3.44677
4.97469
4.75255
4.66718
3.96938
4.44486
2.99337
4.44221
2.68081
2.59053
4.24172
4.44558
3.26972
3.73104
4.77346
2.93235
3.00035
4.34055
2.30738
4.17237
4.31946
4.51467
4.88867
2.64768
2.93436
3.49168
4.33751
4.64383
1.59331
3.98403
4.90112
4.59441
4.00639
4.51284
2.53727
4.46229
4.54841
4.06662
4.98318
1.58774
3.0097
2.80853
3.48921
4.73133
3.77505
2.9936
2.65231
4.41687
4.42133
2.67302
4.41051
4.77332
3.71521
2.96434
4.60133
1.47221
3.65715
4.45196
2.75355
4.56717
2.27805
4.17028
4.0214
4.89611
4.25824
4.11754
2.49323
3.40508
2.83745
4.99557
4.63356
1.55268
3.85565
3.88828
4.58293
2.5593
4.3363
4.32223
4.42247
3.84565
2.58323
2.54137
2.9402
4.98501
4.34746
4.16866
4.90253
4.18651
4.31288
2.47044
2.97926
3.9341
3.80218
3.04545
4.41969
4.59039
4.46294
4.70243
3.55924
4.54473
2.54838
4.28772
2.55209
3.37994
2.98416
3.87091
3.73139
4.55266
4.92319
4.16492
4.60837
3.11092
4.64362
3.68943
4.58989
4.48526
4.14458
2.51733
4.87346
4.3879
4.50501
3.9496
4.63338
2.41549
1.61561
4.98356
4.24457
4.18891
2.60369
2.33399
2.93452
1.50284
2.79935
1.4369
4.48778
4.49228
2.83928
2.62072
4.29904
3.79549
3.79288
2.54326
3.45489
4.47493
4.12745
2.91992
4.38104
4.35052
4.29264
4.56426
3.68255
4.85554
2.92977
4.44966
4.56918
4.70506
2.60673
4.36896
3.36819
2.363
4.18099
2.49995
3.66373
3.78616
2.81065
4.45702
4.6426
3.77711
4.14386
1.35122
4.39847
4.34614
3.58965
4.13135
4.49901
3.73092
2.834
4.18376
4.73411
4.3962
3.49516
4.2987
4.32387
4.94689
2.53335
2.94446
1.49213
2.91211
4.762
4.76328
2.44365
2.95964
4.31456
3.85458
1.54472
3.83706
2.64965
4.53461
3.64998
3.0629
2.46303
4.28566
2.32097
3.37253
4.48296
2.48851
4.3573
3.7167
2.80458
3.80033
4.74767
4.42327
4.08431
4.97067
4.47258
3.17
4.43042
3.74388
4.36784
2.5857
4.26713
2.51392
4.34741
4.11116
4.99174
3.93653
4.6133
3.5936
4.5226
4.62521
3.72896
4.2111
2.19309
4.09611
3.60461
4.20424
4.83855
2.45133
4.9443
3.90254
4.63612
3.62906
1.69869
3.91361
4.46482
2.79259
3.00062
3.00065
4.25308
2.44056
4.35488
4.29992
4.41011
2.65386
3.4202
2.67712
2.59431
4.54923
4.75033
1.53441
4.03226
4.40306
4.01205
4.52773
3.98726
2.59278
3.04454
4.36793
3.05004
4.4348
3.96698
3.92343
4.25847
4.57274
3.45113
4.93484
4.43159
4.45678
4.87993
2.97301
4.58148
4.63123
4.37286
2.46957
2.64989
2.89237
2.9977
2.81744
4.49742
4.1997
4.28425
4.266
2.51601
2.56937
3.12995
4.54916
4.39413
2.95059
4.22129
2.96972
4.28564
3.22628
2.40164
3.5755
2.37281
4.9681
4.88984
2.46248
4.5568
1.47415
4.66131
3.73312
4.51935
3.75915
4.41057
3.68451
4.26979
4.38315
2.39353
4.2117
2.48279
4.46868
4.80038
2.83298
3.69384
4.43784
4.57846
4.50314
1.56088
2.91851
2.40708
2.89169
3.62459
1.4906
4.45812
2.43925
3.81318
4.82325
3.10448
4.94387
4.48493
2.38214
4.24167
4.20279
2.41362
4.41304
4.24011
3.75105
4.64037
2.93485
3.71765
4.1278
4.78705
4.23896
4.46916
2.44502
1.33957
4.55711
3.05704
3.67824
3.06007
1.66458
2.92031
3.44317
4.13064
2.55134
4.59296
2.87305
2.32933
4.38967
4.56338
4.07148
4.86398
4.96659
4.26477
4.60764
2.60802
3.71062
4.37792
4.06935
2.59481
4.53732
4.83863
4.34615
4.36935
2.99934
4.15151
4.79238
3.91261
4.65769
4.17167
4.30512
4.25986
4.68917
1.51739
3.78753
2.92906
2.6671
2.92962
2.6571
4.5992
4.36557
2.91897
4.54819
3.74602
2.35725
3.72854
4.18375
1.62229
4.63357
4.75878
2.65823
3.55524
4.28534
4.33113
4.93373
4.30689
2.66658
4.54321
2.8566
4.48547
3.75235
3.79092
4.85036
4.36886
4.80144
2.47126
4.56653
2.9704
2.91187
4.03888
3.82655
4.02699
1.39177
2.55974
3.70206
4.32257
4.57361
4.26582
4.3254
3.55307
4.60194
2.90693
2.85627
3.79543
4.45671
1.60755
3.94311
2.58291
3.76278
4.95825
4.77377
4.23439
3.55012
2.5517
4.23885
3.5121
2.36476
3.60221
2.44583
4.40879
4.60287
1.46383
3.7657
4.99945
2.81267
4.21766
2.79306
4.18012
2.89153
2.33837
4.4718
3.62386
4.45006
4.51875
2.858
3.77187
1.71562
2.88479
3.2986
1.45077
2.48591
2.87141
4.412
4.35678
2.43564
2.84275
4.08433
3.88018
4.37939
4.29515
4.5593
4.53188
3.77367
2.92835
4.33503
4.61835
4.90666
2.49878
4.30753
4.27014
2.43249
4.94656
3.53936
4.53931
3.80389
2.89021
3.75675
4.88388
4.535
4.18647
4.64471
3.96217
2.95733
4.00794
4.78153
4.38045
3.87906
4.52815
2.64888
1.70562
2.64223
2.93493
4.85651
4.16095
2.51164
3.89792
3.08928
1.54966
3.80889
2.32159
4.4461
3.79543
4.16763
2.70299
4.62718
4.32382
4.85099
4.29059
3.59075
2.2947
3.38677
4.53504
2.95016
1.44767
2.91806
4.58251
4.23384
4.36233
2.45148
4.90704
2.82273
4.13816
3.96836
1.50814
2.84381
1.5082
2.71121
4.56146
2.88289
2.76519
2.41644
4.65234
3.51102
3.70212
3.76392
2.39947
4.18955
4.66519
4.4815
4.3612
4.97815
4.38056
4.99657
2.58989
4.05692
4.46131
4.47571
4.72993
3.0241
4.29743
4.9384
4.19891
4.41967
2.43851
3.29791
2.41882
4.36136
4.15349
3.57953
4.45144
4.95832
3.00141
3.84109
4.57083
3.76999
4.31619
3.56568
2.55184
2.49357
3.55701
2.41153
2.47
2.90618
4.46514
2.87512
4.27459
2.53886
1.47833
3.90369
4.29628
3.67063
4.37217
3.93856
3.80972
4.9251
4.31342
4.32724
3.70629
4.56803
3.82178
2.86169
2.83612
4.66761
3.82495
4.51147
3.50785
4.93396
3.46945
4.93547
4.33621
4.50964
4.21987
2.44767
2.31559
4.95443
4.28699
3.38508
2.41956
1.74301
4.39065
3.8933
2.51151
4.20316
3.0272
2.76033
4.13913
4.29659
2.4644
4.61828
4.68316
4.76095
4.97185
4.24031
4.38354
2.97065
4.49619
2.92889
3.67496
3.80239
3.91798
2.88525
4.63733
4.85877
3.282
4.99745
3.5156
4.80229
4.14067
4.93674
4.29984
4.58574
3.36206
4.42799
2.58537
4.36575
2.46833
1.46339
3.67792
3.12
2.38546
4.32373
3.02291
3.79764
4.92139
4.98704
4.34457
3.82025
4.54069
2.95185
4.39674
4.1491
4.90098
4.41136
2.44591
3.77918
4.1038
3.81461
3.9566
1.48423
4.41022
1.54826
3.03845
4.53367
4.47112
2.90035
2.55824
2.49571
3.50173
4.44862
4.43781
4.70175
4.52628
2.49559
2.9164
3.99072
4.1347
4.27293
4.16944
4.18072
2.34288
2.87798
3.70151
4.16795
2.48678
1.52624
2.8382
3.42707
2.79465
2.39835
4.01224
4.6118
4.3334
4.1429
4.99733
2.52044
4.43913
4.02216
4.43631
2.93055
3.9447
4.36745
1.54117
4.38391
1.50392
3.12759
4.70004
2.54622
2.44207
3.6815
4.32662
4.21713
2.5117
4.42899
2.8652
3.93708
4.70228
4.54284
2.52648
3.6937
2.53926
3.70241
2.63042
1.37566
4.30085
2.4407
2.95897
3.00793
2.47395
2.73527
4.343
3.89456
4.30675
4.39043
3.04633
3.90643
3.90714
4.53701
4.40016
4.91175
4.96255
3.36322
4.90116
4.27777
3.64661
4.28589
4.6588
4.47483
2.4452
2.71239
2.63104
1.56139
3.44526
3.45469
2.88192
3.84925
4.24975
4.30776
4.5713
4.94783
4.41992
4.26703
1.47392
2.97767
3.92031
1.56439
3.01383
4.63043
3.76494
2.4385
4.49853
4.31758
2.63776
3.60566
4.78866
4.46984
2.44514
3.8591
4.42275
3.09922
4.94132
2.61841
2.91591
2.74502
3.1658
2.59501
4.28067
4.04436
1.46922
2.46551
3.69823
2.46445
4.67022
4.32723
4.98221
4.48417
2.9163
4.70952
3.09098
3.80544
4.97369
4.74572
4.70938
4.92337
3.37612
4.16557
3.68227
4.49902
4.43442
1.4145
2.67348
1.56859
2.47486
2.4105
1.63904
1.58166
2.45673
2.68961
2.56848
4.85743
4.90658
4.57307
4.58342
3.79566
3.82007
3.69969
2.86372
3.01799
2.90667
4.20523
4.16694
4.22552
4.37162
4.23565
4.26674
3.45925
4.38375
4.39804
4.45892
4.63146
3.45028
4.52755
4.60751
2.83002
2.43171
1.43462
3.72772
2.62032
2.41965
3.69836
4.04519
3.10666
4.40992
4.37726
3.79788
4.17692
4.57697
4.0203
4.8302
2.55903
4.27172
2.28517
2.41204
3.64383
4.80572
4.15754
4.5643
3.66588
2.97907
4.44636
4.54189
4.38844
3.87323
2.69781
3.38853
4.99724
4.13386
4.27327
1.83158
2.48565
4.39413
4.10165
3.04351
3.59211
4.49847
4.51969
4.4008
4.1163
4.12598
4.06654
2.35931
4.89794
3.72521
4.15227
4.92532
2.83674
3.0057
4.60694
4.75501
3.051
1.49401
4.50454
2.78383
4.2966
4.51838
4.97298
2.46248
4.30794
2.40652
4.44617
2.45946
3.78472
3.41289
2.81061
4.16001
3.05301
2.69369
2.4796
2.53785
2.77738
3.14142
3.89924
4.93623
4.00226
4.47522
2.52613
4.42369
4.53633
4.81708
2.64928
2.75586
4.23963
4.49232
4.99941
3.87531
4.91803
4.27393
4.41557
3.0919
4.73887
4.11194
3.04389
4.48489
4.77594
3.72559
4.88344
3.96076
2.87595
4.24691
4.97929
3.69155
3.91662
4.24656
4.98432
4.15776
4.75226
2.91873
4.42273
4.59277
2.93834
2.81563
1.52658
4.64288
3.79424
4.38538
4.15827
2.53099
4.20713
4.22646
4.90909
2.65001
4.44636
2.38668
2.79189
4.18015
3.69417
3.25249
1.4279
2.90846
2.38659
1.31157
3.40572
4.76004
4.58475
4.3535
4.88651
4.22049
4.98481
4.56543
4.56639
2.94058
4.51741
2.78702
3.61686
4.63095
2.47221
4.22293
4.31758
2.40034
4.14552
2.45626
3.48516
2.84988
3.82371
4.29556
4.56226
2.68458
2.95571
2.29278
3.06292
4.28945
4.97366
3.72509
4.93029
4.41416
4.25885
4.36978
2.34411
3.51709
4.52371
2.51022
4.77076
4.40469
2.74433
3.81269
4.54492
4.56675
3.74192
4.57743
2.91805
4.4774
3.34593
4.40894
4.58313
1.53476
2.39493
1.544
4.43656
3.97143
4.96021
4.18825
4.24855
4.30834
4.93509
4.26154
4.28731
3.54317
2.52249
4.14579
4.53678
3.68595
3.84907
2.87323
2.88143
4.18167
4.6043
3.5897
4.50226
4.60129
4.80073
1.43764
2.40699
4.49472
3.04589
4.47054
4.61275
2.63483
4.34765
3.82043
4.26604
4.58083
4.50667
4.55762
2.85709
2.76424
4.58028
4.21586
4.18412
4.99582
2.46004
2.43072
2.42691
4.30377
3.70163
2.95253
3.54294
4.5131
4.51459
2.74251
4.35218
3.65394
4.80411
3.17002
3.99288
4.42536
4.63599
4.41064
4.84461
4.42492
4.44708
3.4592
2.35822
2.48915
4.47588
4.39376
4.99763
2.86359
3.77564
3.95245
1.66375
2.90188
1.60478
4.7239
3.0752
2.50333
2.66754
4.79384
4.43283
3.14783
3.70164
4.14339
4.35487
4.90331
4.11654
4.87629
2.8429
2.82735
3.7092
4.75284
1.50806
4.22406
3.82882
4.13736
2.25747
4.24708
4.19667
2.34085
2.27193
4.87725
3.51479
2.83704
4.45692
4.16454
3.60399
2.37178
3.49567
2.34666
1.37726
4.54108
3.59529
4.42781
3.77901
4.05666
3.70322
4.17829
3.01237
2.86895
2.42535
4.92705
2.61293
4.97639
4.31205
4.36208
4.40715
3.07402
4.60604
4.37551
4.41503
2.58118
2.3125
4.31472
1.52628
4.62156
2.74224
2.83943
1.5105
3.34119
3.77741
2.84994
2.45092
4.26813
3.90261
2.90446
2.39141
4.61454
4.19475
4.35567
2.58328
4.14045
4.91594
4.44138
4.64083
2.824
3.71131
4.44928
4.83531
3.76308
4.14061
4.33823
3.60831
2.84212
4.26197
3.74541
4.82878
4.42817
3.83808
4.68406
4.38809
2.83803
2.53524
1.40994
3.48427
2.70553
2.54087
4.41185
4.51844
4.48534
2.51922
3.59887
3.21366
4.69136
1.49474
3.07825
4.73673
4.37883
4.98642
4.50607
4.06728
2.70767
2.98239
4.17756
2.40877
2.83147
4.45502
1.51309
2.98829
4.42446
4.2243
3.77839
2.78802
2.45334
4.96743
3.80959
1.4455
2.29976
2.87208
3.34328
4.44823
3.49643
4.24352
4.39008
4.20715
4.53538
4.86304
4.16874
2.4974
3.84847
2.93686
3.69769
4.5132
4.54767
4.36049
4.92315
1.53077
3.00973
1.37217
4.31563
2.89828
2.23023
4.44634
2.79436
3.3491
3.58384
2.96933
3.69127
2.43069
4.18164
4.58726
4.98441
3.45192
2.50182
4.17226
4.22526
4.95822
4.5142
2.89764
3.81724
4.58778
4.28081
3.78525
4.79821
4.52068
1.56731
3.87446
2.83056
4.40762
2.88861
2.92556
2.49017
4.483
4.62997
2.98282
3.47504
1.72244
2.42703
3.82098
4.97347
4.34994
2.49208
3.47695
4.26807
4.26665
2.60558
3.00109
3.87866
3.83239
4.49718
4.96469
4.58537
4.39653
3.60201
2.45579
3.37121
2.62942
4.97927
2.80453
4.30604
2.4191
2.8744
4.15125
2.52333
2.33219
1.42083
4.22965
3.75916
4.31835
2.87281
3.17611
4.5478
3.74658
3.82497
3.43275
4.95262
4.93374
4.1763
3.61281
4.93619
4.44987
4.39744
2.65507
4.94559
4.59847
3.71838
1.68131
4.46225
2.59263
3.9043
2.67569
2.41361
4.29873
3.05708
4.23375
2.99345
2.502
2.65782
4.32211
3.64435
4.29969
4.12226
4.07374
2.70275
4.55414
4.79693
3.25609
4.74511
4.14288
3.87735
4.87871
4.84535
4.55635
4.10955
2.54582
4.3478
1.37183
3.52297
2.45614
2.836
2.35386
3.50415
4.17575
2.85524
4.91562
3.7343
4.34312
4.40941
4.69027
1.61148
2.93976
4.42147
2.58238
2.59784
3.65757
4.29475
4.41759
4.66893
4.22915
3.03879
2.59251
3.79836
4.58878
2.41096
3.35758
3.73532
2.37799
2.35351
1.41357
4.01824
4.27796
2.47884
2.72892
2.60448
2.71967
4.22027
4.6974
4.64873
3.83238
4.58932
3.91652
3.64395
4.42985
3.04197
4.98698
3.66768
4.9679
4.24349
4.89245
3.39059
4.65104
4.1866
4.34375
4.34579
3.00404
2.509
2.634
1.62603
3.37397
4.52681
3.59056
2.97911
4.477
3.82454
3.84853
4.45297
4.40567
1.7434
2.83834
4.78584
2.49085
4.28175
4.30121
2.31082
3.38456
4.55667
4.13472
3.76844
4.20744
2.48467
2.72479
3.1616
2.37543
2.56407
2.82543
2.58271
4.41584
4.33914
3.89391
2.4996
1.51504
2.59806
2.91291
2.76766
4.41616
4.69994
2.93327
3.81512
3.88024
4.96425
3.37437
4.30956
4.87018
3.25733
4.62735
4.28807
3.03575
1.59899
2.47615
1.5544
2.88251
3.77262
2.47387
3.89402
2.55598
3.0634
4.56837
4.2334
4.14404
2.54941
2.63088
3.40703
4.38315
4.54317
4.50036
3.82445
3.01465
4.6006
4.5952
3.80569
3.57183
2.99069
4.2443
4.81013
2.53963
1.53081
2.36324
4.30155
3.79064
3.6023
2.7529
4.30589
2.93156
4.00686
4.44911
4.6898
2.82272
3.04991
1.4772
4.64724
4.39491
4.31807
2.49657
4.3557
2.27494
3.7918
3.54957
4.53028
2.49375
2.80166
4.31077
1.48719
2.42254
2.48183
2.40887
1.4665
2.461
1.45784
2.50858
4.70281
4.50184
3.78798
3.7966
3.15693
2.97853
2.76465
2.9317
4.20383
4.34838
4.28755
4.20839
3.38711
4.39809
4.43254
4.31354
4.43644
4.16573
4.6315
4.53047
3.60646
4.50079
2.69198
3.84009
2.88618
2.38241
2.96935
2.29958
3.79007
4.33023
4.52968
4.23118
4.97829
4.2169
2.69122
2.41158
4.15356
3.59302
4.62162
4.46328
3.89606
4.54185
2.92232
4.60149
3.61128
4.25731
4.59868
2.93087
3.41549
4.26701
4.82517
3.72884
4.26687
2.8099
3.60022
3.10279
4.65613
3.74803
2.74831
1.49216
4.42361
4.20819
2.56337
4.25723
4.14473
4.90784
2.35049
2.85726
4.35705
4.54595
2.34522
3.58061
3.64443
2.50953
1.70827
3.42277
3.00582
2.5146
2.84372
3.81791
4.50686
4.60565
1.50502
2.73889
4.82569
1.46754
2.92275
2.38544
2.43315
4.30446
4.27618
2.3945
3.38093
4.23847
2.69571
4.46796
4.91277
3.77085
4.23754
1.404
2.52658
2.93772
3.53831
2.94062
3.96578
3.03339
3.87581
4.50419
4.76316
2.91853
1.67601
2.51422
4.46533
2.60284
4.45258
2.49224
4.38457
3.56615
3.02171
4.35172
3.92879
4.75901
2.86917
2.50993
3.03679
4.41103
4.23116
4.34143
2.61381
4.90399
4.30745
3.71301
4.27711
2.53562
2.5348
2.91291
4.01846
3.82178
4.61868
2.8959
4.57594
4.62194
4.5549
3.50547
4.36453
4.58709
1.50563
2.3009
4.97254
4.55094
3.78114
1.51478
4.58422
2.79673
4.5347
4.63219
2.69789
1.48517
4.21072
4.3615
2.48087
2.38431
2.30128
4.86962
4.24525
3.74179
3.39718
2.80976
4.55956
4.05297
1.65555
4.27305
4.38219
4.52809
4.98967
2.48005
4.43459
4.26788
4.38805
3.41606
2.49809
2.57039
4.60068
4.11368
3.87073
2.91635
2.96013
4.34396
4.22977
4.63801
3.64436
4.46803
4.5826
2.92136
2.92937
2.81215
3.90251
4.39797
3.81792
4.6518
1.42196
2.84707
4.24171
2.644
4.22039
2.25244
2.38528
4.22712
4.91586
3.65517
4.47281
4.19966
2.80594
3.31952
2.45519
2.61162
4.71095
4.70991
4.598
1.51181
4.33862
3.92231
4.31118
3.85188
4.23082
3.80081
2.34155
3.44816
2.49231
2.48228
4.90453
4.46311
1.30851
4.45077
3.78802
4.40223
3.67757
4.02778
4.22131
4.22339
3.78093
2.35823
4.94487
2.4064
3.51271
4.44231
4.34617
4.04631
2.66996
4.41827
4.67341
1.70009
2.84877
4.40281
4.64046
4.94918
2.75602
4.1931
3.92306
2.59296
4.51775
4.41184
4.38061
2.62111
4.82525
4.39265
2.62804
4.39992
4.62692
1.65521
3.05915
3.11549
2.88997
2.96075
4.75522
3.48062
4.03693
2.57189
4.05529
2.63191
3.86654
4.37832
1.67134
4.45012
4.44923
2.55614
4.33708
4.88748
4.26829
4.96204
4.29667
2.42872
2.94221
1.52513
4.77377
2.89249
3.88756
3.92894
2.94731
1.52173
2.70252
4.33012
2.88134
3.53717
3.90484
2.67856
4.5999
2.53915
3.72625
3.51284
2.57023
4.8677
3.02966
1.58783
3.01773
4.76879
4.47576
4.93316
3.06345
2.6553
4.53323
3.79714
2.3739
2.6057
3.66884
1.61902
2.8911
4.75193
3.0368
4.62594
2.96094
3.96957
2.49596
4.39964
4.43047
4.7347
2.60686
4.39159
4.25594
2.37879
4.61278
1.46028
3.07152
2.90574
4.70646
3.05511
3.03599
3.70331
4.06638
4.37239
1.51594
2.51376
3.94778
2.70167
3.78051
4.18075
2.39663
4.95221
4.24312
3.82172
3.15771
3.85353
4.49068
4.56213
2.87544
3.85156
4.33326
1.59231
3.41234
1.56017
2.45827
2.80391
2.37481
2.75904
4.01757
4.97135
2.55919
4.20614
2.73024
1.4874
4.68144
2.91584
3.75722
2.86335
1.3855
3.77514
2.18766
2.53386
4.6075
3.51901
3.79443
4.24741
3.11709
2.43566
4.36284
4.98585
4.41649
1.49858
2.67204
2.71715
2.93365
2.82661
3.3511
3.69067
2.25943
3.79009
4.1179
1.46054
2.33656
3.7843
4.78544
4.59613
3.84969
2.95056
3.84503
2.82676
3.82947
4.29536
1.39815
2.44156
2.96765
3.48265
1.44543
2.28368
2.97202
2.43043
2.91436
1.7606
3.81007
2.88581
1.51902
4.54519
2.97301
3.88596
2.39222
3.57915
3.85049
2.49399
4.57531
4.35582
2.93662
2.91053
3.9815
1.50436
2.97955
1.40223
3.81895
4.47176
2.86352
2.5051
4.22735
2.7894
2.42863
4.47752
3.5348
3.70349
3.4966
3.5676
2.45537
3.4995
4.80718
2.47322
4.94823
2.48643
1.50391
3.81313
4.30323
3.81793
4.30438
3.91412
4.35803
3.75973
2.70783
4.99533
3.41812
2.44191
4.45369
2.80591
2.99548
4.55216
3.12297
4.35148
4.68361
2.71101
3.66721
2.4525
4.37944
3.48749
2.49211
3.08547
4.54831
2.37306
2.9093
4.30127
3.0286
4.23524
2.63244
4.48331
4.57319
3.96987
3.92775
3.99605
2.7578
1.74835
4.48403
4.07572
2.45006
4.37268
4.28517
2.57244
4.29377
2.53276
1.52247
4.51033
2.98161
2.52011
1.57941
3.55091
3.00413
2.53539
3.45885
2.55629
3.53095
2.51989
2.98668
4.99262
2.97376
4.40037
4.6074
2.60885
2.96911
4.51395
2.33507
4.88398
4.26062
3.61063
3.51941
1.45953
4.36106
3.76701
2.40525
3.66583
2.65055
4.3376
2.60552
1.44002
4.38709
1.56438
3.63833
2.94585
2.53258
2.97528
2.66125
2.46594
3.94723
3.47127
3.7611
2.44688
3.78925
2.48384
1.50348
4.28419
1.74226
4.41635
2.96657
2.52541
2.96809
2.57347
1.68657
3.63971
4.66826
2.42062
3.02743
2.47708
2.95269
2.66572
2.91838
2.90698
2.71146
3.07473
2.39087
2.81955
2.57639
2.97938
2.45625
1.45226
2.37509
1.69501
1.56808
2.54318
1.56147
2.50331
2.85706
2.46962
1.39905
1.41553
2.5321
2.87698
