3.10436
2.59299
2.72763
2.72037
3.97466
4.17606
2.82185
2.48349
1.59284
1.51456
2.301
2.59371
2.30434
3.80453
2.31996
1.60844
2.61136
2.45275
2.61707
2.35043
1.44009
3.68677
3.14228
4.11159
3.03636
3.7242
2.78051
2.52757
3.65294
3.39393
4.03925
4.28964
4.013
4.06359
3.66433
4.49128
4.50729
4.43858
4.73154
4.82784
4.87051
4.3662
4.39669
4.50747
3.77045
4.62247
2.68956
3.15753
3.2471
4.12182
4.17045
3.76515
4.32961
4.48566
4.48911
4.7676
3.98804
4.17205
4.97054
4.38902
4.75369
4.42658
4.50785
3.91507
4.9294
4.82486
4.89652
3.14626
3.63657
3.05474
2.90936
2.70118
3.57237
4.64009
3.55638
4.75434
4.31168
4.49486
4.58183
4.32894
4.39885
4.52696
4.25692
4.10152
4.48631
4.98313
4.19758
3.85423
4.61937
4.91876
4.79317
3.70534
4.80041
4.81341
4.67961
4.23423
2.86521
1.60584
1.47723
2.29132
3.53009
3.85515
2.747
2.46739
3.46218
4.50078
4.53088
2.50312
3.86341
2.567
2.79859
4.48999
4.36688
2.55161
4.29165
4.33361
4.42676
4.07803
4.81492
4.50672
3.80596
3.48142
2.95916
4.48297
3.71822
4.22874
2.39827
4.62994
4.69078
4.37847
1.51869
3.66078
1.56814
3.00184
2.51178
3.0733
2.73822
3.86997
2.40053
4.43531
2.97078
2.48064
3.78178
4.12035
3.89352
3.61165
2.49534
4.22159
4.24346
4.19651
4.66203
2.85417
4.98125
4.47563
3.85758
4.17208
4.54181
4.11974
2.70086
4.92193
4.28439
4.26123
4.93562
4.53493
3.90727
3.5562
4.58536
2.92568
4.41706
3.9305
4.32659
4.36689
4.50572
4.7928
4.46315
4.25449
4.6135
3.05993
4.62007
3.83732
4.30303
4.43263
2.49199
4.79855
4.96868
4.39331
3.77969
2.45123
2.41593
3.71529
3.77114
4.14623
2.7672
1.53384
2.37169
2.53299
4.24846
3.7064
3.34632
2.94392
4.28724
3.75989
4.41927
3.9385
1.46472
4.73279
3.05673
4.53752
4.31936
2.61338
3.81824
3.62751
4.55977
2.49698
4.27401
4.283
3.81854
3.1673
2.61552
4.07767
4.43034
4.50773
2.99997
3.69142
4.56333
4.25941
3.47919
4.70296
4.28494
4.48223
3.37676
4.47053
4.92721
4.93148
4.95697
4.75092
4.53363
4.43235
4.28546
4.9299
1.5192
2.921
4.67577
2.70135
2.38211
3.58597
3.42577
4.0959
4.45521
2.18515
4.45683
2.86687
4.2239
2.53912
4.75947
3.73461
4.21581
4.43501
4.32094
1.56559
2.96192
4.63234
2.97381
3.89707
2.69936
4.21111
4.2685
4.0034
4.24048
4.49696
4.30012
4.18818
4.84043
2.77096
4.54889
4.43284
4.17477
2.55005
3.75795
4.76581
4.57319
3.47683
2.9828
3.00999
3.5455
4.43441
4.99893
1.36124
2.53055
1.65837
2.54091
4.37865
4.57568
4.50963
4.01975
2.99533
4.72959
2.99181
3.78906
3.72928
4.39783
3.44406
4.88465
4.40744
4.55412
4.73746
3.58421
4.99173
3.00399
2.51395
4.65776
2.40471
3.42176
2.85647
4.45689
4.25847
3.77787
4.51955
2.51575
2.9249
4.24161
4.45771
3.0075
4.60795
3.81671
4.4649
4.38281
4.90062
4.296
4.96024
1.63187
4.56523
4.69676
2.90574
2.51214
2.73845
4.20631
3.35133
4.47854
2.44511
3.86025
4.98773
4.38315
4.1115
2.87756
2.43474
4.58081
4.48597
3.90862
4.65772
3.9471
4.31081
4.86479
4.55933
4.94107
3.86057
4.34141
2.3497
4.16901
4.89219
4.97758
4.15061
4.22978
3.58233
3.98804
2.7941
3.78489
4.45683
4.27991
4.18738
1.43247
3.10357
2.5755
2.43527
1.5614
2.79576
4.15546
3.43576
4.14861
3.76713
4.26043
3.01284
3.46877
4.336
3.93983
1.58238
3.01592
2.96475
4.38976
2.43504
2.89626
4.25539
4.39736
2.42586
3.44651
4.42677
4.29784
2.44309
2.86973
3.85332
4.19139
4.83903
4.55902
4.34009
4.37804
4.36497
2.94637
2.59228
4.7218
2.47259
4.3954
3.77785
3.74636
2.51956
4.45144
3.02076
4.32538
3.83243
4.97528
4.46601
4.66537
2.95941
4.5738
3.92409
2.50778
4.23756
4.29517
4.38845
4.94017
4.23996
4.38551
3.75096
3.05355
3.82684
3.88028
4.40665
4.15527
3.65229
4.27119
4.45813
4.57193
3.30371
4.94797
4.97525
3.71793
3.7518
4.97413
4.61022
4.63154
4.29346
4.37924
4.88115
4.62475
4.46972
4.35057
4.91262
2.84628
3.80532
4.40364
4.15395
2.58658
2.86035
2.84987
2.51489
4.1154
4.43056
4.98235
4.79391
4.28038
4.35124
4.99926
2.51603
2.56044
3.55895
4.60095
2.85013
2.49214
4.50431
4.15617
2.79734
2.92464
3.47559
3.85771
1.58842
2.52805
4.27921
4.95113
4.28857
4.57564
3.37851
4.73469
4.94389
2.88662
4.36168
2.8352
4.59146
4.11819
3.07093
1.60528
3.88623
2.58747
4.1485
4.84205
4.61611
4.90967
2.48166
3.53469
2.62459
4.5356
4.63509
1.57464
4.31896
3.78679
4.35715
3.76723
4.12706
3.83398
4.44869
2.92016
3.05088
2.50962
4.34834
4.21775
4.30213
4.30735
2.99827
4.24466
4.28217
4.80658
4.18081
4.1339
3.61322
3.84308
3.98753
4.86248
4.469
4.50676
4.2923
4.98977
3.93946
3.93641
4.6915
4.4374
3.41921
2.52183
4.60033
4.98352
3.12042
4.87101
4.35155
4.35858
2.9448
1.79662
2.85407
4.58578
4.50076
3.79269
3.91891
4.53361
4.56985
2.54997
4.50411
4.14116
4.64871
4.64747
2.95354
4.44743
2.50225
4.54933
3.02907
4.67478
3.87874
1.52572
2.91007
2.55448
4.27197
4.53049
4.20608
4.86274
2.96205
4.36132
4.13845
2.48984
4.25489
3.90485
4.92718
4.45333
3.85246
4.32019
3.58146
2.65882
2.67606
1.49609
3.46245
3.70215
2.89764
2.39486
4.69516
4.67499
4.36857
4.90302
2.96708
4.6638
4.2901
4.28295
3.54302
2.29532
4.22184
4.33331
3.71895
4.61865
4.02447
4.3062
3.5536
2.36786
2.40857
4.48241
1.46128
2.85435
4.40659
4.80354
2.82283
3.68168
2.42027
3.71588
4.28266
3.72741
4.18479
3.29888
4.91354
4.08183
4.10423
4.24391
4.4243
2.7495
4.47658
4.15145
2.43349
1.63883
3.06574
4.43375
2.69311
2.44326
4.0861
4.39214
3.66895
4.7078
4.56598
3.16856
3.13653
1.42874
1.68371
4.49761
4.54766
2.51154
4.62397
4.35158
4.28444
3.52924
2.28808
2.90688
3.99435
4.38796
4.27942
4.53021
2.94521
2.57415
3.81902
2.90324
2.99542
3.90411
4.44843
3.49509
4.42245
3.48102
4.61619
3.78924
4.66426
4.52785
4.27253
4.92595
4.33256
4.87395
4.92944
1.44145
2.84327
2.31635
2.48524
3.35596
4.18907
2.77239
2.51657
2.81693
4.34777
4.05195
4.31662
4.15925
3.63806
4.65751
4.33873
3.69569
4.29244
4.98939
2.26461
4.2322
4.78017
4.3647
3.71745
4.23477
4.17482
4.4349
3.92633
4.47025
3.70573
4.4919
4.21563
4.72168
4.23391
4.83993
3.673
4.39322
4.13172
1.56662
3.62492
4.75365
4.23217
3.31277
4.32963
4.19319
2.81942
2.30885
2.40277
4.99126
4.26372
2.87321
3.82209
2.97449
3.7774
2.60869
4.32954
3.74525
4.2441
4.6719
3.55619
4.80813
4.16851
4.8609
4.66724
3.44671
4.53503
4.98244
4.37442
1.55023
2.53152
4.24571
4.44406
2.50279
3.73371
2.97014
4.14465
3.79079
4.30878
4.54785
2.64737
3.79962
4.56626
4.00379
3.78557
4.34948
4.98232
4.30765
4.59406
2.89273
1.61358
4.96559
2.31419
2.68112
4.75675
4.34927
3.72192
3.02391
4.36296
4.62825
4.8999
2.6403
4.52929
4.6931
4.10207
3.80072
3.01745
4.66478
3.87865
3.93707
4.35736
4.19421
4.52735
4.82843
3.03611
3.1567
2.75702
4.50838
4.50006
4.10168
4.43877
4.47186
4.4636
4.75808
4.33556
4.34271
2.21519
3.54884
2.75585
2.66388
4.18715
3.70021
2.51326
2.93575
2.96106
4.04887
3.80462
2.49657
4.96718
2.48304
2.66467
2.40774
4.90345
3.36545
4.04074
4.24229
4.56538
4.9896
4.67328
2.78161
4.32763
3.75911
4.52795
4.59861
2.90746
3.49092
4.27428
4.34536
4.36475
3.82764
3.97898
4.22704
3.21539
2.67374
4.31191
4.86967
4.33104
3.1142
3.85197
4.97304
4.87024
3.08159
4.86773
3.71712
4.58101
4.39922
4.09002
4.40705
4.79282
4.41779
4.56068
4.92244
3.93355
3.57901
4.6936
2.48953
2.56843
4.03089
2.87675
3.22888
4.45761
4.6672
4.78577
3.67401
4.32229
3.92789
4.3991
4.02741
4.40054
4.2584
4.06685
4.46278
4.83504
4.47424
3.82193
4.24981
4.49429
4.92228
4.56049
4.13122
4.22044
4.35673
4.73189
1.49118
1.54421
2.81773
4.2507
2.86352
2.58203
3.91863
3.90689
2.47193
3.07946
2.58607
4.46173
2.37386
4.3418
2.41902
4.3615
4.27453
3.3743
4.93876
4.64892
4.52552
2.83115
4.88909
4.54809
3.76002
4.39071
4.15288
3.61035
2.9091
4.42576
4.53845
3.89561
2.45399
4.3375
2.28588
4.35695
2.86108
2.84222
3.78286
4.42016
4.58228
3.42374
4.46865
4.63629
4.45809
3.82675
4.70686
4.34382
4.35402
4.27855
4.38775
3.78876
4.97577
2.60077
2.48248
3.55794
4.21841
2.40257
4.55791
2.98628
4.83589
4.60704
3.64214
4.71103
3.58034
4.63264
2.99346
4.32616
4.58161
4.94125
4.31596
3.93097
2.42481
4.237
4.4073
4.40573
3.98563
4.33171
4.91844
3.87697
4.18266
4.26604
4.64515
2.46586
3.4652
4.50066
2.40012
2.93937
4.44668
4.38857
1.5281
2.64241
2.95088
3.99466
3.63666
3.69806
3.87944
4.63776
2.81671
4.41631
4.89102
3.50048
4.17694
4.85384
4.59646
4.66044
3.46764
4.59869
4.99744
2.90869
2.71329
2.39092
2.38338
4.25352
3.93609
2.87535
3.57827
4.56295
4.23634
4.99803
2.56168
4.49897
2.97062
4.56072
4.36207
3.88614
4.61724
3.97122
4.52862
4.9884
4.24492
2.86686
1.39757
4.62509
1.44538
2.51198
4.33652
4.85765
4.10644
2.92606
3.58149
2.46052
4.19703
3.79724
4.29143
4.57766
3.78317
2.94806
2.5688
2.79192
4.67195
4.57973
3.88076
4.33748
4.39442
4.86204
4.58642
4.51017
2.53086
4.43445
3.86905
4.35572
4.24206
4.39057
2.92835
4.68797
4.52541
4.32135
2.53812
4.30601
4.00036
4.55408
2.99884
3.77014
3.15242
4.87355
2.78508
3.9149
1.39183
4.53253
2.31853
4.16638
4.92612
4.14959
4.77222
4.25207
4.13578
3.63684
2.8691
4.39158
2.30791
3.77448
3.39151
4.4434
3.87103
2.53504
1.30226
3.00905
1.45612
2.57129
2.36021
2.52217
3.81356
2.77512
4.38641
3.37115
4.30905
4.62839
4.30965
4.56245
4.6177
3.9338
2.79593
4.54278
2.99635
2.33551
4.14219
4.25294
3.69819
4.26218
4.89613
4.49842
4.33836
3.92946
2.90712
3.05149
4.58462
3.75151
4.46768
4.33698
4.69619
3.75613
4.67298
4.55535
3.50259
2.7087
4.34146
4.55342
4.3479
4.27319
4.87754
4.00659
3.86599
4.67949
4.34119
4.29268
4.99039
4.93053
4.5017
4.24633
4.25133
3.81707
4.34359
2.63426
2.94129
2.60452
1.55211
3.18326
4.45377
3.76462
2.71943
3.81458
3.77159
2.93983
4.3801
4.98213
3.58559
4.10014
4.71184
4.84529
4.6198
4.63841
3.52726
3.6717
2.88563
1.58008
4.58444
2.54466
4.20567
2.39243
3.77483
4.14154
3.50494
4.60648
4.22122
2.66209
4.33801
3.09742
3.864
4.78598
4.36975
3.79967
4.62122
4.45659
4.1139
4.46286
1.56765
2.73821
4.45485
2.63768
4.37851
4.41409
4.98696
3.90465
2.60275
3.82794
4.55418
3.49476
4.33652
4.53556
2.52495
2.88036
4.55282
4.57653
4.36421
4.90376
4.14717
4.99488
1.69355
2.8806
4.70875
3.02572
2.51237
4.2291
4.35322
4.31217
4.3753
3.84098
3.85174
4.71808
4.35772
4.47088
2.87294
2.34517
2.75193
4.99599
4.90311
4.29591
2.55036
4.06757
4.07587
4.46001
2.85009
4.99037
4.37224
4.65539
4.82945
3.39951
2.80172
4.45009
2.9161
2.86646
2.63771
4.6777
4.99962
4.12249
4.55295
3.57807
1.60336
2.5165
3.72464
4.73177
4.53156
2.44285
3.56882
4.31082
4.30656
4.09277
3.79037
3.77469
4.60194
4.18992
2.52235
3.49773
2.98417
2.60778
4.59538
3.01003
4.42103
3.12444
4.4003
4.67172
3.76314
2.59808
1.59742
4.40267
4.74631
4.89565
4.9951
4.54048
4.36548
3.8566
3.8809
4.33039
4.59037
2.58929
3.55323
4.59631
4.56535
1.59649
4.41532
3.94148
4.01391
4.37872
3.88033
3.07315
2.47565
2.77516
3.49949
4.92697
2.59116
4.40807
4.21433
4.48737
2.98172
4.67468
4.624
4.33967
1.49074
2.76497
3.56211
2.76179
2.53612
2.90912
3.848
4.47679
1.57835
3.09785
1.39828
4.60765
2.63289
2.50359
4.4561
2.36367
4.35723
3.57348
3.17033
4.40685
4.644
4.53631
3.80954
4.3731
3.99082
4.36805
4.02221
4.10537
4.7815
4.38782
4.9239
3.4466
4.42807
3.68129
4.74387
3.12167
3.95406
4.52619
4.45719
4.47185
4.83726
2.85693
3.5825
4.5984
1.44928
2.47158
4.43569
4.908
4.1922
4.24203
3.76757
4.28561
4.20657
3.25974
2.81768
2.44377
4.53614
2.82991
3.82953
2.52397
4.46928
4.52417
2.96146
4.45025
2.48826
4.25913
4.3193
3.93922
4.41156
4.97401
4.21814
4.76453
4.20602
4.23955
4.83788
2.75671
3.91325
4.43407
4.42079
4.42408
1.58908
2.88042
3.45585
2.99869
2.55879
4.32356
3.64798
4.43568
2.39844
2.36564
2.25832
4.2554
2.86295
2.64214
3.80889
3.66542
4.48194
4.67161
4.41411
3.51397
4.69344
4.46879
4.21769
4.82479
4.28164
4.23887
2.60448
4.50294
2.98538
3.86943
4.58401
4.36569
4.54682
4.28531
4.52481
2.89382
3.58303
4.52572
3.92399
2.48836
4.25519
4.15241
3.80754
4.88296
2.65605
4.25534
4.47239
3.54778
2.45614
4.57222
3.00526
4.24596
4.49307
3.8607
4.38579
4.66993
4.60862
4.33414
3.47818
2.81546
4.22878
3.92748
4.39581
4.35131
4.91387
4.20649
3.72687
4.93409
4.35119
3.79738
4.81511
4.98705
4.29783
4.15894
4.27461
4.5177
2.47849
4.68688
3.77786
3.07453
4.77344
4.60846
3.04031
1.46014
3.05408
3.90875
2.69466
2.39872
2.5508
4.48017
4.38802
4.63439
4.4374
3.14098
3.64925
2.96321
4.35058
4.69613
4.0387
1.458
2.33036
4.20059
4.19237
4.47247
4.8961
4.03072
4.23864
3.54115
2.32225
2.81863
3.3266
4.24979
2.41166
1.55488
3.97131
4.44392
2.6442
2.47261
4.24329
4.1139
4.43129
3.81679
4.88706
4.40018
3.98938
4.6771
2.95619
3.98948
4.20231
4.95353
4.47745
4.96088
3.48192
4.64719
3.53712
4.93734
2.93335
3.86942
4.75849
4.6263
4.43481
4.46388
4.96532
3.85924
3.67082
4.58642
4.2834
4.24015
4.79252
4.75692
4.52534
4.64066
4.22305
4.34112
3.90254
2.60244
1.60461
3.05066
4.6808
4.66022
4.43169
1.37674
2.90394
1.52041
2.44499
3.95313
2.34822
4.35917
2.41588
4.83176
3.68643
4.19474
3.72299
3.35809
4.46442
4.98925
4.45526
4.17156
2.854
4.3179
3.9789
2.96034
4.39534
4.28737
4.88717
4.95496
3.62712
4.79119
4.83162
4.61999
3.44895
3.72946
3.89669
4.34123
4.44145
4.16565
4.97369
4.9753
3.15054
1.47375
4.57633
2.63372
4.46259
4.39673
4.00221
4.53145
4.40288
2.45776
3.73349
4.58136
2.47435
3.02153
4.68465
2.735
2.92604
2.91272
2.48901
4.21427
4.18813
4.1501
4.86119
4.1666
3.88585
3.06451
4.47223
4.76447
3.93695
4.41123
4.33097
4.9571
3.90576
4.4133
4.38538
4.15051
1.55936
2.42725
2.62257
4.84074
4.19637
4.19802
4.3899
2.35615
4.299
3.86075
4.99319
2.86817
3.90816
4.97921
3.52986
4.55762
4.60888
4.35182
3.55248
2.41438
1.44881
2.86648
3.82471
4.44098
4.59064
2.55449
2.99661
4.30589
3.80933
3.92936
4.31468
1.45991
3.12527
2.49967
4.52142
3.51927
2.98481
2.59685
4.44021
4.36702
2.57576
4.43385
3.08096
3.79618
4.74267
4.5297
4.47443
4.46557
4.25846
2.32717
4.41659
4.8497
2.37555
3.81665
4.28369
4.59856
3.79828
4.9778
4.84676
4.62474
4.11058
3.52135
2.8095
4.20218
4.31275
4.45832
3.53655
4.35298
4.26864
4.57443
2.88515
4.31134
4.597
4.46646
3.85346
2.40729
4.40783
4.82691
4.3206
3.97594
1.51687
1.48225
4.6247
3.78116
3.10608
1.49508
2.88271
2.51408
4.12972
4.32565
2.46311
2.43495
4.1868
3.80657
4.90115
4.1751
4.3207
2.72989
3.39116
2.86564
4.95818
4.67377
2.97274
4.793
2.4425
4.32439
4.29859
3.89666
4.34368
4.90314
4.30358
2.35746
2.52597
3.80705
4.46212
3.44824
2.9971
3.80765
4.6709
3.85486
4.58864
2.78898
4.54612
2.47596
4.12601
4.30264
4.03092
4.23205
4.89993
3.75787
4.74727
3.78012
4.05163
3.8071
2.99072
4.52861
4.4738
4.96289
3.53079
4.59562
4.4542
4.68783
3.52272
4.61486
3.81687
4.32337
4.2345
4.85264
4.73716
2.89355
4.54765
4.28564
4.332
4.90604
4.96731
2.81217
4.54216
4.56705
4.31689
4.42413
2.47488
4.4486
4.49275
3.596
4.22876
2.48534
2.33303
2.36204
2.88184
4.31159
3.80809
3.75906
2.75409
4.63944
4.23693
4.94155
4.39153
4.09495
4.38235
3.40434
4.78065
4.33008
4.39551
2.50926
3.70588
2.85081
4.53007
3.78451
4.70608
4.26886
4.47806
3.66278
2.87717
4.92107
4.45456
3.56455
4.17167
4.68033
4.36193
4.27529
4.17268
3.79869
4.86983
4.50822
4.23468
2.70238
2.43153
3.48197
3.09052
4.82633
4.68411
4.49992
4.03859
4.54442
3.89337
4.76034
2.80093
3.49073
4.56752
4.27532
4.34333
4.91783
4.29884
3.79552
4.96746
4.97424
2.44857
4.22051
4.40774
3.76473
4.81526
4.15823
4.20881
4.46862
4.82649
3.72403
2.54693
2.53262
2.88306
4.94319
4.5342
2.96274
1.55108
4.37001
4.14612
3.67403
4.77273
3.9875
2.25362
4.92043
4.71507
2.72479
2.35963
4.05692
4.31337
3.74987
3.03645
4.67686
4.51213
4.69951
4.01019
2.83311
1.69712
4.34344
4.32104
2.98337
2.76684
2.63368
4.5884
2.54683
3.44977
2.38398
3.6136
1.45485
4.54025
3.70006
2.99526
4.41894
3.5262
2.82042
4.03962
4.30328
3.73341
2.40146
4.15626
4.9822
4.93022
4.94525
4.59764
4.2896
4.365
4.91037
3.11153
4.45368
4.5156
4.35197
4.24241
3.85095
4.46238
3.7511
4.40164
4.96196
4.90687
2.5908
4.44586
4.83405
4.49813
3.98685
4.73423
3.9261
4.3418
3.45331
4.25315
4.24701
3.66726
4.88965
3.05831
4.6719
4.57442
4.42124
3.72357
2.58719
4.48865
4.5761
1.57467
2.52221
2.85811
3.39628
1.47094
2.87973
4.21643
3.87899
2.9767
2.47199
2.51429
4.81501
2.75508
4.31851
3.73635
4.31894
4.34215
3.90722
3.3203
4.08486
4.40798
4.34189
3.97748
2.9167
4.29613
4.87088
3.96253
4.47371
4.19873
4.32741
3.61839
4.47727
4.99024
3.01589
3.82947
4.97798
4.60252
4.1593
4.63506
4.28253
2.57538
4.18695
4.36912
4.09306
4.80952
3.73469
4.15051
4.37076
2.60634
4.18222
3.73527
4.93525
2.29236
2.35794
4.84192
4.19492
3.50181
4.84428
4.71016
2.89231
4.98991
4.35185
3.72493
4.24296
4.96998
4.52858
4.60571
2.42926
4.46507
4.2109
4.9311
3.69907
2.64388
4.52011
2.94275
4.39305
4.84288
4.57845
3.88094
4.26756
2.99227
1.4684
2.59958
4.39939
4.49843
4.28635
2.54699
2.98865
4.86762
3.52082
4.33561
4.33459
4.5354
4.67539
2.9975
4.42559
4.8154
4.2674
3.5537
3.90643
3.81698
4.58545
4.33239
2.41404
3.52214
2.73213
1.59146
4.21713
2.77068
3.78698
2.37059
4.59201
2.95399
2.48926
4.16487
4.36353
4.62162
4.95641
4.16693
3.36005
2.48732
3.31972
4.82329
4.55429
1.38645
2.93157
4.53134
3.75023
4.82521
3.06226
2.46918
3.76969
4.26062
4.4694
3.75933
4.22151
4.91619
4.18907
4.25303
3.79955
4.57133
3.79283
4.25597
2.40392
4.20521
4.39909
4.79991
4.64693
2.83191
4.47396
4.19048
4.59038
4.58624
1.53821
4.42064
3.89135
4.23178
3.85297
3.87801
4.97
3.04035
2.90614
2.52485
2.59007
4.22473
2.82412
4.35507
2.87508
3.54448
2.60327
1.57564
2.2275
2.44906
2.2604
3.71863
3.65139
2.74909
4.90428
4.00573
4.24925
4.68682
4.93875
4.85214
4.18923
2.38515
3.45537
2.71276
4.44591
3.76479
4.69456
4.14511
4.81344
4.17388
4.48242
4.50252
4.25032
2.43277
4.24174
4.81769
3.82433
4.05589
4.63436
4.36346
3.01407
3.58533
4.59612
4.8152
3.42016
4.25252
4.27753
3.02432
4.71551
4.65774
4.46242
3.88856
4.59291
4.28064
4.26752
4.09463
4.20125
4.37759
4.93967
4.4616
4.97645
3.91621
3.51964
2.32142
2.79611
1.49576
4.50997
2.66354
4.18645
2.76875
2.53833
4.41241
3.68091
4.12992
4.99946
4.78879
4.08778
4.13589
4.91389
4.42575
4.25384
4.4069
4.62419
4.55424
3.09045
4.50476
2.54638
2.46946
4.87178
3.82732
4.6248
4.94902
3.86678
4.21007
4.88811
3.59074
4.88869
2.62343
3.0914
4.40024
3.94367
4.78222
4.45508
4.74973
4.63349
2.80741
2.57053
1.5673
4.48844
2.5577
4.49362
3.08851
3.32747
2.3459
3.53204
4.55708
1.49574
2.92787
3.89856
4.23807
3.85836
2.54761
4.89715
4.88848
2.89898
4.20978
4.03737
3.70143
3.68288
4.41203
3.87076
4.01878
4.30372
4.55771
3.38222
2.62662
4.94553
4.33702
4.20621
4.18039
4.6624
3.00156
4.7003
4.32689
2.68436
2.56933
1.80228
2.73899
1.53318
4.09028
3.04107
4.82868
4.41907
4.00198
2.65915
3.08992
2.52706
3.0522
4.74197
3.72929
4.44121
4.45083
4.00547
2.7738
4.32304
4.95075
2.35914
3.62414
4.84083
4.62635
4.71809
3.61756
4.17256
4.36983
2.72627
2.41327
4.40754
4.53408
3.23498
4.91319
2.8309
4.33213
4.69657
4.30088
3.9603
4.95098
4.31512
2.34631
4.391
3.69235
4.88173
2.76689
4.67908
4.49733
3.7811
4.29039
2.33804
4.98396
2.59786
4.5346
3.52376
3.05278
4.68221
4.50093
3.85126
4.62981
4.48262
4.37075
4.96645
4.06465
4.25534
4.41863
4.99034
4.58883
4.26162
4.21411
4.87388
3.71213
3.57266
1.69181
2.74983
3.90684
1.60394
3.0556
4.78051
2.99688
2.64139
3.89345
4.30171
3.92013
4.3966
3.56006
2.58216
4.66766
4.42556
3.1067
2.73031
4.99046
4.12927
4.36039
3.65113
4.9048
2.87356
3.94914
4.22395
4.51535
4.61646
4.39812
3.53354
4.31086
4.54317
4.67976
3.54802
3.18444
4.58549
4.56725
3.81335
4.80162
4.49566
4.15103
4.02296
4.21884
2.3822
3.74478
4.86015
4.26717
4.11169
3.63932
4.5957
3.38043
4.34903
2.8873
4.2294
4.41924
2.60382
4.71818
2.8485
4.64145
4.40718
4.6168
4.78359
3.79725
4.28111
4.4745
2.40934
4.48783
4.93491
4.25246
4.06192
2.94393
4.94762
2.89874
4.6915
1.44949
4.2144
4.58505
4.3344
2.90421
4.33779
4.85676
4.20574
3.75149
2.46066
3.39006
4.512
4.34852
4.39423
4.53972
2.84356
4.45264
3.4701
4.56592
4.95807
2.55667
4.38418
4.9035
3.88165
4.63973
3.82215
4.29328
4.97779
3.57598
2.35476
3.05399
4.60863
4.41675
4.58509
4.95989
3.86102
2.90878
3.09056
4.2719
1.46895
2.53341
3.60056
4.37055
4.60061
3.38762
2.69548
2.49028
1.56194
4.62165
3.80007
2.7936
4.80618
3.81037
3.78201
4.24494
4.43253
2.84511
2.61286
4.91063
4.38057
2.44883
4.85272
4.37299
4.42418
3.79988
3.87585
4.55885
4.17385
2.54117
4.25861
4.30239
2.95028
4.53404
4.58173
4.44528
2.25101
2.478
2.57594
2.46913
3.49541
3.75935
2.38698
1.42551
4.13845
2.39096
2.7956
2.37608
4.24847
2.81401
2.74008
2.80501
4.18174
4.57329
2.38873
1.57683
3.63705
4.23238
3.99283
4.94761
4.32297
4.37045
4.27902
4.36553
2.91893
3.78845
3.87156
3.96493
4.55284
4.47441
3.66034
3.47226
4.98802
4.12853
4.33914
4.8931
4.33007
4.52169
4.5808
4.36737
3.84721
3.94321
4.33179
4.22383
4.31403
4.5441
4.41662
3.8452
3.58631
2.85335
2.92929
4.63409
3.59228
3.4645
4.2775
4.74555
4.66268
4.26448
4.23439
4.66716
4.96911
4.21687
4.58714
3.81294
4.73593
4.95513
3.32943
3.37212
4.71252
4.32974
2.94031
2.47312
1.58119
3.53945
2.38713
2.67957
4.06033
4.91844
3.69802
3.71104
4.37654
4.92255
4.13484
3.71084
3.75463
4.20378
4.97969
2.53238
3.9467
4.29982
4.21173
1.44564
1.78147
4.61672
3.66044
2.42418
3.66386
4.87202
4.29585
2.70443
2.90987
4.97675
3.92529
4.32836
4.2647
4.42844
4.54516
4.99486
3.85813
4.37823
4.23117
3.88177
2.50307
3.95946
4.44876
4.46859
2.93045
4.23802
2.91013
4.70158
2.58924
3.71601
4.2455
4.56424
3.20064
4.90112
2.71477
4.55322
4.34987
3.13026
4.30645
4.54704
4.59925
4.37837
4.74175
4.4478
4.64753
3.13501
4.80866
3.93257
2.71328
4.38314
4.62118
4.04988
4.61684
3.38736
4.30596
3.85647
4.26477
2.8422
4.87262
2.55788
1.61631
2.39679
3.54645
2.96459
4.45841
4.15751
2.88922
3.6121
4.89344
3.06336
4.37828
4.21482
4.68126
4.37715
4.69652
2.52531
2.90639
4.62907
4.49896
2.90165
2.47986
3.44662
4.29976
4.39451
3.92868
4.24774
4.62357
2.62902
4.87232
3.84284
2.9937
4.28514
2.47446
4.40975
4.18974
4.62283
1.54916
1.42291
2.97861
2.53077
3.49836
4.8357
4.42083
2.42227
4.23561
4.38763
4.91312
3.91333
4.12359
3.83439
3.8916
4.00427
4.42528
4.3642
4.33316
3.11251
2.98539
4.54155
2.84459
3.93242
2.5317
4.41813
4.41922
4.38898
4.4937
3.73388
4.47578
2.48712
2.98827
4.91492
4.27925
4.4038
4.58486
2.94085
1.72976
3.58861
2.96192
2.75504
3.1585
4.69439
4.20176
4.95407
2.51459
4.51064
3.74163
4.44504
4.71801
4.56203
4.43927
4.85669
4.24903
2.99403
2.80344
3.53908
4.62503
2.48673
4.6197
4.04099
4.72187
4.59556
4.0912
4.30853
2.86089
4.19979
4.92091
3.92146
4.29505
4.05144
2.60621
3.8651
2.30204
4.5781
3.65645
1.51373
4.89862
2.24429
4.72267
3.46519
4.04997
4.17193
3.79449
4.22723
4.30888
3.48319
4.88313
2.30522
4.46684
4.20518
4.2229
4.41521
1.39531
3.0711
4.36278
2.74186
3.85423
2.63425
4.81748
4.33897
4.25295
4.63853
4.32682
4.26891
4.25022
3.68287
4.21328
4.44286
2.38297
4.86207
3.74054
3.71362
2.88769
4.90749
2.44694
1.45132
2.73364
3.43496
4.63191
4.65251
4.34136
4.30486
2.49772
4.42736
4.06936
3.0334
1.63669
3.04262
3.85759
4.7709
2.63051
3.70759
4.36307
4.24061
2.55809
4.54038
4.42816
2.99449
3.86997
4.99693
4.63978
3.64687
4.41855
4.99165
4.19835
4.37949
2.50251
3.82993
4.55458
4.36108
2.925
4.64952
3.73022
2.39759
4.82681
3.34568
4.46195
4.18141
4.12828
4.58862
2.42047
2.96406
4.98385
3.88839
2.87045
4.317
4.40376
4.37846
4.48266
4.6179
4.61422
3.02138
4.55104
2.66528
4.93599
4.33641
4.29859
4.39422
4.01698
2.97938
2.55419
2.82732
2.47386
2.4621
3.73174
2.48019
2.38145
1.41796
1.61666
3.74611
2.41523
3.95494
2.40797
2.92189
2.83627
2.45689
2.72452
3.79933
3.60498
4.88279
4.17868
4.20035
4.95002
4.30232
4.32197
4.58563
4.44507
2.91678
4.61468
4.59723
4.99485
4.96949
3.42872
4.18898
4.26007
3.55722
4.49013
4.38942
4.34071
4.50578
4.01239
4.5805
3.71829
4.81858
4.37871
4.99279
4.10655
4.35196
4.56418
4.37372
2.85781
2.86051
3.66255
3.90828
4.70107
3.55375
4.342
3.59763
4.64373
4.36374
4.25234
4.60237
4.3924
3.86481
3.91143
4.91562
2.8833
2.43129
1.44016
1.5227
2.365
3.81289
2.99105
2.50141
3.50533
4.48328
4.46738
4.33468
4.8904
4.2111
4.58176
4.96693
2.8619
4.16419
3.99114
3.88203
4.40045
4.52568
3.45356
2.42003
2.47891
4.36272
4.32101
4.9752
4.34687
2.87908
3.93734
4.62324
4.67589
4.72631
1.52788
3.56019
1.49821
2.45845
2.82522
2.31157
2.93244
4.37794
2.91688
3.83148
2.36424
4.38166
4.86404
3.59193
4.24306
2.40649
4.10817
4.23539
4.30152
4.52074
4.65314
3.77606
4.35024
4.29756
2.841
4.94219
4.31483
4.46355
2.48842
3.64369
4.2496
4.54288
4.93097
3.33482
4.26859
3.76914
4.77085
2.71487
4.96825
4.49861
4.28477
3.86462
1.4897
2.43189
2.35686
3.64393
3.42934
4.25957
2.78191
1.47606
2.81318
2.45542
3.03249
2.44922
2.93473
4.43369
4.29272
3.77121
4.91528
4.92774
4.97084
4.99399
3.81259
2.84899
3.97773
4.36534
4.25872
4.36931
3.36422
4.99635
4.2814
4.57865
3.5618
4.49616
4.4529
4.98505
4.67328
4.66556
4.9471
4.09669
4.37241
4.80904
4.20492
3.84113
4.36791
2.90982
1.36962
4.38941
1.51674
3.86591
4.57241
2.44912
4.29825
4.45882
2.36149
3.61642
3.08009
4.12894
4.47921
2.50784
4.47764
2.82639
4.27229
2.52592
3.85912
3.7947
4.62862
4.5964
3.82579
3.83617
4.46778
4.31758
4.34594
4.23482
2.78265
1.34266
2.28053
2.67337
3.67494
2.25317
2.29943
3.3661
3.68982
4.36607
2.72801
2.4149
3.98194
4.38416
4.75468
4.48308
3.96286
4.62858
2.59137
2.60136
4.83215
4.31452
4.9043
4.2797
4.6261
2.92541
4.73775
4.3676
3.73545
3.03844
3.53559
4.23427
4.53658
3.80451
4.13087
4.95894
4.53362
4.94179
3.92276
4.463
4.79376
4.20841
4.31257
2.34274
3.2335
2.56117
4.99376
4.51379
3.03689
4.71492
4.43812
3.69925
4.75332
3.78568
3.02626
4.97474
4.23039
3.86569
4.52201
4.31087
4.3325
4.34859
4.50655
4.29873
3.98752
4.481
2.3165
3.5849
4.1757
3.4307
2.75139
2.88972
3.43324
4.66774
4.15769
4.49451
4.92577
4.42542
4.5818
4.36254
2.49782
3.84602
4.52215
4.28171
4.63181
4.46674
2.8165
2.9553
4.20082
2.44282
4.64678
2.45258
3.74058
3.5313
2.80334
4.28661
4.19879
4.93657
3.63428
3.06862
4.31644
3.83763
4.23476
4.97277
2.34227
4.58881
4.34588
2.89659
1.52166
4.8853
3.73637
4.70085
3.04616
4.25386
2.55424
4.42474
3.92831
3.41012
4.47419
2.46039
3.90458
4.90049
4.3654
4.45763
4.37224
4.32017
1.62522
4.55987
2.91176
3.89934
4.28123
2.44383
4.32739
4.60483
4.39773
1.46335
2.43072
2.54146
1.50067
2.76806
4.36293
4.11694
3.32553
2.9001
3.68437
4.25355
4.96092
4.74377
4.23487
4.38225
4.28789
4.42502
2.90398
2.87787
4.59123
3.82383
4.60553
3.91368
2.51426
4.45221
4.39375
2.50545
4.60773
2.54502
2.98044
4.21209
3.69164
3.55411
4.70815
2.62885
4.32439
2.89437
4.65774
4.86348
4.40277
3.98846
2.68239
2.75899
3.72908
4.41487
4.21084
4.44137
3.62025
4.12898
4.60885
4.75067
3.43399
4.88182
4.88239
4.64548
3.79596
3.15211
4.11448
4.61787
4.38729
4.53391
4.28282
4.53009
4.11113
2.80959
2.93326
2.44633
4.09569
4.32963
3.45433
4.1059
3.70263
4.66615
4.58442
3.71249
4.47889
3.98857
4.62522
3.07214
2.39189
3.42997
4.17981
4.96062
4.26385
4.34375
2.60013
4.5069
1.48621
3.90137
3.01232
4.70628
2.81553
4.21868
2.86403
2.52214
4.33841
4.09215
2.86118
3.6385
4.38614
1.68469
3.76097
2.44471
4.47645
3.94622
2.73558
4.01693
2.33354
4.82588
4.50135
3.96225
4.71668
4.66573
2.99569
4.4724
4.40961
4.31249
4.52777
4.78345
4.85194
2.70332
4.91432
2.78226
3.61331
4.53428
3.1995
4.46343
4.04652
4.12273
4.89975
4.74341
4.33506
2.48307
1.53442
2.81723
3.66917
4.19398
2.31856
1.42365
1.42346
2.49934
4.41347
3.93176
4.87777
4.92208
4.46208
2.84378
2.97152
4.31616
4.19113
4.26854
4.79469
3.49574
4.3009
4.97142
4.48471
4.55739
3.59224
4.52585
4.54625
4.50079
4.4343
4.44349
3.97364
4.24759
4.27454
3.73831
4.34482
1.4294
4.5496
4.75714
3.86733
2.52982
4.31128
4.25001
2.75844
2.52804
3.49763
4.49571
4.44515
3.10946
2.45201
3.02272
4.70913
4.39189
3.8981
3.11359
4.66267
4.70169
3.7766
4.46199
4.36145
4.4199
4.41307
1.58738
3.76792
4.79622
4.10462
3.76625
2.80401
3.4279
4.9094
4.45693
4.97685
4.47187
4.3338
4.30149
4.46756
2.594
3.96357
4.45064
3.88395
4.5976
3.0274
4.31729
2.58477
4.36852
4.70041
4.94701
4.3359
4.72754
2.59434
3.62751
3.01896
3.6306
4.49048
4.00746
2.50564
4.14389
4.94643
3.68026
4.25779
3.80771
4.65116
4.43565
2.73918
3.0224
4.4268
4.36197
2.44462
2.61414
4.28668
3.72027
3.02447
4.17408
4.56595
4.88798
4.31903
4.38345
4.36619
4.60185
4.5589
1.64414
4.1159
3.87614
4.78242
4.55135
2.64821
4.58703
4.38653
3.86513
2.32874
4.07412
3.60127
4.92229
2.67869
2.42664
2.39886
2.86542
4.01511
4.3003
4.77438
4.51671
3.95954
4.27443
4.24064
4.18807
3.46953
4.32812
4.42031
3.8214
4.40382
4.9221
4.47745
2.9723
3.86066
4.36424
4.81195
4.57968
3.07148
4.64238
3.54351
4.22584
3.98728
4.96788
4.87588
4.6541
4.41127
4.09984
4.4051
3.26664
2.37535
4.20955
4.5172
3.94547
3.09952
3.08702
4.42507
4.60136
4.82355
3.75042
4.47497
3.78166
4.41382
4.97109
4.2528
2.7556
4.59206
4.38301
4.80808
4.0592
2.3045
1.52756
2.59787
1.41448
2.40187
3.41084
2.92607
2.46847
4.39081
4.23284
3.8496
4.62607
4.32543
4.84744
4.88569
4.21063
4.18989
2.60085
4.46586
4.79641
3.77225
2.97739
2.74339
3.81144
4.57994
3.48961
4.59126
4.58338
4.57748
4.18081
4.87764
4.53723
4.50036
4.41311
3.99183
4.88625
2.52335
2.34916
4.1048
2.46293
4.42608
4.39831
3.72595
4.7004
2.9113
4.6354
4.4353
3.82579
4.51176
3.45323
4.56547
2.92079
4.36043
4.22445
4.31385
4.98578
4.29649
4.68282
3.9061
2.84063
2.47463
1.53121
2.40505
4.11675
3.71251
3.46667
4.99335
4.49017
4.57999
4.26628
2.97348
3.82913
4.36583
3.94637
4.40732
4.44334
3.51629
2.63197
4.46008
2.49295
4.44728
1.62193
4.65391
2.99493
3.97648
3.03525
1.46228
2.98136
2.5441
4.66819
3.65753
3.85847
4.5202
3.07558
2.53755
4.24599
4.53303
4.38203
4.39661
4.23151
3.83243
4.21191
4.06663
4.83354
2.54568
3.74825
4.76083
4.36842
4.5123
4.08003
2.8298
4.84328
4.29384
4.80902
2.58191
2.68813
3.55788
4.48489
4.722
3.21914
3.88544
4.6717
4.46181
3.91299
1.68585
2.46179
3.76614
4.45583
3.46236
1.50803
4.56917
3.61788
4.27321
2.46233
4.27845
2.9594
3.65762
4.2168
2.95436
4.57386
3.93993
4.26236
4.94688
2.52717
2.41652
4.29211
2.93854
3.57646
4.68727
4.331
4.46416
4.92333
3.93177
3.08202
4.48451
4.36065
4.42086
4.10491
4.58256
3.91976
2.62417
1.49335
2.79843
2.9248
3.91676
3.04649
4.24783
2.50713
4.37463
4.7065
4.91219
4.28317
2.92677
3.54666
4.57077
2.57083
4.36693
4.48566
4.67653
4.38093
4.51924
4.58708
3.8608
3.92322
4.43985
2.60302
4.40666
3.92963
4.98076
4.20942
3.04442
4.36435
4.6037
2.6113
4.85506
2.93049
2.35651
4.1335
4.81331
4.50089
4.51305
3.6599
4.20556
4.4213
4.1206
3.75126
3.65583
3.0435
1.39447
4.60652
2.49263
4.34035
4.09467
2.84447
3.50154
3.79192
4.20646
4.78738
3.73212
4.77731
4.35406
4.43105
3.05835
4.24926
4.48013
2.60561
3.56551
2.57731
4.44421
2.55767
3.83033
3.97791
2.95383
3.90634
4.5158
4.98325
4.68891
4.6202
4.27486
2.4445
2.97499
3.48154
1.5645
4.67526
4.92936
4.60092
3.91972
4.34297
3.78837
3.4995
2.33588
2.50981
4.33724
4.31248
4.28485
2.89359
4.95333
4.39233
4.42116
1.50151
2.8992
4.92657
4.17086
4.43478
2.44338
4.96152
4.17072
3.7079
4.95036
2.63602
1.42881
2.71803
2.38892
2.86427
3.86672
4.47748
4.34529
4.35652
4.61615
4.93044
4.36978
4.28242
4.6978
2.86447
1.71894
4.01453
3.84181
2.59929
4.40322
4.46095
2.59957
2.47818
2.54961
2.97307
4.73347
4.38221
3.66885
2.93721
3.79191
4.32555
4.70623
4.94905
3.78108
3.63062
3.64749
3.03313
4.2187
4.28229
4.36626
4.84502
4.22536
4.95469
3.4472
4.55973
4.46917
4.54915
3.55338
3.93874
4.03097
4.66697
4.48542
4.62387
4.37184
4.43378
2.26288
2.81068
4.17619
4.30878
4.57222
3.78359
4.34342
4.35333
2.42202
2.57942
4.25865
2.99629
4.56097
4.64369
3.82401
3.70835
2.88359
4.22881
4.59882
3.45981
4.21277
4.66204
4.24363
4.9665
4.53539
3.8048
4.99374
4.91922
4.24598
4.16102
2.4409
3.64417
4.28999
2.90254
4.594
4.38575
3.97283
3.78461
4.4038
4.36815
2.79599
3.54543
4.27165
4.56325
4.22997
4.36034
4.46918
4.37101
4.86078
3.94247
4.55759
1.57626
4.17832
2.67823
4.43906
3.9813
4.99756
4.9611
2.28945
2.44171
4.45427
4.47976
3.77635
2.84749
4.84956
4.17104
3.55309
4.52803
4.65128
3.57824
4.67457
3.99814
3.97067
4.40158
3.14693
2.70723
4.4736
4.9736
4.71524
2.31753
4.4756
4.25367
4.33231
4.19194
2.77963
4.4561
3.747
1.81953
2.84052
4.57212
2.82194
4.19591
3.96462
2.58295
1.49422
2.48706
3.68768
3.0706
2.58767
4.70827
4.38666
4.55892
3.55957
4.39806
4.1379
4.38017
4.54758
3.95225
3.10752
3.89259
4.55357
4.59439
4.45468
2.79372
1.59712
2.99125
4.4383
4.30523
2.53523
4.44642
4.14486
4.8641
2.69794
1.34876
2.97592
4.48538
4.20166
4.95137
2.35852
4.19887
2.35677
3.68235
4.91886
4.23469
3.636
2.80025
3.49297
4.61876
2.93139
4.4082
4.48734
4.39764
4.63705
2.63111
2.98341
4.85018
4.51725
3.74743
4.44081
4.24147
4.85497
2.60759
4.31127
4.16697
3.88724
2.48221
3.82454
4.65184
3.53452
2.87003
4.70496
3.79058
3.79863
4.2743
4.10419
4.22443
4.65357
3.88558
4.42078
2.57406
4.22774
4.25602
4.60372
4.91677
3.44771
2.25883
2.93722
1.62328
2.8536
2.67731
2.38832
4.76256
3.99564
4.32844
2.86159
4.49252
4.37404
4.59278
4.45482
4.92773
4.26348
4.79915
2.39016
3.61577
2.59323
4.89968
4.49164
1.50146
2.94381
3.78024
4.63275
2.52438
3.06495
4.46262
3.8653
4.18482
4.16728
3.81858
4.29696
4.3901
2.69166
4.18766
4.24012
4.643
4.97314
4.57456
4.42584
3.08018
4.98365
2.41908
4.15345
4.32802
3.73142
3.88116
4.33488
4.63016
3.90841
4.93002
4.23153
3.96149
4.8615
4.51192
3.99735
4.37525
4.61212
3.09953
4.46796
4.55151
2.63329
3.96099
4.59572
1.5404
4.22887
3.67475
4.59991
3.66516
4.37914
4.60317
4.31688
3.42185
2.36517
2.50171
3.47037
2.8125
2.89885
4.23116
4.56734
4.22725
2.4817
2.99149
4.45545
2.41305
4.83548
3.92208
4.68684
3.91819
4.3312
1.54676
2.47001
4.18487
3.61895
4.42771
4.4857
4.12309
4.68474
4.98341
4.83665
3.36656
2.93468
4.46401
4.31636
3.05383
4.34919
4.4116
2.92865
2.46896
3.55394
2.37936
4.92729
2.36961
2.79718
2.64557
2.81468
4.18913
4.41261
4.28221
4.93136
4.2122
2.53658
4.94672
4.7875
1.67425
4.50926
3.81645
4.61356
3.84418
4.40093
4.21805
3.77282
4.27556
1.55468
2.70797
1.61375
4.24799
4.59109
2.32802
3.85698
4.79619
2.76744
4.66967
2.99573
3.61789
3.65327
3.1656
4.23619
4.1834
3.82889
2.60944
4.40763
3.37416
4.30348
2.54843
4.43597
4.33195
4.67221
2.73346
4.58503
4.17855
4.51365
4.36285
3.99341
4.87765
3.29953
2.62014
4.19645
4.0405
4.05042
3.20441
4.45095
4.65427
4.402
3.95972
4.3512
3.99554
4.58868
2.68158
2.64098
4.52488
3.7635
3.05675
4.39632
4.61159
4.0035
4.70604
4.45431
4.82015
4.56931
4.1492
4.53201
1.46218
4.34956
3.78973
3.82417
4.21046
3.78637
2.69284
2.91266
2.26754
4.50525
4.97623
2.78615
2.40651
2.80659
3.28603
4.28157
1.60113
2.57424
4.21749
4.722
4.23549
4.28014
2.35709
3.02207
4.56606
3.74649
4.47721
4.4084
4.75476
4.49582
4.4123
2.66816
3.69467
3.84134
4.63283
4.30844
2.99093
4.59867
2.64237
4.42667
4.79702
4.4337
4.72824
4.27364
4.37691
2.40639
3.59692
2.98616
4.48932
4.57192
4.34687
3.73527
4.91111
4.52346
4.88755
4.31155
4.28037
3.81258
2.41816
2.56851
3.91141
3.53818
1.55208
4.41484
2.53111
3.731
2.47439
4.37651
2.62046
2.98173
2.25727
2.68755
2.84605
4.16744
2.80689
2.4518
1.58229
3.91433
4.4242
4.54003
3.90517
3.0148
4.70999
2.89566
3.89673
3.53776
4.17671
4.41159
3.49106
4.58902
4.38358
4.66222
4.50716
2.74451
3.95835
3.63451
4.89795
4.53202
4.23028
4.39319
4.43325
4.09369
4.41162
2.96501
3.05815
4.46765
4.01905
4.76831
3.57879
3.37873
4.45755
4.50751
4.25508
4.37374
4.62977
4.14765
3.66938
4.98698
4.96434
3.51832
1.7048
4.33225
1.41568
3.68836
2.56281
2.90582
2.51958
4.9951
4.31112
3.88092
3.4677
2.95992
3.77813
4.27489
3.74158
3.82429
3.01784
3.04147
4.64355
2.53626
3.58921
4.38335
3.01267
4.94593
2.66458
3.93062
4.37701
4.37516
4.54883
4.49443
1.55786
3.66213
4.25116
3.80084
4.29232
2.45462
3.68949
4.20634
2.76506
3.00449
4.29433
4.54164
4.25252
4.32841
4.58268
4.49758
2.46806
3.69403
4.48373
2.99594
4.33414
2.57593
4.80558
4.65788
4.23093
4.72233
4.49743
4.57078
4.65117
4.01679
2.55052
4.36771
3.87408
4.28962
4.21487
4.64613
4.29812
2.84115
4.40733
2.34751
3.58254
2.33834
3
4.81967
3.52158
4.39919
4.19704
2.85719
4.39314
4.96258
4.53151
2.80528
3.90615
1.55241
2.97047
2.38638
3.57172
4.42074
3.80015
4.34744
4.34846
4.53831
2.97741
4.91101
2.66855
3.99401
4.56554
2.8364
4.96252
4.38991
2.53609
3.81742
4.13303
4.21479
4.36429
4.96117
4.50305
4.28486
4.47105
4.3637
3.87913
2.85839
1.46194
3.82172
2.89449
2.34596
3.33401
4.39138
2.48323
4.50126
4.21125
3.92862
4.747
4.1895
3.745
4.98829
3.00599
2.70877
4.4397
4.4571
4.35137
4.60656
4.59469
2.49006
2.97422
3.01535
2.45868
3.01039
4.35873
4.70013
3.68531
4.31754
4.94167
4.81243
4.32278
2.46483
3.63039
4.44867
3.0095
2.91629
3.75113
2.5149
3.59275
4.08351
1.55778
2.40038
3.76865
4.84821
4.53005
4.09957
2.74626
4.39424
4.62145
4.93062
4.41531
4.66395
3.00249
4.26814
3.51239
4.9272
4.8948
2.59509
4.56344
4.23278
3.82871
4.22196
3.77013
4.32629
3.0346
3.11654
4.58903
4.01211
2.63548
3.81449
3.8907
4.21497
1.57507
4.43267
4.54279
3.55133
3.31047
4.09919
4.29374
3.52921
2.56693
4.44591
4.96768
4.41812
1.47056
3.77037
4.95233
4.79667
2.82482
2.38465
4.30971
4.16792
2.8003
4.28878
2.62321
3.02553
2.51676
2.51221
2.82697
2.5716
2.39121
2.57856
1.41146
4.18973
4.35061
3.85221
2.35871
1.39901
2.38314
2.71147
4.5865
2.59631
2.95027
2.91746
3.72543
3.86827
3.83728
2.81133
4.89054
3.59458
4.25204
4.27069
4.9017
3.52101
4.6077
4.30001
4.36191
4.47808
3.99434
3.98028
4.81189
4.38013
4.53758
4.29948
4.37522
4.30547
3.98737
3.91125
3.8634
2.94522
4.664
4.92456
4.89714
3.69074
4.32949
3.54015
4.71433
4.22305
4.26148
4.45652
4.09082
3.80442
4.95832
4.97837
4.86449
3.06921
1.75874
2.47061
1.48776
3.82516
2.99657
2.54749
2.95444
4.04561
2.65236
3.95338
2.54442
3.02105
2.46964
4.78291
4.07764
2.49032
2.41349
4.27888
3.73728
4.46101
4.74643
4.67504
2.72054
4.4716
3.81477
3.37698
2.88775
4.19477
4.43353
4.82688
3.80959
4.16134
2.43245
4.93176
4.20627
4.93312
3.745
4.26642
4.5068
4.07273
4.30848
4.29507
3.54462
4.48168
4.46056
4.50354
2.91315
4.70443
4.54205
4.04754
3.5724
4.6363
2.90368
4.42642
3.83903
4.3846
4.36827
4.39361
3.73646
4.49507
4.86866
4.97038
2.55414
1.46209
2.74924
3.4812
4.42127
2.96023
3.94657
3.585
2.91031
4.30441
4.46171
4.65268
4.44612
1.57916
3.90242
4.59711
4.41856
2.45922
3.92694
3.38278
4.48266
2.55725
2.7632
4.31094
4.8455
4.3626
3.68173
2.9426
4.69759
4.22373
2.84924
4.74658
4.19372
2.39508
4.5705
4.33641
4.51514
3.85361
4.47508
3.87092
4.39208
4.17324
4.1959
4.67719
4.33027
2.5687
3.90465
3.44784
4.3333
4.40891
2.44035
4.96976
3.7744
4.11715
1.45219
3.70658
2.92649
4.32706
2.3519
4.55998
4.8085
4.26996
4.24318
1.45277
2.65932
4.30733
3.69842
2.93321
2.46592
4.52602
1.52772
2.46386
1.53914
2.51915
2.86865
4.47393
3.87396
2.97564
3.92258
3.03131
3.8674
4.38082
4.44019
3.45262
4.36928
4.34131
4.64687
4.6092
3.62144
4.48301
4.59105
2.88494
4.52839
3.80511
4.85304
4.36707
4.98031
4.27149
4.28172
3.7298
4.12423
4.61987
4.72849
2.89287
4.73024
4.96426
2.38828
4.40508
2.47412
2.85684
4.18481
3.43586
4.36524
2.40651
4.13083
4.53666
4.18184
2.79138
2.23266
3.80847
3.82509
4.58062
4.48851
3.82677
3.6714
4.29526
4.27778
4.86217
4.29376
4.23204
4.83664
2.91613
4.36196
4.53021
3.35046
3.85101
2.59089
3.06176
2.45841
3.77377
4.07638
4.42613
2.33983
4.17577
4.4218
4.91196
4.59969
4.46547
3.65504
4.22988
4.32395
2.86831
3.32269
4.65372
3.59281
3.52645
4.62478
2.64203
3.92005
4.99067
3.06375
4.5242
4.48037
4.01985
4.2787
4.28042
4.44964
4.37018
4.58709
3.68822
4.31035
2.92238
4.02916
4.55526
4.68779
1.78296
2.58516
2.96852
3.06223
3.50658
1.46641
4.56287
4.53561
3.98056
2.60913
2.82535
2.44646
4.47478
4.22708
4.30864
2.54809
4.32421
4.75357
3.75753
2.83899
4.21808
3.77983
4.36912
2.48936
2.38253
1.60355
4.21093
4.31322
3.93684
4.33279
2.83778
3.43617
2.69917
4.38596
3.61242
1.69405
1.34801
2.84909
4.61962
4.53941
2.33191
4.3703
4.23243
2.61366
2.86445
4.32585
4.61098
2.56359
3.86442
3.47677
4.43876
3.6936
4.1578
2.47065
2.87998
3.84848
4.97732
4.87802
4.9741
4.40141
2.83301
3.80827
4.09167
4.31211
4.39997
3.38213
4.55411
4.69569
4.59377
3.58546
4.83139
4.89012
4.05075
4.46771
4.40474
4.78185
4.28633
4.35078
4.37389
4.35421
4.96421
2.42509
1.53268
4.96702
4.7454
3.59134
4.12476
3.63386
3.47002
2.89116
2.80689
1.66048
4.39036
4.25362
2.53666
4.50761
4.93519
4.23259
4.26802
3.92535
3.4725
2.61634
2.97395
4.5362
3.87441
4.0166
2.51266
4.67588
4.88902
4.36263
3.76034
4.29639
4.55193
2.93524
4.29274
4.47763
4.6184
4.71573
3.03385
2.80751
3.79651
4.2817
4.93648
2.5476
2.54967
3.61619
4.27452
3.02351
4.19733
4.60455
4.91212
4.52013
2.83589
4.8114
3.80406
4.58261
4.43445
2.61286
4.53793
4.98768
4.43493
3.86589
1.53988
4.26041
2.55954
4.69966
4.26374
2.8932
2.53524
1.52826
2.90012
2.62771
4.69595
4.923
3.84267
2.68603
2.86428
3.94593
3.04029
4.36273
4.51256
3.60397
4.09124
4.3106
4.93788
4.74527
4.4327
3.51131
4.51224
4.48654
4.80915
4.25672
4.21249
4.83282
4.41747
4.34191
4.07594
4.39385
2.81342
1.4536
1.62451
3.79992
3.88106
2.34984
4.08451
2.63643
2.40073
4.41563
4.28227
3.41034
3.00666
4.17728
2.45039
2.85677
4.26441
4.61768
4.9423
4.58798
4.46339
3.69142
3.77687
4.2423
4.34644
4.96955
4.27845
4.21313
4.85417
4.37948
3.84656
4.28295
3.58452
2.21346
2.70869
2.2555
4.21332
2.88928
4.20154
4.9346
2.54639
2.4625
2.63234
4.22991
3.3381
4.52065
4.44649
3.82816
3.02054
4.32797
3.86252
4.89366
4.60145
4.41517
4.53031
3.11305
3.58895
4.94536
4.40403
4.95333
3.88531
4.94464
4.56853
4.35664
4.30758
4.24672
2.63076
4.88735
2.45349
4.32881
3.80967
3.07145
3.01516
4.55926
4.67974
4.55481
3.69959
4.48779
3.73254
4.31726
4.93081
4.31013
4.25361
4.35113
4.86389
4.77612
3.9733
3.52411
1.56436
3.43073
2.86815
2.42228
2.78373
4.57846
4.92984
4.51955
1.53981
3.7981
2.53089
4.34321
2.43262
4.33214
3.48947
4.60343
3.87019
4.39045
3.89789
2.80251
2.97536
4.41095
4.66917
4.51274
4.3313
4.93909
3.7718
3.12045
2.45543
3.94483
4.32189
4.48497
4.20917
4.39029
2.87137
2.54362
4.36677
3.9024
4.41915
4.3506
3.61816
4.68323
3.93152
2.61005
1.62701
3.06519
4.58593
3.83307
3.04327
2.73756
4.34661
4.3474
4.68317
4.44927
4.73362
4.85338
3.85039
2.56033
1.8135
1.39759
3.46988
2.95871
4.57638
4.58365
2.9601
3.00006
2.5104
4.34569
4.33381
2.48144
4.89951
3.45022
4.70965
4.29724
2.92617
4.45066
4.95537
3.95314
4.40951
4.54329
4.39105
4.26965
2.52493
3.75848
4.46412
4.67813
4.20515
4.03315
4.18592
4.5438
1.41472
2.92119
2.97936
3.94004
2.45277
4.89756
4.40473
4.36556
4.23842
4.70545
3.42031
2.3864
2.74452
4.81307
4.67081
3.67161
2.79546
4.46021
3.58258
2.34809
4.24301
4.11565
4.78601
4.22336
3.7795
2.97091
2.57506
2.96578
3.4763
4.36088
4.38227
2.59412
4.35526
3.90783
4.69743
2.85276
4.52601
4.33467
4.72555
2.40458
3.48099
4.56593
4.41763
4.30345
3.88112
3.79422
4.62119
4.91249
4.08857
2.4501
2.69574
4.93524
4.97244
4.3918
4.52585
4.97873
2.46232
4.27998
4.85473
4.58094
1.47109
3.97414
2.98678
2.48569
4.55496
2.92699
4.24566
2.96946
2.78696
4.51499
3.51048
3.77105
2.5236
1.46469
2.45914
3.54845
4.28295
4.1137
4.14343
4.98947
4.39311
2.39179
4.21871
4.89622
2.90301
3.84514
3.73872
4.60738
4.8218
4.31584
4.65084
1.55911
2.30337
3.52771
3.41396
1.48196
3.09339
4.57245
2.82968
2.63528
4.09596
2.42053
2.41087
4.12071
4.93528
3.59131
2.80809
4.58793
4.21366
4.506
4.88176
4.0087
4.70568
4.50452
4.02554
4.48259
4.55823
4.03802
2.66085
4.55256
4.46778
4.49271
4.735
4.42638
1.67051
4.43413
4.68643
4.32252
2.63595
4.68159
4.51948
4.37158
3.73214
2.99803
2.45294
4.60997
4.59173
3.78973
3.11077
3.79519
4.79055
4.31364
2.62809
4.44726
3.94147
4.46235
1.46365
2.22019
4.34022
2.98441
2.63839
4.59474
3.41354
4.08571
4.84161
2.59257
2.45883
3.82876
3.12038
3.00344
3.86624
4.43813
4.81706
3.69406
4.51123
4.70358
4.4674
4.44319
4.20947
4.37869
4.65664
3.97101
4.48542
4.79281
4.22133
2.67595
3.48978
3.79917
4.63608
3.02384
4.33855
4.66827
3.77128
4.46328
4.69127
3.55126
2.86955
4.24999
4.37902
4.44166
4.46093
4.31715
4.70942
4.01245
1.39823
3.03474
2.51294
2.90113
4.74102
4.75764
4.50878
4.41139
1.61109
1.56548
2.51201
2.61825
2.52859
2.58046
4.35444
4.44006
4.6061
4.46347
3.08906
3.6399
3.10677
4.43475
4.67332
4.46825
4.9688
4.96246
4.87003
4.02246
3.72063
3.80289
2.93951
2.95845
4.231
4.27788
4.41739
4.93331
4.31488
4.91617
3.48033
4.49678
4.53301
3.47422
3.90906
3.94305
3.89576
4.55598
4.48698
4.38806
4.47252
4.36498
4.34464
2.64449
2.88724
4.17653
4.62507
4.16099
3.34703
4.24806
2.50596
2.49333
3.01066
3.86072
3.76174
3.03474
4.38251
4.74634
4.40115
4.64946
3.71097
4.5682
4.18749
4.47487
4.96639
4.7255
4.0872
4.46026
2.57407
2.51863
4.19613
2.55315
4.50697
2.97442
4.46773
3.94822
3.83774
4.59688
4.465
4.67161
2.95976
3.56857
4.3972
4.32564
4.33798
4.44744
4.26634
3.98616
4.61628
2.88784
2.68568
4.4635
3.6187
2.70829
3.01072
4.00146
4.73776
1.70926
3.05577
4.63944
4.00755
2.69964
3.65067
4.0485
4.64645
4.63592
4.91747
4.44183
4.55041
2.95311
4.16134
4.77772
4.1459
4.91945
3.69497
4.47574
3.61778
3.88966
4.3392
4.4078
2.27828
3.37107
2.49965
4.25431
4.28013
2.76348
4.99988
3.83607
4.47957
4.7329
3.67133
4.31524
2.81476
1.4178
2.2214
3.66572
4.25182
4.52766
2.50314
4.85191
2.39412
4.4032
4.19301
3.37477
2.27726
1.47148
4.23236
2.97899
2.794
4.56459
3.76293
3.02228
2.54422
4.96296
4.65277
4.26427
4.3951
2.95457
4.64563
3.85224
1.46419
4.19076
2.54795
4.36028
2.34195
4.93657
3.96593
4.25321
3.85995
3.60536
4.59438
3.08872
4.13694
4.33429
4.35177
4.57012
2.46013
1.63099
3.80162
3.86975
4.34748
4.25105
4.21664
4.44559
3.89336
4.66996
1.52234
2.97419
4.26897
2.60029
4.35512
4.97342
4.24982
3.95033
4.91009
2.39068
3.77712
3.39569
4.51247
4.70186
2.79756
4.45265
3.75162
2.80001
4.20106
2.36337
4.22171
4.29283
4.45475
4.99301
2.56773
3.4801
2.32878
4.39209
1.48308
2.89861
3.72836
4.46193
4.86939
2.95788
2.40321
4.9861
4.21067
3.73798
4.3036
3.81615
4.13623
4.47327
4.38646
4.44344
4.73619
4.553
4.38977
2.93893
3.6064
4.20736
4.15462
4.32488
3.90027
4.61183
4.41044
3.85329
2.56225
4.32773
3.86947
4.66089
4.26342
3.7667
4.21882
4.31271
3.58007
4.81195
4.86639
4.55586
2.93277
4.30301
4.6432
4.2485
4.42877
4.37077
3.00576
3.08453
4.75426
3.77473
4.40975
1.59502
2.44363
3.74847
2.42505
3.92036
4.59989
4.16948
4.29764
4.40997
4.30796
2.89157
4.37204
4.86913
2.39494
3.38897
4.97923
4.14798
4.27905
2.89605
2.91325
4.45532
3.58527
3.85031
2.46487
3.44927
4.12173
1.42626
4.79258
4.16682
4.52965
2.64896
4.58806
3.9406
4.33207
3.96899
3.48008
3.50298
2.5149
3.49901
2.25346
4.1981
4.29767
4.46353
4.57807
4.49117
1.57757
3.96241
4.84378
2.758
4.31077
2.92679
2.50301
4.54633
4.30905
3.05701
2.42035
4.31221
4.87042
4.36205
4.54816
3.00213
3.09992
3.75285
4.52217
1.46432
4.19041
3.87838
2.50369
2.43299
4.58106
3.76854
4.49721
4.91002
4.43536
4.17582
4.65881
3.09933
4.42973
4.28589
3.56209
4.71369
4.24722
2.84312
2.78998
3.85902
4.43724
3.57916
4.82619
4.22815
1.4229
2.48971
4.11179
3.72628
2.4168
4.48291
3.57099
4.70485
4.90614
4.05162
3.98328
4.31011
3.53589
2.7098
3.48064
4.22804
4.42201
4.26292
1.81154
4.37613
4.72664
3.79301
2.77444
2.8172
2.91863
2.64033
4.22319
4.97794
4.51586
4.30741
4.27292
2.4752
4.09012
4.35585
3.01032
4.70458
3.9287
1.45846
3.00521
1.50825
4.54942
2.4322
4.44012
3.8127
2.95366
2.43449
2.29157
4.39391
2.77753
3.55387
4.12177
3.75563
4.20435
4.30076
4.94133
4.31994
4.56691
4.58341
3.87664
4.98134
2.92846
4.34136
4.46603
3.41612
4.7043
4.09937
4.73378
4.9409
4.80468
4.30348
4.49944
4.30298
4.14505
4.03768
2.84284
4.69842
4.41911
3.80696
4.34553
4.80611
2.51559
3.48542
4.46522
4.61635
2.96006
3.94796
4.62205
1.48921
2.49257
2.79268
3.44522
1.48542
2.35109
2.87093
4.25329
4.27007
3.66463
2.91105
2.3144
4.42651
4.40006
4.30483
3.77849
4.35238
4.51534
4.39265
4.98746
4.55239
4.53833
3.9437
4.36383
4.53456
2.85263
4.94522
2.53467
4.23733
4.23406
4.17102
3.57205
3.81842
4.68712
2.78036
4.30654
4.95917
4.52676
3.75823
2.31487
4.58395
4.65383
1.55982
4.01828
2.99988
2.93471
2.51183
4.56669
4.41749
2.96555
4.34143
2.94626
3.49808
2.44029
3.64584
1.53456
2.52706
4.4469
4.28853
3.8806
4.97076
4.78496
4.73637
4.32605
4.24587
2.38855
4.15748
4.23699
3.65373
4.29105
4.49155
2.71634
4.97319
4.21762
4.60072
4.98937
4.82755
4.10342
4.41455
3.395
3.00571
4.718
3.83456
3.92439
4.48449
4.1655
4.48297
3.67416
3.74329
2.92578
4.11524
4.97235
4.42941
3.65764
4.13871
2.43978
2.72702
1.51041
2.52426
4.97841
2.87959
4.43759
4.65635
4.23549
4.55769
4.76883
2.48289
4.95904
4.92686
4.53444
3.88046
4.01199
4.3713
4.30886
2.59547
3.51729
4.33563
4.30647
3.83234
3.73285
2.99929
1.51529
4.29725
2.99382
3.80575
2.55188
4.61875
4.55046
4.40135
2.26664
3.56109
4.29251
4.41234
2.36402
3.48681
4.67075
2.89856
4.51552
1.58971
2.96318
4.28418
4.75013
4.22326
3.70492
4.92128
2.94891
2.39331
2.52041
1.44754
2.95467
1.47486
2.95808
4.60009
2.82321
3.84282
3.43582
3.86925
2.52366
4.411
4.36412
2.93191
2.52627
4.85973
4.5259
4.24748
4.27075
4.38306
4.84756
4.50307
3.75265
4.35017
4.37444
4.19573
4.99606
2.45434
4.39305
3.9091
4.66126
4.67283
4.53218
4.38362
3.03609
2.5681
2.53759
4.30762
4.99006
4.24332
3.56451
4.63467
3.08371
3.83576
4.57551
4.3584
3.89016
2.90098
1.53348
2.95569
1.60918
4.64231
3.99735
4.61097
4.30296
3.91752
2.63256
4.98274
2.97939
2.68553
4.3937
3.046
4.54139
3.61996
4.34907
3.77248
2.62993
4.18329
4.5605
4.27765
4.35907
3.49489
2.54604
4.37908
4.60135
3.9383
2.95856
4.32683
4.52883
4.50081
4.49756
4.36321
2.58516
4.32939
3.5068
3.99376
2.98956
4.52115
4.63727
4.04184
4.43118
3.40888
2.42401
2.48205
3.53733
2.40379
2.49708
4.8564
2.77562
4.23492
2.9002
4.12444
4.5645
2.4252
1.46885
3.68551
4.13464
4.10237
3.74457
4.77148
4.4272
4.36645
4.02048
4.32558
4.23773
3.76875
3.71359
4.5902
4.95515
4.24331
4.41245
3.07816
2.98857
3.73774
4.64439
4.59267
4.64879
4.99431
3.63287
3.77099
4.94044
4.88506
4.90907
4.94046
4.30794
4.59733
4.30014
2.58477
2.46165
4.99265
4.35841
4.33956
3.4272
3.74455
2.5452
1.59155
4.11012
3.75798
2.42196
2.97157
4.49009
2.46523
4.12355
2.79649
4.67936
4.29347
4.30421
3.05773
4.46028
3.62841
4.99655
4.24209
4.30772
3.00311
3.93656
4.33494
4.36362
3.91301
3.83299
2.97977
4.61612
4.49931
4.54898
3.5742
3.53667
4.41442
4.80442
4.60761
4.39896
3.61854
4.47579
2.53356
4.43083
4.37747
3.00114
2.62253
1.58574
3.47914
3.07092
2.64085
3.0423
4.36245
4.94361
3.83627
4.28846
4.98654
4.64517
4.0833
4.58239
4.38654
4.11495
1.41128
4.23093
4.25495
4.99374
4.34758
4.28308
3.78361
2.5274
2.93442
1.52522
4.7172
3.80491
4.45427
3.753
2.84015
4.56513
2.50311
2.47215
3.49384
4.25837
4.28084
4.41344
4.30158
3.8919
4.35709
2.96232
4.99252
2.60689
4.40404
4.39472
2.5959
4.33932
3.79247
4.39346
3.1098
4.89262
2.51406
1.66693
2.93184
2.48835
3.43438
3.05011
4.16847
4.49897
2.95383
4.36415
4.90546
4.89097
4.20902
4.43797
4.66307
3.77103
4.57162
4.59443
2.92771
4.55462
4.31495
4.33849
4.93253
4.38897
2.45658
3.74936
4.1497
3.86796
4.69654
1.43288
3.92704
3.75327
4.48816
2.74426
2.60797
2.45853
3.43769
4.26467
4.23449
4.44904
2.56328
2.93992
4.26147
4.46028
4.97911
3.74995
2.65606
2.5003
3.56308
1.57792
4.36094
3.96837
2.57279
3.98068
2.57075
2.87342
2.76664
4.15763
2.41028
2.94236
3.95536
4.40304
4.25516
4.43172
3.79602
4.74786
4.7599
4.94677
4.31812
4.48412
4.42703
3.67795
4.73044
4.99872
4.09719
4.3754
4.00917
4.651
4.42355
3.50907
3.68332
4.36267
4.76893
4.3867
3.56389
4.42076
1.69278
3.62279
2.99126
2.60112
3.2006
2.64956
2.91031
4.50042
4.94014
4.29435
3.859
4.7453
4.35316
4.39238
4.15853
3.72865
4.31126
2.85813
3.89357
4.13082
4.427
4.09271
4.89726
3.57772
4.3057
4.57844
2.33292
3.77191
4.41639
4.51019
2.91516
1.65564
2.931
4.79703
3.94038
2.6412
4.34778
4.35062
2.55728
3.60576
4.55675
4.4255
3.0952
3.98053
4.40387
2.57102
4.397
2.8551
4.03679
4.2908
2.55378
1.49551
1.42732
3.46755
2.44395
3.11319
4.27682
4.50349
4.38864
4.58175
4.97936
4.22709
4.14589
4.38043
4.74535
2.50199
3.83084
4.25438
2.87437
4.47355
4.52521
4.69825
4.17256
4.33172
4.54039
4.72632
2.93767
3.93724
4.50995
3.74209
4.44368
2.6693
4.41218
4.2012
2.41796
3.3781
4.44572
2.51699
2.96917
4.43271
4.87125
4.24753
3.76169
2.88421
2.40126
2.89484
2.36245
2.73289
2.43445
3.83013
3.85884
2.38725
2.49772
1.38587
4.67915
4.34329
4.12126
3.7848
4.34198
4.61863
4.38863
4.99179
4.23577
4.69188
4.31022
4.19755
2.91288
2.93581
4.50316
4.0439
4.38778
4.55834
4.88555
4.92795
3.7041
4.53436
3.31252
4.52657
4.27224
2.92035
2.49132
1.5456
2.64222
1.48592
2.3375
3.3003
3.59751
2.72645
2.32413
4.49608
4.69759
4.28784
4.43436
4.49238
4.92676
3.87256
4.89126
4.27549
4.99957
3.9121
4.47056
4.45165
4.84895
2.59878
4.29785
4.93244
4.47276
4.52729
4.05899
4.59041
4.50382
3.05537
4.7515
4.57273
3.86138
3.72772
4.46177
4.69212
3.01187
1.45911
2.28736
1.34015
2.51367
3.90248
3.49622
4.20597
2.7293
4.08794
4.31916
2.94361
4.56748
4.52815
4.38014
4.37821
4.2475
3.91542
4.01939
2.4851
2.97893
4.84182
4.11346
4.45143
2.90116
4.67229
2.83555
4.77598
3.86482
4.60417
2.70056
3.73181
4.55395
4.30782
2.48616
4.37624
4.1634
4.92713
2.26123
3.78122
3.46963
2.92077
4.2226
4.57656
2.51161
2.7136
2.35622
1.65049
2.68399
4.38346
2.98873
3.81336
2.45459
4.43487
4.57227
4.20141
4.85321
4.89953
3.7083
2.39357
4.87759
3.84985
4.27963
4.40371
4.49107
2.39253
3.79321
4.17491
3.98753
4.90334
4.86534
4.20282
3.83887
4.81665
2.75031
4.48894
4.43002
4.88038
3.58207
4.23092
4.42228
3.4035
2.86804
1.49145
2.38072
3.69488
4.41722
4.03258
3.3866
2.6307
4.0669
4.6711
4.32431
4.4385
4.58287
4.6085
4.01614
4.86784
4.24813
4.30548
4.40978
4.41404
4.57573
4.51263
4.02067
4.37962
2.56678
3.02095
2.82314
3.70401
4.66601
4.66804
3.09718
4.3356
4.17535
2.57063
4.39683
2.43815
3.01883
4.22987
3.83833
3.5837
4.71024
2.422
2.95265
4.35341
4.38103
4.44727
3.24784
4.8674
4.21831
3.65022
3.48449
4.32783
4.22944
4.45216
4.64208
4.46518
4.28792
3.60191
4.85671
2.82726
4.66236
3.54726
4.74087
4.57604
4.36616
3.78005
4.81334
2.84505
4.82585
2.43029
2.55154
4.30773
4.40357
2.29961
4.54354
4.33153
2.52441
4.45872
3.97923
2.90394
4.03657
2.98848
4.0145
4.51153
4.53789
4.34871
1.36457
2.6581
2.9034
2.61426
3.0077
3.67784
1.69663
1.53264
2.80264
2.2916
2.30481
1.40294
4.64364
4.91451
4.90057
4.99327
4.97441
3.85095
4.806
4.94665
4.96822
4.64369
4.76663
3.75958
3.02979
2.97106
4.4726
4.54272
4.36567
4.32054
4.27678
4.3589
4.39053
3.60859
4.58571
4.21608
4.7029
4.67655
4.40097
3.61869
2.33352
2.85385
2.72972
2.5451
4.68992
4.49576
3.82308
4.99103
4.26818
4.24297
4.3492
4.45424
3.88861
4.92019
4.45697
4.30804
3.6312
2.52882
4.40445
4.98126
4.80522
4.22194
3.07786
4.82142
3.95011
4.50478
3.71489
4.43094
4.69115
2.97734
3.55742
4.19417
4.63488
2.82602
1.48429
2.65216
4.8907
3.83754
4.3083
4.34678
4.23657
4.55514
4.64992
4.63652
3.05523
4.3667
4.9704
3.90902
2.56773
3.5278
4.26355
4.52331
3.68751
2.85245
4.96708
4.62187
4.30359
4.63779
3.46081
2.54361
4.49331
4.38987
4.40548
2.47521
4.33775
4.2912
3.13334
3.99407
3.86241
1.52912
4.56363
2.9228
3.10271
1.65891
2.61614
3.51334
3.80373
4.33641
2.99499
2.51688
4.56612
2.24516
1.46318
4.20793
4.42965
3.14967
2.85105
3.86916
4.80712
4.51179
4.48096
4.40424
2.61774
4.38534
4.00302
4.75213
4.12164
4.92155
4.46144
1.62629
1.76716
3.02072
4.70025
4.33845
3.97958
4.46119
2.77669
4.4251
4.17124
4.90803
2.62673
2.64874
3.8649
3.57531
4.59273
4.31508
2.82388
1.57429
4.26153
4.4142
4.93744
3.8422
4.30701
4.44403
3.89921
3.07262
4.62402
4.6441
4.35554
4.21583
4.41963
2.50137
4.37674
4.96973
3.91664
2.76571
2.94703
4.52918
2.89637
4.56105
4.45406
4.38129
4.93923
2.57285
4.27038
2.64569
2.58787
3.85645
4.51502
4.19603
3.57641
2.83867
4.56827
4.48042
4.76854
4.11465
4.43042
3.95761
4.44764
4.84637
3.88328
4.97172
4.16827
2.56247
4.19689
2.81724
4.43474
4.36629
4.93399
4.12362
4.03031
3.22842
3.30399
4.56047
4.22207
4.7006
4.79049
3.61681
4.42629
3.45505
2.3496
4.33325
4.33688
1.36492
2.24619
2.70076
2.6517
3.31185
1.41562
4.90688
4.10126
2.35582
3.66209
2.88474
3.56948
2.36387
2.88949
4.11679
4.19472
4.14791
3.87723
2.55974
3.65031
4.13966
2.52857
4.2657
4.74783
4.51237
4.86513
3.15064
3.77419
4.729
4.52093
4.48274
4.40513
4.73711
4.03403
4.51687
4.88453
2.85389
3.6992
4.74776
4.50454
4.49873
4.11453
4.96293
2.43826
4.82196
4.2699
4.31225
4.21098
3.79814
2.2797
2.87883
3.99004
4.43558
4.44267
4.27711
2.52242
2.93214
1.61194
4.41815
4.21971
4.23295
4.0848
2.30646
2.75223
2.53665
4.39805
2.70823
4.04222
4.52715
3.89951
4.78945
4.86257
3.49129
4.61897
1.48638
3.14922
4.66263
2.56029
3.82906
4.95172
3.05121
3.5999
4.30085
4.36394
3.73611
3.3224
4.72099
4.48575
4.50841
4.23378
4.52202
3.11781
4.42938
4.60455
2.43158
1.63541
3.00078
4.44282
4.87071
2.93058
3.82055
2.52263
1.55769
2.40978
3.40274
2.76417
4.4318
3.92454
4.01709
4.3009
2.8746
2.39035
4.16291
4.95305
4.23581
4.15613
4.17734
4.32634
4.64452
2.68559
4.70133
4.19988
4.52467
3.74908
4.17359
2.65073
3.40924
2.4401
4.34427
2.87785
3.64704
4.5459
4.52362
4.89839
4.43999
4.23856
4.81445
4.22785
4.39761
3.90711
1.36457
3.05218
4.4763
4.37852
3.82875
3.0343
2.57688
3.78066
4.26008
4.215
3.67776
1.67773
3.05503
3.52432
4.66328
2.60799
2.36621
4.34026
4.8422
2.52959
3.68552
4.27823
4.97253
2.52214
2.91321
3.8463
4.34672
4.36263
4.55551
4.8766
4.99499
4.29741
3.40554
3.63237
4.19189
2.71199
4.37377
3.08659
4.67874
4.50422
4.72049
3.98426
4.40903
4.12133
4.34991
4.53818
3.86081
4.67042
1.55493
4.1478
3.84585
3.75917
4.34532
3.71443
4.82971
2.48116
3.00294
2.82831
2.84476
2.48209
2.95407
4.5862
3.58865
2.5426
2.57862
1.74096
3.40108
3.66237
4.3194
4.30016
4.29412
3.03954
4.59171
3.97372
4.67523
4.47901
4.5801
4.25494
4.94505
2.9182
4.63002
4.47808
4.28216
3.80497
4.96204
4.68059
4.76787
2.4841
4.43726
4.25756
4.31249
4.46568
4.06149
2.33637
3.47748
3.62244
2.50923
2.36565
1.46823
4.35042
2.65074
2.94863
2.96812
2.61719
4.36385
2.42665
2.74683
2.91682
4.33549
2.57672
1.68414
4.04414
3.98766
4.55284
3.61485
4.79578
3.53543
3.72999
4.67257
2.92286
3.62278
4.24681
4.37648
3.2445
4.39049
4.40987
4.74926
4.3555
3.25547
4.67592
4.2597
3.12656
2.75915
3.74782
4.42773
3.21658
4.73633
4.07795
4.31747
4.4549
4.7396
4.18824
4.94339
4.83223
4.53671
3.96843
4.73696
4.56981
4.19449
2.81237
2.38064
2.45904
1.44065
3.6037
3.66071
3.03579
3.8037
4.25527
4.9656
3.59594
4.43571
3.86459
4.90955
3.83712
4.55373
4.45065
1.34451
2.81929
4.60018
2.39746
3.54905
4.40304
4.33753
2.67575
2.90355
4.86041
4.85594
4.33608
4.58053
3.70534
4.59625
2.81903
2.35931
3.42745
4.16542
2.35782
4.15954
2.76019
4.81004
4.86538
4.24413
4.42471
4.42845
2.69798
4.47143
3.87809
4.28286
3.57751
2.23394
4.92569
4.29979
4.10602
4.19177
3.64255
2.73474
2.43788
2.34746
2.87305
2.45413
4.11128
3.68679
1.50529
2.47605
2.47404
4.26541
2.39144
1.5185
2.55789
4.19096
2.88472
2.95672
2.91318
2.67949
2.95684
4.60713
4.63227
4.42557
2.94539
3.84437
3.7428
4.91816
3.59896
4.25579
4.31168
4.67384
3.71063
4.61541
4.32197
4.98408
4.75251
4.19217
3.73054
3.71195
4.95849
3.56564
4.33497
4.76321
3.4308
4.56736
4.20995
4.19541
4.34581
4.41567
3.6901
3.80452
3.9086
4.42513
4.90138
2.65709
1.45342
2.35781
1.66485
4.20285
3.37921
4.41515
4.44086
3.88436
3.75381
2.49316
2.99
4.23272
4.9823
4.25579
4.94655
4.37419
2.3997
2.47991
4.29186
4.5697
4.31794
3.93691
2.99239
4.15555
4.45036
4.45974
4.32186
2.40202
4.64961
4.77857
2.84537
3.99388
1.57303
3.63974
1.58471
3.06893
2.50158
2.96542
4.6668
4.56487
3.01721
2.51061
3.72616
2.37679
4.78655
3.59338
3.54461
4.30628
2.49008
4.93466
4.45418
4.68648
3.65462
2.96138
4.97912
4.42738
3.89509
4.33096
2.35951
1.46432
2.38431
2.5527
1.58663
1.61442
2.55301
2.59111
4.33991
3.6464
2.97357
4.36521
4.33487
2.96794
4.69338
3.86746
4.52223
3.04794
3.86502
2.74387
1.34798
3.04024
4.56556
2.25157
4.19321
2.60738
3.46999
4.46199
2.46353
2.69663
4.11474
4.33165
4.48548
3.20835
2.53723
3.84375
4.48922
4.83134
3.01551
3.68699
4.48898
4.50282
3.66927
4.07221
4.14066
4.75402
3.31216
4.31855
4.97847
4.93078
4.98369
3.60419
4.304
4.98998
3.7742
4.90544
4.25366
4.48167
4.48735
3.94427
4.15525
4.71627
4.95301
1.51473
2.63346
4.25128
3.7895
2.84381
3.45084
4.22878
2.58722
2.51216
1.55204
2.56112
4.17573
2.92809
3.9132
4.51169
4.4165
4.57949
3.80205
2.78928
2.92513
2.95052
4.35372
4.35216
3.52959
4.91721
4.07608
4.46489
4.53326
3.67249
4.45489
4.8842
4.6688
3.82005
4.49689
1.50903
2.41582
4.39728
2.38298
4.56094
2.47253
3.57362
2.91311
4.26162
4.36293
4.73304
2.57944
2.84121
4.16051
3.69498
2.99182
4.63009
4.61522
3.73314
3.98181
4.22021
4.39976
4.1004
4.31823
4.95741
3.00986
2.97213
2.50914
2.51074
2.93726
3.84819
3.02365
3.12303
2.59422
3.95174
3.82048
2.56794
4.48389
4.33593
4.78005
4.40614
4.25944
2.28372
2.41272
4.32782
3.59446
4.685
4.59944
2.65454
4.49443
3.96637
4.52096
3.03465
3.36385
4.56938
3.81306
4.91535
4.52966
4.17904
3.56166
2.43474
4.66837
4.59311
2.75594
4.48975
3.71858
2.78817
4.48474
3.37292
3.85527
4.18093
4.15522
4.01742
4.38549
4.97973
4.31463
4.07078
3.50853
4.5249
4.96191
4.76608
4.90013
3.79581
2.89053
4.27414
3.41498
4.3974
3.1297
3.74997
4.64847
2.7766
2.8347
4.92726
3.05782
1.61966
4.45192
4.16762
4.99983
2.52311
4.29171
4.47737
2.51742
3.68807
3.31565
3.91541
4.14448
4.92911
3.94739
4.39811
2.71027
4.77396
2.67131
4.55521
3.93879
3.58782
4.58005
3.9706
4.95335
1.34848
4.82534
2.91755
2.98043
4.23584
2.46531
4.21314
4.42639
4.65499
4.94524
1.44616
2.72346
2.22072
3.28607
4.3821
4.50666
3.4605
2.75202
3.51827
4.85557
4.49685
4.60452
3.67051
2.70432
2.40676
4.25474
4.19026
4.43147
3.78219
3.59512
4.53687
3.94169
2.40272
2.81338
4.98691
3.06175
2.83541
1.34509
2.43545
4.16982
2.20871
3.4601
3.66915
4.14872
4.54293
4.91469
4.03204
4.90144
3.72986
4.36609
3.00036
2.58039
4.19027
4.25226
4.91418
4.42354
4.18216
2.3513
2.69637
2.78289
4.62514
4.30467
4.45688
3.37036
4.03751
3.53845
4.38201
4.35489
4.88636
3.62507
2.37018
2.33631
4.58266
4.63117
1.46934
3.9
2.92764
2.89231
4.30489
3.07298
2.47156
4.53141
2.9792
3.51485
2.71198
1.47704
2.41202
3.94361
4.39851
4.19262
2.32085
4.93654
3.77753
4.49589
2.74606
4.50074
4.21842
4.57974
4.93578
4.88548
4.89295
4.32849
4.94476
4.46732
4.38358
3.63791
2.95979
3.80275
3.84325
4.49508
4.24873
4.48405
1.46807
1.50649
4.57919
2.94441
2.52609
3.9169
3.75268
2.42862
3.53574
2.38833
3.03414
2.57226
4.36757
4.2521
2.49411
2.5019
4.24364
4.63601
4.54078
3.57725
3.0923
4.51988
3.89712
4.13036
3.7269
2.83039
4.17329
4.69082
4.37572
4.83845
2.38149
4.24444
3.83114
2.97397
2.9349
4.51958
3.5248
4.5202
4.538
4.65643
3.67658
4.26763
4.20595
4.2814
4.14766
4.43105
4.53792
3.88877
4.94013
2.39174
4.32262
2.63124
2.93704
4.40142
2.49226
1.47756
3.01428
1.5224
2.64277
3.84875
3.74515
2.86315
3.80656
4.3315
4.4512
4.97129
3.5674
3.96813
4.37878
4.96281
4.69333
4.67823
3.37171
4.35774
2.98555
3.66676
1.4197
4.54509
2.48623
2.59355
2.43935
4.25723
2.91428
3.52267
4.59472
4.39945
2.42934
4.33268
2.91014
4.7707
4.48411
3.92536
2.84654
4.61179
3.89284
4.03028
4.20396
4.44151
4.23192
4.29557
4.84453
4.2672
3.84299
4.87898
3.72816
4.48811
2.69975
3.51881
1.61954
3.88574
4.57325
2.95171
1.55531
4.13046
2.64572
4.29131
4.33702
4.42195
4.94952
4.97268
3.07691
2.40759
3.70371
3.65449
2.75059
4.26625
2.46774
2.51465
4.89864
2.88521
4.21256
3.55466
4.05831
4.50629
4.91776
4.51595
4.49298
4.96725
4.66163
3.89894
4.64092
4.20193
2.54762
4.32029
3.80407
4.19487
4.8006
2.58355
2.90549
3.53751
3.36585
2.98372
3.93557
1.35603
3.02425
4.47855
1.54774
2.49048
4.32013
2.41504
4.18328
3.40077
4.25259
3.65624
4.59142
4.95605
4.78259
3.80296
4.63194
2.89132
1.68734
2.53049
4.20832
4.35456
4.35403
3.94395
3.52208
4.64675
2.50343
3.78109
4.90291
4.71592
3.73033
2.88691
4.52835
2.83603
3.00152
2.32558
4.31485
4.34342
4.95667
4.4132
4.49525
1.37469
2.34899
2.54478
1.79158
1.5193
3.00477
2.50946
3.74552
4.1474
3.63422
4.65457
1.50168
2.54266
2.36283
2.36018
2.42983
4.26094
3.4578
2.77486
4.5707
4.22371
4.22744
2.91472
4.29603
4.15993
4.04061
3.95316
3.00087
4.44693
4.31151
4.29772
4.12284
4.98187
3.52719
4.54728
3.56838
4.40691
3.63847
2.87954
2.914
3.78503
3.6928
4.6835
4.71465
4.26134
4.26606
4.21469
4.25122
4.96246
1.56995
3.67552
2.51785
2.4971
3.5206
3.02392
4.41192
4.1371
4.20399
4.27014
3.67896
2.38708
3.75159
2.89418
2.82038
3.73275
4.87159
4.51763
3.43381
4.79589
4.56674
4.20261
4.42842
4.92269
4.27723
2.47938
4.57137
3.74982
2.87085
3.88618
4.66459
4.33127
4.44728
3.00587
3.43414
4.4461
4.27969
4.15321
2.53954
4.14694
4.26149
4.80626
4.97843
4.43969
4.40405
3.89033
4.94654
4.88539
3.94775
2.98161
4.66516
3.67198
4.44609
4.447
3.70325
4.77719
2.89099
4.27225
2.46023
2.43694
4.29138
4.88197
4.30665
2.85343
3.48454
4.46319
4.96655
4.87047
3.01994
2.9486
4.2658
2.46146
4.3872
4.44865
4.63201
2.61233
2.85361
3.41769
4.55906
4.424
1.58429
3.82178
4.43706
4.43236
3.98969
4.17696
2.51817
4.38995
4.41967
3.79839
1.43272
2.91467
2.98004
3.52042
4.27991
3.98558
2.74088
2.394
4.29705
4.1392
2.38561
4.85281
4.21736
4.4639
3.49993
2.99796
4.70835
4.97711
1.60016
3.79002
4.74176
2.99785
4.48774
2.55285
4.37366
4.29671
4.58768
4.39722
2.58697
3.65702
2.91513
4.58185
1.58944
3.85204
4.0498
4.56363
2.54361
4.30112
4.35942
4.40648
4.06931
2.62763
2.47671
3.02793
4.99938
4.20854
4.62311
4.8509
4.26346
4.23607
2.52455
2.98804
3.97909
3.87388
2.90654
4.25729
4.64311
4.38515
4.56099
3.66126
4.45216
2.50832
4.09772
2.416
3.5903
2.84166
3.84206
3.72388
4.50536
4.22475
4.49954
2.8418
4.52957
3.38392
4.69257
4.31656
4.45227
2.4153
4.31639
4.44131
3.73739
4.60238
2.56784
1.4834
4.91982
4.31017
4.64724
2.43909
2.5293
2.94724
1.58908
2.98387
1.53771
4.63032
4.34537
2.97141
2.63444
4.38993
3.96542
3.76543
2.49844
3.28874
4.56232
4.29581
2.8052
4.31543
4.29919
4.46849
4.54918
3.73631
4.8449
2.84782
4.12787
4.78846
4.58787
2.28344
4.2518
3.70878
2.39044
4.40356
2.31315
3.52044
3.63713
2.83321
4.74512
4.33808
3.7756
4.25262
4.94929
1.62455
4.19223
4.54337
4.87599
3.36393
4.31036
4.62213
4.02173
3.07677
4.48118
4.33297
4.67465
3.50765
4.06682
4.34126
4.89244
2.31887
2.84361
1.45077
2.78659
4.40793
4.54652
2.29266
2.8026
4.18195
3.74714
1.44739
3.80853
2.39868
4.49627
3.60866
3.05653
2.65204
4.56916
2.43664
3.62898
4.18754
4.87027
2.68705
4.22618
3.71047
3.12022
3.8644
4.99042
4.40339
4.7522
4.43992
4.91311
4.6404
2.98618
4.62971
3.84383
4.28986
2.59128
4.36422
2.51035
4.33241
4.00119
4.88618
3.81501
4.30024
3.37517
4.5539
4.29344
3.81798
4.27897
2.39916
4.35311
3.71041
4.17415
4.91938
2.33189
4.83285
3.65502
4.49027
3.46761
1.35137
3.7879
4.79969
2.73739
2.72986
2.85275
4.91872
4.00843
2.441
4.04389
4.21485
4.42432
4.87172
2.48621
3.48399
2.63982
2.56022
4.53409
4.54687
1.71574
3.92921
4.4447
3.86594
4.24878
3.82939
4.93291
2.6486
2.91731
4.2713
3.03897
4.26051
3.8336
3.94171
4.33416
4.58366
3.489
4.94144
4.41719
4.38723
2.96327
4.62986
4.56248
4.32233
2.43952
2.39069
2.81778
2.76652
4.92871
2.7852
4.41322
3.99339
4.291
4.90662
4.15469
2.59573
2.55809
3.00454
4.61692
4.44417
3.02783
4.41531
2.85189
4.25065
3.71108
2.5411
3.36429
2.37135
4.91851
4.86411
2.5806
4.64889
1.4758
4.49523
3.89739
4.69766
3.94993
4.30437
3.90109
4.21861
4.27141
2.31341
4.5944
2.65289
4.29165
4.99338
2.8406
3.89885
4.67712
4.64678
4.6858
1.50997
3.09586
2.65667
2.89353
3.52948
1.59767
4.24317
2.54048
3.81083
4.9313
2.94586
4.72854
2.6167
4.82285
4.34728
4.42
2.63782
4.27316
4.41878
3.86853
4.55416
2.99115
3.99887
4.40172
4.75131
4.35307
4.82249
2.75686
1.82284
4.79361
3.06145
3.96933
3.04444
1.45717
3.00835
3.53415
3.81939
2.63191
4.67582
2.88938
2.71633
4.47084
4.63255
4.39964
4.59536
4.71648
2.51738
3.47752
4.43253
4.6137
2.449
4.45002
4.46477
4.82376
2.96046
3.78073
4.56377
3.92105
4.96379
4.16114
4.1893
4.24343
4.16966
4.4292
1.40417
3.70171
3.02855
2.61806
2.86727
2.5352
4.28653
4.13085
2.85139
4.45243
3.35172
2.18919
3.74549
4.22748
1.47317
4.68436
4.91697
2.51693
3.64987
4.27638
4.31282
4.84974
4.22863
2.4578
4.47197
3.10913
4.52583
3.85232
3.85504
4.95821
4.38069
4.54381
2.50235
4.77176
2.9027
3.12477
4.03068
4.0598
4.40715
1.87068
2.62567
3.92295
4.68898
4.62844
4.27305
4.06307
3.25144
4.46564
2.65306
2.82359
3.71383
4.16592
1.40773
3.63555
2.22648
3.727
4.98397
4.91437
4.39163
4.12244
3.51678
2.39385
4.45081
3.65611
2.72977
3.28814
2.32902
4.8
4.4659
1.36814
3.90561
4.98001
3.08311
4.24618
2.91383
4.36768
2.93159
2.49362
4.58524
3.45174
4.47303
4.46087
2.63009
3.70213
1.68438
2.84986
3.43374
1.47474
2.20144
2.8182
4.38416
4.08727
2.66889
2.76275
4.11459
3.92911
4.16202
4.25418
4.50806
4.453
3.9537
2.92939
4.21324
4.58027
4.98723
2.53737
4.08691
4.15326
2.55358
4.94672
3.44663
4.59317
3.5817
2.97653
3.70281
4.88737
4.58287
4.22349
4.5756
3.66745
2.9036
3.68717
4.94716
4.53925
4.11972
3.78208
4.14707
2.50667
1.41212
2.29719
2.96766
4.21941
2.37585
3.8535
3.01327
1.5686
3.78943
2.56958
4.59242
3.82256
4.26264
3.05021
4.40642
4.3673
4.25521
3.55063
2.57359
3.64394
4.48572
2.75267
1.59089
2.86794
4.35338
4.22716
4.66756
2.44172
4.93648
2.83358
4.31126
3.65999
1.5206
2.89729
1.49033
2.76512
4.73738
2.90705
4.96273
2.89002
2.35844
4.43908
3.5929
3.86602
3.65486
2.43863
4.16137
4.93201
4.51138
4.28781
4.34043
4.93635
2.63192
3.85034
4.4547
4.49322
4.67417
3.03221
4.26103
4.81024
4.55226
4.34631
2.53131
3.43134
2.5113
4.37766
4.1755
3.74734
4.4556
2.90729
3.90401
4.73284
4.051
4.32842
3.48576
2.43172
2.30645
3.69932
2.46701
4.73565
2.37809
2.77161
4.22297
2.99443
4.30331
2.29518
1.50694
3.70806
4.25685
3.78941
4.26298
3.80343
3.98282
4.93659
4.30967
4.38853
4.06485
4.63563
3.84515
2.91717
2.87062
4.65866
3.7292
4.7577
3.47862
4.83039
3.53173
4.90216
4.23535
4.61138
4.45828
2.48308
2.57379
4.28157
3.23499
2.53071
1.6557
4.09358
3.7885
2.53669
4.19991
2.82671
2.67353
4.23902
4.5119
2.41114
4.70936
4.65604
4.98529
4.91971
4.35888
4.44988
2.80883
4.58831
3.01873
3.82652
3.84669
3.85042
2.81854
4.67823
4.85349
3.58438
4.93459
3.60191
4.92217
4.29198
4.94744
4.46685
4.59346
3.43536
4.40002
2.4473
4.10759
2.51514
1.37197
3.34653
2.93911
2.54459
4.10695
2.79941
3.74279
4.90195
4.29638
3.93871
4.56659
2.99769
4.27639
4.19899
4.4029
2.59228
3.7941
4.34462
3.98998
3.81353
1.5513
4.5057
1.56482
2.9818
4.46254
4.5049
3.14461
2.45334
2.57621
3.70106
4.39287
4.35109
4.52628
4.38965
2.72493
2.96264
3.91007
4.49868
4.4627
4.22733
4.1906
2.45715
2.9819
4.91282
3.85954
4.41621
2.38345
1.49051
2.811
3.60913
2.97463
2.59764
3.66752
4.54167
4.21939
4.32092
4.94008
2.56976
4.23893
3.64925
4.53
2.99978
3.98777
4.61512
1.47693
4.48479
1.59792
3.08254
4.39257
2.29544
2.52759
3.41037
4.21551
4.40897
2.55359
4.16445
2.9645
3.96948
4.64105
4.38501
2.61696
3.43628
2.53158
3.83465
2.55782
1.58702
4.27095
2.62715
3.06596
3.13814
2.45794
2.94688
4.47069
3.60772
4.95234
4.82861
4.09918
4.7471
4.16003
4.98898
2.94814
3.84094
3.95072
4.72604
4.70424
4.96508
3.63523
4.9697
4.41178
3.39921
4.96247
4.30747
4.4803
4.20621
2.47557
2.73227
2.49259
1.64638
3.49094
3.35998
2.85703
3.91425
4.27501
4.52296
4.64189
4.99887
4.34959
4.29342
1.72584
2.96495
3.74704
1.41407
3.03946
4.48963
3.93073
2.52444
4.26836
4.38987
2.59976
3.6014
4.50219
4.41564
2.55289
3.77135
4.39452
2.89172
2.36712
2.78878
2.42332
2.71328
2.32778
4.12591
3.53531
1.49517
2.36865
3.64332
2.4173
4.54079
4.35361
4.44196
3.02621
4.95343
4.41496
2.96993
3.66782
4.59383
4.82107
4.82987
4.85987
3.50458
4.18905
4.87316
3.55845
4.486
4.26155
1.5947
2.47164
1.51435
2.61635
2.25237
1.31646
1.5293
2.39313
2.75852
2.56824
4.8196
4.67544
4.51651
3.92734
3.91746
3.83884
2.91736
3.15003
2.86522
4.2002
4.24367
4.34168
4.42916
4.14949
4.26891
3.43549
4.32132
4.52002
4.45979
4.50935
3.70327
4.64545
4.6354
2.66126
2.36808
1.61749
3.66073
2.34214
2.48658
3.81437
4.27038
3.08035
4.37213
4.27902
3.81966
4.83471
4.38176
4.34677
4.2531
4.77725
2.4415
4.33829
2.31522
2.49952
3.56004
4.86217
4.35916
4.70835
3.6363
2.92053
4.59532
4.62906
4.43897
3.8452
2.95031
3.43082
4.21926
4.65245
1.44498
2.18657
4.23519
3.68644
3.05052
3.49439
4.52643
4.32442
4.6726
4.41652
4.45129
4.42048
2.60913
3.866
4.25118
2.82241
2.9322
4.5437
4.30409
2.76116
1.46175
4.46435
2.80122
4.2528
4.03052
4.91903
2.46668
4.26051
2.4367
4.43114
2.29076
3.6034
3.54059
2.87626
4.16384
2.80689
2.85925
2.46617
2.56166
2.8067
3.44615
3.87312
4.79221
3.77458
4.84383
4.17746
2.60716
4.42617
4.2893
2.4794
2.56884
4.30404
4.13274
3.95464
4.52921
4.57554
4.56161
2.89482
4.65016
3.81955
2.94057
4.25357
4.60262
3.49665
4.86702
3.74418
2.93064
4.22116
3.60819
3.90629
4.24188
4.86238
4.4124
2.90331
4.55128
4.48031
2.95168
2.93479
1.45095
4.57925
3.72774
4.74493
4.29749
2.50796
4.43723
4.20269
4.89215
2.41399
4.5443
2.53766
2.91264
4.31975
3.85061
3.60842
1.45966
2.87304
2.56536
1.66397
3.55566
4.4663
4.55626
4.26769
4.45618
4.57602
4.61854
3.05371
4.33504
2.96341
4.04774
4.70365
2.65613
4.19743
4.28805
2.61423
4.36417
2.56948
3.58679
3.13037
3.93054
4.4364
4.74101
4.98338
2.30531
2.87497
2.4951
2.87307
4.36028
3.98888
4.90813
4.23091
4.43069
4.95537
4.26488
2.65446
3.39958
4.32895
2.45123
4.4473
3.00543
3.74233
4.52355
4.4847
3.80623
4.5098
2.9246
4.51684
3.64816
4.31369
4.61334
1.62241
2.41615
1.40305
4.36898
3.90572
4.45152
4.01182
4.08328
4.90976
4.20917
4.30188
3.74478
2.28567
4.45644
4.84164
4.41184
3.57767
4.89576
3.79328
2.87696
2.8028
4.95079
4.17702
4.71809
3.42846
4.72402
4.47809
4.2667
1.49681
2.58892
4.54642
2.8098
4.33205
4.29759
2.44221
4.32023
3.84506
4.92832
4.37854
4.55898
4.74942
4.63317
3.02562
3.10676
4.68744
4.42863
4.2731
4.94737
2.50835
2.51447
2.56565
4.24559
3.93058
2.94974
3.52417
4.67276
4.19572
2.93633
4.26099
3.35803
4.51629
2.7397
3.78023
4.25065
4.91574
4.57722
4.82247
4.27644
4.31949
3.74346
2.58415
2.57118
4.35743
4.44836
4.95626
3.1011
3.72842
3.82406
1.46158
2.8546
1.56903
4.67744
2.88001
2.63166
2.4749
4.50745
4.34384
2.91378
3.60625
3.73905
4.91092
4.39103
4.35424
2.77773
2.82196
3.84219
4.7437
1.47331
4.68887
3.82682
4.19777
2.41482
4.11943
4.23559
2.51728
2.50266
4.76605
3.76692
2.94916
4.48854
4.27701
3.34022
2.41254
3.50807
2.68427
1.52977
4.62674
3.83294
4.61773
3.87755
4.30402
3.8143
4.4375
2.85692
2.82188
2.36812
4.77615
2.38743
4.8839
4.4626
4.32578
4.08605
2.75347
4.43642
4.77695
4.31327
2.55412
2.4615
4.34189
1.38597
4.50647
2.74274
3.07413
1.59263
3.43462
3.92418
2.85256
2.65859
4.62818
3.62512
2.8576
2.44403
4.53132
4.41646
4.85726
4.10693
2.51823
4.34398
4.89961
4.20642
4.38436
3.00988
3.90444
4.64144
4.90056
3.83922
4.31911
4.31971
3.78788
2.96702
4.31901
3.92842
4.61815
3.84663
4.58753
4.34921
2.97097
2.4995
1.52315
3.48316
2.34369
2.53743
4.85819
4.38788
4.16341
4.13795
2.30937
3.55696
4.95157
2.76238
4.47209
1.55916
2.88569
4.44182
4.98655
4.09205
4.49188
4.24754
3.89553
2.47363
2.96943
4.40736
2.45344
2.93914
4.5027
1.57104
2.92729
4.43993
4.20678
3.77288
2.856
2.57134
3.80689
1.5033
2.51604
2.80865
3.50955
4.52171
3.46993
4.23821
4.29192
4.33881
4.22642
4.86478
4.20963
2.4246
3.79106
2.85549
3.83868
4.4009
4.64293
4.32875
4.96109
1.65117
2.9305
1.399
4.65371
2.9495
2.46215
4.6096
2.92643
3.60826
3.89938
2.80048
3.90756
2.56786
4.49695
4.64368
4.96586
3.43912
2.60582
4.36224
4.4115
4.95006
4.49437
2.92254
3.77327
4.4938
4.18254
3.74204
4.94676
4.57128
1.40789
3.82171
2.69204
4.15876
2.78558
2.85089
2.43257
4.42742
4.51246
2.93646
3.57969
1.52609
2.33957
3.66135
4.77398
4.29821
2.51184
3.64174
4.78509
4.10713
4.12785
2.61114
2.87544
3.89212
3.90455
4.29186
4.93242
4.81399
4.32947
3.58641
2.44603
3.58878
2.50777
2.92473
4.3663
2.50519
3.05582
4.4368
2.40393
2.47431
1.53379
4.28515
4.02268
4.41684
2.81275
3.00694
4.64076
3.901
3.74131
3.37996
4.90692
4.95667
4.30075
3.59125
4.92276
4.64197
4.28636
2.65147
4.87286
4.3208
3.54952
1.51973
4.26857
2.47417
3.7749
2.52245
2.34272
4.28775
2.95131
4.22951
2.98623
2.4528
2.91049
4.63767
3.69003
4.47364
3.89178
3.89253
2.91594
4.47578
4.74416
3.54687
4.98405
4.24327
4.93472
3.54377
4.97763
4.51294
4.21241
4.2637
2.39055
4.50503
1.66691
3.57088
2.49926
2.89937
2.71509
3.36713
4.2668
2.97583
4.987
4.04871
4.39464
4.41674
4.63904
1.55118
3.06408
4.65645
2.29774
2.57875
3.46973
4.19188
4.10964
4.48944
4.4901
2.87013
4.782
2.41493
3.79212
4.18832
2.55506
3.31535
3.70756
2.3744
2.40617
1.54663
4.20183
4.23249
2.5139
3.01794
2.38321
2.81577
4.13355
4.31175
4.53543
3.75425
4.60107
3.71402
3.65431
4.40756
2.92657
4.89548
3.43453
4.955
4.31843
4.99163
3.32431
4.95529
4.22086
4.44756
4.3838
2.90375
2.55396
2.4687
1.62183
3.58361
4.18358
3.51542
3.02725
4.32086
3.96356
4.95044
3.58194
4.55896
4.61732
1.41583
2.91356
4.55958
2.44965
4.26619
4.24707
2.42295
3.47064
4.52326
4.46322
3.72399
4.11754
2.4565
2.83279
4.84472
2.99316
2.49063
2.54909
2.83671
2.56865
4.24552
4.25393
3.94299
2.40414
1.38262
2.25907
2.94321
2.83497
4.63978
4.56521
2.9929
3.66399
3.79815
4.88223
4.72357
3.50071
4.26923
4.78711
3.61909
4.50631
4.34331
2.90245
1.44901
2.3945
1.64331
2.69136
3.75231
2.5141
3.74908
2.56428
2.82394
4.36545
4.29833
4.95237
4.10419
4.95809
2.50556
2.57882
3.44564
4.19444
4.92699
4.51235
4.49563
3.76793
2.96232
4.59342
4.4187
3.92988
3.48042
2.84957
4.31058
4.44204
2.4666
1.39701
2.45244
4.84404
4.28696
3.96312
3.50231
2.8926
4.1226
2.88161
3.63308
4.58831
4.56819
2.96243
2.80611
1.42386
4.57807
4.25634
4.26065
4.97016
2.30005
4.28114
2.58308
3.75855
3.34636
4.52511
2.48508
2.89854
4.21748
1.4982
2.52075
2.37895
2.47757
1.64421
2.48984
1.7041
2.48653
4.57001
4.61983
3.89665
3.71674
2.83085
2.90134
2.88938
2.90724
4.1204
4.24917
4.23883
4.43698
3.55813
4.2198
4.25752
4.09672
4.56766
4.37247
4.43724
4.66832
3.40058
4.48169
2.81256
3.77028
3.01474
2.69865
2.92546
2.51979
3.71615
4.15086
4.01509
4.34019
4.94833
4.21373
2.35509
2.29456
4.25312
3.58987
4.55824
4.65018
3.79731
4.43568
2.68827
4.48028
3.79335
4.10946
4.26037
2.77542
3.37236
4.95091
4.2078
4.99594
3.99598
4.29146
2.95889
3.37236
2.8809
4.45709
3.71769
2.94277
1.59261
4.5356
4.25531
2.50056
4.34192
4.15093
4.85622
2.45578
2.87873
4.09734
4.51663
2.43702
3.85637
3.35035
2.51994
1.37684
3.47343
3.00863
2.63939
2.97377
4.02574
4.55242
4.598
1.50432
3.01318
4.43679
1.72559
2.88166
2.41231
2.53027
4.37049
4.43269
2.57812
3.71221
4.39763
3.11582
4.83192
4.03954
4.57692
1.49683
2.4324
3.00405
3.59388
2.82708
3.82582
2.89906
3.94724
4.55775
4.52022
2.88884
1.44171
2.39472
4.13581
2.48298
4.37687
2.52265
4.30876
3.56695
2.96578
4.48105
3.89474
4.66223
2.92629
2.72211
3.03632
4.29237
4.988
4.1313
4.35706
2.25922
4.16694
3.61714
4.44235
2.46516
2.38616
2.61521
3.65835
3.78619
4.6567
2.86108
4.64551
4.47203
4.47205
3.46002
4.35279
4.60135
1.45841
2.40925
4.506
3.65201
1.57555
4.4505
2.99645
4.55934
4.52593
2.70806
1.56184
4.0857
4.0878
2.32707
2.57601
2.4983
4.88087
4.21263
3.67773
3.69433
2.91861
4.60126
4.43723
1.41961
4.20666
4.42145
4.3236
4.84169
2.39754
4.33685
4.336
4.98131
4.35336
3.53156
2.42459
2.54105
4.46354
3.78688
3.6999
2.92039
2.98203
4.27357
4.58778
4.69649
3.53572
4.56018
4.7224
4.95138
3.12577
3.11195
2.8478
3.92456
4.69837
3.9764
4.42764
1.61667
2.97684
4.26429
2.64235
4.25869
2.55468
2.64266
4.49735
4.99725
3.9103
4.81608
4.52633
3.08923
3.82862
4.97624
2.49132
4.92121
2.50745
4.58754
4.61138
4.41011
1.5135
4.36625
3.79172
4.37278
3.88869
4.38638
3.9057
2.68173
3.45207
2.42039
2.64415
4.94348
4.39442
1.78561
4.62706
3.81242
4.60262
3.88867
4.30033
4.45033
4.43202
3.95698
2.69058
2.56315
3.58194
3.96378
4.03028
4.49624
3.19273
4.67876
4.38117
1.44393
3.00425
4.27295
4.58576
4.80263
2.87278
4.26209
3.73562
2.29621
4.1848
4.36492
4.95462
4.04534
2.51437
4.87551
4.25871
2.53775
4.25416
4.42835
1.62787
2.78125
2.85075
4.96664
2.81914
2.89023
4.30145
3.35883
3.70662
2.47888
3.70765
2.43172
3.7366
4.30252
1.45584
4.11404
4.2686
2.46995
4.29612
4.85585
4.19731
4.88988
4.09251
2.31862
2.88466
4.80461
1.56533
4.41539
2.78016
3.74084
3.66884
3.16994
1.59755
2.35807
4.17587
2.88431
3.35054
3.85057
2.44038
4.47771
2.47597
3.41815
3.31451
2.57468
4.36188
2.73591
1.54614
2.93697
4.41551
4.09904
4.52618
4.90572
3.01718
2.40853
4.2773
3.91436
2.50795
2.56011
3.37101
1.47946
2.79287
4.61484
2.85569
4.6412
3.04147
3.88321
2.67763
4.47022
4.38952
4.67427
2.55618
4.86473
4.25307
4.29383
2.69639
4.63461
1.5682
2.9752
3.10662
4.60014
2.98555
2.97564
3.4978
3.94434
4.34286
1.72077
2.52333
3.9404
2.52045
3.98622
4.16908
2.38834
4.81035
4.395
4.94568
3.87576
2.75203
3.85791
4.39564
4.47574
2.92474
3.76179
4.14386
1.4895
3.39419
1.47242
2.35179
2.92619
2.5442
2.82097
4.44774
2.55891
4.18593
2.81077
1.41607
4.50594
2.80747
3.78061
2.98517
1.62834
3.70949
2.50624
2.63631
4.57046
3.55872
3.92066
4.45457
2.92369
2.41426
4.68457
4.50304
1.53139
2.94182
2.93379
2.73244
2.76901
3.4857
3.86282
2.39987
3.53039
4.1906
1.39742
2.34542
3.66152
4.47231
4.61203
3.74597
2.97612
3.88076
2.67364
3.70778
4.24044
1.62232
2.49087
2.67768
3.4774
1.52499
2.45837
2.86231
2.31684
2.77341
1.47653
3.67752
2.7968
1.411
4.58715
2.98309
3.68964
2.43722
3.61952
3.84049
2.4631
4.62257
4.37155
3.02683
2.66101
3.55116
1.52839
3.0389
1.52888
3.71493
4.76086
2.84863
2.33647
4.30188
3.14255
2.55159
4.64038
3.59781
3.96185
3.15303
3.53941
4.8311
2.28107
3.58504
4.93083
2.46043
2.54828
1.63548
3.85066
4.3241
3.76208
4.41167
3.95232
4.2598
4.7134
3.36911
2.18712
4.65468
3.46168
2.33915
3.90864
2.62074
4.91257
2.88229
4.1348
2.79172
4.17935
4.46858
2.44849
3.44256
2.53002
4.96452
4.2999
3.78233
2.63228
2.90001
4.58891
2.64765
2.86036
4.44786
3.01289
4.38747
2.55043
4.81752
4.22382
4.93504
4.1386
3.64911
3.43219
3.77688
2.55282
1.47952
4.27121
3.84844
2.56437
4.11558
4.21347
2.38461
4.46514
2.36332
1.35007
4.44297
2.92819
2.64843
1.62284
3.58426
3.04224
2.5978
3.35771
2.31701
3.52695
2.33434
2.83859
4.96568
2.69555
4.03453
4.37963
2.34597
2.79981
4.02951
2.47729
4.86733
4.07343
3.72735
3.4997
1.47162
4.09702
3.76158
2.37886
3.83842
2.25329
4.34193
2.26785
1.47862
4.39306
1.55782
3.4128
2.89648
2.4883
2.95939
2.42144
2.69183
3.91682
3.5303
3.75012
2.38565
3.81389
2.49165
1.49274
4.2545
1.39145
4.32113
2.69571
2.36338
2.74298
2.42413
1.49084
3.32264
4.55798
2.42346
2.79319
2.34095
2.90808
2.4937
2.8049
2.96681
2.4706
2.94249
2.62411
3.10523
2.48258
2.76148
2.49728
1.43027
2.51031
1.42744
1.5325
2.37278
1.43849
2.47871
2.93436
2.52891
1.66418
1.63735
2.3892
2.98709
