3.03111
2.38006
2.47421
2.56925
3.9694
3.81722
2.46945
2.55061
1.54111
1.60932
2.41137
2.32954
2.49082
3.88224
2.40897
1.5185
2.56281
2.51418
2.846
2.50833
1.54143
3.88347
2.8823
3.87685
3.11815
3.7572
2.97343
2.85843
3.84639
3.37161
4.19364
4.30213
4.19326
4.30497
3.57023
4.48987
4.2997
4.46249
4.67548
4.58581
4.29644
4.31242
4.34068
3.89844
4.58563
2.96425
2.94915
3.62248
4.37284
4.38358
3.58117
4.54127
4.41459
4.3284
4.56591
4.18903
4.43627
4.33901
4.59297
4.58101
4.24558
3.84122
4.98103
4.98149
3.01498
3.85368
2.9073
2.7902
2.81107
3.52769
4.26796
3.66504
4.54028
4.38521
4.40624
4.54017
4.08147
4.20066
4.61676
4.26648
4.35527
4.60439
4.09253
3.81858
4.63188
4.94501
4.92339
4.9632
3.79301
4.97101
4.97869
4.88746
4.65338
4.52641
2.72221
1.56608
1.67778
2.56426
3.45634
3.99236
2.94615
2.718
3.47429
4.66773
4.50391
2.48566
3.85081
2.51415
2.93422
4.66039
4.4155
2.44209
4.32434
4.51205
4.35277
4.30321
4.92009
4.55947
3.93886
3.52858
2.8265
4.46346
3.96073
4.41319
2.40996
4.39003
4.44899
4.0654
1.47197
3.42533
1.4941
2.78448
2.29171
2.71667
2.88214
3.84807
2.44069
4.09878
2.92669
2.42981
3.63572
4.24174
3.84159
3.49841
2.3668
4.07261
4.32381
4.75338
4.31575
4.64046
4.97056
2.86733
4.64681
3.81529
4.33726
4.53014
4.33083
2.32889
4.2002
4.32876
4.47232
4.01629
3.57445
4.6178
2.99368
4.41201
3.74792
4.2677
4.17095
4.14737
4.58125
4.97698
4.15388
4.4776
4.56444
2.75258
4.84463
4.43313
3.67497
4.36859
4.64026
2.47497
4.93765
4.16045
3.79001
2.29647
2.3253
3.80688
4.99921
3.43031
4.13824
2.75172
1.34693
2.57108
2.5325
4.38623
3.67902
3.21453
2.71851
4.11522
4.88241
3.89695
4.31228
3.81768
1.50708
4.58062
3.20053
4.3326
4.36833
2.5789
3.83998
3.67959
4.74487
2.47259
4.23273
4.40791
3.95762
3.12994
2.68154
3.99469
4.58054
4.52609
3.18379
4.02172
4.28167
4.57765
3.79244
4.93624
4.04632
4.75816
3.42569
4.24117
4.7873
4.97086
4.76748
4.8981
4.93616
4.8168
4.34532
4.57566
4.16753
4.97705
1.49512
3.1749
4.57575
4.92547
2.73388
2.57172
3.65571
3.54209
4.25371
4.64971
2.37782
4.66257
2.97066
4.37435
2.56265
4.93125
3.73562
4.13362
4.67396
4.11303
1.69967
2.92591
4.69429
2.89681
4.0886
2.61189
4.99377
4.3629
4.4429
3.94893
4.38665
4.48478
4.49585
3.94719
4.75591
2.86792
4.63401
4.99101
4.56169
4.2577
2.60067
3.92739
4.42788
4.32667
3.46109
3.01449
2.81987
3.59614
4.19136
4.96045
1.55932
2.39512
1.44434
2.37865
4.22252
4.55846
4.26507
3.81103
2.91368
4.77487
2.86738
3.69882
3.62914
4.08646
3.39683
4.84785
4.73066
4.38929
4.66983
4.43042
3.5511
4.97611
2.74952
2.45339
4.51192
2.65142
3.46531
2.85292
4.16005
4.25017
4.92388
3.76213
4.42361
2.47294
2.80813
4.08873
4.2242
2.78686
4.45084
3.82416
4.98631
4.46402
4.18656
4.90302
4.31742
1.47441
4.72501
4.31392
2.92496
2.68377
3.0714
4.29474
3.59316
4.66854
2.69963
3.90072
4.2339
4.46208
3.04525
2.40718
4.56026
4.25205
3.84433
4.53741
3.90418
4.29585
4.83969
4.41833
3.65847
4.59544
2.42178
4.32494
4.99701
4.2721
4.392
4.00151
4.41576
3.11577
3.8325
4.5897
4.2365
4.43242
1.57769
2.89514
2.52423
2.5095
1.60862
2.83912
4.30899
3.34682
4.36317
3.96484
4.31577
2.9708
3.62779
4.4248
3.90765
1.35288
2.83992
2.94337
4.64224
2.45752
2.87127
4.12606
4.49375
2.35176
3.28561
4.51085
4.24247
2.51567
2.87791
3.73479
4.21612
4.92833
4.39313
4.32326
4.6057
4.65705
2.95019
2.55434
4.65203
2.55188
4.33083
3.78693
3.46119
2.48593
4.38253
2.9832
4.44143
3.9508
4.91425
4.32667
4.66151
2.85415
4.37841
3.86837
2.45109
4.34665
4.29267
4.61548
4.27552
4.29712
3.8846
2.90032
3.85672
3.74626
4.52999
4.34244
3.38187
4.52628
4.66951
4.464
3.58561
4.86406
4.91896
3.73816
3.64997
4.71544
4.38191
4.15748
4.70105
4.23849
4.78083
4.32509
4.25789
4.94095
2.8861
3.82019
4.26003
4.30309
2.47769
3.14483
2.9104
2.64379
4.34825
4.55484
4.35259
4.62712
2.50127
2.46447
3.61561
4.52383
3.08367
2.48901
4.48648
4.32417
2.86627
2.80701
3.50924
3.88754
1.57311
2.56343
4.365
4.23348
4.74915
3.50051
4.39146
4.78275
2.88442
4.33041
2.87337
4.501
4.22144
2.82553
1.48294
3.83611
2.50346
4.3685
4.89877
4.50928
4.98196
2.37341
3.22589
2.43334
4.41954
4.3537
1.52407
4.2834
3.93227
4.26537
3.72933
4.33801
3.863
4.79485
4.15514
2.88814
2.82847
2.5326
4.29643
4.44269
4.26678
4.65832
2.79659
4.20962
4.66625
4.24403
4.35311
3.6415
3.8027
3.629
4.55397
4.30675
4.28456
4.41795
3.79939
3.81736
4.60011
4.25645
3.45069
2.48896
4.34884
4.79779
4.95578
2.82535
4.29762
4.55374
4.88314
4.2411
3.16713
1.39985
2.58112
4.97531
4.58902
4.16413
3.72151
3.86849
4.28045
4.18308
2.45801
4.36219
4.18646
4.50768
4.67855
4.96145
2.97591
4.39527
4.94947
2.39007
4.41026
2.79146
4.90991
4.41808
4.97705
3.68224
1.49521
2.71844
2.37173
4.96631
4.26273
4.32353
4.13222
4.81388
2.6732
4.85485
4.14947
4.00083
2.59804
4.21214
3.85232
4.65049
3.9134
4.473
3.61678
2.4245
3.00097
1.49233
3.51946
3.83031
3.07499
2.36286
4.65017
4.7546
4.42379
2.8117
4.78751
4.37666
4.29892
3.52461
2.76158
4.55591
4.25706
3.92096
4.49904
3.97733
4.41073
3.41217
2.47738
2.58645
4.59781
1.49654
3.00055
4.67632
4.99532
3.08089
3.90082
2.61118
3.80746
4.29269
3.87571
4.44304
3.56649
4.85447
4.30495
4.44921
4.13386
4.40983
2.96691
4.43698
4.40265
2.65121
1.42215
2.88836
4.06734
2.19404
2.45435
4.86669
3.81499
4.42784
3.6524
4.37927
4.31353
2.89619
2.85172
1.75128
1.3823
4.67977
4.69402
2.47668
4.64586
4.80862
4.27326
4.21705
3.60846
2.71497
2.9941
3.70567
4.18908
4.15016
4.67883
2.81952
2.37104
3.76154
2.81833
2.835
3.98795
4.3088
4.86731
3.41885
4.44486
3.72849
4.7419
4.99758
3.71434
4.51067
4.85661
4.18617
4.85168
4.46023
4.60504
1.54822
3.00515
4.98474
2.60713
2.69451
3.6196
4.54325
3.12433
2.55003
2.9396
4.66026
4.35311
4.27526
4.40298
3.90736
4.44229
4.61531
4.19078
4.939
2.46749
4.21793
4.53901
3.9671
4.06258
4.30864
4.3083
3.76815
4.50632
3.72828
4.83978
4.28753
4.50221
3.99668
4.19487
4.54544
1.68212
3.91043
4.9598
4.18291
3.55677
4.54719
4.37503
2.89308
2.53799
2.62069
4.41636
2.97354
3.71198
2.81402
3.9153
2.95205
4.61063
3.98401
4.17701
4.92294
3.57841
4.36785
4.85472
4.56481
3.52784
4.59435
4.68844
1.57685
2.48539
4.25367
4.83885
4.13954
2.40696
3.35395
2.81705
4.28335
3.87515
4.15831
4.47427
2.35398
3.86262
4.42447
4.88031
3.84806
3.83325
4.53441
4.85472
4.27662
4.9692
4.5204
2.96991
1.44664
2.53788
2.33525
4.43685
4.1755
3.50611
2.7379
4.4286
4.55989
2.41771
4.46117
4.54064
4.47907
3.84238
3.02191
4.59225
3.95119
3.81897
4.34658
4.83452
4.24811
4.9802
4.61241
4.45323
2.98636
2.97489
2.43009
4.31962
4.324
4.9505
3.88998
4.35216
4.37121
4.5104
4.45484
4.27553
4.23052
2.43426
3.69324
2.58527
2.82288
4.47309
3.83965
2.5519
3.11768
3.03267
4.17883
3.86376
2.47286
2.36015
2.40328
2.40961
3.65519
4.31433
4.39466
4.48481
4.70694
2.84732
4.34009
3.76953
4.38304
4.5188
2.98791
3.49233
4.15863
4.42551
4.07529
3.68277
4.23654
4.15189
3.43884
2.69144
4.59057
4.46725
3.12867
3.98432
4.62217
3.04091
4.69479
3.68051
4.75725
4.53696
3.91231
4.4777
4.8271
4.3441
4.48314
3.9189
3.57485
4.90273
2.37442
2.43869
4.20857
2.89793
2.84889
4.75561
4.43715
4.63057
3.43894
4.66535
3.78737
4.17029
4.9537
3.79186
4.6157
4.27249
4.18936
4.52505
4.82586
4.50272
4.96661
3.63701
4.93956
4.91295
4.19583
4.6015
4.73874
4.47886
3.94621
4.36326
4.32291
4.61752
1.53056
1.53548
3.19888
4.2634
2.77096
2.49721
3.91568
4.02316
2.65445
3.15389
2.7313
4.5446
2.33812
4.41609
2.76109
4.19107
4.47423
3.5688
4.58826
4.60283
2.84223
4.86806
4.42654
3.6579
4.97586
4.68501
4.33246
3.44081
2.80048
4.089
4.56353
3.95907
2.56237
4.48099
2.76642
4.29818
3.26918
3.0326
4.1053
4.39637
4.51673
3.65271
4.51185
4.6975
4.76312
3.92372
4.88688
4.42848
4.5653
4.95146
4.36714
4.58666
3.90248
2.48554
2.51851
3.68112
4.31543
2.29167
4.73464
2.91303
4.76085
4.35989
3.6367
4.83628
3.33802
4.45717
2.58396
4.18647
4.48454
4.91164
4.26496
3.58773
2.31009
4.05367
4.10557
4.24138
3.60511
4.74708
4.94697
4.98947
4.52695
3.88344
4.91234
4.94787
4.17841
4.37569
4.52938
2.32408
3.42453
4.74611
2.3952
2.98859
4.38991
4.24716
1.48438
2.45872
2.87488
3.72443
3.82822
3.93696
3.82106
4.64606
2.90315
4.29157
4.94616
3.55869
4.84425
4.22555
4.53853
4.42261
3.4616
4.45221
4.97191
4.86083
2.81823
2.77561
2.43932
2.48131
4.22792
3.8628
2.76556
3.48331
4.5783
4.19716
2.4687
4.20829
2.97156
4.49436
4.25919
3.76542
4.51487
3.76631
4.32246
4.92114
4.14108
3.24342
1.5879
4.41453
1.49851
2.71209
4.41383
4.42515
3.01373
3.64649
2.29627
4.38751
3.96577
4.48815
4.6659
3.93903
2.99096
2.33639
2.98179
4.71276
4.79221
3.94134
4.48761
4.35439
4.97793
4.41816
4.7249
2.59535
4.39299
3.87759
4.34228
4.3473
4.30501
2.9804
4.61183
4.44955
4.36687
2.53623
4.06095
3.69597
4.88938
4.2546
2.88169
3.53701
2.86138
4.61365
2.83788
3.84607
1.67982
4.48048
2.43474
4.30792
4.25173
4.82864
4.39418
4.35941
3.86268
2.96086
4.75983
2.59633
3.75264
3.57898
4.81909
3.8751
2.55704
1.76095
2.99905
1.66307
2.73355
2.68403
2.6793
4.0025
3.08032
4.3897
3.74475
4.58363
4.71141
4.28349
4.40926
4.61333
3.91201
3.02378
4.73283
3.22249
2.65997
4.52592
4.44309
4.01665
4.48732
4.6737
4.38722
3.91714
2.91774
2.84682
4.37923
3.59158
4.22894
4.86903
4.36722
4.88772
3.60547
4.54838
4.52042
3.36701
4.97564
4.65741
2.95045
4.51382
4.66955
4.1988
4.24882
4.89255
4.91715
3.82763
4.03702
4.52022
4.43742
4.37153
4.34043
4.45737
4.25639
3.82103
4.34933
2.48233
2.84795
2.54101
1.48671
3.02393
4.61302
3.94477
3.12769
3.88666
3.87815
2.89121
4.15334
4.901
4.96865
3.45682
4.43851
4.30066
4.66988
3.5695
4.03878
2.98546
1.63176
4.60866
2.63535
4.48634
2.63415
3.92434
4.95528
4.42039
3.64124
4.60304
4.20291
2.63942
4.35174
2.92615
3.93355
4.29989
4.66237
3.9467
4.49073
4.32145
4.96016
4.4135
4.58924
1.49139
2.8778
4.48267
2.44104
4.35428
4.26323
4.88459
3.91684
2.57975
3.84326
4.53285
3.47439
4.07381
4.12936
2.43956
2.93799
4.65036
4.41135
4.1924
4.97923
4.33182
1.4528
2.98056
4.55842
2.76666
2.48035
4.44315
4.27714
4.94949
4.33826
4.12738
3.87435
3.86891
4.62496
4.36276
4.34805
2.9716
2.51039
2.82855
4.3183
2.56598
4.1888
4.15318
4.42877
2.88832
4.98499
4.22947
4.59302
4.83909
3.36924
4.95794
4.8537
2.88787
4.16361
3.04615
2.83797
2.43562
4.38425
4.20927
4.56368
3.3267
1.48685
2.29038
3.60096
4.87746
4.54811
2.34972
3.39821
4.29109
4.06384
4.18266
3.61465
3.71032
4.31815
4.20448
2.40549
3.67323
3.10544
2.70759
4.55021
2.99329
4.36919
3.15441
4.43056
4.62397
4.11214
2.70615
1.44148
4.94631
4.37826
4.68843
4.83598
4.42948
4.33483
3.85264
3.71309
4.39137
4.48001
2.2811
3.54967
4.44509
4.65464
1.54149
4.26495
3.88408
3.79735
4.52029
3.77362
4.87825
2.98373
2.61674
2.96198
3.72179
4.82704
2.46879
4.73913
4.33809
4.25061
4.28818
4.94584
2.81253
4.47851
4.67667
4.92713
4.32417
1.58477
2.65041
3.54331
2.82805
2.44444
2.93037
3.80755
4.40232
1.52958
3.09704
1.45521
4.59111
2.61739
2.56757
4.43738
2.3736
4.34758
3.6718
3.06873
4.57126
4.70594
4.94607
4.68431
3.73373
4.49036
3.75535
4.49055
3.89151
4.25399
4.85801
4.38971
3.36689
4.53818
3.63831
4.5844
3.06108
3.92674
4.60422
4.3353
4.37307
4.9445
2.86668
3.74049
4.46743
1.43407
2.39835
4.52133
4.71122
4.14259
4.26887
3.62799
4.1903
3.87872
3.4841
2.87393
2.50659
4.38313
2.84665
3.71419
2.32914
4.36395
4.85
2.9927
4.54054
2.61719
4.33641
4.30058
4.0052
4.44652
4.30571
4.55194
4.21521
4.22744
4.80328
2.87604
4.01368
4.70768
4.42851
4.40558
1.53021
2.87426
3.53811
2.943
2.50309
4.35451
3.43406
4.92389
4.48729
2.4938
2.46693
2.41309
4.27613
2.7888
2.8406
3.78295
3.70862
4.58261
4.59017
4.5495
3.47113
4.51105
4.66758
4.2361
4.85581
4.07866
4.37028
2.40713
4.6957
2.91437
3.89637
4.47604
4.19161
4.48313
4.19944
4.53053
2.92014
3.45645
4.38909
3.75453
2.46368
4.28131
4.87684
4.23051
3.80714
2.50849
4.43544
4.27171
3.29691
2.54836
4.53188
3.10053
4.38898
4.5732
3.94131
4.33607
4.39996
4.46187
4.70384
3.63613
2.87567
4.33519
3.79753
4.28966
4.31666
4.89123
4.28923
3.92335
4.93694
4.15941
3.75553
4.39218
4.35594
4.42307
4.57738
2.51489
4.61538
3.58949
2.99108
4.70609
4.49886
2.94469
1.48575
2.9093
3.87686
2.35747
2.39048
2.47165
4.18092
4.43025
4.53397
4.24985
2.86928
3.63028
2.84115
4.16059
4.48624
3.67878
1.50352
2.50929
4.31448
4.14783
4.42402
4.76626
4.24751
4.14845
3.70673
2.38563
2.84605
3.31529
4.45723
4.93761
2.43766
1.47504
3.79036
4.35012
2.79727
2.49358
4.23643
4.09711
4.21419
3.85585
4.82695
4.96183
4.20615
3.77777
4.61991
2.77837
3.92357
4.35224
4.87215
4.45444
3.52813
4.66522
3.36527
4.97586
2.95683
3.8135
4.50765
4.5614
4.32177
4.3595
4.97344
3.60763
3.9041
4.57111
4.26021
4.21846
4.99574
4.97632
4.44073
4.64659
4.28689
4.28046
3.75648
2.48449
1.51009
3.03711
4.65445
4.78998
4.44913
1.54888
2.91897
1.53238
2.23939
4.08704
2.42002
4.17751
2.53161
4.81282
3.65183
4.31894
3.70379
3.29441
4.38961
4.41927
4.24264
2.62713
4.46205
3.91807
3.02028
4.39744
4.38287
4.80841
3.75111
4.8983
4.61806
4.7478
3.39813
3.79493
3.63203
4.47816
4.2694
4.3609
4.89449
4.84969
2.98431
1.55117
4.52558
2.57
4.36685
4.924
4.23959
3.86547
4.46696
4.4051
2.43327
3.54162
4.52533
2.5856
3.01468
4.68296
2.90186
2.77253
2.88105
2.43433
4.20934
4.41528
4.28965
4.26263
3.75212
2.92842
4.63883
4.47428
3.89869
4.29073
4.34388
3.94959
4.59754
4.42542
4.3359
1.49351
2.44577
2.37059
4.97011
4.47032
4.19769
4.38291
2.52728
4.19343
3.81206
3.01455
3.67358
4.90444
3.38472
4.61047
4.53241
4.07826
3.54702
4.90044
2.39616
1.4908
3.03123
3.84108
4.37653
4.5437
2.4454
2.9431
4.38378
3.81041
3.92163
4.26332
1.50053
2.82238
2.58195
4.55543
3.55481
2.96739
2.5017
4.28039
4.78672
4.9934
4.29818
2.46066
4.34719
2.95789
3.81209
4.53063
4.49334
4.41301
4.92437
4.26892
4.54969
2.52626
4.18873
4.83019
2.44666
3.94938
4.33949
4.6399
3.64065
4.46184
4.31037
3.50086
2.71827
4.39766
4.43368
4.67078
3.40673
4.29813
4.35424
4.49974
3.03475
4.38369
4.65646
4.56874
4.92099
3.86089
2.51887
4.20843
4.37817
3.93151
1.59737
1.50647
4.84829
3.65862
3.03521
1.56235
2.87487
2.42836
4.10017
4.27139
2.43379
2.39346
4.21571
3.69453
4.97764
4.10939
4.45969
2.71378
3.43753
2.65424
4.69129
2.9895
4.63325
2.55792
4.44391
4.46217
3.84082
4.30196
4.46375
2.32451
2.6042
3.8636
4.62445
3.64354
3.02415
3.94088
4.54756
3.68451
4.54008
2.92518
4.63772
2.47335
4.22063
4.35693
4.08207
4.19393
4.99947
4.80607
3.85198
4.73427
3.86334
3.87135
3.80796
2.8712
4.36155
4.37895
4.73787
4.90954
4.91566
3.54794
4.7092
4.43495
4.46353
3.28328
4.4555
3.81316
4.29253
4.29148
4.96557
4.76168
2.94716
4.66699
4.33918
4.35116
4.92405
4.87502
2.81917
4.37077
4.71323
4.37799
4.31243
2.59721
4.30336
4.3496
3.72365
4.23502
2.57681
2.55089
2.45818
2.78864
4.42484
3.79068
3.81213
2.90135
4.65275
4.21338
4.89262
4.38255
4.1924
4.55502
3.26222
4.58758
4.4428
4.32619
2.54626
3.57004
3.03444
4.71109
3.93119
4.6265
4.33895
4.68249
3.73377
3.0884
4.66458
3.56137
4.43377
4.44152
4.31508
4.10263
4.31381
3.86234
4.46014
4.35953
2.44662
2.38787
3.49038
2.88205
4.54407
4.73835
4.29041
3.90427
4.95162
4.54692
3.66848
4.46171
2.91455
3.54125
4.39738
4.29325
4.17962
4.99999
4.19836
3.75982
4.89251
2.43404
4.34218
4.1319
4.98349
3.79042
4.29865
4.38399
4.64904
4.78115
3.74728
2.58307
2.59055
2.97204
4.65235
2.88017
1.49876
4.45894
4.19769
3.77322
4.90413
4.17958
2.25768
4.70903
2.75577
2.3822
4.38145
4.54221
3.56666
2.85807
4.72871
4.23707
4.42092
3.92916
4.95168
2.60777
1.67318
4.17339
4.98547
4.27121
2.97529
2.56185
2.63896
4.70887
2.45614
3.44603
2.35242
3.50968
1.36108
4.57357
3.59107
2.95973
4.54231
3.46549
2.79743
3.99684
4.0887
3.58173
2.44189
4.16125
4.9996
4.69893
4.88516
4.43839
4.47266
4.2148
4.75686
3.07083
4.63056
4.25621
4.32096
4.25587
3.98693
4.79371
3.96112
4.45918
4.9919
4.87122
2.64809
4.40877
4.76754
4.39676
3.92625
4.82253
3.87588
4.50647
4.94724
3.28393
3.96227
4.30876
3.80647
4.99108
3.06483
4.38016
4.49683
4.39981
3.50219
2.61267
4.76018
4.61019
1.59939
2.53925
2.94904
3.63637
1.53807
2.82769
4.36002
3.88144
3.00874
2.57844
2.57873
2.9671
4.28117
3.98745
4.50814
4.27102
3.97019
3.64867
4.41949
4.13908
4.68822
3.69511
2.92277
4.14647
4.40118
3.72976
4.22006
4.86949
4.35456
4.45004
3.40407
4.93318
4.72043
2.85832
3.90711
4.50942
4.37075
4.58265
4.33376
2.49474
4.41854
4.30097
4.76268
4.17553
4.41205
3.99858
4.30023
4.6222
2.92498
4.35373
3.84085
2.50461
2.47084
4.29245
3.38899
4.46045
2.96282
4.97262
4.62034
3.98789
4.36325
4.58293
4.38176
2.46531
4.35851
4.42699
4.87086
3.85989
2.51135
4.5766
3.0914
4.32287
4.98892
4.53277
3.76923
4.30968
3.12214
1.53324
2.58483
4.39265
4.67599
4.55595
2.49386
3.1126
3.71054
4.50632
4.24477
4.76298
4.47369
2.84279
4.22476
4.9621
4.5294
4.83429
3.49298
3.85169
3.81303
4.5399
4.43279
2.61321
3.4704
2.93992
1.4324
4.08517
2.93773
3.90652
2.44913
4.43495
3.11899
2.57545
4.36624
4.64519
4.32839
4.90515
4.28744
3.6002
2.54505
3.66833
4.63569
1.56082
2.7319
4.6156
3.87402
4.88303
2.93723
2.52475
3.74416
4.30972
4.19767
3.89509
4.20781
4.91978
4.37187
4.30731
3.70236
4.51622
3.75606
4.27104
2.43826
4.97457
4.53137
4.2071
4.91249
4.75451
2.88323
4.70492
4.87412
4.23723
4.55864
4.34983
1.56048
4.34769
3.76207
4.22402
3.909
3.66809
4.86894
2.8298
2.9543
2.44577
2.48339
4.30029
3.07015
4.17499
2.79745
3.56246
2.27107
1.43287
2.72612
2.45561
2.71917
4.17451
4.05291
3.01976
4.51706
4.75159
4.59932
4.2251
2.44147
3.71984
4.96058
3.02532
4.60194
3.71668
4.60943
4.28925
4.99184
4.18231
4.45609
4.61484
4.47122
2.54647
4.34946
3.87574
3.7954
4.53353
4.35339
2.95473
3.38862
4.63908
3.68475
4.34203
4.12432
4.92414
2.65307
4.23018
4.62449
4.19218
3.46651
4.73399
4.45012
3.95647
4.41346
4.45266
4.25702
4.71278
4.24449
4.83124
3.69627
3.48953
2.20642
2.86786
1.57576
4.54455
2.55126
4.35476
2.88398
2.49051
4.68359
3.91199
4.32143
4.98422
4.89381
4.22352
4.041
4.90681
4.57658
4.07229
4.30652
4.6672
4.98571
4.37064
3.05071
4.32018
2.55729
2.52903
4.99541
3.72247
4.7141
3.79008
4.46489
3.4893
4.96937
2.53383
2.86389
4.39944
3.72396
4.66905
4.2157
4.54529
4.91099
4.6282
2.98775
2.53476
1.57236
4.18588
2.38585
4.2556
2.90691
3.65356
2.29611
3.56072
4.5689
1.51244
3.00236
3.79183
4.53898
3.83534
2.61647
4.97414
2.97609
4.27448
4.38485
3.72057
3.55194
4.34882
3.89547
4.08989
4.5493
4.76178
3.39617
2.76338
4.83642
4.30496
4.37868
4.31772
4.62864
3.03638
4.55343
4.56174
2.59573
2.56154
1.40402
2.72967
1.42265
3.79078
3.13063
4.57925
4.24112
3.76737
2.39349
2.97783
2.32055
2.78626
4.48217
3.41636
4.3448
4.33347
3.98964
2.3959
4.29715
2.47462
3.81187
4.93457
4.79959
4.9054
3.67279
4.20146
4.33148
2.74608
2.39991
4.22323
4.31539
3.29408
4.69118
2.85404
4.27878
4.45763
4.27501
3.66331
4.88221
4.96166
4.36493
2.39305
4.40655
3.87684
4.86271
2.90283
4.63575
4.40348
3.99228
4.38915
2.40441
2.43642
4.29042
3.50983
2.94902
4.61913
4.46491
3.79029
4.97158
4.59768
4.29185
4.3999
4.70009
4.26242
4.25496
4.47787
4.28448
4.09771
4.32481
4.8302
3.79571
3.55505
1.61254
2.65401
3.83206
1.42552
3.01249
4.53677
4.93648
2.88815
2.39679
3.87991
4.24714
3.75183
4.27271
3.53872
2.44855
4.64061
4.3146
3.08371
2.409
4.36734
4.28
3.91481
4.95844
2.8551
4.04861
4.40976
4.42922
4.81864
4.49565
3.41863
4.12966
4.38238
4.49766
3.73155
3.05763
4.4078
4.62837
3.82738
4.66887
4.97234
4.5517
4.26957
4.31893
4.99324
4.23269
2.43984
3.73905
4.81672
4.86196
4.39914
4.1594
3.62799
4.69512
3.32134
4.20046
2.75985
4.9984
4.38106
4.31079
2.45783
4.66146
2.84081
4.45864
4.23765
4.49239
3.69858
4.39438
4.59489
2.46413
4.25915
4.9664
4.37458
4.9727
3.96704
2.74082
4.96734
2.88495
4.4634
1.54611
4.11597
4.54396
4.20027
2.72509
4.12254
4.83078
4.15723
3.67462
2.24245
3.40191
4.48348
4.35331
4.44633
4.58533
4.9828
3.12959
4.3224
3.6833
4.48643
4.95274
2.2299
4.26491
4.93178
3.7301
4.62142
3.71185
4.3311
4.84009
3.59238
2.64362
3.03399
4.51917
4.44787
4.7235
3.97831
2.94466
2.92945
4.3183
1.63449
2.68759
3.67479
4.52588
4.9154
3.50775
2.34082
2.54135
1.5166
4.62066
3.85281
3.04694
4.42794
3.82525
3.91202
4.35922
4.28044
2.87132
2.44359
4.97883
4.16673
2.51444
4.99695
4.23991
4.41611
3.78705
3.9474
4.48853
4.4045
4.93207
2.62381
4.42844
4.38928
4.96677
3.01639
4.68262
4.52645
4.2185
2.31125
2.31959
2.50733
2.5324
3.61439
3.87861
2.57827
1.508
4.46698
2.58283
2.78218
2.34315
4.32342
2.89386
3.08598
3.00489
4.55002
4.69713
2.74378
1.43086
3.84969
4.52496
3.69541
4.98263
4.86331
4.25728
4.45145
4.1492
4.09682
2.81623
3.81109
3.81279
4.09565
4.79057
4.32728
3.60859
3.35188
4.44601
4.40137
4.26455
4.58616
4.83072
4.1791
3.55743
3.90122
4.80755
4.1427
4.17457
4.24298
4.5778
4.33947
3.65648
4.05776
2.78483
3.02981
4.42789
3.42374
3.63803
4.90665
4.17884
4.69914
4.4539
4.27816
4.47426
4.36236
4.47205
4.97158
3.92257
4.58271
4.92042
4.96389
3.38516
3.15859
4.81393
4.18944
2.9307
2.35587
1.42716
3.6017
2.49795
2.84783
4.01042
4.90918
3.67719
3.71916
4.32251
4.88645
4.28615
3.5516
3.76797
4.35732
4.97519
2.52594
3.81501
4.28201
4.32872
1.5299
1.62908
4.58577
3.77005
2.28039
3.64892
4.85662
4.30259
2.48054
3.06206
4.95497
3.93766
4.28782
4.23254
4.50841
4.47966
4.9314
3.89465
4.31087
4.89355
4.44943
3.92497
2.40473
3.78114
4.3375
4.51568
3.01791
4.42338
2.68974
4.99757
4.68109
2.48496
3.68288
4.97738
4.30022
4.33433
3.04802
2.62839
4.65751
4.20647
2.92044
4.37549
4.53372
4.756
4.45294
4.52319
4.47369
4.71601
3.20729
4.59713
3.97303
2.65562
4.42051
4.34982
4.10005
4.44771
4.81707
3.62733
4.32577
3.82355
4.16984
2.81903
4.97114
2.57784
1.45996
2.36031
3.43744
2.82233
4.54409
4.35355
2.80693
3.73773
3.01226
4.37853
4.80102
4.20675
4.59204
4.24938
4.3508
2.47441
2.92186
4.55192
4.48126
2.82925
2.62094
4.95353
3.38973
4.35253
4.32928
3.9154
4.29692
4.40831
2.42971
4.94907
3.89529
2.87171
4.31319
4.81088
2.62217
4.39594
4.36463
4.56464
1.51717
1.52819
2.95662
2.48936
3.48902
4.24944
2.5048
4.41825
4.59096
4.94421
3.83518
4.22459
3.74548
3.86588
3.8198
4.31303
4.43886
4.39649
2.95738
2.84453
4.53105
3.03338
3.84666
2.60939
4.35785
4.18296
4.29583
4.55622
3.46568
4.13791
2.39042
2.70697
4.90436
4.15688
4.99472
4.11668
4.41211
2.85194
1.55079
3.556
2.99096
2.5985
2.79826
4.61793
4.37231
2.56431
4.43635
4.0717
4.6591
4.80352
4.34964
4.25764
4.63483
3.96584
3.29997
2.66447
3.73826
4.52784
2.61568
4.39178
3.92347
4.7285
4.427
4.11405
4.63974
2.92562
4.16196
4.94744
4.08052
4.37128
4.08265
2.70164
3.79386
2.4718
4.55877
3.80757
1.49382
2.32617
4.84512
3.42182
4.15737
4.13071
3.66196
4.11629
4.52714
3.90923
4.92541
2.3583
4.86824
4.42655
4.27246
4.34927
1.61838
3.03794
4.45896
3.03922
3.9827
2.76745
4.36818
4.37764
4.74914
4.65063
4.25786
4.21812
3.75676
4.38913
4.61231
2.49143
3.81554
3.76365
2.77573
4.98216
4.96772
2.34815
1.47809
3.00275
3.52484
4.57799
4.51677
4.18837
4.9163
4.01791
2.55058
4.32369
3.77986
2.98452
1.40496
2.90143
3.74598
4.49406
2.30173
4.77184
3.5268
4.34775
4.04439
2.3661
4.31789
4.99905
4.12282
2.90875
3.69675
4.79191
4.95709
4.58936
3.97265
4.40411
4.42031
4.3164
2.53043
4.04183
4.75842
4.67047
2.96433
4.53048
3.98646
2.65306
3.68822
4.3036
4.40497
4.51433
4.72396
2.58495
3.04894
3.79719
2.90058
4.20356
4.41792
4.21603
4.612
4.38719
4.93012
4.52647
3.08435
4.67868
2.54371
4.96575
4.29142
4.33536
4.22631
3.79871
2.98474
2.3332
2.89292
2.50794
2.40992
3.88494
2.53757
2.70652
1.64645
1.41907
3.77293
2.41735
3.57268
2.47748
3.05071
2.92376
2.62043
2.9445
3.91692
3.94404
4.3078
4.39406
4.39219
4.40947
4.51523
4.6306
2.97021
4.57087
4.76296
4.7913
4.84747
3.57853
4.27297
4.28757
3.59719
4.46511
4.34499
4.39068
4.73058
3.91294
4.53373
3.93302
4.37282
4.26733
4.47161
4.65311
4.21149
2.83679
2.83845
3.88784
3.66301
4.35709
4.85227
3.49236
4.21558
3.38811
4.70119
4.34201
4.18506
4.49735
4.06959
3.79511
4.00103
4.98255
4.88726
4.98388
2.82534
2.54883
1.51536
1.4738
2.52694
3.79056
2.97099
2.51679
3.54292
4.57149
4.71111
4.35683
4.91094
4.1399
4.50609
2.89911
4.24487
3.81611
3.825
4.35787
4.46126
3.51402
2.49357
2.46458
4.20156
4.27425
4.94948
4.20713
2.67226
3.7968
4.47937
4.40839
4.47959
1.47673
3.50329
1.57846
2.47784
2.78776
2.49514
2.9021
4.14219
4.83762
2.92034
3.73373
2.42647
4.25893
3.83759
4.27925
4.96854
2.43128
4.36019
4.14617
4.0232
4.52743
4.44274
3.83729
4.27653
4.51406
3.00968
4.98918
4.18777
4.50892
2.34769
3.61222
4.29323
4.39321
3.58286
4.19878
3.82933
4.54898
4.96952
2.88777
4.55156
4.31077
3.74986
1.47701
2.51829
2.32072
3.70013
3.30883
4.25079
2.77503
1.50405
2.91635
2.53732
2.97395
2.60807
2.86678
4.45795
4.3739
3.89789
4.96168
4.93668
4.87082
3.76002
2.81281
3.91418
4.26962
3.97595
4.45819
3.6694
4.95124
4.16448
4.59476
3.36275
4.5155
4.51744
4.81927
4.65059
4.73807
4.24199
4.51695
4.22717
3.82797
4.49527
2.97015
1.64493
4.43703
1.50448
3.69234
4.72659
2.52993
4.49055
4.36875
2.51669
3.53249
2.95024
4.34889
4.61591
2.56503
4.68571
3.11456
4.36233
2.5216
3.73842
3.89747
4.62909
4.75415
3.87807
3.93613
4.55796
4.27061
4.39709
4.29892
4.9804
3.0539
1.57476
2.436
2.70204
3.83613
2.40473
2.49068
3.41561
3.87926
4.27872
3.00536
2.34578
4.19798
4.65936
4.28111
3.77666
4.91342
4.55073
2.48467
2.5192
4.87631
4.39219
4.18896
4.46953
2.73001
4.60057
4.58157
3.85701
2.92498
3.61229
4.38315
4.5498
3.77242
4.30316
4.778
4.4021
3.72643
4.26161
4.62559
4.35871
4.2404
2.65446
3.42196
2.39384
4.82358
4.48462
2.95712
4.7276
4.40534
3.87762
4.58616
3.60799
3.08016
4.46474
3.77959
4.19904
4.28591
4.28084
4.35008
4.93783
4.52596
4.43841
3.89511
4.65995
2.3952
3.86346
4.28126
3.55413
2.94723
2.98459
3.5324
4.59252
4.48361
4.69049
4.67165
4.32782
4.14562
2.44638
4.8697
3.67477
4.13545
4.18392
4.48239
4.61831
2.96726
2.78768
4.97915
4.0648
4.97431
2.33928
4.54698
2.50836
3.82829
3.40011
2.93423
4.27799
4.28083
4.81599
3.74001
2.85433
4.46599
3.81415
4.3912
2.46228
4.64778
4.4127
2.90864
1.4987
3.77754
4.4274
2.69549
4.34924
2.56265
4.31192
3.85493
3.54186
4.5934
2.65867
3.89901
4.97464
4.36389
4.11893
4.1871
4.16712
1.39554
4.60548
3.03795
3.70586
4.35873
2.48416
4.4133
4.62131
4.99255
4.18506
1.64263
2.39588
2.42883
1.40876
2.84429
4.52641
4.23892
3.59953
2.95752
3.71411
4.38238
4.7483
4.19269
4.90167
4.22229
4.324
4.49604
3.04774
2.94166
4.66004
3.73301
4.50943
3.84756
2.44961
4.36685
4.28793
2.43165
4.56133
2.53373
3.0367
4.15378
3.83273
3.55454
4.46119
2.50845
4.23022
2.93844
4.82757
4.84866
4.88616
4.44224
3.92794
2.84806
2.99383
3.68597
4.8503
4.3786
4.30589
4.17414
3.4107
4.19723
4.55625
4.58037
3.59176
4.83842
4.83968
4.51176
3.61458
2.99333
3.94007
4.79895
4.59256
4.52359
4.36916
4.29567
4.80461
4.2427
4.94763
2.78693
2.87358
2.42593
4.29616
4.6356
3.42922
4.1823
3.53645
4.61094
4.62266
4.947
3.72009
4.30334
3.8122
4.93174
4.07528
2.9576
2.48946
3.55266
4.35412
4.97128
4.31304
4.26068
2.38404
4.60471
1.58657
3.84651
2.8113
4.549
3.01383
4.32201
3.01823
2.61003
4.48509
4.36534
2.96223
3.38193
4.2317
1.50546
3.82629
2.57043
4.17268
3.92743
2.44305
4.33091
2.48721
4.82307
4.29998
3.78819
4.51802
4.49565
2.84521
4.29051
4.67289
4.84141
4.16887
4.31567
4.8928
4.65701
4.8745
2.56814
4.97781
2.50409
3.61479
4.29919
3.00701
4.61271
3.86608
3.66469
4.58045
4.30129
2.55723
1.4694
2.87352
3.76298
4.37176
2.47324
1.52812
1.61501
2.72095
4.71996
4.05018
4.83011
4.42561
2.94988
3.10527
4.98823
4.17054
4.17317
4.52681
4.9024
3.5841
4.33816
4.90504
4.73007
4.64403
3.45917
4.65689
4.76605
4.44812
4.45015
4.54821
4.02416
4.31166
4.92292
4.2478
3.68841
4.5177
1.47604
4.39795
4.75879
3.85585
2.49506
4.39222
4.41231
2.56424
2.43272
3.71083
4.60467
4.46189
3.08358
2.46957
2.93164
4.64583
4.50604
3.80257
3.00616
4.5051
4.62807
4.07511
4.36669
4.43157
4.48697
4.44762
1.61293
3.92579
4.42139
3.9696
2.81783
3.71004
4.72579
4.60305
4.32105
4.33305
4.29733
2.51284
4.97283
3.89018
4.77342
3.79272
4.34012
2.89312
4.22596
4.81133
2.57386
4.42546
4.58104
4.89445
4.34639
4.4207
2.4118
3.47645
3.03308
3.98083
4.58229
4.39135
2.41821
4.33401
3.7944
4.48213
3.87457
4.40706
4.596
2.91197
2.9712
4.61059
4.26106
4.97225
2.42431
2.19174
4.28816
3.44922
2.8582
4.13088
4.44189
4.9723
4.27641
4.29475
4.27682
4.53138
4.54931
1.4461
3.78309
3.9435
4.38816
4.36109
2.41485
4.02708
4.33718
4.61417
3.71444
2.49565
4.28184
3.90622
4.84958
2.96868
2.54412
2.39751
3.08315
4.46365
4.42787
4.61136
3.89426
4.25307
4.26264
4.30496
3.66253
4.28802
4.35849
4.80973
3.69142
4.75365
4.58397
2.97973
3.86803
4.33323
4.59345
2.8807
4.56734
3.62008
4.42874
3.84381
4.72578
4.36358
4.34164
4.18867
3.51339
2.44884
4.18039
4.44859
4.96386
3.78887
2.84232
2.72083
4.54943
4.61972
4.60251
3.54554
4.65071
3.66126
4.20449
4.79458
4.24917
2.55435
4.299
4.49363
4.68012
3.88665
4.96392
2.50594
1.58367
2.35535
1.62124
2.60604
3.52278
3.02911
2.55468
4.37179
4.41666
3.89358
4.65965
4.43583
4.9714
4.24489
4.3745
2.57682
4.57174
3.72973
3.0542
2.9901
3.83387
4.55762
3.49689
4.53195
4.57451
4.57186
4.44965
4.92374
4.4463
4.33629
4.51393
3.90083
4.84378
2.52409
2.53603
4.28546
2.44713
4.18135
4.36367
3.78842
4.46521
2.85612
4.44967
4.23834
3.88794
4.46895
3.57953
4.49297
2.76651
4.27511
4.25003
4.2605
4.22366
4.63679
3.84743
3.05771
2.46915
1.5838
2.47922
4.41647
3.97436
3.62526
4.3815
4.68627
4.48104
2.69377
3.76344
4.26234
4.96103
3.98044
4.33353
4.34534
3.59702
2.62098
4.6736
2.63876
4.39834
1.47384
4.63897
2.91521
3.98887
3.16012
1.50761
2.97432
2.52405
4.71926
3.52154
3.87701
4.35262
2.96453
2.68375
4.3213
4.58263
4.24816
4.2065
4.05964
4.73025
3.64716
4.40507
4.38663
4.89877
2.52716
3.72857
4.37624
4.50194
4.86435
4.61888
4.41356
2.722
4.89876
4.34136
4.98745
4.37072
2.29994
2.40817
3.47385
4.26884
4.59632
2.88976
3.90058
4.54706
4.42034
4.92175
4.02602
1.38583
2.64144
4.04944
4.69434
3.69256
1.57719
4.71251
3.97277
4.52419
2.54126
4.48517
3.07304
3.9501
4.50387
3.05755
4.71593
4.16906
4.30442
2.65282
2.70983
4.42805
3.04053
3.62513
4.60223
4.42875
4.79394
4.98827
3.94083
2.89123
4.33812
4.31375
4.28666
4.13238
4.4248
3.73268
4.85629
2.45453
1.48393
2.88185
2.92094
3.69743
2.87943
4.22644
4.80214
2.31017
4.08328
4.40215
4.90403
4.27215
2.84776
3.32946
4.52013
2.32968
4.29844
4.16424
4.5301
4.38214
4.50847
4.55119
3.87719
3.65153
4.35918
2.47448
4.20662
3.83104
4.39885
2.81333
4.27426
4.43561
2.23937
4.8603
2.80386
2.60501
4.27457
4.56072
4.53695
3.32968
4.32352
4.36412
4.48439
3.68779
3.85968
2.76551
1.66786
4.39661
2.40341
4.64405
4.19953
2.90303
3.52076
3.72968
4.28212
4.93786
4.68409
3.44589
4.7632
4.38614
4.33318
3.05364
4.29897
4.75306
2.51038
3.58485
2.62897
4.35872
2.59927
3.87436
3.85079
2.88005
3.83736
4.30916
4.61169
4.78433
4.505
2.68376
2.99486
3.76688
1.53784
4.56675
3.81024
4.34287
3.93097
3.5437
2.57431
4.99026
2.50606
4.474
4.35626
4.45792
3.05366
4.69897
4.8345
1.60947
3.05367
4.35669
4.54872
2.66702
4.31413
4.18138
3.10028
1.69739
2.92269
2.4923
2.95869
3.79026
4.59642
4.32759
4.26939
4.6187
4.15983
4.24977
4.50387
2.88437
1.4997
3.98025
3.93419
2.31985
4.22887
4.31498
2.56548
2.44475
2.345
2.77241
4.41224
4.1937
3.40515
2.95692
3.63187
4.08107
4.29755
4.96918
4.87365
3.95421
4.03395
3.81084
3.06961
4.31216
4.41366
4.18267
4.88138
4.34877
3.388
4.51603
4.76232
4.36803
3.42675
3.8059
3.73764
4.58893
4.17718
4.36772
4.16724
4.35379
4.75938
2.67263
3.22886
4.56544
4.58266
4.85599
4.29418
3.84936
4.91123
4.40174
4.16948
4.86088
2.53625
2.80094
4.36322
2.83987
4.42954
4.72281
4.17967
3.83364
3.04473
4.34027
4.63287
3.73813
4.41058
4.53286
4.09525
4.82894
4.4583
3.71308
4.91988
4.99401
4.16606
4.41911
2.42767
3.4725
4.25208
2.89634
4.48576
4.65494
3.90991
3.80804
4.73883
4.45508
2.99692
3.54116
4.34205
4.42634
4.13525
4.15444
4.42556
4.88432
4.37171
3.90339
4.76878
1.66705
4.49479
2.65844
4.4494
3.97437
2.65418
2.69824
4.60516
4.55604
4.08572
3.08758
4.57371
3.67923
4.43599
4.66843
3.55589
4.55159
3.80175
3.9426
4.38131
3.01742
2.50584
4.54643
4.98921
4.80717
2.38824
4.28111
4.41827
4.32035
4.3138
2.90541
4.62201
3.87156
1.36795
2.68666
4.57625
2.92972
4.18988
3.81635
2.46229
1.42678
2.4664
3.44587
3.00698
2.39878
4.74956
4.43533
4.68187
3.40694
4.36612
4.45122
4.82279
4.28107
4.36662
3.90856
3.10675
3.87578
4.5374
4.72207
4.32252
4.96667
3.06274
1.46677
2.94409
4.42955
4.37602
2.43767
4.62705
4.36765
3.04465
1.58546
3.01752
4.32514
4.20806
2.59351
4.33193
2.48923
3.78719
4.89908
4.3307
3.93866
2.82475
3.36826
4.41985
2.91337
4.30238
4.41458
4.4017
4.72719
2.47758
2.88576
4.90232
4.69023
3.91065
4.42661
4.38798
4.94381
2.45016
4.26131
4.35118
3.95083
2.35982
3.85435
4.46695
3.52683
2.69878
4.52916
3.85275
3.78531
4.36247
4.2508
4.10023
4.71079
3.64223
4.18667
2.36588
4.18647
4.17322
4.42979
4.98471
4.81248
3.65328
2.62671
3.1053
1.47842
3.07798
2.41739
2.52981
4.33766
3.79255
4.23707
3.00464
4.82285
4.35355
4.57548
4.22266
4.95654
4.37079
2.53199
3.49767
2.72731
4.9161
4.46286
1.53434
2.98326
3.90432
4.48337
2.49821
4.83834
2.86045
4.20193
3.86982
4.41661
4.32679
3.77726
4.16919
4.54623
2.33744
4.43271
4.10934
4.63822
4.77162
4.22468
2.75964
4.84685
4.87688
2.54144
4.34169
4.33699
4.97206
3.43891
3.75007
4.26522
4.39169
3.65085
4.53982
3.74826
4.35014
4.16274
3.74878
4.22844
4.72811
4.7826
4.59618
2.85229
4.20636
4.48411
2.50632
3.93656
4.6398
1.48902
4.37646
3.90041
4.4791
3.89552
4.28155
4.64847
4.23109
3.71012
2.50521
4.91324
2.53056
3.34007
2.9884
2.98558
4.29921
4.65565
4.41134
2.52508
2.88099
4.2682
2.51015
3.85883
4.72429
3.98126
4.55784
1.54211
2.51861
4.34253
3.80787
4.76251
4.60172
4.373
3.44892
2.96012
4.6196
4.45
2.88786
4.39062
4.27098
3.0108
2.41101
3.52499
2.53116
4.90773
2.52098
3.03335
2.9411
2.75391
4.2938
4.60318
4.0197
4.3458
4.83738
2.38798
4.99226
4.45705
1.47936
4.4597
3.78123
4.37182
3.78122
4.23112
4.16046
3.74455
4.24801
1.60432
3.00657
1.58177
4.2909
4.41235
2.47992
4.97813
3.70575
4.89718
2.90845
4.44491
2.98867
3.43032
3.71936
2.92133
4.21261
4.26923
3.73174
2.39352
4.32598
3.53538
4.24333
2.50787
4.17019
4.12126
4.94073
4.58877
2.91651
4.64125
4.38065
4.58733
4.33186
3.79324
4.91893
3.44369
2.51513
4.34749
4.17988
3.88195
3.00704
4.35067
4.56148
4.40696
3.83704
4.4208
4.90432
4.43565
4.60412
4.91208
2.46348
2.52255
4.26361
3.43457
2.96588
4.55605
4.66001
3.73003
4.73709
4.3622
4.33565
4.91277
4.26695
3.78133
4.32532
1.47341
4.17631
3.70335
3.61065
4.08482
3.59268
2.83598
2.778
2.33071
4.31056
4.74321
2.79604
2.44431
2.72325
3.41617
4.16843
1.54649
2.46757
4.95501
4.12
4.65394
4.32744
4.08946
2.49106
3.11955
4.51464
3.72826
4.48709
4.37842
4.83577
4.56989
4.11611
4.37996
2.42085
4.95184
3.92905
3.72836
4.60496
4.17209
3.02448
4.35949
2.68134
4.39113
4.38932
4.66231
4.22168
4.08469
2.65572
3.62808
2.93794
4.61174
4.39686
4.39274
3.92774
4.67269
4.88163
4.25925
4.26922
3.87151
2.65337
2.6354
3.85903
3.34688
1.5079
4.12301
2.32241
3.75139
2.47389
4.21336
2.57501
2.82656
2.34584
2.35576
2.77271
4.08898
2.8012
2.29875
1.43096
3.75657
4.25074
4.97965
4.99965
4.66597
3.81922
2.97166
4.53337
2.6272
3.72341
3.48511
4.91515
4.09169
4.13037
3.5653
4.95111
4.77347
4.99318
4.44342
4.3815
4.36506
2.88653
3.92312
3.76117
4.46291
4.18663
4.30352
4.4264
4.00845
4.79059
2.93844
3.00358
4.35426
3.82722
4.54019
3.59333
3.50494
4.87232
4.31177
4.87072
4.53264
4.30011
4.13485
4.61138
4.19329
3.73494
4.92735
4.95771
4.85999
4.99509
3.64061
1.47061
4.24212
1.58331
3.33892
2.52462
2.89795
2.54339
4.94582
4.5655
3.88384
3.62119
2.88254
4.97423
3.83249
4.2973
3.93586
3.81255
2.92994
3.06181
4.49875
2.41057
3.64607
4.2226
3.00661
2.54267
3.78265
4.36276
4.2522
4.45032
4.87274
1.39556
3.70487
4.38169
3.79875
4.2284
2.36864
3.73514
4.04047
3.03482
2.89467
4.28551
4.55593
4.20755
4.2195
4.77155
4.61586
2.4448
3.35438
4.24167
2.81206
4.82719
4.2729
2.43343
4.90045
4.44983
4.34862
4.41923
4.59965
4.56645
4.97105
4.57747
3.6835
2.51078
4.85539
4.15199
3.76528
4.42007
4.21001
4.55147
4.19278
3.03252
4.77852
4.24473
2.55153
3.39754
2.59864
2.88733
4.97399
3.59148
4.62557
4.25709
2.89042
4.6502
4.92929
4.7393
2.88073
3.77211
1.4915
2.72563
2.50128
3.54983
4.25314
3.87724
4.29054
4.40501
4.62119
2.90181
4.94312
2.43357
3.78577
4.52497
2.95839
4.36579
2.51735
3.84521
4.29042
4.35671
4.70303
4.48212
4.32267
4.25894
4.37251
3.76334
2.98161
1.60991
3.8168
2.91051
2.63765
3.54734
4.20162
2.33954
4.54341
4.9521
4.3197
3.55966
4.15072
3.88983
2.80504
2.3599
4.89663
4.07845
4.16483
4.1273
4.48539
4.36012
2.45356
2.66169
2.90752
2.42008
2.82984
4.22063
4.66765
3.45609
4.17914
4.94163
4.9465
4.24169
2.41044
3.53114
4.57112
2.78155
3.12149
3.61456
2.58036
3.82225
4.1764
1.56766
2.43256
3.81687
4.96732
4.37948
4.0646
2.46429
4.9061
4.29315
4.46369
4.4283
4.61579
3.07551
4.30481
3.77102
4.74455
2.65682
4.70713
4.51306
3.96971
4.55304
3.93726
4.54463
2.92645
2.87928
4.55406
3.70571
2.48589
3.70867
3.91113
4.21435
1.5087
4.9828
4.25113
4.64509
3.28694
3.6301
4.27086
4.25132
3.66188
2.37266
4.56402
4.7272
1.78098
3.90516
4.96103
2.74256
2.59163
4.60333
4.21073
3.15041
4.314
2.87362
2.84315
2.38293
2.35574
2.77393
2.259
2.39105
2.4918
1.40772
4.34688
4.10715
3.68782
2.52014
1.60108
2.3614
2.88551
4.49256
2.57101
2.96883
2.76463
3.54979
3.80423
3.68204
3.01112
3.73565
4.3381
4.25123
4.74073
3.42808
4.68247
4.28197
4.2532
4.5576
3.64235
3.71538
4.13925
4.6679
4.37683
4.34831
4.20483
3.99156
3.80707
3.74183
3.11449
4.63165
4.88906
3.50373
4.32104
3.43836
4.55913
4.19375
4.3485
4.63426
4.41247
3.77443
4.95219
4.86541
4.90019
2.79076
1.39767
2.42721
1.58337
3.84915
3.13633
2.5385
2.85631
3.72156
2.28552
3.73461
2.43112
2.78191
2.50196
4.9511
4.63061
4.85801
4.33543
2.55802
2.58374
4.35212
3.27583
4.31836
4.59054
4.42316
2.89584
4.77967
3.86918
3.73742
3.08877
4.41043
4.78715
3.90748
4.37095
2.29694
4.99229
4.09823
4.89506
3.64903
4.07824
4.18018
4.42061
4.33521
4.33865
3.68965
4.14924
4.46682
4.71515
2.79834
4.45429
4.65877
3.74147
3.41285
4.48198
2.87817
4.16315
3.77589
4.25842
4.1873
4.22505
4.83934
3.96894
4.53268
2.42985
1.44879
2.23477
3.37994
4.3078
2.8207
3.68182
3.60877
2.86368
4.11006
4.46134
4.95186
4.57676
4.6176
1.36383
3.56415
4.43026
4.99353
3.98251
4.93702
2.33038
3.81549
3.59226
4.47636
2.44896
2.96291
4.27826
4.93341
4.11126
3.68958
2.83354
4.32569
4.59204
3.14624
4.56846
2.70631
4.81378
4.3663
4.59523
3.75884
4.52266
3.74019
4.43062
4.37775
4.43941
4.52864
4.19609
4.83844
2.47951
3.77593
3.52251
4.3988
4.69823
2.40263
3.99686
4.474
1.59393
3.9898
2.86728
4.34366
2.52028
4.58893
4.43915
4.17797
1.5805
2.32328
4.16458
3.53538
2.79214
2.58459
4.0476
1.46324
2.45428
1.38786
2.30081
2.84973
4.29126
3.72287
2.90079
3.70865
2.72037
3.77712
4.34548
4.25872
3.46203
4.80198
4.15287
4.2282
4.71524
4.50069
3.67971
4.6865
4.88781
4.30011
2.85455
4.50525
4.03695
4.43414
4.23386
4.17729
3.75891
4.1114
4.70118
4.5379
2.86609
4.61212
2.53818
4.37513
2.54833
3.00127
4.35229
3.60866
4.71198
2.55959
4.33352
4.60844
4.28753
2.97989
2.63431
3.8652
3.84874
4.47037
4.51237
3.87642
3.89251
4.26883
4.30438
4.96204
4.50565
4.34495
2.76031
4.42455
4.6264
3.42785
3.98716
2.43703
2.93215
2.36312
3.68088
4.29053
4.20145
2.44472
4.20078
4.16868
4.95046
4.5547
4.4004
3.6913
4.43466
4.63421
3.05071
3.59831
4.86775
3.16872
3.45843
4.60136
2.62643
3.93058
4.86523
2.95856
4.58003
4.38397
3.72542
4.25696
4.7651
4.22483
4.10727
4.41668
4.53728
3.48132
4.32019
2.93685
3.85752
4.63995
4.67046
1.48246
2.55305
2.90866
3.04271
3.65444
1.5459
4.6265
4.34705
3.81445
2.61681
3.11339
2.46978
4.20091
4.39123
4.50904
2.49413
4.35879
4.95335
4.54356
4.01335
2.91574
4.40241
4.0274
4.50288
2.40855
2.62
1.48364
4.27596
4.17745
3.6452
4.1561
2.82233
3.29653
2.85114
4.22033
3.8655
1.47975
1.53179
2.91831
4.30417
4.51333
2.48239
4.4878
4.46506
2.47839
3.13987
4.48871
4.61341
2.57528
3.91564
3.76021
4.71271
3.92896
4.43675
2.56963
3.00277
4.85285
3.69207
4.77219
4.93937
4.89182
4.60893
3.06154
4.98845
3.91335
4.46879
4.22968
4.2392
3.58277
4.12619
4.48325
4.48212
3.45057
4.87851
4.95683
3.67085
4.6383
4.58518
4.44272
4.29827
4.47458
4.25841
4.92808
4.23024
4.99133
2.46966
1.51278
4.82399
4.90671
3.85682
4.13066
3.73635
3.40963
2.79967
2.64772
1.61059
4.57035
4.17337
4.98816
2.52637
4.61086
4.24558
4.44373
3.84485
3.59838
2.56303
3.07479
4.64227
3.74508
4.35717
2.36513
4.52919
4.94131
4.44713
3.66617
4.23838
4.63674
3.11458
4.31921
4.19962
4.3535
4.60692
2.92273
3.01143
3.91202
4.41773
4.98154
2.47714
2.57032
3.64336
4.40697
2.92728
4.28351
4.61393
4.97199
4.44929
2.96591
4.74031
3.79287
4.68947
4.18226
2.4756
4.20282
4.12905
3.89587
1.57621
4.36791
2.37466
4.5934
4.25512
3.07208
2.43405
1.53403
2.79441
2.33706
4.48966
3.9216
2.90343
2.97521
3.70927
2.87493
4.41536
4.46242
4.94862
3.33965
4.41669
4.43508
4.42985
4.72868
3.71454
4.78608
4.62288
4.31206
4.05988
4.82288
4.79036
4.35453
4.91819
4.15139
4.24479
3.71359
4.59855
2.97323
1.54744
1.42166
3.80058
3.64024
2.54382
4.36607
2.30088
2.52
4.50568
4.29509
3.4025
2.75062
4.30601
2.26654
2.85913
4.01266
4.37097
4.28264
4.5852
3.8643
3.47624
4.25768
3.9481
4.78352
4.3055
4.21935
4.84065
4.54017
3.64754
4.15838
3.74196
2.51129
2.71913
2.40123
4.20536
2.83538
4.2086
4.92258
2.47018
2.32545
2.55727
4.0674
3.489
4.68077
4.41091
3.76752
2.9905
4.4702
3.9125
4.78887
4.38031
4.70189
3.03233
3.67948
4.76803
4.83255
4.13214
3.6739
4.73166
4.50061
4.3253
4.47121
4.31213
2.53657
4.79692
2.59209
4.96569
4.30759
3.92941
2.8696
2.99536
4.47763
4.67572
4.60806
3.47988
4.54117
3.76393
4.34317
4.2663
4.38295
4.30833
4.76681
4.49738
3.80532
3.28194
1.7163
3.55686
2.96095
2.5403
2.92036
4.43082
4.57588
4.98365
1.48821
3.84329
2.41885
4.30197
2.46047
4.20933
3.28844
4.75072
4.36937
4.94745
3.75094
4.07164
3.69442
2.95693
2.87634
4.32498
4.58701
4.38309
4.1347
4.84874
3.78335
2.87759
2.30893
3.92288
4.33358
4.30222
4.18935
4.42474
3.03459
2.63525
4.51356
3.97466
4.38911
4.4493
3.54275
4.65308
4.98327
3.84554
2.55425
1.49209
2.79387
4.55451
3.99457
3.04166
2.53942
4.40587
4.34889
4.61489
4.4871
4.37394
4.64014
3.69078
2.33124
1.36968
1.53691
3.41125
4.92052
2.86685
4.54702
4.45925
2.65494
2.72658
2.45589
4.25966
4.05145
2.33004
4.67852
3.41332
4.93824
4.32986
4.03784
2.77027
4.40248
4.72884
4.91796
3.993
4.85367
4.54423
4.49037
4.49406
2.65485
4.21098
4.7987
4.41625
4.52069
4.53149
4.5267
4.78603
1.74066
2.89028
4.89795
2.79175
3.86139
2.54813
4.19458
4.30993
4.28292
4.47686
3.7371
2.3534
3.03
4.76261
4.4401
4.9125
3.62546
3.19563
4.59045
3.6579
2.60607
4.00857
4.2844
4.17753
3.88294
2.82402
2.30264
2.82019
3.50059
4.1696
4.93735
4.21444
4.8598
2.40109
4.26826
3.90747
4.45598
2.87743
4.45644
4.22429
4.64513
4.87655
2.45752
3.55167
4.64885
4.38062
4.36194
3.89806
3.71183
4.35821
4.39517
2.43564
2.82527
4.38156
4.65511
2.47887
4.42886
4.89917
4.57361
1.57073
3.88942
2.906
2.50111
4.51862
2.88488
4.33126
2.872
2.95254
4.58293
3.52563
3.68981
2.35425
1.56663
4.90247
2.59096
3.46379
4.15764
4.34176
4.56584
4.25144
2.55997
4.31449
2.95599
3.79661
3.81291
4.65993
4.3245
4.72043
1.41583
2.32073
3.77812
4.9492
3.54889
1.42542
2.8972
4.56501
2.73373
2.81274
4.29618
2.3147
2.43078
4.0971
4.76084
3.3583
2.86034
4.46452
4.06902
4.32285
4.81503
4.95937
3.71521
4.98151
4.70553
4.46149
4.0647
4.35933
4.51623
4.03204
2.38107
4.55503
4.33682
4.29722
4.67724
4.30417
1.37481
4.64754
4.6172
4.28205
2.59925
4.60002
4.31499
4.31462
4.94059
3.61456
3.04864
2.59085
4.7249
4.5238
3.7496
3.01109
3.89084
4.67043
4.14236
2.51497
4.31019
4.79038
3.92189
4.35879
1.46435
2.59026
4.28538
3.11234
2.42895
4.24909
3.49317
4.22071
2.33151
2.59192
3.96187
2.99189
2.86612
3.80921
4.56449
4.46185
3.5262
4.66886
4.4328
4.22733
4.01927
4.15882
4.86181
4.35574
4.60966
4.99423
3.57353
4.73609
4.93693
4.46288
4.42168
2.29292
3.78814
3.72961
4.64623
2.8077
4.20129
4.43004
3.7251
4.67947
4.42748
3.43043
2.89709
4.29478
4.25689
4.18381
4.9883
4.18789
4.85476
4.24735
4.40654
3.75201
4.94188
1.55559
2.88945
2.57268
2.82142
4.58533
4.65036
4.3999
4.34233
1.47449
1.60029
2.74711
2.63566
2.52898
2.50234
4.25424
4.36628
4.57951
4.33144
2.99328
3.48926
2.94457
4.29513
4.51681
4.45721
4.94897
4.98571
4.69894
4.9836
4.82067
3.8636
3.88545
3.77383
2.80389
2.99551
4.31314
4.27667
4.21068
4.93007
4.21558
4.85852
3.5319
4.61527
4.488
3.51498
3.89221
3.82646
3.84737
4.63243
4.47606
4.38854
4.30634
4.23003
4.32014
4.92659
2.46251
2.97334
4.2802
4.2107
4.26136
3.37498
4.23856
2.40004
2.5486
3.07051
4.02757
3.83609
2.8748
4.47844
4.51436
4.3328
4.47168
3.48364
4.56702
4.25764
4.24951
4.94273
4.53945
3.76657
4.32685
2.47607
2.42383
4.25858
2.51241
4.15931
4.88796
2.8827
4.61877
3.74417
3.774
4.47954
4.15906
4.6251
2.79689
3.51677
4.62432
4.33938
4.90701
4.2098
4.39369
4.92495
4.11993
3.86061
4.37892
2.84672
4.77642
2.52133
4.27958
3.38224
2.33363
2.93841
3.88144
4.40631
1.37937
4.97237
2.85334
4.76885
4.15378
3.65375
2.36879
3.36966
3.58885
4.39642
4.09834
4.72721
4.57151
3.01714
4.64848
4.48
3.35554
4.7603
4.95516
4.01409
4.08471
4.54183
4.4338
2.66083
3.48391
2.3669
4.34132
4.1628
2.944
3.77954
4.63463
3.79243
4.32201
3.13503
1.52018
2.59588
3.64646
4.20709
4.58351
4.76679
2.23794
4.73637
2.74231
4.00081
4.49037
3.56549
2.36008
1.6288
4.65454
2.60756
2.91508
4.52451
3.92642
2.79413
2.58012
4.93683
4.32509
4.22256
4.15688
3.01447
4.97914
4.55084
3.86691
1.69595
4.56325
2.90874
4.46361
2.50802
4.07218
4.41444
3.8688
3.54259
4.68796
2.65181
4.14072
4.026
4.99395
4.04688
4.14617
2.41698
4.97963
4.97145
1.54194
3.78969
3.68189
4.18027
4.05252
4.36567
4.64416
3.73117
4.56301
1.57199
2.74325
4.29936
2.33771
4.2947
4.90434
4.1744
3.80046
2.58106
3.80531
3.40247
4.47735
4.62658
2.86554
4.31205
3.70963
2.77816
4.34572
2.39752
4.31646
4.30067
4.7499
4.82832
2.48844
3.3995
2.44324
4.61643
1.454
2.91167
3.71223
4.57795
4.9161
2.85723
2.56719
4.28306
3.73743
4.14231
3.79878
4.23206
4.16124
4.15767
4.39131
4.62719
4.6394
4.38002
2.71163
4.93958
3.59144
4.37299
4.31969
4.1664
3.83809
4.55596
4.37495
3.87497
2.30214
4.43215
3.79093
4.5993
4.33589
3.83734
4.27121
4.29794
3.60342
4.99519
4.99132
4.60844
2.92384
4.38727
4.61374
4.389
4.35139
4.29353
2.65384
3.00243
4.57239
3.81762
4.36382
1.42277
2.57003
3.80458
2.52463
3.81339
4.89069
4.58264
4.23091
4.98442
4.50798
4.64396
4.30045
2.72955
4.20512
4.88119
2.47551
3.24689
4.80579
3.99747
4.30798
2.79777
2.96195
4.6944
3.78717
3.7547
2.45262
3.73682
4.21348
1.51954
4.85956
4.27349
4.4819
2.46336
4.87028
4.59131
3.88564
4.31984
3.81949
3.42859
3.62908
2.60835
3.39132
2.50914
4.28849
4.38339
4.42744
4.42488
4.57537
1.55365
3.87048
2.94843
4.45255
2.83459
2.61877
4.63577
4.32129
2.9398
2.67333
4.63571
4.32364
4.32968
2.86899
3.06743
4.12331
4.52488
1.68329
4.33062
3.94098
2.68163
2.61832
4.65857
3.94786
4.37602
4.8701
4.70788
4.41113
4.24168
2.64123
4.22493
4.22835
4.88059
3.39047
4.18872
2.82331
2.85261
3.85399
4.51604
3.87858
4.89879
4.37286
1.69205
2.48768
4.36491
3.99603
2.56819
4.71579
3.30937
4.84742
4.25342
3.74641
3.72954
4.18562
3.63925
2.40083
3.50615
4.35046
4.22125
4.30253
1.45813
4.59055
4.51025
3.82741
3.10042
2.96923
3.03599
2.48122
4.30631
4.90451
4.6548
4.38216
4.204
2.60103
4.07206
4.39224
4.91043
2.78877
4.46366
3.88829
1.58024
2.84413
1.50061
4.42586
2.33109
4.13767
3.65095
4.85311
2.85284
2.56106
2.3511
4.47604
2.69996
3.26911
4.86147
4.34798
3.8926
4.36618
4.39793
4.4029
4.42304
4.70474
3.85045
2.95195
4.42243
4.69604
3.46271
4.41706
4.39138
4.43402
4.90978
4.18138
4.37693
4.15946
3.75453
2.83441
4.57576
4.55938
4.9845
3.67189
4.27654
4.88423
2.39271
3.41639
4.42644
4.63039
2.78939
3.9527
4.57065
1.42179
2.65316
3.09645
3.53001
1.61731
2.62248
3.05387
4.30096
4.22122
3.86118
2.81961
2.43111
4.07121
4.20095
4.96721
4.40932
3.87538
4.16451
4.70051
4.66819
4.36775
4.55622
4.54028
3.74852
4.31311
4.51486
2.93473
2.3727
4.31898
4.42695
4.42811
3.47683
4.02628
4.44174
4.99066
2.92099
4.46113
4.79763
3.86207
2.20051
4.64781
4.7096
1.67638
4.04706
3.09586
2.81002
2.6981
4.72804
4.32498
2.94589
4.37983
3.14192
3.68964
2.51188
3.8237
1.4227
2.44585
4.27359
4.36162
4.81758
3.88412
4.85177
4.69829
4.36839
4.292
2.49968
4.19038
4.30268
3.91245
4.55176
4.31657
2.74248
3.96905
4.58062
4.94249
4.92274
4.76451
4.17924
4.48709
3.36511
2.82673
4.81368
3.56099
3.69278
4.32528
4.22832
4.51938
3.67034
3.7409
2.95672
4.23733
4.90266
4.43169
3.88614
4.18899
2.40854
2.93702
1.53986
2.58724
2.90441
4.35695
4.84157
4.23011
4.41838
2.65472
4.87841
4.6492
3.77427
3.86525
4.34863
4.29816
4.98072
2.51241
3.62525
4.34297
4.46649
3.97285
3.78394
2.99244
1.5693
4.33989
3.08141
4.00941
2.45765
4.61322
4.55783
4.39459
2.49225
3.61104
4.44849
4.31594
2.36612
3.65415
4.92465
4.6658
2.69518
4.50545
1.46364
2.7471
4.26889
4.63579
4.19788
4.02604
4.90773
2.70018
2.50256
2.43052
1.71959
2.89538
1.54898
2.86144
4.75032
2.90545
3.82458
3.53555
3.87041
2.48324
4.55942
4.34439
2.83884
2.47991
4.88366
4.51644
4.16945
4.18754
4.32486
4.9408
4.17247
3.72904
4.92698
4.64662
4.63984
4.22037
4.82331
2.43058
4.27044
3.79101
4.51584
4.90153
4.5173
4.4593
4.17067
2.83915
2.55758
2.51319
4.29704
4.93243
4.54678
3.61224
4.53046
2.97688
3.86806
4.58987
4.37208
4.09373
3.03163
1.73036
2.90435
1.40254
4.4131
3.77345
4.52745
4.20454
3.81804
2.51261
4.9177
2.80826
2.34984
4.16279
2.78559
4.44394
3.38841
4.15818
3.92396
4.98576
2.50044
4.24668
4.92995
4.51376
4.36488
4.2965
3.38782
2.60704
4.26896
4.57863
3.84184
3.01002
4.34783
4.51644
4.58434
4.97539
4.25839
4.24035
2.39882
4.21113
3.44732
3.78623
2.83187
4.58396
4.58488
3.66398
4.41584
4.89285
3.6269
2.47459
2.59065
3.50008
2.24229
2.33563
4.91472
2.70653
4.35534
2.86537
4.11569
4.48641
2.33961
1.54744
3.63892
4.27922
4.10934
3.60837
4.60659
4.25897
4.19828
3.92396
4.95451
4.98113
4.29033
4.10629
3.86252
3.86183
4.70793
4.9654
4.35922
4.25604
2.86941
2.77782
3.91015
4.67521
4.58058
4.62322
3.48672
3.49389
4.94963
4.83527
4.92641
4.15361
4.59496
4.42435
2.36398
2.61473
4.89499
4.07321
4.34763
3.39106
3.67604
2.22618
1.44815
3.97887
3.56482
2.37159
2.85479
4.54548
2.54129
4.23646
2.80743
4.63625
4.66821
3.9358
3.21833
4.30711
3.95907
4.82244
4.73256
4.39413
4.96635
4.07447
2.6126
4.2109
4.90427
4.67594
4.15855
4.79172
3.96806
3.64386
3.15468
4.43746
4.83714
4.94348
4.82591
4.68696
3.81961
3.29747
4.29852
4.66709
4.36759
4.13448
3.45493
4.28032
2.33133
4.19325
4.26905
2.81951
2.48739
1.46594
3.40048
2.87803
2.31252
2.79081
4.26822
4.81424
3.61645
4.1509
4.38343
4.18981
4.75181
4.99997
4.88035
4.35789
4.2288
1.54303
4.26815
4.38449
4.86245
4.20958
4.27558
3.75878
2.39406
2.85927
1.46866
4.60578
3.87825
4.61729
3.89045
2.97775
4.68676
2.3453
2.56101
3.51653
4.34021
4.36793
4.57225
4.28405
3.96551
4.18421
2.95726
2.64882
4.44536
4.20029
2.56106
4.32866
3.79112
4.33537
2.90062
4.84922
2.47884
1.51065
2.90225
2.39985
3.50695
2.87496
4.99774
4.36798
4.2784
2.82887
4.50883
4.82912
4.27252
4.56699
4.76037
3.86465
4.44311
4.39059
2.84697
4.43368
4.22098
4.22617
4.85055
4.41218
2.53684
3.82977
4.18506
3.79946
4.48675
1.50505
3.97447
3.71652
4.58807
2.87549
2.4956
2.37235
3.57591
4.34546
4.44404
4.27729
2.42649
3.10185
4.22995
4.55412
4.88363
3.82756
2.55086
2.60559
3.36799
1.50925
4.34389
3.72317
2.31507
3.72413
2.55237
3.06284
2.90507
4.3125
2.3444
2.72814
3.64908
4.62104
4.4162
4.22249
3.94187
4.74697
4.54638
4.96272
4.41961
4.62484
4.20385
3.95623
4.8519
4.25503
4.18524
4.90408
3.79693
4.76999
4.5059
4.98552
4.97116
4.93381
3.49342
3.53255
4.83041
4.21136
4.75699
4.55879
4.28066
3.36976
4.24142
1.46011
3.52618
2.70002
2.49013
2.90025
2.31165
2.8078
4.37362
4.87849
4.1274
3.55052
4.68605
4.61005
4.45403
4.99285
4.24658
4.08089
4.78735
3.12614
4.03883
4.34281
4.22337
4.40748
4.99989
4.10382
4.44673
4.82799
2.47341
3.75771
4.50004
4.81216
4.03483
2.77147
1.42182
2.92945
4.6351
3.81304
2.40909
4.27496
4.27425
2.68905
3.61064
4.53123
4.29202
3.12287
4.91331
3.74977
4.6308
2.65061
4.30712
2.80086
3.73022
4.16857
2.47783
1.58775
1.47345
3.50092
2.42741
2.81443
4.37164
4.63316
4.19341
4.53595
4.34858
4.33379
4.30504
2.59464
3.92756
4.46871
2.97202
4.49579
4.75677
4.30757
4.29987
4.55599
4.41695
3.02511
3.87418
4.57311
3.76969
4.59987
2.37484
4.27144
4.34916
2.50214
3.5707
4.23128
2.41718
2.95006
4.52894
4.98936
4.25343
3.83777
2.93113
2.5797
2.90099
2.33198
2.88722
2.58445
3.76532
3.79665
2.60514
2.47681
1.59122
4.38734
4.24987
4.26111
3.67317
4.6962
4.78114
4.8413
4.98245
4.25208
4.90022
4.33102
4.69429
4.40082
4.79819
4.18339
2.69153
3.07955
4.53132
4.04632
4.56448
4.37574
4.94495
4.87706
4.99887
3.56025
4.17427
3.39242
4.65918
4.20077
3.03847
2.35048
1.5283
2.52628
1.47846
2.40275
3.36555
3.83118
2.78843
2.28513
4.30352
4.67642
4.43967
4.3967
4.39803
3.68819
4.23597
3.97087
4.97405
4.24228
4.15209
2.41566
4.40552
4.19399
4.32428
4.94975
4.99767
3.68404
4.57523
4.44167
3.05171
4.56591
4.34041
3.83146
3.64438
4.24175
4.83597
2.99388
1.58502
2.49364
1.54933
2.56188
3.81185
3.63429
4.35034
2.92859
4.28238
3.98747
2.80467
4.263
4.95275
4.19888
4.11893
4.23717
4.23896
4.80242
3.68106
4.13417
2.42231
2.76143
4.87457
4.35059
4.83961
4.11856
2.80454
4.7702
2.9531
4.7703
3.78289
4.31607
2.87248
3.76133
4.52316
4.08576
2.36687
4.20028
4.41189
4.96789
2.44793
3.92174
3.34433
2.8399
4.37179
4.48184
2.43322
2.70625
2.40897
1.37021
2.33188
4.15451
2.95835
3.69614
2.31642
4.41084
4.43122
4.29983
3.90051
2.39998
4.90294
3.71113
4.13564
4.1809
4.42695
2.37136
3.65113
4.38695
4.33131
4.88078
4.85048
4.29154
3.59509
4.67644
2.948
4.49693
4.53617
4.3857
3.75301
4.3399
4.42849
3.48908
2.91761
1.5198
2.37893
3.67494
4.36515
4.20997
3.3123
2.63142
3.83708
4.74684
4.38574
4.4438
4.74481
4.40504
4.92966
3.95813
4.90747
4.31361
4.2459
4.46498
4.4204
4.29371
4.3697
3.95002
4.33344
2.6421
2.81327
2.89517
3.89867
4.44708
4.7289
2.93818
4.13591
4.25951
4.94773
2.67327
4.33388
2.45522
3.05128
4.3281
3.74384
3.7905
4.61754
2.44587
2.87961
4.22041
4.60598
4.47511
3.37468
4.883
4.88999
4.40127
3.87898
3.45046
4.13086
4.03162
4.29205
4.63428
4.61076
4.26623
3.73855
4.90185
2.9521
4.47865
3.47132
4.4137
4.56683
4.30904
3.78926
4.96124
2.95976
4.35864
2.42672
4.86323
2.50492
4.32888
4.18078
2.5402
4.15094
4.30892
2.44514
4.26567
3.59345
2.88628
3.76978
2.96101
3.79168
4.58578
4.69095
4.21602
1.50225
2.53916
2.88045
2.38906
3.03437
3.48517
1.37621
1.41305
2.88644
2.56845
2.50231
1.44759
4.57909
4.98547
4.98377
4.78247
3.62636
4.70441
4.44018
4.36927
3.97845
2.7505
3.09945
4.19242
4.06245
4.37554
4.22855
4.30651
4.36163
4.36619
3.40347
4.69164
4.24133
4.61962
4.44888
4.66131
3.51422
2.4079
2.78807
2.81421
2.2775
4.54321
4.20241
4.0481
4.43448
4.31377
4.1262
4.24382
3.82518
4.96146
4.2593
4.2301
3.39954
2.50828
4.43801
4.86271
4.89017
4.25748
2.87608
4.48595
3.72304
4.59215
3.84083
4.65876
4.45333
2.75873
3.61467
4.26189
4.62918
2.86048
1.48887
2.42137
3.88315
4.39103
4.88254
4.34398
4.38171
4.5646
4.59429
4.53189
3.02561
4.42297
4.04212
2.64485
3.70456
4.53565
4.84776
3.93228
2.96658
4.70796
4.23082
4.5731
3.46495
2.57298
4.29789
4.30238
4.97602
4.30234
2.48488
4.50028
4.3777
2.72617
3.82526
3.90355
1.54779
4.61228
3.01379
2.84621
1.4454
2.53701
3.53739
3.92891
4.27736
2.89952
2.53635
4.58953
2.52128
1.69287
4.2774
4.43804
2.82855
2.95251
3.90684
4.58456
4.27108
4.29634
4.27682
2.42114
4.26695
3.81353
4.50329
4.37739
4.3716
4.93398
1.59381
1.59359
3.0097
4.48644
4.47728
3.8569
4.12327
2.57597
4.33991
4.2243
2.52157
2.30547
3.93208
3.57131
4.54779
4.11373
2.9251
1.51333
4.28408
4.31157
4.00688
4.28508
4.33297
3.91206
3.12313
4.73959
4.72515
4.5728
4.40477
4.40659
2.61219
4.51692
3.83047
4.98626
2.97475
3.08833
4.70741
2.91402
4.79407
4.11334
4.40941
2.40542
4.36525
2.49298
2.36806
3.89782
4.56908
4.50842
3.44667
3.02053
4.65738
4.3585
4.85332
4.50687
4.5943
3.92453
4.51183
4.71199
3.98675
4.09443
2.73784
4.06313
2.72559
4.56661
4.30318
4.39355
4.0243
3.75644
3.06241
2.80565
4.44284
4.39679
4.82288
4.51194
3.68296
4.40071
3.91513
2.62826
4.60894
4.65197
1.83142
2.31134
2.93128
2.90739
3.58988
1.47635
4.43251
2.68978
4.05445
3.07695
3.99599
2.54996
2.86424
4.2875
4.42613
4.61295
3.93235
2.61094
3.43176
4.14451
2.51544
4.57863
4.89158
4.64219
4.98736
3.04236
3.85022
4.97944
4.61305
4.33386
4.64787
4.68481
4.20206
4.89204
2.54569
3.58493
4.99036
4.94202
4.22358
4.49396
4.2674
2.4669
4.17025
4.30549
4.04613
3.72109
2.44268
3.09327
4.00938
4.68953
4.55768
4.3921
2.60189
2.99536
1.42996
4.57745
4.40642
4.4046
4.4021
2.51031
2.73455
2.64192
4.61935
2.57885
3.923
4.34843
3.85327
4.57224
4.93601
3.67554
4.5882
1.54576
2.92778
4.50327
2.45013
3.81868
4.84541
2.87248
3.83436
4.30799
4.12595
3.80719
3.55954
4.9944
4.4346
4.20698
4.26957
4.62527
2.94934
4.25795
4.72577
2.53325
1.53535
3.03548
4.43384
4.87161
2.92237
3.86955
2.65466
1.62362
2.50567
3.5338
2.91736
4.67921
3.63866
3.78395
4.2299
2.96323
2.50748
4.44581
4.99865
4.51632
4.64776
4.26487
4.21046
4.51783
2.95235
4.73711
4.41208
4.44873
4.86068
3.85801
4.17194
2.43947
3.52063
2.36473
4.40534
2.90801
3.93967
4.59713
4.45159
4.98076
4.61268
4.99656
4.34272
4.36844
4.31263
3.85299
1.66037
2.90489
4.57786
4.30792
3.79949
2.95508
2.48444
3.99199
4.38248
4.45683
4.03485
1.44992
3.17322
3.61349
4.89411
3.14314
2.62716
4.58164
2.48656
3.48532
4.49568
2.55291
2.978
3.79119
4.83479
4.59303
4.70237
4.35991
3.56709
3.49667
4.28301
2.60997
4.6141
2.89889
4.66795
4.47548
4.63861
4.02539
4.79246
4.34716
4.52841
4.33734
4.25524
3.83073
4.60777
1.5682
4.31472
3.72278
3.83537
4.48644
3.8428
4.91236
2.39744
2.93989
2.53934
3.00487
2.57445
3.12693
4.68895
3.52225
2.62575
2.51981
1.45703
3.36341
3.69625
4.41438
4.23363
4.4062
3.15578
4.67547
3.99083
4.46673
4.5701
4.66157
4.2767
2.90539
4.5522
4.54323
4.2378
3.81511
4.9657
4.48246
2.5691
4.926
4.54523
4.33634
4.59616
4.31375
4.03599
2.57843
3.34897
3.71557
2.35808
2.45238
1.60936
4.27969
2.54884
2.90827
2.90344
2.51441
4.33304
2.28191
2.49739
2.82309
4.4966
2.58521
1.46876
3.91878
3.99072
4.43398
3.84222
4.49816
3.99076
4.12341
4.53265
2.81363
3.47434
4.98117
4.14304
4.40386
3.55045
4.42824
4.61371
4.52261
4.27571
2.89643
4.56282
4.59305
2.78197
2.99138
3.46801
4.99665
4.42581
3.53182
4.9672
4.34627
4.7681
4.34298
4.61181
4.46047
4.52022
3.89196
4.95758
4.37285
2.85974
2.57875
2.71206
1.50799
3.58336
3.72842
3.08
4.02559
4.49448
3.33616
4.52606
3.92118
3.85263
4.54447
4.65204
1.73094
3.21266
4.51021
2.60156
3.40344
4.50344
4.40447
2.64585
3.01214
4.89161
4.54776
4.41881
4.38307
3.73269
4.66061
2.98632
2.37845
3.48734
4.34956
2.54226
4.33452
2.96216
4.93051
4.90162
4.3524
4.71166
4.78882
2.84588
4.81948
3.88595
4.45825
3.8918
2.47736
4.84169
4.42132
4.5639
4.08297
3.83467
2.89349
2.32217
2.38802
2.95458
2.6146
4.17023
3.7682
1.43821
2.3926
2.37737
4.03928
2.36537
1.40854
2.60985
4.19744
2.63019
2.82542
2.92406
2.3872
2.97273
4.60179
4.5026
4.56705
3.15823
3.85437
3.61036
4.77566
3.49023
4.07368
4.22403
3.62462
4.57383
4.43344
4.48697
4.22039
3.69685
3.76407
4.76559
3.54597
4.32696
4.90952
3.4925
4.53592
4.28102
4.15477
4.4078
4.77137
4.11506
3.81981
3.80916
4.3838
4.91885
4.98859
2.64012
1.63123
2.24529
1.53367
4.17643
3.44273
4.52458
4.48543
3.68489
3.98325
2.53421
3.05082
4.07771
4.13361
4.93645
4.13059
2.34689
2.37776
4.20275
4.37613
4.50224
3.7813
2.83765
4.15783
4.53735
4.71166
4.99186
4.86992
4.43153
4.1883
2.49132
4.6151
4.5616
2.88788
3.88365
1.62017
3.58248
1.46268
3.04883
2.66275
2.93976
4.62042
4.33098
3.01873
2.79279
4.12719
2.66711
4.80201
3.46165
3.51824
4.38109
2.51659
4.25449
4.62269
3.79759
2.97656
4.74664
3.80227
4.30836
2.41369
1.59853
2.36359
2.57277
1.68746
1.54688
2.4874
2.67719
3.92451
3.39608
2.70037
4.2912
4.30362
2.70773
4.50302
3.9511
4.21756
2.94243
3.88555
2.92965
1.90232
3.06699
4.28107
2.69922
4.33672
2.66279
3.62283
4.60279
2.67464
3.06848
4.41684
4.36742
4.73701
2.94596
2.6175
3.8942
4.56771
4.53817
2.97569
3.70382
4.33349
4.38432
3.70959
4.14634
4.09062
4.67101
3.39317
4.60416
4.96139
4.89961
3.95951
4.57086
4.95364
3.91408
4.76683
4.50357
4.56969
4.39611
4.39072
4.37373
1.51179
2.68761
4.39736
3.95524
2.9539
3.53734
4.33764
2.20835
2.51257
1.40883
2.50757
4.27841
2.67128
3.7299
4.64605
4.30601
4.58908
3.66422
4.96253
3.19138
3.26923
2.61702
4.06148
4.1263
3.08523
4.87991
4.52868
4.51193
4.4503
3.81103
4.76975
4.92622
4.49659
3.72637
4.49408
1.47026
2.53672
4.51345
2.54155
4.6381
2.69382
3.57361
3.24315
4.37244
4.32367
4.52485
2.51024
3.10063
4.40686
4.16848
2.65237
4.1968
4.83377
4.03639
3.64164
4.05699
4.11285
4.84738
4.54602
4.56773
2.9162
3.20746
2.72568
2.74667
3.20438
4.13679
2.56787
3.0915
2.48061
3.96165
4.05737
2.52218
4.48374
4.69474
4.81855
4.42477
4.12339
2.49573
2.83822
4.56334
3.3572
4.49929
4.26908
3.09513
4.47272
4.04356
4.661
3.04018
3.61371
4.33411
4.02216
4.45216
4.01505
3.71107
2.34099
4.76837
4.94684
2.64176
4.41331
3.6891
2.76477
4.372
3.45212
4.98022
4.99377
3.74517
4.29195
4.46073
4.21181
4.09571
4.32069
4.19686
4.64352
4.9199
3.76325
4.58249
4.90576
4.89661
4.90863
3.75401
2.92375
4.33291
3.49909
4.86769
4.48194
3.03264
3.68166
4.44265
4.96667
2.75355
2.70791
4.9817
2.76055
1.31218
4.52687
4.30412
4.86504
2.41696
4.10636
4.35448
2.42277
3.69316
3.47078
3.59744
4.11935
4.89045
3.90082
4.31946
2.47312
4.57687
2.40061
4.42207
3.98016
3.47793
4.44101
4.10334
1.69564
4.58586
2.9056
2.86804
4.31743
2.51852
4.42398
4.25817
4.54423
4.79426
1.50708
2.88909
2.42581
3.59085
4.83033
4.23609
4.49373
3.58898
2.96241
3.89941
4.93976
4.49298
4.75173
4.14963
2.76071
2.56906
4.92593
4.30912
4.27599
4.48037
3.94086
3.40993
4.5851
3.6808
2.4518
2.74562
2.94849
2.90784
1.45415
2.52877
4.22423
2.46868
3.33369
3.7468
4.26302
4.25431
4.90881
4.32406
4.7622
3.83719
4.62329
4.95996
2.83776
2.47777
4.1138
4.16527
4.93682
4.34796
4.23302
2.5194
2.90646
3.11287
4.98898
4.5466
4.25367
4.63391
3.48051
4.4303
3.48124
4.32741
4.35267
4.96435
3.613
2.78624
2.43454
4.61308
4.51912
1.61949
3.77855
2.96253
2.89216
4.22204
3.07499
2.57381
4.56467
2.80311
3.53168
2.35605
1.5006
2.32786
3.95016
4.30961
4.32675
2.53337
3.88841
4.58049
2.95305
4.4465
4.3127
4.57114
4.31939
4.32665
4.13667
3.51944
3.00972
3.71465
3.74779
4.70536
4.84282
4.18898
4.6406
1.51718
1.50836
4.38385
2.84898
2.41521
3.97142
3.86905
2.39328
3.52381
2.57212
2.80721
2.48364
4.30892
4.38433
2.82158
2.52473
4.19287
4.57607
4.59039
3.9693
2.99274
4.53676
4.0114
4.39108
3.44545
2.89404
4.2778
4.65223
4.30028
4.9283
2.50243
4.35696
3.78806
2.93781
2.9984
4.50097
3.52089
4.56881
4.55334
4.62117
3.79572
4.30385
4.49211
4.29544
4.96579
4.26794
4.41527
4.86965
4.69354
3.81711
4.92371
2.43907
4.19088
2.39193
2.8779
4.54507
2.54579
1.58889
3.01334
1.66222
2.52424
3.83206
4.18013
2.87951
3.80444
4.32018
4.39382
4.93034
3.60507
4.38836
4.35126
4.61456
4.45554
3.47846
4.49029
2.91851
3.72786
1.42252
4.67991
2.38339
2.48239
2.5631
4.18386
2.88429
3.4416
4.35554
4.29999
2.487
4.11934
2.89905
4.33105
4.23675
3.87773
2.93372
4.75449
3.89174
3.73735
4.45467
4.39041
4.86336
4.33901
4.24636
4.12952
3.68938
4.94934
4.97403
3.75062
4.41605
2.82043
3.11428
1.63039
3.95671
4.77272
3.25021
1.79567
4.62163
2.66484
4.45646
4.58697
4.81819
3.10854
2.68837
4.08926
3.7519
3.09095
4.34313
2.3867
2.61577
2.91779
4.32156
3.59429
4.18734
4.54681
4.98903
4.83916
4.71564
4.35678
4.61832
4.09961
4.64274
4.99599
4.6352
2.65215
4.48749
3.9826
4.65568
2.57068
2.78333
3.67388
3.49633
2.67805
3.88035
1.68578
3.00374
4.5581
1.50504
2.49176
4.31514
2.43159
4.38859
3.81809
4.48987
3.994
4.68262
4.98857
4.9985
3.78532
4.39437
2.96013
4.87245
1.52262
2.47446
4.33453
4.26988
4.29654
3.99022
3.76017
4.61281
2.71668
3.99426
4.74835
3.86868
2.92707
4.5357
3.03439
3.03171
2.67674
4.38138
4.49884
4.35512
4.82657
1.602
2.86833
2.36778
1.33026
1.48375
2.84629
2.56489
3.93647
3.81184
3.75691
4.91519
1.59405
2.43519
2.51248
2.57018
2.38759
4.51747
3.55259
3.06195
4.57136
4.31901
4.23952
2.78996
4.58178
4.2389
3.64571
3.56119
3.16386
3.98617
4.17863
4.95347
4.53811
4.5277
3.25767
4.34508
3.96491
4.98861
3.71438
3.20385
2.66853
3.96211
3.78114
4.27274
4.80704
4.23516
4.25769
4.52519
4.47188
4.75966
4.87413
1.80146
3.80009
2.24084
2.47481
3.56449
2.97389
4.24493
4.23585
4.87495
4.22562
4.37766
3.72793
4.93745
2.36003
3.71836
2.92213
2.75727
3.82258
4.6127
4.56884
3.6063
4.6816
4.51499
4.18767
4.85186
4.37691
4.89683
4.13885
2.51695
4.56253
3.87116
3.00044
3.88475
4.62323
4.57428
4.44893
3.15016
3.80092
4.79047
4.5528
4.29058
2.55827
4.18589
4.17905
4.32612
4.53541
3.86255
3.90773
3.06458
4.82121
3.75156
4.61674
4.58403
3.70526
4.77454
3.05561
4.42457
2.53287
2.44934
4.4908
4.38541
3.04472
3.40802
4.6326
4.99536
2.69603
3.00249
4.43554
2.46198
4.36313
4.23765
4.81918
4.86126
2.65538
3.02987
3.50144
4.72531
4.66085
1.59496
3.69421
4.47437
4.50257
3.87082
4.31272
2.3347
4.24538
4.08189
3.866
4.85195
1.74366
3.01144
3.03032
3.73161
4.61715
3.77477
2.93849
2.50052
4.34499
4.32284
2.54224
4.3729
4.63526
3.56116
2.91258
4.48061
1.48445
3.7467
4.40942
2.77289
4.70784
2.32145
4.31924
4.46855
4.91085
4.58138
4.18625
2.48736
3.29641
2.88912
4.9425
4.83719
4.5967
1.54703
3.89736
3.69697
4.39557
2.53998
4.34426
4.15377
4.22336
4.91225
3.67757
2.55812
2.69459
3.06942
4.86887
4.22441
4.24439
4.95905
4.98626
4.5109
4.29473
2.34024
2.89969
3.80721
3.6469
3.06289
4.58385
4.63182
4.33362
4.71473
3.53535
4.52253
2.6124
4.3774
2.41523
3.4448
2.9399
3.90335
4.01896
4.47461
4.3936
4.62291
3.04518
4.55801
3.67354
4.63085
4.36251
4.21281
2.63827
4.89344
4.5048
4.32536
4.11634
4.74377
2.56617
1.78045
4.98269
4.37566
4.32637
2.41607
2.55992
2.97365
1.50685
2.97665
1.56307
4.72896
4.47837
2.92455
2.53633
4.29895
3.74707
3.93171
2.52601
3.57999
4.5185
4.29142
2.85957
4.37563
4.26982
4.38344
4.48211
3.8821
2.87842
4.32557
4.81755
4.40654
2.44887
4.17517
3.68024
2.45147
4.36111
4.9168
2.56763
3.45406
3.98146
3.02451
4.54426
4.48489
3.77929
4.18476
4.90428
1.4798
4.3908
4.39508
3.58591
4.38906
4.66715
3.93123
2.97236
4.42144
4.64329
4.53572
3.63953
4.2555
4.24225
4.80232
2.5682
2.88082
1.4556
3.05467
4.54716
4.5232
2.45169
2.78043
4.18661
3.78372
1.4514
3.69935
2.45272
4.25137
3.18262
2.69722
2.43049
4.10349
2.48629
3.66365
4.47739
4.93514
2.30529
4.16155
3.9744
2.8765
3.65088
4.60109
4.54419
4.21663
4.78691
4.39049
3.15691
4.44796
4.05756
4.58023
2.77026
4.5452
2.76807
4.59344
4.1528
4.16456
4.95124
3.67818
4.72034
4.5606
3.79358
4.24301
2.34461
4.29029
3.70002
4.16206
4.80373
2.49473
4.95702
3.83837
4.27479
3.32097
1.5167
3.75543
4.87277
3.04719
3.29601
2.91415
4.63025
2.68505
4.30856
4.51029
4.65675
2.41463
3.49944
4.80996
2.4353
2.59591
4.50778
4.62272
1.43483
3.68358
4.16478
3.82091
4.24452
3.81958
4.97644
2.43858
2.83586
4.31744
2.9219
4.42407
3.94226
3.86952
4.97679
4.39128
4.74199
3.49106
4.2697
4.18815
2.9909
4.55686
4.52193
4.36857
2.42783
2.43334
2.8283
2.71288
2.92802
4.57177
4.25443
4.18736
4.99833
4.12565
4.91647
2.54287
2.45205
2.96794
4.49886
4.47766
3.07611
4.28612
2.9477
4.32303
3.45916
2.31706
3.35702
2.36389
4.78447
4.94444
2.4426
4.48275
1.49293
4.45643
3.82951
4.54404
3.72705
4.41835
3.64954
4.29522
4.21541
2.47712
4.08857
2.17185
4.38939
2.99445
4.08321
4.65434
4.67655
4.66781
1.50668
2.90311
2.5046
2.85918
3.49214
1.63124
4.38297
2.55968
3.80523
3.01438
4.93154
4.9327
4.35802
4.994
2.30855
4.54001
4.37415
2.4862
4.36755
4.11319
3.85253
4.59687
2.83553
3.86685
4.35121
4.92181
4.3874
4.40229
2.51647
1.47545
4.51824
2.97512
3.85892
2.89831
1.5965
3.02726
3.51866
3.88575
2.54707
4.49992
2.78229
2.35734
4.27282
4.58932
4.12979
4.8505
4.97016
4.26344
4.69932
2.59193
3.51566
4.33782
4.27779
2.73823
4.27668
4.93991
4.39229
4.57882
3.12269
3.99804
4.54254
3.92684
4.37873
4.07624
4.39634
4.27407
4.54067
1.43018
3.82786
2.93745
2.79565
2.79273
2.34664
4.44683
4.20073
2.74604
4.66053
3.54662
2.60843
3.82334
4.40826
1.55236
4.61611
4.77716
2.64514
3.66909
4.33858
4.29595
4.86298
4.14073
2.65134
4.48812
3.26632
4.36762
3.89623
3.94251
4.99468
4.48438
4.88815
2.39443
4.64568
3.05208
2.85183
3.79317
3.76744
4.10822
1.40589
2.44153
3.64484
4.88282
4.1153
4.53169
4.31279
4.38882
3.6712
4.39899
3.01138
2.99252
3.74623
4.20568
1.45904
3.93314
2.56362
3.65808
4.99466
4.62542
4.43404
3.44873
2.47007
4.33622
3.613
2.30136
3.42446
2.37225
4.66159
4.44384
1.61431
3.7633
4.91251
2.77603
4.13265
3.01744
4.13888
2.61367
2.42259
4.22286
3.76329
4.34882
4.61704
3.2025
3.79941
1.52325
2.81297
3.24196
1.50763
2.48753
2.66741
4.60475
4.30096
2.40147
3.03809
4.37932
3.87835
4.684
4.49247
4.88841
4.6466
3.67693
2.76982
4.39694
4.29129
2.32882
4.23117
4.31559
2.26684
4.88352
3.27465
4.92021
4.6487
3.87521
2.68921
3.7984
4.74299
4.2862
4.16803
4.74942
4.4434
3.87173
2.95491
3.74542
4.8874
4.69407
4.3388
3.78768
4.3371
2.47139
1.48137
2.47604
2.99455
4.96641
4.23851
2.61494
3.86462
2.95633
1.43452
3.70222
2.50301
4.54001
3.91213
4.0984
3.00482
4.59914
4.32289
4.89298
4.3946
3.30155
2.51448
3.52115
4.58025
2.96824
1.48093
2.82092
4.65465
4.15354
4.49886
2.39925
4.82435
3.06223
4.26015
3.80263
1.53119
2.93031
1.49362
3.03002
4.64652
3.15181
3.08569
2.63041
4.62115
3.58867
3.80808
3.88309
2.46031
4.41282
4.93905
4.69437
4.22224
4.2274
4.74529
2.42158
3.79751
4.56369
4.53335
4.69815
3.0925
4.41021
4.36777
4.21237
2.53126
3.51414
2.56292
4.31689
4.41544
3.55906
4.70347
3.01596
3.83354
4.64087
3.81291
4.47736
3.48906
2.49347
2.58665
3.51926
2.57429
4.99842
2.60922
2.93549
4.31955
2.94699
4.21135
2.50727
1.46595
3.86676
4.35546
3.75732
4.44147
3.78774
3.78622
4.81844
4.95045
4.31668
4.44289
3.8441
4.45447
3.85681
2.95267
3.04215
4.49535
3.89217
4.58403
3.64491
3.62262
4.92077
4.29884
4.48852
4.28779
2.53156
2.50444
4.97351
4.39085
3.43523
2.42193
1.5192
4.21654
3.74359
2.39
4.32584
2.88398
2.97686
4.23799
4.53239
2.47464
4.48531
4.52813
4.97934
4.28856
4.45538
2.9938
4.54947
3.06544
3.77733
3.77449
3.74083
2.998
4.59644
3.74031
4.98824
3.45637
4.87495
4.28093
4.93446
4.18306
4.63925
3.65896
4.50667
2.7878
4.52005
2.74436
1.78329
3.65107
3.06185
2.56529
4.398
2.93897
4.04271
4.52444
3.81479
4.28039
2.63577
4.11397
4.18473
4.67379
4.27861
4.94929
2.45473
3.73186
4.22053
3.88172
3.66638
1.47417
4.57472
1.50916
3.02299
4.73302
4.5007
2.86321
2.46751
2.44243
3.4909
4.51723
4.36426
4.6526
4.48659
2.46789
3.05699
4.97308
3.90645
4.29686
4.31499
4.43358
4.23007
2.51028
2.94858
4.99786
3.86021
4.25191
2.60482
1.63917
2.96158
3.46243
2.87394
2.48607
3.89851
4.50798
4.19577
4.34605
4.86316
2.45293
4.2524
3.83237
4.96432
4.1177
2.90465
3.72625
4.7612
1.47556
4.73529
1.5203
2.83586
4.56055
2.58739
2.54239
3.41026
4.33635
4.07345
2.37553
4.39422
2.73783
3.69025
4.36199
4.95851
4.28109
2.35992
3.66037
2.55994
3.80068
2.66259
1.64547
4.3272
2.29046
2.8837
2.87493
2.56183
2.73687
4.51505
3.92022
4.40923
4.97734
4.36455
2.88606
4.11135
3.8641
4.49402
4.57356
4.9329
3.60401
4.92559
4.26674
3.63414
4.51739
4.61452
4.37342
2.62792
3.01575
2.46024
1.49007
3.54614
3.35249
2.86465
3.78334
4.26909
4.36437
4.67012
4.94207
4.26062
4.56837
1.3732
2.92943
4.05432
1.95704
2.91487
4.61433
4.08046
2.79881
4.44791
4.49892
2.51906
3.48047
4.76116
4.40994
2.70389
4.02077
4.12822
2.95066
4.95425
2.38956
2.80819
2.59391
2.94147
2.52145
4.28098
3.83612
1.45877
2.41478
3.78895
2.4736
4.70147
4.31566
4.88473
4.26853
2.98768
4.72102
2.97894
3.68258
4.54653
4.96768
3.43725
4.23597
3.59526
4.52374
4.45217
1.44481
2.49054
1.55113
2.38375
2.49257
1.56407
1.41037
2.3997
2.80283
2.52895
4.89582
4.88809
4.96178
4.5229
4.56859
3.84327
4.01631
3.82547
3.15118
2.85437
2.83701
4.40264
4.43444
4.52755
4.297
4.42771
4.11438
3.44155
4.44817
4.44223
4.31613
4.46595
3.61021
4.68105
4.59887
2.78407
2.35913
1.39993
3.76664
2.41407
2.42278
3.70128
4.16568
2.92473
4.36052
4.34531
4.06422
4.20375
4.36483
4.19509
4.87415
2.74336
4.27708
2.54569
2.3831
3.50528
4.87474
4.46753
4.75249
3.95717
2.9488
4.64036
4.48341
4.61147
3.80625
2.88343
3.6477
4.26813
4.46867
1.51523
2.38968
4.25697
3.8
2.86312
3.5708
4.51909
4.43785
4.68046
4.31251
4.29574
4.24257
2.40967
3.86646
4.1825
2.95412
2.80239
4.47512
4.58517
3.00532
1.3941
4.43812
2.82614
4.36509
4.18994
4.89867
2.53089
4.2154
2.45522
4.45172
2.5683
3.73616
3.26692
2.82379
4.01643
2.78626
2.84883
2.4421
2.39724
2.93956
3.41451
3.95902
3.76571
4.99447
4.31672
2.4215
4.23824
4.35174
4.97147
2.67305
2.36195
4.25801
4.25549
3.95897
4.48023
4.75643
4.55419
2.99622
4.48331
3.8247
2.99112
4.29573
4.33104
3.46885
4.98084
4.86276
3.70339
2.89392
4.22856
3.5356
3.8043
4.22614
4.96161
4.32693
4.89977
2.93593
4.40066
4.65224
3.00889
2.82299
1.50384
4.51974
3.79182
4.61618
4.28675
2.45023
4.27833
4.33892
4.99212
2.5485
4.61819
2.42993
2.96441
4.24255
3.7756
3.40915
1.5963
2.89537
2.52313
1.44676
3.74
4.64988
4.61689
4.28415
4.9057
4.46572
4.41853
4.78036
3.06097
4.69785
2.98228
3.79472
4.72502
2.64584
4.54597
4.48365
2.59174
4.24152
2.5836
3.7138
2.9821
3.84943
4.42692
4.65647
2.54323
2.98357
2.47966
3.11267
4.30611
4.87141
3.89249
4.40965
4.19404
4.33498
2.53606
3.57625
4.17615
2.58765
4.99647
4.37901
3.08027
4.06513
4.59531
4.65157
4.00386
4.52096
2.98434
4.77108
3.50379
4.34461
4.50117
1.40624
2.44498
1.78855
4.3442
3.76871
4.97103
4.99514
4.27751
4.47438
4.8156
4.48255
4.32201
4.42863
3.43754
2.49615
4.31952
4.65105
4.10561
3.95631
2.87773
2.94402
4.25666
4.54184
3.55475
4.60434
4.77983
4.7445
1.55394
2.58135
4.65867
3.07342
4.43472
4.31045
2.50123
4.28326
3.86778
4.40266
4.64602
4.53621
4.50157
2.75712
3.00998
4.64456
4.33152
4.39517
2.71684
2.37354
2.47663
4.52299
3.77883
2.87775
3.72113
4.63157
4.35072
3.11878
4.37399
3.61886
4.68387
2.92135
3.81113
4.40171
4.85481
4.76514
4.62814
4.55119
4.50775
3.50795
2.44947
2.52775
4.51375
4.45177
2.91332
4.02019
4.01392
1.67757
2.91761
1.64258
4.60475
3.16379
2.52367
2.56836
4.75221
4.36908
3.14712
3.66229
4.01554
4.29926
4.26645
4.78598
2.84898
2.86186
3.80743
4.61638
1.51677
4.67639
3.8672
4.44718
2.59138
4.33756
4.56906
2.4204
2.56069
3.80376
2.97567
4.47106
4.56535
3.61755
2.48612
3.50146
2.35419
1.48411
4.59684
4.00574
4.59035
3.83193
4.36839
3.8285
4.21309
3.02689
2.79121
2.58449
4.8468
4.89327
2.59944
4.40608
4.25642
4.2038
3.04049
4.52773
4.58769
4.30054
2.37695
2.43844
4.18099
1.58449
4.43894
2.95105
2.79442
1.48464
3.44117
3.83497
2.83575
2.2227
4.50199
3.80875
2.65982
2.42503
4.28482
4.10695
4.98576
4.28921
2.51745
4.33181
4.77854
3.98889
4.55674
4.87511
2.9302
3.7419
4.60265
4.87706
3.74
4.35575
4.30512
3.85977
2.9789
4.35609
3.81892
4.54027
3.90229
4.74844
4.34941
2.97608
2.53656
1.63162
3.59492
2.55096
2.51943
4.15789
4.33065
4.52894
2.68955
3.71741
2.88216
4.60099
1.58571
3.04376
4.77041
4.48645
4.56209
4.51598
3.71315
2.66076
3.09606
4.17602
2.38082
2.84173
4.99928
4.52831
1.47937
2.95057
4.51114
4.17462
3.83755
2.7303
2.44677
3.76219
1.41517
2.35103
2.68486
3.33361
4.44334
3.31965
3.9836
4.24855
4.04134
4.30155
4.94788
4.10802
2.17785
3.75571
2.67001
3.67089
4.5254
4.46937
4.2983
4.89857
4.84503
1.46888
2.98143
1.8361
4.57256
2.91474
2.62312
4.71018
2.98475
3.39183
4.0122
2.90744
3.60099
2.49737
4.19141
4.58661
4.9838
3.43324
2.72451
4.50085
4.18552
4.77605
4.57493
3.08705
3.9597
4.67797
4.38357
4.04603
4.52913
1.57955
3.93079
2.95882
4.26875
3.00478
2.85175
2.70487
4.50525
4.53878
2.95024
3.42421
1.54754
2.56441
3.87299
4.05825
2.26921
3.26299
4.36542
4.22947
2.31583
2.73822
3.71098
3.74787
4.6326
4.28525
4.30545
3.45503
2.69595
3.55047
2.59285
2.95831
4.44598
2.47051
2.84299
4.37055
2.43768
2.24456
1.51173
4.06378
3.64989
4.22441
4.96913
2.82216
3.14339
4.71753
3.62941
3.58909
3.48379
4.85118
4.67711
4.1092
3.67223
4.42786
4.4282
2.50691
4.92655
4.23809
3.51773
1.47861
4.2414
2.41606
3.71507
2.4655
2.4568
4.18374
2.8613
4.07631
2.70554
2.47519
2.97842
4.48206
4.98625
3.80372
4.77385
3.95012
3.77973
2.86173
4.45121
3.54377
4.90995
4.20113
3.57022
4.88027
4.51714
4.41938
4.31054
2.41429
4.31042
1.53171
3.45718
2.61895
2.72001
2.44597
3.6787
4.26851
3.05481
4.83783
3.76714
4.41843
4.73015
4.27109
1.59278
2.8375
4.59533
2.53113
2.33706
3.36474
4.14354
4.31446
4.38593
4.12549
2.69021
4.9578
4.94377
2.4737
3.73196
4.07942
2.55317
3.6017
3.8335
2.56984
2.52207
1.66285
4.27682
4.38865
2.52727
2.92276
2.49978
3.01707
4.43807
4.51592
4.40398
3.68466
4.40395
3.85354
3.89232
4.56948
2.78221
3.38193
4.95861
4.31685
4.87526
3.46749
4.17384
4.59086
4.4002
2.90176
2.61458
2.62497
1.38836
3.51939
4.37992
3.45823
2.97387
4.25821
3.87136
3.82772
4.70055
4.57438
1.44777
3.0111
4.43878
2.32682
4.21897
4.22289
2.42527
3.47207
4.50687
4.31759
3.69175
4.49541
2.33941
2.93821
4.81479
2.94603
2.4465
2.59195
3.11428
2.40927
4.41212
4.43307
3.88468
2.58905
1.82172
2.76769
2.91383
2.87852
4.56139
4.70331
2.86737
3.95583
3.88514
4.96942
4.93635
3.56714
4.38711
4.9849
3.46121
4.74722
4.34707
2.90106
1.60122
2.39793
1.52505
2.95638
3.75186
2.49983
3.66727
2.39682
3.00596
4.28705
4.34772
4.77832
4.32401
4.98212
2.64182
2.48671
3.48173
4.18824
4.56454
4.50062
3.89365
2.95998
4.54176
4.50969
3.77264
3.47177
3.03167
4.32727
4.45809
2.6488
1.6927
2.39604
4.35768
3.88489
3.53622
3.06962
4.47624
2.91409
3.78536
4.43208
4.67026
2.87668
2.98905
1.51062
4.48598
4.30444
4.31717
4.96918
2.54056
4.36574
2.43338
3.78608
3.71181
4.48813
2.40803
2.95924
4.09396
1.63924
2.57468
2.41336
2.32949
1.40523
2.22412
1.36198
2.47289
4.72877
4.50388
4.91068
3.53692
3.72342
4.8086
3.17563
3.09745
2.73512
2.65142
4.25698
4.12594
3.99305
4.14605
3.30522
4.42807
4.45901
4.39583
4.47221
4.42869
4.66011
4.43637
3.69394
4.75703
2.86667
3.8618
2.8942
2.45499
2.99521
2.64777
4.02691
4.4655
4.22707
4.29959
4.95442
4.32908
2.34328
2.53169
4.3104
3.45986
4.50901
4.60589
3.57053
4.44474
2.81774
4.4355
3.85349
4.10827
4.73403
2.70812
3.45575
4.96795
4.32616
4.89627
3.82075
4.16164
2.90166
3.63314
2.84218
4.71461
4.99143
3.85257
3.06596
1.47227
4.5341
4.3983
2.65148
4.35336
4.28065
2.41773
2.97781
4.45038
4.5135
2.66821
3.86892
3.44183
2.47686
1.57129
3.32273
2.70014
2.35278
2.86122
3.71261
4.48925
4.37937
1.50085
4.93292
3.01234
4.76842
1.37911
2.89105
2.63351
2.41798
4.14682
4.23169
2.38136
3.50314
4.43074
2.88069
4.50707
4.71774
3.71756
4.31247
1.38626
2.42258
2.82823
3.52439
2.88744
3.74821
2.87637
3.75572
4.662
4.54022
2.87194
1.5031
2.49773
4.25525
2.43401
4.35521
2.52846
4.38484
3.63015
3.04821
4.22502
3.90815
4.6242
2.64666
2.26369
2.84971
4.29987
4.88846
4.12594
4.02612
2.50876
4.64455
4.41085
3.68211
4.36081
2.3541
2.28635
2.99375
3.7523
3.57097
4.44209
2.77773
4.63109
4.56171
4.58898
3.50408
4.88842
4.198
4.60937
1.45636
2.43509
4.50724
3.62111
1.46361
4.3527
2.7383
4.55766
4.53623
2.75413
1.38279
4.13622
4.03699
2.35917
2.47556
2.3564
4.92163
4.32352
3.8108
3.30442
2.95772
4.51488
4.27028
1.51887
4.55536
4.14466
4.15515
4.7368
2.39908
4.06892
4.04108
4.91726
4.41162
3.61928
2.28597
2.36002
4.43607
3.54754
3.64725
2.87979
2.73222
4.2127
4.69783
4.2706
3.48202
4.64905
4.52211
2.79473
2.72159
2.85581
3.6527
4.27635
3.80131
4.72685
1.40866
2.92544
4.2494
2.20333
4.15378
2.45376
2.33316
4.20853
3.7312
4.47881
3.99254
2.83261
3.47736
4.92552
2.56876
2.41569
4.48239
4.57733
4.68026
1.50008
4.29428
3.93234
4.22989
3.8728
4.32813
3.60018
2.36069
3.45179
2.65357
2.51928
4.6904
1.64339
4.57633
3.79458
4.50309
3.86719
4.25842
4.36012
4.23998
3.97246
2.53759
4.92433
2.64367
3.34608
4.13905
4.27447
4.3754
4.98808
3.06986
4.56726
4.40995
1.51231
2.74544
4.34655
4.50745
4.84913
2.97376
4.23142
3.5151
2.4127
4.9745
4.338
4.18994
4.87236
4.42253
2.52782
4.39247
2.53604
4.47085
4.61357
1.37202
2.9978
2.96019
3.00093
3.03407
4.88543
3.54686
3.87635
2.70673
3.8115
2.52116
4.12031
4.40911
1.81185
4.06273
4.26666
2.35508
4.18471
4.95787
4.28753
4.19871
2.38821
2.75577
1.39631
4.41872
2.8666
3.88594
3.90327
2.9978
1.49191
2.60403
4.28697
2.82562
3.41873
3.72615
2.50654
4.45949
2.28346
3.57114
3.41915
2.38587
4.32516
2.77636
1.53965
2.8188
4.59862
4.30602
4.66827
2.74208
2.60317
4.28415
3.84131
2.50063
2.34756
3.48541
1.70451
2.87516
4.40713
2.80106
4.5828
4.97598
2.84218
3.91664
2.37572
4.17547
4.9659
4.12873
4.86766
4.52391
2.45349
4.89703
4.36442
4.07136
2.37186
4.27654
4.82384
1.52584
2.67981
2.73506
4.49032
3.14488
2.89819
3.47729
3.86531
4.22549
1.40216
2.36966
3.69533
2.49738
3.59956
4.25875
2.50081
4.96811
4.38588
3.84558
2.8908
3.82327
4.61886
4.57834
2.94657
3.849
4.30263
1.64061
3.55487
1.59708
2.49227
2.83866
2.44307
2.77405
4.10363
4.83535
2.63358
4.4658
2.98992
1.74945
4.61883
2.95007
3.79623
2.63391
1.39827
3.97008
2.35735
2.34049
4.41967
3.39189
3.82759
4.18814
2.95059
2.61198
4.30334
4.52308
1.42164
2.92507
2.83287
2.73302
2.84633
3.36779
3.82597
2.37482
3.88945
4.14259
1.47741
2.4043
3.7139
4.55183
4.62488
3.90802
2.95926
3.86521
2.98969
4.0028
4.32969
1.43851
2.50286
3.101
3.45197
1.64855
2.57142
2.73929
2.51603
2.92996
1.48258
3.69078
2.95614
1.47053
4.53861
2.98495
4.00613
2.48259
3.59141
3.64686
2.48449
4.65135
4.28934
3.0631
2.89054
3.80262
1.41058
2.99407
1.65011
4.01131
4.72583
3.09765
2.70387
4.46686
2.86996
2.66908
4.65435
3.63257
3.97983
3.57369
3.29239
4.9018
2.43208
3.3947
4.79336
2.45015
4.7326
2.37528
1.40424
3.68382
4.05268
3.66002
4.12364
3.62107
4.24541
4.75205
3.34556
2.32999
3.44301
2.52934
4.44341
2.81419
4.75859
2.90931
3.98353
2.66579
4.34723
4.42764
2.48187
3.44737
2.42332
4.94478
4.32098
3.69642
2.50177
2.98378
4.56266
2.44027
2.92973
4.2323
2.97596
4.23834
2.48012
4.37775
4.44069
3.87986
3.51851
3.93378
2.2774
1.64167
4.33403
3.80636
2.5208
4.36132
4.26139
2.5659
4.37075
2.70349
1.6111
4.31448
2.96592
2.33766
1.51157
3.56166
2.93822
2.52733
3.52717
2.54196
3.30343
2.46001
2.88208
4.94746
2.86811
4.34861
4.46919
2.44663
2.85709
4.28987
2.34634
4.90416
4.41529
3.64311
3.51258
1.48149
4.32126
3.69982
2.70099
3.79612
2.49873
4.26859
2.71206
1.45254
4.27648
1.47029
3.51388
2.84614
2.59001
2.92072
2.54432
2.37159
3.84637
3.58948
3.74409
2.74493
3.83152
2.2052
1.53816
4.16657
1.77488
4.42417
3.04636
2.59884
3.02001
2.46322
1.56487
3.63824
4.5384
2.37591
2.88935
2.42903
2.88181
2.49675
2.88594
2.91503
2.62201
2.87773
2.51653
2.93413
2.28193
2.94949
2.42668
1.65814
2.43822
1.58995
1.36461
2.52736
1.64923
2.30001
2.84415
2.40841
1.40418
1.34574
2.49223
2.7717
