-0.831212 0.574235 -0.933805 
-0.831212 0.561754 -0.614367 
-0.831212 -0.40689 -0.996011 
-0.831212 -0.980801 -0.836803 
-0.831212 -0.42263 -0.680873 
-0.831212 -0.976404 -0.490319 
-0.831212 -0.408063 -0.876988 
-0.831212 -0.972542 -0.437002 
-0.831212 -0.891772 0.556149 
-0.831212 -0.853225 0.619257 
0.574235 0.561754 0.0164746 
0.574235 -0.907343 -0.97777 
0.574235 -0.40689 0.563815 
0.574235 -0.980801 -0.99841 
0.574235 -0.42263 -0.439024 
0.574235 -0.904364 -0.987686 
0.574235 -0.903809 -0.910789 
0.574235 -0.949864 -0.914749 
0.574235 -0.863056 -0.918898 
0.574235 -0.408063 0.0205185 
0.574235 -0.891772 -0.990704 
0.574235 -0.853225 -0.928993 
0.561754 -0.40689 -0.426917 
0.561754 -0.980801 -0.996351 
0.561754 -0.42263 0.539647 
0.561754 -0.976404 -0.954093 
0.561754 -0.903809 -0.964416 
0.561754 -0.949864 -0.975525 
0.561754 -0.863056 -0.957286 
0.561754 -0.408063 0.0208497 
0.561754 -0.972542 -0.84015 
0.561754 -0.891772 -0.679284 
0.561754 -0.853225 -0.748766 
-0.907343 -0.95218 -0.434299 
-0.907343 -0.904364 0.650588 
-0.907343 -0.903809 -0.412651 
-0.907343 -0.949864 -0.836847 
-0.907343 -0.989193 -0.984637 
-0.907343 -0.863056 0.470212 
-0.907343 -0.973639 -0.813339 
-0.40689 -0.42263 -0.453708 
-0.40689 -0.903809 -0.951993 
-0.40689 -0.949864 -0.902651 
-0.40689 -0.863056 -0.990646 
-0.40689 -0.408063 0.511771 
-0.40689 -0.853225 -0.996113 
-0.95218 -0.904364 0.532657 
-0.95218 -0.903809 -0.987622 
-0.95218 -0.989193 -0.3809 
-0.95218 -0.863056 -0.837785 
-0.95218 -0.973639 0.697252 
-0.980801 -0.976404 0.438171 
-0.980801 -0.853225 -0.434719 
-0.42263 -0.976404 -0.998851 
-0.42263 -0.949864 -0.988255 
-0.42263 -0.408063 0.496291 
-0.42263 -0.972542 -0.85445 
-0.42263 -0.891772 -0.707998 
-0.42263 -0.853225 -0.838054 
-0.904364 -0.903809 -0.797918 
-0.904364 -0.949864 -0.985788 
-0.904364 -0.989193 -0.80752 
-0.904364 -0.863056 -0.413391 
-0.904364 -0.973639 -0.390921 
-0.976404 -0.891772 -0.862278 
-0.976404 -0.853225 0.402447 
-0.903809 -0.949864 0.564383 
-0.903809 -0.863056 0.740018 
-0.903809 -0.408063 -0.992903 
-0.949864 -0.863056 -0.376826 
-0.949864 -0.408063 -0.954466 
-0.989193 -0.973639 0.545485 
-0.863056 -0.973639 -0.984809 
-0.408063 -0.891772 -0.938173 
-0.408063 -0.853225 -0.917184 
-0.972542 -0.891772 0.608685 
-0.972542 -0.853225 -0.826815 
-0.891772 -0.853225 -0.4191 
-0.966221 -0.94602 -0.490319 
-0.966221 -0.833616 -0.756299 
-0.966221 -0.370071 -0.768335 
-0.966221 -0.952191 0.619257 
-0.966221 0.666338 -0.859196 
-0.966221 -0.985634 -0.974959 
-0.935331 -0.43902 -0.451568 
-0.935331 0.614444 -0.791559 
-0.935331 -0.805169 -0.726967 
-0.935331 -0.749881 0.678088 
-0.935331 -0.98337 -0.920548 
-0.43902 0.614444 0.49045 
-0.43902 -0.370071 -0.988898 
-0.43902 -0.805169 0.454126 
-0.43902 0.666338 -0.827998 
-0.43902 -0.749881 0.465917 
-0.43902 -0.98337 -0.485106 
-0.99222 0.614444 -0.991863 
-0.99222 -0.985359 0.675413 
-0.94602 -0.833616 0.445122 
-0.94602 -0.370071 -0.342369 
-0.94602 -0.952191 0.402447 
-0.94602 0.666338 -0.757394 
-0.94602 -0.985634 -0.390454 
0.614444 -0.833616 -0.99903 
0.614444 -0.370071 -0.809405 
0.614444 -0.805169 -0.348078 
0.614444 0.666338 -0.391416 
0.614444 -0.749881 -0.385127 
0.614444 -0.98337 -0.792099 
-0.985359 0.666338 -0.998043 
-0.833616 -0.370071 0.46346 
-0.833616 -0.952191 -0.371191 
-0.833616 0.666338 -0.469222 
-0.833616 -0.985634 0.374476 
-0.370071 -0.952191 -0.569402 
-0.370071 0.666338 0.6255 
-0.370071 -0.985634 -0.416379 
-0.952191 0.666338 -0.798006 
-0.952191 -0.985634 -0.810821 
-0.805169 0.666338 -0.987415 
-0.805169 -0.749881 -0.278077 
-0.805169 -0.98337 0.573746 
0.666338 -0.749881 -0.94634 
0.666338 -0.985634 -0.818087 
-0.749881 -0.98337 -0.739098 
0.618232 -0.41146 -0.827651 
0.618232 0.597104 -0.412999 
0.618232 -0.919239 -0.90444 
0.618232 -0.923497 -0.955762 
0.618232 -0.428782 0.552435 
0.618232 -0.824842 -0.429854 
0.618232 -0.827742 -0.997634 
0.618232 -0.991377 -0.956293 
0.618232 -0.996746 -0.953198 
0.618232 -0.969315 -0.873529 
-0.41146 -0.974901 -0.970578 
-0.41146 0.597104 0.580718 
-0.41146 -0.923497 -0.983443 
-0.41146 -0.827742 0.584794 
-0.974901 0.597104 -0.923241 
-0.974901 -0.919239 -0.434299 
-0.974901 -0.923497 0.650588 
-0.974901 -0.991377 -0.813339 
0.597104 -0.919239 -0.947577 
0.597104 -0.923497 -0.904404 
0.597104 -0.428782 -0.839616 
0.597104 -0.824842 -0.998708 
0.597104 -0.827742 -0.437738 
-0.919239 -0.923497 0.532657 
-0.919239 -0.428782 -0.955558 
-0.919239 -0.991377 0.697252 
-0.923497 -0.991377 -0.390921 
-0.428782 -0.824842 0.597504 
-0.428782 -0.991377 -0.973323 
-0.428782 -0.996746 -0.952786 
-0.428782 -0.969315 -0.827274 
-0.824842 -0.969315 -0.917017 
-0.996746 -0.969315 0.641364 
-0.43093 -0.845468 0.580718 
-0.43093 0.56404 0.584794 
-0.43093 0.587139 -0.843349 
-0.845468 0.56404 -0.437738 
-0.988252 0.587139 -0.952743 
-0.988252 -0.431366 -0.935295 
-0.995226 -0.922649 -0.984756 
-0.995226 -0.821539 0.652051 
-0.995226 0.587139 -0.810756 
-0.995226 -0.964776 -0.866552 
-0.995226 -0.431366 -0.394489 
-0.922649 -0.821539 -0.920013 
-0.922649 0.587139 -0.872489 
-0.922649 -0.964776 0.544603 
-0.922649 -0.431366 -0.924641 
-0.922649 -0.936964 0.597594 
-0.995146 0.56404 -0.990819 
0.56404 -0.821539 -0.999698 
0.56404 0.587139 -0.438437 
0.56404 -0.431366 -0.838325 
0.56404 -0.936964 -0.993358 
-0.821539 0.587139 -0.377313 
-0.821539 -0.964776 -0.797958 
-0.821539 -0.431366 0.606731 
0.587139 -0.964776 -0.872748 
0.587139 -0.431366 0.580231 
0.587139 -0.936964 -0.93551 
-0.964776 -0.431366 -0.868689 
-0.964776 -0.936964 -0.442886 
-0.431366 -0.936964 -0.995614 
-0.933805 -0.614367 0.0164746 
-0.933805 -0.996011 0.563815 
-0.933805 -0.836803 -0.99841 
-0.933805 -0.680873 -0.439024 
-0.933805 -0.876988 0.0205185 
-0.933805 0.556149 -0.990704 
-0.933805 0.619257 -0.928993 
-0.614367 -0.996011 -0.426917 
-0.614367 -0.836803 -0.996351 
-0.614367 -0.680873 0.539647 
-0.614367 -0.490319 -0.954093 
-0.614367 -0.843255 -0.978817 
-0.614367 -0.876988 0.0208497 
-0.614367 -0.437002 -0.84015 
-0.614367 0.556149 -0.679284 
-0.614367 0.619257 -0.748766 
-0.996011 -0.680873 -0.453708 
-0.996011 -0.876988 0.511771 
-0.996011 0.619257 -0.996113 
-0.988468 -0.836803 0.666562 
-0.988468 -0.490319 -0.467327 
-0.988468 -0.756299 -0.731802 
-0.988468 -0.768335 -0.96959 
-0.988468 0.619257 -0.81148 
-0.988468 -0.974959 -0.692906 
-0.836803 -0.490319 0.438171 
-0.836803 -0.756299 -0.274928 
-0.836803 -0.768335 -0.781247 
-0.836803 0.619257 -0.434719 
-0.836803 -0.859196 -0.97168 
-0.836803 -0.974959 -0.429004 
-0.680873 -0.490319 -0.998851 
-0.680873 -0.843255 -0.977512 
-0.680873 -0.876988 0.496291 
-0.680873 -0.437002 -0.85445 
-0.680873 0.556149 -0.707998 
-0.680873 0.619257 -0.838054 
-0.490319 -0.756299 0.445122 
-0.490319 0.556149 -0.862278 
-0.490319 -0.768335 -0.342369 
-0.490319 0.619257 0.402447 
-0.490319 -0.859196 -0.757394 
-0.490319 -0.974959 -0.390454 
-0.843255 -0.437002 0.600894 
-0.843255 0.556149 -0.416686 
-0.876988 0.556149 -0.938173 
-0.876988 0.619257 -0.917184 
-0.437002 0.556149 0.608685 
-0.437002 0.619257 -0.826815 
-0.756299 0.556149 -0.953329 
-0.756299 -0.768335 0.46346 
-0.756299 0.619257 -0.371191 
-0.756299 -0.859196 -0.469222 
-0.756299 -0.974959 0.374476 
0.556149 -0.768335 -0.936709 
0.556149 0.619257 -0.4191 
0.556149 -0.859196 -0.961878 
-0.768335 0.619257 -0.569402 
-0.768335 -0.859196 0.6255 
-0.768335 -0.974959 -0.416379 
0.619257 -0.859196 -0.798006 
0.619257 -0.974959 -0.810821 
-0.859196 -0.974959 -0.818087 
0.0164746 0.563815 -0.426917 
0.0164746 -0.99841 -0.996351 
0.0164746 -0.439024 0.539647 
0.0164746 -0.910789 -0.964416 
0.0164746 -0.914749 -0.975525 
0.0164746 -0.918898 -0.957286 
0.0164746 0.0205185 0.0208497 
0.0164746 -0.990704 -0.679284 
0.0164746 -0.928993 -0.748766 
-0.97777 -0.987686 0.650588 
-0.97777 -0.993488 -0.995227 
-0.97777 -0.910789 -0.412651 
-0.97777 -0.914749 -0.836847 
-0.97777 -0.918898 0.470212 
0.563815 -0.439024 -0.453708 
0.563815 -0.993488 -0.957617 
0.563815 -0.910789 -0.951993 
0.563815 -0.914749 -0.902651 
0.563815 -0.918898 -0.990646 
0.563815 0.0205185 0.511771 
0.563815 -0.928993 -0.996113 
-0.99841 -0.928993 -0.434719 
-0.439024 -0.914749 -0.988255 
-0.439024 0.0205185 0.496291 
-0.439024 -0.990704 -0.707998 
-0.439024 -0.928993 -0.838054 
-0.987686 -0.910789 -0.797918 
-0.987686 -0.914749 -0.985788 
-0.987686 -0.918898 -0.413391 
-0.993488 -0.910789 -0.371066 
-0.993488 -0.914749 0.675413 
-0.993488 -0.918898 -0.786682 
-0.993488 0.0205185 -0.980839 
-0.910789 -0.914749 0.564383 
-0.910789 -0.918898 0.740018 
-0.910789 0.0205185 -0.992903 
-0.914749 -0.918898 -0.376826 
-0.914749 0.0205185 -0.954466 
0.0205185 -0.990704 -0.938173 
0.0205185 -0.928993 -0.917184 
-0.990704 -0.928993 -0.4191 
-0.827651 -0.412999 0.580718 
-0.827651 -0.955762 -0.983443 
-0.827651 -0.997634 0.584794 
-0.412999 -0.90444 -0.947577 
-0.412999 -0.955762 -0.904404 
-0.412999 0.552435 -0.839616 
-0.412999 -0.429854 -0.998708 
-0.412999 -0.997634 -0.437738 
-0.90444 -0.955762 0.532657 
-0.90444 0.552435 -0.955558 
-0.90444 -0.956293 0.697252 
-0.955762 -0.956293 -0.390921 
-0.910207 0.552435 -0.800586 
-0.910207 -0.429854 -0.847084 
-0.910207 -0.98663 0.652051 
-0.910207 -0.855918 -0.866552 
-0.910207 -0.953198 -0.414756 
-0.910207 -0.873529 0.5395 
0.552435 -0.429854 0.597504 
0.552435 -0.98663 -0.875726 
0.552435 -0.956293 -0.973323 
0.552435 -0.855918 -0.449714 
0.552435 -0.953198 -0.952786 
0.552435 -0.873529 -0.827274 
-0.429854 -0.98663 -0.853438 
-0.429854 -0.855918 0.470556 
-0.429854 -0.873529 -0.917017 
-0.997634 -0.98663 -0.999698 
-0.98663 -0.855918 -0.797958 
-0.98663 -0.953198 -0.816872 
-0.98663 -0.873529 -0.425602 
-0.855918 -0.873529 -0.965181 
-0.953198 -0.873529 0.641364 
-0.426917 0.539647 -0.453708 
-0.426917 -0.964416 -0.951993 
-0.426917 -0.975525 -0.902651 
-0.426917 -0.957286 -0.990646 
-0.426917 0.0208497 0.511771 
-0.426917 -0.748766 -0.996113 
-0.996351 -0.954093 0.438171 
-0.996351 -0.748766 -0.434719 
0.539647 -0.954093 -0.998851 
0.539647 -0.978817 -0.977512 
0.539647 -0.975525 -0.988255 
0.539647 0.0208497 0.496291 
0.539647 -0.84015 -0.85445 
0.539647 -0.679284 -0.707998 
0.539647 -0.748766 -0.838054 
-0.954093 -0.679284 -0.862278 
-0.954093 -0.748766 0.402447 
-0.964416 -0.975525 0.564383 
-0.964416 -0.957286 0.740018 
-0.964416 0.0208497 -0.992903 
-0.978817 -0.84015 0.600894 
-0.978817 -0.679284 -0.416686 
-0.975525 -0.957286 -0.376826 
-0.975525 0.0208497 -0.954466 
0.0208497 -0.679284 -0.938173 
0.0208497 -0.748766 -0.917184 
-0.84015 -0.679284 0.608685 
-0.84015 -0.748766 -0.826815 
-0.679284 -0.748766 -0.4191 
-0.970578 0.580718 -0.923241 
-0.970578 -0.983443 0.650588 
-0.978762 0.584794 -0.974389 
0.580718 -0.983443 -0.904404 
0.580718 0.584794 -0.437738 
0.584794 -0.843349 -0.438437 
-0.983686 -0.417352 -0.406904 
-0.983686 0.63371 -0.798863 
-0.983686 -0.818465 0.557834 
-0.412859 -0.982024 -0.947591 
-0.412859 -0.346951 -0.303973 
-0.412859 -0.417352 -0.990673 
-0.412859 -0.761075 -0.755919 
-0.412859 0.470642 0.476648 
-0.412859 0.63371 -0.811986 
-0.412859 -0.827045 0.621191 
-0.982024 -0.346951 -0.430085 
-0.982024 -0.761075 0.482894 
-0.982024 0.470642 -0.864052 
-0.982024 -0.827045 -0.995019 
-0.346951 -0.417352 -0.968824 
-0.346951 -0.761075 0.626943 
-0.346951 0.470642 0.418081 
-0.346951 0.63371 -0.770612 
-0.346951 -0.827045 -0.696484 
-0.417352 0.470642 -0.853619 
-0.417352 0.63371 0.564908 
-0.417352 -0.818465 0.62514 
-0.761075 0.470642 -0.484113 
-0.761075 0.63371 -0.939418 
-0.761075 -0.827045 -0.901623 
0.470642 0.63371 -0.464986 
0.470642 -0.827045 -0.45199 
0.63371 -0.818465 -0.389776 
0.63371 -0.827045 -0.988983 
-0.923241 -0.434299 -0.947577 
-0.923241 0.650588 -0.904404 
-0.434299 0.650588 0.532657 
-0.434299 -0.412651 -0.987622 
-0.434299 -0.984637 -0.3809 
-0.434299 0.470212 -0.837785 
-0.434299 -0.813339 0.697252 
0.650588 -0.412651 -0.797918 
0.650588 -0.836847 -0.985788 
0.650588 -0.984637 -0.80752 
0.650588 0.470212 -0.413391 
0.650588 -0.813339 -0.390921 
-0.995227 -0.412651 -0.371066 
-0.995227 -0.836847 0.675413 
-0.995227 0.470212 -0.786682 
-0.412651 -0.836847 0.564383 
-0.412651 0.470212 0.740018 
-0.836847 0.470212 -0.376826 
-0.984637 -0.813339 0.545485 
0.470212 -0.813339 -0.984809 
-0.453708 -0.902651 -0.988255 
-0.453708 0.511771 0.496291 
-0.453708 -0.996113 -0.838054 
-0.957617 -0.951993 -0.371066 
-0.957617 -0.902651 0.675413 
-0.957617 -0.990646 -0.786682 
-0.957617 0.511771 -0.980839 
-0.951993 -0.902651 0.564383 
-0.951993 -0.990646 0.740018 
-0.951993 0.511771 -0.992903 
-0.902651 -0.990646 -0.376826 
-0.902651 0.511771 -0.954466 
0.511771 -0.974389 -0.990819 
0.511771 -0.996113 -0.917184 
0.666562 -0.467327 0.438171 
0.666562 -0.799111 -0.720647 
0.666562 -0.846692 -0.992506 
0.666562 -0.858971 -0.961017 
0.666562 -0.731802 -0.274928 
0.666562 -0.790544 -0.913414 
0.666562 -0.96959 -0.781247 
0.666562 -0.81148 -0.434719 
0.666562 -0.786048 -0.856213 
0.666562 0.524497 -0.383045 
0.666562 -0.794795 -0.899684 
0.666562 -0.903842 -0.905982 
0.666562 -0.438684 -0.801637 
0.666562 -0.692906 -0.429004 
-0.467327 -0.799111 -0.789842 
-0.467327 -0.731802 0.445122 
-0.467327 -0.96959 -0.342369 
-0.467327 -0.81148 0.402447 
-0.467327 -0.786048 -0.974485 
-0.467327 0.524497 -0.843339 
-0.467327 -0.903842 -0.971952 
-0.467327 -0.438684 -0.995881 
-0.467327 -0.692906 -0.390454 
-0.799111 -0.731802 -0.502584 
-0.799111 -0.790544 -0.947591 
-0.799111 -0.96959 -0.812458 
-0.799111 -0.81148 -0.97681 
-0.799111 -0.786048 -0.303973 
-0.799111 0.524497 -0.904779 
-0.799111 -0.794795 -0.755919 
-0.799111 -0.903842 0.476648 
-0.799111 -0.438684 -0.994937 
-0.799111 -0.692906 0.621191 
-0.846692 0.524497 -0.414756 
-0.846692 -0.438684 0.5395 
-0.858971 -0.951845 0.554225 
-0.858971 -0.790544 0.670759 
-0.858971 -0.786048 -0.824257 
-0.858971 0.524497 -0.905906 
-0.858971 -0.794795 -0.44676 
-0.858971 -0.438684 -0.991859 
-0.731802 -0.96959 0.46346 
-0.731802 -0.81148 -0.371191 
-0.731802 -0.786048 -0.940896 
-0.731802 0.524497 -0.936083 
-0.731802 -0.903842 -0.875244 
-0.731802 -0.692906 0.374476 
-0.951845 -0.790544 -0.395083 
-0.951845 -0.786048 -0.994495 
-0.951845 0.524497 -0.993602 
-0.951845 -0.794795 -0.844898 
-0.790544 -0.786048 -0.430085 
-0.790544 0.524497 -0.847758 
-0.790544 -0.794795 0.482894 
-0.790544 -0.903842 -0.864052 
-0.790544 -0.438684 -0.957409 
-0.790544 -0.692906 -0.995019 
-0.96959 -0.81148 -0.569402 
-0.96959 -0.692906 -0.416379 
-0.81148 0.524497 -0.995806 
-0.81148 -0.692906 -0.810821 
-0.786048 0.524497 -0.843242 
-0.786048 -0.794795 0.626943 
-0.786048 -0.903842 0.418081 
-0.786048 -0.438684 -0.946292 
-0.786048 -0.692906 -0.696484 
0.524497 -0.794795 -0.840284 
0.524497 -0.903842 -0.951127 
0.524497 -0.438684 0.641364 
0.524497 -0.692906 -0.879039 
-0.794795 -0.903842 -0.484113 
-0.794795 -0.438684 -0.944804 
-0.794795 -0.692906 -0.901623 
-0.903842 -0.692906 -0.45199 
-0.438684 -0.692906 -0.993235 
-0.947577 -0.904404 0.532657 
-0.947577 -0.839616 -0.955558 
-0.839616 -0.998708 0.597504 
0.532657 -0.987622 -0.797918 
0.532657 -0.3809 -0.80752 
0.532657 -0.837785 -0.413391 
0.532657 0.697252 -0.390921 
0.532657 -0.805484 -0.979929 
-0.987622 -0.837785 0.740018 
-0.3809 -0.99578 -0.430148 
-0.3809 0.697252 0.545485 
-0.3809 -0.805484 0.582866 
-0.837785 0.697252 -0.984809 
-0.955558 0.697252 -0.973323 
-0.99578 0.697252 -0.84092 
-0.99578 -0.805484 0.554225 
0.697252 -0.805484 -0.410769 
-0.849427 0.419146 -0.435212 
-0.849427 0.630154 -0.975272 
-0.849427 -0.459726 0.542117 
0.419146 0.630154 -0.429952 
0.419146 -0.459726 0.626278 
0.419146 -0.412736 -0.837029 
0.419146 -0.99845 -0.952743 
0.630154 -0.459726 -0.796216 
0.630154 -0.412736 0.600894 
0.630154 -0.829566 -0.416686 
-0.459726 -0.412736 -0.981183 
-0.459726 -0.99845 -0.999015 
-0.412736 -0.829566 0.608685 
0.438171 -0.720647 -0.789842 
0.438171 -0.274928 0.445122 
0.438171 -0.781247 -0.342369 
0.438171 -0.434719 0.402447 
0.438171 -0.97168 -0.757394 
0.438171 -0.856213 -0.974485 
0.438171 -0.383045 -0.843339 
0.438171 -0.905982 -0.971952 
0.438171 -0.801637 -0.995881 
0.438171 -0.429004 -0.390454 
-0.720647 -0.274928 -0.502584 
-0.720647 -0.913414 -0.947591 
-0.720647 -0.781247 -0.812458 
-0.720647 -0.434719 -0.97681 
-0.720647 -0.97168 -0.982091 
-0.720647 -0.856213 -0.303973 
-0.720647 -0.383045 -0.904779 
-0.720647 -0.899684 -0.755919 
-0.720647 -0.905982 0.476648 
-0.720647 -0.801637 -0.994937 
-0.720647 -0.429004 0.621191 
-0.992506 -0.383045 -0.414756 
-0.992506 -0.801637 0.5395 
-0.961017 -0.913414 0.670759 
-0.961017 -0.856213 -0.824257 
-0.961017 -0.383045 -0.905906 
-0.961017 -0.899684 -0.44676 
-0.961017 -0.801637 -0.991859 
-0.274928 -0.781247 0.46346 
-0.274928 -0.434719 -0.371191 
-0.274928 -0.97168 -0.469222 
-0.274928 -0.856213 -0.940896 
-0.274928 -0.383045 -0.936083 
-0.274928 -0.905982 -0.875244 
-0.274928 -0.429004 0.374476 
-0.913414 -0.856213 -0.430085 
-0.913414 -0.383045 -0.847758 
-0.913414 -0.899684 0.482894 
-0.913414 -0.905982 -0.864052 
-0.913414 -0.801637 -0.957409 
-0.913414 -0.429004 -0.995019 
-0.781247 -0.434719 -0.569402 
-0.781247 -0.97168 0.6255 
-0.781247 -0.429004 -0.416379 
-0.434719 -0.97168 -0.798006 
-0.434719 -0.383045 -0.995806 
-0.434719 -0.429004 -0.810821 
-0.97168 -0.429004 -0.818087 
-0.856213 -0.383045 -0.843242 
-0.856213 -0.899684 0.626943 
-0.856213 -0.905982 0.418081 
-0.856213 -0.801637 -0.946292 
-0.856213 -0.429004 -0.696484 
-0.383045 -0.899684 -0.840284 
-0.383045 -0.905982 -0.951127 
-0.383045 -0.801637 0.641364 
-0.383045 -0.429004 -0.879039 
-0.899684 -0.905982 -0.484113 
-0.899684 -0.801637 -0.944804 
-0.899684 -0.429004 -0.901623 
-0.905982 -0.429004 -0.45199 
-0.801637 -0.429004 -0.993235 
-0.998851 -0.707998 -0.862278 
-0.998851 -0.838054 0.402447 
-0.977512 -0.85445 0.600894 
-0.977512 -0.707998 -0.416686 
-0.988255 0.496291 -0.954466 
0.496291 -0.707998 -0.938173 
0.496291 -0.838054 -0.917184 
-0.85445 -0.707998 0.608685 
-0.85445 -0.838054 -0.826815 
-0.707998 -0.838054 -0.4191 
-0.451568 -0.791559 0.49045 
-0.451568 0.542117 -0.855764 
-0.451568 -0.997952 -0.84301 
-0.451568 -0.726967 0.454126 
-0.451568 0.678088 0.465917 
-0.451568 -0.920548 -0.485106 
-0.791559 0.542117 -0.981482 
-0.791559 -0.997952 -0.985896 
-0.791559 -0.726967 -0.348078 
-0.791559 0.678088 -0.385127 
-0.791559 -0.920548 -0.792099 
-0.435212 -0.975272 -0.429952 
-0.435212 0.542117 0.626278 
-0.435212 0.678088 -0.828747 
-0.975272 0.542117 -0.796216 
0.542117 -0.726967 -0.959688 
0.542117 0.678088 -0.410334 
-0.997952 -0.726967 -0.393601 
-0.997952 0.678088 -0.919813 
-0.997952 -0.920548 0.597594 
-0.726967 0.678088 -0.278077 
-0.726967 -0.920548 0.573746 
0.678088 -0.920548 -0.739098 
0.49045 -0.855764 -0.981482 
0.49045 -0.84301 -0.985896 
0.49045 -0.988898 -0.809405 
0.49045 0.454126 -0.348078 
0.49045 -0.827998 -0.391416 
0.49045 0.465917 -0.385127 
0.49045 -0.485106 -0.792099 
-0.855764 0.454126 -0.959688 
-0.855764 0.465917 -0.410334 
-0.84301 0.454126 -0.393601 
-0.84301 0.465917 -0.919813 
-0.84301 -0.485106 0.597594 
-0.988898 -0.827998 0.6255 
0.454126 -0.827998 -0.987415 
0.454126 0.465917 -0.278077 
0.454126 -0.485106 0.573746 
-0.827998 0.465917 -0.94634 
0.465917 -0.485106 -0.739098 
-0.797918 -0.985788 0.564383 
-0.797918 -0.413391 0.740018 
-0.985788 -0.413391 -0.376826 
-0.80752 -0.390921 0.545485 
-0.80752 -0.979929 0.582866 
-0.413391 -0.390921 -0.984809 
-0.390921 -0.979929 -0.410769 
-0.371066 0.675413 0.564383 
-0.371066 -0.786682 0.740018 
-0.371066 -0.980839 -0.992903 
-0.371066 -0.406904 -0.987419 
-0.371066 0.557834 -0.816582 
0.675413 -0.786682 -0.376826 
0.675413 -0.980839 -0.954466 
0.675413 -0.406904 -0.814221 
0.675413 -0.798863 -0.976645 
0.675413 0.557834 -0.413342 
-0.786682 0.557834 -0.983094 
-0.406904 -0.798863 0.564908 
-0.406904 0.557834 0.62514 
-0.798863 0.557834 -0.389776 
-0.789842 0.445122 -0.502584 
-0.789842 -0.342369 -0.812458 
-0.789842 0.402447 -0.97681 
-0.789842 -0.757394 -0.982091 
-0.789842 -0.974485 -0.303973 
-0.789842 -0.843339 -0.904779 
-0.789842 -0.971952 0.476648 
-0.789842 -0.995881 -0.994937 
-0.789842 -0.390454 0.621191 
0.445122 -0.862278 -0.953329 
0.445122 -0.342369 0.46346 
0.445122 0.402447 -0.371191 
0.445122 -0.757394 -0.469222 
0.445122 -0.974485 -0.940896 
0.445122 -0.843339 -0.936083 
0.445122 -0.971952 -0.875244 
0.445122 -0.390454 0.374476 
-0.862278 -0.342369 -0.936709 
-0.862278 0.402447 -0.4191 
-0.862278 -0.757394 -0.961878 
-0.342369 0.402447 -0.569402 
-0.342369 -0.757394 0.6255 
-0.342369 -0.390454 -0.416379 
0.402447 -0.757394 -0.798006 
0.402447 -0.843339 -0.995806 
0.402447 -0.390454 -0.810821 
-0.757394 -0.390454 -0.818087 
-0.974485 -0.843339 -0.843242 
-0.974485 -0.971952 0.418081 
-0.974485 -0.995881 -0.946292 
-0.974485 -0.390454 -0.696484 
-0.843339 -0.971952 -0.951127 
-0.843339 -0.995881 0.641364 
-0.843339 -0.390454 -0.879039 
-0.971952 -0.390454 -0.45199 
-0.995881 -0.390454 -0.993235 
-0.981482 -0.348078 -0.959688 
-0.981482 -0.385127 -0.410334 
-0.985896 -0.348078 -0.393601 
-0.985896 -0.385127 -0.919813 
-0.985896 -0.792099 0.597594 
-0.99903 -0.809405 0.46346 
-0.99903 -0.391416 -0.469222 
-0.809405 -0.391416 0.6255 
-0.348078 -0.391416 -0.987415 
-0.348078 -0.385127 -0.278077 
-0.348078 -0.792099 0.573746 
-0.391416 -0.385127 -0.94634 
-0.385127 -0.792099 -0.739098 
0.564383 0.740018 -0.376826 
0.564383 -0.992903 -0.954466 
0.564383 -0.987419 -0.814221 
0.564383 -0.816582 -0.413342 
0.740018 -0.816582 -0.983094 
-0.987419 -0.816582 0.62514 
-0.429952 0.626278 -0.796216 
-0.429952 -0.837029 0.600894 
0.626278 -0.837029 -0.981183 
0.626278 -0.952743 -0.999015 
0.626278 -0.935295 -0.97036 
0.626278 -0.828747 -0.410334 
-0.952743 -0.935295 0.580231 
-0.796216 0.600894 -0.981183 
0.600894 -0.416686 0.608685 
-0.376826 -0.413342 -0.983094 
-0.814221 -0.976645 0.564908 
-0.814221 -0.413342 0.62514 
-0.976645 -0.413342 -0.389776 
-0.430148 0.545485 -0.84092 
-0.430148 0.582866 0.554225 
-0.430148 -0.806432 0.670759 
-0.430148 -0.997905 -0.44676 
0.545485 0.582866 -0.410769 
0.545485 -0.806432 -0.99579 
0.582866 -0.806432 -0.395083 
0.582866 -0.997905 -0.844898 
-0.806432 -0.997905 0.482894 
-0.999015 -0.97036 0.580231 
-0.959688 -0.410334 -0.278077 
-0.502584 -0.812458 0.46346 
-0.502584 -0.97681 -0.371191 
-0.502584 -0.982091 -0.469222 
-0.502584 -0.303973 -0.940896 
-0.502584 -0.904779 -0.936083 
-0.502584 0.476648 -0.875244 
-0.502584 0.621191 0.374476 
-0.947591 -0.303973 -0.430085 
-0.947591 -0.904779 -0.847758 
-0.947591 -0.755919 0.482894 
-0.947591 0.476648 -0.864052 
-0.947591 -0.994937 -0.957409 
-0.947591 0.621191 -0.995019 
-0.812458 -0.97681 -0.569402 
-0.812458 -0.982091 0.6255 
-0.812458 0.621191 -0.416379 
-0.97681 -0.982091 -0.798006 
-0.97681 -0.904779 -0.995806 
-0.97681 0.621191 -0.810821 
-0.982091 0.621191 -0.818087 
-0.303973 -0.990673 -0.968824 
-0.303973 -0.904779 -0.843242 
-0.303973 -0.755919 0.626943 
-0.303973 0.476648 0.418081 
-0.303973 -0.811986 -0.770612 
-0.303973 -0.994937 -0.946292 
-0.303973 0.621191 -0.696484 
-0.990673 0.476648 -0.853619 
-0.990673 -0.811986 0.564908 
-0.904779 -0.755919 -0.840284 
-0.904779 0.476648 -0.951127 
-0.904779 -0.994937 0.641364 
-0.904779 0.621191 -0.879039 
-0.755919 0.476648 -0.484113 
-0.755919 -0.811986 -0.939418 
-0.755919 -0.994937 -0.944804 
-0.755919 0.621191 -0.901623 
0.476648 -0.811986 -0.464986 
0.476648 0.621191 -0.45199 
-0.811986 0.621191 -0.988983 
-0.994937 0.621191 -0.993235 
-0.800586 -0.984756 -0.8549 
-0.800586 -0.847084 0.597504 
-0.800586 0.652051 -0.875726 
-0.800586 -0.866552 -0.449714 
-0.800586 -0.394489 -0.992139 
-0.800586 -0.414756 -0.952786 
-0.800586 0.5395 -0.827274 
-0.984756 -0.847084 -0.47594 
-0.984756 0.652051 -0.920013 
-0.984756 -0.810756 -0.872489 
-0.984756 -0.866552 0.544603 
-0.984756 -0.394489 -0.924641 
-0.847084 0.652051 -0.853438 
-0.847084 -0.810756 -0.987954 
-0.847084 -0.866552 0.470556 
-0.847084 -0.394489 -0.954409 
-0.847084 0.5395 -0.917017 
0.652051 -0.810756 -0.377313 
0.652051 -0.866552 -0.797958 
0.652051 -0.394489 0.606731 
0.652051 -0.414756 -0.816872 
0.652051 0.5395 -0.425602 
-0.810756 -0.866552 -0.872748 
-0.810756 -0.394489 0.580231 
-0.810756 0.5395 -0.997219 
-0.866552 -0.394489 -0.868689 
-0.866552 0.5395 -0.965181 
-0.394489 -0.414756 -0.990693 
-0.394489 0.5395 -0.832955 
-0.414756 0.5395 0.641364 
-0.8549 0.597504 -0.47594 
-0.8549 -0.875726 -0.920013 
-0.8549 -0.449714 0.544603 
-0.8549 -0.992139 -0.924641 
0.597504 -0.875726 -0.853438 
0.597504 -0.449714 0.470556 
0.597504 -0.992139 -0.954409 
0.597504 -0.827274 -0.917017 
-0.875726 -0.449714 -0.797958 
-0.875726 -0.992139 0.606731 
-0.875726 -0.952786 -0.816872 
-0.875726 -0.827274 -0.425602 
-0.449714 -0.992139 -0.868689 
-0.449714 -0.827274 -0.965181 
-0.992139 -0.952786 -0.990693 
-0.992139 -0.827274 -0.832955 
-0.952786 -0.827274 0.641364 
-0.47594 -0.920013 -0.853438 
-0.47594 -0.872489 -0.987954 
-0.47594 0.544603 0.470556 
-0.47594 -0.924641 -0.954409 
-0.47594 0.597594 -0.854003 
-0.920013 -0.872489 -0.377313 
-0.920013 0.544603 -0.797958 
-0.920013 -0.924641 0.606731 
-0.872489 0.544603 -0.872748 
-0.872489 -0.924641 0.580231 
-0.872489 0.597594 -0.93551 
0.544603 -0.924641 -0.868689 
0.544603 -0.393601 -0.831682 
0.544603 0.597594 -0.442886 
-0.924641 0.597594 -0.995614 
-0.393601 -0.919813 -0.278077 
-0.393601 0.597594 0.573746 
-0.919813 0.597594 -0.739098 
-0.853438 -0.987954 -0.377313 
-0.853438 0.470556 -0.797958 
-0.853438 -0.954409 0.606731 
-0.853438 -0.917017 -0.425602 
-0.987954 0.470556 -0.872748 
-0.987954 -0.954409 0.580231 
-0.987954 -0.854003 -0.93551 
-0.987954 -0.917017 -0.997219 
0.470556 -0.954409 -0.868689 
0.470556 -0.854003 -0.442886 
0.470556 -0.917017 -0.965181 
-0.954409 -0.854003 -0.995614 
-0.954409 -0.917017 -0.832955 
-0.938173 -0.917184 -0.4191 
0.608685 -0.826815 -0.4191 
-0.999698 -0.438437 -0.377313 
-0.999698 -0.838325 0.606731 
-0.438437 -0.838325 0.580231 
-0.438437 -0.993358 -0.93551 
-0.838325 -0.993358 -0.995614 
-0.377313 -0.797958 -0.872748 
-0.377313 0.606731 0.580231 
-0.377313 -0.425602 -0.997219 
-0.797958 0.606731 -0.868689 
-0.797958 -0.425602 -0.965181 
0.606731 -0.816872 -0.990693 
0.606731 -0.425602 -0.832955 
-0.816872 -0.425602 0.641364 
-0.84092 0.554225 -0.410769 
-0.84092 0.670759 -0.99579 
0.554225 0.670759 -0.395083 
0.554225 -0.824257 -0.994495 
0.554225 -0.905906 -0.993602 
0.554225 -0.44676 -0.844898 
0.670759 -0.824257 -0.430085 
0.670759 -0.905906 -0.847758 
0.670759 -0.44676 0.482894 
0.670759 -0.991859 -0.957409 
-0.824257 -0.905906 -0.843242 
-0.824257 -0.44676 0.626943 
-0.824257 -0.991859 -0.946292 
-0.905906 -0.44676 -0.840284 
-0.905906 -0.991859 0.641364 
-0.44676 -0.991859 -0.944804 
-0.410769 -0.99579 -0.395083 
-0.953329 0.46346 -0.936709 
-0.953329 -0.371191 -0.4191 
-0.953329 -0.469222 -0.961878 
0.46346 -0.371191 -0.569402 
0.46346 -0.469222 0.6255 
0.46346 0.374476 -0.416379 
-0.371191 -0.469222 -0.798006 
-0.371191 -0.936083 -0.995806 
-0.371191 0.374476 -0.810821 
-0.469222 0.374476 -0.818087 
-0.940896 -0.936083 -0.843242 
-0.940896 -0.875244 0.418081 
-0.940896 0.374476 -0.696484 
-0.936083 -0.875244 -0.951127 
-0.936083 0.374476 -0.879039 
-0.875244 0.374476 -0.45199 
-0.936709 -0.4191 -0.569402 
-0.936709 -0.961878 0.6255 
-0.4191 -0.961878 -0.798006 
-0.872748 0.580231 -0.868689 
-0.872748 -0.93551 -0.442886 
-0.872748 -0.997219 -0.965181 
0.580231 -0.93551 -0.995614 
0.580231 -0.997219 -0.832955 
-0.868689 -0.442886 -0.995614 
-0.868689 -0.965181 -0.832955 
-0.831682 -0.442886 0.573746 
-0.395083 -0.994495 -0.430085 
-0.395083 -0.993602 -0.847758 
-0.395083 -0.844898 0.482894 
-0.994495 -0.993602 -0.843242 
-0.994495 -0.844898 0.626943 
-0.993602 -0.844898 -0.840284 
-0.430085 -0.847758 -0.843242 
-0.430085 0.482894 0.626943 
-0.430085 -0.864052 0.418081 
-0.430085 -0.957409 -0.946292 
-0.430085 -0.995019 -0.696484 
-0.847758 0.482894 -0.840284 
-0.847758 -0.864052 -0.951127 
-0.847758 -0.957409 0.641364 
-0.847758 -0.995019 -0.879039 
0.482894 -0.864052 -0.484113 
0.482894 -0.957409 -0.944804 
0.482894 -0.995019 -0.901623 
-0.864052 -0.995019 -0.45199 
-0.957409 -0.995019 -0.993235 
-0.569402 0.6255 -0.798006 
-0.569402 -0.416379 -0.810821 
0.6255 -0.416379 -0.818087 
-0.798006 -0.810821 -0.818087 
-0.995806 -0.810821 -0.879039 
-0.990693 -0.832955 0.641364 
-0.987415 -0.278077 -0.94634 
-0.278077 0.573746 -0.739098 
-0.968824 0.418081 -0.853619 
-0.968824 -0.770612 0.564908 
-0.843242 0.626943 -0.840284 
-0.843242 0.418081 -0.951127 
-0.843242 -0.946292 0.641364 
-0.843242 -0.696484 -0.879039 
0.626943 0.418081 -0.484113 
0.626943 -0.770612 -0.939418 
0.626943 -0.946292 -0.944804 
0.626943 -0.696484 -0.901623 
0.418081 -0.770612 -0.464986 
0.418081 -0.696484 -0.45199 
-0.770612 -0.696484 -0.988983 
-0.946292 -0.696484 -0.993235 
-0.853619 0.564908 -0.464986 
0.564908 0.62514 -0.389776 
-0.840284 -0.951127 -0.484113 
-0.840284 0.641364 -0.944804 
-0.840284 -0.879039 -0.901623 
-0.951127 -0.879039 -0.45199 
0.641364 -0.879039 -0.993235 
-0.484113 -0.939418 -0.464986 
-0.484113 -0.901623 -0.45199 
-0.939418 -0.901623 -0.988983 
-0.944804 -0.901623 -0.993235 
-0.464986 -0.45199 -0.988983 
