-0.813785 0.535575 -0.998196 
-0.813785 0.548361 -0.911774 
-0.813785 -0.931144 -0.9764 
-0.813785 -0.884493 -0.799252 
-0.813785 -0.933562 -0.484058 
-0.813785 -0.959236 0.522876 
-0.813785 -0.833027 0.539447 
0.535575 0.548361 0.0342239 
0.535575 -0.450192 0.484592 
0.535575 -0.931144 -0.977749 
0.535575 -0.884493 -0.975796 
0.535575 -0.44267 -0.450825 
0.535575 -0.456015 -0.0539673 
0.535575 -0.833027 -0.996074 
0.548361 -0.450192 -0.412762 
0.548361 -0.44267 0.543991 
0.548361 -0.456015 0.026035 
0.548361 -0.959236 -0.987407 
0.548361 -0.833027 -0.965627 
-0.450192 -0.44267 -0.44536 
-0.450192 -0.456015 0.49587 
-0.931144 -0.884493 0.538653 
-0.931144 -0.933562 -0.458521 
-0.931144 -0.833027 -0.786336 
-0.931144 -0.9962 0.582081 
-0.884493 -0.933562 0.476186 
-0.884493 -0.959236 -0.989766 
-0.884493 -0.833027 -0.347271 
-0.884493 -0.9962 -0.436037 
-0.44267 -0.456015 0.537613 
-0.933562 -0.959236 -0.843118 
-0.933562 -0.833027 0.506002 
-0.933562 -0.9962 -0.854574 
-0.959236 -0.833027 -0.431758 
-0.833027 -0.9962 -0.984169 
-0.916628 0.644584 -0.979434 
-0.916628 -0.911401 0.537613 
-0.916628 0.547347 -0.932916 
-0.923421 -0.462371 -0.458627 
-0.923421 0.644584 -0.764315 
-0.923421 -0.823259 -0.738072 
-0.923421 -0.726269 0.617575 
-0.923421 -0.99758 -0.898464 
-0.462371 0.644584 0.441128 
-0.462371 -0.823259 0.480578 
-0.462371 0.547347 -0.850822 
-0.462371 -0.726269 0.494697 
-0.462371 -0.99758 -0.460774 
-0.98821 -0.874235 0.30891 
-0.98821 -0.445613 -0.389946 
-0.98821 0.547347 -0.814357 
-0.98821 -0.989014 -0.370311 
0.644584 -0.911401 -0.997883 
0.644584 -0.445613 -0.829539 
0.644584 -0.823259 -0.412299 
0.644584 0.547347 -0.421798 
0.644584 -0.726269 -0.32262 
0.644584 -0.99758 -0.830575 
-0.911401 -0.445613 -0.956511 
-0.911401 0.547347 -0.881097 
-0.874235 -0.445613 0.425642 
-0.874235 0.547347 -0.498458 
-0.874235 -0.989014 0.560561 
-0.445613 0.547347 0.578149 
-0.445613 -0.989014 -0.381026 
-0.823259 -0.726269 -0.2888 
-0.823259 -0.99758 0.608226 
0.547347 -0.726269 -0.933944 
0.547347 -0.989014 -0.789175 
-0.726269 -0.99758 -0.707147 
0.655087 -0.447522 -0.840076 
0.655087 0.612608 -0.397362 
0.655087 -0.952004 -0.859616 
0.655087 -0.939852 -0.841461 
0.655087 -0.415392 0.568391 
0.655087 -0.824045 -0.411296 
0.655087 -0.920765 -0.787785 
0.655087 -0.994539 -0.937893 
-0.447522 0.612608 0.525828 
-0.447522 -0.849315 0.594971 
0.612608 -0.415392 -0.831224 
0.612608 -0.824045 -0.998534 
0.612608 -0.849315 -0.458737 
-0.952004 -0.939852 -0.417955 
-0.952004 -0.415392 -0.834962 
-0.952004 -0.824045 -0.881634 
-0.952004 -0.920765 0.617426 
-0.952004 -0.994539 -0.824076 
-0.939852 -0.415392 -0.805816 
-0.939852 -0.824045 -0.869146 
-0.939852 -0.920765 0.527082 
-0.939852 -0.994539 0.673731 
-0.415392 -0.824045 0.666447 
-0.415392 -0.920765 -0.723265 
-0.415392 -0.994539 -0.917837 
-0.824045 -0.920765 -0.783944 
-0.824045 -0.994539 -0.95792 
-0.920765 -0.994539 -0.424957 
-0.434953 -0.853351 0.525828 
-0.434953 -0.752033 -0.98557 
-0.434953 0.53369 0.594971 
-0.434953 0.57348 -0.846969 
-0.853351 0.53369 -0.458737 
-0.860778 -0.934594 -0.837422 
-0.860778 -0.752033 0.496904 
-0.860778 -0.975016 0.644006 
-0.860778 -0.742516 -0.440923 
-0.860778 0.53369 -0.916693 
-0.860778 0.57348 -0.835928 
-0.860778 -0.408272 -0.966287 
-0.934594 -0.752033 -0.394206 
-0.934594 -0.975016 -0.998421 
-0.934594 -0.742516 0.458996 
-0.934594 0.53369 -0.983908 
-0.934594 0.57348 -0.893766 
-0.934594 -0.408272 -0.962622 
-0.752033 -0.975016 -0.446913 
-0.752033 -0.742516 0.67194 
-0.752033 0.53369 -0.855347 
-0.752033 -0.827938 -0.980796 
-0.752033 0.57348 -0.686834 
-0.752033 -0.408272 -0.878576 
-0.975016 -0.742516 -0.837397 
-0.975016 0.53369 -0.992991 
-0.975016 0.57348 -0.973462 
-0.742516 0.53369 -0.865395 
-0.742516 -0.827938 -0.93603 
-0.742516 0.57348 -0.643999 
-0.742516 -0.408272 -0.824986 
-0.999084 -0.827938 0.634455 
-0.999084 0.57348 -0.832719 
-0.999084 -0.408272 -0.398848 
0.53369 0.57348 -0.458376 
0.53369 -0.408272 -0.843071 
-0.827938 0.57348 -0.422772 
-0.827938 -0.408272 0.617786 
0.57348 -0.408272 0.562014 
-0.998196 -0.911774 0.0342239 
-0.998196 -0.9764 -0.977749 
-0.998196 -0.799252 -0.975796 
-0.998196 0.539447 -0.996074 
-0.911774 0.522876 -0.987407 
-0.911774 0.539447 -0.965627 
-0.9764 -0.799252 0.538653 
-0.9764 -0.484058 -0.458521 
-0.9764 -0.825625 -0.737915 
-0.9764 -0.874923 -0.926244 
-0.9764 0.539447 -0.786336 
-0.9764 -0.973125 -0.819466 
-0.994428 -0.840736 0.644006 
-0.994428 -0.45213 -0.431734 
-0.994428 0.522876 -0.803665 
-0.799252 -0.484058 0.476186 
-0.799252 -0.825625 -0.357061 
-0.799252 0.522876 -0.989766 
-0.799252 -0.874923 -0.769796 
-0.799252 0.539447 -0.347271 
-0.799252 -0.983712 -0.970569 
-0.799252 -0.973125 -0.574973 
-0.484058 -0.825625 0.30891 
-0.484058 0.522876 -0.843118 
-0.484058 -0.874923 -0.389946 
-0.484058 0.539447 0.506002 
-0.484058 -0.983712 -0.814357 
-0.484058 -0.973125 -0.370311 
-0.840736 -0.45213 0.532183 
-0.840736 0.522876 -0.399939 
-0.840736 0.539447 -0.996239 
-0.45213 0.522876 0.597081 
-0.45213 0.539447 -0.842701 
-0.825625 0.522876 -0.967055 
-0.825625 -0.874923 0.425642 
-0.825625 0.539447 -0.437113 
-0.825625 -0.983712 -0.498458 
-0.825625 -0.973125 0.560561 
0.522876 -0.874923 -0.976887 
0.522876 0.539447 -0.431758 
-0.874923 0.539447 -0.637592 
-0.874923 -0.983712 0.578149 
-0.874923 -0.973125 -0.381026 
0.539447 -0.983712 -0.887345 
0.539447 -0.973125 -0.785875 
-0.983712 -0.973125 -0.789175 
0.0342239 0.484592 -0.412762 
0.0342239 -0.450825 0.543991 
0.0342239 -0.0539673 0.026035 
0.0342239 -0.996074 -0.965627 
0.484592 -0.450825 -0.44536 
0.484592 -0.0539673 0.49587 
-0.977749 -0.975796 0.538653 
-0.977749 -0.996074 -0.786336 
-0.975796 -0.996074 -0.347271 
-0.450825 -0.0539673 0.537613 
-0.840076 -0.397362 0.525828 
-0.397362 0.568391 -0.831224 
-0.397362 -0.411296 -0.998534 
-0.859616 -0.981537 0.571929 
-0.859616 -0.841461 -0.417955 
-0.859616 0.568391 -0.834962 
-0.859616 -0.411296 -0.881634 
-0.859616 -0.787785 0.617426 
-0.859616 -0.84281 -0.980854 
-0.859616 -0.937893 -0.824076 
-0.981537 -0.841461 -0.817438 
-0.981537 0.568391 -0.98288 
-0.981537 -0.787785 -0.415846 
-0.981537 -0.937893 -0.989595 
-0.841461 0.568391 -0.805816 
-0.841461 -0.411296 -0.869146 
-0.841461 -0.787785 0.527082 
-0.841461 -0.84281 -0.986344 
-0.841461 -0.937893 0.673731 
-0.970251 0.568391 -0.930914 
-0.970251 -0.411296 -0.946902 
-0.970251 -0.84281 -0.994871 
-0.970251 -0.985336 0.476496 
0.568391 -0.997008 -0.818713 
0.568391 -0.411296 0.666447 
0.568391 -0.787785 -0.723265 
0.568391 -0.84281 -0.427544 
0.568391 -0.937893 -0.917837 
0.568391 -0.985336 -0.982716 
-0.997008 -0.411296 -0.418297 
-0.997008 -0.84281 0.679429 
-0.411296 -0.787785 -0.783944 
-0.411296 -0.84281 0.521248 
-0.411296 -0.937893 -0.95792 
-0.787785 -0.84281 -0.932941 
-0.787785 -0.937893 -0.424957 
-0.412762 0.543991 -0.44536 
-0.412762 -0.994147 -0.980755 
-0.412762 0.026035 0.49587 
0.543991 -0.968384 -0.833374 
0.543991 -0.985759 -0.861623 
0.543991 -0.994147 -0.902755 
0.543991 0.026035 0.537613 
-0.968384 -0.985759 0.547819 
-0.968384 -0.994147 0.651164 
-0.968384 0.026035 -0.892657 
-0.985759 -0.994147 -0.42371 
-0.985759 0.026035 -0.96231 
-0.994147 0.026035 -0.895456 
-0.987407 -0.965627 -0.431758 
0.525828 0.594971 -0.458737 
-0.98557 0.594971 -0.855347 
-0.98557 -0.846969 -0.686834 
0.594971 -0.846969 -0.458376 
-0.983181 -0.962927 0.571929 
-0.983181 0.59534 -0.984817 
-0.962927 -0.354176 -0.983626 
-0.962927 0.50771 -0.989588 
-0.962927 0.59534 -0.998228 
-0.992084 -0.425613 -0.34895 
-0.992084 0.59534 -0.806261 
-0.992084 -0.822079 0.686732 
-0.354176 -0.985255 -0.394676 
-0.354176 -0.404237 -0.243704 
-0.354176 -0.425613 -0.990771 
-0.354176 -0.820377 -0.68383 
-0.354176 0.50771 0.491101 
-0.354176 0.59534 -0.808459 
-0.354176 -0.779122 0.639064 
-0.985255 -0.404237 -0.91757 
-0.985255 -0.820377 -0.977644 
-0.985255 0.50771 -0.842979 
-0.985255 -0.779122 0.560561 
-0.404237 -0.425613 -0.961473 
-0.404237 -0.820377 0.604142 
-0.404237 0.50771 0.420951 
-0.404237 0.59534 -0.78191 
-0.404237 -0.779122 -0.713629 
-0.425613 0.50771 -0.835769 
-0.425613 0.59534 0.531975 
-0.425613 -0.822079 0.657397 
-0.820377 0.50771 -0.486751 
-0.820377 0.59534 -0.970144 
-0.820377 -0.779122 -0.882039 
0.50771 0.59534 -0.451909 
0.50771 -0.822079 -0.999865 
0.50771 -0.779122 -0.455665 
0.59534 -0.822079 -0.38624 
0.59534 -0.779122 -0.976714 
-0.982682 -0.985347 -0.44536 
-0.982682 0.659388 -0.985875 
-0.982682 0.53288 -0.980755 
-0.982682 -0.949207 0.49587 
-0.354938 0.659388 0.571929 
-0.354938 -0.421183 -0.976311 
-0.354938 -0.963629 -0.417955 
-0.354938 0.53288 -0.805572 
-0.354938 -0.787143 0.617426 
-0.985347 -0.421183 -0.833374 
-0.985347 -0.840006 -0.861623 
-0.985347 0.53288 -0.902755 
-0.985347 -0.949207 0.537613 
0.659388 -0.421183 -0.820416 
0.659388 -0.840006 -0.998834 
0.659388 -0.963629 -0.817438 
0.659388 -0.998807 -0.983626 
0.659388 0.53288 -0.420826 
0.659388 -0.949207 -0.989226 
0.659388 -0.787143 -0.415846 
-0.421183 -0.840006 0.547819 
-0.421183 0.53288 0.651164 
-0.421183 -0.949207 -0.892657 
-0.840006 0.53288 -0.42371 
-0.840006 -0.949207 -0.96231 
-0.963629 -0.787143 0.527082 
-0.998807 -0.991563 0.639064 
0.53288 -0.949207 -0.895456 
0.53288 -0.787143 -0.973974 
0.53288 -0.991563 -0.999433 
-0.44536 -0.980755 -0.902755 
-0.44536 0.49587 0.537613 
-0.44536 -0.977108 -0.932916 
-0.985875 -0.980755 -0.420826 
-0.985875 0.49587 -0.989226 
-0.980755 0.49587 -0.895456 
0.49587 -0.977108 -0.881097 
0.538653 -0.458521 0.476186 
0.538653 -0.877536 -0.723135 
0.538653 -0.737915 -0.357061 
0.538653 -0.926244 -0.769796 
0.538653 -0.786336 -0.347271 
0.538653 -0.96966 -0.889519 
0.538653 0.582081 -0.436037 
0.538653 -0.991297 -0.909059 
0.538653 -0.979095 -0.914578 
0.538653 -0.431371 -0.840855 
0.538653 -0.819466 -0.574973 
-0.458521 -0.877536 -0.699278 
-0.458521 -0.737915 0.30891 
-0.458521 -0.926244 -0.389946 
-0.458521 -0.786336 0.506002 
-0.458521 -0.96966 -0.930466 
-0.458521 0.582081 -0.854574 
-0.458521 -0.991297 -0.946203 
-0.458521 -0.979095 -0.935531 
-0.458521 -0.819466 -0.370311 
-0.877536 -0.737915 -0.394676 
-0.877536 -0.926244 -0.815472 
-0.877536 -0.786336 -0.932191 
-0.877536 -0.96966 -0.243704 
-0.877536 0.582081 -0.978559 
-0.877536 -0.991297 -0.68383 
-0.877536 -0.979095 0.491101 
-0.877536 -0.819466 0.639064 
-0.860644 0.582081 -0.470821 
-0.860644 -0.431371 0.476496 
-0.737915 -0.926244 0.425642 
-0.737915 -0.786336 -0.437113 
-0.737915 -0.96966 -0.91757 
-0.737915 0.582081 -0.953521 
-0.737915 -0.991297 -0.977644 
-0.737915 -0.979095 -0.842979 
-0.737915 -0.819466 0.560561 
-0.926244 -0.786336 -0.637592 
-0.926244 -0.819466 -0.381026 
-0.786336 0.582081 -0.984169 
-0.786336 -0.819466 -0.785875 
-0.96966 -0.991297 0.604142 
-0.96966 -0.979095 0.420951 
-0.96966 -0.819466 -0.713629 
0.582081 -0.431371 0.605847 
0.582081 -0.819466 -0.969827 
-0.991297 -0.979095 -0.486751 
-0.991297 -0.819466 -0.882039 
-0.979095 -0.819466 -0.455665 
-0.831224 -0.998534 0.666447 
0.571929 -0.976311 -0.820416 
0.571929 -0.417955 -0.817438 
0.571929 -0.805572 -0.420826 
0.571929 -0.834962 -0.98288 
0.571929 0.617426 -0.415846 
0.571929 -0.824076 -0.989595 
0.571929 -0.984817 -0.998228 
-0.976311 -0.805572 0.651164 
-0.417955 -0.834962 -0.805816 
-0.417955 -0.881634 -0.869146 
-0.417955 -0.988176 -0.360604 
-0.417955 0.617426 0.527082 
-0.417955 -0.980854 -0.986344 
-0.417955 -0.824076 0.673731 
-0.805572 0.617426 -0.973974 
-0.834962 -0.881634 0.666447 
-0.834962 0.617426 -0.723265 
-0.834962 -0.980854 -0.427544 
-0.834962 -0.824076 -0.917837 
-0.881634 0.617426 -0.783944 
-0.881634 -0.980854 0.521248 
-0.881634 -0.824076 -0.95792 
-0.988176 0.617426 -0.824893 
-0.988176 -0.824076 0.565283 
0.617426 -0.980854 -0.932941 
0.617426 -0.824076 -0.424957 
0.617426 -0.984817 -0.995189 
-0.837422 0.496904 -0.394206 
-0.837422 0.644006 -0.998421 
-0.837422 -0.440923 0.458996 
-0.837422 -0.916693 -0.983908 
-0.837422 -0.835928 -0.893766 
-0.837422 -0.966287 -0.962622 
0.496904 0.644006 -0.446913 
0.496904 -0.440923 0.67194 
0.496904 -0.431734 -0.853417 
0.496904 -0.916693 -0.855347 
0.496904 -0.803665 -0.989968 
0.496904 -0.835928 -0.686834 
0.496904 -0.966287 -0.878576 
0.644006 -0.440923 -0.837397 
0.644006 -0.431734 0.532183 
0.644006 -0.916693 -0.992991 
0.644006 -0.803665 -0.399939 
0.644006 -0.835928 -0.973462 
-0.440923 -0.916693 -0.865395 
-0.440923 -0.835928 -0.643999 
-0.440923 -0.966287 -0.824986 
-0.431734 -0.803665 0.597081 
-0.916693 -0.835928 -0.458376 
-0.916693 -0.966287 -0.843071 
-0.835928 -0.966287 0.562014 
0.476186 -0.723135 -0.699278 
0.476186 -0.357061 0.30891 
0.476186 -0.989766 -0.843118 
0.476186 -0.954952 -0.993251 
0.476186 -0.769796 -0.389946 
0.476186 -0.347271 0.506002 
0.476186 -0.970569 -0.814357 
0.476186 -0.889519 -0.930466 
0.476186 -0.436037 -0.854574 
0.476186 -0.909059 -0.946203 
0.476186 -0.914578 -0.935531 
0.476186 -0.574973 -0.370311 
-0.723135 -0.357061 -0.394676 
-0.723135 -0.954952 -0.93414 
-0.723135 -0.769796 -0.815472 
-0.723135 -0.347271 -0.932191 
-0.723135 -0.970569 -0.981295 
-0.723135 -0.889519 -0.243704 
-0.723135 -0.436037 -0.978559 
-0.723135 -0.909059 -0.68383 
-0.723135 -0.914578 0.491101 
-0.723135 -0.574973 0.639064 
-0.357061 -0.989766 -0.967055 
-0.357061 -0.769796 0.425642 
-0.357061 -0.347271 -0.437113 
-0.357061 -0.970569 -0.498458 
-0.357061 -0.889519 -0.91757 
-0.357061 -0.436037 -0.953521 
-0.357061 -0.909059 -0.977644 
-0.357061 -0.914578 -0.842979 
-0.357061 -0.574973 0.560561 
-0.989766 -0.769796 -0.976887 
-0.989766 -0.347271 -0.431758 
-0.954952 -0.889519 -0.446205 
-0.954952 -0.909059 0.505171 
-0.954952 -0.914578 -0.8735 
-0.769796 -0.347271 -0.637592 
-0.769796 -0.970569 0.578149 
-0.769796 -0.574973 -0.381026 
-0.347271 -0.970569 -0.887345 
-0.347271 -0.436037 -0.984169 
-0.347271 -0.574973 -0.785875 
-0.970569 -0.574973 -0.789175 
-0.889519 -0.909059 0.604142 
-0.889519 -0.914578 0.420951 
-0.889519 -0.574973 -0.713629 
-0.436037 -0.840855 0.605847 
-0.436037 -0.574973 -0.969827 
-0.909059 -0.914578 -0.486751 
-0.909059 -0.574973 -0.882039 
-0.914578 -0.574973 -0.455665 
-0.944485 -0.833374 -0.48003 
-0.944485 -0.861623 0.483346 
-0.944485 -0.902755 -0.853669 
-0.979434 0.537613 -0.997883 
-0.979434 -0.932916 -0.421798 
-0.833374 -0.861623 0.547819 
-0.833374 -0.902755 0.651164 
-0.833374 0.537613 -0.892657 
-0.833374 -0.932916 -0.999149 
-0.861623 -0.902755 -0.42371 
-0.861623 0.537613 -0.96231 
-0.902755 0.537613 -0.895456 
0.537613 -0.932916 -0.881097 
-0.458627 -0.764315 0.441128 
-0.458627 0.458996 -0.871121 
-0.458627 -0.738072 0.480578 
-0.458627 0.617575 0.494697 
-0.458627 -0.898464 -0.460774 
-0.764315 0.458996 -0.982836 
-0.764315 -0.738072 -0.412299 
-0.764315 0.617575 -0.32262 
-0.764315 -0.898464 -0.830575 
-0.394206 -0.998421 -0.446913 
-0.394206 0.458996 0.67194 
-0.394206 -0.983908 -0.855347 
-0.394206 -0.893766 -0.686834 
-0.394206 -0.962622 -0.878576 
-0.394206 0.617575 -0.823534 
-0.998421 0.458996 -0.837397 
-0.998421 -0.983908 -0.992991 
-0.998421 -0.893766 -0.973462 
0.458996 -0.983908 -0.865395 
0.458996 -0.893766 -0.643999 
0.458996 -0.962622 -0.824986 
0.458996 -0.738072 -0.966677 
0.458996 0.617575 -0.462859 
-0.983908 -0.893766 -0.458376 
-0.983908 -0.962622 -0.843071 
-0.893766 -0.962622 0.562014 
-0.738072 0.617575 -0.2888 
-0.738072 -0.898464 0.608226 
0.617575 -0.898464 -0.707147 
0.441128 -0.871121 -0.982836 
0.441128 0.480578 -0.412299 
0.441128 -0.850822 -0.421798 
0.441128 0.494697 -0.32262 
0.441128 -0.460774 -0.830575 
-0.871121 0.480578 -0.966677 
-0.871121 0.494697 -0.462859 
-0.892477 0.480578 -0.525258 
-0.892477 0.494697 -0.96454 
-0.892477 -0.460774 0.342978 
0.480578 0.494697 -0.2888 
0.480578 -0.460774 0.608226 
-0.850822 0.494697 -0.933944 
0.494697 -0.460774 -0.707147 
-0.820416 -0.998834 0.547819 
-0.820416 -0.420826 0.651164 
-0.820416 -0.989226 -0.892657 
-0.998834 -0.420826 -0.42371 
-0.998834 -0.989226 -0.96231 
-0.998834 -0.998228 -0.993625 
-0.817438 -0.98288 -0.805816 
-0.817438 -0.415846 0.527082 
-0.817438 -0.989595 0.673731 
-0.983626 -0.989588 0.491101 
-0.983626 -0.998228 -0.808459 
-0.420826 -0.989226 -0.895456 
-0.420826 -0.415846 -0.973974 
-0.98288 -0.415846 -0.723265 
-0.98288 -0.989595 -0.917837 
-0.415846 -0.989595 -0.424957 
-0.415846 -0.998228 -0.995189 
-0.989588 -0.998228 -0.451909 
-0.48003 0.483346 0.547819 
-0.48003 -0.853669 0.651164 
-0.48003 -0.34895 -0.982352 
-0.48003 0.686732 -0.832007 
0.483346 -0.853669 -0.42371 
0.483346 -0.34895 -0.807498 
0.483346 -0.806261 -0.993625 
0.483346 0.686732 -0.423942 
-0.853669 0.686732 -0.998593 
-0.34895 -0.806261 0.531975 
-0.34895 0.686732 0.657397 
-0.806261 0.686732 -0.38624 
-0.699278 0.30891 -0.394676 
-0.699278 -0.993251 -0.93414 
-0.699278 -0.389946 -0.815472 
-0.699278 0.506002 -0.932191 
-0.699278 -0.814357 -0.981295 
-0.699278 -0.930466 -0.243704 
-0.699278 -0.854574 -0.978559 
-0.699278 -0.946203 -0.68383 
-0.699278 -0.935531 0.491101 
-0.699278 -0.370311 0.639064 
0.30891 -0.843118 -0.967055 
0.30891 -0.389946 0.425642 
0.30891 0.506002 -0.437113 
0.30891 -0.814357 -0.498458 
0.30891 -0.930466 -0.91757 
0.30891 -0.854574 -0.953521 
0.30891 -0.946203 -0.977644 
0.30891 -0.935531 -0.842979 
0.30891 -0.370311 0.560561 
-0.843118 -0.389946 -0.976887 
-0.843118 0.506002 -0.431758 
-0.993251 -0.930466 -0.446205 
-0.993251 -0.946203 0.505171 
-0.993251 -0.935531 -0.8735 
-0.389946 0.506002 -0.637592 
-0.389946 -0.814357 0.578149 
-0.389946 -0.370311 -0.381026 
0.506002 -0.814357 -0.887345 
0.506002 -0.854574 -0.984169 
0.506002 -0.370311 -0.785875 
-0.814357 -0.370311 -0.789175 
-0.930466 -0.946203 0.604142 
-0.930466 -0.935531 0.420951 
-0.930466 -0.370311 -0.713629 
-0.854574 -0.370311 -0.969827 
-0.946203 -0.935531 -0.486751 
-0.946203 -0.370311 -0.882039 
-0.935531 -0.370311 -0.455665 
-0.982836 -0.412299 -0.966677 
-0.982836 -0.32262 -0.462859 
-0.997883 -0.829539 -0.956511 
-0.997883 -0.421798 -0.881097 
-0.829539 -0.421798 0.578149 
-0.412299 -0.32262 -0.2888 
-0.412299 -0.830575 0.608226 
-0.421798 -0.32262 -0.933944 
-0.32262 -0.830575 -0.707147 
0.547819 0.651164 -0.42371 
0.547819 -0.892657 -0.96231 
0.547819 -0.982352 -0.807498 
0.547819 -0.832007 -0.423942 
0.651164 -0.892657 -0.895456 
0.651164 -0.832007 -0.998593 
-0.892657 -0.999149 -0.881097 
-0.982352 -0.832007 0.657397 
-0.446913 0.67194 -0.837397 
-0.446913 -0.853417 0.532183 
-0.446913 -0.855347 -0.992991 
-0.446913 -0.989968 -0.399939 
-0.446913 -0.686834 -0.973462 
0.67194 -0.855347 -0.865395 
0.67194 -0.980796 -0.93603 
0.67194 -0.686834 -0.643999 
0.67194 -0.878576 -0.824986 
0.67194 -0.823534 -0.462859 
-0.853417 -0.989968 0.597081 
-0.855347 -0.686834 -0.458376 
-0.855347 -0.878576 -0.843071 
-0.980796 -0.686834 -0.422772 
-0.980796 -0.878576 0.617786 
-0.686834 -0.878576 0.562014 
-0.837397 -0.992991 -0.865395 
-0.837397 -0.973462 -0.643999 
0.532183 -0.399939 0.597081 
0.532183 -0.996239 -0.842701 
-0.992991 -0.973462 -0.458376 
-0.399939 -0.996239 -0.431758 
-0.42371 -0.96231 -0.895456 
-0.42371 -0.423942 -0.998593 
-0.807498 -0.993625 0.531975 
-0.807498 -0.423942 0.657397 
-0.993625 -0.423942 -0.38624 
-0.805816 -0.869146 0.666447 
-0.805816 0.527082 -0.723265 
-0.805816 -0.986344 -0.427544 
-0.805816 0.673731 -0.917837 
-0.869146 0.527082 -0.783944 
-0.869146 -0.986344 0.521248 
-0.869146 0.673731 -0.95792 
-0.360604 0.527082 -0.824893 
-0.360604 0.673731 0.565283 
-0.360604 -0.82028 0.532745 
0.527082 -0.986344 -0.932941 
0.527082 0.673731 -0.424957 
0.673731 -0.82028 -0.458048 
-0.865395 -0.643999 -0.458376 
-0.865395 -0.824986 -0.843071 
-0.93603 -0.643999 -0.422772 
-0.93603 -0.824986 0.617786 
-0.643999 -0.824986 0.562014 
-0.966677 -0.462859 -0.2888 
-0.394676 -0.815472 0.425642 
-0.394676 -0.932191 -0.437113 
-0.394676 -0.981295 -0.498458 
-0.394676 -0.243704 -0.91757 
-0.394676 -0.978559 -0.953521 
-0.394676 -0.68383 -0.977644 
-0.394676 0.491101 -0.842979 
-0.394676 0.639064 0.560561 
-0.93414 -0.243704 -0.446205 
-0.93414 -0.68383 0.505171 
-0.93414 0.491101 -0.8735 
-0.815472 -0.932191 -0.637592 
-0.815472 -0.981295 0.578149 
-0.815472 0.639064 -0.381026 
-0.932191 -0.981295 -0.887345 
-0.932191 -0.978559 -0.984169 
-0.932191 0.639064 -0.785875 
-0.981295 0.639064 -0.789175 
-0.243704 -0.990771 -0.961473 
-0.243704 -0.68383 0.604142 
-0.243704 0.491101 0.420951 
-0.243704 -0.808459 -0.78191 
-0.243704 0.639064 -0.713629 
-0.990771 0.491101 -0.835769 
-0.990771 -0.808459 0.531975 
-0.978559 0.639064 -0.969827 
-0.68383 0.491101 -0.486751 
-0.68383 -0.808459 -0.970144 
-0.68383 0.639064 -0.882039 
0.491101 -0.808459 -0.451909 
0.491101 0.639064 -0.455665 
-0.808459 0.639064 -0.976714 
-0.930914 -0.946902 0.666447 
-0.930914 0.634455 -0.987863 
-0.930914 -0.994871 -0.427544 
-0.930914 0.476496 -0.982716 
-0.946902 0.634455 -0.974481 
-0.946902 -0.994871 0.521248 
0.634455 -0.832719 -0.422772 
0.634455 -0.994871 -0.994815 
0.634455 -0.398848 0.617786 
0.634455 -0.470821 -0.833084 
0.634455 0.476496 -0.426672 
-0.832719 -0.398848 0.562014 
-0.398848 0.476496 -0.834886 
-0.470821 0.476496 0.605847 
-0.818713 0.666447 -0.418297 
-0.818713 -0.427544 0.679429 
0.666447 -0.987863 -0.974481 
0.666447 -0.723265 -0.783944 
0.666447 -0.427544 0.521248 
0.666447 -0.917837 -0.95792 
-0.987863 -0.427544 -0.994815 
-0.987863 -0.982716 -0.426672 
-0.723265 -0.427544 -0.932941 
-0.723265 -0.917837 -0.424957 
-0.418297 0.679429 0.521248 
-0.418297 0.342978 -0.878343 
0.679429 -0.525258 -0.866541 
0.679429 0.342978 -0.500511 
-0.525258 -0.96454 -0.2888 
-0.525258 0.342978 0.608226 
-0.96454 0.342978 -0.707147 
-0.974481 0.521248 -0.994815 
-0.783944 0.521248 -0.932941 
-0.783944 -0.95792 -0.424957 
0.521248 -0.878343 -0.500511 
-0.956511 -0.881097 0.578149 
0.597081 -0.842701 -0.431758 
-0.458376 -0.843071 0.562014 
-0.422772 0.617786 0.562014 
0.617786 -0.426672 -0.834886 
-0.833084 -0.426672 0.605847 
-0.824893 0.565283 -0.424957 
0.565283 0.532745 -0.458048 
0.565283 -0.485083 -0.86566 
0.532745 -0.84853 -0.446205 
0.532745 -0.485083 0.505171 
-0.84853 -0.485083 0.604142 
-0.967055 0.425642 -0.976887 
-0.967055 -0.437113 -0.431758 
0.425642 -0.437113 -0.637592 
0.425642 -0.498458 0.578149 
0.425642 0.560561 -0.381026 
-0.437113 -0.498458 -0.887345 
-0.437113 -0.953521 -0.984169 
-0.437113 0.560561 -0.785875 
-0.498458 0.560561 -0.789175 
-0.91757 -0.977644 0.604142 
-0.91757 -0.842979 0.420951 
-0.91757 0.560561 -0.713629 
-0.953521 0.560561 -0.969827 
-0.977644 -0.842979 -0.486751 
-0.977644 0.560561 -0.882039 
-0.842979 0.560561 -0.455665 
-0.976887 -0.431758 -0.637592 
-0.866541 -0.500511 0.608226 
-0.458048 -0.86566 0.505171 
-0.446205 0.505171 0.604142 
-0.446205 -0.8735 0.420951 
0.505171 -0.8735 -0.486751 
-0.637592 0.578149 -0.887345 
-0.637592 -0.381026 -0.785875 
0.578149 -0.381026 -0.789175 
-0.887345 -0.785875 -0.789175 
-0.984169 -0.785875 -0.969827 
-0.2888 0.608226 -0.707147 
-0.961473 0.420951 -0.835769 
-0.961473 -0.78191 0.531975 
0.604142 0.420951 -0.486751 
0.604142 -0.78191 -0.970144 
0.604142 -0.713629 -0.882039 
0.420951 -0.78191 -0.451909 
0.420951 -0.713629 -0.455665 
-0.78191 -0.713629 -0.976714 
-0.835769 0.531975 -0.451909 
-0.835769 0.657397 -0.999865 
0.531975 0.657397 -0.38624 
-0.486751 -0.970144 -0.451909 
-0.486751 -0.882039 -0.455665 
-0.970144 -0.882039 -0.976714 
-0.451909 -0.999865 -0.38624 
-0.451909 -0.455665 -0.976714 
