-0.798768 0.589055 -0.912232 
-0.798768 -0.854579 0.62162 
-0.798768 0.568002 -0.967099 
-0.798768 -0.77544 -0.432481 
-0.798768 -0.917571 -0.92585 
-0.798768 -0.776107 0.517829 
-0.798768 -0.987471 -0.994675 
-0.798768 -0.937806 -0.429889 
-0.798768 -0.890589 -0.848321 
-0.798768 -0.874573 -0.895547 
-0.798768 -0.961 -0.953631 
-0.969578 0.589055 -0.840688 
-0.969578 -0.77544 -0.417657 
-0.969578 -0.385676 -0.882565 
-0.969578 -0.776107 -0.832957 
-0.969578 -0.890589 0.635633 
0.589055 -0.854579 -0.98086 
0.589055 0.568002 -0.0146372 
0.589055 -0.77544 -0.723883 
0.589055 -0.385676 0.552456 
0.589055 -0.917571 -0.908041 
0.589055 -0.776107 -0.829342 
0.589055 -0.987471 -0.944951 
0.589055 -0.429015 -0.444978 
0.589055 -0.463769 -0.10999 
0.589055 -0.890589 -0.770668 
0.589055 -0.874573 -0.925493 
-0.854579 0.568002 -0.976145 
-0.854579 -0.77544 -0.822414 
-0.854579 -0.917571 -0.985145 
-0.854579 -0.776107 -0.423715 
-0.854579 -0.937806 0.561339 
-0.854579 -0.874573 -0.918042 
-0.854579 -0.961 -0.929492 
0.568002 -0.77544 -0.974815 
0.568002 -0.385676 -0.40271 
0.568002 -0.917571 -0.932969 
0.568002 -0.776107 -0.973904 
0.568002 -0.429015 0.486419 
0.568002 -0.463769 -0.0730398 
0.568002 -0.874573 -0.863728 
0.568002 -0.961 -0.937275 
-0.77544 -0.385676 -0.916488 
-0.77544 -0.917571 -0.959938 
-0.77544 -0.776107 0.62271 
-0.77544 -0.987471 -0.960961 
-0.77544 -0.937806 -0.997729 
-0.77544 -0.890589 0.56619 
-0.385676 -0.917571 -0.958301 
-0.385676 -0.776107 -0.990397 
-0.385676 -0.987471 -0.962402 
-0.385676 -0.429015 -0.383989 
-0.385676 -0.463769 0.525667 
-0.385676 -0.890589 -0.8923 
-0.385676 -0.874573 -0.990318 
-0.917571 -0.776107 -0.944576 
-0.917571 -0.987471 0.605205 
-0.917571 -0.429015 -0.981992 
-0.917571 -0.463769 -0.986307 
-0.917571 -0.874573 0.475665 
-0.917571 -0.961 -0.427079 
-0.776107 -0.987471 -0.978069 
-0.776107 -0.937806 -0.841399 
-0.776107 -0.890589 -0.428702 
-0.776107 -0.874573 -0.963573 
-0.987471 -0.890589 -0.993421 
-0.987471 -0.984792 -0.994344 
-0.987471 -0.874573 -0.473985 
-0.987471 -0.961 -0.836332 
-0.429015 -0.463769 0.574503 
-0.429015 -0.874573 -0.944494 
-0.429015 -0.961 -0.995865 
-0.937806 -0.874573 -0.959803 
-0.937806 -0.961 -0.926469 
-0.463769 -0.874573 -0.988358 
-0.874573 -0.961 0.65826 
-0.971678 -0.956451 -0.468031 
-0.971678 -0.864744 -0.792752 
-0.971678 -0.430534 -0.837992 
-0.971678 -0.956493 0.601862 
-0.971678 0.514217 -0.918013 
-0.975324 -0.451734 -0.477027 
-0.975324 0.639146 -0.796238 
-0.975324 -0.766023 -0.745197 
-0.975324 -0.791495 0.614804 
-0.975324 -0.94513 -0.921252 
-0.451734 0.639146 0.472819 
-0.451734 -0.430534 -0.991296 
-0.451734 -0.766023 0.434801 
-0.451734 0.514217 -0.848101 
-0.451734 -0.791495 0.433918 
-0.451734 -0.94513 -0.453784 
-0.956451 -0.864744 0.450372 
-0.956451 -0.430534 -0.393688 
-0.956451 -0.956493 0.482256 
-0.956451 0.514217 -0.786346 
0.639146 -0.864744 -0.983852 
0.639146 -0.430534 -0.784316 
0.639146 -0.766023 -0.388556 
0.639146 0.514217 -0.396235 
0.639146 -0.791495 -0.354316 
0.639146 -0.94513 -0.788503 
-0.864744 -0.430534 0.385459 
-0.864744 -0.956493 -0.403112 
-0.864744 0.514217 -0.507086 
-0.430534 -0.956493 -0.641403 
-0.430534 0.514217 0.606713 
-0.956493 0.514217 -0.845817 
-0.766023 0.514217 -0.984038 
-0.766023 -0.791495 -0.353377 
-0.766023 -0.94513 0.705195 
0.514217 -0.791495 -0.965883 
-0.791495 -0.94513 -0.759237 
-0.912232 0.62162 -0.98086 
-0.912232 -0.967099 -0.0146372 
-0.912232 -0.432481 -0.723883 
-0.912232 -0.92585 -0.908041 
-0.912232 0.517829 -0.829342 
-0.912232 -0.994675 -0.944951 
-0.912232 -0.848321 -0.770668 
-0.912232 -0.895547 -0.925493 
0.62162 -0.967099 -0.976145 
0.62162 -0.432481 -0.822414 
0.62162 -0.92585 -0.985145 
0.62162 0.517829 -0.423715 
0.62162 -0.996485 -0.957327 
0.62162 -0.984722 -0.963104 
0.62162 -0.429889 0.561339 
0.62162 -0.833479 -0.426696 
0.62162 -0.895547 -0.918042 
0.62162 -0.953631 -0.929492 
-0.967099 -0.432481 -0.974815 
-0.967099 -0.92585 -0.932969 
-0.967099 0.517829 -0.973904 
-0.967099 -0.996485 -0.999252 
-0.967099 -0.895547 -0.863728 
-0.967099 -0.953631 -0.937275 
-0.432481 -0.92585 -0.959938 
-0.432481 0.517829 0.62271 
-0.432481 -0.994675 -0.960961 
-0.432481 -0.429889 -0.997729 
-0.432481 -0.848321 0.56619 
-0.92585 0.517829 -0.944576 
-0.92585 -0.994675 0.605205 
-0.92585 -0.895547 0.475665 
-0.92585 -0.953631 -0.427079 
0.517829 -0.994675 -0.978069 
0.517829 -0.429889 -0.841399 
0.517829 -0.848321 -0.428702 
0.517829 -0.895547 -0.963573 
-0.996485 -0.984722 0.62302 
-0.996485 -0.429889 -0.974615 
-0.994675 -0.848321 -0.993421 
-0.994675 -0.895547 -0.473985 
-0.994675 -0.953631 -0.836332 
-0.984722 -0.429889 -0.996612 
-0.429889 -0.833479 0.604115 
-0.429889 -0.895547 -0.959803 
-0.429889 -0.953631 -0.926469 
-0.833479 -0.953631 -0.960858 
-0.895547 -0.953631 0.65826 
-0.95982 -0.882565 -0.990616 
-0.95982 0.635633 -0.997338 
-0.95982 0.525029 -0.958256 
-0.95982 -0.975214 0.601862 
-0.840688 -0.417657 -0.723883 
-0.840688 -0.882565 0.552456 
-0.840688 -0.832957 -0.829342 
-0.840688 0.635633 -0.770668 
-0.840688 0.525029 -0.942973 
-0.417657 -0.882565 -0.916488 
-0.417657 -0.832957 0.62271 
-0.417657 0.635633 0.56619 
-0.417657 0.525029 -0.846247 
-0.882565 -0.832957 -0.990397 
-0.882565 0.635633 -0.8923 
-0.882565 0.525029 -0.924625 
-0.882565 -0.975214 -0.983057 
-0.832957 0.635633 -0.428702 
0.635633 0.525029 -0.442585 
0.635633 -0.975214 -0.980018 
0.635633 -0.407102 -0.822871 
-0.847678 0.525029 -0.451158 
-0.847678 -0.407102 0.499645 
0.525029 -0.407102 0.622685 
-0.990616 -0.974108 -0.958301 
-0.990616 -0.785438 -0.962402 
-0.990616 -0.997338 -0.8923 
-0.990616 -0.958256 -0.924625 
-0.990616 0.601862 -0.983057 
-0.974108 -0.785438 0.605205 
-0.974108 -0.468031 -0.506023 
-0.974108 -0.792752 -0.765123 
-0.974108 -0.837992 -0.988515 
-0.974108 0.601862 -0.790456 
-0.974108 -0.964423 -0.71564 
-0.986872 -0.824662 0.638329 
-0.986872 -0.418627 -0.406675 
-0.986872 0.540251 -0.812496 
-0.785438 -0.468031 0.377693 
-0.785438 -0.997338 -0.993421 
-0.785438 -0.792752 -0.37704 
-0.785438 0.540251 -0.988237 
-0.785438 -0.837992 -0.833589 
-0.785438 0.601862 -0.331453 
-0.785438 -0.918013 -0.994344 
-0.785438 -0.964423 -0.467848 
-0.468031 -0.792752 0.450372 
-0.468031 0.540251 -0.856097 
-0.468031 -0.837992 -0.393688 
-0.468031 0.601862 0.482256 
-0.468031 -0.918013 -0.786346 
-0.468031 -0.964423 -0.269002 
-0.824662 -0.418627 0.568851 
-0.824662 0.540251 -0.409212 
-0.824662 0.601862 -0.992788 
-0.418627 0.540251 0.643023 
-0.418627 0.601862 -0.827385 
-0.997338 -0.958256 -0.442585 
-0.997338 0.601862 -0.980018 
-0.792752 0.540251 -0.971067 
-0.792752 -0.837992 0.385459 
-0.792752 0.601862 -0.403112 
-0.792752 -0.918013 -0.507086 
-0.792752 -0.964423 0.515408 
0.540251 -0.958256 -0.977442 
0.540251 -0.837992 -0.964185 
0.540251 0.601862 -0.438836 
0.540251 -0.918013 -0.984307 
-0.837992 0.601862 -0.641403 
-0.837992 -0.918013 0.606713 
-0.837992 -0.964423 -0.412205 
0.601862 -0.918013 -0.845817 
0.601862 -0.964423 -0.765409 
-0.918013 -0.964423 -0.826826 
-0.98086 -0.0146372 -0.976145 
-0.98086 -0.723883 -0.822414 
-0.98086 -0.908041 -0.985145 
-0.98086 -0.829342 -0.423715 
-0.98086 -0.925493 -0.918042 
-0.0146372 -0.723883 -0.974815 
-0.0146372 0.552456 -0.40271 
-0.0146372 -0.908041 -0.932969 
-0.0146372 -0.829342 -0.973904 
-0.0146372 -0.444978 0.486419 
-0.0146372 -0.10999 -0.0730398 
-0.0146372 -0.925493 -0.863728 
-0.723883 0.552456 -0.916488 
-0.723883 -0.908041 -0.959938 
-0.723883 -0.829342 0.62271 
-0.723883 -0.944951 -0.960961 
-0.723883 -0.770668 0.56619 
-0.723883 -0.942973 -0.846247 
0.552456 -0.908041 -0.958301 
0.552456 -0.829342 -0.990397 
0.552456 -0.944951 -0.962402 
0.552456 -0.444978 -0.383989 
0.552456 -0.10999 0.525667 
0.552456 -0.770668 -0.8923 
0.552456 -0.942973 -0.924625 
0.552456 -0.925493 -0.990318 
-0.908041 -0.829342 -0.944576 
-0.908041 -0.944951 0.605205 
-0.908041 -0.444978 -0.981992 
-0.908041 -0.10999 -0.986307 
-0.908041 -0.925493 0.475665 
-0.829342 -0.944951 -0.978069 
-0.829342 -0.770668 -0.428702 
-0.829342 -0.925493 -0.963573 
-0.944951 -0.770668 -0.993421 
-0.944951 -0.925493 -0.473985 
-0.444978 -0.10999 0.574503 
-0.444978 -0.925493 -0.944494 
-0.10999 -0.925493 -0.988358 
-0.770668 -0.942973 -0.442585 
-0.976145 -0.822414 -0.974815 
-0.976145 -0.985145 -0.932969 
-0.976145 -0.423715 -0.973904 
-0.976145 -0.957327 -0.999252 
-0.976145 -0.981343 -0.982135 
-0.976145 -0.918042 -0.863728 
-0.976145 -0.929492 -0.937275 
-0.822414 -0.985145 -0.959938 
-0.822414 -0.423715 0.62271 
-0.822414 0.561339 -0.997729 
-0.985145 -0.423715 -0.944576 
-0.985145 -0.964257 -0.822493 
-0.985145 -0.918042 0.475665 
-0.985145 -0.929492 -0.427079 
-0.423715 0.561339 -0.841399 
-0.423715 -0.918042 -0.963573 
-0.957327 -0.963104 0.62302 
-0.957327 0.561339 -0.974615 
-0.957327 -0.981343 0.651642 
-0.963104 0.561339 -0.996612 
-0.963104 -0.981343 -0.384794 
-0.964257 0.561339 -0.922352 
-0.964257 -0.426696 -0.911118 
-0.964257 -0.865544 -0.959479 
-0.964257 -0.918042 -0.393278 
-0.964257 -0.929492 0.585527 
0.561339 -0.426696 0.604115 
0.561339 -0.981343 -0.98649 
0.561339 -0.865544 -0.479298 
0.561339 -0.918042 -0.959803 
0.561339 -0.929492 -0.926469 
-0.426696 -0.865544 0.438779 
-0.426696 -0.929492 -0.960858 
-0.918042 -0.929492 0.65826 
-0.974815 -0.40271 -0.916488 
-0.974815 -0.932969 -0.959938 
-0.974815 -0.973904 0.62271 
-0.40271 -0.932969 -0.958301 
-0.40271 -0.973904 -0.990397 
-0.40271 0.486419 -0.383989 
-0.40271 -0.0730398 0.525667 
-0.40271 -0.863728 -0.990318 
-0.932969 -0.973904 -0.944576 
-0.932969 0.486419 -0.981992 
-0.932969 -0.0730398 -0.986307 
-0.932969 -0.863728 0.475665 
-0.932969 -0.937275 -0.427079 
-0.973904 -0.863728 -0.963573 
-0.999252 0.486419 -0.811628 
-0.999252 -0.987325 -0.394589 
-0.999252 -0.0730398 -0.904828 
-0.999252 -0.982135 0.651642 
0.486419 -0.987325 -0.850205 
0.486419 -0.0730398 0.574503 
0.486419 -0.982135 -0.797399 
0.486419 -0.863728 -0.944494 
0.486419 -0.937275 -0.995865 
-0.987325 -0.0730398 -0.958788 
-0.987325 -0.982135 0.591855 
-0.0730398 -0.982135 -0.923005 
-0.0730398 -0.863728 -0.988358 
-0.863728 -0.937275 0.65826 
-0.916488 -0.959938 -0.958301 
-0.916488 0.62271 -0.990397 
-0.916488 -0.960961 -0.962402 
-0.916488 0.56619 -0.8923 
-0.916488 -0.846247 -0.924625 
-0.959938 0.62271 -0.944576 
-0.959938 -0.960961 0.605205 
0.62271 -0.960961 -0.978069 
0.62271 -0.997729 -0.841399 
0.62271 0.56619 -0.428702 
-0.960961 0.56619 -0.993421 
0.56619 -0.846247 -0.442585 
-0.398253 -0.983941 -0.424982 
-0.398253 -0.971267 -0.95162 
-0.398253 -0.314183 -0.282842 
-0.398253 -0.773447 -0.723564 
-0.398253 0.542448 0.386894 
-0.398253 0.713358 -0.806411 
-0.398253 -0.793402 0.672317 
-0.983941 -0.314183 -0.922007 
-0.983941 0.542448 -0.853653 
-0.983941 -0.793402 0.515408 
-0.971267 -0.314183 -0.409326 
-0.971267 -0.773447 0.608876 
-0.971267 0.542448 -0.845515 
-0.971267 -0.793402 -0.999266 
-0.314183 -0.41884 -0.940784 
-0.314183 -0.773447 0.589066 
-0.314183 0.542448 0.506833 
-0.314183 0.713358 -0.703182 
-0.314183 -0.793402 -0.647949 
-0.41884 0.542448 -0.834708 
-0.41884 0.713358 0.510667 
-0.41884 -0.845829 0.483096 
-0.773447 0.542448 -0.44708 
-0.773447 0.713358 -0.920408 
-0.773447 -0.793402 -0.863936 
0.542448 0.713358 -0.383543 
0.542448 -0.793402 -0.442632 
0.713358 -0.845829 -0.492007 
0.713358 -0.793402 -0.978098 
-0.453224 -0.951713 -0.811628 
-0.453224 0.482022 0.62302 
-0.453224 -0.993046 -0.394589 
-0.453224 0.510476 -0.859056 
-0.453224 -0.937246 -0.904828 
-0.453224 -0.832911 0.651642 
-0.951713 0.482022 -0.886975 
-0.951713 -0.993046 -0.850205 
-0.951713 -0.937246 0.574503 
-0.951713 -0.832911 -0.797399 
0.482022 -0.483472 -0.87515 
0.482022 -0.993046 -0.807441 
0.482022 0.510476 -0.501998 
0.482022 -0.937246 -0.919051 
0.482022 -0.832911 -0.384794 
-0.483472 -0.857051 0.624726 
-0.483472 0.510476 0.481251 
-0.857051 0.510476 -0.465349 
-0.993046 -0.937246 -0.958788 
-0.993046 -0.832911 0.591855 
0.510476 -0.937246 -0.984021 
-0.937246 -0.832911 -0.923005 
-0.958301 -0.990397 -0.944576 
-0.958301 -0.962402 0.605205 
-0.958301 -0.383989 -0.981992 
-0.958301 0.525667 -0.986307 
-0.958301 -0.983057 -0.790456 
-0.958301 -0.990318 0.475665 
-0.990397 -0.962402 -0.978069 
-0.990397 -0.8923 -0.428702 
-0.990397 -0.990318 -0.963573 
-0.962402 -0.8923 -0.993421 
-0.962402 -0.983057 -0.331453 
-0.962402 -0.990318 -0.473985 
-0.383989 0.525667 0.574503 
-0.383989 -0.990318 -0.944494 
0.525667 -0.990318 -0.988358 
-0.8923 -0.924625 -0.442585 
-0.8923 -0.983057 -0.980018 
-0.983057 -0.990318 -0.993764 
-0.944576 0.605205 -0.978069 
-0.944576 0.475665 -0.963573 
0.605205 -0.506023 0.377693 
0.605205 -0.843001 -0.766092 
0.605205 -0.822493 -0.995448 
0.605205 -0.765123 -0.37704 
0.605205 -0.911636 -0.977364 
0.605205 -0.988515 -0.833589 
0.605205 -0.790456 -0.331453 
0.605205 -0.89302 -0.903259 
0.605205 0.475665 -0.473985 
0.605205 -0.855298 -0.91687 
0.605205 -0.960666 -0.945175 
0.605205 -0.427079 -0.836332 
0.605205 -0.71564 -0.467848 
-0.981992 -0.986307 0.574503 
-0.981992 -0.997134 -0.922699 
-0.981992 0.475665 -0.944494 
-0.981992 -0.427079 -0.995865 
-0.506023 -0.843001 -0.746649 
-0.506023 -0.765123 0.450372 
-0.506023 -0.988515 -0.393688 
-0.506023 -0.790456 0.482256 
-0.506023 -0.89302 -0.961467 
-0.506023 0.475665 -0.889951 
-0.506023 -0.960666 -0.959638 
-0.506023 -0.71564 -0.269002 
-0.843001 -0.765123 -0.424982 
-0.843001 -0.911636 -0.95162 
-0.843001 -0.988515 -0.776531 
-0.843001 -0.790456 -0.961923 
-0.843001 -0.89302 -0.282842 
-0.843001 0.475665 -0.958516 
-0.843001 -0.855298 -0.723564 
-0.843001 -0.960666 0.386894 
-0.843001 -0.71564 0.672317 
-0.822493 -0.991548 0.633883 
-0.822493 -0.952501 -0.966527 
-0.822493 -0.911636 -0.923762 
-0.822493 0.475665 -0.393278 
-0.822493 -0.855298 -0.929317 
-0.822493 -0.427079 0.585527 
-0.986307 0.475665 -0.988358 
-0.991548 -0.911636 -0.968137 
-0.991548 0.475665 -0.813991 
-0.991548 -0.855298 -0.978296 
-0.991548 -0.427079 -0.396429 
-0.952501 -0.997134 0.44457 
-0.952501 -0.911636 0.583146 
-0.952501 -0.89302 -0.813504 
-0.952501 0.475665 -0.899054 
-0.952501 -0.855298 -0.402191 
-0.952501 -0.427079 -0.889339 
-0.765123 -0.988515 0.385459 
-0.765123 -0.790456 -0.403112 
-0.765123 -0.89302 -0.922007 
-0.765123 0.475665 -0.976766 
-0.765123 -0.960666 -0.853653 
-0.765123 -0.71564 0.515408 
-0.997134 -0.911636 -0.486612 
-0.997134 0.475665 -0.945316 
-0.997134 -0.855298 -0.845129 
-0.997134 -0.427079 -0.942022 
-0.911636 -0.89302 -0.409326 
-0.911636 0.475665 -0.864599 
-0.911636 -0.855298 0.608876 
-0.911636 -0.960666 -0.845515 
-0.911636 -0.427079 -0.846289 
-0.911636 -0.71564 -0.999266 
-0.988515 -0.790456 -0.641403 
-0.988515 -0.960666 -0.98513 
-0.988515 -0.71564 -0.412205 
-0.790456 0.475665 -0.993764 
-0.790456 -0.71564 -0.765409 
-0.89302 0.475665 -0.937289 
-0.89302 -0.855298 0.589066 
-0.89302 -0.960666 0.506833 
-0.89302 -0.427079 -0.961434 
-0.89302 -0.71564 -0.647949 
0.475665 -0.855298 -0.849544 
0.475665 -0.427079 0.65826 
0.475665 -0.71564 -0.92863 
-0.855298 -0.960666 -0.44708 
-0.855298 -0.427079 -0.854403 
-0.855298 -0.71564 -0.863936 
-0.960666 -0.71564 -0.442632 
-0.978069 -0.428702 -0.993421 
-0.978069 -0.963573 -0.473985 
-0.841399 -0.963573 -0.959803 
-0.811628 0.62302 -0.886975 
-0.811628 -0.394589 -0.850205 
-0.811628 -0.904828 0.574503 
-0.811628 0.651642 -0.797399 
-0.811628 -0.809637 -0.922699 
0.62302 -0.394589 -0.807441 
0.62302 -0.859056 -0.501998 
0.62302 -0.974615 -0.996612 
0.62302 -0.904828 -0.919051 
0.62302 0.651642 -0.384794 
0.62302 -0.809637 -0.983885 
-0.394589 -0.904828 -0.958788 
-0.394589 0.651642 0.591855 
-0.394589 -0.809637 0.687671 
-0.859056 -0.904828 -0.984021 
-0.974615 0.651642 -0.98649 
-0.904828 0.651642 -0.923005 
0.651642 -0.809637 -0.391558 
-0.846954 0.477246 -0.44312 
-0.846954 0.638329 -0.973055 
-0.846954 -0.445879 0.490513 
0.477246 0.638329 -0.381765 
0.477246 -0.445879 0.631987 
0.477246 -0.406675 -0.814156 
0.477246 -0.812496 -0.980766 
0.638329 -0.445879 -0.780102 
0.638329 -0.406675 0.568851 
0.638329 -0.812496 -0.409212 
0.638329 -0.939176 -0.9707 
0.638329 -0.960904 -0.966055 
-0.445879 -0.406675 -0.974701 
-0.406675 -0.812496 0.643023 
-0.406675 -0.960904 -0.998686 
-0.939176 -0.960904 0.608876 
0.377693 -0.766092 -0.746649 
0.377693 -0.37704 0.450372 
0.377693 -0.988237 -0.856097 
0.377693 -0.833589 -0.393688 
0.377693 -0.331453 0.482256 
0.377693 -0.994344 -0.786346 
0.377693 -0.903259 -0.961467 
0.377693 -0.473985 -0.889951 
0.377693 -0.945175 -0.959638 
0.377693 -0.467848 -0.269002 
-0.766092 -0.37704 -0.424982 
-0.766092 -0.977364 -0.95162 
-0.766092 -0.833589 -0.776531 
-0.766092 -0.331453 -0.961923 
-0.766092 -0.994344 -0.968838 
-0.766092 -0.903259 -0.282842 
-0.766092 -0.473985 -0.958516 
-0.766092 -0.91687 -0.723564 
-0.766092 -0.945175 0.386894 
-0.766092 -0.467848 0.672317 
-0.995448 -0.977364 -0.923762 
-0.995448 -0.473985 -0.393278 
-0.995448 -0.91687 -0.929317 
-0.995448 -0.836332 0.585527 
-0.993421 -0.331453 -0.980018 
-0.37704 -0.988237 -0.971067 
-0.37704 -0.833589 0.385459 
-0.37704 -0.331453 -0.403112 
-0.37704 -0.994344 -0.507086 
-0.37704 -0.903259 -0.922007 
-0.37704 -0.473985 -0.976766 
-0.37704 -0.945175 -0.853653 
-0.37704 -0.467848 0.515408 
-0.988237 -0.833589 -0.964185 
-0.988237 -0.331453 -0.438836 
-0.988237 -0.994344 -0.984307 
-0.977364 -0.903259 -0.409326 
-0.977364 -0.473985 -0.864599 
-0.977364 -0.91687 0.608876 
-0.977364 -0.945175 -0.845515 
-0.977364 -0.836332 -0.846289 
-0.977364 -0.467848 -0.999266 
-0.833589 -0.331453 -0.641403 
-0.833589 -0.994344 0.606713 
-0.833589 -0.945175 -0.98513 
-0.833589 -0.467848 -0.412205 
-0.331453 -0.994344 -0.845817 
-0.331453 -0.473985 -0.993764 
-0.331453 -0.467848 -0.765409 
-0.994344 -0.467848 -0.826826 
-0.903259 -0.473985 -0.937289 
-0.903259 -0.91687 0.589066 
-0.903259 -0.945175 0.506833 
-0.903259 -0.836332 -0.961434 
-0.903259 -0.467848 -0.647949 
-0.473985 -0.91687 -0.849544 
-0.473985 -0.836332 0.65826 
-0.473985 -0.467848 -0.92863 
-0.91687 -0.945175 -0.44708 
-0.91687 -0.836332 -0.854403 
-0.91687 -0.467848 -0.863936 
-0.945175 -0.467848 -0.442632 
-0.886975 -0.850205 -0.807441 
-0.886975 0.574503 -0.919051 
-0.886975 -0.797399 -0.384794 
-0.886975 -0.922699 -0.983885 
-0.850205 0.574503 -0.958788 
-0.850205 -0.797399 0.591855 
-0.850205 -0.922699 0.687671 
0.574503 -0.797399 -0.923005 
0.574503 -0.944494 -0.988358 
-0.797399 -0.922699 -0.391558 
-0.922699 -0.944494 -0.945316 
-0.922699 -0.995865 -0.942022 
-0.944494 -0.995865 0.65826 
-0.477027 -0.796238 0.472819 
-0.477027 0.490513 -0.877404 
-0.477027 -0.745197 0.434801 
-0.477027 0.614804 0.433918 
-0.477027 -0.921252 -0.453784 
-0.796238 0.490513 -0.992607 
-0.796238 -0.745197 -0.388556 
-0.796238 0.614804 -0.354316 
-0.796238 -0.921252 -0.788503 
-0.44312 -0.973055 -0.381765 
-0.44312 0.490513 0.631987 
-0.44312 0.614804 -0.844917 
-0.973055 0.490513 -0.780102 
0.490513 -0.745197 -0.971377 
0.490513 0.614804 -0.461792 
-0.745197 0.614804 -0.353377 
-0.745197 -0.921252 0.705195 
0.614804 -0.921252 -0.759237 
0.472819 -0.877404 -0.992607 
0.472819 -0.870921 -0.991606 
0.472819 -0.991296 -0.784316 
0.472819 0.434801 -0.388556 
0.472819 -0.848101 -0.396235 
0.472819 0.433918 -0.354316 
0.472819 -0.453784 -0.788503 
-0.877404 0.434801 -0.971377 
-0.877404 0.433918 -0.461792 
-0.870921 0.434801 -0.439588 
-0.870921 0.433918 -0.978419 
-0.870921 -0.453784 0.470311 
-0.991296 -0.848101 0.606713 
0.434801 -0.848101 -0.984038 
0.434801 0.433918 -0.353377 
0.434801 -0.453784 0.705195 
-0.848101 0.433918 -0.965883 
0.433918 -0.453784 -0.759237 
-0.87515 -0.501998 0.481251 
-0.807441 -0.919051 -0.958788 
-0.807441 -0.384794 0.591855 
-0.807441 -0.983885 0.687671 
-0.501998 -0.919051 -0.984021 
-0.996612 -0.384794 -0.98649 
-0.919051 -0.384794 -0.923005 
-0.384794 -0.983885 -0.391558 
-0.402625 0.562871 0.624726 
-0.402625 -0.848148 0.481251 
-0.402625 0.532452 -0.838344 
0.562871 -0.848148 -0.465349 
0.562871 -0.459936 -0.857007 
0.562871 0.532452 -0.456529 
-0.459936 -0.859551 0.510667 
-0.459936 0.532452 0.483096 
-0.859551 0.532452 -0.492007 
-0.746649 0.450372 -0.424982 
-0.746649 -0.393688 -0.776531 
-0.746649 0.482256 -0.961923 
-0.746649 -0.786346 -0.968838 
-0.746649 -0.961467 -0.282842 
-0.746649 -0.889951 -0.958516 
-0.746649 -0.959638 0.386894 
-0.746649 -0.269002 0.672317 
0.450372 -0.856097 -0.971067 
0.450372 -0.393688 0.385459 
0.450372 0.482256 -0.403112 
0.450372 -0.786346 -0.507086 
0.450372 -0.961467 -0.922007 
0.450372 -0.889951 -0.976766 
0.450372 -0.959638 -0.853653 
0.450372 -0.269002 0.515408 
-0.856097 -0.393688 -0.964185 
-0.856097 0.482256 -0.438836 
-0.856097 -0.786346 -0.984307 
-0.393688 0.482256 -0.641403 
-0.393688 -0.786346 0.606713 
-0.393688 -0.959638 -0.98513 
-0.393688 -0.269002 -0.412205 
0.482256 -0.786346 -0.845817 
0.482256 -0.889951 -0.993764 
0.482256 -0.269002 -0.765409 
-0.786346 -0.269002 -0.826826 
-0.961467 -0.889951 -0.937289 
-0.961467 -0.959638 0.506833 
-0.961467 -0.269002 -0.647949 
-0.889951 -0.269002 -0.92863 
-0.959638 -0.269002 -0.442632 
-0.992607 -0.388556 -0.971377 
-0.992607 -0.354316 -0.461792 
-0.991606 -0.388556 -0.439588 
-0.991606 -0.354316 -0.978419 
-0.991606 -0.788503 0.470311 
-0.983852 -0.784316 0.385459 
-0.983852 -0.396235 -0.507086 
-0.784316 -0.396235 0.606713 
-0.388556 -0.396235 -0.984038 
-0.388556 -0.354316 -0.353377 
-0.388556 -0.788503 0.705195 
-0.396235 -0.354316 -0.965883 
-0.354316 -0.788503 -0.759237 
0.624726 0.481251 -0.465349 
0.624726 -0.838344 -0.456529 
-0.381765 0.631987 -0.780102 
-0.381765 -0.814156 0.568851 
-0.381765 -0.980766 -0.409212 
0.631987 -0.814156 -0.974701 
0.631987 -0.844917 -0.461792 
-0.814156 -0.980766 0.643023 
-0.780102 0.568851 -0.974701 
0.568851 -0.409212 0.643023 
0.568851 -0.992788 -0.827385 
0.568851 -0.966055 -0.998686 
-0.409212 -0.992788 -0.438836 
-0.9707 -0.998789 -0.409326 
-0.9707 -0.966055 0.608876 
-0.998789 -0.983441 -0.940784 
-0.998789 -0.966055 0.589066 
-0.998789 -0.9931 -0.703182 
-0.983441 -0.9931 0.510667 
-0.966055 -0.9931 -0.920408 
-0.857007 -0.456529 0.483096 
-0.958788 0.591855 -0.923005 
-0.440337 0.591855 -0.846611 
-0.440337 0.687671 0.44457 
-0.440337 -0.846521 0.583146 
-0.440337 -0.998849 -0.402191 
0.591855 0.687671 -0.391558 
0.687671 -0.846521 -0.486612 
0.687671 -0.998849 -0.845129 
-0.846521 -0.998849 0.608876 
-0.971377 -0.461792 -0.353377 
-0.424982 -0.776531 0.385459 
-0.424982 -0.961923 -0.403112 
-0.424982 -0.968838 -0.507086 
-0.424982 -0.282842 -0.922007 
-0.424982 -0.958516 -0.976766 
-0.424982 0.386894 -0.853653 
-0.424982 0.672317 0.515408 
-0.95162 -0.282842 -0.409326 
-0.95162 -0.958516 -0.864599 
-0.95162 -0.723564 0.608876 
-0.95162 0.386894 -0.845515 
-0.95162 0.672317 -0.999266 
-0.776531 -0.961923 -0.641403 
-0.776531 -0.968838 0.606713 
-0.776531 0.386894 -0.98513 
-0.776531 0.672317 -0.412205 
-0.961923 -0.968838 -0.845817 
-0.961923 -0.958516 -0.993764 
-0.961923 0.672317 -0.765409 
-0.968838 0.672317 -0.826826 
-0.282842 -0.958516 -0.937289 
-0.282842 -0.723564 0.589066 
-0.282842 0.386894 0.506833 
-0.282842 -0.806411 -0.703182 
-0.282842 0.672317 -0.647949 
-0.958516 -0.723564 -0.849544 
-0.958516 0.672317 -0.92863 
-0.723564 0.386894 -0.44708 
-0.723564 -0.806411 -0.920408 
-0.723564 0.672317 -0.863936 
0.386894 -0.806411 -0.383543 
0.386894 0.672317 -0.442632 
-0.806411 0.672317 -0.978098 
-0.922352 -0.911118 0.604115 
-0.922352 0.633883 -0.997644 
-0.922352 -0.959479 -0.479298 
-0.922352 -0.393278 -0.959803 
-0.922352 0.585527 -0.926469 
-0.911118 0.633883 -0.958463 
-0.911118 -0.959479 0.438779 
-0.911118 0.585527 -0.960858 
0.633883 -0.841639 -0.451158 
0.633883 -0.959479 -0.959467 
0.633883 -0.923762 -0.968137 
0.633883 -0.439281 0.499645 
0.633883 -0.393278 -0.813991 
0.633883 -0.929317 -0.978296 
0.633883 0.585527 -0.396429 
-0.966527 -0.923762 0.583146 
-0.966527 -0.393278 -0.899054 
-0.966527 -0.929317 -0.402191 
-0.966527 0.585527 -0.889339 
-0.841639 -0.439281 0.622685 
-0.959479 -0.439281 -0.989148 
-0.923762 -0.393278 -0.864599 
-0.923762 -0.929317 0.608876 
-0.923762 0.585527 -0.846289 
-0.439281 0.585527 -0.842045 
-0.393278 -0.929317 -0.849544 
-0.393278 0.585527 0.65826 
-0.929317 0.585527 -0.854403 
-0.832872 0.604115 -0.439046 
-0.832872 -0.997644 -0.985716 
-0.832872 -0.479298 0.718867 
0.604115 -0.997644 -0.958463 
0.604115 -0.479298 0.438779 
0.604115 -0.926469 -0.960858 
-0.997644 -0.479298 -0.959467 
-0.997644 -0.959803 -0.813991 
-0.997644 -0.926469 -0.396429 
-0.959803 -0.926469 0.65826 
-0.439046 -0.985716 -0.958463 
-0.439046 0.718867 0.438779 
-0.439046 0.470311 -0.860996 
-0.985716 0.718867 -0.959467 
-0.985716 -0.992526 0.499645 
0.718867 -0.992526 -0.989148 
0.718867 -0.439588 -0.819341 
0.718867 0.470311 -0.419721 
-0.439588 -0.978419 -0.353377 
-0.439588 0.470311 0.705195 
-0.978419 0.470311 -0.759237 
-0.958463 0.438779 -0.959467 
-0.958463 -0.960858 -0.396429 
0.438779 -0.860996 -0.419721 
0.643023 -0.827385 -0.438836 
-0.442585 -0.822871 0.622685 
-0.451158 0.499645 0.622685 
-0.959467 0.499645 -0.989148 
-0.968137 -0.813991 -0.864599 
-0.968137 -0.978296 0.608876 
-0.968137 -0.396429 -0.846289 
0.499645 -0.396429 -0.842045 
-0.813991 -0.978296 -0.849544 
-0.813991 -0.396429 0.65826 
-0.978296 -0.396429 -0.854403 
-0.846611 0.44457 -0.391558 
0.44457 0.583146 -0.486612 
0.44457 -0.899054 -0.945316 
0.44457 -0.402191 -0.845129 
0.44457 -0.889339 -0.942022 
0.583146 -0.813504 -0.409326 
0.583146 -0.899054 -0.864599 
0.583146 -0.402191 0.608876 
0.583146 -0.889339 -0.846289 
-0.813504 -0.899054 -0.937289 
-0.813504 -0.402191 0.589066 
-0.813504 -0.889339 -0.961434 
-0.899054 -0.402191 -0.849544 
-0.899054 -0.889339 0.65826 
-0.402191 -0.889339 -0.854403 
-0.971067 0.385459 -0.964185 
-0.971067 -0.403112 -0.438836 
-0.971067 -0.507086 -0.984307 
0.385459 -0.403112 -0.641403 
0.385459 -0.507086 0.606713 
0.385459 -0.853653 -0.98513 
0.385459 0.515408 -0.412205 
-0.403112 -0.507086 -0.845817 
-0.403112 -0.976766 -0.993764 
-0.403112 0.515408 -0.765409 
-0.507086 0.515408 -0.826826 
-0.922007 -0.976766 -0.937289 
-0.922007 -0.853653 0.506833 
-0.922007 0.515408 -0.647949 
-0.976766 0.515408 -0.92863 
-0.853653 0.515408 -0.442632 
-0.964185 -0.438836 -0.641403 
-0.964185 -0.984307 0.606713 
-0.438836 -0.984307 -0.845817 
-0.819341 -0.419721 0.705195 
-0.486612 -0.945316 -0.864599 
-0.486612 -0.845129 0.608876 
-0.486612 -0.942022 -0.846289 
-0.945316 -0.845129 -0.849544 
-0.945316 -0.942022 0.65826 
-0.845129 -0.942022 -0.854403 
-0.409326 -0.864599 -0.937289 
-0.409326 0.608876 0.589066 
-0.409326 -0.845515 0.506833 
-0.409326 -0.846289 -0.961434 
-0.409326 -0.999266 -0.647949 
-0.864599 0.608876 -0.849544 
-0.864599 -0.846289 0.65826 
-0.864599 -0.999266 -0.92863 
0.608876 -0.845515 -0.44708 
0.608876 -0.846289 -0.854403 
0.608876 -0.999266 -0.863936 
-0.845515 -0.999266 -0.442632 
-0.641403 0.606713 -0.845817 
-0.641403 -0.412205 -0.765409 
0.606713 -0.412205 -0.826826 
-0.98513 -0.412205 -0.442632 
-0.845817 -0.765409 -0.826826 
-0.993764 -0.765409 -0.92863 
-0.984038 -0.353377 -0.965883 
-0.353377 0.705195 -0.759237 
-0.940784 0.506833 -0.834708 
-0.940784 -0.703182 0.510667 
-0.937289 0.589066 -0.849544 
-0.937289 -0.961434 0.65826 
-0.937289 -0.647949 -0.92863 
0.589066 0.506833 -0.44708 
0.589066 -0.703182 -0.920408 
0.589066 -0.961434 -0.854403 
0.589066 -0.647949 -0.863936 
0.506833 -0.703182 -0.383543 
0.506833 -0.647949 -0.442632 
-0.703182 -0.647949 -0.978098 
-0.834708 0.510667 -0.383543 
0.510667 0.483096 -0.492007 
-0.849544 0.65826 -0.854403 
-0.849544 -0.92863 -0.863936 
-0.44708 -0.920408 -0.383543 
-0.44708 -0.863936 -0.442632 
-0.920408 -0.863936 -0.978098 
-0.383543 -0.442632 -0.978098 
