0.554531 0.489487 -0.00351901 
0.554531 -0.837415 -0.928451 
0.554531 -0.439386 0.553469 
0.554531 -0.702542 -0.868155 
0.554531 -0.431604 -0.397533 
0.554531 -0.703104 -0.867964 
0.554531 -0.435167 0.055807 
0.554531 -0.819176 -0.948518 
0.489487 -0.439386 -0.48629 
0.489487 -0.702542 -0.950603 
0.489487 -0.431604 0.546514 
0.489487 -0.703104 -0.952521 
0.489487 -0.435167 -0.0426001 
0.489487 -0.819176 -0.97873 
-0.837415 -0.702542 -0.408665 
-0.837415 -0.703104 0.674262 
-0.837415 -0.955285 0.461478 
-0.837415 -0.819176 -0.841778 
-0.439386 -0.431604 -0.467112 
-0.439386 -0.435167 0.465688 
-0.702542 -0.703104 0.540962 
-0.702542 -0.946012 -0.499235 
-0.702542 -0.955285 -0.852766 
-0.702542 -0.819176 0.500138 
-0.431604 -0.435167 0.511715 
-0.703104 -0.946012 -0.859455 
-0.703104 -0.955285 -0.43534 
-0.703104 -0.819176 -0.460028 
-0.946012 -0.819176 0.510873 
-0.979694 -0.965732 -0.428788 
-0.979694 -0.868314 -0.787757 
-0.979694 -0.436028 -0.782996 
-0.979694 -0.95947 0.657705 
-0.979694 0.598732 -0.874758 
-0.988714 -0.46939 -0.449005 
-0.988714 0.609017 -0.802411 
-0.988714 -0.736199 -0.720544 
-0.988714 -0.828116 0.691354 
-0.988714 -0.948718 -0.877554 
-0.46939 0.609017 0.438185 
-0.46939 -0.736199 0.501853 
-0.46939 0.598732 -0.855754 
-0.46939 -0.828116 0.430122 
-0.46939 -0.948718 -0.437535 
-0.965732 -0.868314 0.276308 
-0.965732 -0.436028 -0.386967 
-0.965732 -0.95947 0.480807 
-0.965732 0.598732 -0.774827 
0.609017 -0.436028 -0.835599 
0.609017 -0.736199 -0.351717 
0.609017 0.598732 -0.412132 
0.609017 -0.828116 -0.406505 
0.609017 -0.948718 -0.800723 
-0.868314 -0.436028 0.400536 
-0.868314 -0.95947 -0.463659 
-0.868314 0.598732 -0.508579 
-0.436028 -0.95947 -0.5943 
-0.436028 0.598732 0.571184 
-0.95947 0.598732 -0.803643 
-0.736199 0.598732 -0.959712 
-0.736199 -0.828116 -0.316632 
-0.736199 -0.948718 0.602948 
0.598732 -0.828116 -0.996291 
-0.828116 -0.948718 -0.702011 
0.564513 -0.418934 -0.83858 
0.564513 -0.892084 -0.92308 
0.564513 0.533483 -0.441971 
0.564513 -0.863308 -0.924779 
0.564513 -0.956354 -0.925969 
0.564513 -0.465036 0.503848 
0.564513 -0.848048 -0.45539 
0.564513 -0.872718 -0.881773 
0.564513 -0.88503 -0.85173 
0.564513 -0.966722 -0.898103 
-0.418934 -0.892084 -0.965129 
-0.418934 0.533483 0.63944 
-0.418934 -0.863308 -0.896117 
-0.418934 -0.98373 -0.974629 
-0.418934 -0.976315 -0.979508 
-0.418934 -0.951984 -0.877706 
-0.418934 -0.839485 0.474918 
-0.418934 -0.872718 -0.967265 
-0.892084 0.533483 -0.904405 
-0.892084 -0.98373 0.638209 
-0.892084 -0.465036 -0.999929 
-0.892084 -0.88503 0.543981 
-0.892084 -0.966722 -0.439048 
0.533483 -0.863308 -0.818107 
0.533483 -0.98373 -0.956516 
0.533483 -0.976315 -0.981039 
0.533483 -0.951984 -0.87255 
0.533483 -0.956354 -0.975242 
0.533483 -0.465036 -0.861229 
0.533483 -0.839485 -0.444749 
0.533483 -0.872718 -0.874661 
0.533483 -0.88503 -0.953216 
-0.863308 -0.951984 0.540962 
-0.863308 -0.956354 -0.499235 
-0.863308 -0.872718 0.500138 
-0.98373 -0.839485 -0.994521 
-0.98373 -0.88503 -0.417764 
-0.98373 -0.966722 -0.823752 
-0.976315 -0.839485 -0.97504 
-0.951984 -0.956354 -0.859455 
-0.951984 -0.839485 -0.986102 
-0.951984 -0.872718 -0.460028 
-0.956354 -0.465036 -0.978861 
-0.956354 -0.872718 0.510873 
-0.465036 -0.848048 0.611864 
-0.465036 -0.872718 -0.972374 
-0.465036 -0.88503 -0.912037 
-0.465036 -0.966722 -0.888331 
-0.848048 -0.88503 -0.972451 
-0.848048 -0.966722 -0.909183 
-0.88503 -0.966722 0.605842 
-0.923597 0.553245 -0.967733 
-0.923597 -0.983663 0.564583 
-0.923597 0.540524 -0.884792 
-0.923597 -0.955406 0.657705 
-0.923597 -0.425707 -0.961802 
-0.490965 -0.854541 0.63944 
-0.490965 0.553245 0.474918 
-0.490965 0.540524 -0.868893 
-0.490965 -0.955406 -0.996786 
-0.854541 0.553245 -0.444749 
-0.824552 0.553245 -0.939526 
-0.824552 -0.837994 -0.914427 
-0.824552 0.540524 -0.807642 
-0.824552 -0.914174 0.611834 
-0.824552 -0.425707 -0.795171 
-0.824552 -0.975629 -0.452914 
-0.824552 -0.898013 0.525908 
0.553245 0.540524 -0.460095 
0.553245 -0.955406 -0.956104 
0.553245 -0.425707 -0.846814 
0.553245 -0.975629 -0.988116 
0.553245 -0.898013 -0.951617 
-0.837994 -0.983663 -0.975672 
-0.837994 0.540524 -0.407119 
-0.837994 -0.914174 -0.779291 
-0.837994 -0.425707 0.609755 
-0.983663 0.540524 -0.915285 
-0.983663 -0.955406 -0.386621 
-0.983663 -0.425707 -0.94628 
0.540524 -0.914174 -0.828134 
0.540524 -0.955406 -0.965316 
0.540524 -0.425707 0.614048 
0.540524 -0.898013 -0.936747 
-0.914174 -0.425707 -0.706589 
-0.914174 -0.975629 -0.808732 
-0.914174 -0.898013 -0.379261 
-0.425707 -0.898013 -0.95893 
-0.975629 -0.898013 0.602948 
-0.967241 -0.774876 0.638209 
-0.967241 -0.428788 -0.495272 
-0.967241 -0.787757 -0.805112 
-0.967241 -0.782996 -0.987939 
-0.967241 0.657705 -0.781284 
-0.967241 -0.98176 -0.878586 
-0.774876 -0.428788 0.379834 
-0.774876 -0.967733 -0.994521 
-0.774876 -0.787757 -0.470226 
-0.774876 0.564583 -0.966321 
-0.774876 -0.782996 -0.832988 
-0.774876 0.657705 -0.33106 
-0.774876 -0.874758 -0.984868 
-0.774876 -0.98176 -0.716201 
-0.428788 -0.40689 -0.963863 
-0.428788 -0.787757 0.276308 
-0.428788 0.564583 -0.811803 
-0.428788 -0.782996 -0.386967 
-0.428788 0.657705 0.480807 
-0.428788 -0.874758 -0.774827 
-0.428788 -0.98176 -0.495192 
-0.851283 -0.40689 0.470002 
-0.851283 0.564583 -0.474605 
-0.851283 0.657705 -0.989638 
-0.40689 0.564583 0.612618 
-0.40689 0.657705 -0.787737 
-0.967733 -0.884792 -0.460095 
-0.967733 0.657705 -0.956104 
-0.967733 -0.961802 -0.846814 
-0.787757 0.564583 -0.951972 
-0.787757 -0.782996 0.400536 
-0.787757 0.657705 -0.463659 
-0.787757 -0.874758 -0.508579 
-0.787757 -0.98176 0.379985 
0.564583 -0.884792 -0.915285 
0.564583 -0.782996 -0.934407 
0.564583 0.657705 -0.386621 
0.564583 -0.961802 -0.94628 
0.564583 -0.874758 -0.973536 
-0.884792 0.657705 -0.965316 
-0.884792 -0.961802 0.614048 
-0.782996 0.657705 -0.5943 
-0.782996 -0.874758 0.571184 
-0.782996 -0.98176 -0.431554 
0.657705 -0.874758 -0.803643 
0.657705 -0.98176 -0.852293 
-0.874758 -0.98176 -0.83347 
-0.00351901 0.553469 -0.48629 
-0.00351901 -0.868155 -0.950603 
-0.00351901 -0.397533 0.546514 
-0.00351901 -0.867964 -0.952521 
-0.00351901 0.055807 -0.0426001 
-0.00351901 -0.948518 -0.97873 
-0.917953 0.553469 -0.766305 
-0.917953 -0.992375 -0.430261 
-0.917953 0.055807 -0.879217 
-0.917953 -0.969657 0.528764 
-0.917953 -0.974777 0.532551 
-0.928451 -0.868155 -0.408665 
-0.928451 -0.867964 0.674262 
-0.928451 -0.948518 -0.841778 
0.553469 -0.397533 -0.467112 
0.553469 -0.992375 -0.808837 
0.553469 0.055807 0.465688 
0.553469 -0.969657 -0.796811 
0.553469 -0.974777 -0.914501 
-0.868155 -0.867964 0.540962 
-0.868155 -0.948518 0.500138 
-0.397533 0.055807 0.511715 
-0.867964 -0.948518 -0.460028 
-0.992375 0.055807 -0.876283 
-0.992375 -0.969657 0.390555 
-0.992375 -0.974777 -0.822919 
0.055807 -0.969657 -0.911915 
0.055807 -0.974777 -0.958268 
-0.969657 -0.974777 -0.454375 
-0.83858 -0.92308 -0.965129 
-0.83858 -0.441971 0.63944 
-0.83858 -0.924779 -0.896117 
-0.83858 -0.881773 -0.967265 
-0.92308 -0.441971 -0.904405 
-0.92308 -0.942474 -0.865022 
-0.92308 0.503848 -0.999929 
-0.92308 -0.85173 0.543981 
-0.92308 -0.898103 -0.439048 
-0.441971 -0.924779 -0.818107 
-0.441971 -0.925969 -0.975242 
-0.441971 0.503848 -0.861229 
-0.441971 -0.881773 -0.874661 
-0.441971 -0.85173 -0.953216 
-0.924779 -0.925969 -0.499235 
-0.924779 -0.881773 0.500138 
-0.924779 -0.993512 -0.854718 
-0.925969 0.503848 -0.978861 
-0.925969 -0.881773 0.510873 
-0.925969 -0.993512 0.609869 
-0.942474 0.503848 -0.865629 
-0.942474 -0.45539 -0.806949 
-0.942474 -0.992066 0.558846 
-0.942474 -0.851064 -0.912554 
-0.942474 -0.85173 -0.467749 
-0.942474 -0.898103 0.451856 
0.503848 -0.45539 0.611864 
0.503848 -0.992066 -0.885691 
0.503848 -0.881773 -0.972374 
0.503848 -0.851064 -0.413059 
0.503848 -0.85173 -0.912037 
0.503848 -0.898103 -0.888331 
-0.45539 -0.992066 -0.735628 
-0.45539 -0.851064 0.555669 
-0.45539 -0.85173 -0.972451 
-0.45539 -0.898103 -0.909183 
-0.992066 -0.851064 -0.779291 
-0.992066 -0.85173 -0.855911 
-0.992066 -0.898103 -0.495471 
-0.881773 -0.993512 -0.436045 
-0.85173 -0.898103 0.605842 
-0.48629 0.546514 -0.467112 
-0.48629 -0.0426001 0.465688 
-0.950603 -0.952521 0.540962 
-0.950603 -0.97873 0.500138 
0.546514 -0.0426001 0.511715 
-0.952521 -0.97873 -0.460028 
-0.900653 0.63944 -0.939031 
-0.900653 -0.896117 -0.408665 
-0.900653 -0.877706 0.674262 
-0.900653 -0.991389 0.461478 
-0.900653 0.474918 -0.970382 
-0.900653 -0.967265 -0.841778 
-0.965129 0.63944 -0.904405 
-0.965129 -0.974629 0.638209 
-0.965129 -0.996786 -0.781284 
0.63944 -0.896117 -0.818107 
0.63944 -0.974629 -0.956516 
0.63944 -0.979508 -0.981039 
0.63944 -0.877706 -0.87255 
0.63944 0.474918 -0.444749 
0.63944 -0.967265 -0.874661 
-0.896117 -0.877706 0.540962 
-0.896117 -0.991389 -0.852766 
-0.896117 -0.967265 0.500138 
-0.974629 0.474918 -0.994521 
-0.974629 -0.996786 -0.33106 
-0.979508 0.474918 -0.97504 
-0.877706 -0.991389 -0.43534 
-0.877706 0.474918 -0.986102 
-0.877706 -0.967265 -0.460028 
0.474918 -0.868893 -0.460095 
0.474918 -0.996786 -0.956104 
-0.868893 -0.996786 -0.965316 
-0.766305 -0.430261 -0.808837 
-0.766305 -0.879217 0.465688 
-0.766305 -0.33664 -0.970695 
-0.766305 0.528764 -0.796811 
-0.766305 0.532551 -0.914501 
-0.766305 -0.836769 -0.872177 
-0.992749 -0.450321 -0.406136 
-0.992749 0.532551 -0.844325 
-0.992749 -0.825953 0.540252 
-0.430261 -0.879217 -0.876283 
-0.430261 -0.958881 -0.962228 
-0.430261 -0.33664 -0.321327 
-0.430261 -0.732846 -0.747221 
-0.430261 0.528764 0.390555 
-0.430261 0.532551 -0.822919 
-0.430261 -0.836769 0.564425 
-0.879217 0.528764 -0.911915 
-0.879217 0.532551 -0.958268 
-0.879217 -0.836769 -0.912315 
-0.958881 -0.33664 -0.395028 
-0.958881 -0.732846 0.574094 
-0.958881 0.528764 -0.849774 
-0.33664 -0.450321 -0.950222 
-0.33664 -0.732846 0.702091 
-0.33664 0.528764 0.412915 
-0.33664 0.532551 -0.761076 
-0.33664 -0.836769 -0.712011 
-0.450321 0.528764 -0.851426 
-0.450321 0.532551 0.488908 
-0.450321 -0.825953 0.646335 
-0.732846 0.528764 -0.442943 
-0.732846 0.532551 -0.928548 
-0.732846 -0.836769 -0.898814 
0.528764 0.532551 -0.454375 
0.528764 -0.836769 -0.490857 
0.532551 -0.825953 -0.449141 
0.532551 -0.836769 -0.999342 
-0.939031 -0.408665 -0.818107 
-0.939031 0.674262 -0.87255 
-0.939031 -0.970382 -0.444749 
-0.939031 -0.841778 -0.874661 
-0.408665 0.674262 0.540962 
-0.408665 0.461478 -0.852766 
-0.408665 -0.841778 0.500138 
0.674262 -0.442679 -0.827015 
0.674262 -0.846178 -0.997705 
0.674262 0.461478 -0.43534 
0.674262 -0.970382 -0.986102 
0.674262 -0.841778 -0.460028 
-0.993358 -0.442679 -0.407838 
-0.993358 -0.846178 0.677727 
-0.993358 0.461478 -0.790601 
-0.993358 -0.931187 -0.975382 
-0.993358 -0.945774 -0.942949 
-0.442679 -0.846178 0.537484 
-0.442679 0.461478 0.664811 
-0.442679 -0.931187 -0.701801 
-0.442679 -0.945774 -0.702513 
-0.846178 0.461478 -0.394359 
-0.846178 -0.931187 -0.832037 
-0.846178 -0.945774 -0.799132 
0.461478 -0.931187 -0.792184 
0.461478 -0.945774 -0.790914 
-0.970382 -0.931187 -0.988116 
-0.970382 -0.945774 -0.951617 
-0.931187 -0.945774 0.602948 
-0.467112 0.465688 0.511715 
-0.808837 0.465688 -0.876283 
-0.808837 -0.989065 -0.525537 
-0.808837 -0.994492 -0.829094 
-0.808837 -0.970695 -0.321327 
-0.808837 -0.796811 0.390555 
-0.808837 -0.914501 -0.822919 
-0.808837 -0.872177 0.564425 
0.465688 -0.989065 -0.999036 
0.465688 -0.994492 -0.978109 
0.465688 -0.796811 -0.911915 
0.465688 -0.914501 -0.958268 
0.465688 -0.872177 -0.912315 
-0.989065 -0.994492 0.400536 
-0.989065 -0.970695 -0.95822 
-0.989065 -0.796811 -0.897208 
-0.989065 -0.872177 0.379985 
-0.994492 -0.872177 -0.431554 
-0.970695 -0.796811 0.412915 
-0.970695 -0.914501 -0.761076 
-0.970695 -0.872177 -0.712011 
-0.796811 -0.914501 -0.454375 
-0.796811 -0.872177 -0.490857 
-0.914501 -0.872177 -0.999342 
-0.904405 0.638209 -0.956516 
-0.904405 -0.999929 -0.861229 
-0.904405 0.543981 -0.953216 
0.638209 -0.495272 0.379834 
0.638209 -0.966307 -0.907929 
0.638209 -0.805112 -0.470226 
0.638209 -0.987939 -0.832988 
0.638209 -0.781284 -0.33106 
0.638209 0.543981 -0.417764 
0.638209 -0.439048 -0.823752 
0.638209 -0.878586 -0.716201 
-0.495272 -0.966307 -0.85275 
-0.495272 -0.805112 0.276308 
-0.495272 -0.987939 -0.386967 
-0.495272 -0.781284 0.480807 
-0.495272 0.543981 -0.862672 
-0.495272 -0.878586 -0.495192 
-0.966307 -0.805112 -0.525537 
-0.966307 -0.987939 -0.829094 
-0.966307 -0.878586 0.564425 
-0.865022 -0.999929 -0.865629 
-0.865022 0.543981 -0.467749 
-0.865022 -0.439048 0.451856 
-0.999929 0.543981 -0.912037 
-0.999929 -0.439048 -0.888331 
-0.805112 -0.987939 0.400536 
-0.805112 -0.781284 -0.463659 
-0.805112 0.543981 -0.966741 
-0.805112 -0.878586 0.379985 
-0.987939 -0.781284 -0.5943 
-0.987939 -0.878586 -0.431554 
-0.781284 0.543981 -0.987678 
-0.781284 -0.878586 -0.852293 
0.543981 -0.439048 0.605842 
0.543981 -0.878586 -0.973691 
-0.818107 -0.87255 0.540962 
-0.818107 -0.975242 -0.499235 
-0.818107 -0.874661 0.500138 
-0.956516 -0.444749 -0.994521 
-0.956516 -0.953216 -0.417764 
-0.981039 -0.444749 -0.97504 
-0.87255 -0.975242 -0.859455 
-0.87255 -0.444749 -0.986102 
-0.87255 -0.874661 -0.460028 
-0.975242 -0.861229 -0.978861 
-0.975242 -0.874661 0.510873 
-0.861229 -0.874661 -0.972374 
-0.861229 -0.953216 -0.912037 
0.540962 -0.499235 -0.859455 
0.540962 -0.852766 -0.43534 
0.540962 0.500138 -0.460028 
-0.499235 0.500138 0.510873 
-0.499235 -0.854718 0.609869 
0.500138 -0.854718 -0.436045 
-0.845038 0.501982 -0.422813 
-0.845038 -0.451202 0.541156 
-0.845038 -0.990704 0.691354 
0.501982 0.566557 -0.460904 
0.501982 -0.451202 0.592044 
0.501982 -0.48901 -0.867258 
0.501982 -0.96781 -0.979442 
0.501982 -0.990704 -0.791504 
0.501982 -0.957834 -0.984403 
0.566557 -0.451202 -0.851464 
0.566557 -0.48901 0.470002 
0.566557 -0.863714 -0.474605 
-0.451202 -0.990704 -0.380676 
-0.48901 -0.863714 0.612618 
-0.96781 -0.985084 -0.395028 
-0.96781 -0.957834 0.574094 
-0.985084 -0.957834 0.702091 
0.379834 -0.907929 -0.85275 
0.379834 -0.470226 0.276308 
0.379834 -0.966321 -0.811803 
0.379834 -0.832988 -0.386967 
0.379834 -0.33106 0.480807 
0.379834 -0.984868 -0.774827 
0.379834 -0.417764 -0.862672 
0.379834 -0.716201 -0.495192 
-0.907929 -0.470226 -0.525537 
-0.907929 -0.832988 -0.829094 
-0.907929 -0.984868 -0.991921 
-0.907929 -0.716201 0.564425 
-0.994521 -0.33106 -0.956104 
-0.470226 -0.966321 -0.951972 
-0.470226 -0.832988 0.400536 
-0.470226 -0.33106 -0.463659 
-0.470226 -0.984868 -0.508579 
-0.470226 -0.417764 -0.966741 
-0.470226 -0.716201 0.379985 
-0.966321 -0.832988 -0.934407 
-0.966321 -0.33106 -0.386621 
-0.966321 -0.984868 -0.973536 
-0.832988 -0.33106 -0.5943 
-0.832988 -0.984868 0.571184 
-0.832988 -0.716201 -0.431554 
-0.33106 -0.984868 -0.803643 
-0.33106 -0.417764 -0.987678 
-0.33106 -0.716201 -0.852293 
-0.984868 -0.716201 -0.83347 
-0.417764 -0.823752 0.605842 
-0.417764 -0.716201 -0.973691 
-0.449005 -0.802411 0.438185 
-0.449005 -0.858739 -0.843377 
-0.449005 -0.422813 -0.990281 
-0.449005 -0.79294 -0.916587 
-0.449005 0.541156 -0.843957 
-0.449005 -0.991216 -0.920901 
-0.449005 -0.720544 0.501853 
-0.449005 0.691354 0.430122 
-0.449005 -0.877554 -0.437535 
-0.882588 -0.858739 -0.407838 
-0.882588 -0.422813 -0.993119 
-0.882588 -0.79294 0.677727 
-0.882588 0.541156 -0.928607 
-0.882588 -0.991216 -0.790601 
-0.882588 -0.720544 -0.975382 
-0.882588 0.691354 -0.956136 
-0.882588 -0.877554 -0.942949 
-0.882588 -0.97864 0.540252 
-0.802411 -0.858739 -0.989371 
-0.802411 0.541156 -0.972684 
-0.802411 -0.720544 -0.351717 
-0.802411 0.691354 -0.406505 
-0.802411 -0.877554 -0.800723 
-0.858739 -0.79294 0.537484 
-0.858739 0.541156 -0.965966 
-0.858739 -0.991216 0.664811 
-0.858739 -0.720544 -0.701801 
-0.858739 0.691354 -0.844954 
-0.858739 -0.877554 -0.702513 
-0.858739 -0.97864 -0.835223 
-0.422813 -0.79294 -0.983589 
-0.422813 0.541156 0.592044 
-0.422813 0.691354 -0.791504 
-0.79294 0.541156 -0.899644 
-0.79294 -0.991216 -0.394359 
-0.79294 -0.720544 -0.832037 
-0.79294 0.691354 -0.850204 
-0.79294 -0.877554 -0.799132 
-0.79294 -0.97864 -0.410535 
0.541156 -0.720544 -0.961959 
0.541156 0.691354 -0.380676 
0.541156 -0.97864 -0.978319 
-0.991216 -0.720544 -0.792184 
-0.991216 0.691354 -0.963821 
-0.991216 -0.877554 -0.790914 
-0.991216 -0.97864 -0.984557 
-0.720544 0.691354 -0.316632 
-0.720544 -0.877554 0.602948 
0.691354 -0.877554 -0.702011 
0.438185 -0.843377 -0.989371 
0.438185 -0.843957 -0.972684 
0.438185 -0.853213 -0.991965 
0.438185 0.501853 -0.351717 
0.438185 -0.855754 -0.412132 
0.438185 0.430122 -0.406505 
0.438185 -0.437535 -0.800723 
-0.843377 -0.916587 0.537484 
-0.843377 -0.843957 -0.965966 
-0.843377 -0.920901 0.664811 
-0.843377 -0.853213 -0.852526 
-0.843377 -0.985422 -0.995183 
-0.843377 0.501853 -0.701801 
-0.843377 0.430122 -0.844954 
-0.843377 -0.437535 -0.702513 
-0.990281 -0.916587 -0.983589 
-0.990281 -0.843957 0.592044 
-0.990281 0.430122 -0.791504 
-0.916587 -0.843957 -0.899644 
-0.916587 -0.920901 -0.394359 
-0.916587 -0.853213 -0.889445 
-0.916587 -0.985422 -0.9929 
-0.916587 0.501853 -0.832037 
-0.916587 0.430122 -0.850204 
-0.916587 -0.437535 -0.799132 
-0.843957 0.501853 -0.961959 
-0.843957 0.430122 -0.380676 
-0.920901 -0.853213 -0.896722 
-0.920901 0.501853 -0.792184 
-0.920901 0.430122 -0.963821 
-0.920901 -0.437535 -0.790914 
-0.853213 -0.985422 0.611834 
-0.853213 0.501853 -0.452914 
-0.853213 0.430122 -0.943153 
-0.853213 -0.437535 0.525908 
-0.985422 0.501853 -0.808732 
-0.985422 -0.437535 -0.379261 
0.501853 -0.855754 -0.959712 
0.501853 0.430122 -0.316632 
0.501853 -0.437535 0.602948 
-0.855754 0.430122 -0.996291 
0.430122 -0.437535 -0.702011 
-0.827015 -0.997705 0.537484 
-0.827015 -0.43534 0.664811 
-0.997705 -0.43534 -0.394359 
-0.859455 -0.460028 0.510873 
-0.407838 0.677727 0.537484 
-0.407838 -0.928607 -0.965966 
-0.407838 -0.790601 0.664811 
-0.407838 -0.97257 -0.852526 
-0.407838 -0.975382 -0.701801 
-0.407838 -0.956136 -0.844954 
-0.407838 -0.942949 -0.702513 
-0.407838 -0.406136 -0.991833 
-0.407838 0.540252 -0.835223 
-0.993119 0.677727 -0.983589 
-0.993119 -0.928607 0.592044 
-0.993119 -0.956136 -0.791504 
0.677727 -0.928607 -0.899644 
0.677727 -0.790601 -0.394359 
0.677727 -0.97257 -0.889445 
0.677727 -0.975382 -0.832037 
0.677727 -0.956136 -0.850204 
0.677727 -0.942949 -0.799132 
0.677727 -0.406136 -0.803176 
0.677727 -0.844325 -0.995063 
0.677727 0.540252 -0.410535 
-0.928607 -0.975382 -0.961959 
-0.928607 -0.956136 -0.380676 
-0.928607 0.540252 -0.978319 
-0.790601 -0.97257 -0.896722 
-0.790601 -0.975382 -0.792184 
-0.790601 -0.956136 -0.963821 
-0.790601 -0.942949 -0.790914 
-0.790601 0.540252 -0.984557 
-0.97257 -0.975382 -0.452914 
-0.97257 -0.956136 -0.943153 
-0.97257 -0.942949 0.525908 
-0.975382 -0.956136 -0.316632 
-0.975382 -0.942949 0.602948 
-0.956136 -0.942949 -0.702011 
-0.406136 -0.844325 0.488908 
-0.406136 0.540252 0.646335 
-0.844325 0.540252 -0.449141 
-0.85275 0.276308 -0.525537 
-0.85275 -0.386967 -0.829094 
-0.85275 -0.774827 -0.991921 
-0.85275 -0.495192 0.564425 
-0.963863 -0.811803 0.612618 
-0.963863 0.480807 -0.787737 
0.276308 -0.811803 -0.951972 
0.276308 -0.386967 0.400536 
0.276308 0.480807 -0.463659 
0.276308 -0.774827 -0.508579 
0.276308 -0.862672 -0.966741 
0.276308 -0.495192 0.379985 
-0.811803 -0.386967 -0.934407 
-0.811803 0.480807 -0.386621 
-0.811803 -0.774827 -0.973536 
-0.386967 0.480807 -0.5943 
-0.386967 -0.774827 0.571184 
-0.386967 -0.495192 -0.431554 
0.480807 -0.774827 -0.803643 
0.480807 -0.862672 -0.987678 
0.480807 -0.495192 -0.852293 
-0.774827 -0.495192 -0.83347 
-0.862672 -0.495192 -0.973691 
-0.989371 -0.972684 -0.965966 
-0.989371 -0.991965 -0.852526 
-0.989371 -0.351717 -0.701801 
-0.989371 -0.406505 -0.844954 
-0.989371 -0.800723 -0.702513 
-0.972684 -0.351717 -0.961959 
-0.972684 -0.406505 -0.380676 
-0.991965 -0.351717 -0.452914 
-0.991965 -0.406505 -0.943153 
-0.991965 -0.800723 0.525908 
-0.835599 -0.412132 0.571184 
-0.351717 -0.412132 -0.959712 
-0.351717 -0.406505 -0.316632 
-0.351717 -0.800723 0.602948 
-0.412132 -0.406505 -0.996291 
-0.406505 -0.800723 -0.702011 
0.537484 -0.965966 -0.899644 
0.537484 0.664811 -0.394359 
0.537484 -0.852526 -0.889445 
0.537484 -0.995183 -0.9929 
0.537484 -0.701801 -0.832037 
0.537484 -0.844954 -0.850204 
0.537484 -0.702513 -0.799132 
0.537484 -0.991833 -0.803176 
0.537484 -0.835223 -0.410535 
-0.965966 -0.701801 -0.961959 
-0.965966 -0.844954 -0.380676 
-0.965966 -0.835223 -0.978319 
0.664811 -0.852526 -0.896722 
0.664811 -0.701801 -0.792184 
0.664811 -0.844954 -0.963821 
0.664811 -0.702513 -0.790914 
0.664811 -0.835223 -0.984557 
-0.852526 -0.995183 0.611834 
-0.852526 -0.701801 -0.452914 
-0.852526 -0.844954 -0.943153 
-0.852526 -0.702513 0.525908 
-0.995183 -0.701801 -0.808732 
-0.995183 -0.702513 -0.379261 
-0.701801 -0.844954 -0.316632 
-0.701801 -0.702513 0.602948 
-0.844954 -0.702513 -0.702011 
-0.991833 -0.835223 0.646335 
-0.460904 0.592044 -0.851464 
-0.460904 -0.867258 0.470002 
-0.983589 0.592044 -0.899644 
-0.983589 -0.791504 -0.850204 
0.592044 -0.791504 -0.380676 
-0.979442 -0.984403 0.574094 
0.470002 -0.474605 0.612618 
0.470002 -0.989638 -0.787737 
-0.474605 -0.989638 -0.386621 
-0.899644 -0.832037 -0.961959 
-0.899644 -0.850204 -0.380676 
-0.899644 -0.410535 -0.978319 
-0.394359 -0.889445 -0.896722 
-0.394359 -0.832037 -0.792184 
-0.394359 -0.850204 -0.963821 
-0.394359 -0.799132 -0.790914 
-0.394359 -0.410535 -0.984557 
-0.889445 -0.9929 0.611834 
-0.889445 -0.832037 -0.452914 
-0.889445 -0.850204 -0.943153 
-0.889445 -0.799132 0.525908 
-0.9929 -0.832037 -0.808732 
-0.9929 -0.799132 -0.379261 
-0.832037 -0.850204 -0.316632 
-0.832037 -0.799132 0.602948 
-0.850204 -0.799132 -0.702011 
-0.803176 -0.995063 0.488908 
-0.803176 -0.410535 0.646335 
-0.995063 -0.410535 -0.449141 
-0.978861 0.510873 -0.972374 
-0.452148 0.510873 -0.859781 
-0.452148 0.609869 0.424612 
-0.452148 -0.827974 0.550994 
-0.452148 -0.995905 -0.449444 
0.510873 0.609869 -0.436045 
0.609869 -0.827974 -0.480656 
0.609869 -0.995905 -0.85411 
-0.827974 -0.995905 0.574094 
-0.961959 -0.380676 -0.316632 
-0.876283 -0.525537 -0.999036 
-0.876283 -0.829094 -0.978109 
-0.876283 0.390555 -0.911915 
-0.876283 -0.822919 -0.958268 
-0.876283 0.564425 -0.912315 
-0.525537 -0.829094 0.400536 
-0.525537 -0.991921 -0.508579 
-0.525537 -0.321327 -0.95822 
-0.525537 0.390555 -0.897208 
-0.525537 0.564425 0.379985 
-0.962228 -0.321327 -0.395028 
-0.962228 -0.747221 0.574094 
-0.962228 0.390555 -0.849774 
-0.829094 -0.991921 0.571184 
-0.829094 0.564425 -0.431554 
-0.991921 0.564425 -0.83347 
-0.321327 -0.747221 0.702091 
-0.321327 0.390555 0.412915 
-0.321327 -0.822919 -0.761076 
-0.321327 0.564425 -0.712011 
-0.747221 0.390555 -0.442943 
-0.747221 -0.822919 -0.928548 
-0.747221 0.564425 -0.898814 
0.390555 -0.822919 -0.454375 
0.390555 0.564425 -0.490857 
-0.822919 0.564425 -0.999342 
-0.896722 -0.792184 -0.452914 
-0.896722 -0.963821 -0.943153 
-0.896722 -0.790914 0.525908 
-0.792184 -0.963821 -0.316632 
-0.792184 -0.790914 0.602948 
-0.963821 -0.790914 -0.702011 
-0.865629 -0.806949 0.611864 
-0.865629 0.558846 -0.885691 
-0.865629 -0.912554 -0.413059 
-0.865629 -0.42972 -0.954002 
-0.865629 -0.467749 -0.912037 
-0.865629 0.451856 -0.888331 
-0.806949 0.558846 -0.735628 
-0.806949 -0.83168 -0.93677 
-0.806949 -0.912554 0.555669 
-0.806949 -0.42972 -0.788183 
-0.806949 -0.467749 -0.972451 
-0.806949 0.451856 -0.909183 
0.558846 -0.83168 -0.407119 
0.558846 -0.912554 -0.779291 
0.558846 -0.42972 0.609755 
0.558846 -0.467749 -0.855911 
0.558846 0.451856 -0.495471 
-0.83168 -0.912554 -0.828134 
-0.83168 -0.42972 0.614048 
-0.912554 -0.42972 -0.706589 
-0.42972 0.451856 -0.863926 
-0.467749 0.451856 0.605842 
-0.82185 0.611864 -0.436377 
-0.82185 -0.885691 -0.914427 
-0.82185 -0.413059 0.611834 
-0.82185 -0.954002 -0.795171 
-0.82185 -0.982405 0.525908 
0.611864 -0.885691 -0.735628 
0.611864 -0.413059 0.555669 
0.611864 -0.954002 -0.788183 
0.611864 -0.982405 -0.815968 
0.611864 -0.912037 -0.972451 
0.611864 -0.888331 -0.909183 
-0.885691 -0.413059 -0.779291 
-0.885691 -0.954002 0.609755 
-0.885691 -0.912037 -0.855911 
-0.885691 -0.888331 -0.495471 
-0.413059 -0.954002 -0.706589 
-0.413059 -0.982405 -0.379261 
-0.954002 -0.982405 -0.95893 
-0.954002 -0.888331 -0.863926 
-0.912037 -0.888331 0.605842 
-0.436377 -0.914427 -0.735628 
-0.436377 -0.807642 -0.93677 
-0.436377 0.611834 0.555669 
-0.436377 -0.795171 -0.788183 
-0.436377 -0.452914 -0.987913 
-0.436377 0.525908 -0.815968 
-0.939526 -0.807642 -0.460095 
-0.939526 -0.795171 -0.846814 
-0.939526 -0.452914 -0.988116 
-0.939526 0.525908 -0.951617 
-0.914427 -0.807642 -0.407119 
-0.914427 0.611834 -0.779291 
-0.914427 -0.795171 0.609755 
-0.807642 0.611834 -0.828134 
-0.807642 -0.795171 0.614048 
-0.807642 0.525908 -0.936747 
0.611834 -0.795171 -0.706589 
0.611834 -0.452914 -0.808732 
0.611834 0.525908 -0.379261 
-0.795171 0.525908 -0.95893 
-0.452914 -0.943153 -0.316632 
-0.452914 0.525908 0.602948 
-0.943153 0.525908 -0.702011 
-0.735628 -0.93677 -0.407119 
-0.735628 0.555669 -0.779291 
-0.735628 -0.788183 0.609755 
-0.735628 -0.972451 -0.855911 
-0.735628 -0.909183 -0.495471 
-0.93677 0.555669 -0.828134 
-0.93677 -0.788183 0.614048 
-0.93677 -0.815968 -0.936747 
0.555669 -0.788183 -0.706589 
0.555669 -0.987913 -0.808732 
0.555669 -0.815968 -0.379261 
-0.788183 -0.815968 -0.95893 
-0.788183 -0.909183 -0.863926 
-0.987913 -0.815968 0.602948 
-0.972451 -0.909183 0.605842 
-0.999036 -0.978109 0.400536 
-0.999036 -0.911915 -0.897208 
-0.999036 -0.912315 0.379985 
-0.978109 -0.912315 -0.431554 
-0.911915 -0.958268 -0.454375 
-0.911915 -0.912315 -0.490857 
-0.958268 -0.912315 -0.999342 
0.612618 -0.787737 -0.386621 
-0.460095 -0.956104 -0.965316 
-0.460095 -0.846814 0.614048 
-0.460095 -0.951617 -0.936747 
-0.846814 -0.951617 -0.95893 
-0.988116 -0.951617 0.602948 
-0.975672 -0.407119 -0.915285 
-0.975672 0.609755 -0.94628 
-0.407119 -0.779291 -0.828134 
-0.407119 0.609755 0.614048 
-0.779291 0.609755 -0.706589 
0.609755 -0.495471 -0.863926 
-0.855911 -0.495471 0.605842 
-0.859781 0.424612 -0.436045 
0.424612 0.550994 -0.480656 
0.424612 -0.449444 -0.85411 
0.550994 -0.833026 -0.395028 
0.550994 -0.449444 0.574094 
-0.833026 -0.449444 0.702091 
-0.951972 0.400536 -0.934407 
-0.951972 -0.463659 -0.386621 
-0.951972 -0.508579 -0.973536 
0.400536 -0.463659 -0.5943 
0.400536 -0.508579 0.571184 
0.400536 0.379985 -0.431554 
-0.463659 -0.508579 -0.803643 
-0.463659 -0.966741 -0.987678 
-0.463659 0.379985 -0.852293 
-0.508579 0.379985 -0.83347 
-0.95822 -0.897208 0.412915 
-0.95822 0.379985 -0.712011 
-0.966741 0.379985 -0.973691 
-0.897208 0.379985 -0.490857 
-0.915285 -0.386621 -0.965316 
-0.915285 -0.94628 0.614048 
-0.934407 -0.386621 -0.5943 
-0.934407 -0.973536 0.571184 
-0.386621 -0.973536 -0.803643 
-0.828134 0.614048 -0.706589 
-0.828134 -0.936747 -0.379261 
0.614048 -0.936747 -0.95893 
-0.706589 -0.379261 -0.95893 
-0.808732 -0.379261 0.602948 
-0.480656 -0.85411 0.574094 
-0.395028 0.574094 0.702091 
-0.395028 -0.849774 0.412915 
0.574094 -0.849774 -0.442943 
-0.5943 0.571184 -0.803643 
-0.5943 -0.431554 -0.852293 
0.571184 -0.431554 -0.83347 
-0.803643 -0.852293 -0.83347 
-0.987678 -0.852293 -0.973691 
-0.959712 -0.316632 -0.996291 
-0.316632 0.602948 -0.702011 
-0.950222 0.412915 -0.851426 
-0.950222 -0.761076 0.488908 
0.702091 0.412915 -0.442943 
0.702091 -0.761076 -0.928548 
0.702091 -0.712011 -0.898814 
0.412915 -0.761076 -0.454375 
0.412915 -0.712011 -0.490857 
-0.761076 -0.712011 -0.999342 
-0.851426 0.488908 -0.454375 
0.488908 0.646335 -0.449141 
-0.442943 -0.928548 -0.454375 
-0.442943 -0.898814 -0.490857 
-0.928548 -0.898814 -0.999342 
-0.454375 -0.490857 -0.999342 
