0.495676 0.456254 -0.0460903 
0.495676 -0.478697 0.467949 
0.495676 -0.459803 -0.453134 
0.495676 -0.469815 -0.0435892 
0.456254 -0.478697 -0.475606 
0.456254 -0.459803 0.546363 
0.456254 -0.469815 -0.021471 
-0.478697 -0.459803 -0.461791 
-0.478697 -0.469815 0.448979 
-0.459803 -0.469815 0.513277 
-0.93242 -0.933771 -0.435176 
-0.93242 -0.860995 -0.716311 
-0.93242 -0.995443 0.59365 
-0.93242 -0.442424 -0.73595 
-0.93242 -0.914246 0.620121 
-0.93242 0.503684 -0.834822 
-0.974449 -0.490387 -0.464301 
-0.974449 0.716001 -0.822684 
-0.974449 -0.833598 -0.658718 
-0.974449 -0.797946 0.662762 
-0.974449 -0.982157 -0.874697 
-0.490387 0.716001 0.339669 
-0.490387 -0.833598 0.489451 
-0.490387 0.503684 -0.880521 
-0.490387 -0.797946 0.435957 
-0.490387 -0.982157 -0.437182 
-0.933771 -0.860995 0.370981 
-0.933771 -0.995443 -0.838032 
-0.933771 -0.442424 -0.256829 
-0.933771 -0.914246 0.513317 
-0.933771 0.503684 -0.694118 
0.716001 -0.442424 -0.828445 
0.716001 -0.833598 -0.475284 
0.716001 0.503684 -0.420659 
0.716001 -0.797946 -0.430912 
0.716001 -0.982157 -0.82479 
-0.860995 -0.995443 -0.932842 
-0.860995 -0.442424 0.493039 
-0.860995 -0.914246 -0.34243 
-0.860995 0.503684 -0.453143 
-0.995443 -0.442424 -0.928884 
-0.995443 -0.914246 -0.418159 
-0.995443 0.503684 -0.960598 
-0.442424 -0.914246 -0.498656 
-0.442424 0.503684 0.640168 
-0.914246 0.503684 -0.735742 
-0.833598 -0.797946 -0.215882 
-0.833598 -0.982157 0.653863 
0.503684 -0.797946 -0.992984 
-0.797946 -0.982157 -0.701056 
0.666533 -0.449962 -0.83584 
0.666533 -0.813811 -0.930181 
0.666533 0.588018 -0.403963 
0.666533 -0.962933 -0.992064 
0.666533 -0.986431 -0.970503 
0.666533 -0.955345 -0.90127 
0.666533 -0.400242 0.590893 
0.666533 -0.82029 -0.404195 
0.666533 -0.926595 -0.941208 
0.666533 -0.796075 -0.859295 
0.666533 -0.846788 -0.832852 
-0.449962 -0.813811 -0.857579 
-0.449962 0.588018 0.528166 
-0.449962 -0.962933 -0.954498 
-0.449962 -0.932483 -0.848506 
-0.449962 -0.848782 0.574331 
-0.449962 -0.926595 -0.976469 
-0.449962 -0.796075 -0.965022 
-0.813811 0.588018 -0.745171 
-0.813811 -0.932483 0.619278 
-0.813811 -0.955345 -0.844191 
-0.813811 -0.848782 -0.979644 
-0.813811 -0.796075 0.520889 
-0.813811 -0.846788 -0.43339 
0.588018 -0.962933 -0.953872 
0.588018 -0.932483 -0.8309 
0.588018 -0.400242 -0.830517 
0.588018 -0.82029 -0.999809 
0.588018 -0.848782 -0.459694 
0.588018 -0.926595 -0.944705 
0.588018 -0.796075 -0.835211 
0.588018 -0.846788 -0.933112 
-0.962933 -0.986431 -0.468838 
-0.962933 -0.926595 0.495328 
-0.932483 -0.848782 -0.944164 
-0.932483 -0.796075 -0.433586 
-0.932483 -0.846788 -0.833575 
-0.986431 -0.400242 -0.989686 
-0.986431 -0.926595 0.520929 
-0.955345 -0.400242 -0.917105 
-0.955345 -0.82029 -0.943144 
-0.955345 -0.796075 -0.403401 
-0.955345 -0.846788 0.593597 
-0.400242 -0.82029 0.643371 
-0.400242 -0.926595 -0.989265 
-0.400242 -0.796075 -0.971921 
-0.400242 -0.846788 -0.916713 
-0.82029 -0.846788 -0.979885 
-0.796075 -0.846788 0.660235 
-0.879215 -0.416313 -0.941844 
-0.879215 -0.987316 -0.422223 
-0.879215 0.641192 -0.873233 
-0.879215 -0.909257 0.59365 
-0.879215 0.551478 -0.926868 
-0.879215 -0.926136 0.620121 
-0.879215 -0.433138 -0.983109 
-0.416313 -0.845674 0.528166 
-0.416313 -0.997904 -0.965278 
-0.416313 0.641192 0.574331 
-0.416313 0.551478 -0.84066 
-0.416313 -0.926136 -0.877578 
-0.992296 -0.997904 0.630554 
-0.845674 -0.997904 -0.998747 
-0.845674 0.641192 -0.459694 
-0.845674 -0.926136 -0.964023 
-0.997904 0.641192 -0.977103 
-0.987316 -0.852803 -0.958019 
-0.987316 -0.909257 0.584436 
-0.987316 0.551478 -0.942663 
-0.987316 -0.926136 -0.828283 
-0.987316 -0.433138 -0.918584 
0.641192 -0.909257 -0.949385 
0.641192 0.551478 -0.416405 
0.641192 -0.926136 -0.863409 
0.641192 -0.433138 -0.829444 
-0.852803 -0.909257 -0.990284 
-0.852803 0.551478 -0.440773 
-0.852803 -0.433138 0.538287 
-0.909257 0.551478 -0.895537 
-0.909257 -0.926136 -0.418159 
-0.909257 -0.433138 -0.918791 
0.551478 -0.926136 -0.996644 
0.551478 -0.433138 0.625851 
-0.941844 -0.956909 -0.857579 
-0.941844 -0.759713 -0.848506 
-0.941844 -0.435176 -0.937048 
-0.941844 -0.873233 0.574331 
-0.941844 -0.926868 -0.84066 
-0.941844 0.620121 -0.877578 
-0.956909 -0.759713 0.619278 
-0.956909 -0.435176 -0.450262 
-0.956909 -0.873233 -0.979644 
-0.956909 -0.716311 -0.804648 
-0.956909 -0.73595 -0.959956 
-0.956909 0.620121 -0.751655 
-0.956909 -0.941658 -0.807007 
-0.987401 -0.819794 0.63692 
-0.987401 -0.422223 -0.450969 
-0.987401 0.59365 -0.829653 
-0.759713 -0.435176 0.515944 
-0.759713 -0.873233 -0.944164 
-0.759713 -0.716311 -0.426153 
-0.759713 0.59365 -0.969931 
-0.759713 -0.73595 -0.752688 
-0.759713 0.620121 -0.267604 
-0.759713 -0.834822 -0.934493 
-0.759713 -0.941658 -0.581831 
-0.435176 -0.422223 -0.999302 
-0.435176 -0.873233 -0.970823 
-0.435176 -0.716311 0.370981 
-0.435176 0.59365 -0.838032 
-0.435176 -0.73595 -0.256829 
-0.435176 0.620121 0.513317 
-0.435176 -0.834822 -0.694118 
-0.435176 -0.941658 -0.335516 
-0.819794 -0.422223 0.50403 
-0.819794 0.59365 -0.432022 
-0.819794 0.620121 -0.987133 
-0.422223 0.59365 0.584436 
-0.422223 -0.926868 -0.942663 
-0.422223 0.620121 -0.828283 
-0.422223 -0.983109 -0.918584 
-0.873233 0.59365 -0.949385 
-0.873233 -0.926868 -0.416405 
-0.873233 0.620121 -0.863409 
-0.873233 -0.983109 -0.829444 
-0.716311 0.59365 -0.932842 
-0.716311 -0.73595 0.493039 
-0.716311 0.620121 -0.34243 
-0.716311 -0.834822 -0.453143 
-0.716311 -0.941658 0.475031 
0.59365 -0.926868 -0.895537 
0.59365 -0.73595 -0.928884 
0.59365 0.620121 -0.418159 
0.59365 -0.983109 -0.918791 
0.59365 -0.834822 -0.960598 
-0.926868 0.620121 -0.996644 
-0.926868 -0.983109 0.625851 
-0.73595 0.620121 -0.498656 
-0.73595 -0.834822 0.640168 
-0.73595 -0.941658 -0.432216 
0.620121 -0.834822 -0.735742 
0.620121 -0.941658 -0.767462 
-0.834822 -0.941658 -0.829663 
-0.0460903 0.467949 -0.475606 
-0.0460903 -0.453134 0.546363 
-0.0460903 -0.0435892 -0.021471 
-0.975547 -0.932295 -0.418218 
-0.975547 -0.94845 0.630554 
-0.975547 -0.999305 0.598775 
0.467949 -0.932295 -0.913624 
0.467949 -0.453134 -0.461791 
0.467949 -0.94845 -0.968779 
0.467949 -0.0435892 0.448979 
-0.932295 -0.94845 0.578072 
-0.932295 -0.999305 -0.826844 
-0.453134 -0.0435892 0.513277 
-0.94845 -0.999305 -0.40449 
-0.83584 -0.930181 -0.857579 
-0.83584 -0.403963 0.528166 
-0.83584 -0.992064 -0.954498 
-0.83584 -0.941208 -0.976469 
-0.83584 -0.859295 -0.965022 
-0.930181 -0.403963 -0.745171 
-0.930181 -0.90127 -0.844191 
-0.930181 -0.859295 0.520889 
-0.930181 -0.832852 -0.43339 
-0.403963 -0.992064 -0.953872 
-0.403963 0.590893 -0.830517 
-0.403963 -0.404195 -0.999809 
-0.403963 -0.941208 -0.944705 
-0.403963 -0.859295 -0.835211 
-0.403963 -0.832852 -0.933112 
-0.992064 -0.970503 -0.468838 
-0.992064 -0.941208 0.495328 
-0.970503 0.590893 -0.989686 
-0.970503 -0.941208 0.520929 
-0.90127 0.590893 -0.917105 
-0.90127 -0.404195 -0.943144 
-0.90127 -0.976296 0.621273 
-0.90127 -0.859295 -0.403401 
-0.90127 -0.832852 0.593597 
0.590893 -0.404195 0.643371 
0.590893 -0.976296 -0.949874 
0.590893 -0.941208 -0.989265 
0.590893 -0.837648 -0.420894 
0.590893 -0.859295 -0.971921 
0.590893 -0.832852 -0.916713 
-0.404195 -0.976296 -0.929191 
-0.404195 -0.837648 0.559835 
-0.404195 -0.832852 -0.979885 
-0.976296 -0.837648 -0.971228 
-0.976296 -0.859295 -0.82231 
-0.976296 -0.832852 -0.412577 
-0.859295 -0.832852 0.660235 
-0.475606 0.546363 -0.461791 
-0.475606 -0.021471 0.448979 
0.546363 -0.98097 -0.815219 
0.546363 -0.021471 0.513277 
0.546363 -0.972987 -0.911132 
0.546363 -0.984285 -0.965644 
0.546363 -0.946369 -0.803295 
-0.98097 -0.021471 -0.934853 
-0.98097 -0.972987 -0.449536 
-0.98097 -0.984285 -0.831496 
-0.98097 -0.946369 0.655548 
-0.021471 -0.946369 -0.953134 
-0.972987 -0.984285 0.493039 
-0.972987 -0.946369 0.475031 
-0.984285 -0.946369 -0.432216 
-0.857579 0.528166 -0.745171 
-0.857579 -0.848506 0.619278 
-0.857579 -0.937048 -0.450262 
-0.857579 0.574331 -0.979644 
-0.857579 -0.877578 -0.751655 
-0.857579 -0.965022 0.520889 
0.528166 -0.954498 -0.953872 
0.528166 -0.848506 -0.8309 
0.528166 -0.965278 -0.998747 
0.528166 -0.937048 -0.967197 
0.528166 0.574331 -0.459694 
0.528166 -0.976469 -0.944705 
0.528166 -0.877578 -0.964023 
0.528166 -0.965022 -0.835211 
-0.954498 -0.965278 0.578072 
-0.954498 -0.976469 0.495328 
-0.848506 -0.937048 0.515944 
-0.848506 0.574331 -0.944164 
-0.848506 -0.877578 -0.267604 
-0.848506 -0.965022 -0.433586 
-0.965278 0.574331 -0.977103 
-0.965278 -0.976469 -0.429441 
-0.937048 0.574331 -0.970823 
-0.937048 -0.877578 0.513317 
-0.937048 -0.965022 -0.849347 
0.574331 -0.84066 -0.416405 
0.574331 -0.877578 -0.863409 
-0.84066 -0.877578 -0.996644 
-0.877578 -0.965022 -0.978335 
-0.887013 -0.386439 -0.815219 
-0.887013 -0.918701 0.513277 
-0.887013 -0.99982 -0.911132 
-0.887013 0.33821 -0.918196 
-0.887013 0.673711 -0.918449 
-0.887013 -0.800506 -0.803295 
-0.386439 -0.918701 -0.934853 
-0.386439 -0.99982 -0.449536 
-0.386439 -0.95055 -0.990833 
-0.386439 -0.404126 -0.422463 
-0.386439 -0.439102 -0.992097 
-0.386439 -0.727943 -0.833882 
-0.386439 0.33821 0.477621 
-0.386439 0.673711 -0.780789 
-0.386439 -0.800506 0.655548 
-0.918701 -0.439102 -0.98944 
-0.918701 0.33821 -0.964956 
-0.918701 0.673711 -0.928818 
-0.918701 -0.800506 -0.953134 
-0.99982 -0.404126 -0.970328 
-0.99982 0.33821 -0.858238 
-0.99982 -0.800506 0.475031 
-0.95055 -0.404126 -0.385831 
-0.95055 -0.727943 0.552713 
-0.95055 0.33821 -0.84983 
-0.404126 -0.439102 -0.983464 
-0.404126 -0.727943 0.62195 
-0.404126 0.33821 0.382837 
-0.404126 0.673711 -0.797101 
-0.404126 -0.800506 -0.782672 
-0.439102 0.33821 -0.887027 
-0.439102 0.673711 0.473991 
-0.439102 -0.855395 0.530283 
-0.727943 0.33821 -0.478566 
-0.727943 0.673711 -0.917412 
-0.727943 -0.800506 -0.977881 
0.33821 0.673711 -0.506577 
0.33821 -0.800506 -0.445006 
0.673711 -0.855395 -0.502754 
0.673711 -0.800506 -0.963413 
-0.418218 0.630554 0.578072 
-0.418218 -0.405909 -0.98694 
-0.418218 0.598775 -0.826844 
-0.418218 -0.834157 0.495328 
0.630554 -0.405909 -0.809981 
0.630554 -0.819476 -0.982037 
0.630554 0.598775 -0.40449 
0.630554 -0.834157 -0.429441 
-0.988744 -0.405909 -0.394086 
-0.988744 -0.819476 0.622829 
-0.988744 0.598775 -0.821986 
-0.988744 -0.98977 -0.962343 
-0.988744 -0.977169 -0.955616 
-0.405909 -0.819476 0.566575 
-0.405909 0.598775 0.602173 
-0.405909 -0.98977 -0.836631 
-0.405909 -0.977169 -0.845112 
-0.819476 0.598775 -0.425577 
-0.819476 -0.98977 -0.920105 
-0.819476 -0.977169 -0.924265 
0.598775 -0.98977 -0.887326 
0.598775 -0.977169 -0.887689 
-0.98977 -0.977169 0.605152 
-0.913624 -0.968779 0.578072 
-0.913624 -0.975987 0.495328 
-0.461791 0.448979 0.513277 
-0.968779 -0.975987 -0.429441 
-0.745171 0.619278 -0.8309 
-0.745171 -0.450262 -0.967197 
-0.745171 -0.979644 -0.459694 
-0.745171 -0.751655 -0.964023 
-0.745171 0.520889 -0.835211 
-0.745171 -0.43339 -0.933112 
0.619278 -0.450262 0.515944 
0.619278 -0.851064 -0.762667 
0.619278 -0.979644 -0.944164 
0.619278 -0.804648 -0.426153 
0.619278 -0.959956 -0.752688 
0.619278 -0.751655 -0.267604 
0.619278 -0.888561 -0.926637 
0.619278 0.520889 -0.433586 
0.619278 -0.928089 -0.919834 
0.619278 -0.43339 -0.833575 
0.619278 -0.807007 -0.581831 
-0.450262 -0.851064 -0.72544 
-0.450262 -0.979644 -0.970823 
-0.450262 -0.804648 0.370981 
-0.450262 -0.959956 -0.256829 
-0.450262 -0.751655 0.513317 
-0.450262 -0.888561 -0.981664 
-0.450262 0.520889 -0.849347 
-0.450262 -0.928089 -0.940265 
-0.450262 -0.807007 -0.335516 
-0.851064 -0.804648 -0.449536 
-0.851064 -0.959956 -0.831496 
-0.851064 -0.751655 -0.947006 
-0.851064 -0.888561 -0.422463 
-0.851064 0.520889 -0.930645 
-0.851064 -0.975213 -0.833882 
-0.851064 -0.928089 0.477621 
-0.851064 -0.807007 0.655548 
-0.844191 0.520889 -0.403401 
-0.844191 -0.43339 0.593597 
-0.979644 -0.751655 -0.863409 
-0.804648 -0.959956 0.493039 
-0.804648 -0.751655 -0.34243 
-0.804648 -0.888561 -0.970328 
-0.804648 0.520889 -0.974685 
-0.804648 -0.928089 -0.858238 
-0.804648 -0.807007 0.475031 
-0.959956 -0.751655 -0.498656 
-0.959956 -0.807007 -0.432216 
-0.751655 0.520889 -0.978335 
-0.751655 -0.807007 -0.767462 
-0.888561 0.520889 -0.88129 
-0.888561 -0.975213 0.62195 
-0.888561 -0.928089 0.382837 
-0.888561 -0.43339 -0.942344 
-0.888561 -0.807007 -0.782672 
0.520889 -0.975213 -0.948782 
0.520889 -0.928089 -0.949247 
0.520889 -0.43339 0.660235 
0.520889 -0.807007 -0.943821 
-0.975213 -0.928089 -0.478566 
-0.975213 -0.43339 -0.969855 
-0.975213 -0.807007 -0.977881 
-0.928089 -0.807007 -0.445006 
-0.953872 -0.998747 0.578072 
-0.953872 -0.944705 0.495328 
-0.8309 -0.967197 0.515944 
-0.8309 -0.459694 -0.944164 
-0.8309 -0.964023 -0.267604 
-0.8309 -0.835211 -0.433586 
-0.8309 -0.933112 -0.833575 
-0.998747 -0.459694 -0.977103 
-0.998747 -0.944705 -0.429441 
-0.967197 -0.459694 -0.970823 
-0.967197 -0.964023 0.513317 
-0.967197 -0.835211 -0.849347 
-0.830517 -0.999809 0.643371 
-0.830517 -0.944705 -0.989265 
-0.830517 -0.835211 -0.971921 
-0.830517 -0.933112 -0.916713 
-0.999809 -0.933112 -0.979885 
-0.459694 -0.964023 -0.863409 
-0.964023 -0.835211 -0.978335 
-0.835211 -0.933112 0.660235 
0.578072 -0.98694 -0.809981 
0.578072 -0.468838 -0.840363 
0.578072 -0.826844 -0.40449 
0.578072 0.495328 -0.429441 
0.578072 -0.841426 -0.997485 
-0.98694 -0.826844 0.602173 
-0.468838 -0.991357 -0.332994 
-0.468838 0.495328 0.520929 
-0.468838 -0.841426 0.675612 
-0.991357 0.495328 -0.805369 
-0.991357 -0.841426 0.674862 
0.495328 -0.841426 -0.426744 
-0.857441 0.525953 -0.440835 
-0.857441 -0.463256 0.521761 
-0.857441 -0.996855 0.662762 
0.525953 0.63692 -0.415752 
0.525953 -0.463256 0.564955 
0.525953 -0.450969 -0.847823 
0.525953 -0.829653 -0.995008 
0.525953 -0.936095 -0.945766 
0.525953 -0.996855 -0.807801 
0.525953 -0.882289 -0.918097 
0.63692 -0.463256 -0.841817 
0.63692 -0.450969 0.50403 
0.63692 -0.829653 -0.432022 
0.63692 -0.973266 -0.996305 
0.63692 -0.882289 -0.946756 
-0.463256 -0.936095 -0.977017 
-0.463256 -0.996855 -0.41099 
-0.463256 -0.882289 -0.977352 
-0.450969 -0.829653 0.584436 
-0.936095 -0.973266 -0.385831 
-0.936095 -0.882289 0.552713 
-0.973266 -0.882289 0.62195 
0.515944 -0.762667 -0.72544 
0.515944 -0.944164 -0.970823 
0.515944 -0.426153 0.370981 
0.515944 -0.969931 -0.838032 
0.515944 -0.752688 -0.256829 
0.515944 -0.267604 0.513317 
0.515944 -0.934493 -0.694118 
0.515944 -0.926637 -0.981664 
0.515944 -0.433586 -0.849347 
0.515944 -0.919834 -0.940265 
0.515944 -0.581831 -0.335516 
-0.762667 -0.426153 -0.449536 
-0.762667 -0.752688 -0.831496 
-0.762667 -0.267604 -0.947006 
-0.762667 -0.934493 -0.99651 
-0.762667 -0.926637 -0.422463 
-0.762667 -0.433586 -0.930645 
-0.762667 -0.919834 0.477621 
-0.762667 -0.581831 0.655548 
-0.944164 -0.969931 -0.949385 
-0.944164 -0.267604 -0.863409 
-0.426153 -0.969931 -0.932842 
-0.426153 -0.752688 0.493039 
-0.426153 -0.267604 -0.34243 
-0.426153 -0.934493 -0.453143 
-0.426153 -0.926637 -0.970328 
-0.426153 -0.433586 -0.974685 
-0.426153 -0.919834 -0.858238 
-0.426153 -0.581831 0.475031 
-0.969931 -0.752688 -0.928884 
-0.969931 -0.267604 -0.418159 
-0.969931 -0.934493 -0.960598 
-0.752688 -0.267604 -0.498656 
-0.752688 -0.934493 0.640168 
-0.752688 -0.581831 -0.432216 
-0.267604 -0.934493 -0.735742 
-0.267604 -0.433586 -0.978335 
-0.267604 -0.581831 -0.767462 
-0.934493 -0.581831 -0.829663 
-0.926637 -0.433586 -0.88129 
-0.926637 -0.919834 0.382837 
-0.926637 -0.833575 -0.942344 
-0.926637 -0.581831 -0.782672 
-0.433586 -0.919834 -0.949247 
-0.433586 -0.833575 0.660235 
-0.433586 -0.581831 -0.943821 
-0.919834 -0.581831 -0.445006 
-0.815219 0.513277 -0.934853 
-0.815219 -0.911132 -0.449536 
-0.815219 -0.965644 -0.831496 
-0.815219 -0.918196 0.477621 
-0.815219 -0.918449 -0.780789 
-0.815219 -0.803295 0.655548 
0.513277 -0.918196 -0.964956 
0.513277 -0.918449 -0.928818 
0.513277 -0.803295 -0.953134 
-0.911132 -0.965644 0.493039 
-0.911132 -0.918196 -0.858238 
-0.911132 -0.803295 0.475031 
-0.965644 -0.803295 -0.432216 
-0.918196 -0.918449 -0.506577 
-0.918196 -0.803295 -0.445006 
-0.918449 -0.803295 -0.963413 
-0.464301 -0.822684 0.339669 
-0.464301 -0.440835 -0.998718 
-0.464301 0.521761 -0.857199 
-0.464301 -0.658718 0.489451 
-0.464301 0.662762 0.435957 
-0.464301 -0.874697 -0.437182 
-0.822684 0.521761 -0.992451 
-0.822684 -0.658718 -0.475284 
-0.822684 0.662762 -0.430912 
-0.822684 -0.874697 -0.82479 
-0.440835 0.521761 0.564955 
-0.440835 0.662762 -0.807801 
0.521761 -0.658718 -0.927404 
0.521761 0.662762 -0.41099 
-0.658718 0.662762 -0.215882 
-0.658718 -0.874697 0.653863 
0.662762 -0.874697 -0.701056 
0.339669 -0.857199 -0.992451 
0.339669 -0.834171 -0.991257 
0.339669 0.489451 -0.475284 
0.339669 -0.880521 -0.420659 
0.339669 0.435957 -0.430912 
0.339669 -0.437182 -0.82479 
-0.998718 -0.857199 0.564955 
-0.998718 0.435957 -0.807801 
-0.857199 0.489451 -0.927404 
-0.857199 0.435957 -0.41099 
-0.834171 -0.994572 0.534402 
-0.834171 0.489451 -0.397046 
-0.834171 0.435957 -0.934768 
-0.834171 -0.437182 0.605152 
-0.994572 0.489451 -0.820636 
-0.994572 -0.437182 -0.429992 
0.489451 0.435957 -0.215882 
0.489451 -0.437182 0.653863 
-0.880521 0.435957 -0.992984 
0.435957 -0.437182 -0.701056 
-0.809981 -0.982037 0.566575 
-0.809981 -0.40449 0.602173 
-0.982037 -0.40449 -0.425577 
-0.840363 -0.429441 0.520929 
-0.840363 -0.997485 0.675612 
-0.429441 -0.997485 -0.426744 
-0.394086 0.622829 0.566575 
-0.394086 -0.821986 0.602173 
-0.394086 -0.962343 -0.836631 
-0.394086 -0.998426 -0.942846 
-0.394086 -0.955616 -0.845112 
-0.394086 0.570482 -0.812776 
0.622829 -0.821986 -0.425577 
0.622829 -0.962343 -0.920105 
0.622829 -0.998426 -0.987652 
0.622829 -0.955616 -0.924265 
0.622829 -0.457876 -0.844873 
0.622829 0.570482 -0.410837 
-0.821986 -0.962343 -0.887326 
-0.821986 -0.998426 -0.965496 
-0.821986 -0.955616 -0.887689 
-0.821986 0.570482 -0.994393 
-0.962343 -0.998426 -0.397046 
-0.962343 -0.955616 0.605152 
-0.962343 0.570482 -0.99759 
-0.998426 -0.955616 0.653863 
-0.955616 0.570482 -0.993252 
-0.457876 -0.869656 0.473991 
-0.457876 0.570482 0.530283 
-0.869656 0.570482 -0.502754 
-0.72544 0.370981 -0.449536 
-0.72544 -0.256829 -0.831496 
-0.72544 0.513317 -0.947006 
-0.72544 -0.694118 -0.99651 
-0.72544 -0.981664 -0.422463 
-0.72544 -0.849347 -0.930645 
-0.72544 -0.940265 0.477621 
-0.72544 -0.335516 0.655548 
-0.999302 -0.838032 0.584436 
-0.999302 0.513317 -0.828283 
-0.970823 -0.838032 -0.949385 
-0.970823 0.513317 -0.863409 
0.370981 -0.838032 -0.932842 
0.370981 -0.256829 0.493039 
0.370981 0.513317 -0.34243 
0.370981 -0.694118 -0.453143 
0.370981 -0.981664 -0.970328 
0.370981 -0.849347 -0.974685 
0.370981 -0.940265 -0.858238 
0.370981 -0.335516 0.475031 
-0.838032 -0.256829 -0.928884 
-0.838032 0.513317 -0.418159 
-0.838032 -0.694118 -0.960598 
-0.256829 0.513317 -0.498656 
-0.256829 -0.694118 0.640168 
-0.256829 -0.335516 -0.432216 
0.513317 -0.694118 -0.735742 
0.513317 -0.849347 -0.978335 
0.513317 -0.335516 -0.767462 
-0.694118 -0.335516 -0.829663 
-0.981664 -0.849347 -0.88129 
-0.981664 -0.940265 0.382837 
-0.981664 -0.335516 -0.782672 
-0.849347 -0.940265 -0.949247 
-0.849347 -0.335516 -0.943821 
-0.940265 -0.335516 -0.445006 
-0.992451 -0.475284 -0.927404 
-0.992451 -0.430912 -0.41099 
-0.991257 -0.475284 -0.397046 
-0.991257 -0.430912 -0.934768 
-0.991257 -0.82479 0.605152 
-0.828445 -0.420659 0.640168 
-0.475284 -0.430912 -0.215882 
-0.475284 -0.82479 0.653863 
-0.420659 -0.430912 -0.992984 
-0.430912 -0.82479 -0.701056 
0.566575 0.602173 -0.425577 
0.566575 -0.836631 -0.920105 
0.566575 -0.942846 -0.987652 
0.566575 -0.845112 -0.924265 
0.566575 -0.812776 -0.410837 
0.602173 -0.836631 -0.887326 
0.602173 -0.958871 -0.987184 
0.602173 -0.942846 -0.965496 
0.602173 -0.845112 -0.887689 
0.602173 -0.812776 -0.994393 
-0.836631 -0.958871 0.534402 
-0.836631 -0.942846 -0.397046 
-0.836631 -0.845112 0.605152 
-0.836631 -0.812776 -0.99759 
-0.958871 -0.942846 -0.820636 
-0.958871 -0.845112 -0.429992 
-0.942846 -0.845112 0.653863 
-0.845112 -0.812776 -0.993252 
-0.415752 0.564955 -0.841817 
-0.415752 -0.847823 0.50403 
-0.415752 -0.995008 -0.432022 
-0.415752 -0.918097 -0.946756 
0.564955 -0.945766 -0.977017 
0.564955 -0.807801 -0.41099 
0.564955 -0.918097 -0.977352 
-0.847823 -0.995008 0.584436 
-0.945766 -0.918097 0.552713 
-0.841817 -0.946756 -0.977352 
0.50403 -0.432022 0.584436 
0.50403 -0.987133 -0.828283 
-0.432022 -0.987133 -0.418159 
-0.996305 -0.946756 0.62195 
-0.425577 -0.920105 -0.887326 
-0.425577 -0.987652 -0.965496 
-0.425577 -0.924265 -0.887689 
-0.425577 -0.410837 -0.994393 
-0.920105 -0.987652 -0.397046 
-0.920105 -0.924265 0.605152 
-0.920105 -0.410837 -0.99759 
-0.987652 -0.924265 0.653863 
-0.924265 -0.410837 -0.993252 
-0.844873 -0.410837 0.530283 
-0.989686 0.520929 -0.989265 
-0.332994 0.520929 -0.805369 
-0.332994 0.675612 0.674862 
-0.332994 -0.827835 0.456513 
-0.332994 -0.994647 -0.467996 
0.520929 0.675612 -0.426744 
0.675612 -0.827835 -0.447774 
0.675612 -0.994647 -0.842319 
-0.827835 -0.994647 0.552713 
-0.977017 -0.977352 0.552713 
-0.927404 -0.41099 -0.215882 
-0.934853 -0.992097 -0.98944 
-0.934853 0.477621 -0.964956 
-0.934853 -0.780789 -0.928818 
-0.934853 0.655548 -0.953134 
-0.449536 -0.831496 0.493039 
-0.449536 -0.947006 -0.34243 
-0.449536 -0.99651 -0.453143 
-0.449536 -0.422463 -0.970328 
-0.449536 -0.930645 -0.974685 
-0.449536 0.477621 -0.858238 
-0.449536 0.655548 0.475031 
-0.990833 -0.422463 -0.385831 
-0.990833 -0.833882 0.552713 
-0.990833 0.477621 -0.84983 
-0.831496 -0.947006 -0.498656 
-0.831496 -0.99651 0.640168 
-0.831496 0.655548 -0.432216 
-0.947006 -0.99651 -0.735742 
-0.947006 -0.930645 -0.978335 
-0.947006 0.655548 -0.767462 
-0.99651 0.655548 -0.829663 
-0.422463 -0.992097 -0.983464 
-0.422463 -0.930645 -0.88129 
-0.422463 -0.833882 0.62195 
-0.422463 0.477621 0.382837 
-0.422463 -0.780789 -0.797101 
-0.422463 0.655548 -0.782672 
-0.992097 0.477621 -0.887027 
-0.992097 -0.780789 0.473991 
-0.930645 -0.833882 -0.948782 
-0.930645 0.477621 -0.949247 
-0.930645 0.655548 -0.943821 
-0.833882 0.477621 -0.478566 
-0.833882 -0.780789 -0.917412 
-0.833882 0.655548 -0.977881 
0.477621 -0.780789 -0.506577 
0.477621 0.655548 -0.445006 
-0.780789 0.655548 -0.963413 
-0.887326 -0.987184 0.534402 
-0.887326 -0.965496 -0.397046 
-0.887326 -0.887689 0.605152 
-0.887326 -0.994393 -0.99759 
-0.987184 -0.965496 -0.820636 
-0.987184 -0.887689 -0.429992 
-0.965496 -0.887689 0.653863 
-0.887689 -0.994393 -0.993252 
-0.917105 -0.943144 0.643371 
-0.917105 0.621273 -0.949874 
-0.917105 -0.403401 -0.971921 
-0.917105 0.593597 -0.916713 
-0.943144 0.621273 -0.929191 
-0.943144 -0.437277 -0.98172 
-0.943144 0.593597 -0.979885 
-0.999163 0.621273 -0.958019 
-0.999163 -0.840442 -0.942663 
-0.999163 -0.437277 -0.918584 
0.621273 -0.840442 -0.440773 
0.621273 -0.437277 0.538287 
0.621273 -0.403401 -0.82231 
0.621273 0.593597 -0.412577 
-0.840442 -0.437277 0.625851 
-0.437277 0.593597 -0.839442 
-0.403401 0.593597 0.660235 
-0.846687 0.643371 -0.46516 
-0.846687 -0.420894 0.534402 
0.643371 -0.949874 -0.929191 
0.643371 -0.420894 0.559835 
0.643371 -0.916713 -0.979885 
-0.949874 -0.420894 -0.971228 
-0.949874 -0.971921 -0.82231 
-0.949874 -0.916713 -0.412577 
-0.971921 -0.916713 0.660235 
-0.46516 0.534402 0.559835 
-0.46516 0.605152 -0.84727 
0.534402 -0.397046 -0.820636 
0.534402 0.605152 -0.429992 
-0.397046 -0.934768 -0.215882 
-0.397046 0.605152 0.653863 
-0.934768 0.605152 -0.701056 
0.605152 -0.99759 -0.993252 
-0.929191 0.559835 -0.971228 
-0.929191 -0.98172 0.538287 
-0.929191 -0.979885 -0.412577 
0.559835 -0.98172 -0.981681 
0.559835 -0.84727 -0.429992 
-0.98172 -0.979885 -0.839442 
-0.98944 -0.964956 -0.887027 
-0.98944 -0.928818 0.473991 
-0.964956 -0.928818 -0.506577 
-0.964956 -0.953134 -0.445006 
-0.928818 -0.953134 -0.963413 
-0.958019 0.584436 -0.990284 
-0.958019 -0.942663 -0.440773 
-0.958019 -0.918584 0.538287 
0.584436 -0.942663 -0.895537 
0.584436 -0.828283 -0.418159 
0.584436 -0.918584 -0.918791 
-0.942663 -0.828283 -0.996644 
-0.942663 -0.918584 0.625851 
-0.949385 -0.416405 -0.895537 
-0.949385 -0.863409 -0.418159 
-0.949385 -0.829444 -0.918791 
-0.416405 -0.863409 -0.996644 
-0.416405 -0.829444 0.625851 
-0.990284 -0.440773 -0.895537 
-0.990284 0.538287 -0.918791 
-0.440773 0.538287 0.625851 
-0.971228 0.538287 -0.981681 
0.538287 -0.412577 -0.839442 
-0.82231 -0.412577 0.660235 
-0.805369 0.674862 -0.426744 
0.674862 0.456513 -0.447774 
0.674862 -0.796548 -0.977183 
0.674862 -0.467996 -0.842319 
0.456513 -0.796548 -0.385831 
0.456513 -0.467996 0.552713 
0.456513 -0.995575 -0.84983 
-0.796548 -0.467996 0.62195 
-0.796548 -0.995575 0.382837 
-0.467996 -0.995575 -0.478566 
-0.932842 0.493039 -0.928884 
-0.932842 -0.34243 -0.418159 
-0.932842 -0.453143 -0.960598 
0.493039 -0.34243 -0.498656 
0.493039 -0.453143 0.640168 
0.493039 0.475031 -0.432216 
-0.34243 -0.453143 -0.735742 
-0.34243 -0.974685 -0.978335 
-0.34243 0.475031 -0.767462 
-0.453143 0.475031 -0.829663 
-0.970328 -0.974685 -0.88129 
-0.970328 -0.858238 0.382837 
-0.970328 0.475031 -0.782672 
-0.974685 -0.858238 -0.949247 
-0.974685 0.475031 -0.943821 
-0.858238 0.475031 -0.445006 
-0.895537 -0.418159 -0.996644 
-0.895537 -0.918791 0.625851 
-0.928884 -0.418159 -0.498656 
-0.928884 -0.960598 0.640168 
-0.418159 -0.960598 -0.735742 
-0.820636 -0.429992 0.653863 
-0.447774 -0.977183 -0.385831 
-0.447774 -0.842319 0.552713 
-0.977183 -0.842319 0.62195 
-0.385831 0.552713 0.62195 
-0.385831 -0.84983 0.382837 
0.552713 -0.84983 -0.478566 
-0.498656 0.640168 -0.735742 
-0.498656 -0.432216 -0.767462 
0.640168 -0.432216 -0.829663 
-0.735742 -0.767462 -0.829663 
-0.978335 -0.767462 -0.943821 
-0.215882 0.653863 -0.701056 
-0.983464 0.382837 -0.887027 
-0.983464 -0.797101 0.473991 
-0.88129 0.62195 -0.948782 
-0.88129 0.382837 -0.949247 
-0.88129 -0.942344 0.660235 
-0.88129 -0.782672 -0.943821 
0.62195 0.382837 -0.478566 
0.62195 -0.797101 -0.917412 
0.62195 -0.942344 -0.969855 
0.62195 -0.782672 -0.977881 
0.382837 -0.797101 -0.506577 
0.382837 -0.782672 -0.445006 
-0.797101 -0.782672 -0.963413 
-0.887027 0.473991 -0.506577 
0.473991 0.530283 -0.502754 
-0.948782 -0.949247 -0.478566 
-0.948782 0.660235 -0.969855 
-0.948782 -0.943821 -0.977881 
-0.949247 -0.943821 -0.445006 
-0.478566 -0.917412 -0.506577 
-0.478566 -0.977881 -0.445006 
-0.917412 -0.977881 -0.963413 
-0.506577 -0.445006 -0.963413 
