4.07989 1.32299 4.81323 
4.07989 4.48115 1.26463 
4.07989 1.32762 4.66306 
4.07989 4.44617 2.47022 
4.07989 3.83831 1.20927 
4.07989 4.64598 3.76858 
3.82515 1.32299 4.75279 
3.82515 1.32762 4.56217 
3.82515 4.34379 2.5335 
3.82515 4.63449 2.79572 
3.82515 4.0684 1.3641 
3.82515 3.97866 1.2328 
1.32299 1.32762 1.8454 
1.32299 2.59755 1.34768 
1.32299 3.83831 4.58651 
1.32299 2.5756 2.5539 
1.32299 2.53632 1.82171 
1.32299 4.0684 4.74072 
4.48115 4.44617 3.73414 
4.48115 3.83831 2.46494 
1.32762 4.44617 4.28913 
1.32762 2.59755 2.59558 
1.32762 3.83831 4.07717 
1.32762 2.5756 1.33379 
1.32762 4.34379 4.34296 
1.32762 2.53632 1.84931 
1.32762 4.64598 4.08381 
1.32762 3.97866 4.38739 
4.44617 3.83831 1.30835 
4.44617 2.5756 4.92574 
4.44617 4.64598 1.38439 
2.59755 2.5756 2.61854 
2.59755 2.53632 1.34175 
3.83831 2.5756 4.99319 
3.83831 4.64598 2.56144 
2.5756 2.53632 1.34964 
2.5756 4.64598 4.37131 
4.34379 4.0684 3.86882 
4.34379 3.97866 1.34149 
4.63449 4.0684 1.43636 
4.63449 3.97866 4.02539 
4.0684 3.97866 2.59536 
4.9888 2.73288 2.44736 
4.9888 1.47679 3.67281 
4.9888 3.79867 1.31231 
2.73288 1.47679 1.28874 
2.73288 1.30579 3.81471 
2.73288 3.79867 1.15716 
1.47679 2.50828 3.8943 
1.47679 1.30579 2.52977 
1.47679 3.79867 2.4109 
2.50828 4.21175 4.22361 
2.50828 1.30579 1.61008 
2.50828 4.58102 4.60682 
4.21175 1.30579 4.69307 
4.21175 4.58102 1.27594 
1.30579 3.79867 4.93478 
1.30579 4.58102 4.9726 
4.81323 4.66306 1.8454 
4.81323 1.20927 4.58651 
1.26463 2.47022 3.73414 
1.26463 1.20927 2.46494 
1.26463 4.99725 4.7216 
1.26463 2.44671 1.25826 
4.66306 2.47022 4.28913 
4.66306 1.20927 4.07717 
4.66306 3.76858 4.08381 
2.47022 1.20927 1.30835 
2.47022 2.44671 4.86646 
2.47022 3.76858 1.38439 
1.20927 2.44671 3.64051 
1.20927 3.76858 2.56144 
4.99725 2.44671 4.17638 
4.61398 2.68724 4.28913 
4.61398 3.87941 4.07717 
4.61398 4.5183 1.33379 
4.61398 1.3329 4.08381 
2.68724 3.87941 1.30835 
2.68724 4.77382 4.81928 
2.68724 4.5183 4.92574 
2.68724 4.11633 4.54504 
2.68724 3.96028 4.65332 
2.68724 1.3329 1.38439 
2.68724 1.41663 3.99425 
3.87941 4.5183 4.99319 
3.87941 1.3329 2.56144 
4.77382 4.3768 3.64143 
4.77382 4.11633 1.23924 
4.77382 3.96028 2.42487 
4.77382 1.3329 4.59645 
4.77382 4.92508 4.95298 
4.5183 1.3329 4.37131 
4.5183 1.41663 4.53902 
4.5183 2.69619 4.75155 
4.3768 4.11633 2.4283 
4.3768 3.96028 1.25752 
4.3768 1.3329 4.57491 
4.3768 1.41663 4.92384 
4.3768 4.92508 1.31231 
4.11633 3.96028 1.20075 
4.11633 1.3329 4.06859 
4.11633 4.92508 3.73659 
3.96028 1.3329 4.0006 
3.96028 1.41663 4.78095 
3.96028 4.92508 2.5517 
4.23972 4.04101 3.60139 
4.23972 1.41663 3.45641 
4.23972 2.69619 3.35337 
1.3329 1.41663 2.66349 
1.3329 2.69619 3.90168 
4.04101 1.41663 2.63855 
4.04101 2.69619 1.36375 
1.41663 2.69619 1.28913 
4.75279 4.56217 1.8454 
4.75279 1.3641 4.74072 
4.56217 3.96242 4.79548 
4.56217 2.5335 4.34296 
4.56217 1.2328 4.38739 
3.96242 2.5335 1.43698 
3.96242 1.2328 2.75104 
2.5335 3.08611 4.44848 
2.5335 1.3641 3.86882 
2.5335 1.2328 1.34149 
3.08611 2.79572 4.17303 
3.08611 4.34026 1.36225 
3.08611 1.3641 3.36 
3.08611 1.2328 3.40823 
2.79572 1.3641 1.43636 
2.79572 1.2328 4.02539 
4.34026 1.3641 4.61214 
4.34026 1.2328 4.53371 
1.3641 1.2328 2.59536 
1.8454 1.34768 2.59558 
1.8454 4.58651 4.07717 
1.8454 2.5539 1.33379 
1.8454 1.82171 1.84931 
1.34768 2.5539 2.61854 
1.34768 4.97111 4.58221 
1.34768 1.82171 1.34175 
4.58651 2.5539 4.99319 
2.5539 1.82171 1.34964 
4.97111 1.82171 4.69824 
3.73414 2.46494 1.30835 
3.73414 1.25826 4.86646 
2.46494 1.25826 3.64051 
4.7216 1.25826 4.17638 
4.7216 4.45186 4.36591 
4.7216 4.39419 3.82986 
1.25826 4.45186 3.204 
1.25826 4.39419 3.26468 
1.25826 4.76433 3.53639 
4.45186 4.39419 1.27781 
4.45186 4.76433 1.30409 
4.39419 4.76433 2.57934 
4.28913 4.07717 1.30835 
4.28913 1.33379 4.92574 
4.28913 4.08381 1.38439 
2.59558 1.33379 2.61854 
2.59558 1.84931 1.34175 
4.07717 1.33379 4.99319 
4.07717 4.08381 2.56144 
4.79548 4.34296 1.43698 
4.79548 4.38739 2.75104 
1.33379 1.84931 1.34964 
1.33379 4.08381 4.37131 
4.34296 4.38739 1.34149 
1.30835 4.92574 4.99319 
1.30835 4.86646 3.64051 
1.30835 1.38439 2.56144 
4.81928 4.54504 1.23924 
4.81928 4.65332 2.42487 
4.81928 1.38439 4.59645 
4.92574 1.38439 4.37131 
4.92574 3.99425 4.53902 
4.54504 4.65332 1.20075 
4.54504 1.38439 4.06859 
4.65332 1.38439 4.0006 
4.65332 3.99425 4.78095 
1.38439 3.99425 2.66349 
4.89829 4.12849 1.29813 
4.89829 4.01472 2.55929 
4.17312 4.37429 2.59703 
4.17312 2.42945 3.68565 
4.17312 4.97907 3.82435 
4.17312 4.14192 1.29192 
4.17312 1.25094 3.9439 
4.17312 3.73897 4.03135 
4.17312 4.72986 1.2428 
4.47937 3.74778 2.57827 
4.47937 3.8871 1.30409 
4.47937 1.25094 4.72997 
3.74778 3.8871 1.27594 
3.74778 1.25094 4.47579 
4.37429 2.42945 4.20699 
4.37429 4.12849 4.63687 
4.37429 4.97907 1.22947 
4.37429 4.14192 1.30925 
4.37429 1.25094 4.41484 
4.37429 4.01472 4.11529 
4.37429 3.73897 4.69695 
4.37429 4.72986 3.83406 
3.8871 1.25094 4.39273 
2.42945 4.97907 4.9812 
2.42945 4.14192 3.80226 
2.42945 1.25094 1.2545 
2.42945 3.73897 1.3111 
2.42945 4.72986 4.17542 
4.12849 4.97907 4.4601 
4.12849 4.01472 1.29941 
4.97907 4.14192 2.53483 
4.97907 4.01472 3.72117 
4.14192 1.25094 4.04994 
4.14192 4.01472 4.86665 
4.14192 3.73897 4.23495 
4.14192 4.72986 2.52523 
1.25094 4.01472 4.93551 
1.25094 3.73897 2.53964 
1.25094 4.72986 4.42042 
3.73897 4.72986 4.39437 
2.49274 1.27837 1.25997 
2.49274 2.61344 4.96454 
2.49274 4.857 2.54165 
2.49274 4.96008 4.7535 
2.49274 1.31232 3.76969 
2.49274 3.78071 1.33996 
2.49274 3.58357 3.26386 
2.49274 4.23205 3.94001 
1.27837 2.61344 3.8573 
1.27837 3.7323 4.90422 
1.27837 4.857 3.75026 
1.27837 4.96008 4.46359 
1.27837 1.31232 2.58654 
1.27837 3.78071 2.5887 
1.27837 3.58357 2.96343 
1.27837 4.23205 3.65535 
4.88675 2.61344 2.56112 
4.88675 3.7323 1.26941 
4.88675 4.96008 4.97251 
4.88675 1.31232 3.73851 
2.61344 3.7323 1.31681 
2.61344 1.31232 1.35358 
3.7323 1.31232 2.55174 
4.857 3.78071 1.25616 
4.96008 3.58357 2.47843 
4.96008 4.23205 1.2428 
1.31232 3.58357 4.59964 
3.78071 3.58357 4.16273 
3.78071 4.23205 4.73671 
3.58357 4.23205 1.24442 
2.61854 1.34175 1.34964 
4.58221 1.34175 4.69824 
4.12471 4.58387 3.64143 
4.12471 4.04205 1.23924 
4.12471 4.69033 1.23126 
4.12471 4.0659 2.42487 
4.58387 4.04205 2.4283 
4.58387 4.69033 4.79039 
4.58387 4.0659 1.25752 
4.04205 4.69033 2.43888 
4.04205 4.0659 1.20075 
4.69033 4.0659 3.61514 
1.29813 2.55929 1.29941 
4.99319 2.56144 4.37131 
1.25997 4.96454 3.8573 
1.25997 2.54165 3.75026 
1.25997 4.7535 4.46359 
1.25997 3.76969 2.58654 
1.25997 1.33996 2.5887 
1.25997 3.26386 2.96343 
1.25997 3.94001 3.65535 
4.96454 3.76969 1.35358 
2.54165 4.53392 4.90851 
2.54165 1.33996 1.25616 
4.7535 3.26386 2.47843 
4.7535 3.94001 1.2428 
3.76969 3.26386 4.59964 
4.53392 1.33996 4.54835 
1.33996 3.26386 4.16273 
1.33996 3.94001 4.73671 
3.26386 3.94001 1.24442 
3.64143 1.23924 2.4283 
3.64143 1.23126 4.79039 
3.64143 2.42487 1.25752 
3.64143 4.59645 4.57491 
3.64143 4.95298 1.31231 
1.23924 1.23126 2.43888 
1.23924 2.42487 1.20075 
1.23924 4.59645 4.06859 
1.23924 4.95298 3.73659 
1.23126 2.42487 3.61514 
2.42487 4.59645 4.0006 
2.42487 4.95298 2.5517 
4.42449 3.82234 2.44736 
4.42449 4.47283 3.67281 
4.42449 3.79326 1.31231 
3.82234 4.47283 1.28874 
3.82234 3.79326 1.15716 
1.43698 2.75104 1.34149 
1.43698 3.79326 4.98443 
4.47283 3.79326 2.4109 
4.37131 4.53902 2.66349 
4.37131 4.75155 3.90168 
4.53902 4.75155 1.28913 
2.44736 3.67281 1.28874 
2.44736 2.4283 4.8707 
2.44736 1.25752 3.69772 
2.44736 1.31231 1.15716 
3.67281 1.25752 4.90989 
3.67281 1.31231 2.4109 
2.4283 4.79039 2.43888 
2.4283 1.25752 1.20075 
2.4283 4.57491 4.06859 
2.4283 1.31231 3.73659 
4.79039 1.25752 3.61514 
1.25752 4.57491 4.0006 
1.25752 4.92384 4.78095 
1.25752 1.31231 2.5517 
4.57491 4.92384 2.66349 
1.28874 3.69772 4.90989 
1.28874 3.81471 2.52977 
1.28874 1.15716 2.4109 
4.8707 3.69772 1.20075 
4.8707 1.15716 3.73659 
3.69772 1.15716 2.5517 
3.81471 1.15716 4.93478 
3.8573 4.90422 1.31681 
3.8573 2.58654 1.35358 
4.90422 2.58654 2.55174 
3.75026 2.5887 1.25616 
4.46359 2.96343 2.47843 
4.46359 3.65535 1.2428 
2.58654 2.96343 4.59964 
2.5887 2.96343 4.16273 
2.5887 3.65535 4.73671 
2.96343 3.65535 1.24442 
2.56112 1.26941 1.31681 
2.56112 3.73851 1.35358 
2.56112 4.28459 4.91095 
2.56112 4.56341 4.30671 
2.56112 1.33116 3.87258 
1.26941 3.73851 2.55174 
1.26941 4.28459 4.37562 
1.26941 4.56341 4.21892 
1.26941 2.5906 3.83669 
1.26941 1.33116 2.56069 
4.97251 4.28459 4.23792 
4.97251 2.5906 3.68565 
4.97251 3.80865 3.9439 
4.97251 1.33116 4.03135 
4.28459 4.56341 1.61008 
4.28459 1.33116 4.38714 
2.5906 3.80865 1.2545 
2.5906 1.33116 1.3111 
3.80865 1.33116 2.53964 
4.44848 3.86882 3.36 
4.44848 1.34149 3.40823 
3.86882 1.34149 2.59536 
4.90989 2.4109 2.5517 
3.8943 2.52977 1.61008 
2.52977 2.4109 4.93478 
1.31681 1.35358 2.55174 
1.31681 4.91095 4.37562 
1.31681 4.30671 4.21892 
1.31681 3.87258 2.56069 
4.91095 4.30671 1.61008 
4.91095 3.87258 4.38714 
2.43888 1.20075 3.61514 
1.20075 4.06859 4.0006 
1.20075 3.73659 2.5517 
4.37562 4.21892 1.61008 
4.37562 2.56069 4.38714 
3.83669 2.56069 1.3111 
4.17638 4.36591 3.204 
4.17638 3.96667 4.13636 
4.17638 1.25616 4.91754 
4.17638 3.82986 3.26468 
4.36591 3.96667 2.55263 
4.36591 1.25616 4.98167 
4.36591 3.82986 1.27781 
3.96667 4.2929 4.77511 
3.96667 1.25616 4.97879 
3.96667 3.82986 1.31405 
3.96667 3.99712 4.54186 
4.90851 4.2929 4.26477 
4.90851 1.25616 4.54835 
4.90851 3.99712 4.61739 
4.90851 4.92803 4.06204 
4.2929 1.25616 4.66818 
4.2929 3.99712 1.33171 
4.2929 4.92803 1.33273 
1.25616 3.82986 4.69192 
1.25616 3.99712 4.1671 
3.99712 4.92803 2.65015 
4.0006 4.78095 2.66349 
2.47843 4.23792 3.99948 
2.47843 3.68565 4.98859 
2.47843 1.29192 3.75186 
2.47843 1.2428 1.24442 
4.23792 1.29192 4.98197 
4.23792 4.03135 4.38714 
4.23792 1.2428 3.82633 
2.59703 3.68565 4.20699 
2.59703 3.82435 1.22947 
2.59703 1.29192 1.30925 
2.59703 3.9439 4.41484 
2.59703 4.03135 4.69695 
2.59703 1.2428 3.83406 
3.68565 3.82435 4.9812 
3.68565 1.29192 3.80226 
3.68565 3.9439 1.2545 
3.68565 4.03135 1.3111 
3.68565 1.2428 4.17542 
3.82435 1.29192 2.53483 
1.29192 3.9439 4.04994 
1.29192 4.03135 4.23495 
1.29192 1.2428 2.52523 
3.9439 4.03135 2.53964 
3.9439 1.2428 4.42042 
4.03135 1.2428 4.39437 
4.44417 1.36225 3.60139 
4.44417 3.92184 3.45641 
4.44417 2.67958 3.35337 
4.44417 4.86302 4.31311 
4.17303 3.36 1.43636 
4.17303 3.40823 4.02539 
1.36225 3.36 4.61214 
1.36225 3.92184 2.63855 
1.36225 3.40823 4.53371 
1.36225 2.67958 1.36375 
1.36225 4.86302 4.01155 
3.36 3.40823 2.59536 
3.92184 2.67958 1.28913 
3.92184 4.86302 4.51003 
2.67958 4.86302 3.99199 
3.204 4.13636 2.55263 
3.204 4.91754 4.98167 
3.204 3.26468 1.27781 
3.204 4.27349 2.57827 
3.204 3.53639 1.30409 
4.13636 4.91754 4.97879 
4.13636 3.26468 1.31405 
4.13636 3.53639 3.8522 
4.91754 3.26468 4.69192 
3.26468 4.27349 3.85294 
3.26468 3.53639 2.57934 
4.27349 3.53639 1.27594 
2.55263 4.98167 4.97879 
2.55263 1.27781 1.31405 
2.55263 1.30409 3.8522 
4.98167 1.27781 4.69192 
1.27781 2.57827 3.85294 
1.27781 1.30409 2.57934 
2.57827 1.30409 1.27594 
2.57827 4.72997 4.47579 
1.30409 4.72997 4.39273 
3.60139 3.45641 2.63855 
3.60139 1.31405 4.56653 
3.60139 3.35337 1.36375 
3.60139 4.31311 4.01155 
4.77511 4.97879 4.66818 
4.77511 4.54186 1.33171 
4.77511 4.31311 4.40985 
4.97879 1.31405 4.69192 
4.97879 4.54186 4.1671 
3.45641 1.31405 4.5674 
3.45641 3.35337 1.28913 
3.45641 4.31311 4.51003 
1.31405 3.35337 4.47215 
1.31405 3.8522 2.57934 
3.35337 4.31311 3.99199 
4.26477 4.54835 4.66818 
4.26477 4.61739 1.33171 
4.26477 4.06204 1.33273 
4.26477 4.52077 2.55869 
4.54835 4.61739 4.1671 
1.43636 4.06204 4.48465 
1.43636 4.02539 2.59536 
1.43636 4.52077 4.56029 
4.61739 4.06204 2.65015 
4.61739 4.52077 3.88624 
4.06204 4.52077 1.244 
2.66349 3.90168 1.28913 
4.61214 4.53371 2.59536 
2.63855 4.56653 4.5674 
2.63855 1.36375 1.28913 
2.63855 4.01155 4.51003 
4.56653 1.36375 4.47215 
1.36375 4.56967 4.88209 
1.36375 4.01155 3.99199 
4.56967 4.01155 1.29941 
4.66818 1.33171 4.1671 
1.33171 1.33273 2.65015 
1.33171 2.55869 3.88624 
1.33273 3.7815 2.45978 
1.33273 2.55869 1.244 
1.33273 4.40985 3.95422 
3.7815 2.55869 1.22947 
3.7815 4.40985 4.11529 
2.55869 4.40985 3.72117 
4.16273 4.73671 1.24442 
3.99948 3.75186 4.98197 
3.99948 1.24442 3.82633 
4.98859 3.75186 3.80226 
4.98859 1.24442 4.17542 
3.75186 1.24442 2.52523 
4.48465 4.77298 2.45978 
4.48465 4.56029 1.244 
4.77298 4.56029 1.22947 
4.5674 1.28913 4.47215 
1.28913 4.51003 3.99199 
3.85294 2.57934 1.27594 
2.65015 3.88624 1.244 
2.45978 4.83062 4.63687 
2.45978 1.244 1.22947 
2.45978 3.75432 1.30925 
2.45978 3.95422 4.11529 
4.83062 1.244 4.4601 
4.83062 3.95422 1.29941 
1.244 3.75432 2.53483 
1.244 3.95422 3.72117 
3.75432 3.95422 4.86665 
4.22361 1.61008 4.69307 
4.22361 4.60682 1.27594 
1.61008 4.60682 4.9726 
4.98197 4.38714 4.23495 
4.98197 3.82633 2.52523 
4.38714 3.82633 4.39437 
4.88209 3.99199 1.29941 
4.69307 1.27594 4.9726 
1.27594 4.47579 4.39273 
4.20699 1.22947 4.9812 
4.20699 1.30925 3.80226 
4.20699 4.41484 1.2545 
4.20699 4.69695 1.3111 
4.20699 3.83406 4.17542 
4.63687 1.22947 4.4601 
4.63687 4.11529 1.29941 
1.22947 1.30925 2.53483 
1.22947 4.11529 3.72117 
1.30925 4.41484 4.04994 
1.30925 4.11529 4.86665 
1.30925 4.69695 4.23495 
1.30925 3.83406 2.52523 
4.41484 4.11529 4.93551 
4.41484 4.69695 2.53964 
4.41484 3.83406 4.42042 
4.69695 3.83406 4.39437 
4.9812 3.80226 2.53483 
3.80226 1.2545 4.04994 
3.80226 1.3111 4.23495 
3.80226 4.17542 2.52523 
1.2545 1.3111 2.53964 
1.2545 4.17542 4.42042 
1.3111 4.17542 4.39437 
4.4601 1.29941 3.72117 
2.53483 3.72117 4.86665 
4.04994 4.86665 4.93551 
4.04994 4.23495 2.53964 
4.04994 2.52523 4.42042 
4.23495 2.52523 4.39437 
2.53964 4.42042 4.39437 
