2.92043 1.31045 4.18624 
2.92043 1.31697 3.41113 
2.92043 2.5711 4.65192 
2.92043 4.94663 2.42019 
2.92043 3.74607 4.55572 
2.92043 3.8786 2.52223 
2.92043 3.02449 1.4578 
2.92043 3.83518 1.25974 
1.31045 1.31697 1.88784 
1.31045 2.5122 1.33677 
1.31045 2.5711 2.62604 
1.31045 3.74607 4.36292 
1.31045 2.57909 1.95322 
1.31045 3.8786 4.83109 
1.31045 3.02449 4.17772 
1.31697 2.5122 2.51089 
1.31697 4.95352 4.94751 
1.31697 2.5711 1.35257 
1.31697 3.74607 3.82293 
1.31697 2.57909 1.88506 
1.31697 3.8786 4.93143 
1.31697 3.02449 3.87445 
1.31697 3.83518 3.97544 
2.5122 2.5711 2.53852 
2.5122 3.74607 4.85524 
2.5122 2.57909 1.32335 
4.95352 3.74607 1.28914 
2.5711 3.74607 4.22297 
2.5711 2.57909 1.33677 
4.94663 3.8786 4.39401 
4.94663 3.02449 3.68914 
4.94663 3.83518 1.3729 
3.74607 2.57909 4.68365 
3.74607 3.8786 4.8333 
3.74607 3.02449 3.99041 
3.8786 3.02449 1.29779 
3.8786 3.83518 3.58754 
3.02449 3.83518 2.60766 
2.65494 1.33479 1.32853 
2.65494 4.5068 4.55395 
2.65494 1.28594 3.91611 
2.65494 3.86755 1.25844 
1.33479 2.61094 3.92994 
1.33479 4.5068 4.42101 
1.33479 1.28594 2.6084 
1.33479 3.86755 2.54354 
2.61094 1.28594 1.3335 
4.5068 1.28594 4.96027 
4.98438 2.4733 2.56267 
4.98438 1.24663 3.82428 
4.98438 3.68738 1.30435 
1.31561 2.4733 3.74327 
1.31561 4.62631 3.89934 
1.31561 1.24663 2.48267 
1.31561 4.49314 4.37432 
1.31561 4.51272 4.06509 
1.31561 2.52483 1.29201 
1.31561 3.68738 4.9816 
2.4733 1.24663 1.27788 
2.4733 2.52483 4.8037 
2.4733 3.68738 1.26714 
4.62631 4.49314 2.54905 
4.62631 4.51272 1.30394 
4.62631 2.52483 3.2292 
1.24663 4.49314 4.64832 
1.24663 4.51272 4.87399 
1.24663 2.52483 3.54263 
1.24663 3.68738 2.52026 
4.49314 4.51272 1.26454 
4.49314 2.52483 4.45945 
4.51272 2.52483 3.79024 
2.56267 3.82428 1.27788 
2.56267 4.03221 4.88955 
2.56267 4.3826 4.60014 
2.56267 3.9584 4.51835 
2.56267 1.30435 1.26714 
2.56267 1.25997 3.79617 
3.82428 1.30435 2.52026 
4.03221 4.3826 2.52692 
4.03221 3.9584 1.26204 
4.03221 1.30435 4.2451 
4.03221 1.25997 4.22982 
4.03221 2.59782 4.65356 
4.03221 4.80434 1.2916 
4.3826 3.9584 1.26779 
4.3826 1.30435 4.30312 
4.3826 1.25997 4.70501 
4.3826 4.80434 3.76373 
3.9584 1.30435 4.02253 
3.9584 1.25997 4.24021 
3.9584 2.59782 4.6973 
3.9584 4.80434 2.52292 
4.71006 3.86937 4.6301 
4.71006 1.25997 4.17587 
4.71006 2.59782 4.09886 
1.30435 1.25997 2.55426 
1.30435 2.59782 3.87244 
3.86937 1.25997 2.63769 
3.86937 2.59782 1.29674 
1.25997 2.59782 1.35111 
1.25997 4.80434 4.88705 
4.18624 3.41113 1.88784 
4.18624 4.65192 2.62604 
4.18624 4.55572 4.36292 
4.18624 2.52223 4.83109 
4.18624 1.4578 4.17772 
3.41113 4.65192 1.35257 
3.41113 4.55572 3.82293 
3.41113 2.52223 4.93143 
3.41113 1.4578 3.87445 
3.41113 1.25974 3.97544 
4.59406 3.72441 1.24821 
4.59406 2.42019 2.3934 
4.59406 4.85855 4.36556 
4.59406 1.25974 3.72496 
3.72441 2.42019 1.33479 
3.72441 4.85855 4.22888 
3.72441 1.4578 4.90055 
3.72441 1.25974 2.67938 
4.65192 4.55572 4.22297 
2.42019 2.52223 4.39401 
2.42019 4.85855 4.25938 
2.42019 1.4578 3.68914 
2.42019 1.25974 1.3729 
4.55572 2.52223 4.8333 
4.55572 1.4578 3.99041 
2.52223 1.4578 1.29779 
2.52223 1.25974 3.58754 
4.85855 1.4578 4.95421 
4.85855 1.25974 4.44713 
1.4578 1.25974 2.60766 
1.88784 1.33677 2.51089 
1.88784 2.62604 1.35257 
1.88784 4.36292 3.82293 
1.88784 1.95322 1.88506 
1.88784 4.83109 4.93143 
1.88784 4.17772 3.87445 
1.33677 2.62604 2.53852 
1.33677 4.36292 4.85524 
1.33677 1.95322 1.32335 
2.62604 4.36292 4.22297 
2.62604 1.95322 1.33677 
4.36292 1.95322 4.68365 
4.36292 4.83109 4.8333 
4.36292 4.17772 3.99041 
4.83109 4.17772 1.29779 
3.74327 2.48267 1.27788 
3.74327 1.29201 4.8037 
3.74327 4.9816 1.26714 
3.89934 4.64772 1.26546 
3.89934 4.37432 2.54905 
3.89934 4.06509 1.30394 
3.89934 1.29201 3.2292 
2.48267 4.37432 4.64832 
2.48267 4.06509 4.87399 
2.48267 1.29201 3.54263 
2.48267 4.9816 2.52026 
4.64772 4.37432 3.68249 
4.64772 4.06509 2.46116 
4.64772 1.29201 3.7344 
4.37432 4.06509 1.26454 
4.37432 1.29201 4.45945 
4.06509 1.29201 3.79024 
1.29201 4.53482 3.50294 
1.29201 4.80342 3.72797 
4.53482 4.80342 1.31675 
2.51089 1.35257 2.53852 
2.51089 3.82293 4.85524 
2.51089 1.88506 1.32335 
4.94751 3.82293 1.28914 
1.35257 3.82293 4.22297 
1.35257 1.88506 1.33677 
3.82293 1.88506 4.68365 
3.82293 4.93143 4.8333 
3.82293 3.87445 3.99041 
4.93143 3.87445 1.29779 
4.93143 3.97544 3.58754 
3.87445 3.97544 2.60766 
1.27788 4.8037 3.54263 
1.27788 1.26714 2.52026 
4.88955 4.60014 2.52692 
4.88955 4.51835 1.26204 
4.88955 1.26714 4.2451 
4.88955 3.79617 4.22982 
4.60014 4.51835 1.26779 
4.60014 1.26714 4.30312 
4.60014 3.79617 4.70501 
4.51835 1.26714 4.02253 
4.51835 3.79617 4.24021 
1.26714 3.79617 2.55426 
4.96465 4.9372 1.2099 
2.43224 4.84242 2.53242 
2.43224 3.14382 4.12519 
2.43224 4.32093 4.85011 
2.43224 2.49922 2.297 
2.43224 2.5321 4.93098 
2.43224 3.77162 3.16046 
2.43224 1.37781 1.44758 
2.43224 1.21043 3.62776 
2.43224 3.61332 1.26076 
4.84242 2.49922 4.53282 
4.84242 3.77162 4.93126 
4.84242 1.37781 3.97404 
4.84242 3.61332 1.28069 
3.14382 4.32093 1.3335 
3.14382 2.49922 4.76011 
3.14382 2.5321 3.4254 
3.14382 1.37781 3.87931 
3.14382 1.21043 3.06565 
3.14382 3.80387 4.11055 
3.14382 3.61332 4.67578 
4.32093 2.5321 4.67216 
4.32093 1.37781 4.81413 
4.32093 1.21043 4.34467 
2.49922 2.5321 4.63672 
2.49922 3.77162 1.27605 
2.49922 1.37781 1.37788 
2.49922 1.21043 3.43176 
2.49922 3.61332 3.32634 
2.5321 1.37781 3.85147 
2.5321 1.21043 1.32371 
2.5321 3.80387 1.2745 
3.77162 1.37781 2.60643 
3.77162 1.21043 4.65699 
3.77162 3.61332 3.89503 
1.37781 1.21043 2.53699 
1.37781 3.61332 2.69575 
1.21043 3.80387 2.59688 
1.21043 3.61332 4.77168 
2.55885 1.26546 1.31832 
2.55885 2.54905 4.95729 
2.55885 4.85032 2.42481 
2.55885 1.30394 3.76327 
2.55885 3.2292 4.3095 
2.55885 3.72584 1.2099 
1.26546 2.54905 3.68249 
1.26546 3.79344 4.83699 
1.26546 4.85032 3.66915 
1.26546 1.30394 2.46116 
1.26546 3.2292 3.7344 
1.26546 3.72584 2.49796 
4.90888 2.54905 2.52305 
4.90888 3.79344 1.26182 
4.90888 1.30394 3.65703 
2.54905 3.79344 1.3075 
2.54905 1.30394 1.26454 
2.54905 3.2292 4.45945 
3.79344 1.30394 2.52055 
4.85032 3.72584 1.24355 
1.30394 3.2292 3.79024 
1.30394 3.72584 4.88878 
2.53852 4.85524 4.22297 
2.53852 1.32335 1.33677 
4.85524 1.32335 4.68365 
1.24821 4.33934 3.72814 
1.24821 2.3934 1.33479 
1.24821 4.52338 4.21759 
1.24821 3.64126 4.83798 
1.24821 4.36556 4.22888 
1.24821 3.72496 2.67938 
1.24821 4.46457 3.63817 
1.24821 1.24738 2.48548 
1.24821 2.45389 3.69085 
4.33934 2.3934 4.12105 
4.33934 4.52338 1.26204 
4.33934 3.72496 4.93275 
4.33934 4.46457 1.2916 
2.3934 4.52338 4.74752 
2.3934 4.36556 4.25938 
2.3934 3.72496 1.3729 
2.3934 4.46457 3.95107 
2.3934 1.24738 3.51037 
2.3934 2.45389 4.69417 
4.52338 4.46457 2.52292 
3.64126 4.75444 1.37598 
3.64126 1.24738 2.42012 
3.64126 2.45389 1.30589 
4.75444 1.24738 3.5996 
4.75444 2.45389 2.62882 
4.36556 3.72496 4.44713 
4.36556 1.24738 4.70126 
3.72496 4.46457 4.61194 
3.72496 1.24738 4.77568 
1.24738 2.45389 1.21853 
4.64832 4.87399 1.26454 
4.64832 3.54263 4.45945 
4.87399 3.54263 3.79024 
1.31832 4.95729 3.68249 
1.31832 2.42481 3.66915 
1.31832 3.76327 2.46116 
1.31832 4.3095 3.7344 
1.31832 1.2099 2.49796 
1.31832 3.64249 4.83845 
4.95729 3.76327 1.26454 
4.95729 4.3095 4.45945 
2.42481 4.98549 2.6286 
2.42481 1.2099 1.24355 
2.42481 3.64249 1.27187 
3.76327 4.3095 3.79024 
3.76327 1.2099 4.88878 
4.3095 4.83686 3.50294 
4.83686 1.2099 4.99804 
4.98549 1.2099 3.85797 
4.98549 3.64249 1.35803 
1.2099 3.64249 2.50084 
3.83693 1.3721 2.52692 
3.83693 2.59898 1.26204 
1.3721 1.28914 2.62506 
1.3721 2.59898 1.26779 
1.28914 2.59898 3.86911 
3.72814 4.33994 2.47724 
3.72814 1.33479 4.12105 
3.72814 4.97449 3.75329 
3.72814 4.9865 2.52692 
3.72814 4.21759 1.26204 
3.72814 2.67938 4.93275 
3.72814 3.63817 1.2916 
4.33994 1.33479 4.4378 
4.33994 4.97449 1.32853 
4.33994 4.9865 4.956 
4.33994 4.21759 3.71458 
4.33994 2.67938 4.80221 
4.33994 3.63817 1.25844 
1.33479 4.97449 4.83735 
1.33479 4.21759 4.74752 
1.33479 4.22888 4.25938 
1.33479 4.90055 3.68914 
1.33479 2.67938 1.3729 
1.33479 3.63817 3.95107 
1.33479 2.48548 3.51037 
1.33479 3.69085 4.69417 
4.97449 2.67938 4.87652 
4.97449 3.63817 2.54354 
4.9865 4.21759 1.26779 
4.9865 3.63817 3.76373 
4.21759 3.63817 2.52292 
4.83798 2.48548 2.42012 
4.83798 3.69085 1.30589 
4.22888 4.90055 4.95421 
4.22888 2.67938 4.44713 
4.22888 2.48548 4.70126 
4.90055 2.67938 2.60766 
2.67938 3.63817 4.61194 
2.67938 2.48548 4.77568 
2.48548 3.69085 1.21853 
4.22297 1.33677 4.68365 
1.33677 4.96074 4.92944 
4.96074 4.77564 1.32709 
2.47724 4.73845 4.83008 
2.47724 4.12105 4.4378 
2.47724 3.75329 1.32853 
2.47724 4.87089 4.84341 
2.47724 2.52692 4.956 
2.47724 4.69935 4.60458 
2.47724 1.26204 3.71458 
2.47724 4.93275 4.80221 
2.47724 1.2916 1.25844 
4.73845 4.87089 2.52305 
4.73845 4.69935 1.26182 
4.73845 1.26204 4.89958 
4.73845 1.2916 4.5734 
4.12105 3.75329 4.83735 
4.12105 1.26204 4.74752 
4.12105 4.93275 1.3729 
4.12105 1.2916 3.95107 
3.75329 4.93275 4.87652 
3.75329 1.2916 2.54354 
4.87089 4.69935 1.3075 
4.87089 1.2916 4.498 
2.52692 1.26204 1.26779 
2.52692 4.2451 4.30312 
2.52692 4.22982 4.70501 
2.52692 1.2916 3.76373 
4.69935 1.26204 4.99172 
4.69935 1.2916 4.35806 
1.26204 4.2451 4.02253 
1.26204 4.22982 4.24021 
1.26204 4.65356 4.6973 
1.26204 1.2916 2.52292 
4.2451 4.22982 2.55426 
4.2451 4.65356 3.87244 
4.22982 4.65356 1.35111 
4.22982 1.2916 4.88705 
4.93275 1.2916 4.61194 
4.83008 4.84341 2.52305 
4.83008 4.60458 1.26182 
4.83008 3.71458 4.89958 
4.83008 1.25844 4.5734 
4.4378 1.32853 4.83735 
4.4378 3.71458 4.74752 
4.4378 4.80221 1.3729 
4.4378 1.25844 3.95107 
1.32853 4.80221 4.87652 
1.32853 4.55395 4.42101 
1.32853 3.91611 2.6084 
1.32853 1.25844 2.54354 
4.84341 4.60458 1.3075 
4.84341 1.25844 4.498 
4.956 3.71458 1.26779 
4.956 1.25844 3.76373 
4.60458 3.71458 4.99172 
4.60458 1.25844 4.35806 
3.71458 1.25844 2.52292 
4.80221 1.25844 4.61194 
4.55395 3.91611 4.96027 
3.68249 4.83699 1.3075 
3.68249 2.46116 1.26454 
3.68249 3.7344 4.45945 
4.83699 2.46116 2.52055 
3.66915 2.49796 1.24355 
3.66915 4.83845 1.27187 
2.46116 3.7344 3.79024 
2.46116 2.49796 4.88878 
2.49796 4.83845 2.50084 
2.52305 1.26182 1.3075 
2.52305 3.65703 1.26454 
2.52305 4.5734 4.498 
2.52305 1.31114 3.80403 
1.26182 4.89958 4.99172 
1.26182 3.65703 2.52055 
1.26182 4.5734 4.35806 
1.26182 2.57091 3.82716 
1.26182 1.31114 2.56643 
4.89958 4.5734 2.52292 
3.65703 1.31114 4.87169 
2.57091 3.88461 1.32371 
2.57091 1.31114 1.2745 
3.88461 1.31114 2.59688 
4.83735 1.3729 4.87652 
4.83735 3.95107 2.54354 
4.74752 3.95107 2.52292 
4.39401 3.68914 1.29779 
4.39401 1.3729 3.58754 
4.25938 3.68914 4.95421 
4.25938 1.3729 4.44713 
4.25938 3.51037 4.70126 
3.68914 1.3729 2.60766 
1.3729 3.95107 4.61194 
1.3729 3.51037 4.77568 
3.51037 4.69417 1.21853 
3.92994 2.6084 1.3335 
4.87652 2.54354 4.61194 
4.42101 2.6084 4.96027 
1.3075 1.26454 2.52055 
1.3075 4.498 4.35806 
1.3075 3.80403 2.56643 
1.26454 4.45945 3.79024 
1.26454 3.80403 4.87169 
2.62506 1.26779 3.86911 
1.26779 4.30312 4.02253 
1.26779 4.70501 4.24021 
1.26779 3.76373 2.52292 
4.30312 4.70501 2.55426 
4.70501 3.76373 4.88705 
4.8333 3.99041 1.29779 
4.99172 4.35806 2.52292 
2.52055 2.56643 4.87169 
3.82716 2.56643 1.2745 
4.70564 2.6286 3.33739 
4.70564 1.27187 3.87536 
4.70564 3.88034 3.19914 
2.6286 1.24355 3.85797 
2.6286 1.27187 1.35803 
2.6286 3.88034 1.32709 
1.24355 1.27187 2.50084 
1.27187 3.88034 2.619 
4.02253 4.24021 2.55426 
4.02253 4.6973 3.87244 
4.24021 4.6973 1.35111 
4.24021 2.52292 4.88705 
4.92146 4.33704 3.19914 
4.92146 2.297 4.49831 
4.92146 3.16046 3.59545 
4.92146 1.26076 4.77324 
2.53242 2.297 4.53282 
2.53242 3.16046 4.93126 
2.53242 1.44758 3.97404 
2.53242 1.26076 1.28069 
4.33704 2.297 2.61525 
4.33704 3.16046 1.35787 
4.33704 1.44758 3.93931 
4.33704 1.26076 4.84845 
4.12519 4.85011 1.3335 
4.12519 2.297 4.76011 
4.12519 4.93098 3.4254 
4.12519 1.44758 3.87931 
4.12519 3.62776 3.06565 
4.12519 1.26076 4.67578 
4.85011 4.93098 4.67216 
4.85011 1.44758 4.81413 
4.85011 3.62776 4.34467 
2.297 4.93098 4.63672 
2.297 3.16046 1.27605 
2.297 1.44758 1.37788 
2.297 3.62776 3.43176 
2.297 1.26076 3.32634 
4.93098 1.44758 3.85147 
4.93098 3.62776 1.32371 
3.16046 1.44758 2.60643 
3.16046 3.62776 4.65699 
3.16046 1.26076 3.89503 
1.44758 3.62776 2.53699 
1.44758 1.26076 2.69575 
3.62776 1.26076 4.77168 
1.37598 4.00526 2.63769 
1.37598 2.65796 1.29674 
1.37598 4.22216 4.57285 
1.37598 2.42012 3.5996 
1.37598 1.30589 2.62882 
4.00526 2.65796 1.35111 
2.65796 2.42012 4.71129 
2.65796 1.30589 3.85733 
4.22216 2.42012 4.80555 
4.22216 1.30589 4.38477 
2.42012 1.30589 1.21853 
3.99226 3.50294 2.57651 
3.99226 3.72797 1.29139 
3.99226 4.71508 1.28896 
3.50294 3.72797 1.31675 
3.50294 4.71508 3.86082 
3.72797 4.71508 2.57529 
2.57651 1.29139 1.31675 
2.57651 1.28896 3.86082 
1.29139 2.58804 3.86405 
1.29139 1.28896 2.57529 
2.58804 1.28896 1.30468 
4.6301 4.17587 2.63769 
4.6301 4.09886 1.29674 
4.17587 1.31675 4.85154 
4.17587 4.09886 1.35111 
1.31675 3.86082 2.57529 
3.33739 1.29779 4.56076 
3.33739 3.87536 1.35803 
3.33739 3.19914 1.32709 
3.33739 4.49831 3.91895 
3.33739 3.59545 2.65791 
1.29779 3.87536 4.99375 
1.29779 3.19914 4.33857 
1.29779 3.58754 2.60766 
1.29779 3.59545 4.48113 
1.29779 4.77324 4.91801 
3.87536 3.19914 2.619 
3.87536 3.59545 3.86217 
3.19914 4.49831 2.61525 
3.19914 3.59545 1.35787 
3.19914 4.77324 4.84845 
4.49831 3.59545 1.27605 
4.49831 4.77324 3.32634 
3.59545 4.77324 3.89503 
2.55426 3.87244 1.35111 
2.63769 1.29674 1.35111 
1.29674 3.5996 4.71129 
1.29674 2.62882 3.85733 
4.57285 3.5996 4.80555 
4.57285 2.62882 4.38477 
3.5996 2.62882 1.21853 
3.85797 1.35803 2.50084 
4.56076 1.35803 4.99375 
4.56076 1.32709 4.33857 
4.56076 2.65791 4.48113 
1.35803 1.32709 2.619 
1.35803 2.65791 3.86217 
1.32709 3.91895 2.61525 
1.32709 2.65791 1.35787 
3.91895 2.65791 1.27605 
4.95421 4.44713 2.60766 
4.95421 4.93126 4.48113 
4.95421 1.28069 4.91801 
4.44713 4.70126 4.77568 
3.96293 4.54494 1.30468 
3.96293 4.70126 4.80555 
3.96293 1.28069 4.55483 
4.53282 4.93126 1.27605 
4.53282 3.97404 1.37788 
4.53282 1.28069 3.32634 
4.93126 3.97404 2.60643 
4.93126 1.28069 3.89503 
3.97404 1.28069 2.69575 
4.99375 4.33857 2.619 
4.99375 4.48113 3.86217 
4.33857 4.48113 1.35787 
4.33857 4.91801 4.84845 
4.48113 4.91801 3.89503 
3.86405 2.57529 1.30468 
2.619 3.86217 1.35787 
2.61525 1.35787 1.27605 
2.61525 3.93931 1.37788 
2.61525 4.84845 3.32634 
1.35787 3.93931 2.60643 
1.35787 4.84845 3.89503 
3.93931 4.84845 2.69575 
1.3335 3.4254 4.67216 
1.3335 3.87931 4.81413 
1.3335 3.06565 4.34467 
4.76011 3.4254 4.63672 
4.76011 3.87931 1.37788 
4.76011 3.06565 3.43176 
4.76011 4.67578 3.32634 
3.4254 3.87931 3.85147 
3.4254 3.06565 1.32371 
3.4254 4.11055 1.2745 
3.87931 3.06565 2.53699 
3.87931 4.67578 2.69575 
3.06565 4.11055 2.59688 
3.06565 4.67578 4.77168 
4.71129 3.85733 1.21853 
4.80555 4.38477 1.21853 
4.67216 4.81413 3.85147 
4.67216 4.34467 1.32371 
4.81413 4.34467 2.53699 
4.63672 1.37788 3.85147 
4.63672 3.43176 1.32371 
1.27605 1.37788 2.60643 
1.27605 3.43176 4.65699 
1.27605 3.32634 3.89503 
1.37788 3.43176 2.53699 
1.37788 3.32634 2.69575 
3.43176 3.32634 4.77168 
3.85147 1.32371 2.53699 
1.32371 1.2745 2.59688 
2.60643 4.65699 2.53699 
2.60643 3.89503 2.69575 
4.65699 3.89503 4.77168 
2.53699 2.69575 4.77168 
