1.30995 1.31242 1.87732 
1.30995 2.52174 1.31581 
1.30995 2.54978 2.5638 
1.30995 4.93245 4.33258 
1.30995 2.54607 1.88651 
1.30995 4.44758 4.45658 
1.30995 4.30393 4.52844 
1.30995 4.75509 4.47737 
1.31242 2.52174 2.52832 
1.31242 2.54978 1.33435 
1.31242 4.48288 4.15792 
1.31242 2.54607 1.87644 
1.31242 4.87903 4.86632 
1.31242 4.69175 4.03181 
4.63391 4.93245 4.8711 
4.63391 4.44758 2.57587 
4.63391 4.30393 1.27251 
4.63391 4.75509 3.81993 
2.52174 2.54978 2.518 
2.52174 4.93245 4.20914 
2.52174 2.54607 1.29961 
2.52174 4.75509 4.72254 
2.54978 4.48288 4.73367 
2.54978 2.54607 1.31122 
2.54978 4.69175 4.2981 
4.93245 2.54607 4.69623 
4.93245 4.44758 2.51763 
4.93245 4.30393 3.67217 
4.93245 4.75509 1.30515 
4.48288 4.87903 1.23851 
4.48288 4.69175 1.20063 
4.87903 4.69175 2.42139 
4.87903 4.44758 4.94305 
4.87903 4.30393 4.77051 
4.44758 4.30393 1.30605 
4.44758 4.75509 1.29669 
4.30393 4.75509 2.56381 
4.03824 4.57238 1.32299 
4.03824 2.56904 3.38279 
4.03824 4.44081 1.30556 
4.03824 1.29575 3.40176 
4.9814 2.56904 4.24399 
4.9814 1.29575 4.53541 
4.26777 2.53666 2.57795 
4.26777 1.30972 3.5029 
4.26777 3.62619 3.34179 
4.26777 3.32325 1.25675 
4.26777 4.77836 4.37166 
2.53666 1.30972 1.29572 
2.53666 3.62619 1.37715 
2.53666 1.29575 3.815 
2.53666 3.32325 1.35898 
2.53666 4.77836 2.66456 
1.30972 2.56904 3.77439 
1.30972 3.62619 2.3307 
1.30972 1.29575 2.54842 
1.30972 3.32325 2.36629 
1.30972 4.77836 3.50747 
4.57238 2.56904 3.5255 
4.57238 4.44081 2.56004 
4.57238 1.29575 3.79622 
2.56904 4.44081 4.01737 
2.56904 1.29575 1.28089 
4.44081 1.29575 3.93658 
3.62619 1.29575 4.81277 
3.62619 3.32325 2.27599 
3.62619 4.77836 1.30056 
1.29575 3.32325 4.60295 
3.32325 4.77836 3.42996 
1.27614 2.5595 3.79566 
1.27614 4.06479 4.18517 
1.27614 1.33997 2.6025 
1.27614 4.84211 4.50142 
1.27614 4.26764 4.1388 
1.27614 4.11242 4.53309 
1.27614 2.50946 1.27563 
1.27614 3.86032 2.60921 
2.5595 4.06479 4.56357 
2.5595 1.33997 1.2343 
2.5595 4.4641 3.93715 
2.5595 4.96683 3.94868 
2.5595 4.11242 4.1548 
2.5595 3.89256 1.38852 
4.06479 1.33997 4.20992 
4.06479 4.84211 2.5883 
4.06479 4.26764 1.25897 
4.06479 4.4641 2.55531 
4.06479 4.96683 3.7754 
4.06479 4.11242 1.3058 
4.06479 2.50946 4.98323 
1.33997 4.26764 4.59674 
1.33997 4.4641 4.00925 
1.33997 4.96683 4.26163 
1.33997 4.11242 3.97219 
1.33997 2.50946 3.84574 
1.33997 3.89256 2.56107 
4.84211 4.26764 1.32973 
4.84211 4.11242 3.86552 
4.84211 2.50946 4.94916 
4.26764 4.4641 3.76272 
4.26764 4.96683 4.95238 
4.26764 4.11242 2.5462 
4.26764 2.50946 4.78501 
4.4641 4.96683 1.24032 
4.4641 4.11242 1.266 
4.4641 3.89256 4.62476 
4.96683 4.11242 2.50071 
4.96683 3.89256 4.30486 
2.50946 3.86032 1.35233 
2.59346 3.75128 1.2343 
2.59346 4.67352 4.55831 
2.59346 4.65348 3.94868 
2.59346 1.22981 1.38852 
2.59346 1.33202 3.87879 
3.75128 4.67352 4.98812 
3.75128 4.65348 4.26163 
3.75128 1.22981 2.56107 
4.82207 4.57129 1.2618 
4.82207 4.4666 2.54129 
4.82207 1.22981 4.88574 
4.82207 1.33202 4.90178 
4.67352 4.65348 1.26694 
4.67352 1.22981 4.61296 
4.67352 1.33202 4.95725 
4.57129 4.4666 1.30025 
4.57129 1.22981 4.71442 
4.57129 1.33202 4.65825 
4.65348 1.22981 4.30486 
4.4666 1.22981 4.75399 
4.4666 1.33202 4.48849 
4.4666 2.55256 4.97131 
1.22981 1.33202 2.54149 
1.22981 2.55256 3.78009 
3.90973 1.33202 2.68062 
3.90973 2.55256 1.45146 
1.33202 2.55256 1.26995 
4.71141 3.67755 1.26178 
4.71141 2.6094 2.5874 
4.71141 3.18764 3.7242 
4.71141 1.30556 3.45691 
4.71141 4.32242 4.52738 
3.67755 2.6094 1.35865 
3.67755 3.18764 2.5488 
3.67755 1.32299 4.93455 
3.67755 1.30556 2.38165 
3.67755 4.32242 3.5272 
2.6094 2.5598 4.9062 
2.6094 3.18764 1.47837 
2.6094 1.32299 3.79833 
2.6094 3.38279 4.70554 
2.6094 1.30556 1.35267 
2.6094 3.40176 4.67261 
2.6094 4.32242 2.69692 
3.82663 2.5598 1.28186 
3.82663 1.32299 2.50464 
3.82663 3.38279 4.85577 
2.5598 3.18764 4.9721 
2.5598 1.32299 1.24849 
2.5598 3.38279 4.03956 
2.5598 1.30556 3.74578 
2.5598 3.40176 4.53046 
3.18764 1.32299 4.08795 
3.18764 3.38279 4.61301 
3.18764 1.30556 2.30949 
3.18764 3.40176 4.94698 
3.18764 4.32242 1.3394 
1.32299 3.38279 3.5255 
1.32299 1.30556 2.56004 
1.32299 3.40176 3.79622 
3.38279 1.30556 4.01737 
3.38279 3.40176 1.28089 
1.30556 3.40176 3.93658 
1.30556 4.32242 3.55243 
1.87732 1.31581 2.52832 
1.87732 2.5638 1.33435 
1.87732 1.88651 1.87644 
1.31581 2.5638 2.518 
1.31581 4.33258 4.20914 
1.31581 4.5595 3.77303 
1.31581 4.25012 3.75539 
1.31581 1.88651 1.29961 
1.31581 4.24399 3.85141 
1.31581 4.53541 4.40537 
1.31581 4.47737 4.72254 
2.5638 1.88651 1.31122 
4.33258 4.5595 2.48385 
4.33258 4.25012 1.26694 
4.33258 1.88651 4.69623 
4.33258 4.45658 2.51763 
4.33258 4.52844 3.67217 
4.33258 4.47737 1.30515 
4.5595 4.25012 1.24032 
4.5595 1.88651 4.46282 
4.5595 4.45658 4.81021 
4.5595 4.47737 3.75035 
4.25012 1.88651 4.32305 
4.25012 4.45658 3.68008 
4.25012 4.52844 4.7185 
4.25012 4.47737 2.55101 
4.24399 4.53541 1.28089 
4.45658 4.52844 1.30605 
4.45658 4.47737 1.29669 
4.52844 4.47737 2.56381 
3.79566 4.18517 4.56357 
3.79566 2.6025 1.2343 
3.79566 4.53309 4.1548 
4.18517 2.6025 4.20992 
4.18517 4.50142 2.5883 
4.18517 4.1388 1.25897 
4.18517 4.53309 1.3058 
4.18517 1.27563 4.98323 
2.6025 4.1388 4.59674 
2.6025 4.53309 3.97219 
2.6025 1.27563 3.84574 
4.50142 4.1388 1.32973 
4.50142 4.53309 3.86552 
4.50142 1.27563 4.94916 
4.1388 4.53309 2.5462 
4.1388 1.27563 4.78501 
1.27563 2.60921 1.35233 
1.27563 3.80027 2.57041 
2.60921 3.80027 1.23329 
2.52832 1.33435 2.518 
2.52832 1.87644 1.29961 
1.33435 4.15792 4.73367 
1.33435 1.87644 1.31122 
1.33435 4.25955 4.12367 
1.33435 4.03181 4.2981 
4.15792 4.25955 2.55216 
4.15792 4.86632 1.23851 
4.15792 4.03181 1.20063 
4.25955 4.86632 3.7694 
4.25955 4.03181 1.35297 
4.86632 4.03181 2.42139 
4.56357 1.2343 4.20992 
4.56357 3.93715 2.55531 
4.56357 3.94868 3.7754 
4.56357 4.1548 1.3058 
1.2343 4.55831 4.98812 
1.2343 3.93715 4.00925 
1.2343 3.94868 4.26163 
1.2343 4.1548 3.97219 
1.2343 1.38852 2.56107 
4.55831 3.93715 2.48385 
4.55831 3.94868 1.26694 
4.55831 4.1548 3.74454 
4.55831 1.38852 4.61296 
4.55831 3.87879 4.95725 
3.93715 3.94868 1.24032 
3.93715 4.1548 1.266 
3.93715 1.38852 4.62476 
3.94868 4.1548 2.50071 
3.94868 1.38852 4.30486 
1.38852 3.87879 2.54149 
4.79335 2.57587 4.99496 
4.79335 1.27251 4.68529 
4.8711 2.57587 2.51763 
4.8711 1.27251 3.67217 
4.8711 3.81993 1.30515 
2.56071 4.81078 4.10136 
2.56071 2.42547 2.15975 
2.56071 3.63275 3.03152 
2.56071 1.34634 1.40603 
2.56071 1.27251 3.7673 
2.56071 3.80828 1.26962 
4.81078 2.42547 2.4698 
4.81078 3.63275 1.29251 
4.81078 1.34634 3.81324 
4.81078 3.80828 4.55733 
2.42547 2.57587 4.6189 
2.42547 3.63275 1.22875 
2.42547 1.34634 1.42113 
2.42547 1.27251 3.45902 
2.42547 3.80828 3.13123 
2.57587 1.34634 3.8725 
2.57587 1.27251 1.30605 
2.57587 3.81993 1.29669 
3.63275 1.34634 2.6202 
3.63275 1.27251 4.60009 
3.63275 3.80828 3.68258 
1.34634 1.27251 2.58208 
1.34634 3.80828 2.6659 
1.27251 3.81993 2.56381 
1.27251 3.80828 4.98053 
4.97717 2.55531 3.77303 
4.97717 3.7754 3.75539 
4.97717 1.3058 4.2711 
4.20992 1.25897 4.59674 
4.20992 2.55531 4.00925 
4.20992 3.7754 4.26163 
4.20992 1.3058 3.97219 
4.20992 4.98323 3.84574 
2.5883 1.25897 1.32973 
2.5883 4.98259 2.48223 
2.5883 1.3058 3.86552 
2.5883 4.98323 4.94916 
2.5883 3.78623 1.26312 
1.25897 2.55531 3.76272 
1.25897 3.7754 4.95238 
1.25897 4.98259 3.7569 
1.25897 1.3058 2.5462 
1.25897 4.98323 4.78501 
1.25897 3.78623 2.54624 
2.55531 3.7754 1.24032 
2.55531 1.3058 1.266 
3.7754 1.3058 2.50071 
4.98259 3.78623 1.23851 
2.518 1.29961 1.31122 
4.20914 3.77303 2.48385 
4.20914 3.75539 1.26694 
4.20914 4.2711 3.74454 
4.20914 1.29961 4.69623 
4.20914 4.72254 1.30515 
3.77303 3.75539 1.24032 
3.77303 4.2711 1.266 
3.77303 1.29961 4.46282 
3.77303 4.72254 3.75035 
3.75539 4.2711 2.50071 
3.75539 1.29961 4.32305 
3.75539 4.72254 2.55101 
4.2711 1.29961 4.98039 
4.2711 3.85141 4.91942 
3.85141 4.40537 1.28089 
1.26178 2.5874 1.35865 
1.26178 3.62608 4.84843 
1.26178 3.7242 2.5488 
1.26178 3.45691 2.38165 
1.26178 1.39406 2.63266 
1.26178 2.57865 3.83982 
1.26178 4.52738 3.5272 
2.5874 3.7242 1.47837 
2.5874 3.45691 1.35267 
2.5874 1.39406 3.9741 
2.5874 4.52738 2.69692 
3.62608 4.77477 1.20297 
3.62608 1.39406 2.48741 
3.62608 2.57865 1.42744 
4.77477 1.39406 3.68781 
4.77477 2.57865 2.60192 
3.7242 3.45691 2.30949 
3.7242 4.52738 1.3394 
3.45691 1.39406 4.76546 
3.45691 4.52738 3.55243 
1.39406 2.57865 1.26037 
4.59674 4.00925 3.76272 
4.59674 4.26163 4.95238 
4.59674 3.97219 2.5462 
4.59674 3.84574 4.78501 
4.98812 4.00925 2.48385 
4.98812 4.26163 1.26694 
4.98812 3.97219 3.74454 
4.98812 2.56107 4.61296 
4.00925 4.26163 1.24032 
4.00925 3.97219 1.266 
4.00925 2.56107 4.62476 
4.26163 3.97219 2.50071 
4.26163 2.56107 4.30486 
1.32973 2.48223 3.7569 
1.32973 3.86552 2.5462 
1.32973 4.94916 4.78501 
1.32973 1.26312 2.54624 
1.32973 3.63188 4.88072 
2.48223 4.95941 2.55216 
2.48223 1.26312 1.23851 
2.48223 3.63188 1.20063 
4.95941 1.26312 3.7694 
4.95941 3.63188 1.35297 
1.26312 3.63188 2.42139 
1.26312 4.99496 4.94305 
1.26312 4.68529 4.77051 
4.99496 4.68529 1.30605 
3.88397 1.2618 2.64641 
3.88397 2.54129 1.40099 
1.2618 1.30458 2.51907 
1.2618 2.54129 1.30025 
1.2618 2.5287 3.65857 
1.2618 4.88574 4.71442 
1.2618 3.77287 4.88936 
1.2618 4.90178 4.65825 
1.30458 2.54129 3.80094 
1.30458 2.5287 1.28186 
1.30458 3.77287 2.50464 
2.54129 2.5287 4.9318 
2.54129 4.88574 4.75399 
2.54129 4.90178 4.48849 
2.5287 3.77287 1.24849 
4.88574 4.90178 2.54149 
1.35865 4.76599 3.9001 
1.35865 2.5488 1.47837 
1.35865 4.93455 3.79833 
1.35865 2.38165 1.35267 
1.35865 2.63266 3.9741 
1.35865 3.5272 2.69692 
4.76599 2.5488 2.52193 
4.76599 2.38165 4.59007 
4.76599 3.5272 1.26962 
4.84843 2.63266 2.48741 
4.84843 3.83982 1.42744 
2.5488 4.93455 4.08795 
2.5488 2.38165 2.30949 
2.5488 3.5272 1.3394 
4.93455 2.38165 2.56004 
2.38165 2.63266 4.76546 
2.38165 3.5272 3.55243 
2.63266 3.83982 1.26037 
4.73367 4.12367 2.55216 
4.73367 4.2981 1.20063 
4.73367 4.7761 3.81333 
4.12367 4.2981 1.35297 
4.12367 4.7761 1.31665 
4.2981 4.7761 2.62425 
2.57795 4.85995 4.92993 
2.57795 3.5029 1.29572 
2.57795 1.40099 3.97732 
2.57795 3.34179 1.37715 
2.57795 1.25675 1.35898 
2.57795 4.37166 2.66456 
4.85995 3.34179 4.75804 
4.85995 1.25675 4.53443 
4.85995 4.37166 4.76214 
3.5029 1.40099 4.85996 
3.5029 3.34179 2.3307 
3.5029 1.25675 2.36629 
3.5029 4.37166 3.50747 
2.64641 1.40099 1.30025 
2.64641 1.25675 3.86115 
1.40099 3.34179 4.65689 
1.40099 1.25675 2.65295 
3.34179 1.25675 2.27599 
3.34179 4.37166 1.30056 
1.25675 4.37166 3.42996 
4.92993 3.78117 4.76027 
4.92993 1.37715 4.75804 
4.92993 1.35898 4.53443 
4.92993 2.66456 4.76214 
4.92993 4.95747 1.30515 
1.29572 3.97732 4.85996 
1.29572 3.78117 4.51271 
1.29572 1.37715 2.3307 
1.29572 3.815 2.54842 
1.29572 1.35898 2.36629 
1.29572 2.66456 3.50747 
3.97732 1.37715 4.65689 
3.97732 1.35898 2.65295 
3.78117 1.37715 2.48388 
3.78117 1.35898 4.52734 
3.78117 2.66456 1.2535 
3.78117 4.95747 3.95795 
1.37715 3.815 4.81277 
1.37715 1.35898 2.27599 
1.37715 2.66456 1.30056 
1.37715 4.95747 4.43941 
3.815 1.35898 4.60295 
1.35898 2.66456 3.42996 
1.35898 4.95747 4.68836 
2.66456 4.95747 4.13349 
3.76272 4.95238 1.24032 
3.76272 2.5462 1.266 
4.95238 2.5462 2.50071 
3.7569 2.54624 1.23851 
3.7569 4.88072 1.20063 
2.54624 4.88072 2.42139 
2.48385 1.26694 1.24032 
2.48385 3.74454 1.266 
2.48385 4.69623 4.46282 
2.48385 4.61296 4.62476 
2.48385 2.51763 4.81021 
2.48385 1.30515 3.75035 
1.26694 3.74454 2.50071 
1.26694 4.69623 4.32305 
1.26694 4.61296 4.30486 
1.26694 4.53443 4.92238 
1.26694 2.51763 3.68008 
1.26694 3.67217 4.7185 
1.26694 1.30515 2.55101 
3.74454 4.69623 4.98039 
4.76027 4.75804 2.48388 
4.76027 4.53443 4.52734 
4.76027 4.76214 1.2535 
4.76027 2.51763 4.05709 
4.76027 3.67217 4.80723 
4.76027 1.30515 3.95795 
4.61296 4.95725 2.54149 
4.75804 4.53443 2.27599 
4.75804 4.76214 1.30056 
4.75804 2.51763 4.84863 
4.75804 1.30515 4.43941 
4.53443 4.76214 3.42996 
4.53443 1.30515 4.68836 
4.76214 2.51763 4.32594 
4.76214 1.30515 4.13349 
2.51763 3.67217 1.30605 
2.51763 1.30515 1.29669 
3.67217 1.30515 2.56381 
3.9001 1.47837 2.52193 
3.9001 1.35267 4.59007 
3.9001 2.69692 1.26962 
4.9062 1.47837 4.9721 
4.9062 3.79833 1.24849 
4.9062 4.70554 4.03956 
4.9062 1.35267 3.74578 
4.9062 4.67261 4.53046 
1.47837 3.79833 4.08795 
1.47837 4.70554 4.61301 
1.47837 1.35267 2.30949 
1.47837 4.67261 4.94698 
1.47837 2.69692 1.3394 
3.79833 4.70554 3.5255 
3.79833 1.35267 2.56004 
3.79833 4.67261 3.79622 
4.70554 1.35267 4.01737 
4.70554 4.67261 1.28089 
1.35267 4.67261 3.93658 
1.35267 3.9741 4.76546 
1.35267 2.69692 3.55243 
4.85996 2.3307 4.65689 
4.85996 2.36629 2.65295 
4.51271 2.3307 2.48388 
4.51271 2.36629 4.52734 
4.51271 3.50747 1.2535 
3.77439 2.54842 1.28089 
2.3307 2.54842 4.81277 
2.3307 2.36629 2.27599 
2.3307 3.50747 1.30056 
2.54842 2.36629 4.60295 
2.36629 3.50747 3.42996 
1.24032 1.266 2.50071 
1.24032 4.46282 4.32305 
1.24032 4.62476 4.30486 
1.24032 4.81021 3.68008 
1.24032 3.75035 2.55101 
1.266 4.46282 4.98039 
4.81021 3.75035 1.29669 
2.51907 1.30025 3.80094 
2.51907 3.65857 1.28186 
2.51907 4.88936 2.50464 
1.30025 3.65857 4.9318 
1.30025 4.71442 4.75399 
1.30025 4.65825 4.48849 
1.30025 3.86115 2.65295 
3.65857 4.88936 1.24849 
4.71442 4.65825 2.54149 
3.80094 1.28186 4.9318 
1.28186 2.50464 1.24849 
1.28186 4.85577 4.03956 
2.50464 4.85577 3.5255 
2.50071 4.32305 4.98039 
4.92238 2.55101 4.68836 
3.68008 4.7185 1.30605 
3.68008 2.55101 1.29669 
4.7185 2.55101 2.56381 
2.55216 1.23851 3.7694 
2.55216 1.20063 1.35297 
2.55216 3.81333 1.31665 
1.23851 1.20063 2.42139 
1.23851 3.81333 4.99574 
1.20063 3.81333 2.62425 
4.75399 4.48849 2.54149 
4.75399 4.97131 3.78009 
4.48849 4.97131 1.26995 
4.65689 2.65295 2.27599 
2.52193 4.59007 2.30949 
2.52193 2.15975 4.31183 
2.52193 3.03152 4.68145 
2.52193 1.40603 3.90624 
2.52193 1.26962 1.3394 
4.10136 2.15975 2.4698 
4.10136 3.03152 1.29251 
4.10136 1.40603 3.81324 
4.10136 1.26962 4.55733 
4.59007 1.26962 3.55243 
2.15975 3.03152 1.22875 
2.15975 1.40603 1.42113 
2.15975 3.7673 3.45902 
2.15975 1.26962 3.13123 
3.03152 1.40603 2.6202 
3.03152 3.7673 4.60009 
3.03152 1.26962 3.68258 
1.40603 3.7673 2.58208 
1.40603 1.26962 2.6659 
3.7673 1.26962 4.98053 
1.20297 3.86101 2.68062 
1.20297 2.6521 1.45146 
1.20297 2.48741 3.68781 
1.20297 1.42744 2.60192 
3.86101 2.6521 1.26995 
2.6521 1.42744 4.04943 
2.48741 1.42744 1.26037 
3.88501 1.35233 2.5592 
3.88501 2.57041 1.33066 
1.35233 2.57041 1.23329 
2.5592 1.33066 1.23329 
2.5592 1.2535 3.73943 
1.33066 2.48388 3.79763 
1.33066 1.2535 2.54147 
1.33066 4.05709 4.44905 
1.33066 3.95795 4.53969 
2.48388 4.52734 2.27599 
2.48388 1.2535 1.30056 
2.48388 4.05709 4.84863 
2.48388 3.95795 4.43941 
4.52734 1.2535 3.42996 
4.52734 3.95795 4.68836 
1.2535 4.05709 4.32594 
1.2535 3.95795 4.13349 
4.05709 4.80723 1.30605 
4.05709 3.95795 1.29669 
4.80723 3.95795 2.56381 
1.23329 3.73943 2.54147 
4.9721 1.24849 4.08795 
4.9721 4.03956 4.61301 
4.9721 3.74578 2.30949 
4.9721 4.53046 4.94698 
1.24849 4.03956 3.5255 
1.24849 3.74578 2.56004 
1.24849 4.53046 3.79622 
4.03956 3.74578 4.01737 
4.03956 4.53046 1.28089 
3.74578 4.53046 3.93658 
2.54149 3.78009 1.26995 
2.68062 1.45146 1.26995 
1.45146 2.60192 4.04943 
3.68781 2.60192 1.26037 
3.7694 1.35297 2.42139 
3.7694 1.31665 4.99574 
1.35297 1.31665 2.62425 
1.35297 3.75373 4.96759 
1.35297 2.59822 3.88064 
1.31665 3.75373 2.4698 
1.31665 2.59822 1.29251 
3.75373 2.59822 1.22875 
2.42139 4.99574 2.62425 
4.94305 4.77051 1.30605 
4.08795 4.61301 3.5255 
4.08795 2.30949 2.56004 
4.08795 4.94698 3.79622 
4.61301 2.30949 4.01737 
4.61301 4.94698 1.28089 
2.30949 4.94698 3.93658 
2.30949 1.3394 3.55243 
4.31183 4.68145 1.22875 
4.31183 3.90624 1.42113 
4.31183 1.3394 3.13123 
4.68145 3.90624 2.6202 
4.68145 1.3394 3.68258 
3.90624 1.3394 2.6659 
3.5255 2.56004 4.01737 
3.5255 3.79622 1.28089 
2.56004 3.79622 3.93658 
3.79763 2.54147 1.30056 
3.79763 4.44905 4.84863 
3.79763 4.53969 4.43941 
2.54147 4.44905 4.32594 
2.54147 4.53969 4.13349 
4.44905 4.53969 1.29669 
2.62425 4.96759 2.4698 
2.62425 3.88064 1.29251 
4.96759 3.88064 1.22875 
2.4698 1.29251 1.22875 
2.4698 3.81324 1.42113 
2.4698 4.55733 3.13123 
1.29251 3.81324 2.6202 
1.29251 4.55733 3.68258 
3.81324 4.55733 2.6659 
4.01737 1.28089 3.93658 
4.81277 2.27599 4.60295 
2.27599 1.30056 3.42996 
2.27599 4.43941 4.68836 
1.30056 4.84863 4.32594 
1.30056 4.43941 4.13349 
4.84863 4.43941 1.29669 
4.6189 1.42113 3.8725 
4.6189 3.45902 1.30605 
1.22875 1.42113 2.6202 
1.22875 3.45902 4.60009 
1.22875 3.13123 3.68258 
1.42113 3.45902 2.58208 
1.42113 3.13123 2.6659 
3.45902 3.13123 4.98053 
3.42996 4.68836 4.13349 
4.32594 4.13349 1.29669 
3.8725 1.30605 2.58208 
1.30605 1.29669 2.56381 
2.6202 4.60009 2.58208 
2.6202 3.68258 2.6659 
4.60009 3.68258 4.98053 
2.58208 2.6659 4.98053 
