4.3802 1.35895 3.95202 
4.3802 1.32529 4.28174 
4.3802 4.60656 2.55306 
4.3802 2.62941 3.87218 
4.3802 2.54353 4.29813 
4.3802 2.52189 3.81864 
4.3802 4.37599 1.25102 
4.3802 4.55427 1.33622 
1.35895 1.32529 1.98569 
1.35895 4.60656 4.09466 
1.35895 2.62941 1.38795 
1.35895 2.54353 2.61745 
1.35895 2.52189 1.88655 
1.35895 4.37599 3.89091 
1.35895 4.55427 4.36385 
1.32529 2.62941 2.69923 
1.32529 2.54353 1.34457 
1.32529 2.52189 1.91136 
1.32529 4.37599 4.64777 
1.32529 4.55427 4.08587 
1.32529 4.97945 4.52907 
4.60656 2.62941 4.38815 
4.60656 2.52189 4.98877 
4.60656 4.37599 1.30673 
4.60656 4.55427 3.8149 
2.62941 2.54353 2.61956 
2.62941 2.52189 1.35675 
2.62941 4.37599 4.00537 
2.62941 4.55427 4.27267 
2.54353 2.52189 1.33203 
2.54353 4.37599 4.94224 
2.54353 4.55427 3.88291 
2.54353 4.97945 4.37401 
2.52189 4.37599 4.31039 
2.52189 4.55427 3.77396 
2.52189 4.97945 4.78676 
4.37599 4.55427 2.53236 
4.15895 4.09175 2.61616 
4.15895 3.83022 3.69404 
4.15895 2.64254 3.8691 
4.15895 3.69228 1.25763 
4.15895 1.37123 3.89039 
4.54657 3.83874 1.38795 
4.54657 1.2214 4.59609 
4.54657 3.65751 4.77805 
4.54657 1.37123 4.68621 
3.83874 2.64056 3.85951 
3.83874 1.2214 3.58276 
3.83874 3.65751 3.40972 
3.83874 1.37123 4.37155 
3.83874 4.876 3.73972 
4.41448 2.64056 2.57591 
4.41448 1.2214 3.44898 
4.41448 3.65751 3.3817 
4.41448 3.34418 1.26382 
4.41448 4.876 4.36059 
2.64056 1.2214 1.42139 
2.64056 3.65751 1.36289 
2.64056 1.37123 3.97534 
2.64056 3.34418 1.32709 
2.64056 4.876 2.68788 
4.09175 3.83022 1.47905 
4.09175 2.64254 2.30723 
4.09175 3.69228 1.39953 
4.09175 1.37123 3.0745 
1.2214 2.64254 3.83833 
1.2214 3.69228 4.73106 
1.2214 3.65751 2.50481 
1.2214 1.37123 2.55826 
1.2214 3.34418 2.26892 
1.2214 4.876 3.7876 
3.83022 2.64254 1.32436 
3.83022 3.69228 2.51444 
3.83022 1.37123 2.52596 
2.64254 3.69228 2.81503 
2.64254 1.37123 1.2802 
3.69228 1.37123 3.08023 
3.65751 1.37123 4.93827 
3.65751 3.34418 2.33204 
3.65751 4.876 1.36352 
1.37123 3.34418 4.61116 
3.34418 4.876 3.49213 
1.26678 2.54489 3.71318 
1.26678 4.27281 4.61132 
1.26678 1.2634 2.47214 
1.26678 4.9041 4.8933 
1.26678 4.41463 4.5326 
1.26678 2.57778 1.31217 
1.26678 3.748 2.50214 
2.54489 1.2634 1.28581 
2.54489 4.74033 4.86717 
2.54489 2.57778 4.9539 
2.54489 3.84796 1.30673 
4.27281 1.2634 4.51682 
4.27281 4.9041 2.4869 
4.27281 4.41463 1.2237 
4.27281 4.74033 1.32737 
1.2634 4.41463 4.93393 
1.2634 4.74033 4.63193 
1.2634 2.57778 3.75203 
1.2634 3.748 4.92692 
1.2634 3.84796 2.58538 
4.9041 4.41463 1.29551 
4.9041 4.74033 3.71156 
4.41463 4.74033 2.51393 
2.57778 3.748 1.2704 
3.95202 4.28174 1.98569 
3.95202 2.55306 4.09466 
3.95202 3.87218 1.38795 
3.95202 3.83436 4.77422 
3.95202 4.29813 2.61745 
3.95202 3.81864 1.88655 
3.95202 1.25102 3.89091 
3.95202 1.33622 4.36385 
4.28174 3.87218 2.69923 
4.28174 4.29813 1.34457 
4.28174 3.81864 1.91136 
4.28174 1.25102 4.64777 
4.28174 3.82475 4.76059 
4.28174 1.33622 4.08587 
4.28174 2.55281 4.46875 
2.55306 3.87218 4.38815 
2.55306 3.83436 1.28581 
2.55306 3.81864 4.98877 
2.55306 1.25102 1.30673 
2.55306 1.33622 3.8149 
3.87218 4.29813 2.61956 
3.87218 4.98467 4.13979 
3.87218 3.81864 1.35675 
3.87218 1.25102 4.00537 
3.87218 1.33622 4.27267 
3.87218 2.55281 4.9754 
3.83436 1.25102 2.58538 
4.29813 4.98467 4.48424 
4.29813 3.81864 1.33203 
4.29813 1.25102 4.94224 
4.29813 3.82475 4.26676 
4.29813 1.33622 3.88291 
4.29813 2.55281 4.01103 
4.98467 3.81864 3.81404 
4.98467 1.33622 4.79296 
4.98467 2.55281 4.75306 
3.81864 1.25102 4.31039 
3.81864 3.82475 4.82706 
3.81864 1.33622 3.77396 
3.81864 2.55281 4.1925 
1.25102 3.82475 4.97658 
1.25102 1.33622 2.53236 
1.25102 2.55281 3.76536 
3.82475 1.33622 2.49087 
3.82475 2.55281 1.3753 
1.33622 2.55281 1.23722 
4.45449 3.4433 1.22336 
4.45449 2.61616 2.63381 
4.45449 3.69404 3.56304 
4.45449 3.8691 4.52092 
4.45449 1.25763 3.54578 
4.45449 4.72001 3.96586 
4.77618 3.72526 1.22213 
4.77618 2.69213 2.45897 
4.77618 1.40029 3.59875 
3.4433 2.61616 1.41944 
3.4433 3.69404 2.50485 
3.4433 1.40029 4.67326 
3.4433 3.8691 3.47512 
3.4433 1.25763 2.41996 
3.4433 3.89039 4.25241 
3.4433 4.72001 3.10542 
2.61616 3.69404 1.47905 
2.61616 1.40029 3.97372 
2.61616 3.8691 2.30723 
2.61616 1.25763 1.39953 
2.61616 3.89039 3.0745 
2.61616 4.72001 2.47731 
3.72526 2.69213 1.24841 
3.72526 1.40029 2.45023 
3.72526 1.25763 4.89483 
2.69213 1.40029 1.33336 
2.69213 1.25763 3.91362 
3.69404 3.8691 1.32436 
3.69404 1.25763 2.51444 
3.69404 3.89039 2.52596 
3.69404 4.72001 1.36934 
1.40029 1.25763 2.65302 
3.8691 1.25763 2.81503 
3.8691 3.89039 1.2802 
3.8691 4.72001 2.42001 
1.25763 3.89039 3.08023 
1.25763 4.72001 3.62126 
3.89039 4.72001 3.69597 
1.98569 1.38795 2.69923 
1.98569 2.61745 1.34457 
1.98569 1.88655 1.91136 
1.98569 3.89091 4.64777 
1.98569 4.36385 4.08587 
4.09466 1.38795 4.38815 
4.09466 4.77422 1.28581 
4.09466 1.88655 4.98877 
4.09466 3.89091 1.30673 
4.09466 4.36385 3.8149 
1.38795 2.61745 2.61956 
1.38795 4.59609 3.58276 
1.38795 1.88655 1.35675 
1.38795 3.89091 4.00537 
1.38795 4.36385 4.27267 
1.38795 4.77805 3.40972 
1.38795 4.68621 4.37155 
4.77422 3.89091 2.58538 
2.61745 1.88655 1.33203 
2.61745 3.89091 4.94224 
2.61745 4.36385 3.88291 
4.59609 1.88655 4.68861 
4.59609 4.77805 2.50481 
4.59609 4.68621 2.55826 
1.88655 3.89091 4.31039 
1.88655 4.36385 3.77396 
1.88655 4.77805 3.96298 
3.89091 4.36385 2.53236 
4.77805 4.68621 4.93827 
3.71318 2.47214 1.28581 
3.71318 1.31217 4.9539 
4.61132 2.47214 4.51682 
4.61132 4.8933 2.4869 
4.61132 4.5326 1.2237 
2.47214 4.5326 4.93393 
2.47214 1.31217 3.75203 
2.47214 2.50214 4.92692 
4.8933 4.5326 1.29551 
1.31217 2.50214 1.2704 
1.31217 3.77645 2.56085 
2.50214 3.77645 1.29143 
2.69923 1.34457 2.61956 
2.69923 1.91136 1.35675 
2.69923 4.64777 4.00537 
2.69923 4.08587 4.27267 
2.69923 4.46875 4.9754 
2.69923 4.31422 4.8599 
1.34457 1.91136 1.33203 
1.34457 4.64777 4.94224 
1.34457 4.76059 4.26676 
1.34457 4.08587 3.88291 
1.34457 4.46875 4.01103 
1.34457 4.31422 3.78256 
1.34457 4.52907 4.37401 
4.99106 4.31422 2.6096 
4.99106 4.52907 1.31892 
1.91136 4.64777 4.31039 
1.91136 4.76059 4.82706 
1.91136 4.08587 3.77396 
1.91136 4.46875 4.1925 
1.91136 4.31422 4.1855 
1.91136 4.52907 4.78676 
4.64777 4.76059 4.97658 
4.64777 4.08587 2.53236 
4.64777 4.46875 3.76536 
4.76059 4.08587 2.49087 
4.76059 4.46875 1.3753 
4.08587 4.46875 1.23722 
4.31422 4.52907 1.29801 
4.38815 4.98877 1.35675 
4.38815 1.30673 4.00537 
4.38815 3.8149 4.27267 
1.28581 4.84828 4.93819 
1.28581 4.86717 4.63193 
1.28581 4.9539 3.75203 
1.28581 1.30673 2.58538 
4.84828 4.86717 1.22983 
4.98877 1.30673 4.31039 
4.98877 3.8149 3.77396 
1.30673 3.8149 2.53236 
4.94803 2.60124 2.6096 
4.94803 1.26621 3.86827 
4.94803 3.71499 1.31892 
2.54562 4.88324 2.40835 
2.54562 4.89837 4.46323 
2.54562 2.42042 2.40199 
2.54562 3.55181 3.40864 
2.54562 1.43005 1.38636 
2.54562 1.26621 3.78517 
2.54562 3.59952 1.26053 
4.88324 2.42042 4.53297 
4.88324 1.43005 3.78731 
4.88324 3.59952 1.36934 
4.89837 2.42042 2.52962 
4.89837 3.55181 1.35482 
4.89837 1.43005 3.94142 
2.42042 2.60124 4.55381 
2.42042 3.55181 1.20691 
2.42042 1.43005 1.46206 
2.42042 1.26621 3.439 
2.42042 3.59952 3.56158 
2.60124 1.43005 3.9935 
2.60124 1.26621 1.37869 
2.60124 3.71499 1.29801 
3.55181 1.43005 2.66007 
3.55181 1.26621 4.44435 
3.55181 3.59952 4.44299 
1.43005 1.26621 2.67366 
1.43005 3.59952 2.61616 
1.26621 3.71499 2.5868 
1.26621 3.59952 4.77846 
4.51682 1.2237 4.93393 
4.51682 2.55257 4.93819 
4.51682 1.32737 4.63193 
2.4869 1.2237 1.29551 
2.4869 2.55257 4.88184 
2.4869 4.88844 2.61119 
2.4869 1.32737 3.71156 
2.4869 3.69329 1.29581 
1.2237 2.55257 3.72706 
1.2237 4.88844 3.82452 
1.2237 1.32737 2.51393 
1.2237 3.69329 2.5608 
2.55257 3.87233 1.34154 
2.55257 1.32737 1.22983 
3.87233 1.32737 2.55202 
4.88844 3.69329 1.34914 
1.32737 3.69329 4.83239 
2.61956 4.13979 4.48424 
2.61956 1.35675 1.33203 
2.61956 4.00537 4.94224 
2.61956 4.27267 3.88291 
2.61956 4.9754 4.01103 
2.61956 3.73972 4.76713 
2.61956 4.8599 3.78256 
3.85951 3.58276 1.42139 
3.85951 4.13979 3.96853 
3.85951 1.35675 4.73041 
3.85951 3.40972 1.36289 
3.85951 4.37155 3.97534 
3.85951 3.73972 2.68788 
3.58276 1.35675 4.68861 
3.58276 3.40972 2.50481 
3.58276 4.37155 2.55826 
3.58276 3.73972 3.7876 
4.13979 1.35675 3.81404 
4.13979 4.27267 4.79296 
4.13979 4.9754 4.75306 
4.13979 3.40972 2.61247 
4.13979 3.73972 1.31197 
1.35675 4.00537 4.31039 
1.35675 4.27267 3.77396 
1.35675 4.9754 4.1925 
1.35675 3.40972 3.96298 
1.35675 3.73972 3.81574 
1.35675 4.8599 4.1855 
4.00537 4.27267 2.53236 
4.00537 4.9754 3.76536 
4.27267 4.9754 1.23722 
3.40972 4.37155 4.93827 
3.40972 3.73972 1.36352 
1.22336 2.63381 1.41944 
1.22336 3.74268 3.22095 
1.22336 3.56304 2.50485 
1.22336 4.25342 4.55591 
1.22336 4.52092 3.47512 
1.22336 3.54578 2.41996 
1.22336 4.07873 4.11789 
1.22336 1.36539 2.57059 
1.22336 4.12881 4.32819 
1.22336 4.33119 4.13319 
1.22336 2.53029 3.72334 
1.22336 3.96586 3.10542 
2.63381 3.74268 3.13576 
2.63381 3.56304 1.47905 
2.63381 4.52092 2.30723 
2.63381 3.54578 1.39953 
2.63381 4.07873 4.65854 
2.63381 1.36539 3.96312 
2.63381 4.33119 4.35843 
2.63381 3.96586 2.47731 
3.74268 3.56304 2.40835 
3.74268 4.25342 4.46323 
3.74268 4.52092 3.55848 
3.74268 3.54578 4.42529 
3.74268 4.07873 2.40199 
3.74268 1.36539 4.81758 
3.74268 4.12881 3.40864 
3.74268 4.33119 1.38636 
3.74268 3.96586 1.26053 
3.83358 1.36539 2.55962 
3.83358 2.53029 1.30993 
4.57003 4.88213 1.29211 
4.57003 4.25342 1.26183 
4.57003 4.07873 3.75231 
4.57003 1.36539 4.66764 
4.57003 4.12881 2.58971 
3.56304 4.52092 1.32436 
3.56304 3.54578 2.51444 
3.56304 4.07873 4.53297 
3.56304 1.36539 4.85377 
3.56304 4.33119 3.78731 
3.56304 3.96586 1.36934 
4.88213 4.25342 2.52411 
4.88213 4.07873 4.94558 
4.88213 1.36539 4.78859 
4.88213 4.12881 3.82813 
4.25342 4.07873 2.52962 
4.25342 1.36539 4.58646 
4.25342 4.12881 1.35482 
4.25342 4.33119 3.94142 
4.52092 3.54578 2.81503 
4.52092 4.33119 4.93133 
4.52092 3.96586 2.42001 
3.54578 1.36539 4.76512 
3.54578 3.96586 3.62126 
4.07873 1.36539 4.7301 
4.07873 4.12881 1.20691 
4.07873 4.33119 1.46206 
4.07873 3.96586 3.56158 
1.36539 4.12881 4.61465 
1.36539 2.53029 1.26238 
4.12881 4.33119 2.66007 
4.12881 3.96586 4.44299 
4.33119 3.96586 2.61616 
4.93393 4.93819 3.72706 
4.93393 4.63193 2.51393 
4.93819 4.63193 1.22983 
3.75203 4.92692 1.2704 
1.29551 4.88184 3.72706 
1.29551 2.61119 3.82452 
1.29551 3.71156 2.51393 
1.29551 1.29581 2.5608 
4.88184 3.71156 1.22983 
2.61119 1.29581 1.34914 
2.61119 3.84529 1.24128 
3.71156 1.29581 4.83239 
1.29581 3.84529 2.58434 
3.79645 1.31211 2.54963 
3.79645 1.22213 4.95913 
3.79645 2.48595 1.34513 
1.31211 1.22213 2.51904 
1.31211 2.48595 1.22358 
1.31211 2.45897 3.72851 
1.31211 3.59875 4.80258 
1.22213 2.48595 3.68027 
1.22213 2.45897 1.24841 
1.22213 3.59875 2.45023 
2.48595 2.45897 4.88019 
2.45897 3.59875 1.33336 
1.41944 3.22095 3.13576 
1.41944 2.50485 1.47905 
1.41944 4.67326 3.97372 
1.41944 3.47512 2.30723 
1.41944 2.41996 1.39953 
1.41944 4.25241 3.0745 
1.41944 4.11789 4.65854 
1.41944 2.57059 3.96312 
1.41944 4.13319 4.35843 
1.41944 3.10542 2.47731 
3.22095 2.50485 2.40835 
3.22095 4.55591 4.46323 
3.22095 3.47512 3.55848 
3.22095 2.41996 4.42529 
3.22095 4.25241 4.83191 
3.22095 4.11789 2.40199 
3.22095 2.57059 4.81758 
3.22095 4.32819 3.40864 
3.22095 4.13319 1.38636 
3.22095 3.10542 1.26053 
2.50485 3.47512 1.32436 
2.50485 2.41996 2.51444 
2.50485 4.25241 2.52596 
2.50485 4.11789 4.53297 
2.50485 2.57059 4.85377 
2.50485 4.13319 3.78731 
2.50485 3.10542 1.36934 
4.67326 2.41996 2.65302 
4.55591 4.11789 2.52962 
4.55591 2.57059 4.58646 
4.55591 4.32819 1.35482 
4.55591 4.13319 3.94142 
3.47512 2.41996 2.81503 
3.47512 4.25241 1.2802 
3.47512 4.13319 4.93133 
3.47512 3.10542 2.42001 
2.41996 4.25241 3.08023 
2.41996 2.57059 4.76512 
2.41996 3.10542 3.62126 
4.25241 3.10542 3.69597 
4.11789 2.57059 4.7301 
4.11789 4.32819 1.20691 
4.11789 4.13319 1.46206 
4.11789 3.10542 3.56158 
2.57059 4.32819 4.61465 
2.57059 3.72334 1.26238 
4.32819 4.13319 2.66007 
4.32819 3.10542 4.44299 
4.13319 3.10542 2.61616 
4.85749 4.26676 1.31399 
4.85749 3.88291 3.7958 
4.85749 4.01103 2.67632 
4.48424 1.33203 3.81404 
4.48424 3.88291 4.79296 
4.48424 4.01103 4.75306 
4.48424 4.76713 1.31197 
1.33203 4.94224 4.31039 
1.33203 4.26676 4.82706 
1.33203 3.88291 3.77396 
1.33203 4.01103 4.1925 
1.33203 4.76713 3.81574 
1.33203 3.78256 4.1855 
1.33203 4.20639 4.44087 
1.33203 4.37401 4.78676 
4.94224 4.26676 4.97658 
4.94224 3.88291 2.53236 
4.94224 4.01103 3.76536 
4.26676 3.88291 2.49087 
4.26676 4.01103 1.3753 
3.88291 4.01103 1.23722 
3.78256 4.20639 1.37869 
3.78256 4.37401 1.29801 
4.20639 4.37401 2.5868 
2.57591 3.44898 1.42139 
2.57591 1.34513 3.91954 
2.57591 3.3817 1.36289 
2.57591 1.26382 1.32709 
2.57591 4.36059 2.68788 
3.44898 1.34513 4.72546 
3.44898 3.3817 2.50481 
3.44898 1.26382 2.26892 
3.44898 4.36059 3.7876 
2.54963 4.95913 2.51904 
2.54963 1.34513 1.22358 
2.54963 1.26382 3.79829 
4.95913 1.34513 3.68027 
1.34513 3.3817 4.65291 
1.34513 1.26382 2.60655 
3.3817 1.26382 2.33204 
3.3817 4.36059 1.36352 
1.26382 4.36059 3.49213 
1.42139 3.91954 4.72546 
1.42139 4.73041 4.68861 
1.42139 1.36289 2.50481 
1.42139 3.97534 2.55826 
1.42139 1.32709 2.26892 
1.42139 2.68788 3.7876 
3.91954 1.36289 4.65291 
3.91954 1.32709 2.60655 
3.96853 4.73041 3.81404 
3.96853 1.36289 2.61247 
3.96853 1.32709 4.74669 
3.96853 2.68788 1.31197 
4.73041 1.36289 3.96298 
4.73041 2.68788 3.81574 
1.36289 3.97534 4.93827 
1.36289 1.32709 2.33204 
1.36289 2.68788 1.36352 
3.97534 1.32709 4.61116 
1.32709 2.68788 3.49213 
3.72706 2.51393 1.22983 
3.82452 2.5608 1.34914 
2.51393 2.5608 4.83239 
2.63002 1.29358 1.34154 
2.63002 3.82299 1.22983 
2.63002 1.31892 3.90988 
1.29358 3.82299 2.55202 
1.29358 2.6096 3.85506 
1.29358 1.31892 2.59048 
2.6096 3.86827 1.37869 
2.6096 1.31892 1.29801 
3.86827 1.31892 2.5868 
3.13576 1.47905 2.40835 
3.13576 2.30723 3.55848 
3.13576 1.39953 4.42529 
3.13576 3.0745 4.83191 
3.13576 4.65854 2.40199 
3.13576 3.96312 4.81758 
3.13576 4.35843 1.38636 
3.13576 2.47731 1.26053 
1.47905 2.30723 1.32436 
1.47905 1.39953 2.51444 
1.47905 3.0745 2.52596 
1.47905 4.65854 4.53297 
1.47905 3.96312 4.85377 
1.47905 4.35843 3.78731 
1.47905 2.47731 1.36934 
3.97372 1.39953 2.65302 
2.30723 1.39953 2.81503 
2.30723 3.0745 1.2802 
2.30723 4.35843 4.93133 
2.30723 2.47731 2.42001 
1.39953 3.0745 3.08023 
1.39953 3.96312 4.76512 
1.39953 2.47731 3.62126 
3.0745 2.47731 3.69597 
4.65854 3.96312 4.7301 
4.65854 4.35843 1.46206 
4.65854 2.47731 3.56158 
4.35843 2.47731 2.61616 
4.72546 2.50481 4.65291 
4.72546 2.26892 2.60655 
4.68861 2.50481 3.96298 
4.68861 3.7876 3.81574 
3.83833 4.73106 2.81503 
3.83833 2.55826 1.2802 
4.73106 2.55826 3.08023 
2.50481 2.55826 4.93827 
2.50481 2.26892 2.33204 
2.50481 3.7876 1.36352 
2.55826 2.26892 4.61116 
2.26892 3.7876 3.49213 
1.34154 1.22983 2.55202 
1.34154 3.90988 2.59048 
2.51904 1.22358 3.68027 
2.51904 3.72851 1.24841 
2.51904 4.80258 2.45023 
1.22358 3.72851 4.88019 
1.22358 3.79829 2.60655 
3.72851 4.80258 1.33336 
3.68027 1.24841 4.88019 
1.24841 2.45023 1.33336 
1.24841 4.89483 3.91362 
2.45023 4.89483 2.65302 
3.85506 2.59048 1.29801 
2.50626 1.34914 3.85117 
2.50626 1.24128 1.29211 
2.50626 3.70819 1.26183 
1.34914 1.24128 2.58434 
1.24128 3.70819 2.52411 
4.65291 2.60655 2.33204 
2.40835 3.55848 1.32436 
2.40835 4.42529 2.51444 
2.40835 4.83191 2.52596 
2.40835 2.40199 4.53297 
2.40835 4.81758 4.85377 
2.40835 1.38636 3.78731 
2.40835 1.26053 1.36934 
4.46323 2.40199 2.52962 
4.46323 4.81758 4.58646 
4.46323 3.40864 1.35482 
4.46323 1.38636 3.94142 
3.55848 4.42529 2.81503 
3.55848 4.83191 1.2802 
3.55848 1.38636 4.93133 
3.55848 1.26053 2.42001 
4.42529 4.83191 3.08023 
4.42529 4.81758 4.76512 
4.42529 1.26053 3.62126 
4.83191 1.26053 3.69597 
2.40199 4.81758 4.7301 
2.40199 3.40864 1.20691 
2.40199 1.38636 1.46206 
2.40199 3.78517 3.439 
2.40199 1.26053 3.56158 
4.81758 3.40864 4.61465 
3.40864 1.38636 2.66007 
3.40864 3.78517 4.44435 
3.40864 1.26053 4.44299 
1.38636 3.78517 2.67366 
1.38636 1.26053 2.61616 
3.78517 1.26053 4.77846 
4.88456 1.31399 4.80398 
4.88456 2.67632 4.83397 
1.31399 3.7958 2.49087 
1.31399 2.67632 1.3753 
1.31399 2.55962 3.85171 
1.31399 1.30993 2.61418 
3.7958 2.67632 1.23722 
2.67632 1.30993 3.9675 
2.55962 1.30993 1.26238 
3.79516 1.2704 2.55738 
3.79516 2.56085 1.33048 
3.79516 4.83397 4.75306 
1.2704 4.80398 4.84348 
1.2704 2.56085 1.29143 
1.2704 4.83397 4.54483 
4.80398 4.83397 1.3753 
2.56085 4.83397 4.55866 
2.55738 1.33048 1.29143 
2.55738 4.75306 4.54483 
2.55738 1.31197 3.83522 
3.81404 4.79296 3.77396 
3.81404 1.33048 4.69816 
3.81404 4.75306 4.1925 
3.81404 2.61247 3.96298 
3.81404 1.31197 3.81574 
4.79296 1.33048 4.89396 
4.79296 4.75306 1.23722 
1.33048 4.75306 4.55866 
1.33048 2.61247 3.87737 
1.33048 1.31197 2.58031 
2.61247 4.74669 2.33204 
2.61247 1.31197 1.36352 
4.74669 1.31197 3.49213 
4.84348 4.54483 1.3753 
1.29143 4.54483 4.55866 
1.29143 3.83522 2.58031 
4.31039 4.82706 4.97658 
4.31039 3.77396 2.53236 
4.31039 4.1925 3.76536 
4.82706 3.77396 2.49087 
4.82706 4.1925 1.3753 
3.77396 4.69816 4.89396 
3.77396 4.1925 1.23722 
4.69816 4.1925 4.55866 
4.69816 3.96298 3.87737 
4.69816 3.81574 2.58031 
3.96298 3.81574 1.36352 
4.1855 4.44087 1.37869 
4.1855 4.78676 1.29801 
4.44087 4.78676 2.5868 
1.33336 3.91362 2.65302 
4.97658 2.53236 2.49087 
4.97658 3.76536 1.3753 
2.53236 3.76536 1.23722 
2.49087 1.3753 1.23722 
1.3753 2.61418 3.9675 
3.85171 2.61418 1.26238 
3.85117 1.29211 2.58434 
1.29211 1.26183 2.52411 
1.29211 3.75231 4.94558 
1.29211 4.66764 4.78859 
1.29211 2.58971 3.82813 
1.26183 3.75231 2.52962 
1.26183 4.66764 4.58646 
1.26183 2.58971 1.35482 
3.75231 4.66764 4.7301 
3.75231 2.58971 1.20691 
4.66764 2.58971 4.61465 
4.95995 4.99337 1.37869 
1.32436 2.51444 2.81503 
1.32436 2.52596 1.2802 
1.32436 3.78731 4.93133 
1.32436 1.36934 2.42001 
2.51444 2.52596 3.08023 
2.51444 4.85377 4.76512 
2.51444 1.36934 3.62126 
2.52596 1.36934 3.69597 
4.53297 4.85377 4.7301 
4.53297 3.78731 1.46206 
4.53297 1.36934 3.56158 
3.78731 1.36934 2.61616 
4.89396 1.23722 4.55866 
3.87737 2.58031 1.36352 
2.52411 4.94558 2.52962 
2.52411 4.78859 4.58646 
2.52411 3.82813 1.35482 
4.94558 4.78859 4.7301 
4.94558 3.82813 1.20691 
4.78859 3.82813 4.61465 
2.52962 4.58646 4.7301 
2.52962 1.35482 1.20691 
2.52962 3.94142 1.46206 
4.58646 1.35482 4.61465 
1.35482 3.94142 2.66007 
2.81503 1.2802 3.08023 
2.81503 2.42001 3.62126 
1.2802 2.42001 3.69597 
4.93133 2.42001 2.61616 
3.08023 3.62126 3.69597 
4.93827 2.33204 4.61116 
2.33204 1.36352 3.49213 
4.55381 1.46206 3.9935 
4.55381 3.439 1.37869 
4.7301 1.20691 4.61465 
1.20691 1.46206 2.66007 
1.20691 3.439 4.44435 
1.20691 3.56158 4.44299 
1.46206 3.439 2.67366 
1.46206 3.56158 2.61616 
3.439 3.56158 4.77846 
3.9935 1.37869 2.67366 
1.37869 1.29801 2.5868 
2.66007 4.44435 2.67366 
2.66007 4.44299 2.61616 
4.44435 4.44299 4.77846 
2.67366 2.61616 4.77846 
