3.62169 1.28166 4.23166 
3.62169 3.88885 1.25524 
3.62169 1.29901 4.66086 
3.62169 3.52356 2.55647 
3.62169 4.2681 4.32655 
3.62169 3.52627 1.34126 
3.62169 4.861 4.93923 
3.62169 4.41552 2.5512 
3.62169 4.09295 3.85623 
3.62169 3.99848 4.12353 
3.62169 4.60612 4.5427 
4.68374 1.28166 3.81744 
4.68374 3.52356 2.52661 
4.68374 2.46427 4.04482 
4.68374 3.52627 3.77922 
4.68374 4.09295 1.24402 
1.28166 3.88885 4.79287 
1.28166 1.29901 1.89172 
1.28166 3.52356 3.32835 
1.28166 2.46427 1.31197 
1.28166 4.2681 4.2037 
1.28166 3.52627 3.7617 
1.28166 4.861 4.47151 
1.28166 2.54943 2.58215 
1.28166 2.62167 2.01802 
1.28166 4.09295 3.5043 
1.28166 3.99848 4.32398 
3.88885 1.29901 4.74623 
3.88885 3.52356 3.72872 
3.88885 4.2681 4.83665 
3.88885 3.52627 2.53873 
3.88885 4.41552 1.30455 
3.88885 3.99848 4.27135 
3.88885 4.60612 4.35305 
1.29901 3.52356 4.73334 
1.29901 2.46427 2.49713 
1.29901 4.2681 4.37884 
1.29901 3.52627 4.72459 
1.29901 2.54943 1.36837 
1.29901 2.62167 1.96771 
1.29901 3.99848 3.93795 
1.29901 4.60612 4.41144 
3.52356 2.46427 4.26063 
3.52356 4.2681 4.5968 
3.52356 3.52627 1.25436 
3.52356 4.861 4.60577 
3.52356 4.41552 4.97376 
3.52356 4.09295 1.30052 
2.46427 4.2681 4.58255 
2.46427 3.52627 4.89225 
2.46427 4.861 4.61851 
2.46427 2.54943 2.46106 
2.46427 2.62167 1.33457 
2.46427 4.09295 4.10342 
2.46427 3.99848 4.8914 
4.2681 3.52627 4.46851 
4.2681 4.861 1.26849 
4.2681 2.54943 4.8043 
4.2681 2.62167 4.84877 
4.2681 3.99848 1.37777 
4.2681 4.60612 2.54552 
3.52627 4.861 4.76507 
3.52627 4.41552 3.82101 
3.52627 4.09295 2.5488 
3.52627 3.99848 4.62895 
4.861 4.09295 4.92529 
4.861 4.83299 4.93554 
4.861 3.99848 2.64364 
4.861 4.60612 3.79578 
2.54943 2.62167 1.29363 
2.54943 3.99848 4.46786 
2.54943 4.60612 4.95258 
4.41552 3.99848 4.59562 
4.41552 4.60612 4.33102 
2.62167 3.99848 4.8704 
3.99848 4.60612 1.22609 
4.70342 4.56663 2.6308 
4.70342 3.94351 3.59572 
4.70342 2.55251 3.80399 
4.70342 4.56699 1.27121 
4.70342 1.34435 4.27116 
4.73825 2.59623 2.65025 
4.73825 1.24122 3.61071 
4.73825 3.48581 3.40578 
4.73825 3.59035 1.26073 
4.73825 4.47295 4.29378 
2.59623 1.24122 1.38027 
2.59623 2.55251 4.90199 
2.59623 3.48581 1.41409 
2.59623 1.34435 3.85509 
2.59623 3.59035 1.41488 
2.59623 4.47295 2.60053 
4.56663 3.94351 1.40014 
4.56663 2.55251 2.47963 
4.56663 4.56699 1.372 
4.56663 1.34435 3.56858 
1.24122 3.94351 4.82329 
1.24122 2.55251 3.56009 
1.24122 3.48581 2.46977 
1.24122 1.34435 2.48455 
1.24122 3.59035 2.40572 
1.24122 4.47295 3.57766 
3.94351 2.55251 1.45924 
3.94351 4.56699 2.49791 
3.94351 1.34435 2.71727 
2.55251 4.56699 3.06356 
2.55251 1.34435 1.26727 
4.56699 1.34435 3.84338 
3.48581 1.34435 4.82521 
3.48581 3.59035 2.40401 
3.48581 4.47295 1.18962 
1.34435 3.59035 4.64977 
3.59035 4.47295 3.45923 
4.23166 1.25524 4.79287 
4.23166 4.66086 1.89172 
4.23166 2.55647 3.32835 
4.23166 4.32655 4.2037 
4.23166 1.34126 3.7617 
4.23166 4.93923 4.47151 
4.23166 3.85623 3.5043 
4.23166 4.12353 4.32398 
1.25524 4.66086 4.74623 
1.25524 2.55647 3.72872 
1.25524 4.32655 4.83665 
1.25524 1.34126 2.53873 
1.25524 4.95959 4.57415 
1.25524 4.83226 4.62476 
1.25524 2.5512 1.30455 
1.25524 3.78177 2.54474 
1.25524 4.12353 4.27135 
1.25524 4.5427 4.35305 
4.66086 2.55647 4.73334 
4.66086 4.32655 4.37884 
4.66086 1.34126 4.72459 
4.66086 4.95959 4.9913 
4.66086 4.12353 3.93795 
4.66086 4.5427 4.41144 
2.55647 4.32655 4.5968 
2.55647 1.34126 1.25436 
2.55647 4.93923 4.60577 
2.55647 2.5512 4.97376 
2.55647 3.85623 1.30052 
4.32655 1.34126 4.46851 
4.32655 4.93923 1.26849 
4.32655 4.12353 1.37777 
4.32655 4.5427 2.54552 
1.34126 4.93923 4.76507 
1.34126 2.5512 3.82101 
1.34126 3.85623 2.5488 
1.34126 4.12353 4.62895 
4.95959 4.83226 1.25411 
4.95959 2.5512 4.73142 
4.93923 3.85623 4.92529 
4.93923 4.12353 2.64364 
4.93923 4.5427 3.79578 
4.83226 2.5512 4.96104 
2.5512 3.78177 1.26938 
2.5512 4.12353 4.59562 
2.5512 4.5427 4.33102 
3.78177 4.5427 4.60487 
4.12353 4.5427 1.22609 
4.59577 4.04482 4.89462 
4.59577 1.24402 4.96929 
4.59577 1.33512 4.58216 
4.59577 4.73719 1.27121 
3.81744 2.52661 3.32835 
3.81744 4.04482 1.31197 
3.81744 3.77922 3.7617 
3.81744 1.24402 3.5043 
3.81744 1.33512 4.45579 
2.52661 4.04482 4.26063 
2.52661 3.77922 1.25436 
2.52661 1.24402 1.30052 
2.52661 1.33512 3.84558 
4.04482 3.77922 4.89225 
4.04482 1.24402 4.10342 
4.04482 1.33512 4.31774 
4.04482 4.73719 4.81515 
3.77922 1.24402 2.5488 
1.24402 1.33512 2.5772 
1.24402 4.73719 4.78442 
1.24402 2.50572 3.73088 
3.85292 1.33512 2.59503 
3.85292 2.50572 1.35689 
1.33512 2.50572 1.25438 
4.89462 4.72654 4.58255 
4.89462 3.56478 4.61851 
4.89462 4.96929 4.10342 
4.89462 4.58216 4.31774 
4.89462 1.27121 4.81515 
4.72654 3.56478 1.26849 
4.72654 2.6308 2.71485 
4.72654 3.59572 3.48226 
4.72654 3.80399 4.87207 
4.72654 1.27121 3.58593 
4.72654 4.63658 3.29952 
4.85468 3.73934 1.24187 
4.85468 2.52854 2.50489 
4.85468 1.32222 3.68283 
3.56478 2.6308 1.46648 
3.56478 4.96929 4.92529 
3.56478 3.59572 2.4479 
3.56478 1.32222 4.86911 
3.56478 3.80399 3.7823 
3.56478 1.27121 2.36454 
3.56478 4.27116 4.93554 
3.56478 4.63658 2.6304 
2.6308 3.59572 1.40014 
2.6308 1.32222 3.89688 
2.6308 3.80399 2.47963 
2.6308 1.27121 1.372 
2.6308 4.27116 3.56858 
2.6308 4.63658 2.25783 
3.73934 2.52854 1.29831 
3.73934 1.32222 2.50987 
3.73934 1.27121 4.91831 
2.52854 1.32222 1.23814 
2.52854 1.27121 3.75231 
4.96929 4.58216 2.5772 
4.96929 1.27121 4.78442 
3.59572 1.32222 4.69766 
3.59572 3.80399 1.45924 
3.59572 1.27121 2.49791 
3.59572 4.27116 2.71727 
3.59572 4.63658 1.34333 
1.32222 4.58216 4.7589 
1.32222 3.80399 4.63444 
1.32222 1.27121 2.56947 
1.32222 4.27116 4.82797 
3.80399 1.27121 3.06356 
3.80399 4.27116 1.26727 
3.80399 4.63658 2.51578 
1.27121 4.27116 3.84338 
1.27121 4.63658 3.48338 
4.27116 4.63658 3.74964 
4.79287 1.89172 4.74623 
4.79287 3.32835 3.72872 
4.79287 4.2037 4.83665 
4.79287 3.7617 2.53873 
4.79287 4.32398 4.27135 
1.89172 3.32835 4.73334 
1.89172 1.31197 2.49713 
1.89172 4.2037 4.37884 
1.89172 3.7617 4.72459 
1.89172 2.58215 1.36837 
1.89172 2.01802 1.96771 
1.89172 4.32398 3.93795 
3.32835 1.31197 4.26063 
3.32835 4.2037 4.5968 
3.32835 3.7617 1.25436 
3.32835 4.47151 4.60577 
3.32835 3.5043 1.30052 
3.32835 4.45579 3.84558 
1.31197 4.2037 4.58255 
1.31197 3.7617 4.89225 
1.31197 4.47151 4.61851 
1.31197 2.58215 2.46106 
1.31197 2.01802 1.33457 
1.31197 3.5043 4.10342 
1.31197 4.45579 4.31774 
1.31197 4.32398 4.8914 
4.2037 3.7617 4.46851 
4.2037 4.47151 1.26849 
4.2037 2.58215 4.8043 
4.2037 2.01802 4.84877 
4.2037 4.32398 1.37777 
3.7617 4.47151 4.76507 
3.7617 3.5043 2.5488 
3.7617 4.32398 4.62895 
4.47151 3.5043 4.92529 
4.47151 4.32398 2.64364 
2.58215 2.01802 1.29363 
2.58215 4.32398 4.46786 
2.01802 4.32398 4.8704 
3.5043 4.45579 2.5772 
4.74623 3.72872 4.73334 
4.74623 4.83665 4.37884 
4.74623 2.53873 4.72459 
4.74623 4.57415 4.9913 
4.74623 4.79773 4.80575 
4.74623 4.27135 3.93795 
4.74623 4.35305 4.41144 
3.72872 4.83665 4.5968 
3.72872 2.53873 1.25436 
3.72872 1.30455 4.97376 
4.83665 2.53873 4.46851 
4.83665 4.63509 3.7291 
4.83665 4.27135 1.37777 
4.83665 4.35305 2.54552 
2.53873 1.30455 3.82101 
2.53873 4.27135 4.62895 
4.57415 4.62476 1.25411 
4.57415 1.30455 4.73142 
4.57415 4.79773 1.23131 
4.62476 1.30455 4.96104 
4.62476 4.79773 2.46259 
4.63509 1.30455 4.30156 
4.63509 2.54474 4.22417 
4.63509 3.94791 4.59278 
4.63509 4.27135 2.47884 
4.63509 4.35305 1.28455 
1.30455 2.54474 1.26938 
1.30455 4.79773 4.85067 
1.30455 3.94791 2.6552 
1.30455 4.27135 4.59562 
1.30455 4.35305 4.33102 
2.54474 3.94791 1.41051 
2.54474 4.35305 4.60487 
4.27135 4.35305 1.22609 
4.73334 2.49713 4.26063 
4.73334 4.37884 4.5968 
4.73334 4.72459 1.25436 
2.49713 4.37884 4.58255 
2.49713 4.72459 4.89225 
2.49713 1.36837 2.46106 
2.49713 1.96771 1.33457 
2.49713 3.93795 4.8914 
4.37884 4.72459 4.46851 
4.37884 1.36837 4.8043 
4.37884 1.96771 4.84877 
4.37884 3.93795 1.37777 
4.37884 4.41144 2.54552 
4.72459 3.93795 4.62895 
4.9913 1.36837 3.67889 
4.9913 4.85946 2.48137 
4.9913 1.96771 4.18264 
4.9913 4.80575 1.23131 
1.36837 4.85946 3.86597 
1.36837 1.96771 1.29363 
1.36837 4.80575 3.61574 
1.36837 3.93795 4.46786 
1.36837 4.41144 4.95258 
4.85946 1.96771 4.58678 
4.85946 4.80575 1.27937 
1.96771 4.80575 4.30618 
1.96771 3.93795 4.8704 
3.93795 4.41144 1.22609 
4.26063 4.5968 4.58255 
4.26063 1.25436 4.89225 
4.26063 4.60577 4.61851 
4.26063 1.30052 4.10342 
4.26063 3.84558 4.31774 
4.5968 1.25436 4.46851 
4.5968 4.60577 1.26849 
1.25436 4.60577 4.76507 
1.25436 4.97376 3.82101 
1.25436 1.30052 2.5488 
4.60577 1.30052 4.92529 
1.30052 3.84558 2.5772 
2.48845 4.82421 2.54128 
2.48845 4.69955 4.52588 
2.48845 2.33421 2.28079 
2.48845 3.51548 3.32723 
2.48845 1.32037 1.4579 
2.48845 1.18337 3.6554 
2.48845 3.5985 1.21507 
4.82421 2.33421 4.29911 
4.82421 1.32037 3.88397 
4.82421 3.5985 1.34333 
4.69955 2.33421 2.5101 
4.69955 3.51548 1.26552 
4.69955 1.32037 3.84184 
4.69955 3.5985 4.99146 
2.33421 2.52897 4.43858 
2.33421 3.51548 1.28165 
2.33421 1.32037 1.35069 
2.33421 1.18337 3.25704 
2.33421 3.5985 3.08285 
2.52897 1.32037 3.78779 
2.52897 1.18337 1.34739 
2.52897 3.84345 1.37126 
3.51548 1.32037 2.58652 
3.51548 1.18337 4.28785 
3.51548 3.5985 3.93909 
1.32037 1.18337 2.46021 
1.32037 3.5985 2.57729 
1.18337 3.84345 2.68325 
1.18337 3.5985 4.76536 
2.59936 4.52666 3.67889 
2.59936 1.3722 1.25411 
2.59936 4.92116 2.48137 
2.59936 1.34756 3.91266 
2.59936 4.41122 4.18264 
2.59936 3.779 1.23131 
4.52666 1.3722 4.07106 
4.52666 4.92116 3.86597 
4.52666 4.41122 1.29363 
4.52666 3.779 3.61574 
1.3722 2.66435 4.00178 
1.3722 4.92116 3.66001 
1.3722 1.34756 2.7057 
1.3722 4.41122 4.27837 
1.3722 3.779 2.46259 
2.66435 3.90195 1.25274 
2.66435 1.34756 1.37288 
3.90195 1.34756 2.62505 
4.92116 4.41122 4.58678 
4.92116 3.779 1.27937 
1.34756 4.41122 4.82503 
4.41122 3.779 4.30618 
4.58255 4.89225 4.46851 
4.58255 4.61851 1.26849 
4.58255 2.46106 4.8043 
4.58255 1.33457 4.84877 
4.58255 4.81515 3.58593 
4.58255 4.8914 1.37777 
4.89225 4.61851 4.76507 
4.89225 4.10342 2.5488 
4.89225 4.8914 4.62895 
4.61851 4.10342 4.92529 
4.61851 4.81515 2.36454 
4.61851 4.8914 2.64364 
2.46106 1.33457 1.29363 
2.46106 4.8914 4.46786 
1.33457 4.8914 4.8704 
4.10342 4.31774 2.5772 
4.10342 4.81515 4.78442 
4.81515 4.8914 4.92909 
4.46851 1.26849 4.76507 
4.46851 1.37777 4.62895 
1.26849 2.71485 1.46648 
1.26849 3.82908 3.48608 
1.26849 3.7291 4.94789 
1.26849 3.48226 2.4479 
1.26849 4.22765 4.75813 
1.26849 4.87207 3.7823 
1.26849 3.58593 2.36454 
1.26849 4.10786 4.17247 
1.26849 1.37777 2.64364 
1.26849 3.89264 4.26326 
1.26849 4.60318 4.47331 
1.26849 2.54552 3.79578 
1.26849 3.29952 2.6304 
4.8043 4.84877 1.29363 
4.8043 4.96696 4.30401 
4.8043 1.37777 4.46786 
4.8043 2.54552 4.95258 
2.71485 3.82908 3.41121 
2.71485 3.48226 1.40014 
2.71485 4.87207 2.47963 
2.71485 3.58593 1.372 
2.71485 4.10786 4.61023 
2.71485 1.37777 4.08906 
2.71485 4.60318 4.59418 
2.71485 3.29952 2.25783 
3.82908 3.48226 2.54128 
3.82908 4.22765 4.52588 
3.82908 4.87207 3.52799 
3.82908 3.58593 4.61426 
3.82908 4.10786 2.28079 
3.82908 1.37777 4.58442 
3.82908 3.89264 3.32723 
3.82908 4.60318 1.4579 
3.82908 3.29952 1.21507 
3.7291 4.90473 1.24541 
3.7291 4.53323 4.65564 
3.7291 4.22765 4.31158 
3.7291 1.37777 2.47884 
3.7291 3.89264 4.35177 
3.7291 2.54552 1.28455 
4.84877 1.37777 4.8704 
4.90473 4.22765 4.67039 
4.90473 1.37777 3.68965 
4.90473 3.89264 4.76731 
4.90473 2.54552 2.48492 
4.53323 4.96696 1.40532 
4.53323 4.22765 1.28651 
4.53323 4.10786 3.68743 
4.53323 1.37777 4.14557 
4.53323 3.89264 2.49611 
4.53323 2.54552 4.08534 
3.48226 4.87207 1.45924 
3.48226 3.58593 2.49791 
3.48226 4.10786 4.29911 
3.48226 1.37777 4.75227 
3.48226 4.60318 3.88397 
3.48226 3.29952 1.34333 
4.96696 4.22765 2.67127 
4.96696 1.37777 4.47444 
4.96696 3.89264 3.83987 
4.96696 2.54552 4.44828 
4.22765 4.10786 2.5101 
4.22765 1.37777 3.94271 
4.22765 3.89264 1.26552 
4.22765 4.60318 3.84184 
4.22765 2.54552 3.8458 
4.22765 3.29952 4.99146 
4.87207 3.58593 3.06356 
4.87207 4.60318 4.83649 
4.87207 3.29952 2.51578 
3.58593 1.37777 4.92909 
3.58593 3.29952 3.48338 
4.10786 1.37777 4.41155 
4.10786 3.89264 1.28165 
4.10786 4.60318 1.35069 
4.10786 2.54552 4.60994 
4.10786 3.29952 3.08285 
1.37777 3.89264 3.86254 
1.37777 2.54552 1.22609 
1.37777 3.29952 4.34673 
3.89264 4.60318 2.58652 
3.89264 2.54552 3.88792 
3.89264 3.29952 3.93909 
4.60318 3.29952 2.57729 
4.76507 2.5488 4.92529 
4.76507 4.62895 2.64364 
3.82101 4.62895 4.59562 
3.67889 1.25411 4.07106 
3.67889 2.48137 3.86597 
3.67889 4.18264 1.29363 
3.67889 1.23131 3.61574 
3.67889 3.66988 4.30401 
1.25411 2.48137 3.66001 
1.25411 3.91266 2.7057 
1.25411 4.73142 4.96104 
1.25411 4.18264 4.27837 
1.25411 1.23131 2.46259 
1.25411 3.66988 4.82363 
2.48137 4.18264 4.58678 
2.48137 1.23131 1.27937 
2.48137 3.66988 1.20312 
3.91266 4.18264 4.82503 
4.73142 1.23131 4.85067 
4.18264 1.23131 4.30618 
1.23131 3.66988 2.47553 
3.8492 1.37638 2.5783 
3.8492 1.24187 4.71647 
3.8492 2.58402 1.3648 
1.37638 1.24187 2.45683 
1.37638 2.58402 1.24693 
1.37638 2.50489 3.69041 
1.37638 3.68283 4.79192 
1.24187 2.58402 3.54262 
1.24187 2.50489 1.29831 
1.24187 3.68283 2.50987 
1.24187 4.42608 4.69422 
1.24187 4.60527 4.65134 
2.58402 2.50489 4.73224 
2.50489 3.68283 1.23814 
2.50489 4.60527 4.98476 
4.42608 4.60527 1.26552 
1.46648 3.48608 3.41121 
1.46648 2.4479 1.40014 
1.46648 4.86911 3.89688 
1.46648 3.7823 2.47963 
1.46648 2.36454 1.372 
1.46648 4.93554 3.56858 
1.46648 4.17247 4.61023 
1.46648 2.64364 4.08906 
1.46648 4.47331 4.59418 
1.46648 2.6304 2.25783 
3.48608 2.4479 2.54128 
3.48608 4.75813 4.52588 
3.48608 3.7823 3.52799 
3.48608 2.36454 4.61426 
3.48608 4.93554 4.67687 
3.48608 4.17247 2.28079 
3.48608 2.64364 4.58442 
3.48608 4.26326 3.32723 
3.48608 4.47331 1.4579 
3.48608 2.6304 1.21507 
4.94789 4.75813 4.31158 
4.94789 2.64364 2.47884 
4.94789 4.26326 4.35177 
4.94789 3.79578 1.28455 
4.92529 2.36454 4.78442 
2.4479 4.86911 4.69766 
2.4479 3.7823 1.45924 
2.4479 2.36454 2.49791 
2.4479 4.93554 2.71727 
2.4479 4.17247 4.29911 
2.4479 2.64364 4.75227 
2.4479 4.47331 3.88397 
2.4479 2.6304 1.34333 
4.86911 3.7823 4.63444 
4.86911 2.36454 2.56947 
4.86911 4.93554 4.82797 
4.75813 4.17247 2.5101 
4.75813 2.64364 3.94271 
4.75813 4.26326 1.26552 
4.75813 4.47331 3.84184 
4.75813 3.79578 3.8458 
4.75813 2.6304 4.99146 
3.7823 2.36454 3.06356 
3.7823 4.93554 1.26727 
3.7823 4.47331 4.83649 
3.7823 2.6304 2.51578 
2.36454 4.93554 3.84338 
2.36454 2.64364 4.92909 
2.36454 2.6304 3.48338 
4.93554 2.6304 3.74964 
4.17247 2.64364 4.41155 
4.17247 4.26326 1.28165 
4.17247 4.47331 1.35069 
4.17247 3.79578 4.60994 
4.17247 2.6304 3.08285 
2.64364 4.26326 3.86254 
2.64364 3.79578 1.22609 
2.64364 2.6304 4.34673 
4.26326 4.47331 2.58652 
4.26326 3.79578 3.88792 
4.26326 2.6304 3.93909 
4.47331 2.6304 2.57729 
4.07106 3.86597 3.66001 
4.07106 1.29363 4.27837 
4.07106 3.61574 2.46259 
4.07106 4.30401 4.82363 
3.86597 1.29363 4.58678 
3.86597 3.61574 1.27937 
3.86597 4.30401 1.20312 
1.29363 3.61574 4.30618 
1.29363 4.46786 4.8704 
3.61574 4.30401 2.47553 
4.30401 4.46786 4.47444 
4.30401 4.95258 4.44828 
4.46786 4.95258 1.22609 
2.65025 3.61071 1.38027 
2.65025 1.3648 4.01472 
2.65025 3.40578 1.41409 
2.65025 1.26073 1.41488 
2.65025 4.29378 2.60053 
3.61071 1.3648 4.91632 
3.61071 3.40578 2.46977 
3.61071 1.26073 2.40572 
3.61071 4.29378 3.57766 
2.5783 4.71647 2.45683 
2.5783 1.3648 1.24693 
2.5783 1.26073 3.8388 
4.71647 1.3648 3.54262 
1.3648 3.40578 4.70058 
1.3648 1.26073 2.61746 
3.40578 1.26073 2.40401 
3.40578 4.29378 1.18962 
1.26073 4.29378 3.45923 
1.38027 4.01472 4.91632 
1.38027 3.9778 4.90536 
1.38027 4.90199 3.56009 
1.38027 1.41409 2.46977 
1.38027 3.85509 2.48455 
1.38027 1.41488 2.40572 
1.38027 2.60053 3.57766 
4.01472 1.41409 4.70058 
4.01472 1.41488 2.61746 
3.9778 1.41409 2.57102 
3.9778 1.41488 4.76852 
3.9778 2.60053 1.38247 
4.90199 3.85509 1.26727 
1.41409 3.85509 4.82521 
1.41409 1.41488 2.40401 
1.41409 2.60053 1.18962 
3.85509 1.41488 4.64977 
1.41488 2.60053 3.45923 
4.00178 2.7057 1.37288 
3.66001 4.27837 4.58678 
3.66001 2.46259 1.27937 
3.66001 4.82363 1.20312 
2.7057 4.27837 4.82503 
4.96104 2.46259 4.85067 
4.27837 2.46259 4.30618 
2.46259 4.82363 2.47553 
2.49696 1.30328 1.25274 
2.49696 3.85534 1.37288 
2.49696 1.32881 3.80574 
1.30328 3.85534 2.62505 
1.30328 2.61352 3.90171 
1.30328 1.32881 2.60631 
2.61352 3.91532 1.34739 
2.61352 1.32881 1.37126 
3.91532 1.32881 2.68325 
3.41121 1.40014 2.54128 
3.41121 2.47963 3.52799 
3.41121 1.372 4.61426 
3.41121 3.56858 4.67687 
3.41121 4.61023 2.28079 
3.41121 4.08906 4.58442 
3.41121 4.59418 1.4579 
3.41121 2.25783 1.21507 
1.40014 3.89688 4.69766 
1.40014 2.47963 1.45924 
1.40014 1.372 2.49791 
1.40014 3.56858 2.71727 
1.40014 4.61023 4.29911 
1.40014 4.08906 4.75227 
1.40014 4.59418 3.88397 
1.40014 2.25783 1.34333 
3.89688 2.47963 4.63444 
3.89688 1.372 2.56947 
3.89688 3.56858 4.82797 
2.47963 1.372 3.06356 
2.47963 3.56858 1.26727 
2.47963 4.59418 4.83649 
2.47963 2.25783 2.51578 
1.372 3.56858 3.84338 
1.372 4.08906 4.92909 
1.372 2.25783 3.48338 
3.56858 2.25783 3.74964 
4.61023 4.08906 4.41155 
4.61023 4.59418 1.35069 
4.61023 2.25783 3.08285 
4.08906 2.25783 4.34673 
4.59418 2.25783 2.57729 
4.91632 2.46977 4.70058 
4.91632 2.40572 2.61746 
4.90536 2.46977 2.57102 
4.90536 2.40572 4.76852 
4.90536 3.57766 1.38247 
4.82329 3.56009 1.45924 
4.82329 2.48455 2.71727 
3.56009 2.48455 1.26727 
2.46977 2.48455 4.82521 
2.46977 2.40572 2.40401 
2.46977 3.57766 1.18962 
2.48455 2.40572 4.64977 
2.40572 3.57766 3.45923 
1.25274 1.37288 2.62505 
1.25274 3.80574 2.60631 
2.45683 1.24693 3.54262 
2.45683 3.69041 1.29831 
2.45683 4.79192 2.50987 
1.24693 3.69041 4.73224 
1.24693 3.8388 2.61746 
3.69041 4.79192 1.23814 
3.54262 1.29831 4.73224 
1.29831 2.50987 1.23814 
1.29831 4.91831 3.75231 
1.29831 4.65134 4.98476 
2.50987 4.91831 2.56947 
4.69422 4.98595 2.5101 
4.69422 4.65134 1.26552 
4.98595 4.81908 4.43858 
4.98595 4.65134 1.28165 
4.98595 4.92175 3.25704 
4.81908 4.92175 1.34739 
4.65134 4.92175 4.28785 
3.90171 2.60631 1.37126 
4.58678 1.27937 4.30618 
2.57256 1.27937 3.84744 
2.57256 1.20312 1.40532 
2.57256 3.84698 1.28651 
2.57256 4.98664 2.49611 
1.27937 1.20312 2.47553 
1.20312 3.84698 2.67127 
1.20312 4.98664 3.83987 
3.84698 4.98664 1.26552 
4.70058 2.61746 2.40401 
2.54128 3.52799 1.45924 
2.54128 4.61426 2.49791 
2.54128 4.67687 2.71727 
2.54128 2.28079 4.29911 
2.54128 4.58442 4.75227 
2.54128 1.4579 3.88397 
2.54128 1.21507 1.34333 
4.52588 2.28079 2.5101 
4.52588 4.58442 3.94271 
4.52588 3.32723 1.26552 
4.52588 1.4579 3.84184 
4.52588 1.21507 4.99146 
3.52799 4.61426 3.06356 
3.52799 4.67687 1.26727 
3.52799 1.4579 4.83649 
3.52799 1.21507 2.51578 
4.61426 4.67687 3.84338 
4.61426 4.58442 4.92909 
4.61426 1.21507 3.48338 
4.67687 1.21507 3.74964 
2.28079 4.58442 4.41155 
2.28079 3.32723 1.28165 
2.28079 1.4579 1.35069 
2.28079 3.6554 3.25704 
2.28079 1.21507 3.08285 
4.58442 3.32723 3.86254 
4.58442 1.21507 4.34673 
3.32723 1.4579 2.58652 
3.32723 3.6554 4.28785 
3.32723 1.21507 3.93909 
1.4579 3.6554 2.46021 
1.4579 1.21507 2.57729 
3.6554 1.21507 4.76536 
4.30156 4.22417 1.26938 
4.30156 1.24541 4.97278 
4.30156 4.59278 2.6552 
4.30156 2.47884 4.59562 
4.30156 1.28455 4.33102 
4.22417 1.24541 4.58396 
4.22417 4.59278 1.41051 
4.22417 1.28455 4.60487 
1.24541 3.82221 2.59503 
1.24541 4.59278 4.59268 
1.24541 4.31158 4.67039 
1.24541 2.57039 1.35689 
1.24541 2.47884 3.68965 
1.24541 4.35177 4.76731 
1.24541 1.28455 2.48492 
4.65564 4.31158 1.28651 
4.65564 2.47884 4.14557 
4.65564 4.35177 2.49611 
4.65564 1.28455 4.08534 
3.82221 2.57039 1.25438 
4.59278 2.57039 4.87882 
4.31158 2.47884 3.94271 
4.31158 4.35177 1.26552 
4.31158 1.28455 3.8458 
2.57039 1.28455 3.82426 
2.47884 4.35177 3.86254 
2.47884 1.28455 1.22609 
4.35177 1.28455 3.88792 
3.77881 1.26938 2.5699 
3.77881 4.97278 4.84258 
3.77881 2.6552 1.17917 
1.26938 4.97278 4.58396 
1.26938 2.6552 1.41051 
1.26938 4.33102 4.60487 
4.97278 2.6552 4.59268 
4.97278 4.59562 3.68965 
4.97278 4.33102 2.48492 
4.59562 4.33102 1.22609 
2.5699 4.84258 4.58396 
2.5699 1.17917 1.41051 
2.5699 1.38247 3.92311 
4.84258 1.17917 4.59268 
4.84258 4.91543 1.35689 
1.17917 4.91543 4.87882 
1.17917 2.57102 3.71434 
1.17917 1.38247 2.53073 
2.57102 4.76852 2.40401 
2.57102 1.38247 1.18962 
4.76852 1.38247 3.45923 
4.58396 1.41051 4.59268 
4.58396 4.60487 2.48492 
1.41051 3.92311 2.53073 
1.23814 3.75231 2.56947 
2.5772 3.73088 1.25438 
2.59503 1.35689 1.25438 
4.59268 1.35689 4.87882 
4.67039 3.68965 3.94271 
4.67039 4.76731 1.26552 
4.67039 2.48492 3.8458 
1.35689 2.48492 3.82426 
3.68965 4.76731 3.86254 
3.68965 2.48492 1.22609 
4.76731 2.48492 3.88792 
3.84744 1.40532 2.47553 
1.40532 1.28651 2.67127 
1.40532 4.14557 4.47444 
1.40532 2.49611 3.83987 
1.40532 4.08534 4.44828 
1.28651 3.68743 2.5101 
1.28651 4.14557 3.94271 
1.28651 2.49611 1.26552 
1.28651 4.08534 3.8458 
3.68743 4.14557 4.41155 
3.68743 2.49611 1.28165 
3.68743 4.08534 4.60994 
4.14557 2.49611 3.86254 
4.14557 4.08534 1.22609 
2.49611 4.08534 3.88792 
4.69766 1.45924 4.63444 
4.69766 2.49791 2.56947 
4.69766 2.71727 4.82797 
1.45924 2.49791 3.06356 
1.45924 2.71727 1.26727 
1.45924 3.88397 4.83649 
1.45924 1.34333 2.51578 
2.49791 2.71727 3.84338 
2.49791 4.75227 4.92909 
2.49791 1.34333 3.48338 
2.71727 1.34333 3.74964 
4.29911 4.75227 4.41155 
4.29911 3.88397 1.35069 
4.29911 1.34333 3.08285 
4.75227 1.34333 4.34673 
3.88397 1.34333 2.57729 
4.63444 2.56947 3.06356 
4.63444 4.82797 1.26727 
2.56947 4.82797 3.84338 
3.71434 2.53073 1.18962 
2.67127 4.47444 3.94271 
2.67127 3.83987 1.26552 
2.67127 4.44828 3.8458 
4.47444 3.83987 3.86254 
4.47444 4.44828 1.22609 
3.83987 4.44828 3.88792 
2.5101 3.94271 4.41155 
2.5101 1.26552 1.28165 
2.5101 3.84184 1.35069 
2.5101 3.8458 4.60994 
2.5101 4.99146 3.08285 
3.94271 1.26552 3.86254 
3.94271 3.8458 1.22609 
3.94271 4.99146 4.34673 
1.26552 3.84184 2.58652 
1.26552 3.8458 3.88792 
1.26552 4.99146 3.93909 
3.84184 4.99146 2.57729 
3.06356 1.26727 3.84338 
3.06356 2.51578 3.48338 
1.26727 2.51578 3.74964 
4.83649 2.51578 2.57729 
3.84338 3.48338 3.74964 
4.92909 3.48338 4.34673 
4.82521 2.40401 4.64977 
2.40401 1.18962 3.45923 
4.43858 1.35069 3.78779 
4.43858 3.25704 1.34739 
4.41155 1.28165 3.86254 
4.41155 4.60994 1.22609 
4.41155 3.08285 4.34673 
1.28165 1.35069 2.58652 
1.28165 3.25704 4.28785 
1.28165 4.60994 3.88792 
1.28165 3.08285 3.93909 
1.35069 3.25704 2.46021 
1.35069 3.08285 2.57729 
3.25704 3.08285 4.76536 
3.78779 1.34739 2.46021 
1.34739 1.37126 2.68325 
3.86254 1.22609 3.88792 
3.86254 4.34673 3.93909 
2.58652 4.28785 2.46021 
2.58652 3.93909 2.57729 
4.28785 3.93909 4.76536 
2.46021 2.57729 4.76536 
