1.33658 1.24325 1.94637 
1.33658 4.48174 4.80115 
1.33658 2.49103 1.35885 
1.33658 2.45318 2.59932 
1.33658 2.58448 2.03993 
1.24325 2.49103 2.50701 
1.24325 2.45318 1.32435 
1.24325 2.58448 1.97451 
1.24325 4.90956 4.68827 
1.24325 4.96039 4.30038 
1.24325 4.70455 4.28976 
4.48174 4.80565 1.23358 
2.49103 2.45318 2.42745 
2.49103 2.58448 1.27434 
2.45318 2.58448 1.30947 
2.45318 4.96039 4.47737 
2.45318 4.70455 4.80862 
4.96039 4.70455 1.23396 
4.26715 2.61026 2.61626 
4.26715 1.25998 3.46123 
4.26715 3.63521 3.5572 
4.26715 3.21224 1.28788 
4.26715 4.85696 4.44071 
2.61026 1.25998 1.37591 
2.61026 3.63521 1.40439 
2.61026 1.37405 3.84041 
2.61026 3.21224 1.36656 
2.61026 4.85696 2.64274 
4.71733 3.81728 1.51869 
4.71733 2.5796 2.44816 
4.71733 4.72797 1.34136 
4.71733 1.37405 3.49205 
4.71733 4.93197 2.3675 
1.25998 2.5796 3.80044 
1.25998 3.63521 2.41529 
1.25998 1.37405 2.54555 
1.25998 3.21224 2.25762 
1.25998 4.85696 3.6546 
3.81728 2.5796 1.26818 
3.81728 4.72797 2.40137 
3.81728 1.37405 2.53157 
3.81728 4.93197 1.42982 
2.5796 4.72797 2.86262 
2.5796 1.37405 1.27619 
2.5796 4.93197 2.45109 
4.72797 1.37405 3.56176 
4.72797 4.93197 3.46382 
3.63521 1.37405 4.78648 
3.63521 3.21224 2.4587 
3.63521 4.85696 1.30076 
1.37405 3.21224 4.29397 
1.37405 4.93197 3.69921 
3.21224 4.85696 3.53935 
1.27025 2.54153 3.79577 
1.27025 3.93177 4.31349 
1.27025 1.3607 2.58844 
1.27025 4.15682 3.83247 
1.27025 4.2927 4.92716 
1.27025 4.43182 4.43361 
1.27025 4.9903 4.18958 
1.27025 2.61351 1.39324 
1.27025 3.86297 2.63435 
1.27025 4.44461 3.82039 
1.27025 4.03111 4.08153 
1.27025 4.70806 4.52795 
2.54153 4.9586 4.98684 
2.54153 3.93177 4.73933 
2.54153 1.3607 1.24187 
2.54153 4.2927 4.51218 
2.54153 4.99588 4.28968 
2.54153 3.83163 1.30801 
4.9586 1.3607 4.54644 
4.9586 4.15682 2.5066 
4.9586 4.43182 1.20331 
4.9586 4.44461 3.71125 
3.93177 1.3607 4.41352 
3.93177 4.2927 1.21477 
3.93177 4.99588 4.40134 
3.93177 2.61351 4.98518 
3.93177 4.03111 1.3812 
3.93177 4.70806 2.59466 
1.3607 4.15682 4.45196 
1.3607 4.2927 4.43903 
1.3607 4.99588 4.71796 
1.3607 4.43182 4.34948 
1.3607 2.61351 3.91388 
1.3607 3.83163 2.54467 
1.3607 4.03111 4.80886 
4.15682 4.43182 1.31761 
4.15682 4.9903 2.55346 
4.15682 2.61351 4.19305 
4.15682 3.86297 4.84974 
4.15682 4.44461 1.21956 
4.2927 4.99588 4.51434 
4.2927 3.83163 4.90805 
4.2927 4.03111 2.58595 
4.2927 4.70806 3.77783 
4.99588 3.83163 4.32499 
4.99588 4.03111 4.47737 
4.99588 4.70806 4.80862 
4.43182 4.9903 3.85274 
4.43182 2.61351 4.98784 
4.43182 4.44461 2.52946 
4.9903 2.61351 4.09319 
4.9903 3.86297 4.28431 
4.9903 4.44461 1.36344 
2.61351 3.86297 1.25426 
2.61351 4.44461 3.90986 
2.61351 4.03111 4.38385 
2.61351 4.70806 4.47142 
3.86297 4.44461 4.33843 
3.86297 4.03111 4.94244 
3.86297 4.70806 4.76263 
4.03111 4.70806 1.23396 
4.09532 2.56194 4.74777 
4.09532 4.68272 4.72135 
4.09532 1.26164 4.16169 
4.09532 4.44718 1.29385 
4.09532 1.29145 4.49178 
4.09532 4.43563 1.25452 
2.56194 4.9912 4.88002 
2.56194 3.80103 1.24187 
2.56194 4.68272 4.28968 
2.56194 4.27487 4.18231 
2.56194 1.26164 1.30801 
2.56194 1.29145 3.8106 
2.56194 4.43563 4.39547 
4.9912 4.68272 2.42745 
4.9912 4.27487 1.27434 
4.9912 1.26164 4.8316 
3.80103 4.68272 4.71796 
3.80103 4.27487 4.75753 
3.80103 1.26164 2.54467 
3.80103 4.43563 4.9047 
4.68272 4.27487 1.30947 
4.68272 1.26164 4.32499 
4.68272 4.43563 4.77274 
4.87693 3.78785 1.24977 
4.87693 1.29145 3.69073 
4.87693 2.52675 2.55806 
4.85365 3.78785 4.87415 
4.85365 1.29145 4.57301 
4.85365 2.52675 4.3999 
4.27487 1.26164 4.07535 
4.27487 1.29145 4.56239 
1.26164 4.44718 4.8291 
1.26164 1.29145 2.53315 
1.26164 4.43563 4.14182 
1.26164 2.52675 3.77071 
3.78785 1.29145 2.53887 
3.78785 2.52675 1.34405 
4.44718 1.29145 4.47169 
4.44718 4.43563 2.52484 
1.29145 2.52675 1.25181 
4.74777 4.53909 4.73933 
4.74777 3.46322 4.51218 
4.74777 4.72135 4.28968 
4.74777 2.53742 4.78156 
4.74777 4.16169 1.30801 
4.74777 4.49178 3.8106 
4.74777 1.25452 4.39547 
4.53909 3.46322 1.21477 
4.53909 4.72135 4.40134 
4.53909 2.53742 2.52746 
4.53909 3.40588 3.50461 
4.53909 3.67469 4.641 
4.53909 1.25452 3.51299 
4.53909 4.40376 3.41134 
4.97722 3.77725 1.30967 
4.97722 2.55929 2.50695 
4.97722 1.29385 3.72938 
3.46322 4.72135 4.51434 
3.46322 2.53742 1.31753 
3.46322 4.16169 4.90805 
3.46322 3.40588 2.4705 
3.46322 1.29385 4.6163 
3.46322 3.67469 3.56102 
3.46322 1.25452 2.35622 
3.46322 4.14795 4.65553 
3.46322 4.40376 2.74324 
4.72135 4.16169 4.32499 
4.72135 1.25452 4.77274 
2.53742 2.55929 4.9032 
2.53742 4.16169 4.87742 
2.53742 3.40588 1.51869 
2.53742 1.29385 3.73024 
2.53742 3.67469 2.44816 
2.53742 1.25452 1.34136 
2.53742 4.14795 3.49205 
2.53742 4.40376 2.3675 
3.77725 2.55929 1.26458 
3.77725 1.29385 2.51593 
3.77725 1.25452 4.94018 
2.55929 1.29385 1.27329 
2.55929 4.49178 4.89358 
2.55929 1.25452 3.76703 
4.16169 1.29385 4.8291 
4.16169 4.49178 2.53315 
4.16169 1.25452 4.14182 
3.40588 1.29385 4.43844 
3.40588 3.67469 1.26818 
3.40588 1.25452 2.40137 
3.40588 4.14795 2.53157 
3.40588 4.40376 1.42982 
1.29385 4.49178 4.47169 
1.29385 3.67469 4.61862 
1.29385 1.25452 2.52484 
1.29385 4.14795 4.96439 
3.67469 1.25452 2.86262 
3.67469 4.14795 1.27619 
3.67469 4.40376 2.45109 
1.25452 4.14795 3.56176 
1.25452 4.40376 3.46382 
4.14795 4.40376 3.69921 
1.94637 1.35885 2.50701 
1.94637 2.59932 1.32435 
1.94637 2.03993 1.97451 
4.80115 4.89726 3.61569 
1.35885 2.59932 2.42745 
1.35885 2.03993 1.27434 
1.35885 4.82363 4.89388 
1.35885 4.97612 4.72097 
2.59932 2.03993 1.30947 
4.82363 4.97612 1.27619 
4.82363 4.89726 2.45109 
4.97612 4.89726 3.69921 
3.79577 4.31349 4.73933 
3.79577 2.58844 1.24187 
3.79577 4.92716 4.51218 
4.31349 2.58844 4.41352 
4.31349 4.92716 1.21477 
4.31349 1.39324 4.98518 
4.31349 4.08153 1.3812 
4.31349 4.52795 2.59466 
2.58844 3.83247 4.45196 
2.58844 4.92716 4.43903 
2.58844 4.43361 4.34948 
2.58844 1.39324 3.91388 
2.58844 4.08153 4.80886 
3.83247 4.43361 1.31761 
3.83247 4.18958 2.55346 
3.83247 1.39324 4.19305 
3.83247 2.63435 4.84974 
3.83247 3.82039 1.21956 
3.83247 4.9499 3.60977 
4.92716 4.08153 2.58595 
4.92716 4.52795 3.77783 
4.43361 4.18958 3.85274 
4.43361 1.39324 4.98784 
4.43361 3.82039 2.52946 
4.43361 4.9499 4.86379 
4.18958 1.39324 4.09319 
4.18958 2.63435 4.28431 
4.18958 3.82039 1.36344 
4.18958 3.96398 4.91674 
4.18958 4.9499 1.16596 
1.39324 2.63435 1.25426 
1.39324 3.82039 3.90986 
1.39324 3.96398 2.57281 
1.39324 4.9499 4.84757 
1.39324 4.08153 4.38385 
1.39324 4.52795 4.47142 
2.63435 3.82039 4.33843 
2.63435 3.96398 1.34659 
2.63435 4.9499 4.93398 
2.63435 4.08153 4.94244 
2.63435 4.52795 4.76263 
3.82039 4.9499 2.47704 
4.08153 4.52795 1.23396 
2.50701 1.32435 2.42745 
2.50701 1.97451 1.27434 
4.63303 1.32435 4.40134 
4.63303 4.30038 1.3812 
4.63303 4.28976 2.59466 
4.8285 4.88286 2.55346 
4.8285 4.68827 1.21956 
1.32435 1.97451 1.30947 
1.32435 4.30038 4.47737 
1.32435 4.28976 4.80862 
4.88286 4.68827 1.36344 
4.30038 4.28976 1.23396 
4.98684 1.24187 4.54644 
4.88002 4.28968 2.42745 
4.88002 4.18231 1.27434 
4.88002 1.30801 4.8316 
4.73933 1.24187 4.41352 
4.73933 4.51218 1.21477 
4.73933 4.28968 4.40134 
4.73933 4.78156 2.52746 
4.73933 4.39547 3.51299 
1.24187 4.51218 4.43903 
1.24187 4.28968 4.71796 
1.24187 4.78156 4.9607 
1.24187 4.18231 4.75753 
1.24187 1.30801 2.54467 
1.24187 4.39547 4.9047 
4.51218 4.28968 4.51434 
4.51218 4.78156 1.31753 
4.51218 1.30801 4.90805 
4.51218 4.39547 2.35622 
4.28968 4.18231 1.30947 
4.28968 1.30801 4.32499 
4.28968 4.39547 4.77274 
4.78156 1.30801 4.87742 
4.78156 4.39547 1.34136 
4.18231 1.30801 4.07535 
4.18231 3.8106 4.56239 
1.30801 3.8106 2.53315 
1.30801 4.39547 4.14182 
2.58171 4.99217 2.64024 
2.58171 4.94037 4.40353 
2.58171 2.4916 2.30004 
2.58171 3.71583 3.28682 
2.58171 1.47001 1.38297 
2.58171 1.23358 3.79154 
2.58171 3.61569 1.21657 
4.99217 2.4916 4.78879 
4.99217 1.47001 4.00554 
4.99217 3.61569 1.42982 
4.94037 2.4916 2.65628 
4.94037 3.71583 1.38537 
4.94037 1.47001 3.91686 
2.4916 2.53797 4.0632 
2.4916 3.71583 1.30765 
2.4916 1.47001 1.41299 
2.4916 1.23358 3.17525 
2.4916 3.75754 4.95265 
2.4916 3.61569 3.44422 
2.53797 3.71583 4.93966 
2.53797 1.47001 3.75261 
2.53797 1.23358 1.31798 
2.53797 3.75754 1.25274 
3.71583 1.47001 2.65948 
3.71583 1.23358 4.24238 
3.71583 3.61569 4.26499 
1.47001 1.23358 2.55781 
1.47001 3.75754 4.87291 
1.47001 3.61569 2.57856 
1.23358 3.75754 2.54998 
1.23358 3.61569 4.84861 
4.54644 2.5066 4.45196 
4.54644 1.20331 4.34948 
2.5066 1.20331 1.31761 
2.5066 2.50008 4.9202 
2.5066 1.346 3.84906 
2.5066 3.71125 1.21956 
1.20331 2.50008 3.64847 
1.20331 1.346 2.54615 
1.20331 3.71125 2.52946 
2.50008 3.89499 1.39564 
2.50008 1.346 1.27033 
3.89499 1.346 2.63946 
2.42745 1.27434 1.30947 
2.42745 4.8316 4.32499 
1.27434 4.8316 4.07535 
4.89388 4.72097 1.27619 
4.41352 1.21477 4.43903 
4.41352 4.40134 4.71796 
4.41352 2.52746 4.9607 
4.41352 4.98518 3.91388 
4.41352 3.51299 4.9047 
4.41352 1.3812 4.80886 
1.21477 4.40134 4.51434 
1.21477 2.52746 1.31753 
1.21477 3.63558 3.33466 
1.21477 3.50461 2.4705 
1.21477 4.641 3.56102 
1.21477 3.51299 2.35622 
1.21477 4.29636 4.55685 
1.21477 1.3812 2.58595 
1.21477 4.2713 4.70912 
1.21477 4.5558 4.50056 
1.21477 2.59466 3.77783 
1.21477 3.41134 2.74324 
4.40134 3.51299 4.77274 
4.40134 1.3812 4.47737 
4.40134 2.59466 4.80862 
2.52746 3.63558 3.33321 
2.52746 3.50461 1.51869 
2.52746 4.641 2.44816 
2.52746 3.51299 1.34136 
2.52746 1.3812 3.89495 
2.52746 4.5558 4.64864 
2.52746 3.41134 2.3675 
3.63558 3.50461 2.64024 
3.63558 4.73924 4.40353 
3.63558 4.641 3.63847 
3.63558 3.51299 4.46377 
3.63558 4.29636 2.30004 
3.63558 1.3812 4.39148 
3.63558 4.2713 3.28682 
3.63558 4.5558 1.38297 
3.63558 3.41134 1.21657 
3.94555 4.98518 4.69384 
3.94555 4.73924 4.55776 
3.94555 1.3812 2.58257 
3.94555 4.2713 4.48481 
3.94555 2.59466 1.41003 
4.98518 1.3812 4.38385 
4.98518 2.59466 4.47142 
3.50461 4.641 1.26818 
3.50461 3.51299 2.40137 
3.50461 4.29636 4.78879 
3.50461 1.3812 4.81003 
3.50461 4.5558 4.00554 
3.50461 3.41134 1.42982 
4.73924 4.29636 2.65628 
4.73924 1.3812 4.39023 
4.73924 4.2713 1.38537 
4.73924 4.5558 3.91686 
4.73924 2.59466 4.12936 
4.641 3.51299 2.86262 
4.641 4.5558 4.93875 
4.641 3.41134 2.45109 
3.51299 1.3812 4.81561 
3.51299 3.41134 3.46382 
4.29636 1.3812 4.36699 
4.29636 4.2713 1.30765 
4.29636 4.5558 1.41299 
4.29636 2.59466 4.55736 
4.29636 3.41134 3.44422 
1.3812 4.2713 4.06712 
1.3812 4.5558 4.98808 
1.3812 2.59466 1.23396 
1.3812 3.41134 4.48095 
4.2713 4.5558 2.65948 
4.2713 2.59466 4.00137 
4.2713 3.41134 4.26499 
4.5558 3.41134 2.57856 
4.45196 4.34948 1.31761 
4.45196 3.91388 4.19305 
4.43903 4.71796 4.51434 
4.43903 4.9607 1.31753 
4.43903 2.54467 4.90805 
4.43903 4.9047 2.35622 
4.43903 4.80886 2.58595 
4.71796 4.75753 1.30947 
4.71796 2.54467 4.32499 
4.71796 4.9047 4.77274 
4.71796 4.80886 4.47737 
4.34948 3.91388 4.98784 
4.9607 2.54467 4.87742 
4.9607 4.9047 1.34136 
4.9607 4.80886 3.89495 
3.91388 4.80886 4.38385 
4.75753 2.54467 4.07535 
2.54467 4.9047 4.14182 
4.9047 4.80886 4.81561 
1.31761 4.9202 3.64847 
1.31761 2.55346 3.85274 
1.31761 3.84906 2.54615 
1.31761 4.19305 4.98784 
1.31761 1.21956 2.52946 
1.31761 3.60977 4.86379 
4.9202 3.84906 1.27033 
2.55346 4.19305 4.09319 
2.55346 4.84974 4.28431 
2.55346 4.86455 2.53615 
2.55346 1.21956 1.36344 
2.55346 3.60977 1.16596 
4.19305 4.84974 1.25426 
4.19305 1.21956 3.90986 
4.19305 3.60977 4.84757 
4.84974 1.21956 4.33843 
4.84974 3.60977 4.93398 
4.86455 1.21956 3.79461 
4.86455 3.60977 1.37831 
1.21956 3.60977 2.47704 
3.87433 1.30733 2.56781 
3.87433 2.58507 1.31802 
1.30733 1.30967 2.52894 
1.30733 2.58507 1.29456 
1.30733 2.50695 3.67879 
1.30733 3.72938 4.8195 
1.30967 2.58507 3.8214 
1.30967 2.50695 1.26458 
1.30967 3.72938 2.51593 
2.58507 2.50695 4.96207 
2.50695 3.72938 1.27329 
4.51434 4.90805 4.32499 
4.51434 2.35622 4.77274 
4.51434 2.58595 4.47737 
4.51434 3.77783 4.80862 
1.31753 3.33466 3.33321 
1.31753 4.90805 4.87742 
1.31753 2.4705 1.51869 
1.31753 4.6163 3.73024 
1.31753 3.56102 2.44816 
1.31753 2.35622 1.34136 
1.31753 4.65553 3.49205 
1.31753 2.58595 3.89495 
1.31753 4.50056 4.64864 
1.31753 2.74324 2.3675 
3.33466 2.4705 2.64024 
3.33466 3.56102 3.63847 
3.33466 2.35622 4.46377 
3.33466 4.65553 4.85783 
3.33466 4.55685 2.30004 
3.33466 2.58595 4.39148 
3.33466 4.70912 3.28682 
3.33466 4.50056 1.38297 
3.33466 2.74324 1.21657 
4.90805 4.6163 4.8291 
4.90805 2.35622 4.14182 
2.4705 4.6163 4.43844 
2.4705 3.56102 1.26818 
2.4705 2.35622 2.40137 
2.4705 4.65553 2.53157 
2.4705 4.55685 4.78879 
2.4705 2.58595 4.81003 
2.4705 4.50056 4.00554 
2.4705 2.74324 1.42982 
4.6163 3.56102 4.61862 
4.6163 2.35622 2.52484 
4.6163 4.65553 4.96439 
3.56102 2.35622 2.86262 
3.56102 4.65553 1.27619 
3.56102 4.50056 4.93875 
3.56102 2.74324 2.45109 
2.35622 4.65553 3.56176 
2.35622 2.58595 4.81561 
2.35622 2.74324 3.46382 
4.65553 2.74324 3.69921 
4.55685 2.58595 4.36699 
4.55685 4.70912 1.30765 
4.55685 4.50056 1.41299 
4.55685 3.77783 4.55736 
4.55685 2.74324 3.44422 
2.58595 4.70912 4.06712 
2.58595 4.50056 4.98808 
2.58595 3.77783 1.23396 
2.58595 2.74324 4.48095 
4.70912 4.50056 2.65948 
4.70912 3.77783 4.00137 
4.70912 2.74324 4.26499 
4.50056 2.74324 2.57856 
1.30947 4.32499 4.07535 
4.32499 4.77274 4.14182 
4.77274 4.47737 4.81561 
4.47737 4.80862 1.23396 
2.61626 3.46123 1.37591 
2.61626 4.93031 4.43477 
2.61626 4.53575 4.55178 
2.61626 1.31802 3.91676 
2.61626 3.5572 1.40439 
2.61626 1.28788 1.36656 
2.61626 4.44071 2.64274 
4.69361 4.93031 2.61269 
4.69361 2.56781 4.95152 
4.69361 4.53575 1.25776 
4.69361 1.31802 4.70116 
4.69361 4.44071 4.92336 
4.69361 4.98955 1.42177 
3.46123 1.31802 4.72633 
3.46123 3.5572 2.41529 
3.46123 1.28788 2.25762 
3.46123 4.44071 3.6546 
4.93031 4.53575 1.39564 
4.93031 3.5572 4.49195 
4.93031 1.28788 4.72449 
4.93031 4.44071 4.4066 
4.93031 4.98955 4.01315 
2.56781 1.31802 1.29456 
2.56781 1.28788 3.83226 
2.56781 4.98955 4.70417 
4.53575 1.31802 4.83742 
4.53575 3.5572 4.49707 
4.53575 1.28788 4.5755 
4.53575 4.44071 4.27877 
4.53575 4.98955 2.66658 
1.31802 3.5572 4.78709 
1.31802 1.28788 2.60507 
1.31802 4.98955 4.67353 
3.5572 1.28788 2.4587 
3.5572 4.44071 1.30076 
1.28788 4.44071 3.53935 
1.37591 3.91676 4.72633 
1.37591 4.40269 4.7948 
1.37591 3.94494 4.91279 
1.37591 1.40439 2.41529 
1.37591 3.84041 2.54555 
1.37591 1.36656 2.25762 
1.37591 2.64274 3.6546 
4.43477 4.55178 1.39564 
4.43477 4.40269 1.27033 
4.43477 3.94494 4.87242 
4.43477 1.40439 4.49195 
4.43477 1.36656 4.72449 
4.43477 2.64274 4.4066 
4.55178 3.91676 4.83742 
4.55178 4.40269 2.63946 
4.55178 3.94494 4.65542 
4.55178 1.40439 4.49707 
4.55178 1.36656 4.5755 
4.55178 2.64274 4.27877 
3.91676 1.40439 4.78709 
3.91676 1.36656 2.60507 
4.40269 1.40439 4.51622 
4.40269 1.36656 4.95352 
4.40269 2.64274 4.54805 
3.94494 1.40439 2.59491 
3.94494 1.36656 4.791 
3.94494 2.64274 1.30411 
1.40439 3.84041 4.78648 
1.40439 1.36656 2.4587 
1.40439 2.64274 1.30076 
3.84041 1.36656 4.29397 
1.36656 2.64274 3.53935 
3.64847 2.54615 1.27033 
3.85274 4.98784 4.09319 
3.85274 2.52946 1.36344 
3.85274 4.86379 1.16596 
4.98784 2.52946 3.90986 
4.98784 4.86379 4.84757 
2.52946 4.86379 2.47704 
2.61269 1.25776 1.39564 
2.61269 3.87635 1.27033 
2.61269 4.92336 4.4066 
2.61269 1.42177 4.01315 
4.95152 4.70116 1.29456 
4.95152 1.42177 4.70417 
1.25776 4.70116 4.83742 
1.25776 3.87635 2.63946 
1.25776 4.92336 4.27877 
1.25776 2.60105 3.85681 
1.25776 1.42177 2.66658 
4.70116 1.42177 4.67353 
3.87635 4.92336 4.54805 
2.60105 3.906 1.31798 
2.60105 1.42177 1.25274 
3.906 1.42177 2.54998 
3.33321 1.51869 2.64024 
3.33321 2.44816 3.63847 
3.33321 1.34136 4.46377 
3.33321 3.49205 4.85783 
3.33321 3.89495 4.39148 
3.33321 4.64864 1.38297 
3.33321 2.3675 1.21657 
4.9032 3.73024 1.27329 
4.9032 1.34136 3.76703 
4.87742 3.73024 4.8291 
4.87742 1.34136 4.14182 
1.51869 3.73024 4.43844 
1.51869 2.44816 1.26818 
1.51869 1.34136 2.40137 
1.51869 3.49205 2.53157 
1.51869 3.89495 4.81003 
1.51869 4.64864 4.00554 
1.51869 2.3675 1.42982 
3.73024 2.44816 4.61862 
3.73024 1.34136 2.52484 
3.73024 3.49205 4.96439 
2.44816 1.34136 2.86262 
2.44816 3.49205 1.27619 
2.44816 4.64864 4.93875 
2.44816 2.3675 2.45109 
1.34136 3.49205 3.56176 
1.34136 3.89495 4.81561 
1.34136 2.3675 3.46382 
3.49205 2.3675 3.69921 
3.89495 4.64864 4.98808 
3.89495 2.3675 4.48095 
4.64864 2.3675 2.57856 
4.72633 2.41529 4.78709 
4.72633 2.25762 2.60507 
4.7948 2.41529 4.51622 
4.7948 2.25762 4.95352 
4.7948 3.6546 4.54805 
4.91279 2.41529 2.59491 
4.91279 2.25762 4.791 
4.91279 3.6546 1.30411 
3.80044 2.54555 1.27619 
2.41529 2.54555 4.78648 
2.41529 2.25762 2.4587 
2.41529 3.6546 1.30076 
2.54555 2.25762 4.29397 
2.25762 3.6546 3.53935 
1.39564 1.27033 2.63946 
1.39564 4.87242 4.65542 
1.39564 4.49195 4.49707 
1.39564 4.72449 4.5755 
1.39564 4.4066 4.27877 
1.39564 4.01315 2.66658 
1.27033 4.49195 4.51622 
1.27033 4.72449 4.95352 
1.27033 4.4066 4.54805 
4.87242 4.49195 2.59491 
4.87242 4.72449 4.791 
4.87242 4.4066 1.30411 
4.49195 4.72449 2.4587 
4.49195 4.4066 1.30076 
4.72449 4.4066 3.53935 
2.52894 1.29456 3.8214 
2.52894 3.67879 1.26458 
2.52894 4.8195 2.51593 
1.29456 3.67879 4.96207 
1.29456 3.83226 2.60507 
1.29456 4.70417 4.67353 
3.67879 4.8195 1.27329 
3.8214 1.26458 4.96207 
1.26458 2.51593 1.27329 
1.26458 4.94018 3.76703 
2.51593 4.94018 2.52484 
4.83742 4.49707 4.78709 
4.83742 4.5755 2.60507 
4.83742 2.66658 4.67353 
2.63946 4.49707 4.51622 
2.63946 4.5755 4.95352 
2.63946 4.27877 4.54805 
4.65542 4.49707 2.59491 
4.65542 4.5755 4.791 
4.65542 4.27877 1.30411 
4.49707 4.5755 2.4587 
4.49707 4.27877 1.30076 
4.5755 4.27877 3.53935 
3.85681 2.66658 1.25274 
4.09319 4.28431 1.25426 
4.09319 1.36344 3.90986 
4.09319 4.91674 2.57281 
4.09319 1.16596 4.84757 
4.28431 1.36344 4.33843 
4.28431 4.91674 1.34659 
4.28431 1.16596 4.93398 
2.53615 1.36344 3.79461 
2.53615 1.16596 1.37831 
2.53615 3.70445 1.19781 
1.36344 1.16596 2.47704 
1.36344 3.70445 4.91262 
1.16596 3.70445 2.55813 
4.78709 2.60507 2.4587 
2.64024 3.63847 1.26818 
2.64024 4.46377 2.40137 
2.64024 4.85783 2.53157 
2.64024 2.30004 4.78879 
2.64024 4.39148 4.81003 
2.64024 1.38297 4.00554 
2.64024 1.21657 1.42982 
4.40353 2.30004 2.65628 
4.40353 4.39148 4.39023 
4.40353 3.28682 1.38537 
4.40353 1.38297 3.91686 
3.63847 4.46377 2.86262 
3.63847 4.85783 1.27619 
3.63847 1.38297 4.93875 
3.63847 1.21657 2.45109 
4.46377 4.85783 3.56176 
4.46377 4.39148 4.81561 
4.46377 1.21657 3.46382 
4.85783 1.21657 3.69921 
2.30004 4.39148 4.36699 
2.30004 3.28682 1.30765 
2.30004 1.38297 1.41299 
2.30004 3.79154 3.17525 
2.30004 1.21657 3.44422 
4.39148 3.28682 4.06712 
4.39148 1.38297 4.98808 
4.39148 1.21657 4.48095 
3.28682 1.38297 2.65948 
3.28682 3.79154 4.24238 
3.28682 1.21657 4.26499 
1.38297 3.79154 2.55781 
1.38297 1.21657 2.57856 
3.79154 1.21657 4.84861 
4.51622 4.95352 2.4587 
4.51622 4.54805 1.30076 
4.95352 4.54805 3.53935 
4.69384 4.60929 1.25426 
4.69384 4.99963 2.57281 
4.69384 2.58257 4.38385 
4.69384 1.41003 4.47142 
4.60929 1.24977 4.68757 
4.60929 4.99963 1.34659 
4.60929 2.55806 4.88579 
4.60929 2.58257 4.94244 
4.60929 1.41003 4.76263 
1.24977 3.69073 2.53887 
1.24977 4.99963 4.73152 
1.24977 2.55806 1.34405 
1.24977 2.58257 3.80346 
1.24977 1.41003 2.65514 
4.69841 4.55776 1.19781 
4.69841 2.58257 4.79649 
4.69841 4.48481 2.56778 
4.69841 1.41003 4.36934 
3.69073 4.99963 4.95548 
3.69073 2.55806 1.25181 
4.99963 2.55806 4.57567 
4.55776 2.58257 4.39023 
4.55776 4.48481 1.38537 
4.55776 1.41003 4.12936 
2.55806 1.41003 3.94218 
2.58257 4.48481 4.06712 
2.58257 1.41003 1.23396 
4.48481 1.41003 4.00137 
3.82942 1.25426 2.61938 
3.82942 2.57281 1.28851 
1.25426 3.90986 4.33843 
1.25426 2.57281 1.34659 
1.25426 4.84757 4.93398 
1.25426 4.38385 4.94244 
1.25426 4.47142 4.76263 
3.90986 4.84757 2.47704 
4.38385 4.47142 1.23396 
2.61938 4.87415 4.68757 
2.61938 1.28851 1.34659 
2.61938 4.3999 4.88579 
2.61938 1.30411 3.86925 
4.87415 4.57301 2.53887 
4.87415 1.28851 4.73152 
4.87415 4.3999 1.34405 
4.57301 1.28851 4.95548 
4.57301 4.3999 1.25181 
4.57301 1.30411 4.90111 
1.28851 4.3999 4.57567 
1.28851 2.59491 3.83246 
1.28851 1.30411 2.55187 
4.3999 1.30411 4.8756 
2.59491 4.791 2.4587 
2.59491 1.30411 1.30076 
4.791 1.30411 3.53935 
4.68757 1.34659 4.73152 
4.68757 4.88579 1.34405 
4.68757 4.94244 3.80346 
4.68757 4.76263 2.65514 
4.33843 4.93398 2.47704 
1.34659 4.88579 4.57567 
1.34659 3.86925 2.55187 
4.88579 3.86925 4.8756 
4.88579 4.76263 3.94218 
4.94244 4.76263 1.23396 
4.07535 4.56239 2.53315 
1.27329 4.89358 4.47169 
1.27329 3.76703 2.52484 
4.8291 2.53315 4.47169 
4.8291 4.14182 2.52484 
2.53315 3.77071 1.25181 
2.53887 4.73152 4.95548 
2.53887 1.34405 1.25181 
4.73152 1.34405 4.57567 
1.34405 2.65514 3.94218 
3.80346 2.65514 1.23396 
3.79461 1.37831 2.47704 
3.79461 1.19781 4.91262 
1.37831 1.19781 2.55813 
1.37831 2.56778 3.93472 
1.19781 3.85024 2.65628 
1.19781 4.79649 4.39023 
1.19781 2.56778 1.38537 
1.19781 4.36934 4.12936 
3.85024 4.79649 4.36699 
3.85024 2.56778 1.30765 
3.85024 4.36934 4.55736 
4.79649 2.56778 4.06712 
4.79649 4.36934 1.23396 
2.56778 4.36934 4.00137 
2.47704 4.91262 2.55813 
4.43844 1.26818 4.61862 
4.43844 2.40137 2.52484 
4.43844 2.53157 4.96439 
1.26818 2.40137 2.86262 
1.26818 2.53157 1.27619 
1.26818 4.00554 4.93875 
1.26818 1.42982 2.45109 
2.40137 2.53157 3.56176 
2.40137 4.81003 4.81561 
2.40137 1.42982 3.46382 
2.53157 1.42982 3.69921 
4.78879 4.81003 4.36699 
4.78879 4.00554 1.41299 
4.78879 1.42982 3.44422 
4.81003 4.00554 4.98808 
4.81003 1.42982 4.48095 
4.00554 1.42982 2.57856 
4.61862 2.52484 2.86262 
4.61862 4.96439 1.27619 
2.52484 4.96439 3.56176 
4.95548 1.25181 4.57567 
4.95548 4.90111 2.55187 
1.25181 4.90111 4.8756 
4.57567 2.55187 4.8756 
3.83246 2.55187 1.30076 
2.55813 3.93472 1.38537 
2.65628 4.39023 4.36699 
2.65628 1.38537 1.30765 
2.65628 3.91686 1.41299 
2.65628 4.12936 4.55736 
4.39023 1.38537 4.06712 
4.39023 3.91686 4.98808 
4.39023 4.12936 1.23396 
1.38537 3.91686 2.65948 
1.38537 4.12936 4.00137 
2.86262 1.27619 3.56176 
2.86262 2.45109 3.46382 
1.27619 2.45109 3.69921 
4.93875 2.45109 2.57856 
3.56176 3.46382 3.69921 
4.81561 3.46382 4.48095 
4.78648 2.4587 4.29397 
2.4587 1.30076 3.53935 
4.0632 1.30765 4.93966 
4.0632 1.41299 3.75261 
4.0632 3.17525 1.31798 
4.0632 4.95265 1.25274 
4.36699 1.30765 4.06712 
4.36699 1.41299 4.98808 
4.36699 4.55736 1.23396 
4.36699 3.44422 4.48095 
1.30765 1.41299 2.65948 
1.30765 3.17525 4.24238 
1.30765 4.55736 4.00137 
1.30765 3.44422 4.26499 
1.41299 3.17525 2.55781 
1.41299 4.95265 4.87291 
1.41299 3.44422 2.57856 
3.17525 4.95265 2.54998 
3.17525 3.44422 4.84861 
4.93966 3.75261 2.65948 
4.93966 1.31798 4.24238 
3.75261 1.31798 2.55781 
3.75261 1.25274 4.87291 
1.31798 1.25274 2.54998 
4.06712 4.98808 2.65948 
4.06712 1.23396 4.00137 
4.06712 4.48095 4.26499 
4.98808 4.48095 2.57856 
2.65948 4.24238 2.55781 
2.65948 4.26499 2.57856 
4.24238 4.26499 4.84861 
2.55781 4.87291 2.54998 
2.55781 2.57856 4.84861 
