1.36032 1.3949 1.93213 
1.36032 2.65389 1.38455 
1.36032 2.61324 2.59917 
1.36032 2.63463 1.92888 
1.3949 2.65389 2.64716 
1.3949 2.61324 1.31708 
1.3949 2.63463 1.9004 
2.65389 2.61324 2.61746 
2.65389 2.63463 1.40138 
2.61324 2.63463 1.34515 
4.37474 4.38485 2.56197 
4.37474 3.9231 3.30185 
4.37474 4.94784 1.2779 
4.37474 2.57686 3.37166 
4.37474 4.24529 1.25644 
4.37474 1.3534 3.78835 
4.72982 2.67964 2.62281 
4.72982 1.18135 3.73 
4.72982 3.78235 3.11515 
4.72982 3.61812 1.22255 
4.72982 4.80598 3.99919 
2.67964 1.18135 1.50248 
2.67964 3.78235 1.36573 
2.67964 1.3534 4.03282 
2.67964 3.61812 1.41305 
2.67964 4.80598 2.56608 
4.38485 3.9231 1.47277 
4.38485 4.94784 3.80419 
4.38485 2.57686 2.23795 
4.38485 4.24529 1.34512 
4.38485 1.3534 3.22693 
1.18135 2.57686 3.75739 
1.18135 3.78235 2.64646 
1.18135 1.3534 2.5326 
1.18135 3.61812 2.55328 
1.18135 4.80598 3.73995 
3.9231 4.94784 4.37789 
3.9231 2.57686 1.36261 
3.9231 4.24529 2.38416 
3.9231 1.3534 2.59919 
4.94784 2.57686 4.3486 
4.94784 4.24529 2.52761 
4.94784 1.3534 4.60258 
2.57686 4.24529 2.69815 
2.57686 1.3534 1.24041 
4.24529 1.3534 3.37091 
3.78235 3.61812 2.17307 
3.78235 4.80598 1.22956 
1.3534 3.61812 4.92047 
3.61812 4.80598 3.24992 
1.21959 2.59253 3.79335 
1.21959 3.68883 4.35813 
1.21959 1.28251 2.49957 
1.21959 4.62324 4.91037 
1.21959 4.85006 4.69238 
1.21959 4.55719 4.15968 
1.21959 2.49232 1.28016 
1.21959 3.71877 2.50003 
1.21959 4.33193 4.4419 
1.21959 3.61001 3.91395 
1.21959 3.84835 3.77871 
2.59253 3.68883 3.90476 
2.59253 1.28251 1.33245 
2.59253 4.62324 4.55001 
2.59253 4.3752 3.85718 
2.59253 3.8586 1.29377 
2.59253 4.33193 4.74937 
2.59253 3.61001 4.64197 
3.68883 1.28251 3.40569 
3.68883 4.3752 1.25712 
3.68883 4.55719 3.83511 
3.68883 3.8586 4.78069 
3.68883 3.61001 1.33864 
3.68883 3.84835 2.55832 
1.28251 4.62324 4.54473 
1.28251 4.3752 3.76923 
1.28251 2.49232 3.76737 
1.28251 3.71877 4.99777 
1.28251 3.8586 2.61301 
1.28251 4.33193 4.46955 
1.28251 3.61001 3.79025 
1.28251 3.84835 4.37991 
4.62324 4.85006 2.63253 
4.62324 4.33193 1.36062 
4.3752 3.8586 4.46524 
4.3752 3.61001 2.55872 
4.3752 3.84835 3.78224 
4.85006 2.49232 4.8846 
4.85006 4.33193 1.33861 
4.55719 2.49232 4.26487 
4.55719 3.71877 4.45713 
4.55719 3.61001 2.49848 
4.55719 3.84835 1.27795 
2.49232 3.71877 1.23786 
2.49232 4.33193 4.88008 
2.49232 3.61001 4.70571 
2.49232 3.84835 4.26217 
3.71877 3.84835 4.7831 
3.61001 3.84835 1.22454 
4.02521 2.52393 4.44689 
4.02521 4.85936 2.53574 
4.02521 1.23959 3.99086 
4.02521 4.21176 1.2779 
4.02521 1.31278 4.33391 
4.02521 4.32861 1.25644 
4.02521 2.55781 4.81568 
2.52393 3.84265 1.33245 
2.52393 4.97576 4.64429 
2.52393 1.23959 1.29377 
2.52393 1.31278 3.8173 
2.52393 4.32861 4.01572 
4.91291 4.97576 1.24807 
3.84265 4.97576 4.98546 
3.84265 1.23959 2.61301 
3.84265 4.32861 4.63298 
4.97576 1.23959 4.75558 
4.85936 3.87951 4.58011 
4.85936 4.21176 1.28545 
4.85936 1.31278 4.45334 
4.85936 4.32861 3.75661 
4.85936 2.55781 4.27512 
1.23959 4.21176 4.50743 
1.23959 1.31278 2.52411 
1.23959 4.32861 3.93621 
1.23959 2.55781 3.76219 
3.87951 4.21176 4.89103 
3.87951 1.31278 2.57346 
3.87951 2.55781 1.32388 
4.21176 1.31278 4.12347 
4.21176 4.32861 2.52761 
4.21176 2.55781 4.27655 
1.31278 4.32861 4.9614 
1.31278 2.55781 1.25184 
4.44689 4.57055 3.90476 
4.44689 3.46108 3.85718 
4.44689 2.56197 4.4097 
4.44689 3.99086 1.29377 
4.44689 4.33391 3.8173 
4.44689 1.25644 4.01572 
4.57055 3.46108 1.25712 
4.57055 2.56197 2.59315 
4.57055 3.99086 4.78069 
4.57055 3.30185 3.64755 
4.57055 3.37166 4.59695 
4.57055 1.25644 3.43011 
4.57055 4.44542 3.65807 
4.86026 3.71646 1.24299 
4.86026 2.53574 2.59463 
4.86026 1.2779 3.7632 
3.46108 2.56197 1.34287 
3.46108 3.99086 4.46524 
3.46108 3.30185 2.54364 
3.46108 1.2779 4.68703 
3.46108 3.37166 3.43404 
3.46108 1.25644 2.25554 
3.46108 3.78835 4.39029 
3.46108 4.44542 2.89934 
2.56197 2.53574 4.99188 
2.56197 3.99086 4.69538 
2.56197 3.30185 1.47277 
2.56197 1.2779 3.80419 
2.56197 3.37166 2.23795 
2.56197 1.25644 1.34512 
2.56197 3.78835 3.22693 
2.56197 4.44542 2.37177 
3.71646 2.53574 1.3531 
3.71646 1.2779 2.55554 
3.71646 1.25644 4.85744 
2.53574 1.2779 1.28545 
2.53574 4.33391 4.45334 
2.53574 1.25644 3.75661 
2.53574 4.81568 4.27512 
3.99086 1.2779 4.50743 
3.99086 4.33391 2.52411 
3.99086 1.25644 3.93621 
3.99086 4.81568 3.76219 
3.30185 1.2779 4.37789 
3.30185 3.37166 1.36261 
3.30185 1.25644 2.38416 
3.30185 3.78835 2.59919 
3.30185 4.44542 1.37833 
1.2779 4.33391 4.12347 
1.2779 3.37166 4.3486 
1.2779 1.25644 2.52761 
1.2779 4.81568 4.27655 
1.2779 3.78835 4.60258 
4.33391 1.25644 4.9614 
4.33391 4.81568 1.25184 
3.37166 1.25644 2.69815 
3.37166 3.78835 1.24041 
3.37166 4.44542 2.55593 
1.25644 3.78835 3.37091 
1.25644 4.44542 3.49151 
3.78835 4.44542 3.76325 
1.93213 1.38455 2.64716 
1.93213 2.59917 1.31708 
1.93213 1.92888 1.9004 
4.74041 4.3738 2.52773 
4.74041 4.49978 1.24807 
4.74041 4.99191 1.27372 
1.38455 4.3738 4.24106 
1.38455 2.59917 2.61746 
1.38455 4.49978 4.67633 
1.38455 1.92888 1.40138 
4.3738 4.49978 1.29069 
4.3738 4.99191 3.74972 
2.59917 1.92888 1.34515 
4.49978 4.99191 2.5006 
3.79335 4.35813 3.90476 
3.79335 2.49957 1.33245 
3.79335 4.91037 4.55001 
3.79335 4.4419 4.74937 
3.79335 3.91395 4.64197 
4.35813 2.49957 3.40569 
4.35813 4.15968 3.83511 
4.35813 3.91395 1.33864 
4.35813 3.77871 2.55832 
2.49957 4.91037 4.54473 
2.49957 1.28016 3.76737 
2.49957 2.50003 4.99777 
2.49957 4.4419 4.46955 
2.49957 3.91395 3.79025 
2.49957 3.77871 4.37991 
4.91037 4.69238 2.63253 
4.91037 4.4419 1.36062 
4.69238 1.28016 4.8846 
4.69238 4.4419 1.33861 
4.15968 1.28016 4.26487 
4.15968 2.50003 4.45713 
4.15968 4.74769 1.25551 
4.15968 3.91395 2.49848 
4.15968 3.77871 1.27795 
1.28016 2.50003 1.23786 
1.28016 4.74769 4.51144 
1.28016 4.4419 4.88008 
1.28016 3.80229 2.53307 
1.28016 3.91395 4.70571 
1.28016 3.77871 4.26217 
2.50003 4.74769 4.35085 
2.50003 3.80229 1.3058 
2.50003 3.77871 4.7831 
4.74769 3.80229 4.69918 
4.74769 3.91395 3.72824 
4.74769 3.77871 2.51652 
3.91395 3.77871 1.22454 
2.64716 1.31708 2.61746 
2.64716 1.9004 1.40138 
1.31708 4.79397 3.69528 
1.31708 1.9004 1.34515 
1.31708 4.71583 4.22426 
1.31708 4.82776 4.6476 
1.31708 4.4829 3.64156 
4.79397 1.9004 4.39301 
4.79397 4.71583 2.59164 
4.79397 4.82776 3.77211 
4.79397 4.4829 1.22823 
1.9004 4.4829 4.53853 
4.71583 4.82776 1.36261 
4.71583 4.4829 1.37833 
4.82776 4.4829 2.55593 
3.90476 1.33245 3.40569 
3.90476 3.85718 1.25712 
3.90476 4.4097 2.59315 
3.90476 1.29377 4.78069 
3.90476 4.01572 3.43011 
3.90476 4.64197 1.33864 
1.33245 4.55001 4.54473 
1.33245 3.85718 3.76923 
1.33245 4.64429 4.98546 
1.33245 4.4097 4.66176 
1.33245 1.29377 2.61301 
1.33245 4.74937 4.46955 
1.33245 4.01572 4.63298 
1.33245 4.64197 3.79025 
4.55001 4.64429 1.29069 
4.55001 4.74937 1.36062 
3.85718 4.4097 1.34287 
3.85718 1.29377 4.46524 
3.85718 4.01572 2.25554 
3.85718 4.64197 2.55872 
4.64429 1.29377 4.75558 
4.64429 4.74937 2.55029 
4.4097 1.29377 4.69538 
4.4097 4.01572 1.34512 
4.4097 4.64197 3.86152 
1.29377 3.8173 2.52411 
1.29377 4.01572 3.93621 
3.8173 4.01572 4.9614 
4.01572 4.64197 4.7677 
4.07129 2.46572 3.69528 
4.07129 4.27593 1.34515 
4.07129 4.9979 4.22426 
4.07129 1.50388 4.27243 
4.07129 1.21398 4.27418 
4.07129 3.62929 3.64156 
2.46572 4.27593 4.39301 
2.46572 4.9979 2.59164 
2.46572 4.51702 4.89696 
2.46572 2.49989 2.53622 
2.46572 2.57002 4.91073 
2.46572 3.34278 3.78374 
2.46572 1.50388 1.37605 
2.46572 1.21398 3.54546 
2.46572 3.62929 1.22823 
4.27593 2.57002 4.88196 
4.27593 1.50388 4.64138 
4.27593 1.21398 4.34811 
4.27593 3.62929 4.53853 
4.9979 2.49989 4.69073 
4.9979 1.50388 3.90828 
4.9979 3.62929 1.37833 
4.51702 2.49989 2.46457 
4.51702 3.34278 1.31175 
4.51702 1.50388 3.86403 
2.49989 2.57002 4.81931 
2.49989 3.34278 1.25497 
2.49989 1.50388 1.46168 
2.49989 1.21398 3.61445 
2.49989 3.62929 3.55325 
2.57002 1.50388 4.07138 
2.57002 1.21398 1.37924 
2.57002 3.89316 1.33065 
3.34278 1.50388 2.6536 
3.34278 1.21398 4.267 
3.34278 3.62929 4.76322 
1.50388 1.21398 2.71611 
1.50388 3.62929 2.58221 
1.21398 3.89316 2.70741 
1.21398 3.62929 4.62752 
2.52773 1.24807 1.29069 
2.52773 2.50338 4.8554 
2.52773 1.27372 3.74972 
2.52773 3.78508 1.36062 
1.24807 2.50338 3.67143 
1.24807 3.71497 4.80476 
1.24807 1.27372 2.5006 
1.24807 3.78508 2.55029 
4.87451 2.50338 2.48039 
4.87451 3.71497 1.25426 
4.87451 1.27372 3.72671 
4.87451 4.88549 4.61799 
4.87451 4.75622 4.5595 
2.50338 3.71497 1.3002 
2.50338 1.27372 1.27096 
2.50338 4.88549 3.79725 
2.50338 4.75622 3.83979 
3.71497 1.27372 2.54248 
3.71497 4.88549 4.28573 
3.71497 4.75622 4.31517 
1.27372 4.88549 4.07318 
1.27372 4.75622 4.07536 
4.88549 4.75622 1.26854 
4.24106 4.67633 1.29069 
4.24106 4.74468 1.36062 
2.61746 1.40138 1.34515 
4.67633 4.74468 2.55029 
3.40569 1.25712 3.76923 
3.40569 2.59315 4.66176 
3.40569 4.78069 2.61301 
3.40569 3.43011 4.63298 
3.40569 1.33864 3.79025 
3.40569 2.55832 4.37991 
1.25712 2.59315 1.34287 
1.25712 3.87043 3.4726 
1.25712 4.78069 4.46524 
1.25712 3.64755 2.54364 
1.25712 4.59695 3.43404 
1.25712 3.43011 2.25554 
1.25712 4.08063 4.33224 
1.25712 1.33864 2.55872 
1.25712 4.34278 4.28383 
1.25712 2.55832 3.78224 
1.25712 3.65807 2.89934 
2.59315 3.87043 3.33387 
2.59315 4.78069 4.69538 
2.59315 3.64755 1.47277 
2.59315 4.59695 2.23795 
2.59315 3.43011 1.34512 
2.59315 4.08063 4.80098 
2.59315 1.33864 3.86152 
2.59315 4.34278 4.43454 
2.59315 3.65807 2.37177 
3.87043 3.64755 2.59164 
3.87043 4.59695 3.77211 
3.87043 3.43011 4.48804 
3.87043 4.08063 2.53622 
3.87043 1.33864 4.36155 
3.87043 4.73719 3.78374 
3.87043 4.34278 1.37605 
3.87043 3.65807 1.22823 
3.83511 1.33864 2.49848 
3.83511 2.55832 1.27795 
4.78069 3.43011 3.93621 
3.64755 4.59695 1.36261 
3.64755 3.43011 2.38416 
3.64755 4.08063 4.69073 
3.64755 1.33864 4.73209 
3.64755 4.34278 3.90828 
3.64755 3.65807 1.37833 
4.59695 3.43011 2.69815 
4.59695 3.65807 2.55593 
3.43011 1.33864 4.7677 
3.43011 3.65807 3.49151 
4.08063 1.33864 4.03732 
4.08063 4.73719 1.25497 
4.08063 4.34278 1.46168 
4.08063 2.55832 4.45082 
4.08063 3.65807 3.55325 
1.33864 4.73719 4.50249 
1.33864 4.34278 4.50629 
1.33864 2.55832 1.22454 
1.33864 3.65807 4.46251 
4.73719 4.34278 2.6536 
4.73719 2.55832 4.68632 
4.73719 3.65807 4.76322 
4.34278 3.65807 2.58221 
4.54473 4.98546 1.29069 
4.54473 4.46955 1.36062 
3.76923 4.66176 1.34287 
3.76923 2.61301 4.46524 
3.76923 4.63298 2.25554 
3.76923 3.79025 2.55872 
3.76923 4.37991 3.78224 
4.98546 2.61301 4.75558 
4.98546 4.46955 2.55029 
4.66176 2.61301 4.69538 
4.66176 4.63298 1.34512 
4.66176 3.79025 3.86152 
3.76737 4.99777 1.23786 
3.76737 4.46955 4.88008 
3.76737 3.79025 4.70571 
3.76737 4.37991 4.26217 
4.99777 4.37991 4.7831 
2.61301 4.63298 3.93621 
4.63298 3.79025 4.7677 
3.79025 4.37991 1.22454 
1.29069 4.8554 3.67143 
1.29069 2.63253 3.81581 
1.29069 3.74972 2.5006 
1.29069 1.36062 2.55029 
1.29069 3.82114 4.97097 
4.8554 3.74972 1.27096 
2.63253 4.90265 2.36727 
2.63253 1.36062 1.33861 
2.63253 3.82114 1.21249 
4.90265 1.36062 3.65076 
4.90265 3.82114 1.21308 
1.36062 3.82114 2.54484 
3.90402 1.33433 2.57359 
3.90402 2.62058 1.3379 
3.90402 4.96379 1.22255 
1.33433 1.24299 2.52281 
1.33433 2.62058 1.30154 
1.33433 2.59463 3.85366 
1.33433 3.7632 4.94295 
1.33433 4.40243 4.47805 
1.33433 4.96379 3.66162 
1.33433 4.04319 4.27173 
1.24299 2.62058 3.82311 
1.24299 2.59463 1.3531 
1.24299 3.7632 2.55554 
1.24299 4.71849 4.95756 
1.24299 4.04319 4.48602 
2.62058 4.40243 4.75473 
2.62058 4.96379 2.51338 
2.62058 4.04319 4.75802 
2.59463 3.7632 1.28545 
4.40243 4.71849 2.46457 
4.40243 4.04319 1.31175 
4.71849 4.04319 1.25497 
1.34287 3.4726 3.33387 
1.34287 4.46524 4.69538 
1.34287 2.54364 1.47277 
1.34287 4.68703 3.80419 
1.34287 3.43404 2.23795 
1.34287 2.25554 1.34512 
1.34287 4.39029 3.22693 
1.34287 4.33224 4.80098 
1.34287 2.55872 3.86152 
1.34287 4.28383 4.43454 
1.34287 2.89934 2.37177 
3.4726 2.54364 2.59164 
3.4726 3.43404 3.77211 
3.4726 2.25554 4.48804 
3.4726 4.39029 4.95988 
3.4726 4.33224 2.53622 
3.4726 2.55872 4.36155 
3.4726 4.28383 1.37605 
3.4726 2.89934 1.22823 
4.46524 4.68703 4.50743 
4.46524 2.25554 3.93621 
2.54364 4.68703 4.37789 
2.54364 3.43404 1.36261 
2.54364 2.25554 2.38416 
2.54364 4.39029 2.59919 
2.54364 4.33224 4.69073 
2.54364 2.55872 4.73209 
2.54364 4.28383 3.90828 
2.54364 2.89934 1.37833 
4.68703 3.43404 4.3486 
4.68703 2.25554 2.52761 
4.68703 4.39029 4.60258 
3.43404 2.25554 2.69815 
3.43404 4.39029 1.24041 
3.43404 2.89934 2.55593 
2.25554 4.39029 3.37091 
2.25554 2.55872 4.7677 
2.25554 2.89934 3.49151 
4.39029 2.89934 3.76325 
4.33224 2.55872 4.03732 
4.33224 4.28383 1.46168 
4.33224 3.78224 4.45082 
4.33224 2.89934 3.55325 
2.55872 4.28383 4.50629 
2.55872 3.78224 1.22454 
2.55872 2.89934 4.46251 
4.28383 2.89934 2.58221 
3.69528 1.34515 4.39301 
3.69528 4.22426 2.59164 
3.69528 4.6476 3.77211 
3.69528 4.27243 1.37605 
3.69528 4.27418 3.54546 
3.69528 3.64156 1.22823 
1.34515 4.27243 4.64138 
1.34515 4.27418 4.34811 
1.34515 3.64156 4.53853 
4.22426 4.6476 1.36261 
4.22426 4.27243 3.90828 
4.22426 3.64156 1.37833 
4.6476 3.64156 2.55593 
4.27243 4.27418 2.71611 
4.27243 3.64156 2.58221 
4.27418 3.64156 4.62752 
2.62281 3.73 1.50248 
2.62281 2.57359 4.98512 
2.62281 1.3379 3.90273 
2.62281 3.11515 1.36573 
2.62281 1.22255 1.41305 
2.62281 3.99919 2.56608 
3.73 1.3379 4.9146 
3.73 3.11515 2.64646 
3.73 1.22255 2.55328 
3.73 3.99919 3.73995 
2.57359 1.3379 1.30154 
2.57359 1.22255 3.66162 
1.3379 3.11515 4.3378 
1.3379 1.22255 2.51338 
3.11515 1.22255 2.17307 
3.11515 3.99919 1.22956 
1.22255 3.99919 3.24992 
1.50248 3.90273 4.9146 
1.50248 3.78515 4.90156 
1.50248 1.36573 2.64646 
1.50248 4.03282 2.5326 
1.50248 1.41305 2.55328 
1.50248 2.56608 3.73995 
4.98512 3.90273 1.30154 
4.98512 1.41305 3.66162 
3.90273 1.36573 4.3378 
3.90273 1.41305 2.51338 
3.78515 4.93808 1.32716 
3.78515 1.36573 2.48612 
3.78515 1.41305 4.39236 
3.78515 2.56608 1.26854 
4.93808 1.36573 3.72039 
4.93808 2.56608 2.55141 
1.36573 1.41305 2.17307 
1.36573 2.56608 1.22956 
4.03282 1.41305 4.92047 
1.41305 2.56608 3.24992 
3.67143 4.80476 1.3002 
3.67143 2.5006 1.27096 
4.80476 2.5006 2.54248 
3.81581 2.55029 1.33861 
3.81581 4.97097 1.21249 
2.55029 4.97097 2.54484 
2.48039 1.25426 1.3002 
2.48039 3.72671 1.27096 
2.48039 4.61799 3.79725 
2.48039 4.98176 4.45478 
2.48039 4.5595 3.83979 
2.48039 1.29696 3.68411 
1.25426 3.72671 2.54248 
1.25426 4.61799 4.28573 
1.25426 4.98176 4.86292 
1.25426 4.5595 4.31517 
1.25426 2.60916 3.83857 
1.25426 1.29696 2.51308 
3.72671 4.61799 4.07318 
3.72671 4.98176 4.64627 
3.72671 4.5595 4.07536 
3.72671 1.29696 4.93608 
4.61799 4.98176 2.48612 
4.61799 4.5595 1.26854 
4.61799 1.29696 4.97216 
4.98176 4.5595 1.22956 
4.5595 1.29696 4.92343 
2.60916 3.97071 1.37924 
2.60916 1.29696 1.33065 
3.97071 1.29696 2.70741 
3.33387 1.47277 2.59164 
3.33387 2.23795 3.77211 
3.33387 1.34512 4.48804 
3.33387 3.22693 4.95988 
3.33387 4.80098 2.53622 
3.33387 3.86152 4.36155 
3.33387 4.43454 1.37605 
3.33387 2.37177 1.22823 
4.99188 3.80419 1.28545 
4.99188 1.34512 3.75661 
4.69538 3.80419 4.50743 
4.69538 1.34512 3.93621 
1.47277 3.80419 4.37789 
1.47277 2.23795 1.36261 
1.47277 1.34512 2.38416 
1.47277 3.22693 2.59919 
1.47277 4.80098 4.69073 
1.47277 3.86152 4.73209 
1.47277 4.43454 3.90828 
1.47277 2.37177 1.37833 
3.80419 2.23795 4.3486 
3.80419 1.34512 2.52761 
3.80419 3.22693 4.60258 
2.23795 1.34512 2.69815 
2.23795 3.22693 1.24041 
2.23795 2.37177 2.55593 
1.34512 3.22693 3.37091 
1.34512 3.86152 4.7677 
1.34512 2.37177 3.49151 
3.22693 2.37177 3.76325 
4.80098 3.86152 4.03732 
4.80098 4.43454 1.46168 
4.80098 2.37177 3.55325 
3.86152 4.43454 4.50629 
3.86152 2.37177 4.46251 
4.43454 2.37177 2.58221 
4.9146 2.64646 4.3378 
4.9146 2.55328 2.51338 
4.90156 2.64646 2.48612 
4.90156 2.55328 4.39236 
4.90156 3.73995 1.26854 
3.75739 2.5326 1.24041 
2.64646 2.55328 2.17307 
2.64646 3.73995 1.22956 
2.5326 2.55328 4.92047 
2.55328 3.73995 3.24992 
1.3002 1.27096 2.54248 
1.3002 3.79725 4.28573 
1.3002 4.45478 4.86292 
1.3002 3.83979 4.31517 
1.3002 3.68411 2.51308 
1.27096 3.79725 4.07318 
1.27096 4.58749 4.85797 
1.27096 4.45478 4.64627 
1.27096 3.83979 4.07536 
1.27096 3.68411 4.93608 
3.79725 4.58749 1.32716 
3.79725 4.45478 2.48612 
3.79725 3.83979 1.26854 
3.79725 3.68411 4.97216 
4.58749 4.45478 3.72039 
4.58749 3.83979 2.55141 
4.45478 3.83979 1.22956 
3.83979 3.68411 4.92343 
2.52281 1.30154 3.82311 
2.52281 3.85366 1.3531 
2.52281 4.94295 2.55554 
2.52281 4.27173 4.48602 
1.30154 4.47805 4.75473 
1.30154 3.66162 2.51338 
1.30154 4.27173 4.75802 
3.85366 4.94295 1.28545 
4.47805 4.27173 1.31175 
3.82311 4.48602 4.75802 
1.3531 2.55554 1.28545 
1.3531 4.85744 3.75661 
2.55554 4.85744 2.52761 
4.95756 4.48602 1.25497 
2.54248 4.28573 4.07318 
2.54248 4.86292 4.64627 
2.54248 4.31517 4.07536 
2.54248 2.51308 4.93608 
4.28573 4.86292 2.48612 
4.28573 4.31517 1.26854 
4.28573 2.51308 4.97216 
4.86292 4.31517 1.22956 
4.31517 2.51308 4.92343 
3.83857 2.51308 1.33065 
4.8846 1.33861 4.88008 
2.36727 1.33861 3.65076 
2.36727 1.21249 1.21308 
2.36727 3.75446 1.39467 
2.36727 4.93892 2.63072 
1.33861 1.21249 2.54484 
1.21249 3.75446 2.58796 
1.21249 4.93892 3.82564 
3.75446 4.93892 1.31175 
4.75473 4.75802 1.31175 
4.3378 2.51338 2.17307 
4.39301 4.91073 4.88196 
4.39301 1.37605 4.64138 
4.39301 3.54546 4.34811 
4.39301 1.22823 4.53853 
2.59164 3.77211 1.36261 
2.59164 4.48804 2.38416 
2.59164 4.95988 2.59919 
2.59164 2.53622 4.69073 
2.59164 4.36155 4.73209 
2.59164 1.37605 3.90828 
2.59164 1.22823 1.37833 
4.89696 2.53622 2.46457 
4.89696 3.78374 1.31175 
4.89696 1.37605 3.86403 
3.77211 4.48804 2.69815 
3.77211 4.95988 1.24041 
3.77211 1.22823 2.55593 
4.48804 4.95988 3.37091 
4.48804 4.36155 4.7677 
4.48804 1.22823 3.49151 
4.95988 1.22823 3.76325 
2.53622 4.91073 4.81931 
2.53622 4.36155 4.03732 
2.53622 3.78374 1.25497 
2.53622 1.37605 1.46168 
2.53622 3.54546 3.61445 
2.53622 1.22823 3.55325 
4.91073 1.37605 4.07138 
4.91073 3.54546 1.37924 
4.36155 3.78374 4.50249 
4.36155 1.37605 4.50629 
4.36155 1.22823 4.46251 
3.78374 1.37605 2.6536 
3.78374 3.54546 4.267 
3.78374 1.22823 4.76322 
1.37605 3.54546 2.71611 
1.37605 1.22823 2.58221 
3.54546 1.22823 4.62752 
4.07318 4.85797 1.32716 
4.07318 4.64627 2.48612 
4.07318 4.07536 1.26854 
4.07318 4.93608 4.97216 
4.85797 4.64627 3.72039 
4.85797 4.07536 2.55141 
4.64627 4.07536 1.22956 
4.07536 4.93608 4.92343 
4.26487 4.45713 1.23786 
4.26487 1.25551 4.51144 
4.26487 2.49848 4.70571 
4.26487 1.27795 4.26217 
4.45713 1.25551 4.35085 
4.45713 2.56627 4.80155 
4.45713 1.27795 4.7831 
4.99028 1.25551 4.58011 
4.99028 3.81621 4.45334 
4.99028 2.56627 4.27512 
1.25551 3.81621 2.57346 
1.25551 2.56627 1.32388 
1.25551 2.49848 3.72824 
1.25551 1.27795 2.51652 
3.81621 2.56627 1.25184 
2.56627 1.27795 3.81121 
2.49848 1.27795 1.22454 
3.84783 1.23786 2.62464 
3.84783 2.53307 1.32716 
1.23786 4.51144 4.35085 
1.23786 2.53307 1.3058 
1.23786 4.26217 4.7831 
4.51144 2.53307 4.69918 
4.51144 4.70571 3.72824 
4.51144 4.26217 2.51652 
4.70571 4.26217 1.22454 
2.62464 1.32716 1.3058 
2.62464 1.26854 3.85082 
1.32716 2.48612 3.72039 
1.32716 1.26854 2.55141 
2.48612 4.39236 2.17307 
2.48612 1.26854 1.22956 
4.39236 1.26854 3.24992 
1.26854 4.97216 4.92343 
4.35085 1.3058 4.69918 
4.35085 4.80155 1.32388 
4.35085 4.7831 2.51652 
1.3058 4.80155 4.80116 
1.3058 3.85082 2.55141 
4.80155 4.7831 3.81121 
4.88196 4.64138 4.07138 
4.88196 4.34811 1.37924 
4.64138 4.34811 2.71611 
4.64138 4.53853 2.58221 
4.34811 4.53853 4.62752 
4.58011 1.28545 4.89103 
4.58011 4.45334 2.57346 
4.58011 4.27512 1.32388 
1.28545 4.45334 4.12347 
1.28545 3.75661 2.52761 
1.28545 4.27512 4.27655 
4.45334 3.75661 4.9614 
4.45334 4.27512 1.25184 
4.50743 2.52411 4.12347 
4.50743 3.93621 2.52761 
4.50743 3.76219 4.27655 
2.52411 3.93621 4.9614 
2.52411 3.76219 1.25184 
4.89103 2.57346 4.12347 
4.89103 1.32388 4.27655 
2.57346 1.32388 1.25184 
4.69918 1.32388 4.80116 
1.32388 2.51652 3.81121 
3.72824 2.51652 1.22454 
3.65076 1.21308 2.54484 
1.21308 1.39467 2.58796 
1.21308 3.61205 4.75636 
1.21308 2.63072 3.82564 
1.39467 3.61205 2.46457 
1.39467 2.63072 1.31175 
1.39467 4.94932 3.86403 
3.61205 2.63072 1.25497 
3.61205 4.94932 1.46168 
2.63072 4.94932 2.6536 
4.37789 1.36261 4.3486 
4.37789 2.38416 2.52761 
4.37789 2.59919 4.60258 
1.36261 2.38416 2.69815 
1.36261 2.59919 1.24041 
1.36261 1.37833 2.55593 
2.38416 2.59919 3.37091 
2.38416 4.73209 4.7677 
2.38416 1.37833 3.49151 
2.59919 1.37833 3.76325 
4.69073 4.73209 4.03732 
4.69073 3.90828 1.46168 
4.69073 1.37833 3.55325 
4.73209 3.90828 4.50629 
4.73209 1.37833 4.46251 
3.90828 1.37833 2.58221 
4.12347 2.52761 4.9614 
4.12347 4.27655 1.25184 
4.3486 2.52761 2.69815 
4.3486 4.60258 1.24041 
2.52761 4.60258 3.37091 
3.72039 2.55141 1.22956 
2.58796 4.75636 2.46457 
2.58796 3.82564 1.31175 
4.75636 3.82564 1.25497 
2.46457 1.31175 1.25497 
2.46457 3.86403 1.46168 
1.31175 3.86403 2.6536 
2.69815 1.24041 3.37091 
2.69815 2.55593 3.49151 
1.24041 2.55593 3.76325 
3.37091 3.49151 3.76325 
4.7677 3.49151 4.46251 
2.17307 1.22956 3.24992 
4.81931 1.46168 4.07138 
4.81931 3.61445 1.37924 
4.03732 1.25497 4.50249 
4.03732 1.46168 4.50629 
4.03732 4.45082 1.22454 
4.03732 3.55325 4.46251 
1.25497 1.46168 2.6536 
1.25497 3.61445 4.267 
1.25497 4.45082 4.68632 
1.25497 3.55325 4.76322 
1.46168 3.61445 2.71611 
1.46168 3.55325 2.58221 
3.61445 3.55325 4.62752 
4.07138 1.37924 2.71611 
1.37924 1.33065 2.70741 
4.50249 4.50629 2.6536 
4.50249 1.22454 4.68632 
4.50249 4.46251 4.76322 
4.50629 4.46251 2.58221 
2.6536 4.267 2.71611 
2.6536 4.76322 2.58221 
4.267 4.76322 4.62752 
2.71611 2.58221 4.62752 
