1.31748 1.36149 1.93536 
1.31748 2.60369 1.39388 
1.31748 2.61236 2.63247 
1.31748 2.531 1.89068 
1.36149 2.60369 2.6265 
1.36149 2.61236 1.35903 
1.36149 2.531 1.86308 
2.60369 2.61236 2.59413 
2.60369 2.531 1.34626 
2.61236 2.531 1.32892 
4.31237 2.68071 2.56396 
4.31237 1.20869 3.62743 
4.31237 3.65188 3.57248 
4.31237 3.33467 1.22638 
4.31237 4.79297 4.58488 
2.68071 1.20869 1.55166 
2.68071 3.65188 1.40889 
2.68071 1.37025 4.03974 
2.68071 3.33467 1.3748 
2.68071 4.79297 2.67922 
4.48066 3.84775 1.47445 
4.48066 2.54266 2.47672 
4.48066 4.54774 1.38079 
4.48066 1.37025 3.51311 
4.48066 4.87945 2.3536 
1.20869 3.84775 4.94662 
1.20869 2.54266 3.71107 
1.20869 3.65188 2.46641 
1.20869 1.37025 2.52017 
1.20869 3.33467 2.48766 
1.20869 4.79297 3.6433 
3.84775 2.54266 1.42946 
3.84775 4.54774 2.52054 
3.84775 1.37025 2.60388 
3.84775 4.87945 1.29254 
2.54266 4.54774 3.20581 
2.54266 1.37025 1.26396 
2.54266 4.87945 2.41866 
4.54774 1.37025 3.88791 
4.54774 4.87945 3.47055 
3.65188 1.37025 4.9189 
3.65188 3.33467 2.52708 
3.65188 4.79297 1.27743 
1.37025 3.33467 4.65783 
1.37025 4.87945 3.53991 
3.33467 4.79297 3.6756 
1.24295 2.59854 3.82445 
1.24295 4.46708 4.58858 
1.24295 1.36316 2.5843 
1.24295 2.56048 1.32194 
1.24295 3.78067 2.54978 
1.24295 4.69776 4.58422 
2.59854 1.36316 1.24018 
2.59854 4.66086 4.87092 
2.59854 3.85668 1.27693 
4.46708 1.36316 4.63038 
4.46708 4.66086 1.22943 
4.46708 4.69776 1.28693 
1.36316 4.66086 4.59229 
1.36316 2.56048 3.89766 
1.36316 3.85668 2.49732 
4.66086 4.69776 2.50304 
2.56048 3.78067 1.26676 
2.56048 4.69776 4.9694 
4.10146 2.43313 4.42085 
4.10146 4.57718 2.5237 
4.10146 1.22279 4.34357 
4.10146 3.97268 1.33103 
4.10146 1.34858 4.60971 
4.10146 4.81004 1.26917 
2.43313 3.67134 1.24018 
2.43313 1.22279 1.27693 
2.43313 3.97268 4.95205 
2.43313 1.34858 3.77058 
2.43313 4.81004 4.49919 
3.67134 1.22279 2.49732 
3.67134 4.81004 4.8196 
4.57718 3.91548 4.85875 
4.57718 3.97268 1.23918 
4.57718 1.34858 4.45652 
4.57718 4.81004 3.72822 
4.57718 2.6301 4.49124 
1.22279 3.97268 4.53649 
1.22279 1.34858 2.54325 
1.22279 4.81004 4.76721 
1.22279 2.6301 3.82968 
3.91548 1.34858 2.58333 
3.91548 2.6301 1.32616 
3.97268 1.34858 4.13052 
3.97268 4.81004 2.58518 
3.97268 2.6301 4.4822 
1.34858 2.6301 1.29856 
4.42085 3.44767 4.87092 
4.42085 4.34357 1.27693 
4.42085 1.33103 4.95205 
4.42085 4.60971 3.77058 
4.42085 1.26917 4.49919 
4.43254 3.44767 1.22943 
4.43254 2.62458 2.60911 
4.43254 3.67203 3.41544 
4.43254 4.27574 4.61546 
4.43254 1.26917 3.51775 
4.43254 4.53651 3.35592 
4.91589 3.82661 1.1956 
4.91589 2.5237 2.49176 
4.91589 1.33103 3.71154 
3.44767 2.62458 1.38188 
3.44767 3.67203 2.36829 
3.44767 1.33103 4.64936 
3.44767 4.27574 3.53961 
3.44767 1.26917 2.38922 
3.44767 4.74246 4.70684 
3.44767 4.53651 2.66321 
2.62458 2.5237 4.98126 
2.62458 3.67203 1.47445 
2.62458 1.33103 3.90847 
2.62458 4.27574 2.47672 
2.62458 1.26917 1.38079 
2.62458 4.74246 3.51311 
2.62458 4.53651 2.3536 
3.82661 2.5237 1.33551 
3.82661 1.33103 2.57278 
3.82661 1.26917 4.98509 
2.5237 1.33103 1.23918 
2.5237 4.60971 4.45652 
2.5237 1.26917 3.72822 
4.34357 1.33103 4.53649 
4.34357 4.60971 2.54325 
4.34357 1.26917 4.76721 
3.67203 1.33103 4.85157 
3.67203 4.27574 1.42946 
3.67203 1.26917 2.52054 
3.67203 4.74246 2.60388 
3.67203 4.53651 1.29254 
1.33103 4.60971 4.13052 
1.33103 1.26917 2.58518 
4.27574 1.26917 3.20581 
4.27574 4.74246 1.26396 
4.27574 4.53651 2.41866 
1.26917 4.74246 3.88791 
1.26917 4.53651 3.47055 
4.74246 4.53651 3.53991 
1.93536 1.39388 2.6265 
1.93536 2.63247 1.35903 
1.93536 1.89068 1.86308 
1.39388 2.63247 2.59413 
1.39388 1.89068 1.34626 
2.63247 1.89068 1.32892 
3.82445 2.5843 1.24018 
4.58858 2.5843 4.63038 
4.58858 4.58422 1.28693 
4.58858 4.851 2.51825 
2.5843 1.32194 3.89766 
1.32194 2.54978 1.26676 
1.32194 3.81487 2.56526 
1.32194 4.58422 4.9694 
1.32194 4.851 4.95966 
2.54978 3.81487 1.32586 
4.58422 4.851 1.24442 
2.6265 1.35903 2.59413 
2.6265 1.86308 1.34626 
1.35903 1.86308 1.32892 
1.24018 4.87092 4.59229 
1.24018 1.27693 2.49732 
1.24018 4.49919 4.8196 
4.87092 4.95205 4.64936 
4.87092 4.49919 2.38922 
1.27693 4.95205 4.53649 
1.27693 3.77058 2.54325 
1.27693 4.49919 4.76721 
4.95205 3.77058 4.13052 
4.95205 4.49919 2.58518 
2.40609 4.93141 2.57093 
2.40609 4.54738 4.24264 
2.40609 2.3988 2.36521 
2.40609 2.54497 4.88223 
2.40609 3.34925 3.20572 
2.40609 1.355 1.29045 
2.40609 1.20541 3.52915 
2.40609 3.67054 1.28303 
4.93141 2.3988 4.55837 
4.93141 1.355 3.84869 
4.93141 3.67054 1.29254 
4.54738 2.3988 2.57378 
4.54738 3.34925 1.28811 
4.54738 1.355 3.77287 
4.54738 3.67054 4.80255 
2.3988 2.54497 4.49369 
2.3988 3.34925 1.29696 
2.3988 1.355 1.50942 
2.3988 1.20541 3.26769 
2.3988 3.67054 3.35561 
2.54497 1.355 3.8569 
2.54497 1.20541 1.36651 
2.54497 3.7551 1.23057 
3.34925 1.355 2.55792 
3.34925 1.20541 3.97925 
3.34925 3.67054 3.98363 
1.355 1.20541 2.49686 
1.355 3.67054 2.55636 
1.20541 3.7551 2.59219 
1.20541 3.67054 4.76501 
3.8875 2.57699 4.05177 
3.8875 1.29332 3.83053 
3.8875 2.5894 4.20237 
3.8875 3.85787 4.81385 
3.8875 1.34549 4.03377 
3.8875 4.46009 1.34626 
2.57699 4.8963 4.5835 
2.57699 1.29332 1.29243 
2.57699 2.5894 4.792 
2.57699 4.97704 2.40982 
2.57699 1.34549 3.79828 
2.57699 4.46009 4.60763 
2.57699 3.76729 1.27035 
4.8963 1.29332 4.47138 
1.29332 2.5894 3.62323 
1.29332 3.85787 4.83166 
1.29332 4.97704 3.68966 
1.29332 1.34549 2.5395 
1.29332 4.46009 4.44121 
1.29332 3.76729 2.49457 
2.5894 3.85787 1.27481 
2.5894 1.34549 1.31799 
3.85787 1.34549 2.58828 
4.97704 3.76729 1.26161 
1.34549 4.46009 4.70329 
4.05177 3.83053 1.29243 
4.05177 4.20237 4.792 
4.05177 4.03377 3.79828 
4.05177 1.34626 4.60763 
2.59413 1.34626 1.32892 
3.83053 4.20237 3.62323 
3.83053 4.81385 4.83166 
3.83053 4.03377 2.5395 
3.83053 1.34626 4.44121 
4.20237 4.81385 1.27481 
4.20237 4.03377 1.31799 
4.81385 4.03377 2.58828 
4.03377 1.34626 4.70329 
4.63038 1.22943 4.59229 
4.63038 3.51775 4.8196 
1.22943 2.60911 1.38188 
1.22943 3.89577 3.54602 
1.22943 3.41544 2.36829 
1.22943 4.41624 4.85978 
1.22943 4.61546 3.53961 
1.22943 3.51775 2.38922 
1.22943 4.0623 4.37847 
1.22943 1.28693 2.50304 
1.22943 4.15669 4.54117 
1.22943 4.5193 4.46396 
1.22943 2.51825 3.74246 
1.22943 3.35592 2.66321 
2.60911 3.89577 3.53966 
2.60911 3.41544 1.47445 
2.60911 4.61546 2.47672 
2.60911 3.51775 1.38079 
2.60911 4.0623 4.98621 
2.60911 1.28693 3.87404 
2.60911 4.5193 4.6928 
2.60911 3.35592 2.3536 
3.89577 3.41544 2.57093 
3.89577 4.41624 4.24264 
3.89577 4.61546 3.54894 
3.89577 3.51775 4.61989 
3.89577 4.0623 2.36521 
3.89577 1.28693 4.59179 
3.89577 4.15669 3.20572 
3.89577 4.5193 1.29045 
3.89577 3.35592 1.28303 
3.77687 1.28693 2.53881 
3.77687 2.51825 1.32236 
4.79306 4.41624 1.15629 
4.79306 4.0623 3.6756 
4.79306 1.28693 4.48524 
4.79306 4.15669 2.40574 
4.79306 4.5193 4.75473 
4.79306 2.51825 4.69857 
3.41544 4.61546 1.42946 
3.41544 3.51775 2.52054 
3.41544 4.0623 4.55837 
3.41544 1.28693 4.61792 
3.41544 4.5193 3.84869 
3.41544 3.35592 1.29254 
4.41624 4.0623 2.57378 
4.41624 1.28693 4.10458 
4.41624 4.15669 1.28811 
4.41624 4.5193 3.77287 
4.41624 2.51825 4.29448 
4.41624 3.35592 4.80255 
4.61546 3.51775 3.20581 
4.61546 4.5193 4.82215 
4.61546 3.35592 2.41866 
3.51775 1.28693 4.68246 
3.51775 3.35592 3.47055 
4.0623 1.28693 4.06619 
4.0623 4.15669 1.29696 
4.0623 4.5193 1.50942 
4.0623 2.51825 4.41687 
4.0623 3.35592 3.35561 
1.28693 4.15669 3.9981 
1.28693 4.5193 4.90137 
1.28693 2.51825 1.24442 
1.28693 3.35592 4.34456 
4.15669 4.5193 2.55792 
4.15669 2.51825 4.27813 
4.15669 3.35592 3.98363 
4.5193 3.35592 2.55636 
4.59229 4.8196 2.38922 
2.49732 4.8196 4.76721 
4.5835 1.29243 4.47138 
4.5835 4.97287 1.36527 
4.5835 4.61404 1.1956 
1.29243 4.792 3.62323 
1.29243 4.97287 4.76678 
1.29243 4.61404 4.65674 
1.29243 2.40982 3.68966 
1.29243 3.79828 2.5395 
1.29243 4.60763 4.44121 
1.29243 1.27035 2.49457 
1.29243 3.56867 4.84685 
4.792 3.79828 1.31799 
4.97287 4.61404 2.54729 
2.40982 4.92064 2.53208 
2.40982 1.27035 1.26161 
2.40982 3.56867 1.16691 
3.79828 4.60763 4.70329 
4.92064 1.27035 3.78685 
4.92064 3.56867 1.38448 
1.27035 3.56867 2.41116 
3.85442 1.36527 2.51524 
3.85442 1.1956 4.99838 
3.85442 2.61177 1.27481 
4.47138 1.36527 4.76678 
4.47138 1.1956 4.65674 
1.36527 1.1956 2.54729 
1.36527 2.61177 1.25519 
1.36527 2.49176 3.78957 
1.36527 3.71154 4.97099 
1.1956 2.61177 3.78212 
1.1956 2.49176 1.33551 
1.1956 3.71154 2.57278 
2.61177 2.49176 4.98944 
2.49176 3.71154 1.23918 
1.38188 3.54602 3.53966 
1.38188 2.36829 1.47445 
1.38188 4.64936 3.90847 
1.38188 3.53961 2.47672 
1.38188 2.38922 1.38079 
1.38188 4.70684 3.51311 
1.38188 4.37847 4.98621 
1.38188 2.50304 3.87404 
1.38188 4.46396 4.6928 
1.38188 2.66321 2.3536 
3.54602 2.36829 2.57093 
3.54602 4.85978 4.24264 
3.54602 3.53961 3.54894 
3.54602 2.38922 4.61989 
3.54602 4.70684 4.56951 
3.54602 4.37847 2.36521 
3.54602 2.50304 4.59179 
3.54602 4.54117 3.20572 
3.54602 4.46396 1.29045 
3.54602 2.66321 1.28303 
2.36829 4.64936 4.85157 
2.36829 3.53961 1.42946 
2.36829 2.38922 2.52054 
2.36829 4.70684 2.60388 
2.36829 4.37847 4.55837 
2.36829 2.50304 4.61792 
2.36829 4.46396 3.84869 
2.36829 2.66321 1.29254 
4.64936 2.38922 2.58518 
4.85978 4.37847 2.57378 
4.85978 2.50304 4.10458 
4.85978 4.54117 1.28811 
4.85978 4.46396 3.77287 
4.85978 3.74246 4.29448 
4.85978 2.66321 4.80255 
3.53961 2.38922 3.20581 
3.53961 4.70684 1.26396 
3.53961 4.46396 4.82215 
3.53961 2.66321 2.41866 
2.38922 4.70684 3.88791 
2.38922 2.50304 4.68246 
2.38922 2.66321 3.47055 
4.70684 2.66321 3.53991 
4.37847 2.50304 4.06619 
4.37847 4.54117 1.29696 
4.37847 4.46396 1.50942 
4.37847 3.74246 4.41687 
4.37847 2.66321 3.35561 
2.50304 4.54117 3.9981 
2.50304 4.46396 4.90137 
2.50304 3.74246 1.24442 
2.50304 2.66321 4.34456 
4.54117 4.46396 2.55792 
4.54117 3.74246 4.27813 
4.54117 2.66321 3.98363 
4.46396 2.66321 2.55636 
2.56396 3.62743 1.55166 
2.56396 1.27481 3.82728 
2.56396 3.57248 1.40889 
2.56396 1.22638 1.3748 
2.56396 4.58488 2.67922 
3.62743 1.27481 4.81397 
3.62743 3.57248 2.46641 
3.62743 1.22638 2.48766 
3.62743 4.58488 3.6433 
2.51524 4.99838 2.54729 
2.51524 1.27481 1.25519 
2.51524 1.22638 3.72662 
4.99838 1.27481 3.78212 
1.27481 3.57248 4.79401 
1.27481 1.22638 2.49581 
3.57248 1.22638 2.52708 
3.57248 4.58488 1.27743 
1.22638 4.58488 3.6756 
1.55166 3.82728 4.81397 
1.55166 4.01478 4.83811 
1.55166 1.40889 2.46641 
1.55166 4.03974 2.52017 
1.55166 1.3748 2.48766 
1.55166 2.67922 3.6433 
3.82728 1.40889 4.79401 
3.82728 1.3748 2.49581 
4.01478 1.40889 2.6062 
4.01478 2.67922 1.34935 
1.40889 4.03974 4.9189 
1.40889 1.3748 2.52708 
1.40889 2.67922 1.27743 
4.03974 1.3748 4.65783 
1.3748 2.67922 3.6756 
3.62323 4.83166 1.27481 
3.62323 2.5395 1.31799 
4.76678 4.65674 2.54729 
4.83166 2.5395 2.58828 
3.68966 2.49457 1.26161 
3.68966 4.84685 1.16691 
2.5395 4.44121 4.70329 
2.49457 4.84685 2.41116 
2.49825 1.25322 1.27481 
2.49825 3.81469 1.31799 
2.49825 1.4752 3.97225 
1.25322 3.81469 2.58828 
1.25322 2.64905 3.88533 
1.25322 1.4752 2.72454 
2.64905 3.96609 1.36651 
2.64905 1.4752 1.23057 
3.96609 1.4752 2.59219 
3.53966 1.47445 2.57093 
3.53966 2.47672 3.54894 
3.53966 1.38079 4.61989 
3.53966 3.51311 4.56951 
3.53966 4.98621 2.36521 
3.53966 3.87404 4.59179 
3.53966 4.6928 1.29045 
3.53966 2.3536 1.28303 
4.98126 3.90847 1.23918 
4.98126 1.38079 3.72822 
1.47445 3.90847 4.85157 
1.47445 2.47672 1.42946 
1.47445 1.38079 2.52054 
1.47445 3.51311 2.60388 
1.47445 4.98621 4.55837 
1.47445 3.87404 4.61792 
1.47445 4.6928 3.84869 
1.47445 2.3536 1.29254 
3.90847 1.38079 2.58518 
2.47672 1.38079 3.20581 
2.47672 3.51311 1.26396 
2.47672 4.6928 4.82215 
2.47672 2.3536 2.41866 
1.38079 3.51311 3.88791 
1.38079 3.87404 4.68246 
1.38079 2.3536 3.47055 
3.51311 2.3536 3.53991 
4.98621 3.87404 4.06619 
4.98621 4.6928 1.50942 
4.98621 2.3536 3.35561 
3.87404 4.6928 4.90137 
3.87404 2.3536 4.34456 
4.6928 2.3536 2.55636 
4.81397 2.46641 4.79401 
4.81397 2.48766 2.49581 
4.83811 2.46641 2.6062 
4.83811 3.6433 1.34935 
4.94662 3.71107 1.42946 
4.94662 2.52017 2.60388 
3.71107 2.52017 1.26396 
2.46641 2.52017 4.9189 
2.46641 2.48766 2.52708 
2.46641 3.6433 1.27743 
2.52017 2.48766 4.65783 
2.48766 3.6433 3.6756 
1.27481 1.31799 2.58828 
1.27481 4.06428 4.30056 
1.27481 4.47776 4.5312 
1.27481 4.20511 4.43039 
1.27481 3.97225 2.72454 
1.31799 4.06428 4.07991 
1.31799 4.47776 4.64634 
1.31799 4.8473 4.80545 
1.31799 4.20511 4.23387 
4.06428 4.47776 1.32841 
4.06428 4.8473 2.6062 
4.06428 4.20511 1.34935 
4.47776 4.8473 3.85986 
4.47776 4.20511 2.59922 
4.8473 4.20511 1.27743 
2.54729 1.25519 3.78212 
2.54729 3.78957 1.33551 
2.54729 4.97099 2.57278 
1.25519 3.78957 4.98944 
1.25519 3.72662 2.49581 
3.78957 4.97099 1.23918 
3.78212 1.33551 4.98944 
1.33551 2.57278 1.23918 
1.33551 4.98509 3.72822 
1.33551 4.94966 4.49124 
2.57278 4.98509 2.58518 
2.57278 4.94966 4.4822 
2.58828 4.30056 4.07991 
2.58828 4.5312 4.64634 
2.58828 4.43039 4.23387 
4.30056 4.5312 1.32841 
4.30056 4.43039 1.34935 
4.5312 4.43039 2.59922 
3.88533 2.72454 1.23057 
2.53208 1.26161 3.78685 
2.53208 1.16691 1.38448 
2.53208 3.67367 1.15629 
2.53208 4.84961 2.40574 
1.26161 1.16691 2.41116 
1.26161 3.67367 4.92962 
1.16691 3.67367 2.52115 
1.16691 4.84961 3.70775 
3.67367 4.84961 1.28811 
4.79401 2.49581 2.52708 
2.57093 3.54894 1.42946 
2.57093 4.61989 2.52054 
2.57093 4.56951 2.60388 
2.57093 2.36521 4.55837 
2.57093 4.59179 4.61792 
2.57093 1.29045 3.84869 
2.57093 1.28303 1.29254 
4.24264 2.36521 2.57378 
4.24264 4.59179 4.10458 
4.24264 3.20572 1.28811 
4.24264 1.29045 3.77287 
4.24264 1.28303 4.80255 
3.54894 4.61989 3.20581 
3.54894 4.56951 1.26396 
3.54894 1.29045 4.82215 
3.54894 1.28303 2.41866 
4.61989 4.56951 3.88791 
4.61989 4.59179 4.68246 
4.61989 1.28303 3.47055 
4.56951 1.28303 3.53991 
2.36521 4.88223 4.49369 
2.36521 4.59179 4.06619 
2.36521 3.20572 1.29696 
2.36521 1.29045 1.50942 
2.36521 3.52915 3.26769 
2.36521 1.28303 3.35561 
4.88223 1.29045 3.8569 
4.88223 3.52915 1.36651 
4.59179 3.20572 3.9981 
4.59179 1.29045 4.90137 
4.59179 1.28303 4.34456 
3.20572 1.29045 2.55792 
3.20572 3.52915 3.97925 
3.20572 1.28303 3.98363 
1.29045 3.52915 2.49686 
1.29045 1.28303 2.55636 
3.52915 1.28303 4.76501 
4.07991 4.64634 1.32841 
4.07991 4.80545 2.6062 
4.07991 4.23387 1.34935 
4.64634 4.80545 3.85986 
4.64634 4.23387 2.59922 
4.80545 4.23387 1.27743 
4.95319 4.8058 1.26676 
4.95319 2.53881 4.9694 
4.95319 1.32236 4.95966 
4.8058 1.27423 4.69393 
4.8058 2.57702 4.96106 
1.27423 3.77954 2.58333 
1.27423 2.57702 1.32616 
1.27423 2.53881 3.79142 
1.27423 1.32236 2.59366 
1.27423 4.94344 4.69259 
3.77954 2.57702 1.29856 
2.57702 1.32236 3.89012 
2.53881 1.32236 1.24442 
3.88953 1.26676 2.65174 
3.88953 2.56526 1.32841 
1.26676 2.56526 1.32586 
4.9694 4.95966 1.24442 
2.65174 1.32841 1.32586 
2.65174 4.81779 4.96106 
2.65174 1.34935 3.90746 
4.62828 1.32841 4.81976 
4.62828 4.81779 1.29856 
1.32841 4.81779 4.70855 
1.32841 2.6062 3.85986 
1.32841 1.34935 2.59922 
2.6062 1.34935 1.27743 
4.69393 1.32586 4.78524 
4.69393 4.96106 1.32616 
1.32586 4.96106 4.70855 
1.32586 3.90746 2.59922 
4.85875 4.45652 2.58333 
4.85875 4.49124 1.32616 
1.23918 4.45652 4.13052 
1.23918 3.72822 2.58518 
1.23918 4.49124 4.4822 
4.45652 4.49124 1.29856 
4.53649 2.54325 4.13052 
4.53649 4.76721 2.58518 
4.53649 3.82968 4.4822 
2.54325 3.82968 1.29856 
2.58333 4.78524 4.81976 
2.58333 1.32616 1.29856 
4.78524 1.32616 4.70855 
1.32616 2.59366 3.89012 
3.79142 2.59366 1.24442 
3.78685 1.38448 2.41116 
3.78685 1.15629 4.92962 
1.38448 1.15629 2.52115 
1.38448 3.6756 4.94088 
1.38448 2.40574 3.70775 
1.15629 3.6756 2.57378 
1.15629 4.48524 4.10458 
1.15629 2.40574 1.28811 
1.15629 4.75473 3.77287 
1.15629 4.69857 4.29448 
3.6756 4.48524 4.06619 
3.6756 2.40574 1.29696 
3.6756 4.75473 1.50942 
3.6756 4.69857 4.41687 
4.48524 2.40574 3.9981 
4.48524 4.75473 4.90137 
4.48524 4.69857 1.24442 
2.40574 4.75473 2.55792 
2.40574 4.69857 4.27813 
2.41116 4.92962 2.52115 
4.85157 2.52054 2.58518 
1.42946 2.52054 3.20581 
1.42946 2.60388 1.26396 
1.42946 3.84869 4.82215 
1.42946 1.29254 2.41866 
2.52054 2.60388 3.88791 
2.52054 4.61792 4.68246 
2.52054 1.29254 3.47055 
2.60388 1.29254 3.53991 
4.55837 4.61792 4.06619 
4.55837 3.84869 1.50942 
4.55837 1.29254 3.35561 
4.61792 3.84869 4.90137 
4.61792 1.29254 4.34456 
3.84869 1.29254 2.55636 
4.13052 4.4822 1.29856 
4.81976 1.29856 4.70855 
3.85986 2.59922 1.27743 
2.52115 4.94088 2.57378 
2.52115 3.70775 1.28811 
4.94088 3.70775 1.29696 
2.57378 4.10458 4.06619 
2.57378 1.28811 1.29696 
2.57378 3.77287 1.50942 
2.57378 4.29448 4.41687 
2.57378 4.80255 3.35561 
4.10458 1.28811 3.9981 
4.10458 3.77287 4.90137 
4.10458 4.29448 1.24442 
4.10458 4.80255 4.34456 
1.28811 3.77287 2.55792 
1.28811 4.29448 4.27813 
1.28811 4.80255 3.98363 
3.77287 4.80255 2.55636 
3.20581 1.26396 3.88791 
3.20581 2.41866 3.47055 
1.26396 2.41866 3.53991 
4.82215 2.41866 2.55636 
3.88791 3.47055 3.53991 
4.68246 3.47055 4.34456 
4.9189 2.52708 4.65783 
2.52708 1.27743 3.6756 
4.49369 1.50942 3.8569 
4.49369 3.26769 1.36651 
4.06619 1.29696 3.9981 
4.06619 1.50942 4.90137 
4.06619 4.41687 1.24442 
4.06619 3.35561 4.34456 
1.29696 1.50942 2.55792 
1.29696 3.26769 3.97925 
1.29696 4.41687 4.27813 
1.29696 3.35561 3.98363 
1.50942 3.26769 2.49686 
1.50942 3.35561 2.55636 
3.26769 3.35561 4.76501 
3.8569 1.36651 2.49686 
1.36651 1.23057 2.59219 
3.9981 4.90137 2.55792 
3.9981 1.24442 4.27813 
3.9981 4.34456 3.98363 
4.90137 4.34456 2.55636 
2.55792 3.97925 2.49686 
2.55792 3.98363 2.55636 
3.97925 3.98363 4.76501 
2.49686 2.55636 4.76501 
