4.87382 4.20435 4.74656 
4.87382 3.42997 2.71429 
4.87382 4.01687 1.25502 
4.87382 3.17659 3.5302 
4.87382 3.7963 3.56261 
4.87382 4.151 4.21804 
1.37963 1.40954 1.78776 
1.37963 2.62581 1.32151 
1.37963 2.71022 2.57414 
1.37963 4.20435 3.53612 
1.37963 3.42997 3.67635 
1.37963 4.01687 4.41747 
1.37963 2.67993 1.8921 
1.37963 3.17659 3.8265 
1.37963 3.7963 3.51633 
1.37963 4.151 4.94021 
1.40954 2.62581 2.43416 
1.40954 2.71022 1.3477 
1.40954 4.20435 4.21979 
1.40954 3.42997 3.90982 
1.40954 4.01687 4.86674 
1.40954 2.67993 1.79853 
1.40954 3.17659 3.40705 
1.40954 3.7963 4.08188 
1.40954 4.151 4.19006 
2.62581 2.71022 2.51453 
2.62581 4.20435 3.32896 
2.62581 3.42997 4.34946 
2.62581 2.67993 1.32119 
2.62581 3.17659 4.62109 
2.62581 3.7963 3.7779 
2.71022 4.20435 4.31875 
2.71022 3.42997 4.6257 
2.71022 2.67993 1.32043 
2.71022 3.17659 4.13553 
2.71022 3.7963 4.51125 
2.71022 4.151 4.78737 
4.20435 3.42997 2.62457 
4.20435 4.01687 3.75457 
4.20435 2.67993 3.90623 
4.20435 3.17659 3.54102 
4.20435 3.7963 1.27466 
4.20435 4.151 4.54195 
3.42997 4.01687 1.47298 
3.42997 2.67993 4.70235 
3.42997 3.17659 1.41158 
3.42997 3.7963 1.39705 
3.42997 4.151 2.48448 
4.01687 3.17659 2.34246 
4.01687 3.7963 2.50645 
4.01687 4.151 3.16893 
2.67993 3.17659 4.59473 
2.67993 3.7963 4.30934 
3.17659 3.7963 2.53883 
3.17659 4.151 1.254 
3.7963 4.151 3.58669 
4.44285 4.40868 2.58549 
4.44285 3.86714 3.61514 
4.44285 2.60433 3.6729 
4.44285 4.10717 1.21934 
4.44285 1.36876 3.81394 
4.44285 4.89403 4.90801 
4.74656 2.71429 2.62457 
4.74656 1.25502 3.75457 
4.74656 3.5302 3.54102 
4.74656 3.56261 1.27466 
4.74656 4.21804 4.54195 
2.71429 1.25502 1.47298 
2.71429 3.5302 1.41158 
2.71429 1.36876 4.08097 
2.71429 3.56261 1.39705 
2.71429 4.21804 2.48448 
4.40868 3.86714 1.43791 
4.40868 2.60433 2.3594 
4.40868 4.10717 1.38617 
4.40868 1.36876 3.21461 
4.40868 4.89403 2.52302 
1.25502 2.60433 3.85446 
1.25502 3.5302 2.34246 
1.25502 1.36876 2.62139 
1.25502 3.56261 2.50645 
1.25502 4.21804 3.16893 
3.86714 2.60433 1.35563 
3.86714 4.10717 2.47739 
3.86714 1.36876 2.51785 
3.86714 4.89403 1.39328 
2.60433 4.10717 2.77863 
2.60433 1.36876 1.23639 
2.60433 4.89403 2.36345 
4.10717 1.36876 3.19351 
4.10717 4.89403 3.76172 
3.5302 1.36876 4.84355 
3.5302 3.56261 2.53883 
3.5302 4.21804 1.254 
1.36876 3.56261 4.84898 
1.36876 4.89403 3.55468 
3.56261 4.21804 3.58669 
1.29629 2.58282 3.86335 
1.29629 4.65969 4.41829 
1.29629 1.29964 2.58795 
1.29629 4.37359 4.13476 
1.29629 2.61042 1.33161 
1.29629 3.79122 2.51136 
1.29629 4.66099 4.96509 
1.29629 4.5398 4.45652 
2.58282 1.29964 1.29461 
2.58282 3.91283 1.33749 
2.58282 4.89267 4.90716 
4.65969 4.37359 2.48175 
4.65969 2.61042 4.81488 
4.65969 4.5398 3.64246 
1.29964 2.61042 3.88013 
1.29964 3.91283 2.61908 
1.29964 4.66099 4.78989 
1.29964 4.89267 4.84201 
4.37359 2.61042 4.44546 
4.37359 4.66099 3.48943 
4.37359 4.89267 4.63482 
4.37359 4.5398 1.22364 
2.61042 3.79122 1.19479 
2.61042 4.5398 4.82436 
4.66099 4.89267 1.23639 
4.66099 4.5398 2.36345 
4.89267 4.5398 3.55468 
4.62738 4.63869 2.57751 
4.62738 1.21177 4.74959 
4.62738 4.21757 1.3956 
4.62738 1.33098 4.56862 
4.62738 2.61341 4.94209 
2.54736 3.83061 1.29461 
2.54736 1.21177 1.33749 
2.54736 1.33098 3.86113 
3.83061 1.21177 2.61908 
4.63869 3.91775 4.46446 
4.63869 4.21757 1.2281 
4.63869 1.33098 4.08377 
4.63869 2.61341 4.00078 
1.21177 4.21757 4.60892 
1.21177 1.33098 2.5251 
1.21177 2.61341 3.8065 
3.91775 4.21757 4.77771 
3.91775 1.33098 2.59467 
3.91775 2.61341 1.32114 
4.21757 1.33098 3.91346 
4.21757 2.61341 4.11465 
1.33098 2.61341 1.28377 
4.29451 3.42904 1.28961 
4.29451 2.58549 2.65298 
4.29451 3.61514 3.6586 
4.29451 3.6729 4.87999 
4.29451 1.21934 3.44457 
4.29451 4.90801 3.93172 
4.88866 3.90266 1.22257 
4.88866 2.57751 2.64221 
4.88866 1.3956 3.69345 
3.42904 2.58549 1.38148 
3.42904 3.61514 2.414 
3.42904 1.3956 4.4712 
3.42904 3.6729 3.60378 
3.42904 1.21934 2.39215 
3.42904 3.81394 4.52003 
3.42904 4.90801 2.92643 
2.58549 2.57751 4.63234 
2.58549 3.61514 1.43791 
2.58549 1.3956 3.68447 
2.58549 3.6729 2.3594 
2.58549 1.21934 1.38617 
2.58549 3.81394 3.21461 
2.58549 4.90801 2.52302 
3.90266 2.57751 1.46782 
3.90266 1.3956 2.6054 
3.90266 4.56862 4.96953 
3.90266 1.21934 4.66762 
3.90266 4.94209 4.77072 
2.57751 1.3956 1.2281 
2.57751 4.56862 4.08377 
2.57751 1.21934 3.51932 
2.57751 4.94209 4.00078 
4.74959 1.3956 4.60892 
4.74959 4.56862 2.5251 
4.74959 4.94209 3.8065 
3.61514 1.3956 4.59053 
3.61514 3.6729 1.35563 
3.61514 1.21934 2.47739 
3.61514 3.81394 2.51785 
3.61514 4.90801 1.39328 
1.3956 4.56862 3.91346 
1.3956 3.6729 4.55775 
1.3956 1.21934 2.45202 
1.3956 4.94209 4.11465 
1.3956 3.81394 4.66597 
4.56862 4.94209 1.28377 
3.6729 1.21934 2.77863 
3.6729 3.81394 1.23639 
3.6729 4.90801 2.36345 
1.21934 3.81394 3.19351 
1.21934 4.90801 3.76172 
3.81394 4.90801 3.55468 
1.78776 1.32151 2.43416 
1.78776 2.57414 1.3477 
1.78776 3.53612 4.21979 
1.78776 3.67635 3.90982 
1.78776 4.41747 4.86674 
1.78776 4.15301 4.89517 
1.78776 1.8921 1.79853 
1.78776 3.8265 3.40705 
1.78776 3.51633 4.08188 
1.78776 4.94021 4.19006 
1.32151 2.57414 2.51453 
1.32151 3.53612 3.32896 
1.32151 3.67635 4.34946 
1.32151 4.91982 4.02572 
1.32151 4.15301 3.52612 
1.32151 1.8921 1.32119 
1.32151 3.8265 4.62109 
1.32151 3.51633 3.7779 
2.57414 3.53612 4.31875 
2.57414 3.67635 4.6257 
2.57414 4.15301 4.69565 
2.57414 1.8921 1.32043 
2.57414 3.8265 4.13553 
2.57414 3.51633 4.51125 
2.57414 4.94021 4.78737 
3.53612 3.67635 2.62457 
3.53612 4.41747 3.75457 
3.53612 4.91982 2.51758 
3.53612 4.15301 1.29007 
3.53612 1.8921 3.90623 
3.53612 3.8265 3.54102 
3.53612 3.51633 1.27466 
3.53612 4.94021 4.54195 
3.67635 4.41747 1.47298 
3.67635 4.15301 3.91194 
3.67635 1.8921 4.70235 
3.67635 3.8265 1.41158 
3.67635 3.51633 1.39705 
3.67635 4.94021 2.48448 
4.41747 3.8265 2.34246 
4.41747 3.51633 2.50645 
4.41747 4.94021 3.16893 
4.91982 4.15301 1.23211 
4.91982 1.8921 4.59337 
4.91982 3.51633 3.78108 
4.15301 1.8921 4.10602 
4.15301 3.8265 4.74853 
4.15301 3.51633 2.55602 
1.8921 3.8265 4.59473 
1.8921 3.51633 4.30934 
3.8265 3.51633 2.53883 
3.8265 4.94021 1.254 
3.51633 4.94021 3.58669 
3.86335 2.58795 1.29461 
4.41829 4.13476 2.48175 
4.41829 1.33161 4.81488 
4.41829 4.73827 1.51972 
4.41829 4.45652 3.64246 
2.58795 1.33161 3.88013 
2.58795 4.96509 4.78989 
4.13476 1.33161 4.44546 
4.13476 4.96509 3.48943 
4.13476 4.73827 1.32914 
4.13476 4.45652 1.22364 
1.33161 2.51136 1.19479 
1.33161 3.82312 2.53142 
1.33161 4.45652 4.82436 
2.51136 3.82312 1.3455 
4.96509 4.73827 4.74935 
4.96509 4.45652 2.36345 
4.73827 4.45652 2.4749 
2.43416 1.3477 2.51453 
2.43416 4.21979 3.32896 
2.43416 3.90982 4.34946 
2.43416 4.89517 3.52612 
2.43416 1.79853 1.32119 
2.43416 3.40705 4.62109 
2.43416 4.08188 3.7779 
1.3477 4.21979 4.31875 
1.3477 3.90982 4.6257 
1.3477 4.97279 4.13991 
1.3477 4.32846 4.11491 
1.3477 4.73913 4.17078 
1.3477 4.89517 4.69565 
1.3477 4.49756 4.66407 
1.3477 1.79853 1.32043 
1.3477 3.40705 4.13553 
1.3477 4.08188 4.51125 
1.3477 4.19006 4.78737 
4.21979 3.90982 2.62457 
4.21979 4.86674 3.75457 
4.21979 4.89517 1.29007 
4.21979 1.79853 3.90623 
4.21979 3.40705 3.54102 
4.21979 4.08188 1.27466 
4.21979 4.19006 4.54195 
3.90982 4.86674 1.47298 
3.90982 4.89517 3.91194 
3.90982 1.79853 4.70235 
3.90982 3.40705 1.41158 
3.90982 4.08188 1.39705 
3.90982 4.19006 2.48448 
4.97279 4.32846 2.43141 
4.97279 4.73913 1.22594 
4.97279 4.49756 3.69358 
4.86674 3.40705 2.34246 
4.86674 4.08188 2.50645 
4.86674 4.19006 3.16893 
4.32846 4.73913 1.26536 
4.32846 4.49756 1.29763 
4.73913 4.49756 2.54172 
4.89517 4.49756 4.53802 
4.89517 1.79853 4.10602 
4.89517 3.40705 4.74853 
4.89517 4.08188 2.55602 
1.79853 3.40705 4.59473 
1.79853 4.08188 4.30934 
3.40705 4.08188 2.53883 
3.40705 4.19006 1.254 
4.08188 4.19006 3.58669 
1.29461 1.33749 2.61908 
1.29461 4.90716 4.84201 
1.33749 3.86113 2.5251 
2.48175 4.81488 4.44546 
2.48175 4.76491 4.71642 
2.48175 2.41103 2.33991 
2.48175 3.623 3.53063 
2.48175 1.51972 1.32914 
2.48175 1.28987 3.77006 
2.48175 3.64246 1.22364 
4.81488 3.64246 4.82436 
4.76491 2.41103 2.60975 
4.76491 3.623 1.35015 
4.76491 1.51972 3.92669 
2.41103 2.64698 4.545 
2.41103 3.623 1.33259 
2.41103 1.51972 1.34273 
2.41103 1.28987 3.33773 
2.41103 3.64246 3.19567 
2.64698 1.51972 4.07468 
2.64698 1.28987 1.3969 
2.64698 3.88438 1.26349 
3.623 1.51972 2.6732 
3.623 1.28987 4.33653 
3.623 3.64246 4.16307 
1.51972 1.28987 2.74894 
1.51972 3.64246 2.4749 
1.28987 3.88438 2.65684 
1.28987 3.64246 4.91783 
2.47773 4.8713 4.60317 
2.47773 1.21263 1.2738 
2.47773 4.0972 4.76842 
2.47773 4.86346 2.5115 
2.47773 4.33597 4.56803 
2.47773 1.37951 3.77139 
2.47773 3.77133 1.31506 
4.15363 4.8713 3.82635 
4.15363 1.21263 4.50526 
4.15363 2.6767 3.83987 
4.15363 4.0972 1.38031 
4.15363 4.8248 1.22257 
4.15363 3.91398 4.22455 
4.15363 4.33597 2.57493 
4.15363 1.37951 3.74064 
4.8713 1.21263 4.56805 
4.8713 4.0972 2.51758 
4.8713 4.33597 1.29007 
1.21263 2.6767 3.83959 
1.21263 4.0972 4.29253 
1.21263 4.86346 3.72747 
1.21263 4.33597 4.28498 
1.21263 1.37951 2.54992 
1.21263 3.77133 2.57472 
2.6767 4.0972 4.31875 
2.6767 4.8248 3.98057 
2.6767 3.91398 1.26536 
2.6767 1.37951 1.29763 
4.0972 4.8248 2.57466 
4.0972 3.91398 4.80151 
4.0972 4.33597 1.23211 
4.0972 1.37951 3.97325 
4.8248 3.91398 4.14183 
4.8248 4.33597 3.77699 
4.8248 1.37951 4.17911 
3.91398 1.37951 2.54172 
4.86346 3.77133 1.37556 
4.33597 1.37951 4.53802 
4.6398 3.32896 3.82635 
4.6398 4.02572 1.38031 
4.6398 3.52612 2.57493 
2.51453 3.32896 4.31875 
2.51453 4.34946 4.6257 
2.51453 3.52612 4.69565 
2.51453 1.32119 1.32043 
2.51453 4.62109 4.13553 
2.51453 3.7779 4.51125 
3.32896 4.34946 2.62457 
3.32896 4.02572 2.51758 
3.32896 3.52612 1.29007 
3.32896 1.32119 3.90623 
3.32896 4.62109 3.54102 
3.32896 3.7779 1.27466 
4.34946 3.52612 3.91194 
4.34946 1.32119 4.70235 
4.34946 4.62109 1.41158 
4.34946 3.7779 1.39705 
4.02572 3.52612 1.23211 
4.02572 1.32119 4.59337 
4.02572 3.7779 3.78108 
3.52612 1.32119 4.10602 
3.52612 4.62109 4.74853 
3.52612 3.7779 2.55602 
1.32119 4.62109 4.59473 
1.32119 3.7779 4.30934 
4.62109 3.7779 2.53883 
1.28961 2.65298 1.38148 
1.28961 4.48313 3.73189 
1.28961 3.82046 4.98256 
1.28961 3.6586 2.414 
1.28961 4.87999 3.60378 
1.28961 3.44457 2.39215 
1.28961 4.75704 4.50316 
1.28961 1.27188 2.46272 
1.28961 4.71178 4.72849 
1.28961 2.47673 3.67889 
1.28961 3.93172 2.92643 
2.65298 4.48313 3.63885 
2.65298 3.6586 1.43791 
2.65298 4.87999 2.3594 
2.65298 3.44457 1.38617 
2.65298 4.75704 4.916 
2.65298 1.27188 3.79768 
2.65298 3.93172 2.52302 
4.48313 3.6586 2.61565 
4.48313 4.87999 3.48943 
4.48313 3.44457 4.93312 
4.48313 4.75704 2.33991 
4.48313 4.71178 3.53063 
4.48313 3.93172 1.22364 
3.82046 4.99392 1.19564 
3.82046 1.27188 2.55531 
3.82046 2.47673 1.36276 
4.99392 1.27188 3.73341 
4.99392 2.47673 2.54043 
3.6586 4.87999 1.35563 
3.6586 3.44457 2.47739 
3.6586 4.75704 4.38942 
3.6586 1.27188 4.71621 
3.6586 3.93172 1.39328 
4.87999 3.44457 2.77863 
4.87999 3.93172 2.36345 
3.44457 1.27188 4.55183 
3.44457 3.93172 3.76172 
4.75704 4.71178 1.33259 
4.75704 3.93172 3.19567 
1.27188 2.47673 1.23436 
1.27188 3.93172 4.85748 
4.71178 3.93172 4.16307 
4.78989 4.84201 1.23639 
4.60317 1.2738 4.56805 
4.60317 4.76842 2.51758 
4.60317 4.56803 1.29007 
4.60317 4.86593 1.27466 
1.2738 4.76842 4.29253 
1.2738 2.5115 3.72747 
1.2738 4.56803 4.28498 
1.2738 3.77139 2.54992 
1.2738 1.31506 2.57472 
1.2738 3.6213 4.77538 
4.76842 4.56803 1.23211 
4.76842 3.77139 3.97325 
4.76842 4.86593 3.78108 
2.5115 4.92236 2.58869 
2.5115 1.31506 1.37556 
2.5115 3.6213 1.18344 
4.56803 3.77139 4.53802 
4.56803 4.86593 2.55602 
4.92236 1.31506 3.94396 
4.92236 3.6213 1.42269 
1.31506 3.6213 2.5474 
3.82635 4.50526 4.56805 
3.82635 1.38031 2.51758 
3.82635 2.57493 1.29007 
4.50526 3.83987 3.83959 
4.50526 1.38031 4.29253 
4.50526 2.57493 4.28498 
4.50526 3.74064 2.54992 
3.83987 1.38031 4.31875 
3.83987 1.22257 3.98057 
3.83987 4.22455 1.26536 
3.83987 3.74064 1.29763 
3.83987 2.64221 4.87338 
1.38031 1.22257 2.57466 
1.38031 4.22455 4.80151 
1.38031 2.57493 1.23211 
1.38031 3.74064 3.97325 
1.38031 2.64221 3.97955 
1.22257 4.22455 4.14183 
1.22257 2.57493 3.77699 
1.22257 3.74064 4.17911 
1.22257 2.64221 1.46782 
1.22257 3.69345 2.6054 
4.22455 3.74064 2.54172 
4.22455 2.64221 4.89853 
2.57493 3.74064 4.53802 
2.64221 3.69345 1.2281 
1.38148 3.73189 3.63885 
1.38148 2.414 1.43791 
1.38148 4.4712 3.68447 
1.38148 3.60378 2.3594 
1.38148 2.39215 1.38617 
1.38148 4.52003 3.21461 
1.38148 4.50316 4.916 
1.38148 2.46272 3.79768 
1.38148 4.56254 4.70728 
1.38148 2.92643 2.52302 
3.73189 2.414 2.61565 
3.73189 3.60378 3.48943 
3.73189 2.39215 4.93312 
3.73189 4.52003 4.63482 
3.73189 4.50316 2.33991 
3.73189 4.72849 3.53063 
3.73189 4.56254 1.32914 
3.73189 2.92643 1.22364 
4.98256 2.46272 2.55531 
4.98256 3.67889 1.36276 
2.414 4.4712 4.59053 
2.414 3.60378 1.35563 
2.414 2.39215 2.47739 
2.414 4.52003 2.51785 
2.414 4.50316 4.38942 
2.414 2.46272 4.71621 
2.414 4.56254 3.84194 
2.414 2.92643 1.39328 
4.4712 3.60378 4.55775 
4.4712 2.39215 2.45202 
4.4712 4.52003 4.66597 
3.60378 2.39215 2.77863 
3.60378 4.52003 1.23639 
3.60378 4.56254 4.74935 
3.60378 2.92643 2.36345 
2.39215 4.52003 3.19351 
2.39215 2.46272 4.55183 
2.39215 2.92643 3.76172 
4.52003 2.92643 3.55468 
4.50316 4.72849 1.33259 
4.50316 4.56254 1.34273 
4.50316 2.92643 3.19567 
2.46272 3.67889 1.23436 
2.46272 2.92643 4.85748 
4.72849 4.56254 2.6732 
4.72849 2.92643 4.16307 
4.56254 2.92643 2.4749 
4.31875 4.6257 2.62457 
4.31875 4.69565 1.29007 
4.31875 1.32043 3.90623 
4.31875 4.13553 3.54102 
4.31875 4.51125 1.27466 
4.31875 4.78737 4.54195 
4.6257 4.69565 3.91194 
4.6257 1.32043 4.70235 
4.6257 4.13553 1.41158 
4.6257 4.51125 1.39705 
4.6257 4.78737 2.48448 
4.13991 4.11491 2.43141 
4.13991 4.17078 1.22594 
4.13991 4.66407 3.69358 
4.13991 4.78692 2.66938 
4.13991 4.29232 1.40692 
4.11491 4.17078 1.26536 
4.11491 4.66407 1.29763 
4.11491 4.78692 4.99797 
4.11491 4.29232 3.77019 
4.17078 4.66407 2.54172 
4.17078 4.78692 3.88059 
4.17078 4.29232 2.62191 
4.69565 4.66407 4.53802 
4.69565 1.32043 4.10602 
4.69565 4.13553 4.74853 
4.69565 4.51125 2.55602 
1.32043 4.13553 4.59473 
1.32043 4.51125 4.30934 
4.13553 4.51125 2.53883 
4.13553 4.78737 1.254 
4.51125 4.78737 3.58669 
4.78692 4.29232 1.26349 
2.62457 3.75457 1.47298 
2.62457 1.29007 3.91194 
2.62457 3.90623 4.70235 
2.62457 3.54102 1.41158 
2.62457 1.27466 1.39705 
2.62457 4.54195 2.48448 
4.56805 2.51758 4.29253 
4.56805 1.29007 4.28498 
3.75457 3.54102 2.34246 
3.75457 1.27466 2.50645 
3.75457 4.54195 3.16893 
2.51758 1.29007 1.23211 
2.51758 3.90623 4.59337 
2.51758 1.27466 3.78108 
1.29007 3.90623 4.10602 
1.29007 3.54102 4.74853 
1.29007 1.27466 2.55602 
3.90623 3.54102 4.59473 
3.90623 1.27466 4.30934 
3.54102 1.27466 2.53883 
3.54102 4.54195 1.254 
1.27466 4.54195 3.58669 
1.47298 3.68343 4.40363 
1.47298 1.41158 2.34246 
1.47298 4.08097 2.62139 
1.47298 1.39705 2.50645 
1.47298 2.48448 3.16893 
3.91194 4.70235 4.10602 
3.91194 1.41158 4.74853 
3.91194 1.39705 2.55602 
3.68343 4.70238 1.25486 
3.68343 1.41158 2.54674 
3.68343 1.39705 4.6052 
3.68343 2.48448 1.35938 
4.70235 1.41158 4.59473 
4.70235 1.39705 4.30934 
4.70238 1.41158 3.71937 
4.70238 2.48448 2.56031 
1.41158 4.08097 4.84355 
1.41158 1.39705 2.53883 
1.41158 2.48448 1.254 
4.08097 1.39705 4.84898 
1.39705 2.48448 3.58669 
3.83959 4.29253 4.31875 
3.83959 2.54992 1.29763 
4.29253 4.28498 1.23211 
4.29253 2.54992 3.97325 
3.72747 2.57472 1.37556 
3.72747 4.77538 1.18344 
4.28498 2.54992 4.53802 
2.57472 4.77538 2.5474 
2.43141 1.22594 1.26536 
2.43141 3.69358 1.29763 
2.43141 2.66938 4.99797 
2.43141 1.40692 3.77019 
1.22594 3.69358 2.54172 
1.22594 4.85729 4.99262 
1.22594 2.66938 3.88059 
1.22594 1.40692 2.62191 
2.66938 4.06351 1.3969 
2.66938 1.40692 1.26349 
4.06351 1.40692 2.65684 
3.63885 1.43791 2.61565 
3.63885 2.3594 3.48943 
3.63885 1.38617 4.93312 
3.63885 3.21461 4.63482 
3.63885 4.916 2.33991 
3.63885 4.70728 1.32914 
3.63885 2.52302 1.22364 
4.63234 3.68447 1.2281 
4.63234 1.38617 3.51932 
1.43791 3.68447 4.59053 
1.43791 2.3594 1.35563 
1.43791 1.38617 2.47739 
1.43791 3.21461 2.51785 
1.43791 4.916 4.38942 
1.43791 3.79768 4.71621 
1.43791 4.70728 3.84194 
1.43791 2.52302 1.39328 
3.68447 2.3594 4.55775 
3.68447 1.38617 2.45202 
3.68447 3.21461 4.66597 
2.3594 1.38617 2.77863 
2.3594 3.21461 1.23639 
2.3594 4.70728 4.74935 
2.3594 2.52302 2.36345 
1.38617 3.21461 3.19351 
1.38617 3.79768 4.55183 
1.38617 2.52302 3.76172 
3.21461 2.52302 3.55468 
4.916 4.70728 1.34273 
4.916 2.52302 3.19567 
3.79768 2.52302 4.85748 
4.70728 2.52302 2.4749 
4.40363 2.34246 2.54674 
4.40363 2.50645 4.6052 
4.40363 3.16893 1.35938 
3.85446 2.62139 1.23639 
2.34246 2.62139 4.84355 
2.34246 2.50645 2.53883 
2.34246 3.16893 1.254 
2.62139 2.50645 4.84898 
2.50645 3.16893 3.58669 
4.31875 3.98057 2.57466 
4.31875 1.26536 4.80151 
4.31875 1.29763 3.97325 
4.31875 4.87338 3.97955 
3.98057 1.26536 4.14183 
3.98057 1.29763 4.17911 
3.98057 4.87338 1.46782 
1.26536 1.29763 2.54172 
1.26536 4.87338 4.89853 
1.26536 4.99797 3.88059 
1.26536 3.77019 2.62191 
4.99797 3.77019 1.26349 
2.57466 4.80151 4.14183 
2.57466 1.23211 3.77699 
2.57466 3.97325 4.17911 
2.57466 3.97955 1.46782 
4.80151 3.97325 2.54172 
4.80151 3.97955 4.89853 
1.23211 3.97325 4.53802 
1.23211 4.59337 4.10602 
1.23211 3.78108 2.55602 
4.59337 3.78108 4.30934 
4.14183 4.17911 2.54172 
4.14183 1.46782 4.89853 
4.14183 4.77072 4.99262 
3.77699 4.17911 4.53802 
1.46782 2.6054 1.2281 
1.46782 4.96953 4.08377 
1.46782 4.66762 3.51932 
1.46782 4.77072 4.00078 
2.6054 4.96953 3.91346 
2.6054 4.66762 2.45202 
2.6054 4.77072 4.11465 
4.96953 4.77072 1.28377 
4.89853 4.99262 4.00078 
3.88059 2.62191 1.26349 
2.58869 1.37556 3.94396 
2.58869 1.18344 1.42269 
2.58869 3.72338 1.24231 
2.58869 4.94019 2.57777 
1.37556 1.18344 2.5474 
1.18344 3.72338 2.60648 
1.18344 4.94019 3.88724 
3.72338 4.94019 1.35015 
4.10602 4.74853 4.59473 
4.10602 2.55602 4.30934 
4.74853 2.55602 2.53883 
4.44546 1.22364 4.82436 
2.61565 3.48943 1.35563 
2.61565 4.93312 2.47739 
2.61565 4.63482 2.51785 
2.61565 2.33991 4.38942 
2.61565 1.32914 3.84194 
2.61565 1.22364 1.39328 
4.71642 2.33991 2.60975 
4.71642 3.53063 1.35015 
4.71642 1.32914 3.92669 
3.48943 4.93312 2.77863 
3.48943 4.63482 1.23639 
3.48943 1.32914 4.74935 
3.48943 1.22364 2.36345 
4.93312 4.63482 3.19351 
4.93312 1.22364 3.76172 
4.63482 1.22364 3.55468 
2.33991 3.53063 1.33259 
2.33991 1.32914 1.34273 
2.33991 3.77006 3.33773 
2.33991 1.22364 3.19567 
3.53063 1.32914 2.6732 
3.53063 3.77006 4.33653 
3.53063 1.22364 4.16307 
1.32914 3.77006 2.74894 
1.32914 1.22364 2.4749 
3.77006 1.22364 4.91783 
1.19564 3.71739 2.59467 
1.19564 2.44113 1.32114 
1.19564 2.55531 3.73341 
1.19564 1.36276 2.54043 
3.71739 2.44113 1.28377 
2.44113 2.55531 4.96517 
2.44113 1.36276 3.7401 
2.55531 1.36276 1.23436 
3.78222 1.19479 2.59925 
3.78222 2.53142 1.25486 
1.19479 2.53142 1.3455 
2.59925 1.25486 1.3455 
2.59925 1.35938 3.89537 
1.25486 2.54674 3.71937 
1.25486 1.35938 2.56031 
2.54674 4.6052 2.53883 
2.54674 1.35938 1.254 
4.6052 1.35938 3.58669 
1.3455 3.89537 2.56031 
4.59473 4.30934 2.53883 
4.46446 1.2281 4.77771 
4.46446 4.08377 2.59467 
4.46446 4.00078 1.32114 
1.2281 4.08377 3.91346 
1.2281 3.51932 2.45202 
1.2281 4.00078 4.11465 
4.08377 4.00078 1.28377 
4.60892 2.5251 3.91346 
4.60892 3.8065 4.11465 
2.5251 3.8065 1.28377 
4.77771 2.59467 3.91346 
4.77771 1.32114 4.11465 
2.59467 1.32114 1.28377 
1.32114 3.73341 4.96517 
1.32114 2.54043 3.7401 
3.73341 2.54043 1.23436 
3.94396 1.42269 2.5474 
1.42269 1.24231 2.60648 
1.42269 3.79339 4.98801 
1.42269 2.57777 3.88724 
1.24231 3.79339 2.60975 
1.24231 2.57777 1.35015 
3.79339 2.57777 1.33259 
4.59053 1.35563 4.55775 
4.59053 2.47739 2.45202 
4.59053 2.51785 4.66597 
1.35563 2.47739 2.77863 
1.35563 2.51785 1.23639 
1.35563 3.84194 4.74935 
1.35563 1.39328 2.36345 
2.47739 2.51785 3.19351 
2.47739 4.71621 4.55183 
2.47739 1.39328 3.76172 
2.51785 1.39328 3.55468 
4.38942 3.84194 1.34273 
4.38942 1.39328 3.19567 
4.71621 1.39328 4.85748 
3.84194 1.39328 2.4749 
3.91346 4.11465 1.28377 
4.55775 2.45202 2.77863 
4.55775 4.66597 1.23639 
2.45202 4.66597 3.19351 
3.71937 2.56031 1.254 
2.60648 4.98801 2.60975 
2.60648 3.88724 1.35015 
4.98801 3.88724 1.33259 
2.60975 1.35015 1.33259 
2.60975 3.92669 1.34273 
1.35015 3.92669 2.6732 
2.77863 1.23639 3.19351 
2.77863 2.36345 3.76172 
1.23639 2.36345 3.55468 
4.74935 2.36345 2.4749 
3.19351 3.76172 3.55468 
4.55183 3.76172 4.85748 
4.96517 3.7401 1.23436 
4.84355 2.53883 4.84898 
2.53883 1.254 3.58669 
4.545 1.34273 4.07468 
4.545 3.33773 1.3969 
1.33259 1.34273 2.6732 
1.33259 3.33773 4.33653 
1.33259 3.19567 4.16307 
1.34273 3.33773 2.74894 
1.34273 3.19567 2.4749 
3.33773 3.19567 4.91783 
4.07468 1.3969 2.74894 
1.3969 1.26349 2.65684 
2.6732 4.33653 2.74894 
2.6732 4.16307 2.4749 
4.33653 4.16307 4.91783 
2.74894 2.4749 4.91783 
