0.0971098
-0.647425
-0.647424
0.0971103
0.0759098
-0.735983
-0.845616
-0.845616
-0.460013
-0.903851
-0.735983
-0.735983
-0.741159
-0.735984
-0.460015
0.0759098
-0.460014
-0.845616
-0.845616
-0.735983
0.075913
-0.735985
-0.845616
-0.845616
-0.735985
-0.741159
-0.460015
-0.735984
0.0759115
0.0971099
-0.845616
-0.845616
0.0971104
-0.90385
-0.735984
-0.741162
-0.90385
-0.735983
0.0759116
0.0971086
-0.845616
-0.845616
-0.460015
0.0759102
-0.460014
-0.845616
-0.845616
0.0971109
-0.741159
-0.735984
-0.74116
-0.735983
0.0876707
-0.720053
-0.647424
0.0971105
0.0759151
0.0876714
-0.720051
-0.845615
-0.735984
-0.903849
-0.738279
-0.741159
-0.460017
0.0759098
-0.464101
-0.845616
0.0971098
0.0759069
0.0876707
-0.890534
-0.845617
-0.460016
-0.74116
-0.464101
-0.735983
0.0759115
-0.738279
-0.890533
-0.845616
-0.903849
-0.735986
-0.741162
-0.738282
-0.735985
-0.90385
-0.738281
-0.735984
0.0759063
-0.73828
-0.845617
-0.460013
0.0759155
-0.464098
-0.720051
-0.845615
-0.735982
-0.741159
-0.738277
-0.890533
-0.74116
0.0971103
-0.720054
-0.845616
-0.738278
0.0759098
-0.735983
-0.890534
-0.738279
-0.903851
-0.735983
-0.738279
-0.741159
-0.735984
-0.890534
-0.845616
-0.464098
0.0759098
-0.460013
-0.845616
-0.738281
0.075913
-0.735985
-0.464099
-0.741159
-0.460015
-0.845616
0.0876708
0.0759115
0.0971104
-0.720054
-0.90385
-0.741162
-0.738279
-0.90385
-0.735983
-0.845616
0.0876695
0.0759116
0.0971091
-0.890535
-0.845616
-0.464098
0.0759102
-0.460014
-0.720054
-0.741159
-0.738278
-0.74116
-0.735983
0.0971103
-0.647424
-0.647424
0.0971023
0.0759098
-0.460017
-0.845616
-0.845616
-0.735985
-0.903849
-0.741161
0.0759151
0.097111
-0.845615
-0.845615
0.097107
0.0759069
0.0971103
-0.845617
-0.845617
-0.46002
-0.741159
-0.735986
-0.735984
0.0759115
-0.735984
-0.845616
-0.845616
-0.460017
-0.90385
-0.735984
-0.735986
-0.74116
-0.460016
-0.735986
-0.90385
-0.735985
-0.735984
0.0759116
-0.460013
-0.845616
-0.845616
0.0971053
0.0759102
-0.735984
-0.845616
-0.845616
-0.735985
-0.741162
-0.74116
-0.735983
-0.460014
0.0876707
-0.720054
-0.845616
-0.460013
0.0759098
-0.464098
-0.735983
-0.903851
-0.738279
-0.460015
-0.741159
-0.464099
-0.845616
-0.735983
0.0759098
-0.738278
-0.890534
-0.845616
-0.735985
0.075913
-0.738281
-0.735984
-0.741159
-0.73828
-0.890534
-0.845616
0.0971104
0.0759115
0.0876707
-0.720054
-0.735984
-0.90385
-0.738279
-0.741162
-0.90385
-0.845616
-0.460015
0.0759116
-0.4641
-0.720054
-0.845616
0.0971109
0.0759102
0.0876713
-0.890534
-0.735984
-0.741159
-0.73828
-0.74116
-0.460017
-0.845616
-0.464101
0.0759098
-0.903849
-0.741161
0.097111
-0.720051
-0.845615
0.0876714
0.0759151
0.0971103
-0.890534
-0.845617
0.0876707
0.0759069
-0.735986
-0.738282
-0.741159
-0.735984
-0.890533
-0.845616
-0.738279
0.0759115
-0.735984
-0.738279
-0.90385
-0.460016
-0.464101
-0.74116
-0.735985
-0.738281
-0.90385
-0.460013
-0.720052
-0.845616
-0.464098
0.0759116
-0.735984
-0.845616
-0.73828
0.0759102
-0.741162
-0.735983
-0.890532
-0.738279
-0.74116
0.0971023
-0.647424
-0.845615
0.097111
0.0759151
0.097107
-0.845615
-0.735984
-0.903849
-0.735986
-0.741159
-0.735984
-0.845616
-0.460017
0.0759098
-0.735985
-0.845616
-0.845617
0.0971103
0.0759069
-0.46002
-0.845617
-0.460016
-0.74116
-0.735986
-0.845616
-0.735983
0.0759115
-0.460017
-0.845616
-0.903849
-0.735984
-0.735986
-0.741162
-0.735985
-0.90385
-0.845617
-0.735984
0.0759063
-0.735987
-0.845617
-0.845615
-0.460013
0.0759155
0.0971075
-0.845615
-0.735982
-0.741159
-0.460016
-0.74116
0.0876728
-0.890535
-0.845616
-0.735985
0.0759098
-0.738278
-0.903849
-0.741161
-0.720054
-0.845615
0.097107
0.0759151
0.0876775
-0.720054
-0.845617
-0.46002
0.0759069
-0.4641
-0.735984
-0.741159
-0.738277
-0.845616
-0.460017
0.0759115
-0.464097
-0.735986
-0.90385
-0.738279
-0.890535
-0.735986
-0.74116
-0.738279
-0.735984
-0.90385
-0.738277
-0.890534
-0.845616
0.0971053
0.0759116
0.0876758
-0.845616
-0.735985
0.0759102
-0.738278
-0.741162
-0.460014
-0.74116
-0.464095
0.097107
-0.720054
-0.845615
0.0876775
0.0759151
-0.735986
-0.738279
-0.903849
-0.735984
-0.738277
-0.741159
-0.735985
-0.890535
-0.845616
-0.738278
0.0759098
-0.46002
-0.720054
-0.845617
-0.4641
0.0759069
-0.735986
-0.890535
-0.738279
-0.74116
-0.460017
-0.845616
-0.464097
0.0759115
-0.735984
-0.738277
-0.903849
-0.741162
-0.90385
-0.735987
-0.845617
-0.73828
0.0759063
0.0971075
-0.890534
-0.845615
0.0876779
0.0759155
-0.460016
-0.464096
-0.741159
-0.74116
0.0971116
-0.647425
-0.647424
0.0971103
0.0759098
-0.735985
-0.845616
-0.845616
-0.460016
-0.903849
-0.735983
-0.735983
-0.741162
-0.735984
0.0759098
-0.460016
-0.845616
-0.845616
-0.735986
0.0759069
-0.735985
-0.845617
-0.845617
-0.735985
-0.741159
-0.460015
-0.735984
-0.74116
-0.735983
-0.460013
-0.903849
-0.735984
-0.741162
-0.90385
-0.735986
0.075914
0.097112
-0.845616
-0.845615
0.0971108
0.0759155
-0.460014
-0.845615
-0.845615
0.0971109
-0.741159
-0.735984
0.0876724
-0.720052
-0.647424
0.0971068
0.0759068
0.0876678
-0.720053
-0.845617
-0.735985
-0.903849
-0.73828
-0.741159
-0.460014
0.0759121
-0.464098
-0.845616
0.0971084
0.0759069
0.0876693
-0.890533
-0.845617
-0.460018
-0.741159
-0.464102
-0.741159
-0.90385
-0.735985
-0.74116
-0.73828
-0.735985
-0.90385
-0.73828
-0.735982
0.075914
-0.738277
-0.890532
-0.845615
-0.460013
0.0759102
-0.464098
-0.720052
-0.845616
-0.735984
-0.741162
-0.738279
-0.890534
0.0971121
-0.720054
-0.845616
-0.73828
0.0759098
-0.735984
-0.890535
-0.738279
-0.903849
-0.735983
-0.738279
-0.741162
-0.735984
-0.845616
-0.464101
0.0759098
-0.460016
-0.845617
-0.73828
0.0759069
-0.735985
-0.464099
-0.741159
-0.460015
-0.738278
-0.74116
-0.735983
-0.890534
-0.903849
-0.741162
-0.738281
-0.90385
-0.735985
-0.845616
0.0876729
0.075914
0.0971125
-0.720054
-0.845615
-0.464098
0.0759155
-0.460014
-0.720054
-0.741159
0.0971103
-0.647424
-0.647424
0.0971059
0.0759068
-0.460017
-0.845617
-0.845617
-0.735986
-0.903849
-0.741159
-0.735984
-0.460016
0.0759068
0.097111
-0.845617
-0.845617
0.0971039
0.0759069
0.0971071
-0.845617
-0.845617
-0.460018
-0.741159
-0.735986
-0.735984
-0.741159
-0.90385
-0.735985
-0.735986
-0.741162
-0.460016
-0.735986
-0.90385
-0.735985
-0.735985
0.075914
-0.735982
-0.845615
-0.845615
-0.460015
0.0759102
-0.735983
-0.845616
-0.845616
-0.735985
-0.741162
0.0876707
-0.720054
-0.845616
-0.460016
0.0759098
-0.464101
-0.735983
-0.903849
-0.738279
-0.741162
-0.845616
-0.735986
0.0759098
-0.738282
-0.890535
-0.845617
-0.735985
0.0759069
-0.738281
-0.735984
-0.741159
-0.73828
-0.890534
-0.460013
-0.74116
-0.464098
-0.735984
-0.903849
-0.738279
-0.741162
-0.90385
-0.845615
0.0971108
0.075914
0.0876712
-0.720053
-0.845615
0.0971109
0.0759155
0.0876713
-0.890534
-0.735984
-0.741159
-0.73828
-0.460017
-0.845617
-0.464101
0.0759068
-0.903849
-0.735984
-0.890533
-0.738279
-0.741159
0.097111
-0.720052
-0.845617
0.0876714
0.0759068
0.0971071
-0.890533
-0.845617
0.0876675
0.0759069
-0.735986
-0.738282
-0.741159
-0.741159
-0.735985
-0.73828
-0.90385
-0.460016
-0.464101
-0.741162
-0.735985
-0.738281
-0.90385
-0.735982
-0.890532
-0.845615
-0.738278
0.075914
-0.735983
-0.845616
-0.738278
0.0759102
-0.741162
0.0971059
-0.647424
-0.845617
0.0971074
0.0759068
0.0971021
-0.845617
-0.735985
-0.903849
-0.735987
-0.741159
-0.845616
-0.460014
0.0759121
-0.735986
-0.845616
-0.845617
0.0971089
0.0759069
-0.460018
-0.845617
-0.460018
-0.741159
-0.735986
-0.741159
-0.735984
-0.90385
-0.735986
-0.735984
-0.74116
-0.735985
-0.90385
-0.845615
-0.735982
0.075914
-0.460015
-0.845615
-0.845616
-0.460013
0.0759102
0.0971057
-0.845616
-0.735984
-0.741162
-0.460019
0.0876764
-0.890535
-0.845617
-0.735986
0.0759068
-0.738279
-0.903849
-0.460016
-0.741159
-0.464096
-0.720054
-0.845617
0.0971039
0.0759068
0.0876744
-0.720055
-0.845617
-0.460018
0.0759069
-0.464099
-0.735984
-0.741159
-0.738277
-0.741159
-0.735986
-0.90385
-0.738279
-0.890535
-0.735986
-0.741162
-0.738279
-0.735985
-0.90385
-0.738278
-0.845615
-0.460015
0.075914
-0.464095
-0.845616
-0.735985
0.0759102
-0.738278
-0.741162
0.0971021
-0.720055
-0.845617
0.0876726
0.0759068
-0.735987
-0.73828
-0.903849
-0.741159
-0.735986
-0.890534
-0.845616
-0.738279
0.0759121
-0.460018
-0.720054
-0.845617
-0.464099
0.0759069
-0.735986
-0.890535
-0.738279
-0.741159
-0.735984
-0.738277
-0.741159
-0.735986
-0.738279
-0.90385
-0.74116
-0.90385
-0.460015
-0.845615
-0.464095
0.075914
0.0971057
-0.890534
-0.845616
0.0876761
0.0759102
-0.460019
-0.464099
-0.741162
0.0971084
-0.647425
-0.647424
0.0971071
0.0759121
-0.735985
-0.845616
-0.845616
-0.460016
-0.741162
-0.735985
0.0759068
-0.460018
-0.845617
-0.845617
-0.735986
0.0759069
-0.735985
-0.845617
-0.845617
-0.735985
-0.903849
-0.735982
-0.735982
-0.741158
-0.735983
-0.460013
-0.903849
-0.735982
-0.741162
-0.741159
-0.460015
-0.735984
0.075914
0.097112
-0.845616
-0.845615
0.0971108
0.0759155
-0.460014
-0.845615
-0.845615
0.0971109
-0.741159
-0.735982
0.0876693
-0.720052
-0.647424
0.0971105
0.0759098
0.0876714
-0.720052
-0.845616
-0.741159
-0.460014
0.0759098
-0.464098
-0.845616
0.0971116
0.075913
0.0876724
-0.890532
-0.845616
-0.735983
-0.90385
-0.738278
-0.741161
-0.903849
-0.735983
-0.741159
-0.738278
-0.460016
-0.74116
-0.4641
-0.735985
0.0759079
-0.73828
-0.890533
-0.845617
-0.460016
0.0759071
-0.4641
-0.720052
-0.845617
-0.735985
-0.741162
-0.73828
-0.890533
0.0971089
-0.720055
-0.845616
-0.73828
0.0759121
-0.735984
-0.890535
-0.73828
-0.741162
-0.735985
-0.845617
-0.464102
0.0759068
-0.460018
-0.845617
-0.73828
0.0759069
-0.735985
-0.738277
-0.903849
-0.735982
-0.738278
-0.741158
-0.735983
-0.890534
-0.903849
-0.741162
-0.464099
-0.741159
-0.460015
-0.845616
0.0876729
0.075914
0.0971125
-0.720054
-0.845615
-0.464098
0.0759155
-0.460014
-0.720054
-0.741159
0.0971071
-0.647424
-0.647424
0.0971059
0.0759098
-0.460014
-0.845616
-0.845616
-0.735985
-0.741162
-0.735985
-0.460016
0.0759098
0.097111
-0.845616
-0.845616
0.0971052
0.075913
0.0971103
-0.845616
-0.845616
-0.460016
-0.90385
-0.741161
-0.90385
-0.735984
-0.735984
-0.741159
-0.460013
-0.735984
-0.74116
-0.735984
-0.735986
0.0759079
-0.735984
-0.845617
-0.845617
-0.460018
0.0759071
-0.735984
-0.845617
-0.845617
-0.735986
-0.741159
0.0876675
-0.720054
-0.845616
-0.460016
0.0759121
-0.464101
-0.741162
-0.845617
-0.735986
0.0759068
-0.738282
-0.890535
-0.845617
-0.735985
0.0759069
-0.738281
-0.735982
-0.903849
-0.738278
-0.460013
-0.741158
-0.464098
-0.735982
-0.903849
-0.738277
-0.741162
-0.735984
-0.741159
-0.73828
-0.890534
-0.845615
0.0971108
0.075914
0.0876712
-0.720053
-0.845615
0.0971109
0.0759155
0.0876713
-0.890534
-0.735982
-0.741159
-0.738277
-0.460014
-0.845616
-0.464098
0.0759098
-0.735985
-0.890533
-0.73828
-0.741162
0.097111
-0.720052
-0.845616
0.0876714
0.0759098
0.0971103
-0.890532
-0.845616
0.0876707
0.075913
-0.90385
-0.741161
-0.735984
-0.738279
-0.90385
-0.460013
-0.464098
-0.741159
-0.735984
-0.73828
-0.74116
-0.735984
-0.890533
-0.845617
-0.73828
0.0759079
-0.735984
-0.845617
-0.73828
0.0759071
-0.741159
0.0971059
-0.647424
-0.845616
0.097111
0.0759098
0.0971052
-0.845616
-0.741159
-0.845616
-0.460014
0.0759098
-0.735985
-0.845616
-0.845616
0.0971121
0.075913
-0.460016
-0.845616
-0.735983
-0.90385
-0.735986
-0.741161
-0.735986
-0.903849
-0.735985
-0.735983
-0.741159
-0.460015
-0.74116
-0.735985
-0.845617
-0.735985
0.0759079
-0.460018
-0.845617
-0.845617
-0.460016
0.0759071
0.0971026
-0.845617
-0.735985
-0.741162
-0.460016
0.0876764
-0.890534
-0.845616
-0.735985
0.0759098
-0.738278
-0.460016
-0.741162
-0.464096
-0.720054
-0.845616
0.0971052
0.0759098
0.0876757
-0.720054
-0.845616
-0.460016
0.075913
-0.464096
-0.90385
-0.741161
-0.735984
-0.90385
-0.738277
-0.890534
-0.735984
-0.741159
-0.738277
-0.735986
-0.74116
-0.738279
-0.845617
-0.460018
0.0759079
-0.464098
-0.845617
-0.735986
0.0759071
-0.738279
-0.741159
0.0971052
-0.720054
-0.845616
0.0876757
0.0759098
-0.741159
-0.735985
-0.890534
-0.845616
-0.738278
0.0759098
-0.460016
-0.720054
-0.845616
-0.464096
0.075913
-0.735986
-0.738279
-0.90385
-0.735986
-0.738279
-0.741161
-0.735985
-0.738278
-0.903849
-0.741159
-0.735985
-0.890535
-0.738278
-0.74116
-0.460018
-0.845617
-0.464098
0.0759079
0.0971026
-0.890535
-0.845617
0.087673
0.0759071
-0.460016
-0.464096
-0.741162
0.0971098
-0.647425
-0.647424
0.0971121
-0.741161
-0.735985
-0.741159
-0.735984
0.0759151
-0.460014
-0.845615
-0.845615
-0.735983
0.0759141
-0.735985
-0.845616
-0.845615
-0.460015
-0.90385
-0.735985
-0.735984
-0.741161
-0.735986
-0.460016
-0.903849
-0.735985
0.0759105
-0.735984
-0.845616
-0.845616
-0.735984
-0.74116
-0.460016
-0.735984
0.0759079
0.0971071
-0.845617
-0.845617
0.0971095
0.0759071
-0.460017
-0.845617
-0.845617
0.0971109
0.0876707
-0.720052
-0.647424
-0.735984
-0.741161
-0.738279
-0.890533
-0.741162
-0.460014
0.0759098
-0.464098
-0.845616
0.0971121
0.075911
0.087673
-0.720052
-0.845616
-0.735984
-0.90385
-0.738279
-0.741161
-0.90385
0.0971094
0.0759105
0.0876703
-0.890533
-0.845616
-0.460014
-0.74116
-0.464098
-0.735985
0.0759079
-0.73828
-0.890533
-0.845617
-0.460016
0.0759071
-0.4641
-0.720052
-0.845617
0.0971103
-0.720054
-0.741161
-0.738279
-0.741159
-0.735984
-0.845615
-0.464098
0.0759151
-0.460013
-0.845616
-0.73828
0.0759141
-0.735984
-0.890535
-0.73828
-0.90385
-0.735985
-0.738281
-0.741161
-0.735986
-0.890535
-0.903849
-0.845616
-0.738279
0.0759105
-0.735984
-0.4641
-0.74116
-0.460016
-0.845617
0.087668
0.0759079
0.0971076
-0.720054
-0.845617
-0.464101
0.0759071
-0.460017
-0.720054
0.0971121
-0.647424
-0.647424
0.0971059
-0.741161
-0.741162
-0.735984
-0.460019
0.0759098
0.097111
-0.845616
-0.845616
0.0971052
0.075911
-0.460012
-0.845616
-0.845616
-0.735985
-0.90385
-0.74116
-0.90385
-0.735984
-0.735986
0.0759105
0.0971098
-0.845616
-0.845616
-0.460016
-0.74116
-0.735983
-0.735986
0.0759079
-0.735984
-0.845617
-0.845617
-0.460018
0.0759124
-0.735984
-0.845616
-0.845616
-0.735986
0.0876724
-0.720054
-0.735985
-0.741161
-0.73828
-0.741159
-0.845615
-0.735983
0.0759151
-0.738278
-0.890534
-0.845615
-0.460015
0.0759141
-0.4641
-0.735984
-0.90385
-0.73828
-0.460016
-0.741161
-0.4641
-0.735985
-0.903849
-0.73828
-0.845616
-0.735984
0.0759105
-0.738279
-0.735984
-0.74116
-0.738279
-0.890535
-0.845617
0.0971095
0.0759079
0.0876699
-0.720055
-0.845617
0.0971109
0.0759071
0.0876713
-0.890535
-0.741161
-0.735984
-0.890534
-0.738279
-0.741162
0.097111
-0.720052
-0.845616
0.0876714
0.0759098
-0.460012
-0.845616
-0.464097
0.075911
-0.90385
-0.74116
-0.735984
-0.738279
-0.90385
0.0971098
-0.890533
-0.845616
0.0876702
0.0759105
-0.735983
-0.738278
-0.74116
-0.735984
-0.890533
-0.845617
-0.73828
0.0759079
-0.735984
-0.845616
-0.73828
0.0759124
0.0971059
-0.647424
-0.735984
-0.741161
-0.460018
-0.741162
-0.845616
-0.460014
0.0759098
-0.735985
-0.845616
-0.845616
0.0971127
0.075911
0.0971048
-0.845616
-0.735983
-0.90385
-0.735986
-0.741161
-0.735986
-0.90385
-0.735985
-0.845616
0.0971099
0.0759105
-0.460017
-0.845616
-0.460014
-0.74116
-0.735985
-0.845617
-0.735985
0.0759079
-0.460018
-0.845617
-0.845617
-0.460016
0.0759071
0.0971044
-0.845617
0.0876764
-0.741161
-0.460019
-0.741162
-0.464099
-0.720054
-0.845616
0.0971052
0.0759098
0.0876757
-0.890533
-0.845616
-0.735985
0.075911
-0.738278
-0.90385
-0.74116
-0.735986
-0.90385
-0.738279
-0.720054
-0.845616
-0.460016
0.0759105
-0.464096
-0.735986
-0.74116
-0.738279
-0.845617
-0.460018
0.0759079
-0.464098
-0.845616
-0.735986
0.0759124
-0.738279
-0.460018
-0.464098
-0.741161
-0.741162
-0.735985
-0.890534
-0.845616
-0.738278
0.0759098
0.0971048
-0.720053
-0.845616
0.0876752
0.075911
-0.735986
-0.738279
-0.90385
-0.735986
-0.738278
-0.741161
-0.735985
-0.738278
-0.90385
-0.460017
-0.720054
-0.845616
-0.464098
0.0759105
-0.735985
-0.890534
-0.738278
-0.74116
-0.460018
-0.845617
-0.464098
0.0759079
0.0971044
-0.890535
-0.845617
0.0876748
0.0759071
0.0971098
-0.647425
-0.647424
0.0971121
0.0759098
-0.735986
-0.845616
-0.845616
-0.460016
-0.903849
-0.735983
-0.735983
-0.741161
-0.735984
-0.460015
0.0759098
-0.460016
-0.845616
-0.845616
-0.735984
0.0759069
-0.735985
-0.845617
-0.845617
-0.735985
-0.741159
-0.460014
-0.735984
0.0759115
0.0971099
-0.845616
-0.845616
0.0971104
-0.90385
-0.735984
-0.741162
-0.90385
-0.735983
0.0759116
0.0971122
-0.845616
-0.845616
-0.460015
0.0876707
-0.720052
-0.647424
0.0971105
0.0759068
0.0876714
-0.720052
-0.845617
-0.735985
-0.903849
-0.73828
-0.741159
-0.460017
0.0759068
-0.464101
-0.845617
0.0971066
0.0759069
0.0876675
-0.890533
-0.845617
-0.460016
-0.741159
-0.464101
-0.735983
0.0759115
-0.738279
-0.890533
-0.845616
-0.903849
-0.735986
-0.741162
-0.738282
-0.735985
-0.90385
-0.738281
-0.735984
0.0759116
-0.73828
-0.845616
0.0971103
-0.720054
-0.845616
-0.738282
0.0759098
-0.735986
-0.890535
-0.738279
-0.903849
-0.735983
-0.738279
-0.741161
-0.735984
-0.890534
-0.845616
-0.464101
0.0759098
-0.460016
-0.845617
-0.738281
0.0759069
-0.735985
-0.464098
-0.741159
-0.460013
-0.845616
0.0876708
0.0759115
0.0971104
-0.720054
-0.90385
-0.741162
-0.738279
-0.90385
-0.735983
-0.845616
0.0876731
0.0759116
0.0971127
-0.890535
0.0971121
-0.647424
-0.647424
0.0971059
0.0759121
-0.460014
-0.845616
-0.845616
-0.735986
-0.903849
-0.741159
0.0759068
0.0971074
-0.845617
-0.845617
0.0971021
0.0759069
0.0971089
-0.845617
-0.845617
-0.460018
-0.74116
-0.735984
-0.735984
0.0759115
-0.735983
-0.845616
-0.845616
-0.460015
-0.903849
-0.735985
-0.735987
-0.741162
-0.460018
-0.735986
-0.90385
-0.735985
-0.735985
0.0759063
-0.460015
-0.845617
-0.845617
0.0971053
0.0876724
-0.720054
-0.845616
-0.460016
0.0759098
-0.464101
-0.735983
-0.903849
-0.738279
-0.460015
-0.741161
-0.464099
-0.845616
-0.735984
0.0759098
-0.73828
-0.890535
-0.845617
-0.735985
0.0759069
-0.73828
-0.735984
-0.741159
-0.73828
-0.890534
-0.845616
0.0971104
0.0759115
0.0876707
-0.720054
-0.735984
-0.90385
-0.738279
-0.741162
-0.90385
-0.845616
-0.460015
0.0759116
-0.4641
-0.720053
-0.460014
-0.845616
-0.464098
0.0759121
-0.903849
-0.741159
0.0971074
-0.720053
-0.845617
0.0876678
0.0759068
0.0971089
-0.890533
-0.845617
0.0876693
0.0759069
-0.735984
-0.73828
-0.74116
-0.735983
-0.890532
-0.845616
-0.738279
0.0759115
-0.735985
-0.73828
-0.903849
-0.460018
-0.464102
-0.741162
-0.735985
-0.73828
-0.90385
-0.460015
-0.720052
-0.845617
-0.464099
0.0759063
0.0971059
-0.647424
-0.845617
0.097111
0.0759068
0.0971039
-0.845617
-0.735985
-0.903849
-0.735986
-0.741159
-0.735984
-0.845617
-0.460017
0.0759068
-0.735986
-0.845617
-0.845617
0.0971071
0.0759069
-0.460018
-0.845617
-0.460016
-0.741159
-0.735986
-0.845616
-0.735983
0.0759115
-0.460017
-0.845616
-0.903849
-0.735984
-0.735986
-0.741162
-0.735985
-0.90385
-0.845616
-0.735984
0.0759116
-0.735987
-0.845616
0.0876764
-0.890534
-0.845616
-0.735986
0.0759121
-0.738279
-0.903849
-0.741159
-0.720055
-0.845617
0.0971021
0.0759068
0.0876726
-0.720054
-0.845617
-0.460018
0.0759069
-0.464099
-0.735984
-0.74116
-0.738277
-0.845616
-0.460015
0.0759115
-0.464096
-0.735987
-0.903849
-0.73828
-0.890535
-0.735986
-0.741162
-0.738279
-0.735985
-0.90385
-0.738278
-0.890534
-0.845617
0.0971053
0.0759063
0.0876758
0.0971039
-0.720054
-0.845617
0.0876744
0.0759068
-0.735986
-0.738279
-0.903849
-0.735984
-0.738277
-0.741159
-0.735986
-0.890535
-0.845617
-0.738279
0.0759068
-0.460018
-0.720055
-0.845617
-0.464099
0.0759069
-0.735986
-0.890535
-0.738279
-0.741159
-0.460017
-0.845616
-0.464097
0.0759115
-0.735984
-0.738277
-0.903849
-0.741162
-0.90385
-0.735987
-0.845616
-0.73828
0.0759116
0.0971066
-0.647425
-0.647424
0.0971071
0.0759068
-0.735985
-0.845617
-0.845617
-0.460016
-0.903849
-0.735983
-0.735983
-0.741162
-0.735985
0.0759068
-0.460016
-0.845617
-0.845617
-0.735984
0.0759069
-0.735985
-0.845617
-0.845617
-0.735985
-0.741159
-0.460015
-0.735984
-0.741159
-0.735983
-0.460013
-0.903849
-0.735984
-0.741162
-0.90385
-0.735983
0.0876675
-0.720053
-0.647424
0.0971105
0.0759151
0.0876714
-0.720051
-0.845615
-0.735984
-0.903849
-0.738279
-0.741162
-0.460017
0.0759098
-0.464101
-0.845616
0.0971098
0.075913
0.0876707
-0.890533
-0.845616
-0.460014
-0.741158
-0.464098
-0.74116
-0.90385
-0.735985
-0.741159
-0.73828
-0.735983
-0.903849
-0.738278
0.0971071
-0.720055
-0.845617
-0.73828
0.0759068
-0.735984
-0.890535
-0.738279
-0.903849
-0.735983
-0.73828
-0.741162
-0.735985
-0.845617
-0.464101
0.0759068
-0.460016
-0.845617
-0.738281
0.0759069
-0.735985
-0.464099
-0.741159
-0.460015
-0.738278
-0.741159
-0.735983
-0.890534
-0.903849
-0.741162
-0.738279
-0.90385
-0.735983
0.0971071
-0.647424
-0.647424
0.0971023
0.0759098
-0.460017
-0.845616
-0.845616
-0.735985
-0.903851
-0.741159
-0.735985
-0.460016
0.0759151
0.097111
-0.845615
-0.845615
0.097107
0.075913
0.0971103
-0.845616
-0.845616
-0.460017
-0.741159
-0.735985
-0.735987
-0.741161
-0.903849
-0.735984
-0.735984
-0.741158
-0.460013
-0.735984
-0.903849
-0.735983
-0.735985
0.0876675
-0.720055
-0.845617
-0.460016
0.0759068
-0.464101
-0.735983
-0.903849
-0.738279
-0.741162
-0.845617
-0.735984
0.0759068
-0.73828
-0.890535
-0.845617
-0.735985
0.0759069
-0.738281
-0.735984
-0.741159
-0.73828
-0.890534
-0.460013
-0.741159
-0.464098
-0.735984
-0.903849
-0.738279
-0.741162
-0.90385
-0.460017
-0.845616
-0.464101
0.0759098
-0.903851
-0.735985
-0.890533
-0.73828
-0.741159
0.097111
-0.720051
-0.845615
0.0876714
0.0759151
0.0971103
-0.890533
-0.845616
0.0876707
0.075913
-0.735985
-0.73828
-0.741159
-0.741161
-0.735984
-0.738279
-0.903849
-0.460013
-0.464098
-0.741158
-0.735983
-0.738278
-0.903849
0.0971023
-0.647424
-0.845615
0.097111
0.0759151
0.097107
-0.845615
-0.735984
-0.903849
-0.735984
-0.741162
-0.845616
-0.460017
0.0759098
-0.735985
-0.845616
-0.845616
0.0971103
0.075913
-0.460017
-0.845616
-0.460013
-0.741158
-0.735984
-0.74116
-0.735986
-0.90385
-0.735985
-0.735985
-0.741159
-0.735983
-0.903849
0.0876728
-0.890535
-0.845616
-0.735985
0.0759098
-0.738278
-0.903851
-0.460016
-0.741159
-0.464096
-0.720054
-0.845615
0.097107
0.0759151
0.0876775
-0.720054
-0.845616
-0.460017
0.075913
-0.464097
-0.735987
-0.741159
-0.73828
-0.741161
-0.735984
-0.903849
-0.738277
-0.890534
-0.735984
-0.741158
-0.738277
-0.735985
-0.903849
-0.738278
0.097107
-0.720054
-0.845615
0.0876775
0.0759151
-0.735984
-0.738277
-0.903849
-0.741162
-0.735985
-0.890535
-0.845616
-0.738278
0.0759098
-0.460017
-0.720054
-0.845616
-0.464097
0.075913
-0.735984
-0.890534
-0.738277
-0.741158
-0.735986
-0.738278
-0.74116
-0.735985
-0.738278
-0.90385
-0.741159
-0.903849
0.0971116
-0.647425
-0.647424
0.0971103
0.0759098
-0.735983
-0.845616
-0.845616
-0.460013
-0.741162
-0.735984
0.0759098
-0.460014
-0.845616
-0.845616
-0.735985
0.075913
-0.735983
-0.845616
-0.845616
-0.735983
-0.90385
-0.735984
-0.735985
-0.74116
-0.735984
-0.460016
-0.90385
-0.735985
-0.741159
0.0876724
-0.720052
-0.647424
0.0971068
0.0759098
0.0876678
-0.720052
-0.845616
-0.741159
-0.460014
0.0759151
-0.464098
-0.845615
0.0971116
0.075913
0.0876724
-0.890532
-0.845616
-0.735986
-0.90385
-0.738281
-0.741161
-0.903849
-0.735983
-0.741158
-0.738278
0.0971121
-0.720054
-0.845616
-0.738278
0.0759098
-0.735983
-0.890534
-0.738279
-0.741162
-0.735984
-0.845616
-0.464098
0.0759098
-0.460013
-0.845616
-0.738278
0.075913
-0.735982
-0.73828
-0.90385
-0.735984
-0.73828
-0.74116
-0.735984
-0.890535
-0.90385
-0.741159
0.0971103
-0.647424
-0.647424
0.0971059
0.0759098
-0.460017
-0.845616
-0.845616
-0.735985
-0.741159
-0.735984
-0.460016
0.0759098
0.097111
-0.845616
-0.845616
0.097107
0.075913
0.0971103
-0.845616
-0.845616
-0.460016
-0.90385
-0.741161
-0.903849
-0.735984
-0.735984
-0.741159
-0.460013
-0.735984
0.0876707
-0.720054
-0.845616
-0.460013
0.0759098
-0.464098
-0.741162
-0.845616
-0.735985
0.0759098
-0.73828
-0.890534
-0.845616
-0.735983
0.075913
-0.738278
-0.735985
-0.90385
-0.73828
-0.460016
-0.74116
-0.4641
-0.735985
-0.90385
-0.73828
-0.741159
-0.460017
-0.845616
-0.464101
0.0759098
-0.735984
-0.890533
-0.738279
-0.741159
0.097111
-0.720051
-0.845616
0.0876714
0.0759098
0.0971103
-0.890532
-0.845616
0.0876707
0.075913
-0.90385
-0.741161
-0.735984
-0.738279
-0.903849
-0.460013
-0.464098
-0.741159
0.0971059
-0.647424
-0.845616
0.0971074
0.0759098
0.0971052
-0.845616
-0.741159
-0.845615
-0.460014
0.0759151
-0.735985
-0.845615
-0.845616
0.0971121
0.075913
-0.460016
-0.845616
-0.735986
-0.90385
-0.735986
-0.741161
-0.735986
-0.903849
-0.735987
-0.735983
-0.741158
0.0876764
-0.890535
-0.845616
-0.735985
0.0759098
-0.738278
-0.460016
-0.741159
-0.464096
-0.720054
-0.845616
0.097107
0.0759098
0.0876775
-0.720054
-0.845616
-0.460016
0.075913
-0.464096
-0.90385
-0.741161
-0.735984
-0.903849
-0.738277
-0.890534
-0.735984
-0.741159
-0.738277
0.0971052
-0.720055
-0.845616
0.0876757
0.0759098
-0.741159
-0.735985
-0.890534
-0.845615
-0.738278
0.0759151
-0.460016
-0.720054
-0.845616
-0.464096
0.075913
-0.735986
-0.738279
-0.90385
-0.735986
-0.738279
-0.741161
-0.735987
-0.73828
-0.903849
-0.741158
0.0971116
-0.647425
-0.647424
0.0971103
-0.741158
-0.735983
-0.741162
-0.735984
0.0759098
-0.460015
-0.845616
-0.845616
-0.735985
0.075911
-0.735983
-0.845616
-0.845616
-0.460014
-0.903849
-0.735984
-0.735985
-0.74116
-0.735984
-0.460016
-0.90385
-0.735983
0.0876724
-0.720052
-0.647424
-0.735984
-0.741161
-0.738279
-0.890533
-0.741159
-0.460014
0.0759098
-0.464098
-0.845616
0.0971085
0.075911
0.0876694
-0.720052
-0.845616
-0.735984
-0.90385
-0.738279
-0.741161
-0.903849
0.0971121
-0.720054
-0.741158
-0.738279
-0.741162
-0.735984
-0.845616
-0.4641
0.0759098
-0.460015
-0.845616
-0.738278
0.075911
-0.735983
-0.890534
-0.73828
-0.903849
-0.735984
-0.73828
-0.74116
-0.735984
-0.890535
-0.90385
0.0971103
-0.647424
-0.647424
0.0971059
-0.741161
-0.741162
-0.735984
-0.460016
0.0759098
0.097111
-0.845616
-0.845616
0.0971052
0.075911
-0.460015
-0.845616
-0.845616
-0.735985
-0.90385
-0.741161
-0.90385
-0.735984
-0.735984
0.0876707
-0.720054
-0.735983
-0.741158
-0.738279
-0.741162
-0.845616
-0.735985
0.0759098
-0.73828
-0.890534
-0.845616
-0.460014
0.075911
-0.464098
-0.735985
-0.903849
-0.73828
-0.460016
-0.74116
-0.4641
-0.735983
-0.90385
-0.738278
-0.741161
-0.735984
-0.890533
-0.738279
-0.741162
0.097111
-0.720052
-0.845616
0.0876714
0.0759098
-0.460015
-0.845616
-0.4641
0.075911
-0.90385
-0.741161
-0.735984
-0.738279
-0.90385
0.0971059
-0.647424
-0.735984
-0.741161
-0.460018
-0.741159
-0.845616
-0.460014
0.0759098
-0.735985
-0.845616
-0.845616
0.097109
0.075911
0.0971048
-0.845616
-0.735983
-0.90385
-0.735986
-0.741161
-0.735986
-0.903849
-0.735985
0.0876764
-0.741161
-0.460016
-0.741162
-0.464096
-0.720054
-0.845616
0.0971052
0.0759098
0.0876757
-0.890535
-0.845616
-0.735985
0.075911
-0.738278
-0.90385
-0.741161
-0.735984
-0.90385
-0.738277
-0.460018
-0.464098
-0.741161
-0.741159
-0.735985
-0.890534
-0.845616
-0.738278
0.0759098
0.0971048
-0.720054
-0.845616
0.0876752
0.075911
-0.735986
-0.738279
-0.90385
-0.735986
-0.738279
-0.741161
-0.735985
-0.738278
-0.903849
0.0971066
-0.647425
-0.647424
0.0971089
0.0759068
-0.735986
-0.845617
-0.845617
-0.460018
-0.903849
-0.735984
-0.735983
-0.741161
-0.735984
-0.460015
0.0759121
-0.460016
-0.845616
-0.845616
-0.735984
0.0759069
-0.735985
-0.845617
-0.845617
-0.735985
-0.741159
-0.460014
-0.735982
0.0759115
0.0971081
-0.845616
-0.845616
0.0971104
0.0876675
-0.720052
-0.647424
0.0971105
0.0759098
0.0876714
-0.720052
-0.845616
-0.735984
-0.903851
-0.738279
-0.741162
-0.460014
0.0759098
-0.464098
-0.845616
0.0971098
0.075913
0.0876707
-0.890532
-0.845616
-0.460014
-0.741159
-0.464098
-0.735986
0.0759054
-0.738281
-0.890534
-0.845617
0.0971071
-0.720054
-0.845617
-0.738282
0.0759068
-0.735986
-0.890535
-0.738279
-0.903849
-0.735984
-0.738279
-0.741161
-0.735984
-0.890534
-0.845616
-0.464101
0.0759121
-0.460016
-0.845617
-0.738281
0.0759069
-0.735985
-0.464098
-0.741159
-0.460013
-0.845616
0.087669
0.0759115
0.0971086
-0.720054
0.0971089
-0.647424
-0.647424
0.0971059
0.0759098
-0.460014
-0.845616
-0.845616
-0.735985
-0.903849
-0.741162
0.0759098
0.097111
-0.845616
-0.845616
0.0971052
0.075913
0.0971121
-0.845616
-0.845616
-0.460016
-0.741159
-0.735983
-0.735987
0.0759054
-0.735985
-0.845617
-0.845617
-0.46002
0.0876693
-0.720055
-0.845617
-0.460018
0.0759068
-0.464102
-0.735983
-0.903849
-0.738279
-0.460015
-0.741161
-0.464099
-0.845616
-0.735984
0.0759121
-0.73828
-0.890535
-0.845617
-0.735985
0.0759069
-0.73828
-0.735982
-0.741159
-0.738278
-0.890534
-0.845616
0.0971104
0.0759115
0.0876707
-0.720054
-0.460014
-0.845616
-0.464098
0.0759098
-0.903849
-0.741162
0.097111
-0.720052
-0.845616
0.0876714
0.0759098
0.0971121
-0.890532
-0.845616
0.0876724
0.075913
-0.735983
-0.738278
-0.741159
-0.735985
-0.890534
-0.845617
-0.738281
0.0759054
0.0971059
-0.647424
-0.845616
0.097111
0.0759098
0.0971052
-0.845616
-0.735984
-0.903851
-0.735984
-0.741162
-0.735987
-0.845616
-0.460014
0.0759098
-0.735985
-0.845616
-0.845616
0.0971103
0.075913
-0.460016
-0.845616
-0.460013
-0.741159
-0.735984
-0.845617
-0.735986
0.0759054
-0.46002
-0.845617
0.0876764
-0.890534
-0.845616
-0.735985
0.0759098
-0.738278
-0.903849
-0.741162
-0.720054
-0.845616
0.0971052
0.0759098
0.0876757
-0.720054
-0.845616
-0.460016
0.075913
-0.464096
-0.735987
-0.741159
-0.73828
-0.845617
-0.46002
0.0759054
-0.4641
0.0971052
-0.720054
-0.845616
0.0876757
0.0759098
-0.735984
-0.738277
-0.903851
-0.735987
-0.73828
-0.741162
-0.735985
-0.890534
-0.845616
-0.738278
0.0759098
-0.460016
-0.720054
-0.845616
-0.464096
0.075913
-0.735984
-0.890534
-0.738277
-0.741159
-0.46002
-0.845617
-0.4641
0.0759054
0.0971098
-0.647425
-0.647424
0.0971121
0.0759098
-0.735985
-0.845616
-0.845616
-0.460013
-0.903851
-0.735986
-0.735986
-0.741159
-0.735984
0.0759098
-0.460014
-0.845616
-0.845616
-0.735983
0.075913
-0.735983
-0.845616
-0.845616
-0.735982
-0.741159
-0.460016
-0.735986
0.0876707
-0.720052
-0.647424
0.0971105
0.0759098
0.0876714
-0.720051
-0.845616
-0.735984
-0.903849
-0.738279
-0.741162
-0.460017
0.0759098
-0.464101
-0.845616
0.0971098
0.075913
0.0876707
-0.890532
-0.845616
-0.460014
-0.741159
-0.464098
0.0971103
-0.720054
-0.845616
-0.73828
0.0759098
-0.735985
-0.890534
-0.738281
-0.903851
-0.735985
-0.738279
-0.741159
-0.735984
-0.845616
-0.464098
0.0759098
-0.460013
-0.845616
-0.738278
0.075913
-0.735983
-0.464101
-0.741159
-0.460016
0.0971121
-0.647424
-0.647424
0.0971059
0.0759151
-0.460014
-0.845615
-0.845615
-0.735985
-0.903849
-0.741162
-0.735984
-0.460019
0.0759098
0.0971074
-0.845616
-0.845616
0.0971052
0.075913
0.0971121
-0.845616
-0.845616
-0.460016
-0.741158
-0.735983
-0.735987
0.0876724
-0.720054
-0.845616
-0.460013
0.0759098
-0.464098
-0.735986
-0.903851
-0.738281
-0.741159
-0.845616
-0.735983
0.0759098
-0.738278
-0.890534
-0.845616
-0.735982
0.075913
-0.738278
-0.735986
-0.741159
-0.738281
-0.890535
-0.460014
-0.845615
-0.464098
0.0759151
-0.903849
-0.735984
-0.890534
-0.738279
-0.741162
0.0971074
-0.720052
-0.845616
0.0876678
0.0759098
0.0971121
-0.890532
-0.845616
0.0876724
0.075913
-0.735983
-0.738278
-0.741158
0.0971059
-0.647424
-0.845616
0.097111
0.0759098
0.097107
-0.845616
-0.735984
-0.903849
-0.735984
-0.741162
-0.845616
-0.460017
0.0759098
-0.735985
-0.845616
-0.845616
0.0971103
0.075913
-0.460016
-0.845616
-0.460013
-0.741159
-0.735984
0.0876764
-0.890534
-0.845615
-0.735985
0.0759151
-0.738278
-0.903849
-0.460019
-0.741162
-0.464099
-0.720055
-0.845616
0.0971052
0.0759098
0.0876757
-0.720054
-0.845616
-0.460016
0.075913
-0.464096
-0.735987
-0.741158
-0.73828
0.097107
-0.720054
-0.845616
0.0876775
0.0759098
-0.735984
-0.738277
-0.903849
-0.741162
-0.735985
-0.890535
-0.845616
-0.738278
0.0759098
-0.460016
-0.720054
-0.845616
-0.464096
0.075913
-0.735984
-0.890534
-0.738277
-0.741159
0.0971098
-0.647425
-0.647424
0.0971103
0.0759098
-0.735983
-0.845616
-0.845616
-0.460013
-0.741162
-0.735984
0.0759098
-0.460014
-0.845616
-0.845616
-0.735983
0.075913
-0.735983
-0.845616
-0.845616
-0.735983
0.0876707
-0.720053
-0.647424
0.0971105
0.0759151
0.0876714
-0.720051
-0.845615
-0.741162
-0.460017
0.0759098
-0.464101
-0.845616
0.0971098
0.075913
0.0876707
-0.890533
-0.845616
0.0971103
-0.720054
-0.845616
-0.738278
0.0759098
-0.735983
-0.890534
-0.738279
-0.741162
-0.735984
-0.845616
-0.464098
0.0759098
-0.460013
-0.845616
-0.738278
0.075913
-0.735983
0.0971103
-0.647424
-0.647424
0.0971023
0.0759098
-0.460017
-0.845616
-0.845616
-0.735985
-0.741159
-0.735984
-0.460016
0.0759151
0.097111
-0.845615
-0.845615
0.097107
0.075913
0.0971103
-0.845616
-0.845616
-0.460017
0.0876707
-0.720054
-0.845616
-0.460013
0.0759098
-0.464098
-0.741162
-0.845616
-0.735983
0.0759098
-0.738278
-0.890534
-0.845616
-0.735983
0.075913
-0.738278
-0.460017
-0.845616
-0.464101
0.0759098
-0.735984
-0.890533
-0.738279
-0.741159
0.097111
-0.720051
-0.845615
0.0876714
0.0759151
0.0971103
-0.890533
-0.845616
0.0876707
0.075913
0.0971023
-0.647424
-0.845615
0.097111
0.0759151
0.097107
-0.845615
-0.741162
-0.845616
-0.460017
0.0759098
-0.735985
-0.845616
-0.845616
0.0971103
0.075913
-0.460017
-0.845616
0.0876728
-0.890535
-0.845616
-0.735985
0.0759098
-0.738278
-0.460016
-0.741159
-0.464096
-0.720054
-0.845615
0.097107
0.0759151
0.0876775
-0.720054
-0.845616
-0.460017
0.075913
-0.464097
0.097107
-0.720054
-0.845615
0.0876775
0.0759151
-0.741162
-0.735985
-0.890535
-0.845616
-0.738278
0.0759098
-0.460017
-0.720054
-0.845616
-0.464097
0.075913
0.0971116
-0.647425
-0.647424
0.0971103
-0.741161
-0.735983
-0.741162
-0.735984
0.0759098
-0.460014
-0.845616
-0.845616
-0.735985
0.0876724
-0.720052
-0.647424
-0.735985
-0.741161
-0.73828
-0.890533
-0.741159
-0.460014
0.0759151
-0.464098
-0.845615
0.0971121
-0.720054
-0.741161
-0.738279
-0.741162
-0.735984
-0.845616
-0.464098
0.0759098
-0.460013
0.0971103
-0.647424
-0.647424
0.0971059
-0.741161
-0.741159
-0.735984
-0.460016
0.0759098
0.097111
-0.845616
-0.845616
0.097107
0.0876707
-0.720054
-0.735983
-0.741161
-0.738279
-0.741162
-0.845616
-0.735985
0.0759098
-0.73828
-0.890534
-0.741161
-0.735984
-0.890533
-0.738279
-0.741159
0.097111
-0.720051
-0.845616
0.0876714
0.0759098
0.0971059
-0.647424
-0.735985
-0.741161
-0.460018
-0.741159
-0.845615
-0.460014
0.0759151
-0.735985
-0.845615
0.0876764
-0.741161
-0.460016
-0.741159
-0.464096
-0.720054
-0.845616
0.097107
0.0759098
0.0876775
-0.460018
-0.464098
-0.741161
-0.741159
-0.735985
-0.890534
-0.845615
-0.738278
0.0759151
0.0971116
-0.647425
-0.647424
0.0971103
0.0759151
-0.735983
-0.845615
-0.845615
-0.460013
-0.903849
-0.735986
-0.735986
-0.741162
-0.735986
-0.460016
0.0876724
-0.720052
-0.647424
0.0971105
0.0759098
0.0876714
-0.720052
-0.845616
-0.735984
-0.903851
-0.738279
-0.741163
0.0971121
-0.720054
-0.845615
-0.738278
0.0759151
-0.735983
-0.890534
-0.738281
-0.903849
-0.735985
-0.738281
-0.741162
-0.735986
-0.890535
0.0971103
-0.647424
-0.647424
0.0971059
0.0759098
-0.460014
-0.845616
-0.845616
-0.735985
-0.903851
-0.741162
0.0876707
-0.720054
-0.845615
-0.460013
0.0759151
-0.464098
-0.735986
-0.903849
-0.738281
-0.460016
-0.741162
-0.464101
-0.460014
-0.845616
-0.464098
0.0759098
-0.903851
-0.741162
0.0971059
-0.647424
-0.845616
0.097111
0.0759098
0.0971052
-0.845616
-0.735984
-0.903851
-0.735986
-0.741163
-0.735987
0.0876764
-0.890534
-0.845616
-0.735985
0.0759098
-0.738278
-0.903851
-0.741162
0.0971052
-0.720054
-0.845616
0.0876757
0.0759098
-0.735986
-0.738279
-0.903851
-0.735987
-0.73828
-0.741163
0.0971098
-0.647425
-0.647424
0.0971121
0.0759098
-0.735985
-0.845616
-0.845616
-0.460015
-0.903851
-0.735986
-0.735986
0.0876707
-0.720052
-0.647424
0.0971105
0.0759098
0.0876714
-0.720052
-0.845616
-0.735984
-0.903851
-0.738279
0.0971103
-0.720054
-0.845616
-0.73828
0.0759098
-0.735985
-0.890534
-0.738281
-0.903851
-0.735986
0.0971121
-0.647424
-0.647424
0.0971059
0.0759098
-0.460014
-0.845616
-0.845616
-0.735985
-0.903849
0.0876724
-0.720054
-0.845616
-0.460015
0.0759098
-0.4641
-0.735986
-0.903851
-0.738281
-0.460014
-0.845616
-0.464098
0.0759098
-0.903849
0.0971059
-0.647424
-0.845616
0.097111
0.0759098
0.0971052
-0.845616
-0.735984
-0.903851
-0.735984
0.0876764
-0.890534
-0.845616
-0.735985
0.0759098
-0.738278
-0.903849
0.0971052
-0.720054
-0.845616
0.0876757
0.0759098
-0.735984
-0.738277
-0.903851
0.0971098
-0.647425
-0.647424
0.0971121
0.0759098
-0.735985
-0.845616
-0.845616
-0.460013
0.0876707
-0.720052
-0.647424
0.0971105
0.0759098
0.0876714
-0.720051
-0.845616
0.0971103
-0.720054
-0.845616
-0.73828
0.0759098
-0.735985
-0.890534
0.0971121
-0.647424
-0.647424
0.0971059
0.0759151
-0.460014
-0.845615
-0.845615
-0.735985
0.0876724
-0.720054
-0.845616
-0.460013
0.0759098
-0.464098
-0.460014
-0.845615
-0.464098
0.0759151
0.0971059
-0.647424
-0.845616
0.097111
0.0759098
0.097107
-0.845616
0.0876764
-0.890534
-0.845615
-0.735985
0.0759151
-0.738278
0.097107
-0.720054
-0.845616
0.0876775
0.0759098
0.0971098
-0.647425
-0.647424
0.0971103
0.0876707
-0.720053
-0.647424
0.0971103
-0.720054
0.0971103
-0.647424
-0.647424
0.0971023
0.0876707
-0.720054
0.0971023
-0.647424
0.0876728
