4.47263 1.30648 4.94818 
4.47263 4.47727 4.16915 
4.47263 1.38884 4.62762 
4.47263 4.74972 3.90923 
4.47263 4.06674 4.76624 
4.47263 2.4284 4.87925 
4.47263 3.68608 3.69665 
4.47263 3.89486 4.12285 
4.47263 3.84176 4.80929 
4.47263 4.11385 4.12759 
4.47263 4.90748 1.24719 
4.47263 3.97452 4.36832 
4.47263 4.51117 2.98374 
4.47263 4.3538 1.35023 
4.47263 4.47001 3.68751 
4.47263 4.19576 3.10774 
4.47263 4.83807 3.40418 
4.47263 4.39452 2.56069 
4.47263 4.19427 3.91215 
3.86788 4.47727 2.4952 
3.86788 1.38884 3.52715 
3.86788 3.90842 3.55209 
3.86788 4.39466 4.89722 
3.86788 2.4284 2.61783 
3.86788 4.18604 3.64209 
3.86788 3.84176 1.34891 
3.86788 4.11385 4.1352 
3.86788 3.97452 3.80078 
3.86788 4.60497 1.50231 
3.86788 4.47001 4.9941 
3.86788 3.15238 1.39697 
3.86788 4.19427 4.43197 
1.30648 1.38884 2.25059 
1.30648 4.74972 4.83915 
1.30648 4.06674 3.75688 
1.30648 4.13774 4.24322 
1.30648 2.59984 1.40078 
1.30648 3.90842 4.79271 
1.30648 2.54355 2.57967 
1.30648 4.39466 4.94584 
1.30648 2.4284 3.49873 
1.30648 3.68608 3.21323 
1.30648 3.81202 4.01754 
1.30648 3.89486 3.88999 
1.30648 4.18604 3.35603 
1.30648 4.11385 3.39882 
1.30648 2.9219 2.20638 
1.30648 3.97452 3.42185 
1.30648 4.51117 3.4648 
1.30648 4.3538 4.6981 
1.30648 4.47001 3.87227 
1.30648 4.19576 3.33595 
1.30648 4.83807 3.78703 
1.30648 3.15238 4.37398 
1.30648 4.39452 4.46163 
1.30648 4.9375 4.48415 
1.30648 4.19427 4.04464 
1.30648 4.776 4.94397 
4.47727 1.38884 4.44803 
4.47727 4.74972 3.78366 
4.47727 3.90842 4.58734 
4.47727 2.4284 3.8299 
4.47727 3.89486 4.94139 
4.47727 3.84176 1.24271 
4.47727 4.11385 4.36909 
4.47727 4.90748 3.92236 
4.47727 3.97452 4.53818 
4.47727 4.60497 3.61495 
4.47727 4.3538 4.8217 
4.47727 4.47001 4.66452 
4.47727 3.15238 3.24684 
4.47727 4.19427 4.96066 
1.38884 2.59984 3.08752 
1.38884 3.90842 2.58231 
1.38884 2.54355 1.65368 
1.38884 4.39466 3.02742 
1.38884 2.4284 1.28821 
1.38884 3.68608 4.79722 
1.38884 3.81202 2.60372 
1.38884 3.89486 4.86369 
1.38884 4.18604 4.02694 
1.38884 3.84176 3.78555 
1.38884 4.11385 4.45705 
1.38884 2.9219 2.72742 
1.38884 3.97452 3.86432 
1.38884 4.60497 4.46753 
1.38884 4.3538 4.21605 
1.38884 3.15238 2.40834 
1.38884 4.39452 4.13564 
1.38884 4.19427 3.72104 
1.38884 4.776 3.58143 
4.74972 4.06674 3.09985 
4.74972 4.13774 2.50745 
4.74972 3.68608 2.49648 
4.74972 3.89486 1.25821 
4.74972 4.90748 3.35268 
4.74972 4.51117 4.30963 
4.74972 4.3538 4.8434 
4.74972 4.19576 3.47339 
4.74972 4.9375 4.64135 
4.06674 4.13774 1.36211 
4.06674 2.59984 4.4487 
4.06674 3.68608 1.37661 
4.06674 3.89486 1.92855 
4.06674 4.90748 4.03191 
4.06674 4.51117 3.61686 
4.06674 4.19576 2.35689 
4.06674 4.83807 4.87615 
4.06674 4.9375 1.5846 
4.06674 4.776 4.14961 
4.13774 3.68608 2.09312 
4.13774 3.89486 1.52285 
4.13774 4.90748 4.503 
4.13774 4.51117 4.58797 
4.13774 4.19576 3.37356 
4.13774 4.9375 2.60643 
4.13774 4.776 4.99909 
2.59984 2.54355 2.59945 
2.59984 2.4284 4.36198 
2.59984 3.68608 3.64726 
2.59984 3.81202 3.94374 
2.59984 3.89486 4.58711 
2.59984 4.18604 2.38627 
2.59984 4.11385 3.15723 
2.59984 2.9219 1.4362 
2.59984 3.97452 3.04649 
2.59984 4.51117 2.84412 
2.59984 4.60497 4.42182 
2.59984 4.47001 3.93801 
2.59984 4.19576 3.23837 
2.59984 4.83807 2.78629 
2.59984 4.39452 4.74221 
2.59984 4.19427 3.95814 
2.59984 4.776 4.71772 
3.90842 2.54355 2.95729 
3.90842 4.39466 1.4153 
3.90842 2.4284 1.64397 
3.90842 3.81202 2.42908 
3.90842 3.84176 4.10472 
3.90842 2.9219 4.48472 
3.90842 4.60497 4.73472 
3.90842 4.3538 4.73963 
3.90842 3.15238 2.30853 
3.90842 4.39452 4.7194 
3.90842 4.9375 4.77504 
3.90842 4.19427 4.33673 
3.90842 4.776 3.08217 
2.54355 4.39466 2.56249 
2.54355 2.4284 2.51087 
2.54355 3.81202 1.44669 
2.54355 4.18604 2.68948 
2.54355 4.11385 3.90796 
2.54355 2.9219 1.52877 
2.54355 3.97452 2.9264 
2.54355 4.3538 4.41708 
2.54355 4.47001 4.84297 
2.54355 4.83807 4.70498 
2.54355 3.15238 3.78578 
2.54355 4.39452 3.84728 
2.54355 4.9375 4.95126 
2.54355 4.19427 2.86476 
2.54355 4.776 2.55725 
4.39466 2.4284 2.61543 
4.39466 3.81202 1.43277 
4.39466 4.18604 4.7141 
4.39466 2.9219 3.98526 
4.39466 3.97452 4.633 
4.39466 4.3538 4.96352 
4.39466 3.15238 3.56982 
4.39466 4.39452 4.57656 
4.39466 4.9375 4.11036 
4.39466 4.19427 3.80608 
4.39466 4.776 2.03397 
2.4284 3.81202 2.82715 
2.4284 3.84176 3.10806 
2.4284 2.9219 3.86369 
2.4284 3.97452 4.82708 
2.4284 4.60497 3.72266 
2.4284 4.3538 4.52618 
2.4284 3.15238 1.31938 
2.4284 4.39452 4.63946 
2.4284 4.19427 4.37168 
2.4284 4.776 3.62488 
3.68608 3.89486 1.45099 
3.68608 2.9219 4.88602 
3.68608 4.90748 3.22559 
3.68608 4.51117 2.49891 
3.68608 4.3538 4.57009 
3.68608 4.19576 1.32802 
3.68608 4.83807 3.66173 
3.68608 4.9375 2.74714 
3.81202 4.18604 3.43272 
3.81202 4.11385 4.93828 
3.81202 2.9219 2.66639 
3.81202 3.97452 3.70033 
3.81202 4.3538 4.95455 
3.81202 3.15238 4.02028 
3.81202 4.39452 4.32349 
3.81202 4.9375 4.01248 
3.81202 4.19427 3.2241 
3.81202 4.776 1.43149 
3.89486 4.90748 3.52766 
3.89486 4.51117 3.70507 
3.89486 4.19576 2.67674 
3.89486 4.83807 4.67207 
3.89486 4.9375 3.50766 
4.18604 3.84176 4.32381 
4.18604 4.11385 2.52946 
4.18604 2.9219 1.56102 
4.18604 3.97452 1.64964 
4.18604 4.51117 4.80218 
4.18604 4.60497 2.4098 
4.18604 4.3538 4.90328 
4.18604 4.47001 3.7605 
4.18604 4.83807 4.22123 
4.18604 3.15238 4.7411 
4.18604 4.39452 3.85617 
4.18604 4.19427 2.59475 
4.18604 4.776 4.30301 
3.84176 4.11385 3.98713 
3.84176 4.90748 4.71112 
3.84176 3.97452 4.02835 
3.84176 4.60497 2.44743 
3.84176 4.47001 4.54373 
3.84176 3.15238 2.28318 
3.84176 4.19427 4.6558 
4.11385 2.9219 3.1819 
4.11385 4.90748 4.95948 
4.11385 3.97452 1.43146 
4.11385 4.60497 3.4353 
4.11385 4.3538 3.47234 
4.11385 4.47001 1.24953 
4.11385 4.39452 2.69484 
4.11385 4.19427 2.5049 
2.9219 3.97452 2.42247 
2.9219 4.51117 4.01648 
2.9219 4.60497 3.93312 
2.9219 4.3538 4.91848 
2.9219 4.47001 4.23459 
2.9219 4.19576 4.55557 
2.9219 4.83807 3.54141 
2.9219 4.39452 4.15646 
2.9219 4.19427 3.0474 
2.9219 4.776 3.49533 
4.90748 4.51117 3.31521 
4.90748 4.3538 2.59704 
4.90748 4.47001 4.29255 
4.90748 4.19576 2.93642 
4.90748 4.83807 4.1308 
4.90748 4.39452 3.77867 
4.90748 4.9375 4.97802 
3.97452 4.60497 3.05936 
3.97452 4.3538 3.36705 
3.97452 4.47001 2.5894 
3.97452 4.39452 2.28459 
3.97452 4.19427 1.34201 
3.97452 4.776 4.93341 
4.51117 4.3538 3.1974 
4.51117 4.19576 1.28827 
4.51117 4.83807 1.37589 
4.51117 4.39452 3.95116 
4.51117 4.9375 4.35948 
4.60497 4.47001 4.46889 
4.60497 3.15238 2.4959 
4.60497 4.19427 3.97953 
4.3538 4.47001 3.3998 
4.3538 4.19576 3.79252 
4.3538 4.83807 3.04381 
4.3538 4.39452 1.28332 
4.3538 4.19427 2.67819 
4.47001 4.39452 3.01004 
4.47001 4.19427 3.38594 
4.19576 4.83807 2.61308 
4.19576 4.39452 4.78643 
4.19576 4.9375 3.21238 
4.83807 4.39452 3.44639 
4.83807 4.19427 4.74474 
3.15238 4.776 4.57587 
4.39452 4.19427 1.50629 
4.9375 4.776 2.62599 
4.19427 4.776 4.56195 
4.03513 2.52429 3.94842 
4.03513 4.5646 1.30664 
4.03513 3.79512 2.54375 
4.03513 4.31947 4.79478 
4.03513 3.7489 1.39829 
4.03513 4.55269 4.45695 
4.03513 1.26069 4.51473 
4.03513 3.45224 4.67326 
4.03513 4.60729 4.67844 
4.03513 3.78179 3.72812 
4.03513 1.3552 3.48595 
4.03513 3.83791 4.80194 
4.03513 4.71919 4.98942 
4.03513 4.64413 3.91224 
4.03513 3.95403 4.57921 
2.52429 4.5646 4.16915 
2.52429 3.79512 3.90923 
2.52429 3.79714 4.76624 
2.52429 3.7489 3.50345 
2.52429 2.51613 4.68561 
2.52429 1.26069 3.66169 
2.52429 3.45224 3.69665 
2.52429 3.78179 4.12285 
2.52429 3.83735 3.53786 
2.52429 1.3552 1.24719 
2.52429 3.99823 2.98374 
2.52429 3.83791 1.35023 
2.52429 4.71919 3.68751 
2.52429 3.31825 3.10774 
2.52429 4.92048 2.56069 
2.52429 4.64413 4.0555 
2.52429 4.08128 4.56958 
2.52429 3.95403 3.45921 
4.5646 3.79512 3.78366 
4.5646 3.7489 2.55547 
4.5646 4.55269 3.91918 
4.5646 1.26069 4.9568 
4.5646 4.60729 4.36254 
4.5646 4.08822 4.67671 
4.5646 3.78179 4.94139 
4.5646 1.3552 3.92236 
4.5646 3.83791 4.8217 
4.5646 4.71919 4.66452 
4.5646 4.64413 4.48867 
4.5646 3.95403 4.84522 
3.79512 3.79714 3.09985 
3.79512 4.31947 2.50745 
3.79512 3.7489 1.26597 
3.79512 1.26069 4.58032 
3.79512 3.45224 2.49648 
3.79512 3.78179 1.25821 
3.79512 1.3552 3.35268 
3.79512 3.99823 4.30963 
3.79512 3.83791 4.8434 
3.79512 3.31825 3.47339 
3.79512 4.64413 4.83765 
3.79512 4.42562 4.64135 
3.79714 4.31947 1.36211 
3.79714 3.7489 4.18772 
3.79714 1.26069 4.47053 
3.79714 3.45224 1.37661 
3.79714 3.78179 1.92855 
3.79714 1.3552 4.03191 
3.79714 3.99823 3.61686 
3.79714 3.31825 2.35689 
3.79714 4.42562 1.5846 
4.31947 3.7489 3.71309 
4.31947 1.26069 4.86942 
4.31947 3.45224 2.09312 
4.31947 3.78179 1.52285 
4.31947 1.3552 4.503 
4.31947 3.99823 4.58797 
4.31947 3.31825 3.37356 
4.31947 4.42562 2.60643 
3.7489 4.55269 4.72716 
3.7489 1.26069 4.5054 
3.7489 3.45224 3.4303 
3.7489 4.60729 4.84567 
3.7489 3.78179 2.45448 
3.7489 1.3552 3.08222 
3.7489 3.99823 4.71657 
3.7489 3.83791 4.36508 
3.7489 3.31825 4.1041 
3.7489 4.64413 4.58659 
4.55269 2.51613 2.77722 
4.55269 4.71246 3.65017 
4.55269 1.26069 3.34059 
4.55269 4.60729 1.19848 
4.55269 4.08822 1.46231 
4.55269 3.43218 3.70785 
2.51613 4.71246 2.35099 
2.51613 1.26069 1.41026 
2.51613 4.60729 3.44462 
2.51613 4.08822 1.7845 
2.51613 3.83735 4.22318 
2.51613 1.3552 3.70168 
2.51613 4.03233 3.01764 
2.51613 4.08128 3.69319 
2.51613 3.43218 1.41059 
2.51613 3.95403 4.85436 
4.71246 1.26069 3.7384 
4.71246 4.60729 4.75582 
4.71246 4.08822 2.25696 
4.71246 3.83735 4.75064 
4.71246 3.83791 4.96352 
4.71246 4.03233 2.85873 
4.71246 4.92048 4.57656 
4.71246 4.08128 3.75589 
4.71246 3.43218 1.4107 
4.71246 4.42562 4.11036 
1.26069 3.45224 4.43694 
1.26069 4.60729 3.54098 
1.26069 4.08822 2.83643 
1.26069 3.78179 4.61647 
1.26069 3.83735 4.25813 
1.26069 1.3552 2.52069 
1.26069 3.83791 4.94314 
1.26069 3.31825 4.44098 
1.26069 4.03233 3.76324 
1.26069 4.08128 4.13736 
1.26069 3.43218 2.62993 
1.26069 3.95403 4.63499 
1.26069 4.42562 4.8534 
3.45224 3.78179 1.45099 
3.45224 1.3552 3.22559 
3.45224 3.99823 2.49891 
3.45224 3.83791 4.57009 
3.45224 3.31825 1.32802 
3.45224 4.42562 2.74714 
4.60729 4.08822 2.52862 
4.60729 3.43218 4.60655 
4.08822 4.03233 4.25774 
4.08822 3.43218 2.41342 
3.78179 1.3552 3.52766 
3.78179 3.99823 3.70507 
3.78179 3.31825 2.67674 
3.78179 4.42562 3.50766 
3.83735 1.3552 3.76902 
3.83735 3.99823 4.90167 
3.83735 3.83791 3.72406 
3.83735 4.71919 1.38044 
3.83735 4.03233 2.57366 
3.83735 4.92048 3.76247 
3.83735 4.64413 2.66951 
3.83735 4.08128 1.42035 
3.83735 3.43218 3.6259 
3.83735 3.95403 1.45151 
1.3552 3.99823 3.31521 
1.3552 3.83791 2.59704 
1.3552 4.71919 4.29255 
1.3552 3.31825 2.93642 
1.3552 4.03233 4.76563 
1.3552 4.92048 3.77867 
1.3552 4.64413 4.43632 
1.3552 4.08128 4.46004 
1.3552 3.43218 4.42988 
1.3552 3.95403 3.78776 
1.3552 4.42562 4.97802 
3.99823 3.83791 3.1974 
3.99823 3.31825 1.28827 
3.99823 4.92048 3.95116 
3.99823 4.64413 3.50123 
3.99823 3.95403 3.86855 
3.99823 4.42562 4.35948 
3.83791 4.71919 3.3998 
3.83791 3.31825 3.79252 
3.83791 4.92048 1.28332 
3.83791 4.64413 4.02548 
3.83791 3.95403 3.55288 
4.71919 4.03233 3.86666 
4.71919 4.92048 3.01004 
4.71919 4.64413 3.18803 
4.71919 4.08128 2.658 
4.71919 3.43218 4.78613 
4.71919 3.95403 2.17353 
3.31825 4.92048 4.78643 
3.31825 4.64413 4.11889 
3.31825 3.95403 4.31617 
3.31825 4.42562 3.21238 
4.03233 4.92048 4.7458 
4.03233 4.64413 4.01401 
4.03233 4.08128 1.25016 
4.03233 3.43218 1.93894 
4.03233 3.95403 3.16839 
4.92048 4.64413 4.03151 
4.92048 3.43218 4.94415 
4.92048 3.95403 3.61496 
4.64413 4.08128 3.22886 
4.64413 3.95403 1.23334 
4.08128 3.43218 2.7583 
4.08128 3.95403 2.22156 
3.43218 3.95403 4.45761 
3.43218 4.42562 4.6246 
3.94842 1.30664 4.16915 
3.94842 2.54375 3.90923 
3.94842 1.39829 3.50345 
3.94842 4.90363 4.87925 
3.94842 4.51473 3.66169 
3.94842 4.67326 3.69665 
3.94842 3.72812 4.12285 
3.94842 2.54521 4.80929 
3.94842 4.9608 4.12759 
3.94842 3.48595 1.24719 
3.94842 4.80194 1.35023 
3.94842 4.98942 3.68751 
3.94842 3.91224 4.0555 
3.94842 4.57921 3.45921 
3.77267 1.30664 2.4952 
3.77267 1.39829 4.92536 
3.77267 4.45695 3.57493 
3.77267 4.90363 2.61783 
3.77267 4.67844 4.2739 
3.77267 2.54521 1.34891 
3.77267 4.9608 4.1352 
3.77267 4.85319 1.50231 
3.77267 4.98942 4.9941 
3.77267 4.46221 1.39697 
1.30664 2.54375 3.78366 
1.30664 1.39829 2.55547 
1.30664 4.67408 4.6562 
1.30664 4.45695 3.91918 
1.30664 4.90363 3.8299 
1.30664 4.51473 4.9568 
1.30664 4.67844 4.36254 
1.30664 3.74062 4.6422 
1.30664 3.72812 4.94139 
1.30664 2.54521 1.24271 
1.30664 4.9608 4.36909 
1.30664 3.48595 3.92236 
1.30664 4.85319 3.61495 
1.30664 4.80194 4.8217 
1.30664 4.98942 4.66452 
1.30664 4.46221 3.24684 
1.30664 3.91224 4.48867 
1.30664 4.57921 4.84522 
2.54375 4.79478 2.50745 
2.54375 1.39829 1.26597 
2.54375 4.91596 3.60105 
2.54375 4.51473 4.58032 
2.54375 4.67326 2.49648 
2.54375 3.74062 3.97135 
2.54375 3.72812 1.25821 
2.54375 3.48595 3.35268 
2.54375 4.27621 3.72806 
2.54375 4.80194 4.8434 
2.54375 3.91224 4.83765 
4.79478 1.39829 3.71309 
4.79478 4.91596 2.64181 
4.79478 4.51473 4.86942 
4.79478 4.67326 2.09312 
4.79478 3.74062 4.55501 
4.79478 3.72812 1.52285 
4.79478 3.48595 4.503 
4.79478 4.27621 3.64472 
1.39829 4.91596 4.4191 
1.39829 4.67408 4.67269 
1.39829 4.45695 4.72716 
1.39829 4.51473 4.5054 
1.39829 4.67326 3.4303 
1.39829 4.67844 4.84567 
1.39829 3.74062 4.02651 
1.39829 3.72812 2.45448 
1.39829 2.54521 3.77566 
1.39829 3.48595 3.08222 
1.39829 4.27621 4.16798 
1.39829 4.80194 4.36508 
1.39829 3.91224 4.58659 
4.91596 4.67408 4.32048 
4.91596 4.67326 4.57488 
4.91596 3.74062 2.6132 
4.91596 3.72812 3.50334 
4.91596 4.27621 1.38864 
4.91596 3.91224 3.87496 
4.67408 4.45695 2.34444 
4.67408 4.51473 4.32143 
4.67408 4.67844 1.2213 
4.67408 3.74062 4.56154 
4.67408 4.27621 4.20934 
4.45695 4.90363 3.46081 
4.45695 4.51473 3.34059 
4.45695 4.67844 1.19848 
4.45695 2.54521 3.86955 
4.45695 4.85319 4.83142 
4.45695 4.46221 3.19436 
4.90363 4.67844 4.61477 
4.90363 2.54521 3.10806 
4.90363 4.85319 3.72266 
4.90363 4.80194 4.52618 
4.90363 4.46221 1.31938 
4.51473 4.67326 4.43694 
4.51473 4.67844 3.54098 
4.51473 3.72812 4.61647 
4.51473 3.48595 2.52069 
4.51473 4.80194 4.94314 
4.51473 4.57921 4.63499 
4.67326 3.72812 1.45099 
4.67326 3.48595 3.22559 
4.67326 4.80194 4.57009 
4.67844 3.74062 4.95558 
4.67844 2.54521 4.48363 
4.67844 4.27621 4.81279 
4.67844 4.46221 4.18374 
3.74062 3.72812 4.63748 
3.74062 4.27621 1.2442 
3.74062 4.80194 4.96296 
3.74062 4.98942 4.41546 
3.74062 3.91224 1.27626 
3.74062 4.57921 2.49275 
3.72812 3.48595 3.52766 
3.72812 4.27621 4.07176 
2.54521 4.9608 3.98713 
2.54521 3.48595 4.71112 
2.54521 4.85319 2.44743 
2.54521 4.98942 4.54373 
2.54521 4.46221 2.28318 
4.9608 3.48595 4.95948 
4.9608 4.85319 3.4353 
4.9608 4.80194 3.47234 
4.9608 4.98942 1.24953 
4.9608 3.91224 4.05113 
4.9608 4.57921 3.23264 
3.48595 4.80194 2.59704 
3.48595 4.98942 4.29255 
3.48595 3.91224 4.43632 
3.48595 4.57921 3.78776 
4.27621 3.91224 2.49196 
4.27621 4.57921 3.66792 
4.85319 4.98942 4.46889 
4.85319 4.46221 2.4959 
4.80194 4.98942 3.3998 
4.80194 3.91224 4.02548 
4.80194 4.57921 3.55288 
4.98942 3.91224 3.18803 
4.98942 4.57921 2.17353 
3.91224 4.57921 1.23334 
4.94818 4.62762 2.25059 
4.94818 3.90923 4.83915 
4.94818 4.76624 3.75688 
4.94818 4.87925 3.49873 
4.94818 3.69665 3.21323 
4.94818 4.12285 3.88999 
4.94818 3.53786 4.6565 
4.94818 4.12759 3.39882 
4.94818 4.36832 3.42185 
4.94818 2.98374 3.4648 
4.94818 1.35023 4.6981 
4.94818 3.68751 3.87227 
4.94818 3.10774 3.33595 
4.94818 3.40418 3.78703 
4.94818 2.56069 4.46163 
4.94818 4.2734 4.56357 
4.94818 3.91215 4.04464 
4.16915 4.62762 4.44803 
4.16915 3.90923 3.78366 
4.16915 3.50345 2.55547 
4.16915 4.87925 3.8299 
4.16915 3.66169 4.9568 
4.16915 4.12285 4.94139 
4.16915 4.80929 1.24271 
4.16915 4.12759 4.36909 
4.16915 1.24719 3.92236 
4.16915 4.36832 4.53818 
4.16915 1.35023 4.8217 
4.16915 3.68751 4.66452 
4.16915 4.0555 4.48867 
4.16915 3.45921 4.84522 
4.16915 3.91215 4.96066 
4.62762 4.68561 4.99544 
4.62762 4.87925 1.28821 
4.62762 3.69665 4.79722 
4.62762 4.12285 4.86369 
4.62762 4.80929 3.78555 
4.62762 4.12759 4.45705 
4.62762 4.36832 3.86432 
4.62762 1.35023 4.21605 
4.62762 2.56069 4.13564 
4.62762 4.97952 4.29729 
4.62762 3.91215 3.72104 
3.90923 4.76624 3.09985 
3.90923 3.50345 1.26597 
3.90923 3.66169 4.58032 
3.90923 3.69665 2.49648 
3.90923 4.12285 1.25821 
3.90923 1.24719 3.35268 
3.90923 2.98374 4.30963 
3.90923 1.35023 4.8434 
3.90923 3.10774 3.47339 
3.90923 4.0555 4.83765 
4.76624 3.50345 4.18772 
4.76624 3.66169 4.47053 
4.76624 3.69665 1.37661 
4.76624 4.12285 1.92855 
4.76624 1.24719 4.03191 
4.76624 2.98374 3.61686 
4.76624 3.10774 2.35689 
4.76624 3.40418 4.87615 
3.50345 3.66169 4.5054 
3.50345 3.69665 3.4303 
3.50345 4.12285 2.45448 
3.50345 4.80929 3.77566 
3.50345 1.24719 3.08222 
3.50345 2.98374 4.71657 
3.50345 1.35023 4.36508 
3.50345 3.10774 4.1041 
3.50345 4.0555 4.58659 
4.68561 4.87925 4.17065 
4.68561 3.66169 1.41026 
4.68561 3.53786 4.22318 
4.68561 1.24719 3.70168 
4.68561 4.56958 3.69319 
4.68561 3.45921 4.85436 
4.68561 4.97952 4.5126 
4.87925 4.80929 3.10806 
4.87925 4.36832 4.82708 
4.87925 1.35023 4.52618 
4.87925 2.56069 4.63946 
4.87925 4.97952 4.70182 
4.87925 3.91215 4.37168 
3.66169 3.69665 4.43694 
3.66169 4.12285 4.61647 
3.66169 3.53786 4.25813 
3.66169 1.24719 2.52069 
3.66169 1.35023 4.94314 
3.66169 3.10774 4.44098 
3.66169 4.56958 4.13736 
3.66169 3.45921 4.63499 
3.69665 4.12285 1.45099 
3.69665 1.24719 3.22559 
3.69665 2.98374 2.49891 
3.69665 1.35023 4.57009 
3.69665 3.10774 1.32802 
3.69665 3.40418 3.66173 
3.69665 4.2734 4.9618 
4.12285 1.24719 3.52766 
4.12285 2.98374 3.70507 
4.12285 3.10774 2.67674 
4.12285 3.40418 4.67207 
4.80929 4.12759 3.98713 
4.80929 1.24719 4.71112 
4.80929 4.36832 4.02835 
4.80929 3.68751 4.54373 
4.80929 4.97952 4.99618 
4.80929 3.91215 4.6558 
3.53786 4.12759 2.62622 
3.53786 1.24719 3.76902 
3.53786 4.36832 3.91084 
3.53786 2.98374 4.90167 
3.53786 1.35023 3.72406 
3.53786 3.68751 1.38044 
3.53786 2.56069 3.76247 
3.53786 4.0555 2.66951 
3.53786 4.56958 1.42035 
3.53786 3.45921 1.45151 
3.53786 4.97952 4.96302 
3.53786 3.91215 4.51664 
4.12759 1.24719 4.95948 
4.12759 4.36832 1.43146 
4.12759 1.35023 3.47234 
4.12759 3.68751 1.24953 
4.12759 2.56069 2.69484 
4.12759 4.0555 4.05113 
4.12759 4.56958 3.87707 
4.12759 3.45921 3.23264 
4.12759 4.97952 3.79198 
4.12759 3.91215 2.5049 
1.24719 2.98374 3.31521 
1.24719 1.35023 2.59704 
1.24719 3.68751 4.29255 
1.24719 3.10774 2.93642 
1.24719 3.40418 4.1308 
1.24719 2.56069 3.77867 
1.24719 4.0555 4.43632 
1.24719 4.56958 4.46004 
1.24719 3.45921 3.78776 
4.36832 1.35023 3.36705 
4.36832 3.68751 2.5894 
4.36832 2.56069 2.28459 
4.36832 4.0555 4.9291 
4.36832 3.45921 4.29503 
4.36832 4.97952 2.45839 
4.36832 3.91215 1.34201 
2.98374 1.35023 3.1974 
2.98374 3.10774 1.28827 
2.98374 3.40418 1.37589 
2.98374 2.56069 3.95116 
2.98374 4.0555 3.50123 
2.98374 3.45921 3.86855 
2.98374 4.2734 2.71155 
1.35023 3.68751 3.3998 
1.35023 3.10774 3.79252 
1.35023 3.40418 3.04381 
1.35023 2.56069 1.28332 
1.35023 4.0555 4.02548 
1.35023 3.45921 3.55288 
1.35023 4.97952 3.66462 
1.35023 4.2734 3.51055 
1.35023 3.91215 2.67819 
3.68751 2.56069 3.01004 
3.68751 4.0555 3.18803 
3.68751 4.56958 2.658 
3.68751 3.45921 2.17353 
3.68751 4.97952 4.7505 
3.68751 3.91215 3.38594 
3.10774 3.40418 2.61308 
3.10774 2.56069 4.78643 
3.10774 4.0555 4.11889 
3.10774 3.45921 4.31617 
3.10774 4.2734 3.95649 
3.40418 2.56069 3.44639 
3.40418 4.0555 3.79972 
3.40418 3.45921 4.25779 
3.40418 4.2734 1.34476 
3.40418 3.91215 4.74474 
2.56069 4.0555 4.03151 
2.56069 3.45921 3.61496 
2.56069 4.97952 2.5784 
2.56069 4.2734 3.46076 
2.56069 3.91215 1.50629 
4.0555 4.56958 3.22886 
4.0555 3.45921 1.23334 
4.0555 4.2734 4.34613 
4.56958 3.45921 2.22156 
4.56958 4.97952 3.54394 
4.56958 3.91215 4.92982 
3.45921 4.2734 4.87346 
3.45921 3.91215 4.61744 
4.97952 4.2734 4.59222 
4.97952 3.91215 1.41204 
4.2734 3.91215 4.43322 
2.4952 3.52715 4.44803 
2.4952 4.92536 2.55547 
2.4952 3.55209 4.58734 
2.4952 3.57493 3.91918 
2.4952 2.61783 3.8299 
2.4952 4.2739 4.36254 
2.4952 3.84507 4.67671 
2.4952 1.34891 1.24271 
2.4952 4.1352 4.36909 
2.4952 2.72056 4.68322 
2.4952 3.80078 4.53818 
2.4952 1.50231 3.61495 
2.4952 4.9941 4.66452 
2.4952 1.39697 3.24684 
2.4952 4.43197 4.96066 
3.52715 3.55209 2.58231 
3.52715 3.57493 4.63472 
3.52715 4.89722 3.02742 
3.52715 2.61783 1.28821 
3.52715 3.84507 3.87106 
3.52715 3.64209 4.02694 
3.52715 1.34891 3.78555 
3.52715 4.1352 4.45705 
3.52715 3.80078 3.86432 
3.52715 1.50231 4.46753 
3.52715 1.39697 2.40834 
3.52715 4.52413 4.29729 
3.52715 4.43197 3.72104 
4.92536 3.57493 4.72716 
4.92536 4.2739 4.84567 
4.92536 1.34891 3.77566 
3.55209 3.57493 2.55142 
3.55209 4.89722 1.4153 
3.55209 2.61783 1.64397 
3.55209 4.2739 3.73172 
3.55209 3.84507 1.36901 
3.55209 1.34891 4.10472 
3.55209 1.50231 4.73472 
3.55209 1.39697 2.30853 
3.55209 4.52413 4.18533 
3.55209 4.43197 4.33673 
3.57493 4.89722 3.65017 
3.57493 2.61783 3.46081 
3.57493 4.2739 1.19848 
3.57493 3.84507 1.46231 
3.57493 1.34891 3.86955 
3.57493 1.50231 4.83142 
3.57493 1.39697 3.19436 
3.57493 4.87919 4.97031 
4.89722 2.61783 2.61543 
4.89722 4.2739 4.75582 
4.89722 3.84507 2.25696 
4.89722 3.64209 4.7141 
4.89722 3.80078 4.633 
4.89722 1.39697 3.56982 
4.89722 4.52413 3.28908 
4.89722 4.43197 3.80608 
2.61783 4.2739 4.61477 
2.61783 3.84507 2.77921 
2.61783 1.34891 3.10806 
2.61783 2.72056 4.87803 
2.61783 3.80078 4.82708 
2.61783 1.50231 3.72266 
2.61783 1.39697 1.31938 
2.61783 4.52413 4.70182 
2.61783 4.43197 4.37168 
4.2739 3.84507 2.52862 
4.2739 1.34891 4.48363 
4.2739 1.39697 4.18374 
4.2739 4.52413 4.85204 
4.2739 4.87919 3.91869 
4.2739 4.95907 4.29255 
3.84507 1.34891 4.37596 
3.84507 1.39697 2.93907 
3.84507 4.52413 4.92467 
3.64209 1.34891 4.32381 
3.64209 4.1352 2.52946 
3.64209 2.72056 1.40425 
3.64209 3.80078 1.64964 
3.64209 1.50231 2.4098 
3.64209 4.9941 3.7605 
3.64209 1.39697 4.7411 
3.64209 4.52413 3.10127 
3.64209 4.87919 4.19068 
3.64209 4.43197 2.59475 
3.64209 4.95907 4.8869 
1.34891 4.1352 3.98713 
1.34891 2.72056 3.59928 
1.34891 3.80078 4.02835 
1.34891 1.50231 2.44743 
1.34891 4.9941 4.54373 
1.34891 1.39697 2.28318 
1.34891 4.52413 4.99618 
1.34891 4.43197 4.6558 
4.1352 2.72056 3.16782 
4.1352 3.80078 1.43146 
4.1352 1.50231 3.4353 
4.1352 4.9941 1.24953 
4.1352 4.52413 3.79198 
4.1352 4.43197 2.5049 
2.72056 3.80078 2.62872 
2.72056 1.50231 1.26115 
2.72056 4.9941 4.32689 
2.72056 1.39697 3.65202 
2.72056 4.52413 3.97862 
2.72056 4.87919 3.41474 
2.72056 4.43197 3.64461 
2.72056 4.95907 4.14341 
3.80078 1.50231 3.05936 
3.80078 4.9941 2.5894 
3.80078 4.52413 2.45839 
3.80078 4.43197 1.34201 
1.50231 4.9941 4.46889 
1.50231 1.39697 2.4959 
1.50231 4.52413 4.24334 
1.50231 4.87919 3.9086 
1.50231 4.43197 3.97953 
1.50231 4.95907 4.36187 
4.9941 4.52413 4.7505 
4.9941 4.43197 3.38594 
1.39697 4.87919 4.82629 
1.39697 4.95907 4.62922 
4.52413 4.43197 1.41204 
4.87919 4.95907 1.44014 
2.25059 1.40078 3.08752 
2.25059 4.79271 2.58231 
2.25059 2.57967 1.65368 
2.25059 4.94584 3.02742 
2.25059 3.49873 1.28821 
2.25059 3.21323 4.79722 
2.25059 4.01754 2.60372 
2.25059 3.88999 4.86369 
2.25059 3.35603 4.02694 
2.25059 3.39882 4.45705 
2.25059 2.20638 2.72742 
2.25059 3.42185 3.86432 
2.25059 4.6981 4.21605 
2.25059 4.37398 2.40834 
2.25059 4.46163 4.13564 
2.25059 4.04464 3.72104 
2.25059 4.94397 3.58143 
4.83915 3.75688 3.09985 
4.83915 4.24322 2.50745 
4.83915 3.21323 2.49648 
4.83915 3.88999 1.25821 
4.83915 3.4648 4.30963 
4.83915 4.6981 4.8434 
4.83915 3.33595 3.47339 
4.83915 4.48415 4.64135 
3.75688 4.24322 1.36211 
3.75688 1.40078 4.4487 
3.75688 3.21323 1.37661 
3.75688 3.88999 1.92855 
3.75688 3.4648 3.61686 
3.75688 3.33595 2.35689 
3.75688 3.78703 4.87615 
3.75688 4.48415 1.5846 
3.75688 4.94397 4.14961 
4.24322 3.21323 2.09312 
4.24322 3.88999 1.52285 
4.24322 3.4648 4.58797 
4.24322 3.33595 3.37356 
4.24322 4.48415 2.60643 
4.24322 4.94397 4.99909 
1.40078 2.57967 2.59945 
1.40078 3.49873 4.36198 
1.40078 3.21323 3.64726 
1.40078 4.01754 3.94374 
1.40078 3.88999 4.58711 
1.40078 3.35603 2.38627 
1.40078 4.6565 4.98281 
1.40078 3.39882 3.15723 
1.40078 2.20638 1.4362 
1.40078 4.48765 3.30192 
1.40078 3.42185 3.04649 
1.40078 3.4648 2.84412 
1.40078 3.87227 3.93801 
1.40078 3.33595 3.23837 
1.40078 3.78703 2.78629 
1.40078 4.46163 4.74221 
1.40078 4.92319 3.70071 
1.40078 4.56357 3.3606 
1.40078 4.04464 3.95814 
1.40078 4.94397 4.71772 
4.79271 2.57967 2.95729 
4.79271 4.94584 1.4153 
4.79271 3.49873 1.64397 
4.79271 4.01754 2.42908 
4.79271 2.20638 4.48472 
4.79271 4.6981 4.73963 
4.79271 4.37398 2.30853 
4.79271 4.46163 4.7194 
4.79271 4.48415 4.77504 
4.79271 4.04464 4.33673 
4.79271 4.94397 3.08217 
2.57967 4.94584 2.56249 
2.57967 3.49873 2.51087 
2.57967 4.01754 1.44669 
2.57967 3.35603 2.68948 
2.57967 3.39882 3.90796 
2.57967 2.20638 1.52877 
2.57967 4.48765 4.03339 
2.57967 3.42185 2.9264 
2.57967 4.6981 4.41708 
2.57967 3.87227 4.84297 
2.57967 3.78703 4.70498 
2.57967 4.37398 3.78578 
2.57967 4.46163 3.84728 
2.57967 4.92319 4.43547 
2.57967 4.56357 4.8022 
2.57967 4.48415 4.95126 
2.57967 4.04464 2.86476 
2.57967 4.94397 2.55725 
4.94584 3.49873 2.61543 
4.94584 4.01754 1.43277 
4.94584 3.35603 4.7141 
4.94584 4.6565 4.75064 
4.94584 2.20638 3.98526 
4.94584 3.42185 4.633 
4.94584 4.6981 4.96352 
4.94584 4.37398 3.56982 
4.94584 4.46163 4.57656 
4.94584 4.48415 4.11036 
4.94584 4.04464 3.80608 
4.94584 4.94397 2.03397 
3.49873 4.01754 2.82715 
3.49873 2.20638 3.86369 
3.49873 4.48765 4.87803 
3.49873 3.42185 4.82708 
3.49873 4.6981 4.52618 
3.49873 4.37398 1.31938 
3.49873 4.46163 4.63946 
3.49873 4.04464 4.37168 
3.49873 4.94397 3.62488 
3.21323 3.88999 1.45099 
3.21323 2.20638 4.88602 
3.21323 3.4648 2.49891 
3.21323 4.6981 4.57009 
3.21323 3.33595 1.32802 
3.21323 3.78703 3.66173 
3.21323 4.56357 4.9618 
3.21323 4.48415 2.74714 
4.01754 3.35603 3.43272 
4.01754 3.39882 4.93828 
4.01754 2.20638 2.66639 
4.01754 4.48765 4.62119 
4.01754 3.42185 3.70033 
4.01754 4.6981 4.95455 
4.01754 4.37398 4.02028 
4.01754 4.46163 4.32349 
4.01754 4.92319 4.83769 
4.01754 4.48415 4.01248 
4.01754 4.04464 3.2241 
4.01754 4.94397 1.43149 
3.88999 3.4648 3.70507 
3.88999 3.33595 2.67674 
3.88999 3.78703 4.67207 
3.88999 4.48415 3.50766 
3.35603 3.39882 2.52946 
3.35603 2.20638 1.56102 
3.35603 4.48765 1.40425 
3.35603 3.42185 1.64964 
3.35603 3.4648 4.80218 
3.35603 4.6981 4.90328 
3.35603 3.87227 3.7605 
3.35603 3.78703 4.22123 
3.35603 4.37398 4.7411 
3.35603 4.46163 3.85617 
3.35603 4.92319 3.67751 
3.35603 4.56357 4.02994 
3.35603 4.04464 2.59475 
3.35603 4.94397 4.30301 
4.6565 3.39882 2.62622 
4.6565 3.42185 3.91084 
4.6565 3.4648 4.90167 
4.6565 4.6981 3.72406 
4.6565 3.87227 1.38044 
4.6565 4.46163 3.76247 
4.6565 4.04464 4.51664 
4.6565 4.94397 4.92107 
3.39882 2.20638 3.1819 
3.39882 4.48765 3.16782 
3.39882 3.42185 1.43146 
3.39882 4.6981 3.47234 
3.39882 3.87227 1.24953 
3.39882 4.46163 2.69484 
3.39882 4.04464 2.5049 
2.20638 4.48765 2.78861 
2.20638 3.42185 2.42247 
2.20638 3.4648 4.01648 
2.20638 4.6981 4.91848 
2.20638 3.87227 4.23459 
2.20638 3.33595 4.55557 
2.20638 3.78703 3.54141 
2.20638 4.46163 4.15646 
2.20638 4.92319 3.41994 
2.20638 4.56357 3.6217 
2.20638 4.04464 3.0474 
2.20638 4.94397 3.49533 
4.48765 3.42185 2.62872 
4.48765 3.87227 4.32689 
4.48765 3.78703 4.38883 
4.48765 4.37398 3.65202 
4.48765 4.46163 4.86269 
4.48765 4.92319 3.56694 
4.48765 4.56357 3.94392 
4.48765 4.04464 3.64461 
3.42185 4.6981 3.36705 
3.42185 3.87227 2.5894 
3.42185 4.46163 2.28459 
3.42185 4.04464 1.34201 
3.42185 4.94397 4.93341 
3.4648 4.6981 3.1974 
3.4648 3.33595 1.28827 
3.4648 3.78703 1.37589 
3.4648 4.46163 3.95116 
3.4648 4.92319 3.89195 
3.4648 4.56357 2.71155 
3.4648 4.48415 4.35948 
4.6981 3.87227 3.3998 
4.6981 3.33595 3.79252 
4.6981 3.78703 3.04381 
4.6981 4.46163 1.28332 
4.6981 4.92319 4.55188 
4.6981 4.56357 3.51055 
4.6981 4.04464 2.67819 
3.87227 4.46163 3.01004 
3.87227 4.04464 3.38594 
3.33595 3.78703 2.61308 
3.33595 4.46163 4.78643 
3.33595 4.56357 3.95649 
3.33595 4.48415 3.21238 
3.78703 4.46163 3.44639 
3.78703 4.92319 2.54249 
3.78703 4.56357 1.34476 
3.78703 4.04464 4.74474 
4.37398 4.94397 4.57587 
4.46163 4.92319 4.36621 
4.46163 4.56357 3.46076 
4.46163 4.04464 1.50629 
4.92319 4.56357 1.33342 
4.92319 4.94397 4.60032 
4.56357 4.04464 4.43322 
4.48415 4.94397 2.62599 
4.04464 4.94397 4.56195 
4.44803 4.58734 2.58231 
4.44803 3.91918 4.63472 
4.44803 3.8299 1.28821 
4.44803 4.67671 3.87106 
4.44803 4.94139 4.86369 
4.44803 1.24271 3.78555 
4.44803 4.36909 4.45705 
4.44803 4.53818 3.86432 
4.44803 3.61495 4.46753 
4.44803 4.8217 4.21605 
4.44803 3.24684 2.40834 
4.44803 4.96066 3.72104 
3.78366 2.55547 1.26597 
3.78366 4.9568 4.58032 
3.78366 4.6422 3.97135 
3.78366 4.94139 1.25821 
3.78366 3.92236 3.35268 
3.78366 4.8217 4.8434 
3.78366 4.48867 4.83765 
2.55547 4.6562 4.67269 
2.55547 3.91918 4.72716 
2.55547 4.9568 4.5054 
2.55547 4.36254 4.84567 
2.55547 4.6422 4.02651 
2.55547 4.94139 2.45448 
2.55547 1.24271 3.77566 
2.55547 3.92236 3.08222 
2.55547 4.8217 4.36508 
2.55547 4.48867 4.58659 
4.6562 4.58734 4.89093 
4.6562 3.91918 2.34444 
4.6562 4.9568 4.32143 
4.6562 4.36254 1.2213 
4.6562 4.6422 4.56154 
4.6562 4.67671 3.7184 
4.58734 3.91918 2.55142 
4.58734 3.8299 1.64397 
4.58734 4.9568 3.86437 
4.58734 4.36254 3.73172 
4.58734 4.67671 1.36901 
4.58734 1.24271 4.10472 
4.58734 3.61495 4.73472 
4.58734 4.8217 4.73963 
4.58734 3.24684 2.30853 
4.58734 4.96066 4.33673 
3.91918 3.8299 3.46081 
3.91918 4.9568 3.34059 
3.91918 4.36254 1.19848 
3.91918 4.67671 1.46231 
3.91918 1.24271 3.86955 
3.91918 3.61495 4.83142 
3.91918 3.24684 3.19436 
3.8299 4.36254 4.61477 
3.8299 4.67671 2.77921 
3.8299 1.24271 3.10806 
3.8299 4.68322 4.87803 
3.8299 4.53818 4.82708 
3.8299 3.61495 3.72266 
3.8299 4.8217 4.52618 
3.8299 3.24684 1.31938 
3.8299 4.96066 4.37168 
4.9568 4.36254 3.54098 
4.9568 4.67671 2.83643 
4.9568 4.94139 4.61647 
4.9568 3.92236 2.52069 
4.9568 4.8217 4.94314 
4.9568 4.84522 4.63499 
4.36254 4.6422 4.95558 
4.36254 4.67671 2.52862 
4.36254 1.24271 4.48363 
4.36254 3.24684 4.18374 
4.6422 4.94139 4.63748 
4.6422 4.8217 4.96296 
4.6422 4.66452 4.41546 
4.6422 4.48867 1.27626 
4.6422 4.84522 2.49275 
4.67671 1.24271 4.37596 
4.67671 3.24684 2.93907 
4.94139 3.92236 3.52766 
1.24271 4.36909 3.98713 
1.24271 4.68322 3.59928 
1.24271 3.92236 4.71112 
1.24271 4.53818 4.02835 
1.24271 3.61495 2.44743 
1.24271 4.66452 4.54373 
1.24271 3.24684 2.28318 
1.24271 4.96066 4.6558 
4.36909 4.68322 3.16782 
4.36909 3.92236 4.95948 
4.36909 4.53818 1.43146 
4.36909 3.61495 3.4353 
4.36909 4.8217 3.47234 
4.36909 4.66452 1.24953 
4.36909 4.48867 4.05113 
4.36909 4.84522 3.23264 
4.36909 4.96066 2.5049 
4.68322 4.53818 2.62872 
4.68322 3.61495 1.26115 
4.68322 4.66452 4.32689 
4.68322 3.24684 3.65202 
4.68322 4.96066 3.64461 
3.92236 4.8217 2.59704 
3.92236 4.66452 4.29255 
3.92236 4.48867 4.43632 
3.92236 4.84522 3.78776 
4.53818 3.61495 3.05936 
4.53818 4.8217 3.36705 
4.53818 4.66452 2.5894 
4.53818 4.48867 4.9291 
4.53818 4.84522 4.29503 
4.53818 4.96066 1.34201 
3.61495 4.66452 4.46889 
3.61495 3.24684 2.4959 
3.61495 4.96066 3.97953 
4.8217 4.66452 3.3998 
4.8217 4.48867 4.02548 
4.8217 4.84522 3.55288 
4.8217 4.96066 2.67819 
4.66452 4.48867 3.18803 
4.66452 4.84522 2.17353 
4.66452 4.96066 3.38594 
4.48867 4.84522 1.23334 
4.84522 4.96066 4.61744 
3.08752 1.65368 2.59945 
3.08752 1.28821 4.36198 
3.08752 4.79722 3.64726 
3.08752 2.60372 3.94374 
3.08752 4.86369 4.58711 
3.08752 4.02694 2.38627 
3.08752 4.45705 3.15723 
3.08752 2.72742 1.4362 
3.08752 3.86432 3.04649 
3.08752 4.46753 4.42182 
3.08752 4.13564 4.74221 
3.08752 4.29729 4.80963 
3.08752 3.72104 3.95814 
3.08752 3.58143 4.71772 
4.89029 2.58231 4.07028 
4.89029 1.65368 3.84623 
4.89029 4.99544 3.69403 
4.89029 3.02742 3.04501 
4.89029 1.28821 4.99753 
4.89029 2.60372 3.08463 
4.89029 3.87106 4.51611 
4.89029 4.02694 4.20432 
4.89029 2.72742 4.54537 
4.89029 3.86432 3.70472 
4.89029 4.21605 4.34303 
4.89029 4.13564 3.45356 
4.89029 4.35294 2.60176 
4.89029 4.29729 1.25053 
4.89029 3.72104 2.58063 
4.89029 3.58143 3.96185 
2.58231 1.65368 2.95729 
2.58231 4.63472 2.55142 
2.58231 4.99544 2.53524 
2.58231 3.02742 1.4153 
2.58231 1.28821 1.64397 
2.58231 2.60372 2.42908 
2.58231 3.87106 1.36901 
2.58231 3.78555 4.10472 
2.58231 2.72742 4.48472 
2.58231 4.46753 4.73472 
2.58231 4.21605 4.73963 
2.58231 2.40834 2.30853 
2.58231 4.13564 4.7194 
2.58231 4.35294 2.35214 
2.58231 4.42692 3.8163 
2.58231 4.29729 4.18533 
2.58231 3.72104 4.33673 
2.58231 3.58143 3.08217 
1.65368 4.99544 4.84579 
1.65368 3.02742 2.56249 
1.65368 1.28821 2.51087 
1.65368 2.60372 1.44669 
1.65368 3.87106 4.29057 
1.65368 4.02694 2.68948 
1.65368 4.45705 3.90796 
1.65368 2.72742 1.52877 
1.65368 3.86432 2.9264 
1.65368 4.21605 4.41708 
1.65368 2.40834 3.78578 
1.65368 4.13564 3.84728 
1.65368 4.35294 3.7993 
1.65368 4.42692 3.67761 
1.65368 4.29729 3.17226 
1.65368 3.72104 2.86476 
1.65368 3.58143 2.55725 
4.63472 4.99544 2.77722 
4.63472 3.02742 3.65017 
4.63472 1.28821 3.46081 
4.63472 2.60372 4.90753 
4.63472 3.87106 1.46231 
4.63472 3.78555 3.86955 
4.63472 4.46753 4.83142 
4.63472 2.40834 3.19436 
4.63472 4.35294 3.70785 
4.99544 3.02742 2.35099 
4.99544 1.28821 4.17065 
4.99544 2.60372 3.73516 
4.99544 3.87106 1.7845 
4.99544 2.40834 4.62352 
4.99544 4.35294 1.41059 
4.99544 4.42692 4.61888 
4.99544 4.29729 4.5126 
4.99544 3.58143 4.00832 
3.02742 1.28821 2.61543 
3.02742 2.60372 1.43277 
3.02742 3.87106 2.25696 
3.02742 4.02694 4.7141 
3.02742 2.72742 3.98526 
3.02742 3.86432 4.633 
3.02742 4.21605 4.96352 
3.02742 2.40834 3.56982 
3.02742 4.13564 4.57656 
3.02742 4.35294 1.4107 
3.02742 4.42692 3.03798 
3.02742 4.29729 3.28908 
3.02742 3.72104 3.80608 
3.02742 3.58143 2.03397 
1.28821 2.60372 2.82715 
1.28821 3.87106 2.77921 
1.28821 3.78555 3.10806 
1.28821 2.72742 3.86369 
1.28821 3.86432 4.82708 
1.28821 4.46753 3.72266 
1.28821 4.21605 4.52618 
1.28821 2.40834 1.31938 
1.28821 4.13564 4.63946 
1.28821 4.35294 3.85056 
1.28821 4.42692 4.31156 
1.28821 4.29729 4.70182 
1.28821 3.72104 4.37168 
1.28821 3.58143 3.62488 
4.79722 4.86369 1.45099 
4.79722 2.72742 4.88602 
4.79722 4.21605 4.57009 
4.79722 4.42692 3.99037 
2.60372 3.87106 3.58694 
2.60372 4.02694 3.43272 
2.60372 4.45705 4.93828 
2.60372 2.72742 2.66639 
2.60372 3.86432 3.70033 
2.60372 4.21605 4.95455 
2.60372 2.40834 4.02028 
2.60372 4.13564 4.32349 
2.60372 4.35294 2.55068 
2.60372 4.42692 2.74237 
2.60372 4.29729 2.87652 
2.60372 3.72104 3.2241 
2.60372 3.58143 1.43149 
3.87106 3.78555 4.37596 
3.87106 2.40834 2.93907 
3.87106 4.35294 2.41342 
3.87106 4.42692 4.60352 
3.87106 4.29729 4.92467 
3.87106 3.58143 4.04692 
4.86369 4.42692 4.77866 
4.02694 3.78555 4.32381 
4.02694 4.45705 2.52946 
4.02694 2.72742 1.56102 
4.02694 3.86432 1.64964 
4.02694 4.46753 2.4098 
4.02694 4.21605 4.90328 
4.02694 2.40834 4.7411 
4.02694 4.13564 3.85617 
4.02694 4.29729 3.10127 
4.02694 3.72104 2.59475 
4.02694 3.58143 4.30301 
3.78555 4.45705 3.98713 
3.78555 3.86432 4.02835 
3.78555 4.46753 2.44743 
3.78555 2.40834 2.28318 
3.78555 4.29729 4.99618 
3.78555 3.72104 4.6558 
4.45705 2.72742 3.1819 
4.45705 3.86432 1.43146 
4.45705 4.46753 3.4353 
4.45705 4.21605 3.47234 
4.45705 4.13564 2.69484 
4.45705 4.29729 3.79198 
4.45705 3.72104 2.5049 
2.72742 3.86432 2.42247 
2.72742 4.46753 3.93312 
2.72742 4.21605 4.91848 
2.72742 4.13564 4.15646 
2.72742 4.42692 4.51461 
2.72742 4.29729 3.59404 
2.72742 3.72104 3.0474 
2.72742 3.58143 3.49533 
3.86432 4.46753 3.05936 
3.86432 4.21605 3.36705 
3.86432 4.13564 2.28459 
3.86432 4.29729 2.45839 
3.86432 3.72104 1.34201 
3.86432 3.58143 4.93341 
4.46753 2.40834 2.4959 
4.46753 4.29729 4.24334 
4.46753 3.72104 3.97953 
4.21605 4.13564 1.28332 
4.21605 4.29729 3.66462 
4.21605 3.72104 2.67819 
2.40834 4.35294 4.6565 
2.40834 4.42692 4.97598 
2.40834 3.58143 4.57587 
4.13564 4.35294 4.94415 
4.13564 4.29729 2.5784 
4.13564 3.72104 1.50629 
4.35294 4.42692 3.76393 
4.35294 4.29729 3.36245 
4.35294 3.72104 4.2547 
4.35294 3.58143 2.89304 
4.42692 3.58143 1.36678 
4.29729 3.72104 1.41204 
4.29729 3.58143 4.00548 
3.72104 3.58143 4.56195 
3.09985 2.50745 1.36211 
3.09985 1.26597 4.18772 
3.09985 3.60105 3.86067 
3.09985 3.35363 2.58413 
3.09985 4.58032 4.47053 
3.09985 2.49648 1.37661 
3.09985 1.25821 1.92855 
3.09985 3.35268 4.03191 
3.09985 4.30963 3.61686 
3.09985 3.72806 4.81428 
3.09985 4.5275 3.65668 
3.09985 3.47339 2.35689 
3.09985 4.64135 1.5846 
2.50745 1.26597 3.71309 
2.50745 3.60105 2.64181 
2.50745 3.35363 1.42196 
2.50745 4.58032 4.86942 
2.50745 2.49648 2.09312 
2.50745 3.97135 4.55501 
2.50745 1.25821 1.52285 
2.50745 3.35268 4.503 
2.50745 4.30963 4.58797 
2.50745 3.72806 3.64472 
2.50745 4.5275 2.75272 
2.50745 3.47339 3.37356 
2.50745 4.64135 2.60643 
1.26597 3.60105 4.4191 
1.26597 3.35363 4.45713 
1.26597 4.58032 4.5054 
1.26597 2.49648 3.4303 
1.26597 3.97135 4.02651 
1.26597 1.25821 2.45448 
1.26597 3.35268 3.08222 
1.26597 4.30963 4.71657 
1.26597 3.72806 4.16798 
1.26597 4.8434 4.36508 
1.26597 3.47339 4.1041 
1.26597 4.83765 4.58659 
3.60105 3.35363 1.50709 
3.60105 2.49648 4.57488 
3.60105 3.97135 2.6132 
3.60105 1.25821 3.50334 
3.60105 3.72806 1.38864 
3.60105 4.5275 1.49702 
3.60105 4.83765 3.87496 
3.60105 4.64135 4.64233 
3.35363 2.49648 3.50725 
3.35363 3.97135 3.94263 
3.35363 1.25821 2.73765 
3.35363 3.72806 2.80509 
3.35363 4.5275 1.45561 
3.35363 3.47339 4.76596 
3.35363 4.64135 3.30728 
4.58032 2.49648 4.43694 
4.58032 1.25821 4.61647 
4.58032 3.35268 2.52069 
4.58032 4.8434 4.94314 
4.58032 3.47339 4.44098 
4.58032 4.64135 4.8534 
2.49648 1.25821 1.45099 
2.49648 3.35268 3.22559 
2.49648 4.30963 2.49891 
2.49648 4.5275 4.73842 
2.49648 4.8434 4.57009 
2.49648 3.47339 1.32802 
2.49648 4.64135 2.74714 
3.97135 1.25821 4.63748 
3.97135 4.30963 3.67071 
3.97135 3.72806 1.2442 
3.97135 4.5275 3.89228 
3.97135 4.8434 4.96296 
3.97135 3.47339 4.32914 
3.97135 4.83765 1.27626 
1.25821 3.35268 3.52766 
1.25821 4.30963 3.70507 
1.25821 3.72806 4.07176 
1.25821 4.5275 4.05875 
1.25821 3.47339 2.67674 
1.25821 4.64135 3.50766 
3.35268 4.30963 3.31521 
3.35268 4.8434 2.59704 
3.35268 3.47339 2.93642 
3.35268 4.83765 4.43632 
3.35268 4.64135 4.97802 
4.30963 3.72806 4.21119 
4.30963 4.8434 3.1974 
4.30963 3.47339 1.28827 
4.30963 4.83765 3.50123 
4.30963 4.64135 4.35948 
3.72806 4.5275 2.68628 
3.72806 3.47339 4.75972 
3.72806 4.83765 2.49196 
4.5275 4.64135 3.91184 
4.8434 3.47339 3.79252 
4.8434 4.83765 4.02548 
3.47339 4.83765 4.11889 
3.47339 4.64135 3.21238 
1.36211 4.18772 3.71309 
1.36211 3.86067 2.64181 
1.36211 2.58413 1.42196 
1.36211 4.47053 4.86942 
1.36211 1.37661 2.09312 
1.36211 1.92855 1.52285 
1.36211 4.03191 4.503 
1.36211 3.61686 4.58797 
1.36211 4.81428 3.64472 
1.36211 3.65668 2.75272 
1.36211 2.35689 3.37356 
1.36211 2.85832 3.75341 
1.36211 1.5846 2.60643 
1.36211 4.14961 4.99909 
1.36211 4.74301 4.0561 
4.4487 1.37661 3.64726 
4.4487 1.92855 4.58711 
4.4487 3.61686 2.84412 
4.4487 2.35689 3.23837 
4.4487 4.87615 2.78629 
4.4487 4.14961 4.71772 
4.18772 3.86067 4.4191 
4.18772 2.58413 4.45713 
4.18772 4.47053 4.5054 
4.18772 1.37661 3.4303 
4.18772 1.92855 2.45448 
4.18772 4.03191 3.08222 
4.18772 3.61686 4.71657 
4.18772 4.81428 4.16798 
4.18772 2.35689 4.1041 
3.86067 2.58413 1.50709 
3.86067 1.37661 4.57488 
3.86067 1.92855 3.50334 
3.86067 4.81428 1.38864 
3.86067 3.65668 1.49702 
3.86067 1.5846 4.64233 
3.86067 4.74301 2.60977 
2.58413 1.37661 3.50725 
2.58413 1.92855 2.73765 
2.58413 4.81428 2.80509 
2.58413 3.65668 1.45561 
2.58413 2.35689 4.76596 
2.58413 2.85832 4.17642 
2.58413 1.5846 3.30728 
2.58413 4.74301 2.86806 
4.47053 1.37661 4.43694 
4.47053 1.92855 4.61647 
4.47053 4.03191 2.52069 
4.47053 2.35689 4.44098 
4.47053 1.5846 4.8534 
1.37661 1.92855 1.45099 
1.37661 4.03191 3.22559 
1.37661 3.61686 2.49891 
1.37661 3.65668 4.73842 
1.37661 2.35689 1.32802 
1.37661 4.87615 3.66173 
1.37661 2.85832 3.99037 
1.37661 1.5846 2.74714 
1.92855 4.03191 3.52766 
1.92855 3.61686 3.70507 
1.92855 4.81428 4.07176 
1.92855 3.65668 4.05875 
1.92855 2.35689 2.67674 
1.92855 4.87615 4.67207 
1.92855 2.85832 4.77866 
1.92855 1.5846 3.50766 
4.03191 3.61686 3.31521 
4.03191 2.35689 2.93642 
4.03191 4.87615 4.1308 
4.03191 1.5846 4.97802 
3.61686 4.81428 4.21119 
3.61686 2.35689 1.28827 
3.61686 4.87615 1.37589 
3.61686 1.5846 4.35948 
4.81428 3.65668 2.68628 
4.81428 2.35689 4.75972 
4.81428 4.87615 4.51485 
4.81428 4.74301 3.37999 
3.65668 2.85832 4.48031 
3.65668 1.5846 3.91184 
3.65668 4.74301 1.43235 
2.35689 4.87615 2.61308 
2.35689 2.85832 4.28839 
2.35689 1.5846 3.21238 
2.85832 1.5846 1.29116 
2.85832 4.14961 1.36678 
2.85832 4.74301 4.93048 
1.5846 4.14961 2.62599 
1.5846 4.74301 4.64452 
3.71309 2.64181 4.4191 
3.71309 1.42196 4.45713 
3.71309 4.86942 4.5054 
3.71309 2.09312 3.4303 
3.71309 4.55501 4.02651 
3.71309 1.52285 2.45448 
3.71309 4.503 3.08222 
3.71309 4.58797 4.71657 
3.71309 3.64472 4.16798 
3.71309 3.37356 4.1041 
2.64181 1.42196 1.50709 
2.64181 2.09312 4.57488 
2.64181 4.55501 2.6132 
2.64181 1.52285 3.50334 
2.64181 3.64472 1.38864 
2.64181 2.75272 1.49702 
2.64181 2.60643 4.64233 
2.64181 4.0561 2.60977 
1.42196 2.09312 3.50725 
1.42196 4.55501 3.94263 
1.42196 1.52285 2.73765 
1.42196 3.64472 2.80509 
1.42196 2.75272 1.45561 
1.42196 3.37356 4.76596 
1.42196 3.75341 4.17642 
1.42196 2.60643 3.30728 
1.42196 4.0561 2.86806 
4.86942 2.09312 4.43694 
4.86942 1.52285 4.61647 
4.86942 4.503 2.52069 
4.86942 3.37356 4.44098 
4.86942 2.60643 4.8534 
2.09312 1.52285 1.45099 
2.09312 4.503 3.22559 
2.09312 4.58797 2.49891 
2.09312 2.75272 4.73842 
2.09312 3.37356 1.32802 
2.09312 3.75341 3.99037 
2.09312 2.60643 2.74714 
4.55501 1.52285 4.63748 
4.55501 4.58797 3.67071 
4.55501 3.64472 1.2442 
4.55501 2.75272 3.89228 
4.55501 3.37356 4.32914 
4.55501 4.0561 4.44294 
1.52285 4.503 3.52766 
1.52285 4.58797 3.70507 
1.52285 3.64472 4.07176 
1.52285 2.75272 4.05875 
1.52285 3.37356 2.67674 
1.52285 3.75341 4.77866 
1.52285 2.60643 3.50766 
4.503 4.58797 3.31521 
4.503 3.37356 2.93642 
4.503 2.60643 4.97802 
4.58797 3.64472 4.21119 
4.58797 3.37356 1.28827 
4.58797 2.60643 4.35948 
3.64472 2.75272 2.68628 
3.64472 3.37356 4.75972 
3.64472 4.0561 3.37999 
2.75272 3.75341 4.48031 
2.75272 2.60643 3.91184 
2.75272 4.0561 1.43235 
3.37356 3.75341 4.28839 
3.37356 2.60643 3.21238 
3.75341 2.60643 1.29116 
3.75341 4.99909 1.36678 
3.75341 4.0561 4.93048 
2.60643 4.99909 2.62599 
2.60643 4.0561 4.64452 
2.59945 4.36198 2.51087 
2.59945 3.94374 1.44669 
2.59945 4.25379 4.55119 
2.59945 2.38627 2.68948 
2.59945 3.15723 3.90796 
2.59945 1.4362 1.52877 
2.59945 3.30192 4.03339 
2.59945 3.04649 2.9264 
2.59945 3.93801 4.84297 
2.59945 2.78629 4.70498 
2.59945 4.74221 3.84728 
2.59945 3.70071 4.43547 
2.59945 4.80963 3.17226 
2.59945 3.3606 4.8022 
2.59945 3.95814 2.86476 
2.59945 4.71772 2.55725 
4.36198 3.94374 2.82715 
4.36198 1.4362 3.86369 
4.36198 3.30192 4.87803 
4.36198 3.04649 4.82708 
4.36198 4.42182 3.72266 
4.36198 4.74221 4.63946 
4.36198 4.80963 4.70182 
4.36198 3.95814 4.37168 
4.36198 4.71772 3.62488 
3.64726 4.58711 1.45099 
3.64726 1.4362 4.88602 
3.64726 2.84412 2.49891 
3.64726 3.23837 1.32802 
3.64726 2.78629 3.66173 
3.64726 3.3606 4.9618 
3.94374 4.25379 4.68749 
3.94374 2.38627 3.43272 
3.94374 3.15723 4.93828 
3.94374 1.4362 2.66639 
3.94374 3.30192 4.62119 
3.94374 3.04649 3.70033 
3.94374 4.74221 4.32349 
3.94374 3.70071 4.83769 
3.94374 4.80963 2.87652 
3.94374 3.95814 3.2241 
3.94374 4.71772 1.43149 
4.25379 2.38627 3.39823 
4.25379 1.4362 3.60678 
4.25379 3.30192 3.03833 
4.25379 4.42182 3.9366 
4.25379 2.78629 3.73356 
4.25379 3.70071 1.342 
4.25379 3.3606 2.55454 
4.25379 4.71772 4.46049 
4.58711 2.84412 3.70507 
4.58711 3.23837 2.67674 
4.58711 2.78629 4.67207 
2.38627 3.15723 2.52946 
2.38627 1.4362 1.56102 
2.38627 3.30192 1.40425 
2.38627 3.04649 1.64964 
2.38627 2.84412 4.80218 
2.38627 4.42182 2.4098 
2.38627 3.93801 3.7605 
2.38627 2.78629 4.22123 
2.38627 4.74221 3.85617 
2.38627 3.70071 3.67751 
2.38627 4.80963 3.10127 
2.38627 3.3606 4.02994 
2.38627 3.95814 2.59475 
2.38627 4.71772 4.30301 
4.98281 3.15723 2.62622 
4.98281 3.04649 3.91084 
4.98281 2.84412 4.90167 
4.98281 3.93801 1.38044 
4.98281 4.74221 3.76247 
4.98281 4.80963 4.96302 
4.98281 3.95814 4.51664 
4.98281 4.71772 4.92107 
3.15723 1.4362 3.1819 
3.15723 3.30192 3.16782 
3.15723 3.04649 1.43146 
3.15723 4.42182 3.4353 
3.15723 3.93801 1.24953 
3.15723 4.74221 2.69484 
3.15723 4.80963 3.79198 
3.15723 3.95814 2.5049 
1.4362 3.30192 2.78861 
1.4362 3.04649 2.42247 
1.4362 2.84412 4.01648 
1.4362 4.42182 3.93312 
1.4362 3.93801 4.23459 
1.4362 3.23837 4.55557 
1.4362 2.78629 3.54141 
1.4362 4.74221 4.15646 
1.4362 3.70071 3.41994 
1.4362 4.80963 3.59404 
1.4362 3.3606 3.6217 
1.4362 3.95814 3.0474 
1.4362 4.71772 3.49533 
3.30192 3.04649 2.62872 
3.30192 4.42182 1.26115 
3.30192 3.93801 4.32689 
3.30192 2.78629 4.38883 
3.30192 4.74221 4.86269 
3.30192 3.70071 3.56694 
3.30192 4.80963 3.97862 
3.30192 3.3606 3.94392 
3.30192 3.95814 3.64461 
3.04649 4.42182 3.05936 
3.04649 3.93801 2.5894 
3.04649 4.74221 2.28459 
3.04649 4.80963 2.45839 
3.04649 3.95814 1.34201 
3.04649 4.71772 4.93341 
2.84412 3.23837 1.28827 
2.84412 2.78629 1.37589 
2.84412 4.74221 3.95116 
2.84412 3.70071 3.89195 
2.84412 3.3606 2.71155 
4.42182 3.93801 4.46889 
4.42182 3.70071 4.65355 
4.42182 4.80963 4.24334 
4.42182 3.95814 3.97953 
3.93801 4.74221 3.01004 
3.93801 4.80963 4.7505 
3.93801 3.95814 3.38594 
3.23837 2.78629 2.61308 
3.23837 4.74221 4.78643 
3.23837 3.3606 3.95649 
2.78629 4.74221 3.44639 
2.78629 3.70071 2.54249 
2.78629 3.3606 1.34476 
2.78629 3.95814 4.74474 
4.74221 3.70071 4.36621 
4.74221 4.80963 2.5784 
4.74221 3.3606 3.46076 
4.74221 3.95814 1.50629 
3.70071 4.80963 4.83186 
3.70071 3.3606 1.33342 
3.70071 4.71772 4.60032 
4.80963 3.3606 4.59222 
4.80963 3.95814 1.41204 
4.80963 4.71772 4.00548 
3.3606 3.95814 4.43322 
3.95814 4.71772 4.56195 
4.64448 4.07028 4.89093 
4.64448 3.69403 4.46428 
4.64448 4.6217 4.32143 
4.64448 4.76795 1.2213 
4.64448 4.92499 1.29233 
4.64448 4.51611 3.7184 
4.64448 4.63751 4.01068 
4.64448 1.25053 4.83493 
4.64448 4.72083 4.63655 
4.07028 3.84623 2.95729 
4.07028 3.69403 2.53524 
4.07028 3.04501 1.4153 
4.07028 4.99753 1.64397 
4.07028 4.6217 3.86437 
4.07028 4.76795 3.73172 
4.07028 3.08463 2.42908 
4.07028 4.51611 1.36901 
4.07028 4.54537 4.48472 
4.07028 4.34303 4.73963 
4.07028 1.38464 4.04467 
4.07028 3.45356 4.7194 
4.07028 2.60176 2.35214 
4.07028 1.25053 4.18533 
4.07028 2.58063 4.33673 
4.07028 3.96185 3.08217 
3.84623 3.69403 4.84579 
3.84623 3.04501 2.56249 
3.84623 4.99753 2.51087 
3.84623 3.08463 1.44669 
3.84623 4.51611 4.29057 
3.84623 4.20432 2.68948 
3.84623 4.54537 1.52877 
3.84623 3.70472 2.9264 
3.84623 4.34303 4.41708 
3.84623 1.38464 4.3822 
3.84623 3.45356 3.84728 
3.84623 4.63751 4.43547 
3.84623 2.60176 3.7993 
3.84623 1.25053 3.17226 
3.84623 4.72083 4.8022 
3.84623 2.58063 2.86476 
3.84623 3.96185 2.55725 
3.69403 3.04501 2.35099 
3.69403 4.99753 4.17065 
3.69403 4.6217 1.41026 
3.69403 4.76795 3.44462 
3.69403 3.08463 3.73516 
3.69403 4.51611 1.7845 
3.69403 3.85286 4.22318 
3.69403 1.38464 3.01764 
3.69403 2.46338 3.69319 
3.69403 2.60176 1.41059 
3.69403 4.22313 4.85436 
3.69403 1.25053 4.5126 
3.69403 3.96185 4.00832 
3.04501 4.99753 2.61543 
3.04501 4.6217 3.7384 
3.04501 4.76795 4.75582 
3.04501 3.08463 1.43277 
3.04501 4.51611 2.25696 
3.04501 4.20432 4.7141 
3.04501 3.85286 4.75064 
3.04501 4.54537 3.98526 
3.04501 3.70472 4.633 
3.04501 4.34303 4.96352 
3.04501 1.38464 2.85873 
3.04501 3.45356 4.57656 
3.04501 2.46338 3.75589 
3.04501 2.60176 1.4107 
3.04501 1.25053 3.28908 
3.04501 2.58063 3.80608 
3.04501 3.96185 2.03397 
4.99753 4.76795 4.61477 
4.99753 3.08463 2.82715 
4.99753 4.51611 2.77921 
4.99753 4.54537 3.86369 
4.99753 3.70472 4.82708 
4.99753 4.34303 4.52618 
4.99753 3.45356 4.63946 
4.99753 2.60176 3.85056 
4.99753 1.25053 4.70182 
4.99753 2.58063 4.37168 
4.99753 3.96185 3.62488 
4.6217 4.76795 3.54098 
4.6217 4.51611 2.83643 
4.6217 3.85286 4.25813 
4.6217 4.34303 4.94314 
4.6217 1.38464 3.76324 
4.6217 2.46338 4.13736 
4.6217 2.60176 2.62993 
4.6217 4.22313 4.63499 
4.76795 4.92499 2.50826 
4.76795 4.51611 2.52862 
4.76795 2.60176 4.60655 
4.76795 1.25053 4.85204 
4.92499 4.51611 4.98309 
4.92499 4.63751 3.11449 
4.92499 4.72083 3.9904 
3.08463 4.51611 3.58694 
3.08463 4.20432 3.43272 
3.08463 4.54537 2.66639 
3.08463 3.70472 3.70033 
3.08463 4.34303 4.95455 
3.08463 1.38464 3.22275 
3.08463 3.45356 4.32349 
3.08463 2.46338 4.04677 
3.08463 4.63751 4.83769 
3.08463 2.60176 2.55068 
3.08463 1.25053 2.87652 
3.08463 2.58063 3.2241 
3.08463 3.96185 1.43149 
4.51611 1.38464 4.25774 
4.51611 2.60176 2.41342 
4.51611 1.25053 4.92467 
4.51611 3.96185 4.04692 
4.20432 4.54537 1.56102 
4.20432 3.70472 1.64964 
4.20432 4.34303 4.90328 
4.20432 3.45356 3.85617 
4.20432 4.63751 3.67751 
4.20432 1.25053 3.10127 
4.20432 4.72083 4.02994 
4.20432 2.58063 2.59475 
4.20432 3.96185 4.30301 
3.85286 3.70472 3.91084 
3.85286 4.34303 3.72406 
3.85286 1.38464 2.57366 
3.85286 3.45356 3.76247 
3.85286 4.82289 2.66951 
3.85286 2.46338 1.42035 
3.85286 2.60176 3.6259 
3.85286 4.22313 1.45151 
3.85286 1.25053 4.96302 
3.85286 2.58063 4.51664 
3.85286 3.96185 4.92107 
4.54537 3.70472 2.42247 
4.54537 4.34303 4.91848 
4.54537 3.45356 4.15646 
4.54537 4.63751 3.41994 
4.54537 1.25053 3.59404 
4.54537 4.72083 3.6217 
4.54537 2.58063 3.0474 
4.54537 3.96185 3.49533 
3.70472 4.34303 3.36705 
3.70472 1.38464 4.90856 
3.70472 3.45356 2.28459 
3.70472 4.82289 4.9291 
3.70472 4.22313 4.29503 
3.70472 1.25053 2.45839 
3.70472 2.58063 1.34201 
3.70472 3.96185 4.93341 
4.34303 3.45356 1.28332 
4.34303 4.82289 4.02548 
4.34303 4.63751 4.55188 
4.34303 4.22313 3.55288 
4.34303 1.25053 3.66462 
4.34303 4.72083 3.51055 
4.34303 2.58063 2.67819 
1.38464 3.45356 4.7458 
1.38464 4.82289 4.01401 
1.38464 2.46338 1.25016 
1.38464 2.60176 1.93894 
1.38464 4.22313 3.16839 
1.38464 1.25053 2.53092 
1.38464 2.58063 3.85588 
1.38464 3.96185 3.63476 
3.45356 4.82289 4.03151 
3.45356 4.63751 4.36621 
3.45356 2.60176 4.94415 
3.45356 4.22313 3.61496 
3.45356 1.25053 2.5784 
3.45356 4.72083 3.46076 
3.45356 2.58063 1.50629 
4.82289 2.46338 3.22886 
4.82289 4.22313 1.23334 
4.82289 4.72083 4.34613 
2.46338 2.60176 2.7583 
2.46338 4.22313 2.22156 
2.46338 1.25053 3.54394 
2.46338 2.58063 4.92982 
2.46338 3.96185 4.07185 
4.63751 1.25053 4.83186 
4.63751 4.72083 1.33342 
4.63751 3.96185 4.60032 
2.60176 4.22313 4.45761 
2.60176 1.25053 3.36245 
2.60176 2.58063 4.2547 
2.60176 3.96185 2.89304 
4.22313 4.72083 4.87346 
4.22313 2.58063 4.61744 
1.25053 4.72083 4.59222 
1.25053 2.58063 1.41204 
1.25053 3.96185 4.00548 
4.72083 2.58063 4.43322 
2.58063 3.96185 4.56195 
4.4191 4.67269 4.32048 
4.4191 4.45713 1.50709 
4.4191 3.4303 4.57488 
4.4191 4.95023 3.67588 
4.4191 4.02651 2.6132 
4.4191 2.45448 3.50334 
4.4191 4.16798 1.38864 
4.4191 4.58659 3.87496 
4.67269 4.72716 2.34444 
4.67269 4.45713 4.83274 
4.67269 4.5054 4.32143 
4.67269 4.84567 1.2213 
4.67269 4.95023 1.29233 
4.67269 4.02651 4.56154 
4.67269 4.16798 4.20934 
4.72716 4.5054 3.34059 
4.72716 4.84567 1.19848 
4.72716 4.95023 3.62027 
4.72716 3.77566 3.86955 
4.45713 3.4303 3.50725 
4.45713 4.95023 4.25853 
4.45713 4.02651 3.94263 
4.45713 2.45448 2.73765 
4.45713 4.16798 2.80509 
4.45713 4.1041 4.76596 
4.5054 3.4303 4.43694 
4.5054 4.84567 3.54098 
4.5054 2.45448 4.61647 
4.5054 3.08222 2.52069 
4.5054 4.36508 4.94314 
4.5054 4.1041 4.44098 
3.4303 2.45448 1.45099 
3.4303 3.08222 3.22559 
3.4303 4.71657 2.49891 
3.4303 4.36508 4.57009 
3.4303 4.1041 1.32802 
4.84567 4.95023 2.50826 
4.84567 4.02651 4.95558 
4.84567 3.77566 4.48363 
4.84567 4.16798 4.81279 
4.95023 4.02651 4.36111 
4.95023 4.16798 3.75899 
4.02651 2.45448 4.63748 
4.02651 4.71657 3.67071 
4.02651 4.16798 1.2442 
4.02651 4.36508 4.96296 
4.02651 4.1041 4.32914 
4.02651 4.58659 1.27626 
2.45448 3.08222 3.52766 
2.45448 4.71657 3.70507 
2.45448 4.16798 4.07176 
2.45448 4.1041 2.67674 
3.77566 3.08222 4.71112 
3.08222 4.71657 3.31521 
3.08222 4.36508 2.59704 
3.08222 4.1041 2.93642 
3.08222 4.58659 4.43632 
4.71657 4.16798 4.21119 
4.71657 4.36508 3.1974 
4.71657 4.1041 1.28827 
4.71657 4.58659 3.50123 
4.16798 4.1041 4.75972 
4.16798 4.58659 2.49196 
4.36508 4.1041 3.79252 
4.36508 4.58659 4.02548 
4.1041 4.58659 4.11889 
4.32048 1.50709 4.83274 
4.32048 3.67588 1.29233 
4.32048 2.6132 4.56154 
4.32048 4.50404 3.58292 
4.32048 1.38864 4.20934 
4.32048 1.49702 3.91314 
4.32048 3.77593 2.70621 
4.32048 2.60977 3.19543 
1.50709 4.57488 3.50725 
1.50709 3.67588 4.25853 
1.50709 2.6132 3.94263 
1.50709 3.50334 2.73765 
1.50709 1.38864 2.80509 
1.50709 1.49702 1.45561 
1.50709 3.77593 4.25928 
1.50709 4.64233 3.30728 
1.50709 2.60977 2.86806 
4.57488 3.50334 1.45099 
4.57488 1.49702 4.73842 
4.57488 4.64233 2.74714 
3.67588 2.6132 4.36111 
3.67588 4.50404 2.40707 
3.67588 1.38864 3.75899 
3.67588 1.49702 3.07122 
3.67588 3.77593 1.44943 
3.67588 2.60977 2.07771 
2.6132 3.50334 4.63748 
2.6132 1.38864 1.2442 
2.6132 1.49702 3.89228 
2.6132 3.87496 1.27626 
2.6132 3.77593 4.99362 
2.6132 2.60977 4.44294 
4.50404 1.38864 4.65517 
4.50404 1.49702 3.81953 
4.50404 3.77593 1.40339 
4.50404 2.60977 2.53449 
3.50334 1.38864 4.07176 
3.50334 1.49702 4.05875 
3.50334 4.64233 3.50766 
1.38864 1.49702 2.68628 
1.38864 3.87496 2.49196 
1.38864 3.77593 4.16377 
1.38864 2.60977 3.37999 
1.49702 3.77593 2.8383 
1.49702 4.64233 3.91184 
1.49702 2.60977 1.43235 
3.77593 2.60977 1.44014 
4.64233 2.60977 4.64452 
4.89093 2.34444 2.55142 
4.89093 4.46428 2.53524 
4.89093 4.32143 3.86437 
4.89093 1.2213 3.73172 
4.89093 3.7184 1.36901 
4.89093 4.83493 4.18533 
2.34444 4.46428 2.77722 
2.34444 4.32143 3.34059 
2.34444 1.2213 1.19848 
2.34444 1.29233 3.62027 
2.34444 3.7184 1.46231 
2.34444 2.70621 4.97031 
4.46428 4.32143 1.41026 
4.46428 1.2213 3.44462 
4.46428 3.7184 1.7845 
4.46428 4.83493 4.5126 
4.83274 1.29233 4.25853 
4.83274 4.56154 3.94263 
4.83274 4.20934 2.80509 
4.83274 3.91314 1.45561 
4.83274 2.70621 4.25928 
4.83274 3.19543 2.86806 
4.32143 1.2213 3.54098 
4.32143 3.7184 2.83643 
1.2213 1.29233 2.50826 
1.2213 4.56154 4.95558 
1.2213 3.7184 2.52862 
1.2213 3.58292 4.77991 
1.2213 4.20934 4.81279 
1.2213 3.91314 4.80225 
1.2213 4.83493 4.85204 
1.2213 2.70621 3.91869 
1.2213 3.19543 4.29255 
1.29233 4.56154 4.36111 
1.29233 3.7184 4.98309 
1.29233 3.58292 2.40707 
1.29233 4.20934 3.75899 
1.29233 3.91314 3.07122 
1.29233 4.01068 3.11449 
1.29233 4.63655 3.9904 
1.29233 2.70621 1.44943 
1.29233 3.19543 2.07771 
4.56154 4.20934 1.2442 
4.56154 3.91314 3.89228 
4.56154 4.63655 4.38969 
4.56154 2.70621 4.99362 
4.56154 3.19543 4.44294 
3.7184 4.83493 4.92467 
3.58292 4.20934 4.65517 
3.58292 3.91314 3.81953 
3.58292 4.01068 1.342 
3.58292 4.63655 2.55454 
3.58292 2.70621 1.40339 
3.58292 3.19543 2.53449 
4.20934 3.91314 2.68628 
4.20934 4.63655 4.9733 
4.20934 2.70621 4.16377 
4.20934 3.19543 3.37999 
3.91314 2.70621 2.8383 
3.91314 3.19543 1.43235 
4.01068 4.83493 4.83186 
4.01068 4.63655 1.33342 
4.01068 2.70621 2.55392 
4.01068 3.19543 3.812 
4.83493 4.63655 4.59222 
4.63655 2.70621 3.58856 
4.63655 3.19543 4.96425 
2.70621 3.19543 1.44014 
2.95729 2.53524 4.84579 
2.95729 1.4153 2.56249 
2.95729 1.64397 2.51087 
2.95729 2.42908 1.44669 
2.95729 1.36901 4.29057 
2.95729 4.48472 1.52877 
2.95729 4.73963 4.41708 
2.95729 4.04467 4.3822 
2.95729 2.30853 3.78578 
2.95729 4.7194 3.84728 
2.95729 2.35214 3.7993 
2.95729 3.8163 3.67761 
2.95729 4.18533 3.17226 
2.95729 4.77504 4.95126 
2.95729 4.33673 2.86476 
2.95729 3.08217 2.55725 
2.55142 2.53524 2.77722 
2.55142 1.4153 3.65017 
2.55142 1.64397 3.46081 
2.55142 3.86437 3.34059 
2.55142 3.73172 1.19848 
2.55142 2.42908 4.90753 
2.55142 1.36901 1.46231 
2.55142 4.10472 3.86955 
2.55142 4.73472 4.83142 
2.55142 2.30853 3.19436 
2.55142 2.35214 3.70785 
2.53524 1.4153 2.35099 
2.53524 1.64397 4.17065 
2.53524 3.86437 1.41026 
2.53524 3.73172 3.44462 
2.53524 2.42908 3.73516 
2.53524 1.36901 1.7845 
2.53524 4.04467 3.01764 
2.53524 2.30853 4.62352 
2.53524 2.35214 1.41059 
2.53524 3.8163 4.61888 
2.53524 4.18533 4.5126 
2.53524 3.08217 4.00832 
1.4153 1.64397 2.61543 
1.4153 3.86437 3.7384 
1.4153 3.73172 4.75582 
1.4153 2.42908 1.43277 
1.4153 1.36901 2.25696 
1.4153 4.48472 3.98526 
1.4153 4.73963 4.96352 
1.4153 4.04467 2.85873 
1.4153 2.30853 3.56982 
1.4153 4.7194 4.57656 
1.4153 2.35214 1.4107 
1.4153 3.8163 3.03798 
1.4153 4.18533 3.28908 
1.4153 4.77504 4.11036 
1.4153 4.33673 3.80608 
1.4153 3.08217 2.03397 
1.64397 3.73172 4.61477 
1.64397 2.42908 2.82715 
1.64397 1.36901 2.77921 
1.64397 4.10472 3.10806 
1.64397 4.48472 3.86369 
1.64397 4.73472 3.72266 
1.64397 4.73963 4.52618 
1.64397 2.30853 1.31938 
1.64397 4.7194 4.63946 
1.64397 2.35214 3.85056 
1.64397 3.8163 4.31156 
1.64397 4.18533 4.70182 
1.64397 4.33673 4.37168 
1.64397 3.08217 3.62488 
3.86437 3.73172 3.54098 
3.86437 1.36901 2.83643 
3.86437 4.73963 4.94314 
3.86437 4.04467 3.76324 
3.86437 2.35214 2.62993 
3.86437 4.77504 4.8534 
3.73172 1.36901 2.52862 
3.73172 4.10472 4.48363 
3.73172 2.30853 4.18374 
3.73172 2.35214 4.60655 
3.73172 4.18533 4.85204 
2.42908 1.36901 3.58694 
2.42908 4.48472 2.66639 
2.42908 4.73963 4.95455 
2.42908 4.04467 3.22275 
2.42908 2.30853 4.02028 
2.42908 4.7194 4.32349 
2.42908 2.35214 2.55068 
2.42908 3.8163 2.74237 
2.42908 4.18533 2.87652 
2.42908 4.77504 4.01248 
2.42908 4.33673 3.2241 
2.42908 3.08217 1.43149 
1.36901 4.10472 4.37596 
1.36901 4.04467 4.25774 
1.36901 2.30853 2.93907 
1.36901 2.35214 2.41342 
1.36901 3.8163 4.60352 
1.36901 4.18533 4.92467 
1.36901 3.08217 4.04692 
4.10472 4.73472 2.44743 
4.10472 2.30853 2.28318 
4.10472 4.18533 4.99618 
4.10472 4.33673 4.6558 
4.48472 4.73472 3.93312 
4.48472 4.73963 4.91848 
4.48472 4.7194 4.15646 
4.48472 3.8163 4.51461 
4.48472 4.18533 3.59404 
4.48472 4.33673 3.0474 
4.48472 3.08217 3.49533 
4.73472 2.30853 2.4959 
4.73472 4.18533 4.24334 
4.73472 4.33673 3.97953 
4.73963 4.7194 1.28332 
4.73963 4.18533 3.66462 
4.73963 4.33673 2.67819 
4.04467 4.7194 4.7458 
4.04467 2.35214 1.93894 
4.04467 3.8163 4.67573 
4.04467 4.18533 2.53092 
4.04467 4.33673 3.85588 
4.04467 3.08217 3.63476 
2.30853 2.35214 4.6565 
2.30853 3.8163 4.97598 
2.30853 3.08217 4.57587 
4.7194 2.35214 4.94415 
4.7194 4.18533 2.5784 
4.7194 4.33673 1.50629 
2.35214 3.8163 3.76393 
2.35214 4.18533 3.36245 
2.35214 4.77504 4.6246 
2.35214 4.33673 4.2547 
2.35214 3.08217 2.89304 
3.8163 4.77504 1.29116 
3.8163 3.08217 1.36678 
4.18533 4.33673 1.41204 
4.18533 3.08217 4.00548 
4.77504 3.08217 2.62599 
4.33673 3.08217 4.56195 
4.84579 2.56249 2.35099 
4.84579 2.51087 4.17065 
4.84579 1.44669 3.73516 
4.84579 4.29057 1.7845 
4.84579 4.3822 3.01764 
4.84579 3.78578 4.62352 
4.84579 3.7993 1.41059 
4.84579 3.67761 4.61888 
4.84579 3.17226 4.5126 
4.84579 2.55725 4.00832 
2.56249 2.51087 2.61543 
2.56249 1.44669 1.43277 
2.56249 4.29057 2.25696 
2.56249 2.68948 4.7141 
2.56249 1.52877 3.98526 
2.56249 2.9264 4.633 
2.56249 4.41708 4.96352 
2.56249 4.3822 2.85873 
2.56249 3.78578 3.56982 
2.56249 3.84728 4.57656 
2.56249 3.7993 1.4107 
2.56249 3.67761 3.03798 
2.56249 3.17226 3.28908 
2.56249 4.95126 4.11036 
2.56249 2.86476 3.80608 
2.56249 2.55725 2.03397 
2.51087 1.44669 2.82715 
2.51087 4.29057 2.77921 
2.51087 1.52877 3.86369 
2.51087 4.03339 4.87803 
2.51087 2.9264 4.82708 
2.51087 4.41708 4.52618 
2.51087 3.78578 1.31938 
2.51087 3.84728 4.63946 
2.51087 3.7993 3.85056 
2.51087 3.67761 4.31156 
2.51087 3.17226 4.70182 
2.51087 2.86476 4.37168 
2.51087 2.55725 3.62488 
1.44669 4.29057 3.58694 
1.44669 4.55119 4.68749 
1.44669 2.68948 3.43272 
1.44669 3.90796 4.93828 
1.44669 1.52877 2.66639 
1.44669 4.03339 4.62119 
1.44669 2.9264 3.70033 
1.44669 4.41708 4.95455 
1.44669 4.3822 3.22275 
1.44669 3.78578 4.02028 
1.44669 3.84728 4.32349 
1.44669 4.43547 4.83769 
1.44669 3.7993 2.55068 
1.44669 3.67761 2.74237 
1.44669 3.17226 2.87652 
1.44669 4.95126 4.01248 
1.44669 2.86476 3.2241 
1.44669 2.55725 1.43149 
4.29057 4.3822 4.25774 
4.29057 3.78578 2.93907 
4.29057 3.7993 2.41342 
4.29057 3.67761 4.60352 
4.29057 3.17226 4.92467 
4.29057 2.55725 4.04692 
4.55119 2.68948 3.39823 
4.55119 1.52877 3.60678 
4.55119 4.03339 3.03833 
4.55119 4.70498 3.73356 
4.55119 4.43547 1.342 
4.55119 3.67761 4.90048 
4.55119 4.8022 2.55454 
4.55119 2.55725 4.46049 
2.68948 3.90796 2.52946 
2.68948 1.52877 1.56102 
2.68948 4.03339 1.40425 
2.68948 2.9264 1.64964 
2.68948 4.41708 4.90328 
2.68948 4.84297 3.7605 
2.68948 4.70498 4.22123 
2.68948 3.78578 4.7411 
2.68948 3.84728 3.85617 
2.68948 4.43547 3.67751 
2.68948 3.17226 3.10127 
2.68948 4.8022 4.02994 
2.68948 2.86476 2.59475 
2.68948 2.55725 4.30301 
3.90796 1.52877 3.1819 
3.90796 4.03339 3.16782 
3.90796 2.9264 1.43146 
3.90796 4.41708 3.47234 
3.90796 4.84297 1.24953 
3.90796 3.84728 2.69484 
3.90796 3.17226 3.79198 
3.90796 2.86476 2.5049 
1.52877 4.03339 2.78861 
1.52877 2.9264 2.42247 
1.52877 4.41708 4.91848 
1.52877 4.84297 4.23459 
1.52877 4.70498 3.54141 
1.52877 3.84728 4.15646 
1.52877 4.43547 3.41994 
1.52877 3.67761 4.51461 
1.52877 3.17226 3.59404 
1.52877 4.8022 3.6217 
1.52877 2.86476 3.0474 
1.52877 2.55725 3.49533 
4.03339 2.9264 2.62872 
4.03339 4.84297 4.32689 
4.03339 4.70498 4.38883 
4.03339 3.78578 3.65202 
4.03339 3.84728 4.86269 
4.03339 4.43547 3.56694 
4.03339 3.17226 3.97862 
4.03339 4.8022 3.94392 
4.03339 2.86476 3.64461 
2.9264 4.41708 3.36705 
2.9264 4.84297 2.5894 
2.9264 4.3822 4.90856 
2.9264 3.84728 2.28459 
2.9264 3.17226 2.45839 
2.9264 2.86476 1.34201 
2.9264 2.55725 4.93341 
4.41708 4.84297 3.3998 
4.41708 4.70498 3.04381 
4.41708 3.84728 1.28332 
4.41708 4.43547 4.55188 
4.41708 3.17226 3.66462 
4.41708 4.8022 3.51055 
4.41708 2.86476 2.67819 
4.84297 4.3822 3.86666 
4.84297 3.84728 3.01004 
4.84297 3.7993 4.78613 
4.84297 3.17226 4.7505 
4.84297 2.86476 3.38594 
4.70498 3.84728 3.44639 
4.70498 4.43547 2.54249 
4.70498 4.8022 1.34476 
4.70498 2.86476 4.74474 
4.3822 3.84728 4.7458 
4.3822 3.7993 1.93894 
4.3822 3.67761 4.67573 
4.3822 3.17226 2.53092 
4.3822 2.86476 3.85588 
4.3822 2.55725 3.63476 
3.78578 3.7993 4.6565 
3.78578 3.67761 4.97598 
3.78578 2.55725 4.57587 
3.84728 4.43547 4.36621 
3.84728 3.7993 4.94415 
3.84728 3.17226 2.5784 
3.84728 4.8022 3.46076 
3.84728 2.86476 1.50629 
4.43547 3.67761 4.88402 
4.43547 3.17226 4.83186 
4.43547 4.8022 1.33342 
4.43547 2.55725 4.60032 
3.7993 3.67761 3.76393 
3.7993 3.17226 3.36245 
3.7993 4.95126 4.6246 
3.7993 2.86476 4.2547 
3.7993 2.55725 2.89304 
3.67761 4.95126 1.29116 
3.67761 2.55725 1.36678 
3.17226 4.8022 4.59222 
3.17226 2.86476 1.41204 
3.17226 2.55725 4.00548 
4.8022 2.86476 4.43322 
4.95126 2.55725 2.62599 
2.86476 2.55725 4.56195 
2.77722 3.65017 2.35099 
2.77722 3.46081 4.17065 
2.77722 3.34059 1.41026 
2.77722 1.19848 3.44462 
2.77722 4.90753 3.73516 
2.77722 1.46231 1.7845 
2.77722 3.19436 4.62352 
2.77722 3.70785 1.41059 
3.65017 3.46081 2.61543 
3.65017 3.34059 3.7384 
3.65017 1.19848 4.75582 
3.65017 4.90753 1.43277 
3.65017 1.46231 2.25696 
3.65017 3.19436 3.56982 
3.65017 3.70785 1.4107 
3.46081 1.19848 4.61477 
3.46081 4.90753 2.82715 
3.46081 1.46231 2.77921 
3.46081 3.86955 3.10806 
3.46081 4.83142 3.72266 
3.46081 3.19436 1.31938 
3.46081 3.70785 3.85056 
3.34059 1.19848 3.54098 
3.34059 1.46231 2.83643 
3.34059 3.70785 2.62993 
1.19848 3.62027 2.50826 
1.19848 1.46231 2.52862 
1.19848 3.86955 4.48363 
1.19848 3.19436 4.18374 
1.19848 3.70785 4.60655 
1.19848 4.97031 3.91869 
3.62027 1.46231 4.98309 
3.62027 4.97031 1.44943 
4.90753 1.46231 3.58694 
4.90753 3.19436 4.02028 
4.90753 3.70785 2.55068 
1.46231 3.86955 4.37596 
1.46231 3.19436 2.93907 
1.46231 3.70785 2.41342 
3.86955 4.83142 2.44743 
3.86955 3.19436 2.28318 
4.83142 3.19436 2.4959 
4.83142 4.97031 3.9086 
3.19436 3.70785 4.6565 
3.19436 4.97031 4.82629 
2.35099 4.17065 2.61543 
2.35099 1.41026 3.7384 
2.35099 3.44462 4.75582 
2.35099 3.73516 1.43277 
2.35099 1.7845 2.25696 
2.35099 4.22318 4.75064 
2.35099 3.01764 2.85873 
2.35099 4.62352 3.56982 
2.35099 3.69319 3.75589 
2.35099 1.41059 1.4107 
2.35099 4.61888 3.03798 
2.35099 4.5126 3.28908 
2.35099 4.00832 2.03397 
4.17065 3.44462 4.61477 
4.17065 3.73516 2.82715 
4.17065 1.7845 2.77921 
4.17065 4.62352 1.31938 
4.17065 1.41059 3.85056 
4.17065 4.61888 4.31156 
4.17065 4.5126 4.70182 
4.17065 4.00832 3.62488 
1.41026 3.44462 3.54098 
1.41026 1.7845 2.83643 
1.41026 4.22318 4.25813 
1.41026 3.70168 2.52069 
1.41026 3.01764 3.76324 
1.41026 3.69319 4.13736 
1.41026 1.41059 2.62993 
1.41026 4.85436 4.63499 
3.44462 1.7845 2.52862 
3.44462 4.62352 4.18374 
3.44462 1.41059 4.60655 
3.44462 4.5126 4.85204 
3.73516 1.7845 3.58694 
3.73516 3.01764 3.22275 
3.73516 4.62352 4.02028 
3.73516 3.69319 4.04677 
3.73516 1.41059 2.55068 
3.73516 4.61888 2.74237 
3.73516 4.5126 2.87652 
3.73516 4.00832 1.43149 
1.7845 3.01764 4.25774 
1.7845 4.62352 2.93907 
1.7845 1.41059 2.41342 
1.7845 4.61888 4.60352 
1.7845 4.5126 4.92467 
1.7845 4.00832 4.04692 
4.22318 3.70168 3.76902 
4.22318 3.01764 2.57366 
4.22318 3.69319 1.42035 
4.22318 1.41059 3.6259 
4.22318 4.85436 1.45151 
4.22318 4.5126 4.96302 
4.22318 4.00832 4.92107 
3.70168 3.01764 4.76563 
3.70168 3.69319 4.46004 
3.70168 1.41059 4.42988 
3.70168 4.85436 3.78776 
3.01764 3.69319 1.25016 
3.01764 1.41059 1.93894 
3.01764 4.85436 3.16839 
3.01764 4.61888 4.67573 
3.01764 4.5126 2.53092 
3.01764 4.00832 3.63476 
4.62352 1.41059 4.6565 
4.62352 4.61888 4.97598 
4.62352 4.00832 4.57587 
3.69319 1.41059 2.7583 
3.69319 4.85436 2.22156 
3.69319 4.61888 4.87765 
3.69319 4.5126 3.54394 
3.69319 4.00832 4.07185 
1.41059 4.85436 4.45761 
1.41059 4.61888 3.76393 
1.41059 4.5126 3.36245 
1.41059 4.00832 2.89304 
4.61888 4.00832 1.36678 
4.5126 4.00832 4.00548 
3.50725 2.73765 1.45099 
3.50725 1.45561 4.73842 
3.50725 4.76596 1.32802 
3.50725 4.17642 3.99037 
3.50725 3.30728 2.74714 
4.25853 3.94263 4.36111 
4.25853 2.80509 3.75899 
4.25853 1.45561 3.07122 
4.25853 4.25928 1.44943 
4.25853 2.86806 2.07771 
3.94263 2.73765 4.63748 
3.94263 2.80509 1.2442 
3.94263 1.45561 3.89228 
3.94263 4.76596 4.32914 
3.94263 4.25928 4.99362 
3.94263 2.86806 4.44294 
2.73765 2.80509 4.07176 
2.73765 1.45561 4.05875 
2.73765 4.76596 2.67674 
2.73765 4.17642 4.77866 
2.73765 3.30728 3.50766 
2.80509 1.45561 2.68628 
2.80509 4.76596 4.75972 
2.80509 4.25928 4.16377 
2.80509 2.86806 3.37999 
1.45561 4.17642 4.48031 
1.45561 4.25928 2.8383 
1.45561 3.30728 3.91184 
1.45561 2.86806 1.43235 
4.76596 4.17642 4.28839 
4.76596 3.30728 3.21238 
4.17642 3.30728 1.29116 
4.17642 2.86806 4.93048 
4.25928 2.86806 1.44014 
3.30728 2.86806 4.64452 
2.61543 4.75582 4.61477 
2.61543 1.43277 2.82715 
2.61543 2.25696 2.77921 
2.61543 3.98526 3.86369 
2.61543 4.633 4.82708 
2.61543 4.96352 4.52618 
2.61543 3.56982 1.31938 
2.61543 4.57656 4.63946 
2.61543 1.4107 3.85056 
2.61543 3.03798 4.31156 
2.61543 3.28908 4.70182 
2.61543 3.80608 4.37168 
2.61543 2.03397 3.62488 
3.7384 4.75582 3.54098 
3.7384 2.25696 2.83643 
3.7384 4.75064 4.25813 
3.7384 4.96352 4.94314 
3.7384 2.85873 3.76324 
3.7384 3.75589 4.13736 
3.7384 1.4107 2.62993 
3.7384 4.11036 4.8534 
4.75582 2.25696 2.52862 
4.75582 3.56982 4.18374 
4.75582 1.4107 4.60655 
4.75582 3.28908 4.85204 
1.43277 2.25696 3.58694 
1.43277 4.7141 3.43272 
1.43277 3.98526 2.66639 
1.43277 4.633 3.70033 
1.43277 4.96352 4.95455 
1.43277 2.85873 3.22275 
1.43277 3.56982 4.02028 
1.43277 4.57656 4.32349 
1.43277 3.75589 4.04677 
1.43277 1.4107 2.55068 
1.43277 3.03798 2.74237 
1.43277 3.28908 2.87652 
1.43277 4.11036 4.01248 
1.43277 3.80608 3.2241 
1.43277 2.03397 1.43149 
2.25696 2.85873 4.25774 
2.25696 3.56982 2.93907 
2.25696 1.4107 2.41342 
2.25696 3.03798 4.60352 
2.25696 3.28908 4.92467 
2.25696 2.03397 4.04692 
4.7141 3.98526 1.56102 
4.7141 4.633 1.64964 
4.7141 4.96352 4.90328 
4.7141 3.56982 4.7411 
4.7141 4.57656 3.85617 
4.7141 3.28908 3.10127 
4.7141 3.80608 2.59475 
4.7141 2.03397 4.30301 
4.75064 4.633 3.91084 
4.75064 4.96352 3.72406 
4.75064 2.85873 2.57366 
4.75064 4.57656 3.76247 
4.75064 3.75589 1.42035 
4.75064 1.4107 3.6259 
4.75064 3.28908 4.96302 
4.75064 3.80608 4.51664 
4.75064 2.03397 4.92107 
3.98526 4.633 2.42247 
3.98526 4.96352 4.91848 
3.98526 4.57656 4.15646 
3.98526 3.03798 4.51461 
3.98526 3.28908 3.59404 
3.98526 3.80608 3.0474 
3.98526 2.03397 3.49533 
4.633 4.96352 3.36705 
4.633 2.85873 4.90856 
4.633 4.57656 2.28459 
4.633 3.28908 2.45839 
4.633 3.80608 1.34201 
4.633 2.03397 4.93341 
4.96352 4.57656 1.28332 
4.96352 3.28908 3.66462 
4.96352 3.80608 2.67819 
2.85873 4.57656 4.7458 
2.85873 3.75589 1.25016 
2.85873 1.4107 1.93894 
2.85873 3.03798 4.67573 
2.85873 3.28908 2.53092 
2.85873 3.80608 3.85588 
2.85873 2.03397 3.63476 
3.56982 1.4107 4.6565 
3.56982 3.03798 4.97598 
3.56982 2.03397 4.57587 
4.57656 1.4107 4.94415 
4.57656 3.28908 2.5784 
4.57656 3.80608 1.50629 
3.75589 1.4107 2.7583 
3.75589 3.03798 4.87765 
3.75589 3.28908 3.54394 
3.75589 3.80608 4.92982 
3.75589 2.03397 4.07185 
1.4107 3.03798 3.76393 
1.4107 3.28908 3.36245 
1.4107 4.11036 4.6246 
1.4107 3.80608 4.2547 
1.4107 2.03397 2.89304 
3.03798 4.11036 1.29116 
3.03798 2.03397 1.36678 
3.28908 3.80608 1.41204 
3.28908 2.03397 4.00548 
4.11036 2.03397 2.62599 
3.80608 2.03397 4.56195 
4.61477 2.77921 2.52862 
4.61477 3.10806 4.48363 
4.61477 1.31938 4.18374 
4.61477 3.85056 4.60655 
4.61477 4.70182 4.85204 
2.82715 2.77921 3.58694 
2.82715 3.86369 2.66639 
2.82715 4.87803 4.62119 
2.82715 4.82708 3.70033 
2.82715 4.52618 4.95455 
2.82715 1.31938 4.02028 
2.82715 4.63946 4.32349 
2.82715 3.85056 2.55068 
2.82715 4.31156 2.74237 
2.82715 4.70182 2.87652 
2.82715 4.37168 3.2241 
2.82715 3.62488 1.43149 
2.77921 3.10806 4.37596 
2.77921 1.31938 2.93907 
2.77921 3.85056 2.41342 
2.77921 4.31156 4.60352 
2.77921 4.70182 4.92467 
2.77921 3.62488 4.04692 
3.10806 4.87803 3.59928 
3.10806 4.82708 4.02835 
3.10806 3.72266 2.44743 
3.10806 1.31938 2.28318 
3.10806 4.70182 4.99618 
3.10806 4.37168 4.6558 
3.86369 4.87803 2.78861 
3.86369 4.82708 2.42247 
3.86369 3.72266 3.93312 
3.86369 4.52618 4.91848 
3.86369 4.63946 4.15646 
3.86369 4.31156 4.51461 
3.86369 4.70182 3.59404 
3.86369 4.37168 3.0474 
3.86369 3.62488 3.49533 
4.87803 4.82708 2.62872 
4.87803 3.72266 1.26115 
4.87803 1.31938 3.65202 
4.87803 4.63946 4.86269 
4.87803 4.70182 3.97862 
4.87803 4.37168 3.64461 
4.82708 3.72266 3.05936 
4.82708 4.52618 3.36705 
4.82708 4.63946 2.28459 
4.82708 4.70182 2.45839 
4.82708 4.37168 1.34201 
4.82708 3.62488 4.93341 
3.72266 1.31938 2.4959 
3.72266 4.70182 4.24334 
3.72266 4.37168 3.97953 
4.52618 4.63946 1.28332 
4.52618 4.70182 3.66462 
4.52618 4.37168 2.67819 
1.31938 3.85056 4.6565 
1.31938 4.31156 4.97598 
1.31938 3.62488 4.57587 
4.63946 3.85056 4.94415 
4.63946 4.70182 2.5784 
4.63946 4.37168 1.50629 
3.85056 4.31156 3.76393 
3.85056 4.70182 3.36245 
3.85056 4.37168 4.2547 
3.85056 3.62488 2.89304 
4.31156 3.62488 1.36678 
4.70182 4.37168 1.41204 
4.70182 3.62488 4.00548 
4.37168 3.62488 4.56195 
4.43694 4.61647 1.45099 
4.43694 2.52069 3.22559 
4.43694 4.94314 4.57009 
4.43694 4.44098 1.32802 
4.43694 4.8534 2.74714 
3.54098 2.83643 2.52862 
3.54098 2.62993 4.60655 
2.83643 3.76324 4.25774 
2.83643 2.62993 2.41342 
4.61647 2.52069 3.52766 
4.61647 4.44098 2.67674 
4.61647 4.8534 3.50766 
4.25813 2.52069 3.76902 
4.25813 4.94314 3.72406 
4.25813 3.76324 2.57366 
4.25813 4.13736 1.42035 
4.25813 2.62993 3.6259 
4.25813 4.63499 1.45151 
2.52069 4.94314 2.59704 
2.52069 4.44098 2.93642 
2.52069 3.76324 4.76563 
2.52069 4.13736 4.46004 
2.52069 2.62993 4.42988 
2.52069 4.63499 3.78776 
2.52069 4.8534 4.97802 
4.94314 4.44098 3.79252 
4.94314 4.63499 3.55288 
4.44098 4.63499 4.31617 
4.44098 4.8534 3.21238 
3.76324 4.13736 1.25016 
3.76324 2.62993 1.93894 
3.76324 4.63499 3.16839 
4.13736 2.62993 2.7583 
4.13736 4.63499 2.22156 
2.62993 4.63499 4.45761 
2.62993 4.8534 4.6246 
1.45099 3.22559 3.52766 
1.45099 2.49891 3.70507 
1.45099 4.73842 4.05875 
1.45099 1.32802 2.67674 
1.45099 3.66173 4.67207 
1.45099 3.99037 4.77866 
1.45099 2.74714 3.50766 
4.88602 2.49891 4.01648 
4.88602 4.57009 4.91848 
4.88602 1.32802 4.55557 
4.88602 3.66173 3.54141 
4.88602 3.99037 4.51461 
4.88602 4.9618 3.6217 
3.22559 2.49891 3.31521 
3.22559 4.57009 2.59704 
3.22559 1.32802 2.93642 
3.22559 3.66173 4.1308 
3.22559 2.74714 4.97802 
2.49891 4.57009 3.1974 
2.49891 1.32802 1.28827 
2.49891 3.66173 1.37589 
2.49891 4.9618 2.71155 
2.49891 2.74714 4.35948 
4.73842 3.99037 4.48031 
4.73842 2.74714 3.91184 
4.57009 1.32802 3.79252 
4.57009 3.66173 3.04381 
4.57009 4.9618 3.51055 
1.32802 3.66173 2.61308 
1.32802 3.99037 4.28839 
1.32802 4.9618 3.95649 
1.32802 2.74714 3.21238 
3.66173 4.9618 1.34476 
3.99037 2.74714 1.29116 
2.50826 4.95558 4.36111 
2.50826 2.52862 4.98309 
2.50826 4.77991 2.40707 
2.50826 4.81279 3.75899 
2.50826 4.80225 3.07122 
2.50826 3.91869 1.44943 
2.50826 4.29255 2.07771 
4.95558 4.81279 1.2442 
4.95558 4.80225 3.89228 
4.95558 3.91869 4.99362 
4.95558 4.29255 4.44294 
2.52862 4.48363 4.37596 
2.52862 4.18374 2.93907 
2.52862 4.60655 2.41342 
2.52862 4.85204 4.92467 
4.77991 4.81279 4.65517 
4.77991 4.80225 3.81953 
4.77991 3.91869 1.40339 
4.77991 4.29255 2.53449 
4.48363 4.18374 2.28318 
4.48363 4.85204 4.99618 
4.81279 4.80225 2.68628 
4.81279 3.91869 4.16377 
4.81279 4.29255 3.37999 
4.80225 3.91869 2.8383 
4.80225 4.29255 1.43235 
4.18374 4.60655 4.6565 
4.18374 3.91869 4.82629 
4.18374 4.29255 4.62922 
4.60655 4.85204 3.36245 
3.91869 4.29255 1.44014 
4.36111 3.75899 1.2442 
4.36111 3.07122 3.89228 
4.36111 3.9904 4.38969 
4.36111 1.44943 4.99362 
4.36111 2.07771 4.44294 
2.40707 4.75897 3.03833 
2.40707 3.75899 4.65517 
2.40707 3.07122 3.81953 
2.40707 3.11449 1.342 
2.40707 3.9904 2.55454 
2.40707 1.44943 1.40339 
2.40707 2.07771 2.53449 
4.75897 3.11449 3.56694 
4.75897 3.9904 3.94392 
4.75897 1.44943 3.41474 
4.75897 2.07771 4.14341 
3.75899 3.07122 2.68628 
3.75899 3.9904 4.9733 
3.75899 1.44943 4.16377 
3.75899 2.07771 3.37999 
3.07122 1.44943 2.8383 
3.07122 2.07771 1.43235 
3.11449 3.9904 1.33342 
3.11449 1.44943 2.55392 
3.11449 2.07771 3.812 
3.9904 1.44943 3.58856 
3.9904 2.07771 4.96425 
1.44943 2.07771 1.44014 
3.58694 3.22275 4.25774 
3.58694 4.02028 2.93907 
3.58694 2.55068 2.41342 
3.58694 2.74237 4.60352 
3.58694 2.87652 4.92467 
3.58694 1.43149 4.04692 
4.68749 3.43272 3.39823 
4.68749 2.66639 3.60678 
4.68749 4.62119 3.03833 
4.68749 4.83769 1.342 
4.68749 2.74237 4.90048 
4.68749 1.43149 4.46049 
3.43272 4.93828 2.52946 
3.43272 2.66639 1.56102 
3.43272 4.62119 1.40425 
3.43272 3.70033 1.64964 
3.43272 4.95455 4.90328 
3.43272 4.02028 4.7411 
3.43272 4.32349 3.85617 
3.43272 4.83769 3.67751 
3.43272 2.87652 3.10127 
3.43272 3.2241 2.59475 
3.43272 1.43149 4.30301 
4.93828 2.66639 3.1819 
4.93828 4.62119 3.16782 
4.93828 3.70033 1.43146 
4.93828 4.95455 3.47234 
4.93828 4.32349 2.69484 
4.93828 4.04677 3.87707 
4.93828 2.87652 3.79198 
4.93828 3.2241 2.5049 
2.66639 4.62119 2.78861 
2.66639 3.70033 2.42247 
2.66639 4.95455 4.91848 
2.66639 4.32349 4.15646 
2.66639 4.83769 3.41994 
2.66639 2.74237 4.51461 
2.66639 2.87652 3.59404 
2.66639 3.2241 3.0474 
2.66639 1.43149 3.49533 
4.62119 3.70033 2.62872 
4.62119 4.02028 3.65202 
4.62119 4.32349 4.86269 
4.62119 4.83769 3.56694 
4.62119 2.87652 3.97862 
4.62119 3.2241 3.64461 
3.70033 4.95455 3.36705 
3.70033 3.22275 4.90856 
3.70033 4.32349 2.28459 
3.70033 2.87652 2.45839 
3.70033 3.2241 1.34201 
3.70033 1.43149 4.93341 
4.95455 4.32349 1.28332 
4.95455 4.83769 4.55188 
4.95455 2.87652 3.66462 
4.95455 3.2241 2.67819 
3.22275 4.32349 4.7458 
3.22275 4.04677 1.25016 
3.22275 2.55068 1.93894 
3.22275 2.74237 4.67573 
3.22275 2.87652 2.53092 
3.22275 3.2241 3.85588 
3.22275 1.43149 3.63476 
4.02028 2.55068 4.6565 
4.02028 2.74237 4.97598 
4.02028 1.43149 4.57587 
4.32349 4.83769 4.36621 
4.32349 2.55068 4.94415 
4.32349 2.87652 2.5784 
4.32349 3.2241 1.50629 
4.04677 2.55068 2.7583 
4.04677 2.74237 4.87765 
4.04677 2.87652 3.54394 
4.04677 3.2241 4.92982 
4.04677 1.43149 4.07185 
4.83769 2.74237 4.88402 
4.83769 2.87652 4.83186 
4.83769 1.43149 4.60032 
2.55068 2.74237 3.76393 
2.55068 2.87652 3.36245 
2.55068 4.01248 4.6246 
2.55068 3.2241 4.2547 
2.55068 1.43149 2.89304 
2.74237 4.01248 1.29116 
2.74237 1.43149 1.36678 
2.87652 3.2241 1.41204 
2.87652 1.43149 4.00548 
4.01248 1.43149 2.62599 
3.2241 1.43149 4.56195 
4.63748 3.67071 3.70507 
4.63748 1.2442 4.07176 
4.63748 3.89228 4.05875 
4.63748 4.32914 2.67674 
4.63748 3.92083 4.67207 
3.91291 3.67071 4.90167 
3.91291 4.96296 3.72406 
3.91291 4.41546 1.38044 
3.91291 4.88654 2.57366 
3.91291 4.9641 3.76247 
3.91291 1.27626 2.66951 
3.91291 4.27395 1.42035 
3.91291 2.49275 1.45151 
3.67071 1.2442 4.21119 
3.67071 4.96296 3.1974 
3.67071 4.32914 1.28827 
3.67071 3.92083 1.37589 
3.67071 4.9641 3.95116 
3.67071 1.27626 3.50123 
3.67071 2.49275 3.86855 
3.67071 4.38969 2.71155 
1.2442 3.89228 2.68628 
1.2442 4.32914 4.75972 
1.2442 3.92083 4.51485 
1.2442 1.27626 2.49196 
1.2442 2.49275 3.66792 
1.2442 4.38969 4.9733 
1.2442 4.99362 4.16377 
1.2442 4.44294 3.37999 
3.89228 4.99362 2.8383 
3.89228 4.44294 1.43235 
4.96296 4.41546 3.3998 
4.96296 4.32914 3.79252 
4.96296 3.92083 3.04381 
4.96296 4.9641 1.28332 
4.96296 1.27626 4.02548 
4.96296 2.49275 3.55288 
4.96296 4.38969 3.51055 
4.41546 4.88654 3.86666 
4.41546 4.9641 3.01004 
4.41546 1.27626 3.18803 
4.41546 4.27395 2.658 
4.41546 2.49275 2.17353 
4.32914 3.92083 2.61308 
4.32914 4.9641 4.78643 
4.32914 1.27626 4.11889 
4.32914 2.49275 4.31617 
4.32914 4.38969 3.95649 
3.92083 4.9641 3.44639 
3.92083 1.27626 3.79972 
3.92083 2.49275 4.25779 
3.92083 4.38969 1.34476 
3.92083 4.99362 4.83311 
4.88654 4.9641 4.7458 
4.88654 1.27626 4.01401 
4.88654 4.27395 1.25016 
4.88654 2.49275 3.16839 
4.9641 1.27626 4.03151 
4.9641 2.49275 3.61496 
4.9641 4.38969 3.46076 
1.27626 4.27395 3.22886 
1.27626 2.49275 1.23334 
1.27626 4.38969 4.34613 
4.27395 2.49275 2.22156 
2.49275 4.38969 4.87346 
4.38969 4.99362 3.58856 
4.38969 4.44294 4.96425 
4.99362 4.44294 1.44014 
4.37596 2.93907 2.28318 
4.37596 4.92467 4.99618 
4.25774 2.41342 1.93894 
4.25774 4.60352 4.67573 
4.25774 4.92467 2.53092 
4.25774 4.04692 3.63476 
2.93907 2.41342 4.6565 
2.93907 4.60352 4.97598 
2.93907 4.04692 4.57587 
2.41342 4.60352 3.76393 
2.41342 4.92467 3.36245 
2.41342 4.04692 2.89304 
4.60352 4.04692 1.36678 
4.92467 4.04692 4.00548 
3.39823 3.60678 1.56102 
3.39823 3.03833 1.40425 
3.39823 3.9366 2.4098 
3.39823 3.73356 4.22123 
3.39823 1.342 3.67751 
3.39823 2.55454 4.02994 
3.39823 1.40339 4.19068 
3.39823 4.46049 4.30301 
3.39823 2.53449 4.8869 
3.60678 3.03833 2.78861 
3.60678 3.9366 3.93312 
3.60678 3.73356 3.54141 
3.60678 1.342 3.41994 
3.60678 4.90048 4.51461 
3.60678 2.55454 3.6217 
3.60678 1.40339 4.77475 
3.60678 4.46049 3.49533 
3.03833 3.9366 1.26115 
3.03833 3.73356 4.38883 
3.03833 1.342 3.56694 
3.03833 2.55454 3.94392 
3.03833 1.40339 3.41474 
3.03833 2.53449 4.14341 
4.65517 3.81953 2.68628 
4.65517 3.73356 4.51485 
4.65517 2.55454 4.9733 
4.65517 1.40339 4.16377 
4.65517 2.53449 3.37999 
3.81953 4.90048 4.48031 
3.81953 1.40339 2.8383 
3.81953 2.53449 1.43235 
3.9366 1.342 4.65355 
3.9366 1.40339 3.9086 
3.9366 2.53449 4.36187 
3.73356 1.342 2.54249 
3.73356 2.55454 1.34476 
3.73356 1.40339 4.83311 
1.342 4.90048 4.88402 
1.342 2.55454 1.33342 
1.342 1.40339 2.55392 
1.342 4.46049 4.60032 
1.342 2.53449 3.812 
4.90048 4.46049 1.36678 
4.90048 2.53449 4.93048 
2.55454 1.40339 3.58856 
2.55454 2.53449 4.96425 
1.40339 2.53449 1.44014 
3.52766 3.70507 3.31521 
3.52766 2.67674 2.93642 
3.52766 4.67207 4.1308 
3.52766 3.50766 4.97802 
3.70507 4.07176 4.21119 
3.70507 2.67674 1.28827 
3.70507 4.67207 1.37589 
3.70507 3.50766 4.35948 
4.07176 4.05875 2.68628 
4.07176 2.67674 4.75972 
4.07176 4.67207 4.51485 
4.05875 4.77866 4.48031 
4.05875 3.50766 3.91184 
2.67674 4.67207 2.61308 
2.67674 4.77866 4.28839 
2.67674 3.50766 3.21238 
4.77866 3.50766 1.29116 
4.32381 2.52946 3.98713 
4.32381 1.40425 3.59928 
4.32381 1.64964 4.02835 
4.32381 2.4098 2.44743 
4.32381 3.7605 4.54373 
4.32381 4.7411 2.28318 
4.32381 3.10127 4.99618 
4.32381 2.59475 4.6558 
2.52946 1.56102 3.1819 
2.52946 1.40425 3.16782 
2.52946 1.64964 1.43146 
2.52946 2.4098 3.4353 
2.52946 4.90328 3.47234 
2.52946 3.7605 1.24953 
2.52946 3.85617 2.69484 
2.52946 3.10127 3.79198 
2.52946 2.59475 2.5049 
1.56102 1.40425 2.78861 
1.56102 1.64964 2.42247 
1.56102 4.80218 4.01648 
1.56102 2.4098 3.93312 
1.56102 4.90328 4.91848 
1.56102 3.7605 4.23459 
1.56102 4.22123 3.54141 
1.56102 3.85617 4.15646 
1.56102 3.67751 3.41994 
1.56102 3.10127 3.59404 
1.56102 4.02994 3.6217 
1.56102 4.19068 4.77475 
1.56102 2.59475 3.0474 
1.56102 4.30301 3.49533 
1.40425 1.64964 2.62872 
1.40425 2.4098 1.26115 
1.40425 3.7605 4.32689 
1.40425 4.22123 4.38883 
1.40425 4.7411 3.65202 
1.40425 3.85617 4.86269 
1.40425 3.67751 3.56694 
1.40425 3.10127 3.97862 
1.40425 4.02994 3.94392 
1.40425 4.19068 3.41474 
1.40425 2.59475 3.64461 
1.40425 4.8869 4.14341 
1.64964 2.4098 3.05936 
1.64964 4.90328 3.36705 
1.64964 3.7605 2.5894 
1.64964 3.85617 2.28459 
1.64964 3.10127 2.45839 
1.64964 2.59475 1.34201 
1.64964 4.30301 4.93341 
4.80218 4.90328 3.1974 
4.80218 4.22123 1.37589 
4.80218 3.85617 3.95116 
4.80218 3.67751 3.89195 
4.80218 4.02994 2.71155 
2.4098 3.7605 4.46889 
2.4098 4.7411 2.4959 
2.4098 3.67751 4.65355 
2.4098 3.10127 4.24334 
2.4098 4.19068 3.9086 
2.4098 2.59475 3.97953 
2.4098 4.8869 4.36187 
4.90328 3.7605 3.3998 
4.90328 4.22123 3.04381 
4.90328 3.85617 1.28332 
4.90328 3.67751 4.55188 
4.90328 3.10127 3.66462 
4.90328 4.02994 3.51055 
4.90328 2.59475 2.67819 
3.7605 3.85617 3.01004 
3.7605 3.10127 4.7505 
3.7605 2.59475 3.38594 
4.22123 3.85617 3.44639 
4.22123 3.67751 2.54249 
4.22123 4.02994 1.34476 
4.22123 4.19068 4.83311 
4.22123 2.59475 4.74474 
4.7411 4.19068 4.82629 
4.7411 4.30301 4.57587 
4.7411 4.8869 4.62922 
3.85617 3.67751 4.36621 
3.85617 3.10127 2.5784 
3.85617 4.02994 3.46076 
3.85617 2.59475 1.50629 
3.67751 3.10127 4.83186 
3.67751 4.02994 1.33342 
3.67751 4.19068 2.55392 
3.67751 4.30301 4.60032 
3.67751 4.8869 3.812 
3.10127 4.02994 4.59222 
3.10127 2.59475 1.41204 
3.10127 4.30301 4.00548 
4.02994 4.19068 3.58856 
4.02994 2.59475 4.43322 
4.02994 4.8869 4.96425 
4.19068 4.8869 1.44014 
2.59475 4.30301 4.56195 
3.98713 3.59928 3.16782 
3.98713 4.71112 4.95948 
3.98713 4.02835 1.43146 
3.98713 2.44743 3.4353 
3.98713 4.54373 1.24953 
3.98713 4.99618 3.79198 
3.98713 4.6558 2.5049 
3.59928 4.02835 2.62872 
3.59928 2.44743 1.26115 
3.59928 4.54373 4.32689 
3.59928 2.28318 3.65202 
3.59928 4.99618 3.97862 
3.59928 4.6558 3.64461 
4.71112 4.54373 4.29255 
4.02835 2.44743 3.05936 
4.02835 4.54373 2.5894 
4.02835 4.99618 2.45839 
4.02835 4.6558 1.34201 
2.44743 4.54373 4.46889 
2.44743 2.28318 2.4959 
2.44743 4.99618 4.24334 
2.44743 4.6558 3.97953 
4.54373 4.99618 4.7505 
4.54373 4.6558 3.38594 
4.99618 4.6558 1.41204 
2.62622 3.76902 4.95948 
2.62622 3.91084 1.43146 
2.62622 3.72406 3.47234 
2.62622 1.38044 1.24953 
2.62622 3.76247 2.69484 
2.62622 2.66951 4.05113 
2.62622 1.42035 3.87707 
2.62622 1.45151 3.23264 
2.62622 4.96302 3.79198 
2.62622 4.51664 2.5049 
3.76902 4.90167 3.31521 
3.76902 3.72406 2.59704 
3.76902 1.38044 4.29255 
3.76902 2.57366 4.76563 
3.76902 3.76247 3.77867 
3.76902 2.66951 4.43632 
3.76902 1.42035 4.46004 
3.76902 3.6259 4.42988 
3.76902 1.45151 3.78776 
3.91084 3.72406 3.36705 
3.91084 1.38044 2.5894 
3.91084 2.57366 4.90856 
3.91084 3.76247 2.28459 
3.91084 2.66951 4.9291 
3.91084 1.45151 4.29503 
3.91084 4.96302 2.45839 
3.91084 4.51664 1.34201 
3.91084 4.92107 4.93341 
4.90167 3.72406 3.1974 
4.90167 3.76247 3.95116 
4.90167 2.66951 3.50123 
4.90167 1.45151 3.86855 
3.72406 1.38044 3.3998 
3.72406 3.76247 1.28332 
3.72406 2.66951 4.02548 
3.72406 1.45151 3.55288 
3.72406 4.96302 3.66462 
3.72406 4.51664 2.67819 
1.38044 2.57366 3.86666 
1.38044 3.76247 3.01004 
1.38044 2.66951 3.18803 
1.38044 1.42035 2.658 
1.38044 3.6259 4.78613 
1.38044 1.45151 2.17353 
1.38044 4.96302 4.7505 
1.38044 4.51664 3.38594 
2.57366 3.76247 4.7458 
2.57366 2.66951 4.01401 
2.57366 1.42035 1.25016 
2.57366 3.6259 1.93894 
2.57366 1.45151 3.16839 
2.57366 4.96302 2.53092 
2.57366 4.51664 3.85588 
2.57366 4.92107 3.63476 
3.76247 2.66951 4.03151 
3.76247 3.6259 4.94415 
3.76247 1.45151 3.61496 
3.76247 4.96302 2.5784 
3.76247 4.51664 1.50629 
2.66951 1.42035 3.22886 
2.66951 1.45151 1.23334 
1.42035 3.6259 2.7583 
1.42035 1.45151 2.22156 
1.42035 4.96302 3.54394 
1.42035 4.51664 4.92982 
1.42035 4.92107 4.07185 
3.6259 1.45151 4.45761 
3.6259 4.96302 3.36245 
3.6259 4.51664 4.2547 
3.6259 4.92107 2.89304 
1.45151 4.51664 4.61744 
4.96302 4.51664 1.41204 
4.96302 4.92107 4.00548 
4.51664 4.92107 4.56195 
3.1819 3.16782 2.78861 
3.1819 1.43146 2.42247 
3.1819 3.4353 3.93312 
3.1819 3.47234 4.91848 
3.1819 1.24953 4.23459 
3.1819 2.69484 4.15646 
3.1819 3.79198 3.59404 
3.1819 2.5049 3.0474 
3.16782 1.43146 2.62872 
3.16782 3.4353 1.26115 
3.16782 1.24953 4.32689 
3.16782 2.69484 4.86269 
3.16782 3.79198 3.97862 
3.16782 2.5049 3.64461 
4.95948 3.47234 2.59704 
4.95948 1.24953 4.29255 
4.95948 2.69484 3.77867 
4.95948 4.05113 4.43632 
4.95948 3.87707 4.46004 
4.95948 3.23264 3.78776 
1.43146 3.4353 3.05936 
1.43146 3.47234 3.36705 
1.43146 1.24953 2.5894 
1.43146 2.69484 2.28459 
1.43146 4.05113 4.9291 
1.43146 3.23264 4.29503 
1.43146 3.79198 2.45839 
1.43146 2.5049 1.34201 
3.4353 1.24953 4.46889 
3.4353 3.79198 4.24334 
3.4353 2.5049 3.97953 
3.47234 1.24953 3.3998 
3.47234 2.69484 1.28332 
3.47234 4.05113 4.02548 
3.47234 3.23264 3.55288 
3.47234 3.79198 3.66462 
3.47234 2.5049 2.67819 
1.24953 2.69484 3.01004 
1.24953 4.05113 3.18803 
1.24953 3.87707 2.658 
1.24953 3.23264 2.17353 
1.24953 3.79198 4.7505 
1.24953 2.5049 3.38594 
2.69484 4.05113 4.03151 
2.69484 3.23264 3.61496 
2.69484 3.79198 2.5784 
2.69484 2.5049 1.50629 
4.05113 3.87707 3.22886 
4.05113 3.23264 1.23334 
3.87707 3.23264 2.22156 
3.87707 3.79198 3.54394 
3.87707 2.5049 4.92982 
3.23264 2.5049 4.61744 
3.79198 2.5049 1.41204 
2.78861 2.42247 2.62872 
2.78861 3.93312 1.26115 
2.78861 4.23459 4.32689 
2.78861 3.54141 4.38883 
2.78861 4.15646 4.86269 
2.78861 3.41994 3.56694 
2.78861 3.59404 3.97862 
2.78861 3.6217 3.94392 
2.78861 4.77475 3.41474 
2.78861 3.0474 3.64461 
2.42247 3.93312 3.05936 
2.42247 4.91848 3.36705 
2.42247 4.23459 2.5894 
2.42247 4.15646 2.28459 
2.42247 3.59404 2.45839 
2.42247 3.0474 1.34201 
2.42247 3.49533 4.93341 
4.01648 4.91848 3.1974 
4.01648 4.55557 1.28827 
4.01648 3.54141 1.37589 
4.01648 4.15646 3.95116 
4.01648 3.41994 3.89195 
4.01648 3.6217 2.71155 
3.93312 4.23459 4.46889 
3.93312 3.41994 4.65355 
3.93312 3.59404 4.24334 
3.93312 4.77475 3.9086 
3.93312 3.0474 3.97953 
4.91848 4.23459 3.3998 
4.91848 4.55557 3.79252 
4.91848 3.54141 3.04381 
4.91848 4.15646 1.28332 
4.91848 3.41994 4.55188 
4.91848 3.59404 3.66462 
4.91848 3.6217 3.51055 
4.91848 3.0474 2.67819 
4.23459 4.15646 3.01004 
4.23459 3.59404 4.7505 
4.23459 3.0474 3.38594 
4.55557 3.54141 2.61308 
4.55557 4.15646 4.78643 
4.55557 4.51461 4.28839 
4.55557 3.6217 3.95649 
3.54141 4.15646 3.44639 
3.54141 3.41994 2.54249 
3.54141 3.6217 1.34476 
3.54141 4.77475 4.83311 
3.54141 3.0474 4.74474 
4.15646 3.41994 4.36621 
4.15646 3.59404 2.5784 
4.15646 3.6217 3.46076 
4.15646 3.0474 1.50629 
3.41994 4.51461 4.88402 
3.41994 3.59404 4.83186 
3.41994 3.6217 1.33342 
3.41994 4.77475 2.55392 
3.41994 3.49533 4.60032 
4.51461 3.49533 1.36678 
3.59404 3.6217 4.59222 
3.59404 3.0474 1.41204 
3.59404 3.49533 4.00548 
3.6217 4.77475 3.58856 
3.6217 3.0474 4.43322 
3.0474 3.49533 4.56195 
2.62872 1.26115 3.05936 
2.62872 4.32689 2.5894 
2.62872 4.86269 2.28459 
2.62872 3.97862 2.45839 
2.62872 3.64461 1.34201 
1.26115 4.32689 4.46889 
1.26115 3.65202 2.4959 
1.26115 3.56694 4.65355 
1.26115 3.97862 4.24334 
1.26115 3.41474 3.9086 
1.26115 3.64461 3.97953 
1.26115 4.14341 4.36187 
4.32689 4.86269 3.01004 
4.32689 3.97862 4.7505 
4.32689 3.64461 3.38594 
4.38883 4.86269 3.44639 
4.38883 3.56694 2.54249 
4.38883 3.94392 1.34476 
4.38883 3.41474 4.83311 
4.38883 3.64461 4.74474 
3.65202 3.41474 4.82629 
3.65202 4.14341 4.62922 
4.86269 3.56694 4.36621 
4.86269 3.97862 2.5784 
4.86269 3.94392 3.46076 
4.86269 3.64461 1.50629 
3.56694 3.97862 4.83186 
3.56694 3.94392 1.33342 
3.56694 3.41474 2.55392 
3.56694 4.14341 3.812 
3.97862 3.94392 4.59222 
3.97862 3.64461 1.41204 
3.94392 3.41474 3.58856 
3.94392 3.64461 4.43322 
3.94392 4.14341 4.96425 
3.41474 4.14341 1.44014 
3.31521 2.59704 3.1974 
3.31521 2.93642 1.28827 
3.31521 4.1308 1.37589 
3.31521 3.77867 3.95116 
3.31521 4.43632 3.50123 
3.31521 3.78776 3.86855 
3.31521 4.97802 4.35948 
2.59704 4.29255 3.3998 
2.59704 2.93642 3.79252 
2.59704 4.1308 3.04381 
2.59704 3.77867 1.28332 
2.59704 4.43632 4.02548 
2.59704 3.78776 3.55288 
4.29255 4.76563 3.86666 
4.29255 3.77867 3.01004 
4.29255 4.43632 3.18803 
4.29255 4.46004 2.658 
4.29255 4.42988 4.78613 
4.29255 3.78776 2.17353 
2.93642 4.1308 2.61308 
2.93642 3.77867 4.78643 
2.93642 4.43632 4.11889 
2.93642 3.78776 4.31617 
2.93642 4.97802 3.21238 
4.1308 3.77867 3.44639 
4.1308 4.43632 3.79972 
4.1308 3.78776 4.25779 
4.76563 3.77867 4.7458 
4.76563 4.43632 4.01401 
4.76563 4.46004 1.25016 
4.76563 4.42988 1.93894 
4.76563 3.78776 3.16839 
3.77867 4.43632 4.03151 
3.77867 4.42988 4.94415 
3.77867 3.78776 3.61496 
4.43632 4.46004 3.22886 
4.43632 3.78776 1.23334 
4.46004 4.42988 2.7583 
4.46004 3.78776 2.22156 
4.42988 3.78776 4.45761 
4.42988 4.97802 4.6246 
3.05936 2.5894 4.46889 
3.05936 2.45839 4.24334 
3.05936 1.34201 3.97953 
3.36705 2.5894 3.3998 
3.36705 2.28459 1.28332 
3.36705 4.9291 4.02548 
3.36705 4.29503 3.55288 
3.36705 2.45839 3.66462 
3.36705 1.34201 2.67819 
2.5894 4.90856 3.86666 
2.5894 2.28459 3.01004 
2.5894 4.9291 3.18803 
2.5894 4.29503 2.17353 
2.5894 2.45839 4.7505 
2.5894 1.34201 3.38594 
4.90856 2.28459 4.7458 
4.90856 4.9291 4.01401 
4.90856 4.29503 3.16839 
4.90856 2.45839 2.53092 
4.90856 1.34201 3.85588 
4.90856 4.93341 3.63476 
2.28459 4.9291 4.03151 
2.28459 4.29503 3.61496 
2.28459 2.45839 2.5784 
2.28459 1.34201 1.50629 
4.9291 4.29503 1.23334 
4.29503 1.34201 4.61744 
2.45839 1.34201 1.41204 
2.45839 4.93341 4.00548 
1.34201 4.93341 4.56195 
4.21119 1.28827 4.75972 
4.21119 1.37589 4.51485 
4.21119 3.50123 2.49196 
4.21119 3.86855 3.66792 
4.21119 2.71155 4.9733 
3.1974 1.28827 3.79252 
3.1974 1.37589 3.04381 
3.1974 3.95116 1.28332 
3.1974 3.50123 4.02548 
3.1974 3.89195 4.55188 
3.1974 3.86855 3.55288 
3.1974 2.71155 3.51055 
1.28827 1.37589 2.61308 
1.28827 3.95116 4.78643 
1.28827 3.50123 4.11889 
1.28827 3.86855 4.31617 
1.28827 2.71155 3.95649 
1.28827 4.35948 3.21238 
1.37589 3.95116 3.44639 
1.37589 3.50123 3.79972 
1.37589 3.89195 2.54249 
1.37589 3.86855 4.25779 
1.37589 2.71155 1.34476 
3.95116 3.50123 4.03151 
3.95116 3.89195 4.36621 
3.95116 3.86855 3.61496 
3.95116 2.71155 3.46076 
3.50123 3.86855 1.23334 
3.50123 2.71155 4.34613 
3.89195 2.71155 1.33342 
3.86855 2.71155 4.87346 
2.68628 4.16377 2.8383 
2.68628 3.37999 1.43235 
4.75972 4.51485 2.61308 
4.75972 2.49196 4.11889 
4.75972 3.66792 4.31617 
4.75972 4.9733 3.95649 
4.51485 2.49196 3.79972 
4.51485 3.66792 4.25779 
4.51485 4.9733 1.34476 
4.51485 4.16377 4.83311 
2.49196 3.66792 1.23334 
2.49196 4.9733 4.34613 
3.66792 4.9733 4.87346 
4.9733 4.16377 3.58856 
4.9733 3.37999 4.96425 
4.16377 3.37999 1.44014 
4.48031 3.91184 1.29116 
4.48031 1.43235 4.93048 
2.8383 1.43235 1.44014 
3.91184 1.43235 4.64452 
4.46889 4.24334 4.7505 
4.46889 3.97953 3.38594 
2.4959 3.9086 4.82629 
2.4959 4.36187 4.62922 
4.65355 4.24334 4.83186 
4.65355 3.9086 2.55392 
4.65355 4.36187 3.812 
4.24334 3.97953 1.41204 
3.9086 4.36187 1.44014 
3.3998 1.28332 3.01004 
3.3998 4.02548 3.18803 
3.3998 3.55288 2.17353 
3.3998 3.66462 4.7505 
3.3998 2.67819 3.38594 
3.79252 3.04381 2.61308 
3.79252 1.28332 4.78643 
3.79252 4.02548 4.11889 
3.79252 3.55288 4.31617 
3.79252 3.51055 3.95649 
3.04381 1.28332 3.44639 
3.04381 4.02548 3.79972 
3.04381 4.55188 2.54249 
3.04381 3.55288 4.25779 
3.04381 3.51055 1.34476 
3.04381 2.67819 4.74474 
1.28332 4.02548 4.03151 
1.28332 4.55188 4.36621 
1.28332 3.55288 3.61496 
1.28332 3.66462 2.5784 
1.28332 3.51055 3.46076 
1.28332 2.67819 1.50629 
4.02548 3.55288 1.23334 
4.02548 3.51055 4.34613 
4.55188 3.66462 4.83186 
4.55188 3.51055 1.33342 
3.55288 3.51055 4.87346 
3.55288 2.67819 4.61744 
3.66462 3.51055 4.59222 
3.66462 2.67819 1.41204 
3.51055 2.67819 4.43322 
3.86666 3.01004 4.7458 
3.86666 3.18803 4.01401 
3.86666 2.658 1.25016 
3.86666 4.78613 1.93894 
3.86666 2.17353 3.16839 
3.86666 4.7505 2.53092 
3.86666 3.38594 3.85588 
3.01004 3.18803 4.03151 
3.01004 4.78613 4.94415 
3.01004 2.17353 3.61496 
3.01004 4.7505 2.5784 
3.01004 3.38594 1.50629 
3.18803 2.658 3.22886 
3.18803 2.17353 1.23334 
2.658 4.78613 2.7583 
2.658 2.17353 2.22156 
2.658 4.7505 3.54394 
2.658 3.38594 4.92982 
4.78613 2.17353 4.45761 
4.78613 4.7505 3.36245 
4.78613 3.38594 4.2547 
2.17353 3.38594 4.61744 
4.7505 3.38594 1.41204 
2.61308 4.78643 3.44639 
2.61308 4.11889 3.79972 
2.61308 4.31617 4.25779 
2.61308 3.95649 1.34476 
4.78643 4.11889 4.03151 
4.78643 4.31617 3.61496 
4.78643 3.95649 3.46076 
4.11889 4.31617 1.23334 
4.11889 3.95649 4.34613 
4.31617 3.95649 4.87346 
4.28839 3.21238 1.29116 
3.44639 3.79972 4.03151 
3.44639 2.54249 4.36621 
3.44639 4.25779 3.61496 
3.44639 1.34476 3.46076 
3.44639 4.74474 1.50629 
3.79972 4.25779 1.23334 
3.79972 1.34476 4.34613 
2.54249 1.34476 1.33342 
2.54249 4.83311 2.55392 
4.25779 1.34476 4.87346 
4.25779 4.74474 4.61744 
1.34476 4.83311 3.58856 
1.34476 4.74474 4.43322 
4.7458 4.01401 4.03151 
4.7458 1.93894 4.94415 
4.7458 3.16839 3.61496 
4.7458 2.53092 2.5784 
4.7458 3.85588 1.50629 
4.01401 1.25016 3.22886 
4.01401 3.16839 1.23334 
1.25016 1.93894 2.7583 
1.25016 3.16839 2.22156 
1.25016 4.67573 4.87765 
1.25016 2.53092 3.54394 
1.25016 3.85588 4.92982 
1.25016 3.63476 4.07185 
1.93894 3.16839 4.45761 
1.93894 4.67573 3.76393 
1.93894 2.53092 3.36245 
1.93894 3.85588 4.2547 
1.93894 3.63476 2.89304 
3.16839 3.85588 4.61744 
4.67573 3.63476 1.36678 
2.53092 3.85588 1.41204 
2.53092 3.63476 4.00548 
3.85588 3.63476 4.56195 
4.6565 4.97598 3.76393 
4.6565 4.57587 2.89304 
4.97598 4.57587 1.36678 
4.97598 4.62922 4.93048 
4.82629 4.62922 1.44014 
4.03151 3.61496 1.23334 
4.03151 3.46076 4.34613 
4.36621 2.5784 4.83186 
4.36621 3.46076 1.33342 
4.94415 3.61496 4.45761 
4.94415 2.5784 3.36245 
4.94415 1.50629 4.2547 
3.61496 3.46076 4.87346 
3.61496 1.50629 4.61744 
2.5784 3.46076 4.59222 
2.5784 1.50629 1.41204 
3.46076 1.50629 4.43322 
3.22886 1.23334 2.22156 
1.23334 4.34613 4.87346 
2.7583 2.22156 4.45761 
2.7583 4.87765 3.76393 
2.7583 3.54394 3.36245 
2.7583 4.92982 4.2547 
2.7583 4.07185 2.89304 
2.22156 4.92982 4.61744 
4.87765 4.07185 1.36678 
3.54394 4.92982 1.41204 
3.54394 4.07185 4.00548 
4.92982 4.07185 4.56195 
4.88402 4.60032 1.36678 
4.88402 3.812 4.93048 
4.83186 1.33342 4.59222 
4.83186 4.60032 4.00548 
1.33342 2.55392 3.58856 
1.33342 3.812 4.96425 
2.55392 3.812 1.44014 
4.45761 4.2547 4.61744 
3.76393 4.6246 1.29116 
3.76393 2.89304 1.36678 
3.36245 4.2547 1.41204 
3.36245 2.89304 4.00548 
4.6246 2.89304 2.62599 
4.2547 2.89304 4.56195 
4.87346 4.61744 4.43322 
1.29116 1.36678 2.62599 
1.29116 4.93048 4.64452 
4.59222 1.41204 4.43322 
1.41204 4.00548 4.56195 
3.58856 4.96425 1.44014 
