4.15703 4.70487 2.4937 
4.15703 1.54606 3.86849 
4.15703 3.96325 3.25555 
4.15703 4.27167 4.63975 
4.15703 2.67372 2.75665 
4.15703 3.77228 4.01012 
4.15703 4.48784 1.39383 
4.15703 4.97755 2.65085 
4.15703 4.19475 4.54614 
4.15703 4.93406 1.42103 
4.15703 2.98866 1.4303 
1.20769 1.54606 2.25103 
1.20769 2.44025 1.36776 
1.20769 3.96325 4.63979 
1.20769 2.41083 2.54398 
1.20769 4.27167 4.66422 
1.20769 2.67372 3.5412 
1.20769 3.9212 4.21793 
1.20769 3.71858 3.99512 
1.20769 3.77228 2.58717 
1.20769 4.43557 3.50269 
1.20769 2.68148 2.14084 
1.20769 4.97755 3.853 
1.20769 4.19475 3.06611 
1.20769 3.8899 3.56017 
1.20769 3.70059 3.73493 
1.20769 4.41724 3.86519 
1.20769 2.98866 4.08281 
1.20769 4.77181 4.13038 
4.70487 1.54606 4.66303 
4.70487 4.70096 3.80693 
4.70487 3.96325 3.81775 
4.70487 2.67372 3.74067 
4.70487 4.6096 4.72891 
4.70487 4.48784 1.31654 
4.70487 4.97755 4.36386 
4.70487 4.93406 3.28611 
4.70487 2.98866 3.09777 
1.54606 2.44025 2.89614 
1.54606 3.96325 2.69071 
1.54606 2.41083 1.28847 
1.54606 4.27167 2.83261 
1.54606 2.67372 1.50792 
1.54606 3.71858 2.26128 
1.54606 3.77228 4.3153 
1.54606 4.48784 4.15094 
1.54606 2.68148 2.30902 
1.54606 4.19475 4.92349 
1.54606 3.8899 4.83461 
1.54606 4.93406 4.93398 
1.54606 3.70059 4.77655 
1.54606 2.98866 2.47227 
1.54606 4.79188 3.34756 
4.70096 3.9212 2.40371 
4.70096 4.6096 1.3866 
4.70096 3.8899 4.53112 
4.70096 3.70059 3.27711 
4.70096 4.77181 4.67569 
2.44025 2.41083 2.52035 
2.44025 4.27167 4.74516 
2.44025 2.67372 4.25502 
2.44025 3.71858 3.89767 
2.44025 3.77228 1.46671 
2.44025 4.43557 3.32957 
2.44025 2.68148 1.40892 
2.44025 4.97755 2.54203 
2.44025 4.19475 2.46324 
2.44025 3.8899 3.74301 
2.44025 4.93406 3.74959 
2.44025 3.70059 4.3518 
2.44025 4.41724 3.5966 
2.44025 4.77181 3.48082 
2.44025 4.79188 4.91161 
3.96325 2.41083 3.0931 
3.96325 4.27167 1.44063 
3.96325 2.67372 1.43052 
3.96325 3.71858 2.51112 
3.96325 4.48784 3.01611 
3.96325 2.68148 4.24049 
3.96325 4.93406 4.65011 
3.96325 2.98866 2.40153 
3.96325 4.79188 3.40321 
2.41083 4.27167 2.57849 
2.41083 2.67372 2.392 
2.41083 3.71858 1.49705 
2.41083 3.77228 3.83948 
2.41083 2.68148 1.39045 
2.41083 4.97755 4.45756 
2.41083 4.19475 4.70837 
2.41083 3.8899 4.89937 
2.41083 4.41724 4.87826 
2.41083 2.98866 3.64249 
2.41083 4.77181 4.58845 
2.41083 4.79188 2.56739 
4.27167 2.67372 2.25507 
4.27167 3.71858 1.5067 
4.27167 4.48784 4.39873 
4.27167 2.68148 3.60633 
4.27167 2.98866 3.59295 
4.27167 4.79188 2.36348 
2.67372 3.71858 2.48493 
2.67372 4.48784 2.95874 
2.67372 2.68148 3.58119 
2.67372 4.93406 4.02369 
2.67372 2.98866 1.45032 
2.67372 4.79188 3.49563 
3.9212 4.6096 1.40623 
3.9212 3.8899 2.6614 
3.9212 3.70059 1.35111 
3.9212 4.41724 3.89126 
3.9212 4.79188 4.8776 
3.71858 2.68148 2.58962 
3.71858 2.98866 3.90103 
3.71858 4.79188 1.35052 
4.6096 3.8899 3.98354 
4.6096 3.70059 2.64424 
3.77228 4.48784 4.86483 
3.77228 4.43557 2.70648 
3.77228 2.68148 2.53493 
3.77228 4.97755 1.41934 
3.77228 4.19475 1.47843 
3.77228 3.8899 4.35078 
3.77228 4.93406 2.61877 
3.77228 4.41724 3.97832 
3.77228 4.77181 3.76088 
4.48784 4.97755 3.66951 
4.48784 4.93406 2.49786 
4.48784 2.98866 2.14045 
4.43557 2.68148 4.36939 
4.43557 4.97755 3.66673 
4.43557 4.19475 1.29685 
4.43557 4.93406 4.39412 
4.43557 4.41724 4.93537 
2.68148 4.97755 3.07181 
2.68148 4.19475 3.58148 
2.68148 3.8899 4.44138 
2.68148 4.93406 4.06711 
2.68148 4.41724 4.19672 
2.68148 2.98866 4.7297 
2.68148 4.77181 3.78659 
2.68148 4.79188 3.54451 
4.97755 4.19475 2.42497 
4.97755 4.93406 1.25612 
4.97755 4.41724 4.47803 
4.97755 2.98866 3.75318 
4.97755 4.77181 3.88547 
4.19475 4.93406 3.2759 
3.8899 3.70059 1.33933 
3.8899 4.41724 1.23195 
3.8899 4.77181 2.43972 
4.93406 2.98866 2.58521 
4.93406 4.77181 4.76753 
3.70059 4.41724 2.55719 
3.70059 4.77181 3.70462 
4.41724 4.77181 1.28456 
2.98866 4.79188 4.78945 
3.41393 2.69163 2.83555 
3.41393 3.9433 1.28081 
3.41393 3.55824 2.53061 
3.41393 3.37243 4.82075 
3.41393 3.20732 1.37785 
3.41393 4.66681 4.33693 
3.41393 4.96637 4.85302 
3.41393 4.38194 4.30151 
3.41393 1.26496 4.55712 
3.41393 3.62498 4.24667 
3.41393 3.94771 4.62197 
3.41393 3.79821 4.84674 
3.41393 3.14659 3.52533 
3.41393 1.32507 2.82173 
3.41393 3.89658 3.21602 
3.41393 4.2165 4.60732 
2.69163 3.9433 3.23963 
2.69163 3.55824 3.37436 
2.69163 3.46559 4.07137 
2.69163 3.37243 4.51596 
2.69163 3.20732 2.97771 
2.69163 2.59697 4.73137 
2.69163 1.26496 3.71448 
2.69163 3.62498 3.15355 
2.69163 3.14659 3.38206 
2.69163 3.56981 2.76385 
2.69163 1.32507 1.38132 
2.69163 3.89658 1.21252 
2.69163 4.22289 2.73269 
2.69163 4.2165 2.87813 
2.69163 3.64382 4.57967 
2.69163 3.71085 3.86317 
2.69163 3.52712 4.98882 
2.69163 4.22112 4.21205 
3.9433 3.55824 3.80693 
3.9433 3.20732 2.65505 
3.9433 4.66681 4.18917 
3.9433 4.96637 3.81775 
3.9433 4.38194 3.43982 
3.9433 1.26496 4.91402 
3.9433 3.94771 4.09391 
3.9433 3.79821 3.96529 
3.9433 3.14659 4.72891 
3.9433 1.32507 3.38894 
3.9433 3.89658 3.50502 
3.55824 3.46559 3.46621 
3.55824 3.37243 2.85011 
3.55824 3.20732 1.17972 
3.55824 4.79518 3.84719 
3.55824 4.25187 3.71246 
3.55824 1.26496 4.75333 
3.55824 3.62498 2.40371 
3.55824 3.14659 1.3866 
3.55824 1.32507 3.07851 
3.55824 3.89658 3.81444 
3.55824 4.2165 3.27711 
3.55824 4.63168 4.67825 
3.46559 3.37243 1.53684 
3.46559 3.20732 4.20755 
3.46559 4.79518 3.93888 
3.46559 2.59697 4.9127 
3.46559 4.25187 2.70037 
3.46559 1.26496 4.05619 
3.46559 3.62498 1.70827 
3.46559 3.14659 2.09086 
3.46559 3.56981 4.18417 
3.46559 1.32507 3.4063 
3.46559 3.89658 4.80891 
3.46559 4.2165 2.67934 
3.46559 3.64382 4.83761 
3.46559 3.71085 4.20062 
3.46559 4.22112 3.54485 
3.46559 4.63168 1.33155 
3.37243 3.20732 3.62315 
3.37243 4.79518 2.43247 
3.37243 4.66681 4.58704 
3.37243 4.25187 1.35046 
3.37243 1.26496 4.02219 
3.37243 3.62498 2.32227 
3.37243 3.94771 4.8871 
3.37243 3.14659 1.63187 
3.37243 1.32507 3.61345 
3.37243 4.2165 3.63165 
3.37243 4.22112 4.88084 
3.37243 4.63168 2.55655 
4.8278 4.66681 4.87076 
4.8278 4.96637 3.4725 
4.8278 2.59697 3.23672 
4.8278 4.8936 2.60338 
4.8278 1.26496 4.07138 
4.8278 3.79821 3.77901 
4.8278 3.56981 3.64617 
4.8278 3.89658 4.69594 
4.8278 4.22289 4.60941 
4.8278 3.64382 1.45782 
4.8278 3.71085 2.24582 
4.8278 3.52712 2.21574 
4.8278 4.22112 2.77719 
3.20732 4.79518 4.46584 
3.20732 4.66681 4.98286 
3.20732 4.25187 4.45598 
3.20732 1.26496 4.42664 
3.20732 3.62498 3.20812 
3.20732 3.14659 2.27717 
3.20732 1.32507 2.70663 
3.20732 3.89658 3.46903 
3.20732 4.2165 3.86134 
4.79518 4.66681 4.03662 
4.79518 4.25187 1.37889 
4.79518 3.62498 4.5096 
4.79518 3.94771 4.81047 
4.79518 3.14659 3.36713 
4.79518 4.22112 4.86463 
4.79518 4.63168 4.69758 
4.66681 4.96637 4.83683 
4.66681 4.38194 2.62833 
4.66681 2.59697 4.26063 
4.66681 4.25187 3.98834 
4.66681 1.26496 4.09353 
4.66681 3.94771 1.40435 
4.66681 3.79821 3.63461 
4.66681 4.22112 4.85759 
4.96637 4.38194 2.45667 
4.96637 2.59697 2.38667 
4.96637 4.8936 1.44063 
4.96637 1.26496 3.71011 
4.96637 3.94771 3.71796 
4.96637 3.79821 1.44675 
4.96637 3.89658 4.98147 
4.96637 3.64382 3.44564 
4.96637 3.71085 4.85574 
4.96637 3.52712 2.36019 
4.38194 2.59697 2.66683 
4.38194 4.8936 3.68452 
4.38194 1.26496 3.27024 
4.38194 3.94771 1.41771 
4.38194 3.79821 1.42753 
4.38194 3.64382 4.74608 
4.38194 3.52712 3.75538 
2.59697 4.8936 2.41932 
2.59697 1.26496 1.36928 
2.59697 3.94771 3.12445 
2.59697 3.79821 1.4802 
2.59697 3.56981 4.11111 
2.59697 1.32507 3.60788 
2.59697 4.22289 4.90339 
2.59697 3.64382 2.35681 
2.59697 3.71085 3.41353 
2.59697 3.52712 1.45856 
2.59697 4.22112 4.28681 
4.25187 1.26496 4.69148 
4.25187 3.62498 3.61371 
4.25187 3.94771 4.65266 
4.25187 3.14659 2.77073 
4.25187 1.32507 4.75075 
4.25187 4.2165 4.9399 
4.25187 4.63168 3.35105 
4.8936 1.26496 3.75344 
4.8936 3.94771 4.77557 
4.8936 3.79821 2.35994 
4.8936 3.56981 4.99462 
4.8936 3.64382 2.49572 
4.8936 3.71085 3.9306 
4.8936 3.52712 1.52433 
4.8936 4.22112 4.9393 
4.8936 4.63168 4.52321 
1.26496 3.62498 4.61129 
1.26496 3.94771 3.1355 
1.26496 3.79821 2.54475 
1.26496 3.14659 4.20101 
1.26496 3.56981 3.82585 
1.26496 1.32507 2.4413 
1.26496 3.89658 4.92197 
1.26496 4.22289 4.58641 
1.26496 3.64382 2.98626 
1.26496 3.71085 3.53095 
1.26496 3.52712 2.53517 
1.26496 4.22112 4.22805 
3.62498 3.14659 1.40623 
3.62498 3.56981 4.10512 
3.62498 1.32507 2.99085 
3.62498 3.89658 3.57827 
3.62498 4.22289 4.77469 
3.62498 4.2165 1.35111 
3.62498 3.71085 4.66855 
3.62498 4.22112 4.132 
3.62498 4.63168 2.65032 
3.94771 3.79821 2.42481 
3.94771 3.52712 4.46121 
3.79821 1.32507 4.96013 
3.79821 3.64382 3.3948 
3.79821 3.71085 4.62647 
3.79821 3.52712 2.34196 
3.14659 3.56981 4.84168 
3.14659 1.32507 2.83443 
3.14659 3.89658 4.01724 
3.14659 4.2165 2.64424 
3.14659 4.22112 4.99633 
3.14659 4.63168 3.31265 
3.56981 1.32507 2.93735 
3.56981 3.89658 3.29689 
3.56981 4.22289 1.24851 
3.56981 4.2165 3.57442 
3.56981 3.64382 2.61392 
3.56981 3.71085 1.41291 
3.56981 3.52712 3.60507 
3.56981 4.22112 1.94901 
3.56981 4.63168 4.67312 
1.32507 3.89658 2.57912 
1.32507 4.22289 3.36741 
1.32507 4.2165 3.25847 
1.32507 3.64382 3.95845 
1.32507 3.71085 3.56989 
1.32507 3.52712 4.16542 
1.32507 4.22112 3.98119 
1.32507 4.63168 4.58331 
3.89658 4.22289 2.89895 
3.89658 4.2165 2.92412 
3.89658 3.71085 4.60116 
3.89658 4.22112 4.82954 
4.22289 4.2165 4.02664 
4.22289 3.64382 3.50664 
4.22289 3.71085 2.49845 
4.22289 3.52712 4.33012 
4.22289 4.22112 3.10174 
4.2165 3.71085 4.41779 
4.2165 4.22112 3.83791 
4.2165 4.63168 3.27576 
3.64382 3.71085 1.44175 
3.64382 3.52712 1.32241 
3.64382 4.22112 2.52133 
3.71085 3.52712 2.68329 
3.71085 4.22112 1.32367 
3.71085 4.63168 4.48538 
3.52712 4.22112 3.77301 
3.52712 4.63168 4.99046 
4.22112 4.63168 3.5108 
2.83555 1.28081 3.23963 
2.83555 2.53061 3.37436 
2.83555 4.82075 4.51596 
2.83555 1.37785 2.97771 
2.83555 4.55712 3.71448 
2.83555 4.24667 3.15355 
2.83555 3.52533 3.38206 
2.83555 2.50891 4.37419 
2.83555 2.82173 1.38132 
2.83555 3.21602 1.21252 
2.83555 4.60732 2.87813 
2.83555 4.30981 2.73852 
3.71428 1.28081 2.4937 
3.71428 4.33693 4.65027 
3.71428 4.85302 3.25555 
3.71428 4.30151 2.85669 
3.71428 4.92013 2.75665 
3.71428 4.62197 3.96533 
3.71428 4.84674 3.54063 
3.71428 4.23013 4.74158 
3.71428 2.50891 1.39383 
3.71428 4.31204 1.42103 
3.71428 4.37456 1.4303 
3.71428 4.5102 4.95597 
1.28081 2.53061 3.80693 
1.28081 1.37785 2.65505 
1.28081 4.33693 4.18917 
1.28081 4.85302 3.81775 
1.28081 4.30151 3.43982 
1.28081 4.92013 3.74067 
1.28081 4.55712 4.91402 
1.28081 4.62197 4.09391 
1.28081 4.17737 4.38148 
1.28081 4.84674 3.96529 
1.28081 4.23013 4.99913 
1.28081 3.52533 4.72891 
1.28081 2.50891 1.31654 
1.28081 2.82173 3.38894 
1.28081 4.31204 3.28611 
1.28081 3.21602 3.50502 
1.28081 4.37456 3.09777 
1.28081 4.30981 4.41414 
1.28081 4.23499 4.78566 
2.53061 4.82075 2.85011 
2.53061 1.37785 1.17972 
2.53061 4.55712 4.75333 
2.53061 4.24667 2.40371 
2.53061 4.23013 3.88543 
2.53061 3.52533 1.3866 
2.53061 2.82173 3.07851 
2.53061 3.21602 3.81444 
2.53061 4.60732 3.27711 
2.53061 4.30981 4.95128 
2.53061 4.5102 3.91983 
2.53061 4.23499 4.36968 
4.82075 1.37785 3.62315 
4.82075 4.33693 4.58704 
4.82075 4.55712 4.02219 
4.82075 4.24667 2.32227 
4.82075 4.62197 4.8871 
4.82075 4.17737 4.70803 
4.82075 3.52533 1.63187 
4.82075 2.82173 3.61345 
4.82075 4.60732 3.63165 
4.82075 4.23499 4.6131 
1.37785 4.33693 4.98286 
1.37785 4.55712 4.42664 
1.37785 4.24667 3.20812 
1.37785 4.17737 4.4953 
1.37785 4.23013 3.83454 
1.37785 3.52533 2.27717 
1.37785 2.50891 3.86743 
1.37785 2.82173 2.70663 
1.37785 3.21602 3.46903 
1.37785 4.60732 3.86134 
1.37785 4.30981 4.66186 
1.37785 4.5102 3.94392 
1.37785 4.23499 4.15736 
4.33693 4.85302 4.83683 
4.33693 4.30151 2.62833 
4.33693 4.55712 4.09353 
4.33693 4.62197 1.40435 
4.33693 4.17737 1.20487 
4.33693 4.84674 3.63461 
4.33693 4.23013 3.41115 
4.33693 2.50891 3.78177 
4.33693 4.5102 4.30045 
4.33693 4.23499 2.44438 
4.85302 4.30151 2.45667 
4.85302 4.92013 1.43052 
4.85302 4.55712 3.71011 
4.85302 4.62197 3.71796 
4.85302 4.84674 1.44675 
4.85302 2.50891 3.01611 
4.85302 4.31204 4.65011 
4.85302 3.21602 4.98147 
4.85302 4.37456 2.40153 
4.85302 4.30981 4.71344 
4.30151 4.92013 3.3121 
4.30151 4.55712 3.27024 
4.30151 4.62197 1.41771 
4.30151 4.17737 3.68873 
4.30151 4.84674 1.42753 
4.30151 2.50891 2.40919 
4.30151 4.31204 3.97748 
4.30151 4.37456 3.14338 
4.30151 4.23499 4.73742 
4.92013 4.62197 4.70162 
4.92013 4.84674 2.73952 
4.92013 2.50891 2.95874 
4.92013 4.31204 4.02369 
4.92013 4.37456 1.45032 
4.55712 4.24667 4.61129 
4.55712 4.62197 3.1355 
4.55712 4.84674 2.54475 
4.55712 3.52533 4.20101 
4.55712 2.82173 2.4413 
4.55712 3.21602 4.92197 
4.24667 3.52533 1.40623 
4.24667 2.82173 2.99085 
4.24667 3.21602 3.57827 
4.24667 4.60732 1.35111 
4.24667 4.30981 4.65632 
4.62197 4.17737 2.59092 
4.62197 4.84674 2.42481 
4.62197 4.23013 4.73849 
4.62197 2.50891 3.32364 
4.62197 4.31204 4.8669 
4.62197 4.37456 4.49959 
4.62197 4.23499 3.74533 
4.17737 4.84674 4.6506 
4.17737 4.23013 2.23201 
4.17737 2.50891 4.30776 
4.17737 4.5102 3.17838 
4.17737 4.23499 1.34975 
4.84674 2.50891 3.08608 
4.84674 2.82173 4.96013 
4.84674 4.31204 4.86353 
4.84674 4.37456 3.22357 
4.23013 4.31204 4.22082 
4.23013 4.37456 4.69939 
4.23013 4.5102 1.23321 
4.23013 4.23499 1.36473 
3.52533 2.82173 2.83443 
3.52533 3.21602 4.01724 
3.52533 4.60732 2.64424 
2.50891 2.82173 4.62603 
2.50891 4.31204 2.49786 
2.50891 3.21602 4.46327 
2.50891 4.37456 2.14045 
2.82173 3.21602 2.57912 
2.82173 4.60732 3.25847 
2.82173 4.30981 4.11388 
4.31204 4.37456 2.58521 
4.31204 4.5102 4.09841 
3.21602 4.60732 2.92412 
3.21602 4.30981 1.53718 
4.60732 4.30981 3.70818 
4.37456 4.23499 4.85693 
4.30981 4.5102 4.55693 
4.5102 4.23499 2.57664 
4.99857 3.15355 4.21793 
4.99857 3.75913 3.50269 
4.99857 4.82743 3.06611 
4.99857 3.47251 3.56017 
4.99857 2.73269 4.33561 
4.99857 2.87813 3.73493 
4.99857 4.19831 3.86519 
3.23963 3.37436 3.80693 
3.23963 2.97771 2.65505 
3.23963 3.71448 4.91402 
3.23963 3.38206 4.72891 
3.23963 4.37419 1.31654 
3.23963 1.38132 3.38894 
3.23963 1.21252 3.50502 
3.23963 2.73852 4.41414 
3.37436 4.07137 3.46621 
3.37436 4.51596 2.85011 
3.37436 2.97771 1.17972 
3.37436 3.71448 4.75333 
3.37436 3.15355 2.40371 
3.37436 3.38206 1.3866 
3.37436 1.38132 3.07851 
3.37436 3.47251 4.53112 
3.37436 1.21252 3.81444 
3.37436 2.87813 3.27711 
3.37436 2.73852 4.95128 
4.07137 4.51596 1.53684 
4.07137 2.97771 4.20755 
4.07137 4.73137 4.9127 
4.07137 3.71448 4.05619 
4.07137 3.15355 1.70827 
4.07137 3.38206 2.09086 
4.07137 2.76385 4.18417 
4.07137 1.38132 3.4063 
4.07137 3.47251 3.73531 
4.07137 1.21252 4.80891 
4.07137 2.87813 2.67934 
4.07137 4.19831 4.90922 
4.07137 4.57967 4.83761 
4.07137 3.86317 4.20062 
4.07137 4.21205 3.54485 
4.51596 2.97771 3.62315 
4.51596 3.71448 4.02219 
4.51596 3.15355 2.32227 
4.51596 3.38206 1.63187 
4.51596 1.38132 3.61345 
4.51596 3.47251 4.88522 
4.51596 2.87813 3.63165 
4.51596 4.21205 4.88084 
2.97771 3.71448 4.42664 
2.97771 3.15355 3.20812 
2.97771 3.38206 2.27717 
2.97771 4.37419 3.86743 
2.97771 1.38132 2.70663 
2.97771 1.21252 3.46903 
2.97771 2.87813 3.86134 
2.97771 2.73852 4.66186 
4.73137 3.71448 1.36928 
4.73137 4.37419 4.52165 
4.73137 2.76385 4.11111 
4.73137 1.38132 3.60788 
4.73137 2.73269 4.90339 
4.73137 4.57967 2.35681 
4.73137 3.86317 3.41353 
4.73137 4.98882 1.45856 
4.73137 4.21205 4.28681 
3.71448 3.15355 4.61129 
3.71448 3.38206 4.20101 
3.71448 2.76385 3.82585 
3.71448 1.38132 2.4413 
3.71448 1.21252 4.92197 
3.71448 2.73269 4.58641 
3.71448 4.57967 2.98626 
3.71448 3.86317 3.53095 
3.71448 4.98882 2.53517 
3.71448 4.21205 4.22805 
3.15355 3.38206 1.40623 
3.15355 2.76385 4.10512 
3.15355 1.38132 2.99085 
3.15355 3.47251 2.6614 
3.15355 1.21252 3.57827 
3.15355 2.73269 4.77469 
3.15355 2.87813 1.35111 
3.15355 4.19831 3.89126 
3.15355 2.73852 4.65632 
3.15355 3.86317 4.66855 
3.15355 4.21205 4.132 
3.38206 2.76385 4.84168 
3.38206 1.38132 2.83443 
3.38206 3.47251 3.98354 
3.38206 1.21252 4.01724 
3.38206 2.87813 2.64424 
3.38206 4.21205 4.99633 
4.37419 1.38132 4.62603 
4.37419 1.21252 4.46327 
2.76385 3.75913 2.4037 
2.76385 1.38132 2.93735 
2.76385 4.82743 3.69323 
2.76385 3.47251 3.57464 
2.76385 1.21252 3.29689 
2.76385 2.73269 1.24851 
2.76385 2.87813 3.57442 
2.76385 4.19831 3.98943 
2.76385 4.57967 2.61392 
2.76385 2.73852 4.23793 
2.76385 3.86317 1.41291 
2.76385 4.98882 3.60507 
2.76385 4.21205 1.94901 
3.75913 1.38132 4.4097 
3.75913 4.82743 1.29685 
3.75913 1.21252 3.79916 
3.75913 2.73269 1.35029 
3.75913 4.19831 4.93537 
3.75913 4.57967 3.98927 
3.75913 2.73852 4.11732 
3.75913 3.86317 3.28458 
3.75913 4.98882 4.65284 
3.75913 4.21205 4.10154 
3.75913 3.88239 4.58302 
1.38132 3.47251 4.16026 
1.38132 1.21252 2.57912 
1.38132 2.73269 3.36741 
1.38132 2.87813 3.25847 
1.38132 4.57967 3.95845 
1.38132 2.73852 4.11388 
1.38132 3.86317 3.56989 
1.38132 4.98882 4.16542 
1.38132 4.21205 3.98119 
4.82743 1.21252 4.71301 
4.82743 2.73269 2.62305 
4.82743 2.73852 4.73624 
4.82743 3.86317 4.45943 
4.82743 3.88239 4.91018 
3.47251 1.21252 3.17292 
3.47251 2.73269 3.8056 
3.47251 2.87813 1.33933 
3.47251 4.19831 1.23195 
3.47251 2.73852 3.46724 
3.47251 3.86317 4.53849 
3.47251 4.21205 3.86624 
3.47251 3.88239 4.33594 
1.21252 2.73269 2.89895 
1.21252 2.87813 2.92412 
1.21252 4.19831 3.64287 
1.21252 2.73852 1.53718 
1.21252 3.86317 4.60116 
1.21252 4.21205 4.82954 
1.21252 3.88239 2.7007 
2.73269 2.87813 4.02664 
2.73269 4.19831 3.93939 
2.73269 4.57967 3.50664 
2.73269 2.73852 3.51738 
2.73269 3.86317 2.49845 
2.73269 4.98882 4.33012 
2.73269 4.21205 3.10174 
2.73269 3.88239 4.27254 
2.87813 4.19831 2.55719 
2.87813 2.73852 3.70818 
2.87813 3.86317 4.41779 
2.87813 4.21205 3.83791 
2.87813 3.88239 4.77231 
4.19831 2.73852 3.44855 
4.19831 4.21205 4.38978 
4.19831 3.88239 4.02715 
4.57967 2.73852 4.75142 
4.57967 3.86317 1.44175 
4.57967 4.98882 1.32241 
4.57967 4.21205 2.52133 
4.57967 3.88239 3.8367 
2.73852 3.88239 1.19504 
3.86317 4.98882 2.68329 
3.86317 4.21205 1.32367 
3.86317 3.88239 4.33575 
4.98882 4.21205 3.77301 
4.98882 3.88239 4.36041 
4.21205 3.88239 4.20612 
2.4937 3.86849 4.66303 
2.4937 4.65027 4.18917 
2.4937 3.25555 3.81775 
2.4937 2.85669 3.43982 
2.4937 2.75665 3.74067 
2.4937 3.96533 4.09391 
2.4937 3.54063 3.96529 
2.4937 4.74158 4.99913 
2.4937 1.39383 1.31654 
2.4937 2.65085 4.36386 
2.4937 1.42103 3.28611 
2.4937 1.4303 3.09777 
3.86849 3.25555 2.69071 
3.86849 2.85669 4.81218 
3.86849 4.63975 2.83261 
3.86849 2.75665 1.50792 
3.86849 3.54063 4.11913 
3.86849 4.01012 4.3153 
3.86849 1.39383 4.15094 
3.86849 4.54614 4.92349 
3.86849 1.42103 4.93398 
3.86849 1.4303 2.47227 
3.86849 4.72156 4.84026 
4.65027 3.25555 4.83683 
4.65027 2.85669 2.62833 
4.65027 3.96533 1.40435 
4.65027 3.54063 3.63461 
4.65027 4.74158 3.41115 
4.65027 1.39383 3.78177 
4.65027 4.95597 4.30045 
4.65027 4.72156 3.21548 
3.25555 2.85669 2.45667 
3.25555 4.63975 1.44063 
3.25555 2.75665 1.43052 
3.25555 3.96533 3.71796 
3.25555 3.54063 1.44675 
3.25555 1.39383 3.01611 
3.25555 1.42103 4.65011 
3.25555 1.4303 2.40153 
2.85669 4.63975 3.68452 
2.85669 2.75665 3.3121 
2.85669 3.96533 1.41771 
2.85669 3.54063 1.42753 
2.85669 1.39383 2.40919 
2.85669 2.65085 4.94384 
2.85669 1.42103 3.97748 
2.85669 1.4303 3.14338 
4.63975 2.75665 2.25507 
4.63975 3.96533 4.77557 
4.63975 3.54063 2.35994 
4.63975 1.39383 4.39873 
4.63975 1.4303 3.59295 
2.75665 3.96533 4.70162 
2.75665 3.54063 2.73952 
2.75665 1.39383 2.95874 
2.75665 1.42103 4.02369 
2.75665 1.4303 1.45032 
2.75665 4.72156 4.42377 
3.96533 3.54063 2.42481 
3.96533 4.74158 4.73849 
3.96533 1.39383 3.32364 
3.96533 1.42103 4.8669 
3.96533 1.4303 4.49959 
3.96533 4.72156 4.31276 
3.54063 1.39383 3.08608 
3.54063 1.42103 4.86353 
3.54063 1.4303 3.22357 
4.74158 4.01012 4.67345 
4.74158 2.65085 3.97365 
4.74158 1.42103 4.22082 
4.74158 1.4303 4.69939 
4.74158 4.95597 1.23321 
4.74158 4.72156 2.51368 
4.01012 1.39383 4.86483 
4.01012 2.65085 1.41934 
4.01012 4.54614 1.47843 
4.01012 1.42103 2.61877 
4.01012 4.95597 3.90358 
1.39383 2.65085 3.66951 
1.39383 1.42103 2.49786 
1.39383 1.4303 2.14045 
2.65085 4.54614 2.42497 
2.65085 1.42103 1.25612 
2.65085 1.4303 3.75318 
2.65085 4.95597 3.52431 
4.54614 1.42103 3.2759 
1.42103 1.4303 2.58521 
1.42103 4.95597 4.09841 
1.42103 4.72156 4.94416 
1.4303 4.72156 4.14741 
4.95597 4.72156 3.72338 
2.25103 1.36776 2.89614 
2.25103 4.63979 2.69071 
2.25103 2.54398 1.28847 
2.25103 4.66422 2.83261 
2.25103 3.5412 1.50792 
2.25103 3.99512 2.26128 
2.25103 2.58717 4.3153 
2.25103 2.14084 2.30902 
2.25103 3.06611 4.92349 
2.25103 3.56017 4.83461 
2.25103 3.73493 4.77655 
2.25103 4.08281 2.47227 
1.36776 2.54398 2.52035 
1.36776 4.66422 4.74516 
1.36776 3.5412 4.25502 
1.36776 3.99512 3.89767 
1.36776 2.58717 1.46671 
1.36776 3.50269 3.32957 
1.36776 2.14084 1.40892 
1.36776 3.853 2.54203 
1.36776 3.06611 2.46324 
1.36776 3.56017 3.74301 
1.36776 4.33561 4.40373 
1.36776 3.73493 4.3518 
1.36776 3.86519 3.5966 
1.36776 4.89912 3.93182 
1.36776 4.13038 3.48082 
4.63979 2.54398 3.0931 
4.63979 4.66422 1.44063 
4.63979 3.5412 1.43052 
4.63979 3.99512 2.51112 
4.63979 2.14084 4.24049 
4.63979 4.08281 2.40153 
2.54398 4.66422 2.57849 
2.54398 3.5412 2.392 
2.54398 3.99512 1.49705 
2.54398 2.58717 3.83948 
2.54398 2.14084 1.39045 
2.54398 3.853 4.45756 
2.54398 3.06611 4.70837 
2.54398 3.56017 4.89937 
2.54398 3.86519 4.87826 
2.54398 4.08281 3.64249 
2.54398 4.89912 4.99449 
2.54398 4.13038 4.58845 
4.66422 3.5412 2.25507 
4.66422 3.99512 1.5067 
4.66422 2.14084 3.60633 
4.66422 4.08281 3.59295 
3.5412 3.99512 2.48493 
3.5412 2.14084 3.58119 
3.5412 4.08281 1.45032 
4.21793 3.56017 2.6614 
4.21793 4.33561 4.77469 
4.21793 3.73493 1.35111 
4.21793 3.86519 3.89126 
3.99512 2.14084 2.58962 
3.99512 4.08281 3.90103 
2.58717 3.50269 2.70648 
2.58717 2.14084 2.53493 
2.58717 3.853 1.41934 
2.58717 3.06611 1.47843 
2.58717 3.56017 4.35078 
2.58717 4.33561 3.98425 
2.58717 3.86519 3.97832 
2.58717 4.89912 3.90358 
2.58717 4.13038 3.76088 
3.50269 2.14084 4.36939 
3.50269 3.853 3.66673 
3.50269 3.06611 1.29685 
3.50269 4.33561 1.35029 
3.50269 3.86519 4.93537 
2.14084 3.853 3.07181 
2.14084 3.06611 3.58148 
2.14084 3.56017 4.44138 
2.14084 3.86519 4.19672 
2.14084 4.08281 4.7297 
2.14084 4.89912 4.04053 
2.14084 4.13038 3.78659 
3.853 3.06611 2.42497 
3.853 4.33561 4.8937 
3.853 3.86519 4.47803 
3.853 4.08281 3.75318 
3.853 4.89912 3.52431 
3.853 4.13038 3.88547 
3.06611 4.33561 2.62305 
3.56017 4.33561 3.8056 
3.56017 3.73493 1.33933 
3.56017 3.86519 1.23195 
3.56017 4.89912 3.77388 
3.56017 4.13038 2.43972 
4.33561 3.73493 4.02664 
4.33561 3.86519 3.93939 
4.33561 4.13038 4.71655 
3.73493 3.86519 2.55719 
3.73493 4.13038 3.70462 
3.86519 4.89912 2.58764 
3.86519 4.13038 1.28456 
4.89912 4.13038 1.35107 
4.66303 3.81775 2.69071 
4.66303 3.43982 4.81218 
4.66303 3.74067 1.50792 
4.66303 3.96529 4.11913 
4.66303 1.31654 4.15094 
4.66303 3.28611 4.93398 
4.66303 3.09777 2.47227 
3.80693 2.65505 1.17972 
3.80693 4.91402 4.75333 
3.80693 4.99913 3.88543 
3.80693 4.72891 1.3866 
3.80693 3.38894 3.07851 
3.80693 3.50502 3.81444 
3.80693 4.41414 4.95128 
3.80693 4.78566 4.36968 
2.65505 4.18917 4.98286 
2.65505 4.91402 4.42664 
2.65505 4.38148 4.4953 
2.65505 4.99913 3.83454 
2.65505 4.72891 2.27717 
2.65505 1.31654 3.86743 
2.65505 3.38894 2.70663 
2.65505 3.50502 3.46903 
2.65505 4.41414 4.66186 
2.65505 4.78566 4.15736 
4.18917 3.81775 4.83683 
4.18917 3.43982 2.62833 
4.18917 4.91402 4.09353 
4.18917 4.09391 1.40435 
4.18917 4.38148 1.20487 
4.18917 3.96529 3.63461 
4.18917 4.99913 3.41115 
4.18917 1.31654 3.78177 
4.18917 4.78566 2.44438 
3.81775 3.43982 2.45667 
3.81775 3.74067 1.43052 
3.81775 4.91402 3.71011 
3.81775 4.09391 3.71796 
3.81775 3.96529 1.44675 
3.81775 1.31654 3.01611 
3.81775 3.28611 4.65011 
3.81775 3.50502 4.98147 
3.81775 3.09777 2.40153 
3.81775 4.41414 4.71344 
3.43982 3.74067 3.3121 
3.43982 4.91402 3.27024 
3.43982 4.09391 1.41771 
3.43982 4.38148 3.68873 
3.43982 3.96529 1.42753 
3.43982 1.31654 2.40919 
3.43982 4.36386 4.94384 
3.43982 3.28611 3.97748 
3.43982 3.09777 3.14338 
3.43982 4.78566 4.73742 
3.74067 4.09391 4.70162 
3.74067 3.96529 2.73952 
3.74067 1.31654 2.95874 
3.74067 3.28611 4.02369 
3.74067 3.09777 1.45032 
4.91402 4.09391 3.1355 
4.91402 3.96529 2.54475 
4.91402 4.72891 4.20101 
4.91402 3.38894 2.4413 
4.91402 3.50502 4.92197 
4.09391 4.38148 2.59092 
4.09391 3.96529 2.42481 
4.09391 4.99913 4.73849 
4.09391 1.31654 3.32364 
4.09391 3.28611 4.8669 
4.09391 3.09777 4.49959 
4.09391 4.78566 3.74533 
4.38148 3.96529 4.6506 
4.38148 4.99913 2.23201 
4.38148 1.31654 4.30776 
4.38148 4.78566 1.34975 
3.96529 1.31654 3.08608 
3.96529 3.38894 4.96013 
3.96529 3.28611 4.86353 
3.96529 3.09777 3.22357 
4.99913 4.36386 3.97365 
4.99913 3.28611 4.22082 
4.99913 3.09777 4.69939 
4.99913 4.78566 1.36473 
4.72891 3.38894 2.83443 
4.72891 3.50502 4.01724 
1.31654 4.36386 3.66951 
1.31654 3.38894 4.62603 
1.31654 3.28611 2.49786 
1.31654 3.50502 4.46327 
1.31654 3.09777 2.14045 
4.36386 3.28611 1.25612 
4.36386 3.09777 3.75318 
3.38894 3.50502 2.57912 
3.38894 4.41414 4.11388 
3.28611 3.09777 2.58521 
3.50502 4.41414 1.53718 
3.09777 4.78566 4.85693 
2.89614 1.28847 2.52035 
2.89614 2.83261 4.74516 
2.89614 1.50792 4.25502 
2.89614 2.26128 3.89767 
2.89614 4.3153 1.46671 
2.89614 2.30902 1.40892 
2.89614 4.92349 2.46324 
2.89614 4.83461 3.74301 
2.89614 4.93398 3.74959 
2.89614 4.77655 4.3518 
2.89614 3.34756 4.91161 
4.76045 2.69071 3.4725 
4.76045 1.28847 4.25806 
4.76045 4.94341 3.23672 
4.76045 2.83261 2.60338 
4.76045 1.50792 4.42029 
4.76045 2.26128 3.52517 
4.76045 4.11913 3.77901 
4.76045 2.30902 4.55332 
4.76045 4.35282 2.21574 
4.76045 3.34756 4.29204 
2.69071 1.28847 3.0931 
2.69071 4.81218 2.45667 
2.69071 4.94341 2.38667 
2.69071 2.83261 1.44063 
2.69071 1.50792 1.43052 
2.69071 2.26128 2.51112 
2.69071 4.11913 1.44675 
2.69071 4.15094 3.01611 
2.69071 2.30902 4.24049 
2.69071 4.93398 4.65011 
2.69071 2.47227 2.40153 
2.69071 4.35282 2.36019 
2.69071 4.25511 4.37494 
2.69071 3.34756 3.40321 
1.28847 4.94341 4.96467 
1.28847 2.83261 2.57849 
1.28847 1.50792 2.392 
1.28847 2.26128 1.49705 
1.28847 4.11913 4.50581 
1.28847 4.3153 3.83948 
1.28847 2.30902 1.39045 
1.28847 4.92349 4.70837 
1.28847 4.83461 4.89937 
1.28847 2.47227 3.64249 
1.28847 4.35282 4.03197 
1.28847 4.25511 3.58436 
1.28847 3.34756 2.56739 
4.81218 4.94341 2.66683 
4.81218 2.83261 3.68452 
4.81218 1.50792 3.3121 
4.81218 2.26128 4.89043 
4.81218 4.11913 1.42753 
4.81218 4.15094 2.40919 
4.81218 4.93398 3.97748 
4.81218 2.47227 3.14338 
4.81218 4.35282 3.75538 
4.94341 2.83261 2.41932 
4.94341 1.50792 3.79263 
4.94341 2.26128 3.81277 
4.94341 4.11913 1.4802 
4.94341 4.15094 4.52165 
4.94341 2.47227 4.57383 
4.94341 4.35282 1.45856 
4.94341 4.25511 4.90955 
4.94341 3.34756 4.14142 
2.83261 1.50792 2.25507 
2.83261 2.26128 1.5067 
2.83261 4.11913 2.35994 
2.83261 4.15094 4.39873 
2.83261 2.30902 3.60633 
2.83261 2.47227 3.59295 
2.83261 4.35282 1.52433 
2.83261 4.25511 3.51266 
2.83261 3.34756 2.36348 
1.50792 2.26128 2.48493 
1.50792 4.11913 2.73952 
1.50792 4.15094 2.95874 
1.50792 2.30902 3.58119 
1.50792 4.93398 4.02369 
1.50792 2.47227 1.45032 
1.50792 4.35282 3.59365 
1.50792 4.25511 4.39107 
1.50792 3.34756 3.49563 
1.50792 4.84026 4.42377 
2.26128 4.11913 3.6962 
2.26128 2.30902 2.58962 
2.26128 2.47227 3.90103 
2.26128 4.35282 2.77421 
2.26128 4.25511 2.57945 
2.26128 3.34756 1.35052 
4.11913 4.15094 3.08608 
4.11913 4.93398 4.86353 
4.11913 2.47227 3.22357 
4.11913 4.35282 2.34196 
4.11913 3.34756 4.31038 
4.3153 4.15094 4.86483 
4.3153 2.30902 2.53493 
4.3153 4.92349 1.47843 
4.3153 4.83461 4.35078 
4.3153 4.93398 2.61877 
4.15094 4.93398 2.49786 
4.15094 2.47227 2.14045 
2.30902 4.92349 3.58148 
2.30902 4.83461 4.44138 
2.30902 4.93398 4.06711 
2.30902 2.47227 4.7297 
2.30902 4.35282 4.92299 
2.30902 4.25511 4.536 
2.30902 3.34756 3.54451 
4.92349 4.93398 3.2759 
4.83461 4.77655 1.33933 
4.83461 4.25511 4.51236 
4.93398 2.47227 2.58521 
4.93398 4.84026 4.94416 
4.77655 4.25511 4.0932 
2.47227 4.35282 4.74875 
2.47227 3.34756 4.78945 
2.47227 4.84026 4.14741 
4.35282 4.25511 4.0743 
4.35282 3.34756 3.12324 
4.25511 3.34756 1.28439 
4.25511 4.84026 4.74701 
3.46621 2.85011 1.53684 
3.46621 1.17972 4.20755 
3.46621 3.84719 3.93888 
3.46621 3.71246 2.70037 
3.46621 4.75333 4.05619 
3.46621 2.40371 1.70827 
3.46621 1.3866 2.09086 
3.46621 3.07851 3.4063 
3.46621 4.53112 3.73531 
3.46621 3.81444 4.80891 
3.46621 3.27711 2.67934 
3.46621 4.67825 1.33155 
3.46621 4.96654 4.24556 
2.85011 1.17972 3.62315 
2.85011 3.84719 2.43247 
2.85011 3.71246 1.35046 
2.85011 4.75333 4.02219 
2.85011 2.40371 2.32227 
2.85011 1.3866 1.63187 
2.85011 3.07851 3.61345 
2.85011 4.53112 4.88522 
2.85011 4.92432 3.61247 
2.85011 3.27711 3.63165 
2.85011 4.36968 4.6131 
2.85011 4.67825 2.55655 
2.85011 4.96654 3.55105 
1.17972 3.84719 4.46584 
1.17972 3.71246 4.45598 
1.17972 4.75333 4.42664 
1.17972 2.40371 3.20812 
1.17972 3.88543 3.83454 
1.17972 1.3866 2.27717 
1.17972 3.07851 2.70663 
1.17972 3.81444 3.46903 
1.17972 3.27711 3.86134 
1.17972 4.95128 4.66186 
1.17972 3.91983 3.94392 
1.17972 4.67569 4.64125 
1.17972 4.36968 4.15736 
1.17972 4.96654 4.94096 
3.84719 3.71246 1.37889 
3.84719 2.40371 4.5096 
3.84719 3.88543 4.86547 
3.84719 1.3866 3.36713 
3.84719 4.92432 1.3154 
3.84719 4.36968 3.8327 
3.84719 4.67825 4.69758 
3.84719 4.96654 3.20078 
3.71246 4.75333 4.69148 
3.71246 2.40371 3.61371 
3.71246 3.88543 4.8026 
3.71246 1.3866 2.77073 
3.71246 3.07851 4.75075 
3.71246 4.92432 2.46793 
3.71246 3.27711 4.9399 
3.71246 4.36968 3.60871 
3.71246 4.67825 3.35105 
3.71246 4.96654 2.58944 
4.75333 2.40371 4.61129 
4.75333 1.3866 4.20101 
4.75333 3.07851 2.4413 
4.75333 3.81444 4.92197 
2.40371 1.3866 1.40623 
2.40371 3.07851 2.99085 
2.40371 4.53112 2.6614 
2.40371 3.81444 3.57827 
2.40371 3.27711 1.35111 
2.40371 4.95128 4.65632 
2.40371 4.67825 2.65032 
3.88543 4.53112 4.96579 
3.88543 4.92432 4.25339 
3.88543 3.91983 1.23321 
3.88543 4.67569 2.5261 
3.88543 4.36968 1.36473 
3.88543 4.96654 2.51368 
1.3866 3.07851 2.83443 
1.3866 4.53112 3.98354 
1.3866 4.92432 4.57415 
1.3866 3.81444 4.01724 
1.3866 3.27711 2.64424 
1.3866 4.67825 3.31265 
3.07851 4.53112 4.16026 
3.07851 3.81444 2.57912 
3.07851 3.27711 3.25847 
3.07851 4.95128 4.11388 
3.07851 4.67825 4.58331 
4.53112 4.92432 4.79718 
4.53112 3.81444 3.17292 
4.53112 3.27711 1.33933 
4.53112 4.95128 3.46724 
4.53112 3.91983 3.77388 
4.53112 4.67569 2.43972 
4.53112 4.67825 3.99459 
4.92432 4.36968 3.43495 
4.92432 4.96654 3.30204 
3.81444 3.27711 2.92412 
3.81444 4.95128 1.53718 
3.81444 4.67569 4.31409 
3.27711 4.95128 3.70818 
3.27711 4.67569 3.70462 
3.27711 4.67825 3.27576 
4.95128 3.91983 4.55693 
4.95128 4.67569 3.6462 
3.91983 4.67569 1.35107 
3.91983 4.36968 2.57664 
3.91983 4.96654 3.72338 
4.67569 4.36968 3.79439 
4.36968 4.96654 1.44889 
4.67825 4.96654 4.26124 
1.53684 4.20755 3.62315 
1.53684 3.93888 2.43247 
1.53684 2.70037 1.35046 
1.53684 4.05619 4.02219 
1.53684 1.70827 2.32227 
1.53684 4.67736 4.75881 
1.53684 2.09086 1.63187 
1.53684 3.4063 3.61345 
1.53684 3.73531 4.88522 
1.53684 3.33594 2.47514 
1.53684 2.67934 3.63165 
1.53684 3.54485 4.88084 
1.53684 2.60981 3.72059 
1.53684 1.33155 2.55655 
1.53684 3.81304 4.7227 
1.53684 4.24556 3.55105 
4.20755 3.93888 4.46584 
4.20755 2.70037 4.45598 
4.20755 4.05619 4.42664 
4.20755 1.70827 3.20812 
4.20755 2.09086 2.27717 
4.20755 3.4063 2.70663 
4.20755 4.80891 3.46903 
4.20755 2.67934 3.86134 
4.20755 4.24556 4.94096 
3.93888 2.70037 1.37889 
3.93888 1.70827 4.5096 
3.93888 4.67736 2.48093 
3.93888 2.09086 3.36713 
3.93888 3.33594 2.30552 
3.93888 4.90922 4.75099 
3.93888 3.83391 3.65121 
3.93888 3.54485 4.86463 
3.93888 1.33155 4.69758 
3.93888 4.24556 3.20078 
4.9127 4.05619 1.36928 
4.9127 4.98651 3.81277 
4.9127 4.18417 4.11111 
4.9127 3.4063 3.60788 
4.9127 4.83761 2.35681 
4.9127 4.20062 3.41353 
4.9127 3.54485 4.28681 
4.9127 2.60981 4.90955 
4.9127 3.81304 4.14142 
2.70037 4.05619 4.69148 
2.70037 1.70827 3.61371 
2.70037 4.67736 3.73283 
2.70037 2.09086 2.77073 
2.70037 3.4063 4.75075 
2.70037 3.33594 1.4533 
2.70037 2.67934 4.9399 
2.70037 3.83391 4.86596 
2.70037 2.60981 4.29213 
2.70037 1.33155 3.35105 
2.70037 4.24556 2.58944 
4.05619 1.70827 4.61129 
4.05619 2.09086 4.20101 
4.05619 4.18417 3.82585 
4.05619 3.4063 2.4413 
4.05619 4.80891 4.92197 
4.05619 4.83761 2.98626 
4.05619 4.20062 3.53095 
4.05619 3.54485 4.22805 
1.70827 2.09086 1.40623 
1.70827 4.18417 4.10512 
1.70827 3.4063 2.99085 
1.70827 3.73531 2.6614 
1.70827 3.33594 4.65513 
1.70827 4.80891 3.57827 
1.70827 2.67934 1.35111 
1.70827 4.90922 3.89126 
1.70827 3.83391 4.37998 
1.70827 4.20062 4.66855 
1.70827 3.54485 4.132 
1.70827 2.60981 3.70604 
1.70827 1.33155 2.65032 
1.70827 3.81304 4.8776 
4.98651 4.83761 3.5546 
4.98651 4.20062 4.87696 
4.98651 2.60981 2.57945 
4.98651 1.33155 3.72246 
4.98651 3.81304 1.35052 
4.67736 4.18417 3.87327 
4.67736 3.73531 3.86778 
4.67736 3.33594 4.13911 
4.67736 2.67934 4.43616 
4.67736 4.90922 3.92968 
4.67736 4.83761 4.8989 
4.67736 3.83391 1.20066 
4.67736 4.20062 3.69513 
4.67736 3.54485 2.51623 
4.67736 2.60981 3.78481 
4.67736 1.33155 4.02207 
4.67736 3.81304 4.44271 
4.67736 4.24556 4.44424 
2.09086 4.18417 4.84168 
2.09086 3.4063 2.83443 
2.09086 3.73531 3.98354 
2.09086 3.33594 4.07285 
2.09086 4.80891 4.01724 
2.09086 2.67934 2.64424 
2.09086 3.54485 4.99633 
2.09086 2.60981 4.49235 
2.09086 1.33155 3.31265 
4.18417 3.4063 2.93735 
4.18417 3.73531 3.57464 
4.18417 4.80891 3.29689 
4.18417 2.67934 3.57442 
4.18417 4.90922 3.98943 
4.18417 4.83761 2.61392 
4.18417 3.83391 2.962 
4.18417 4.20062 1.41291 
4.18417 3.54485 1.94901 
4.18417 1.33155 4.67312 
3.4063 3.73531 4.16026 
3.4063 4.80891 2.57912 
3.4063 2.67934 3.25847 
3.4063 4.83761 3.95845 
3.4063 4.20062 3.56989 
3.4063 3.54485 3.98119 
3.4063 1.33155 4.58331 
3.73531 4.80891 3.17292 
3.73531 2.67934 1.33933 
3.73531 4.90922 1.23195 
3.73531 3.83391 3.66016 
3.73531 4.20062 4.53849 
3.73531 3.54485 3.86624 
3.73531 2.60981 4.51236 
3.73531 1.33155 3.99459 
3.33594 2.60981 4.14505 
3.33594 1.33155 3.50513 
3.33594 3.81304 4.62287 
3.33594 4.24556 1.22206 
4.80891 2.67934 2.92412 
4.80891 4.90922 3.64287 
4.80891 4.20062 4.60116 
4.80891 3.54485 4.82954 
2.67934 4.90922 2.55719 
2.67934 3.83391 3.92332 
2.67934 4.20062 4.41779 
2.67934 3.54485 3.83791 
2.67934 2.60981 4.0932 
2.67934 1.33155 3.27576 
4.90922 3.83391 4.01369 
4.90922 3.54485 4.38978 
4.83761 3.83391 3.80112 
4.83761 4.20062 1.44175 
4.83761 3.54485 2.52133 
4.83761 2.60981 4.90863 
4.83761 3.81304 3.92002 
3.83391 4.20062 2.621 
3.83391 3.54485 1.3556 
3.83391 2.60981 3.47519 
3.83391 1.33155 3.37622 
3.83391 3.81304 4.37884 
4.20062 3.54485 1.32367 
4.20062 1.33155 4.48538 
3.54485 2.60981 4.02768 
3.54485 1.33155 3.5108 
2.60981 1.33155 1.2876 
2.60981 3.81304 1.28439 
2.60981 4.24556 4.74701 
1.33155 3.81304 2.51295 
1.33155 4.24556 4.26124 
3.62315 2.43247 4.46584 
3.62315 4.58704 4.98286 
3.62315 1.35046 4.45598 
3.62315 4.02219 4.42664 
3.62315 2.32227 3.20812 
3.62315 4.70803 4.4953 
3.62315 1.63187 2.27717 
3.62315 3.61345 2.70663 
3.62315 3.63165 3.86134 
3.62315 4.6131 4.15736 
3.62315 3.55105 4.94096 
2.43247 4.58704 4.03662 
2.43247 1.35046 1.37889 
2.43247 2.32227 4.5096 
2.43247 4.8871 4.81047 
2.43247 4.70803 3.84965 
2.43247 4.75881 2.48093 
2.43247 1.63187 3.36713 
2.43247 3.61247 1.3154 
2.43247 2.47514 2.30552 
2.43247 4.88084 4.86463 
2.43247 4.6131 3.8327 
2.43247 2.55655 4.69758 
2.43247 3.55105 3.20078 
4.58704 1.35046 3.98834 
4.58704 4.02219 4.09353 
4.58704 4.8871 1.40435 
4.58704 4.70803 1.20487 
4.58704 4.75881 4.02052 
4.58704 3.61247 3.58874 
4.58704 2.47514 3.66766 
4.58704 4.88084 4.85759 
4.58704 4.6131 2.44438 
4.58704 3.55105 3.21548 
1.35046 4.02219 4.69148 
1.35046 2.32227 3.61371 
1.35046 4.8871 4.65266 
1.35046 4.70803 3.83299 
1.35046 4.75881 3.73283 
1.35046 1.63187 2.77073 
1.35046 3.61345 4.75075 
1.35046 3.61247 2.46793 
1.35046 2.47514 1.4533 
1.35046 3.63165 4.9399 
1.35046 3.72059 4.29213 
1.35046 4.6131 3.60871 
1.35046 2.55655 3.35105 
1.35046 3.55105 2.58944 
4.02219 2.32227 4.61129 
4.02219 4.8871 3.1355 
4.02219 1.63187 4.20101 
4.02219 3.61345 2.4413 
4.02219 4.88084 4.22805 
2.32227 1.63187 1.40623 
2.32227 3.61345 2.99085 
2.32227 4.88522 2.6614 
2.32227 2.47514 4.65513 
2.32227 3.63165 1.35111 
2.32227 4.88084 4.132 
2.32227 3.72059 3.70604 
2.32227 2.55655 2.65032 
2.32227 4.7227 4.8776 
4.8871 4.70803 2.59092 
4.8871 4.75881 4.90254 
4.8871 3.61247 4.55385 
4.8871 2.47514 4.59671 
4.8871 4.6131 3.74533 
4.8871 3.55105 4.31276 
4.70803 4.75881 3.81666 
4.70803 3.61247 3.27389 
4.70803 2.47514 3.16012 
4.70803 4.88084 4.95285 
4.70803 4.6131 1.34975 
4.70803 3.55105 2.44493 
4.75881 4.88522 3.86778 
4.75881 3.61247 1.32294 
4.75881 2.47514 4.13911 
4.75881 3.63165 4.43616 
4.75881 4.88084 2.51623 
4.75881 3.72059 3.78481 
4.75881 4.6131 4.24865 
4.75881 2.55655 4.02207 
4.75881 4.7227 4.44271 
4.75881 3.55105 4.44424 
1.63187 3.61345 2.83443 
1.63187 4.88522 3.98354 
1.63187 3.61247 4.57415 
1.63187 2.47514 4.07285 
1.63187 3.63165 2.64424 
1.63187 4.88084 4.99633 
1.63187 3.72059 4.49235 
1.63187 2.55655 3.31265 
3.61345 4.88522 4.16026 
3.61345 3.63165 3.25847 
3.61345 4.88084 3.98119 
3.61345 2.55655 4.58331 
4.88522 3.61247 4.79718 
4.88522 3.63165 1.33933 
4.88522 4.88084 3.86624 
4.88522 3.72059 4.51236 
4.88522 2.55655 3.99459 
3.61247 2.47514 2.84561 
3.61247 4.88084 3.75387 
3.61247 3.72059 4.63544 
3.61247 4.6131 3.43495 
3.61247 3.55105 3.30204 
2.47514 3.72059 4.14505 
2.47514 4.6131 2.50131 
2.47514 2.55655 3.50513 
2.47514 4.7227 4.62287 
2.47514 3.55105 1.22206 
3.63165 4.88084 3.83791 
3.63165 3.72059 4.0932 
3.63165 2.55655 3.27576 
4.88084 3.72059 4.02768 
4.88084 2.55655 3.5108 
3.72059 2.55655 1.2876 
3.72059 4.7227 1.28439 
3.72059 3.55105 4.74701 
4.6131 3.55105 1.44889 
2.55655 4.7227 2.51295 
2.55655 3.55105 4.26124 
2.52035 4.74516 2.57849 
2.52035 4.25502 2.392 
2.52035 3.89767 1.49705 
2.52035 1.46671 3.83948 
2.52035 1.40892 1.39045 
2.52035 2.54203 4.45756 
2.52035 2.46324 4.70837 
2.52035 3.74301 4.89937 
2.52035 3.5966 4.87826 
2.52035 3.93182 4.99449 
2.52035 3.48082 4.58845 
2.52035 4.91161 2.56739 
4.74516 4.25502 2.25507 
4.74516 3.89767 1.5067 
4.74516 1.40892 3.60633 
4.74516 4.91161 2.36348 
4.25502 3.89767 2.48493 
4.25502 1.40892 3.58119 
4.25502 3.74959 4.02369 
4.25502 4.91161 3.49563 
3.89767 1.40892 2.58962 
3.89767 4.91161 1.35052 
4.77229 1.46671 4.67345 
4.77229 1.40892 4.62153 
4.77229 2.54203 3.97365 
4.77229 3.74301 4.96579 
4.77229 3.74959 4.22082 
4.77229 3.5966 3.78582 
4.77229 3.93182 1.23321 
4.77229 3.48082 2.5261 
1.46671 3.32957 2.70648 
1.46671 1.40892 2.53493 
1.46671 2.54203 1.41934 
1.46671 2.46324 1.47843 
1.46671 3.74301 4.35078 
1.46671 3.74959 2.61877 
1.46671 4.40373 3.98425 
1.46671 3.5966 3.97832 
1.46671 3.93182 3.90358 
1.46671 3.48082 3.76088 
3.32957 1.40892 4.36939 
3.32957 2.54203 3.66673 
3.32957 2.46324 1.29685 
3.32957 3.74959 4.39412 
3.32957 4.40373 1.35029 
3.32957 3.5966 4.93537 
1.40892 2.54203 3.07181 
1.40892 2.46324 3.58148 
1.40892 3.74301 4.44138 
1.40892 3.74959 4.06711 
1.40892 3.5966 4.19672 
1.40892 3.93182 4.04053 
1.40892 3.48082 3.78659 
1.40892 4.91161 3.54451 
2.54203 2.46324 2.42497 
2.54203 3.74959 1.25612 
2.54203 4.40373 4.8937 
2.54203 3.5966 4.47803 
2.54203 3.93182 3.52431 
2.54203 3.48082 3.88547 
2.46324 3.74959 3.2759 
2.46324 4.40373 2.62305 
3.74301 4.40373 3.8056 
3.74301 4.3518 1.33933 
3.74301 3.5966 1.23195 
3.74301 3.93182 3.77388 
3.74301 3.48082 2.43972 
3.74959 3.93182 4.09841 
3.74959 3.48082 4.76753 
4.40373 4.3518 4.02664 
4.40373 3.5966 3.93939 
4.40373 3.48082 4.71655 
4.3518 3.5966 2.55719 
4.3518 3.48082 3.70462 
3.5966 3.93182 2.58764 
3.5966 3.48082 1.28456 
3.93182 3.48082 1.35107 
4.87076 3.4725 4.83683 
4.87076 3.23672 4.26063 
4.87076 4.07138 4.09353 
4.87076 4.70507 4.02052 
4.87076 3.77901 3.63461 
4.87076 3.7314 4.36114 
4.87076 2.77719 4.85759 
4.87076 1.1941 4.36702 
4.87076 2.44044 4.70285 
3.4725 4.25806 3.0931 
3.4725 3.23672 2.38667 
3.4725 2.60338 1.44063 
3.4725 4.42029 1.43052 
3.4725 4.07138 3.71011 
3.4725 3.52517 2.51112 
3.4725 3.77901 1.44675 
3.4725 4.55332 4.24049 
3.4725 4.69594 4.98147 
3.4725 1.45782 3.44564 
3.4725 3.43645 4.71344 
3.4725 2.24582 4.85574 
3.4725 2.21574 2.36019 
3.4725 1.1941 4.14101 
3.4725 2.44044 4.52587 
3.4725 4.29204 3.40321 
4.25806 3.23672 4.96467 
4.25806 2.60338 2.57849 
4.25806 4.42029 2.392 
4.25806 3.52517 1.49705 
4.25806 3.77901 4.50581 
4.25806 4.55332 1.39045 
4.25806 1.45782 4.70028 
4.25806 2.21574 4.03197 
4.25806 1.1941 4.79314 
4.25806 2.44044 4.98607 
4.25806 4.29204 2.56739 
3.23672 2.60338 2.41932 
3.23672 4.42029 3.79263 
3.23672 4.07138 1.36928 
3.23672 3.52517 3.81277 
3.23672 3.77901 1.4802 
3.23672 3.64617 4.11111 
3.23672 4.60941 4.90339 
3.23672 1.45782 2.35681 
3.23672 2.24582 3.41353 
3.23672 2.21574 1.45856 
3.23672 2.77719 4.28681 
3.23672 1.1941 4.13154 
3.23672 4.29204 4.14142 
2.60338 4.42029 2.25507 
2.60338 4.07138 3.75344 
2.60338 3.52517 1.5067 
2.60338 3.77901 2.35994 
2.60338 3.64617 4.99462 
2.60338 4.55332 3.60633 
2.60338 1.45782 2.49572 
2.60338 3.43645 4.73396 
2.60338 2.24582 3.9306 
2.60338 2.21574 1.52433 
2.60338 2.77719 4.9393 
2.60338 1.1941 3.51875 
2.60338 2.44044 4.20703 
2.60338 4.29204 2.36348 
4.42029 3.52517 2.48493 
4.42029 3.77901 2.73952 
4.42029 4.55332 3.58119 
4.42029 1.45782 4.63027 
4.42029 2.21574 3.59365 
4.42029 1.1941 4.95126 
4.42029 4.29204 3.49563 
4.07138 3.77901 2.54475 
4.07138 3.64617 3.82585 
4.07138 4.69594 4.92197 
4.07138 4.60941 4.58641 
4.07138 1.45782 2.98626 
4.07138 2.24582 3.53095 
4.07138 2.21574 2.53517 
4.07138 2.77719 4.22805 
4.07138 1.1941 4.89193 
3.52517 3.77901 3.6962 
3.52517 4.55332 2.58962 
3.52517 1.45782 3.5546 
3.52517 2.24582 4.87696 
3.52517 2.21574 2.77421 
3.52517 1.1941 4.37619 
3.52517 2.44044 4.95862 
3.52517 4.29204 1.35052 
4.70507 3.64617 3.87327 
4.70507 4.60941 4.61446 
4.70507 1.45782 4.8989 
4.70507 3.7314 1.20066 
4.70507 2.24582 3.69513 
4.70507 2.77719 2.51623 
4.70507 1.1941 4.40511 
4.70507 4.29204 4.44271 
3.77901 1.45782 3.3948 
3.77901 2.24582 4.62647 
3.77901 2.21574 2.34196 
3.77901 1.1941 4.46372 
3.77901 2.44044 4.98348 
3.77901 4.29204 4.31038 
3.64617 4.69594 3.29689 
3.64617 4.60941 1.24851 
3.64617 1.45782 2.61392 
3.64617 3.43645 4.23793 
3.64617 3.7314 2.962 
3.64617 2.24582 1.41291 
3.64617 2.21574 3.60507 
3.64617 2.77719 1.94901 
3.64617 1.1941 4.37679 
4.55332 2.21574 4.92299 
4.55332 1.1941 4.84359 
4.55332 2.44044 4.84775 
4.55332 4.29204 3.54451 
4.69594 4.60941 2.89895 
4.69594 3.43645 1.53718 
4.69594 2.24582 4.60116 
4.69594 2.77719 4.82954 
4.69594 1.1941 3.90645 
4.69594 2.44044 2.7007 
4.60941 1.45782 3.50664 
4.60941 3.43645 3.51738 
4.60941 3.7314 3.91554 
4.60941 2.24582 2.49845 
4.60941 2.21574 4.33012 
4.60941 2.77719 3.10174 
4.60941 2.44044 4.27254 
1.45782 3.43645 4.75142 
1.45782 3.7314 3.80112 
1.45782 2.24582 1.44175 
1.45782 2.21574 1.32241 
1.45782 2.77719 2.52133 
1.45782 1.1941 2.56361 
1.45782 2.44044 3.8367 
1.45782 4.29204 3.92002 
3.43645 1.1941 2.48058 
3.43645 2.44044 1.19504 
3.7314 2.24582 2.621 
3.7314 2.77719 1.3556 
3.7314 1.1941 3.57752 
3.7314 2.44044 4.53791 
3.7314 4.29204 4.37884 
2.24582 2.21574 2.68329 
2.24582 2.77719 1.32367 
2.24582 1.1941 2.98415 
2.24582 2.44044 4.33575 
2.21574 2.77719 3.77301 
2.21574 1.1941 3.32179 
2.21574 2.44044 4.36041 
2.21574 4.29204 3.12324 
2.77719 1.1941 3.00553 
2.77719 2.44044 4.20612 
1.1941 2.44044 1.37122 
4.46584 4.98286 4.03662 
4.46584 4.45598 1.37889 
4.46584 3.20812 4.5096 
4.46584 4.4953 3.84965 
4.46584 3.83454 4.86547 
4.46584 2.27717 3.36713 
4.46584 4.15736 3.8327 
4.46584 4.94096 3.20078 
4.98286 4.45598 3.98834 
4.98286 4.42664 4.09353 
4.98286 4.4953 1.20487 
4.98286 3.83454 3.41115 
4.98286 3.86743 3.78177 
4.98286 3.94392 4.30045 
4.98286 4.15736 2.44438 
4.98286 4.94096 3.21548 
4.45598 4.42664 4.69148 
4.45598 3.20812 3.61371 
4.45598 4.4953 3.83299 
4.45598 3.83454 4.8026 
4.45598 2.27717 2.77073 
4.45598 2.70663 4.75075 
4.45598 3.86134 4.9399 
4.45598 4.15736 3.60871 
4.45598 4.94096 2.58944 
4.42664 3.20812 4.61129 
4.42664 2.27717 4.20101 
4.42664 2.70663 2.4413 
4.42664 3.46903 4.92197 
3.20812 2.27717 1.40623 
3.20812 2.70663 2.99085 
3.20812 3.46903 3.57827 
3.20812 3.86134 1.35111 
3.20812 4.66186 4.65632 
4.4953 3.83454 2.23201 
4.4953 3.86743 4.30776 
4.4953 3.94392 3.17838 
4.4953 4.64125 4.10626 
4.4953 4.15736 1.34975 
4.4953 4.94096 2.44493 
3.83454 3.94392 1.23321 
3.83454 4.64125 2.5261 
3.83454 4.15736 1.36473 
3.83454 4.94096 2.51368 
2.27717 2.70663 2.83443 
2.27717 3.46903 4.01724 
2.27717 3.86134 2.64424 
3.86743 2.70663 4.62603 
3.86743 3.46903 4.46327 
2.70663 3.46903 2.57912 
2.70663 3.86134 3.25847 
2.70663 4.66186 4.11388 
3.46903 3.86134 2.92412 
3.46903 4.66186 1.53718 
3.46903 4.64125 4.31409 
3.86134 4.66186 3.70818 
3.86134 4.64125 3.70462 
4.66186 3.94392 4.55693 
4.66186 4.64125 3.6462 
3.94392 4.64125 1.35107 
3.94392 4.15736 2.57664 
3.94392 4.94096 3.72338 
4.64125 4.15736 3.79439 
4.15736 4.94096 1.44889 
4.03662 1.37889 3.98834 
4.03662 4.81047 1.40435 
4.03662 3.84965 1.20487 
4.03662 2.48093 4.02052 
4.03662 4.86547 3.41115 
4.03662 1.3154 3.58874 
4.03662 2.30552 3.66766 
4.03662 3.65121 4.36114 
4.03662 4.86463 4.85759 
4.03662 3.8327 2.44438 
4.03662 3.20078 3.21548 
1.37889 4.5096 3.61371 
1.37889 4.81047 4.65266 
1.37889 3.84965 3.83299 
1.37889 2.48093 3.73283 
1.37889 4.86547 4.8026 
1.37889 3.36713 2.77073 
1.37889 1.3154 2.46793 
1.37889 2.30552 1.4533 
1.37889 3.65121 4.86596 
1.37889 3.8327 3.60871 
1.37889 4.69758 3.35105 
1.37889 3.20078 2.58944 
4.5096 3.36713 1.40623 
4.5096 2.30552 4.65513 
4.5096 4.75099 3.89126 
4.5096 3.65121 4.37998 
4.5096 4.86463 4.132 
4.5096 4.69758 2.65032 
4.81047 3.84965 2.59092 
4.81047 2.48093 4.90254 
4.81047 4.86547 4.73849 
4.81047 1.3154 4.55385 
4.81047 2.30552 4.59671 
4.81047 3.8327 3.74533 
4.81047 3.20078 4.31276 
3.84965 2.48093 3.81666 
3.84965 4.86547 2.23201 
3.84965 1.3154 3.27389 
3.84965 2.30552 3.16012 
3.84965 3.65121 4.25688 
3.84965 4.86463 4.95285 
3.84965 3.8327 1.34975 
3.84965 3.20078 2.44493 
2.48093 4.86547 4.85031 
2.48093 1.3154 1.32294 
2.48093 2.30552 4.13911 
2.48093 4.75099 3.92968 
2.48093 3.65121 1.20066 
2.48093 4.86463 2.51623 
2.48093 3.8327 4.24865 
2.48093 4.69758 4.02207 
2.48093 3.20078 4.44424 
4.86547 1.3154 4.25339 
4.86547 2.30552 3.61627 
4.86547 4.75099 3.78582 
4.86547 3.8327 1.36473 
4.86547 3.20078 2.51368 
3.36713 1.3154 4.57415 
3.36713 2.30552 4.07285 
3.36713 4.86463 4.99633 
3.36713 4.69758 3.31265 
1.3154 2.30552 2.84561 
1.3154 4.75099 4.59503 
1.3154 3.65121 2.48379 
1.3154 4.86463 3.75387 
1.3154 3.8327 3.43495 
1.3154 3.20078 3.30204 
2.30552 3.8327 2.50131 
2.30552 4.69758 3.50513 
2.30552 3.20078 1.22206 
4.75099 3.65121 4.01369 
4.75099 4.86463 4.38978 
3.65121 4.86463 1.3556 
3.65121 3.8327 4.89922 
3.65121 4.69758 3.37622 
4.86463 4.69758 3.5108 
3.8327 3.20078 1.44889 
4.69758 3.20078 4.26124 
4.83683 2.62833 2.45667 
4.83683 4.26063 2.38667 
4.83683 4.09353 3.71011 
4.83683 1.40435 3.71796 
4.83683 3.63461 1.44675 
4.83683 3.78177 3.01611 
4.83683 3.66766 4.92126 
4.83683 4.36702 4.14101 
4.83683 4.70285 4.52587 
2.62833 4.26063 2.66683 
2.62833 4.09353 3.27024 
2.62833 1.40435 1.41771 
2.62833 1.20487 3.68873 
2.62833 3.63461 1.42753 
2.62833 3.78177 2.40919 
2.62833 2.44438 4.73742 
4.26063 4.09353 1.36928 
4.26063 1.40435 3.12445 
4.26063 3.63461 1.4802 
4.26063 3.78177 4.52165 
4.26063 4.85759 4.28681 
4.26063 4.36702 4.13154 
3.98834 4.09353 4.69148 
3.98834 1.40435 4.65266 
3.98834 1.20487 3.83299 
3.98834 4.02052 3.73283 
3.98834 3.41115 4.8026 
3.98834 3.58874 2.46793 
3.98834 3.66766 1.4533 
3.98834 4.36114 4.86596 
3.98834 2.44438 3.60871 
3.98834 3.21548 2.58944 
4.09353 1.40435 3.1355 
4.09353 3.63461 2.54475 
4.09353 4.85759 4.22805 
4.09353 4.36702 4.89193 
1.40435 1.20487 2.59092 
1.40435 4.02052 4.90254 
1.40435 3.63461 2.42481 
1.40435 3.41115 4.73849 
1.40435 3.78177 3.32364 
1.40435 3.58874 4.55385 
1.40435 3.66766 4.59671 
1.40435 4.36702 4.9719 
1.40435 2.44438 3.74533 
1.40435 3.21548 4.31276 
1.20487 4.02052 3.81666 
1.20487 3.63461 4.6506 
1.20487 3.41115 2.23201 
1.20487 3.78177 4.30776 
1.20487 3.58874 3.27389 
1.20487 3.66766 3.16012 
1.20487 4.36114 4.25688 
1.20487 4.30045 3.17838 
1.20487 4.85759 4.95285 
1.20487 4.36702 4.34643 
1.20487 2.44438 1.34975 
1.20487 4.70285 4.43878 
1.20487 3.21548 2.44493 
4.02052 3.41115 4.85031 
4.02052 3.58874 1.32294 
4.02052 3.66766 4.13911 
4.02052 4.36114 1.20066 
4.02052 4.85759 2.51623 
4.02052 4.36702 4.40511 
4.02052 2.44438 4.24865 
4.02052 3.21548 4.44424 
3.63461 3.78177 3.08608 
3.63461 4.36702 4.46372 
3.63461 4.70285 4.98348 
3.41115 3.58874 4.25339 
3.41115 3.66766 3.61627 
3.41115 4.30045 1.23321 
3.41115 2.44438 1.36473 
3.41115 4.70285 4.79813 
3.41115 3.21548 2.51368 
3.58874 3.66766 2.84561 
3.58874 4.36114 2.48379 
3.58874 4.85759 3.75387 
3.58874 2.44438 3.43495 
3.58874 3.21548 3.30204 
3.66766 4.30045 4.80329 
3.66766 2.44438 2.50131 
3.66766 3.21548 1.22206 
4.36114 4.85759 1.3556 
4.36114 4.36702 3.57752 
4.36114 2.44438 4.89922 
4.36114 4.70285 4.53791 
4.30045 2.44438 2.57664 
4.30045 4.70285 4.4296 
4.30045 3.21548 3.72338 
4.85759 4.36702 3.00553 
4.85759 4.70285 4.20612 
4.36702 4.70285 1.37122 
2.44438 3.21548 1.44889 
3.0931 2.38667 4.96467 
3.0931 1.44063 2.57849 
3.0931 1.43052 2.392 
3.0931 2.51112 1.49705 
3.0931 1.44675 4.50581 
3.0931 4.24049 1.39045 
3.0931 3.44564 4.70028 
3.0931 2.40153 3.64249 
3.0931 2.36019 4.03197 
3.0931 4.37494 3.58436 
3.0931 4.14101 4.79314 
3.0931 4.52587 4.98607 
3.0931 3.40321 2.56739 
2.45667 2.38667 2.66683 
2.45667 1.44063 3.68452 
2.45667 1.43052 3.3121 
2.45667 3.71011 3.27024 
2.45667 3.71796 1.41771 
2.45667 2.51112 4.89043 
2.45667 1.44675 1.42753 
2.45667 3.01611 2.40919 
2.45667 4.65011 3.97748 
2.45667 3.44564 4.74608 
2.45667 2.40153 3.14338 
2.45667 2.36019 3.75538 
2.38667 1.44063 2.41932 
2.38667 1.43052 3.79263 
2.38667 3.71011 1.36928 
2.38667 3.71796 3.12445 
2.38667 2.51112 3.81277 
2.38667 1.44675 1.4802 
2.38667 3.01611 4.52165 
2.38667 3.44564 2.35681 
2.38667 2.40153 4.57383 
2.38667 4.85574 3.41353 
2.38667 2.36019 1.45856 
2.38667 4.37494 4.90955 
2.38667 4.14101 4.13154 
2.38667 3.40321 4.14142 
1.44063 1.43052 2.25507 
1.44063 3.71011 3.75344 
1.44063 3.71796 4.77557 
1.44063 2.51112 1.5067 
1.44063 1.44675 2.35994 
1.44063 3.01611 4.39873 
1.44063 4.24049 3.60633 
1.44063 3.44564 2.49572 
1.44063 2.40153 3.59295 
1.44063 4.71344 4.73396 
1.44063 4.85574 3.9306 
1.44063 2.36019 1.52433 
1.44063 4.37494 3.51266 
1.44063 4.14101 3.51875 
1.44063 4.52587 4.20703 
1.44063 3.40321 2.36348 
1.43052 3.71796 4.70162 
1.43052 2.51112 2.48493 
1.43052 1.44675 2.73952 
1.43052 3.01611 2.95874 
1.43052 4.24049 3.58119 
1.43052 4.92126 4.60776 
1.43052 4.65011 4.02369 
1.43052 3.44564 4.63027 
1.43052 2.40153 1.45032 
1.43052 2.36019 3.59365 
1.43052 4.37494 4.39107 
1.43052 4.14101 4.95126 
1.43052 3.40321 3.49563 
3.71011 3.71796 3.1355 
3.71011 1.44675 2.54475 
3.71011 4.98147 4.92197 
3.71011 3.44564 2.98626 
3.71011 4.85574 3.53095 
3.71011 2.36019 2.53517 
3.71011 4.14101 4.89193 
3.71796 1.44675 2.42481 
3.71796 3.01611 3.32364 
3.71796 4.92126 4.59671 
3.71796 4.65011 4.8669 
3.71796 2.40153 4.49959 
3.71796 2.36019 4.46121 
3.71796 4.14101 4.9719 
2.51112 1.44675 3.6962 
2.51112 4.24049 2.58962 
2.51112 3.44564 3.5546 
2.51112 2.40153 3.90103 
2.51112 4.85574 4.87696 
2.51112 2.36019 2.77421 
2.51112 4.37494 2.57945 
2.51112 4.14101 4.37619 
2.51112 4.52587 4.95862 
2.51112 3.40321 1.35052 
1.44675 3.01611 3.08608 
1.44675 4.65011 4.86353 
1.44675 3.44564 3.3948 
1.44675 2.40153 3.22357 
1.44675 4.85574 4.62647 
1.44675 2.36019 2.34196 
1.44675 4.14101 4.46372 
1.44675 4.52587 4.98348 
1.44675 3.40321 4.31038 
3.01611 4.65011 2.49786 
3.01611 4.98147 4.46327 
3.01611 2.40153 2.14045 
4.24049 4.65011 4.06711 
4.24049 2.40153 4.7297 
4.24049 2.36019 4.92299 
4.24049 4.37494 4.536 
4.24049 4.14101 4.84359 
4.24049 4.52587 4.84775 
4.24049 3.40321 3.54451 
4.92126 2.40153 4.59535 
4.92126 4.37494 4.14505 
4.92126 3.40321 4.62287 
4.65011 2.40153 2.58521 
4.98147 4.71344 1.53718 
4.98147 4.85574 4.60116 
4.98147 4.14101 3.90645 
4.98147 4.52587 2.7007 
3.44564 4.71344 4.75142 
3.44564 4.85574 1.44175 
3.44564 2.36019 1.32241 
3.44564 4.37494 4.90863 
3.44564 4.14101 2.56361 
3.44564 4.52587 3.8367 
3.44564 3.40321 3.92002 
2.40153 2.36019 4.74875 
2.40153 3.40321 4.78945 
4.71344 4.14101 2.48058 
4.71344 4.52587 1.19504 
4.85574 2.36019 2.68329 
4.85574 4.14101 2.98415 
4.85574 4.52587 4.33575 
2.36019 4.37494 4.0743 
2.36019 4.14101 3.32179 
2.36019 4.52587 4.36041 
2.36019 3.40321 3.12324 
4.37494 3.40321 1.28439 
4.14101 4.52587 1.37122 
4.96467 2.57849 2.41932 
4.96467 2.392 3.79263 
4.96467 1.49705 3.81277 
4.96467 4.50581 1.4802 
4.96467 4.70028 2.35681 
4.96467 3.64249 4.57383 
4.96467 4.03197 1.45856 
4.96467 3.58436 4.90955 
4.96467 4.79314 4.13154 
4.96467 2.56739 4.14142 
2.57849 2.392 2.25507 
2.57849 1.49705 1.5067 
2.57849 4.50581 2.35994 
2.57849 1.39045 3.60633 
2.57849 4.70028 2.49572 
2.57849 3.64249 3.59295 
2.57849 4.03197 1.52433 
2.57849 3.58436 3.51266 
2.57849 4.79314 3.51875 
2.57849 4.62449 4.52321 
2.57849 4.98607 4.20703 
2.57849 2.56739 2.36348 
2.392 1.49705 2.48493 
2.392 4.50581 2.73952 
2.392 1.39045 3.58119 
2.392 4.70028 4.63027 
2.392 3.64249 1.45032 
2.392 4.03197 3.59365 
2.392 3.58436 4.39107 
2.392 4.79314 4.95126 
2.392 2.56739 3.49563 
1.49705 4.50581 3.6962 
1.49705 1.39045 2.58962 
1.49705 4.70028 3.5546 
1.49705 3.64249 3.90103 
1.49705 4.03197 2.77421 
1.49705 3.58436 2.57945 
1.49705 4.79314 4.37619 
1.49705 4.62449 3.72246 
1.49705 4.98607 4.95862 
1.49705 2.56739 1.35052 
4.50581 4.70028 3.3948 
4.50581 3.64249 3.22357 
4.50581 4.03197 2.34196 
4.50581 4.79314 4.46372 
4.50581 4.98607 4.98348 
4.50581 2.56739 4.31038 
3.83948 1.39045 2.53493 
3.83948 4.45756 1.41934 
3.83948 4.70837 1.47843 
3.83948 4.89937 4.35078 
3.83948 4.87826 3.97832 
3.83948 4.99449 3.90358 
3.83948 4.58845 3.76088 
1.39045 4.45756 3.07181 
1.39045 4.70837 3.58148 
1.39045 4.89937 4.44138 
1.39045 4.87826 4.19672 
1.39045 3.64249 4.7297 
1.39045 4.99449 4.04053 
1.39045 4.03197 4.92299 
1.39045 3.58436 4.536 
1.39045 4.79314 4.84359 
1.39045 4.58845 3.78659 
1.39045 4.98607 4.84775 
1.39045 2.56739 3.54451 
4.45756 4.70837 2.42497 
4.45756 4.87826 4.47803 
4.45756 3.64249 3.75318 
4.45756 4.99449 3.52431 
4.45756 4.58845 3.88547 
4.70837 4.98607 4.91018 
4.89937 4.87826 1.23195 
4.89937 4.99449 3.77388 
4.89937 3.58436 4.51236 
4.89937 4.58845 2.43972 
4.89937 4.62449 3.99459 
4.89937 4.98607 4.33594 
4.87826 4.99449 2.58764 
4.87826 4.58845 1.28456 
4.87826 4.98607 4.02715 
4.70028 4.03197 1.32241 
4.70028 3.58436 4.90863 
4.70028 4.79314 2.56361 
4.70028 4.98607 3.8367 
4.70028 2.56739 3.92002 
3.64249 4.03197 4.74875 
3.64249 2.56739 4.78945 
4.99449 4.58845 1.35107 
4.99449 4.98607 4.4296 
4.03197 3.58436 4.0743 
4.03197 4.79314 3.32179 
4.03197 4.62449 4.99046 
4.03197 4.98607 4.36041 
4.03197 2.56739 3.12324 
3.58436 4.62449 1.2876 
3.58436 2.56739 1.28439 
4.79314 4.58845 4.83262 
4.79314 4.98607 1.37122 
4.58845 4.98607 3.84302 
4.62449 2.56739 2.51295 
2.66683 3.68452 2.41932 
2.66683 3.3121 3.79263 
2.66683 3.27024 1.36928 
2.66683 1.41771 3.12445 
2.66683 4.89043 3.81277 
2.66683 1.42753 1.4802 
2.66683 2.40919 4.52165 
2.66683 4.74608 2.35681 
2.66683 3.14338 4.57383 
2.66683 3.75538 1.45856 
3.68452 3.3121 2.25507 
3.68452 3.27024 3.75344 
3.68452 1.41771 4.77557 
3.68452 4.89043 1.5067 
3.68452 1.42753 2.35994 
3.68452 2.40919 4.39873 
3.68452 4.74608 2.49572 
3.68452 3.14338 3.59295 
3.68452 3.75538 1.52433 
3.3121 1.41771 4.70162 
3.3121 4.89043 2.48493 
3.3121 1.42753 2.73952 
3.3121 2.40919 2.95874 
3.3121 3.97748 4.02369 
3.3121 4.74608 4.63027 
3.3121 3.14338 1.45032 
3.3121 3.75538 3.59365 
3.27024 1.41771 3.1355 
3.27024 1.42753 2.54475 
3.27024 4.74608 2.98626 
3.27024 3.75538 2.53517 
1.41771 3.68873 2.59092 
1.41771 1.42753 2.42481 
1.41771 2.40919 3.32364 
1.41771 3.97748 4.8669 
1.41771 3.14338 4.49959 
1.41771 3.75538 4.46121 
1.41771 4.73742 3.74533 
3.68873 1.42753 4.6506 
3.68873 2.40919 4.30776 
3.68873 4.73742 1.34975 
4.89043 1.42753 3.6962 
4.89043 4.74608 3.5546 
4.89043 3.14338 3.90103 
4.89043 3.75538 2.77421 
1.42753 2.40919 3.08608 
1.42753 3.97748 4.86353 
1.42753 4.74608 3.3948 
1.42753 3.14338 3.22357 
1.42753 3.75538 2.34196 
2.40919 4.94384 3.66951 
2.40919 3.97748 2.49786 
2.40919 3.14338 2.14045 
4.94384 3.97748 1.25612 
4.94384 3.14338 3.75318 
3.97748 3.14338 2.58521 
4.74608 3.75538 1.32241 
3.14338 3.75538 4.74875 
3.14338 4.73742 4.85693 
2.41932 3.79263 2.25507 
2.41932 1.36928 3.75344 
2.41932 3.12445 4.77557 
2.41932 3.81277 1.5067 
2.41932 1.4802 2.35994 
2.41932 4.52165 4.39873 
2.41932 4.11111 4.99462 
2.41932 2.35681 2.49572 
2.41932 4.57383 3.59295 
2.41932 3.41353 3.9306 
2.41932 1.45856 1.52433 
2.41932 4.28681 4.9393 
2.41932 4.90955 3.51266 
2.41932 4.13154 3.51875 
2.41932 4.14142 2.36348 
3.79263 3.12445 4.70162 
3.79263 3.81277 2.48493 
3.79263 1.4802 2.73952 
3.79263 4.52165 2.95874 
3.79263 2.35681 4.63027 
3.79263 4.57383 1.45032 
3.79263 1.45856 3.59365 
3.79263 4.90955 4.39107 
3.79263 4.13154 4.95126 
3.79263 4.14142 3.49563 
1.36928 3.12445 3.1355 
1.36928 1.4802 2.54475 
1.36928 4.11111 3.82585 
1.36928 3.60788 2.4413 
1.36928 4.90339 4.58641 
1.36928 2.35681 2.98626 
1.36928 3.41353 3.53095 
1.36928 1.45856 2.53517 
1.36928 4.28681 4.22805 
1.36928 4.13154 4.89193 
3.12445 1.4802 2.42481 
3.12445 4.52165 3.32364 
3.12445 4.57383 4.49959 
3.12445 1.45856 4.46121 
3.12445 4.13154 4.9719 
3.81277 1.4802 3.6962 
3.81277 2.35681 3.5546 
3.81277 4.57383 3.90103 
3.81277 3.41353 4.87696 
3.81277 1.45856 2.77421 
3.81277 4.90955 2.57945 
3.81277 4.13154 4.37619 
3.81277 4.14142 1.35052 
1.4802 4.52165 3.08608 
1.4802 3.60788 4.96013 
1.4802 2.35681 3.3948 
1.4802 4.57383 3.22357 
1.4802 3.41353 4.62647 
1.4802 1.45856 2.34196 
1.4802 4.13154 4.46372 
1.4802 4.14142 4.31038 
4.52165 3.60788 4.62603 
4.52165 4.57383 2.14045 
4.11111 3.60788 2.93735 
4.11111 4.90339 1.24851 
4.11111 2.35681 2.61392 
4.11111 3.41353 1.41291 
4.11111 1.45856 3.60507 
4.11111 4.28681 1.94901 
4.11111 4.13154 4.37679 
3.60788 4.90339 3.36741 
3.60788 2.35681 3.95845 
3.60788 3.41353 3.56989 
3.60788 1.45856 4.16542 
3.60788 4.28681 3.98119 
4.90339 2.35681 3.50664 
4.90339 3.41353 2.49845 
4.90339 1.45856 4.33012 
4.90339 4.28681 3.10174 
2.35681 3.41353 1.44175 
2.35681 1.45856 1.32241 
2.35681 4.28681 2.52133 
2.35681 4.90955 4.90863 
2.35681 4.13154 2.56361 
2.35681 4.14142 3.92002 
4.57383 1.45856 4.74875 
4.57383 4.14142 4.78945 
3.41353 1.45856 2.68329 
3.41353 4.28681 1.32367 
3.41353 4.13154 2.98415 
1.45856 4.28681 3.77301 
1.45856 4.90955 4.0743 
1.45856 4.13154 3.32179 
1.45856 4.14142 3.12324 
4.28681 4.90955 4.02768 
4.28681 4.13154 3.00553 
4.90955 4.14142 1.28439 
4.69148 3.61371 4.61129 
4.69148 4.65266 3.1355 
4.69148 2.77073 4.20101 
4.69148 4.75075 2.4413 
3.61371 2.77073 1.40623 
3.61371 4.75075 2.99085 
3.61371 1.4533 4.65513 
3.61371 4.9399 1.35111 
3.61371 4.86596 4.37998 
3.61371 4.29213 3.70604 
3.61371 3.35105 2.65032 
4.65266 3.83299 2.59092 
4.65266 3.73283 4.90254 
4.65266 4.8026 4.73849 
4.65266 2.46793 4.55385 
4.65266 1.4533 4.59671 
4.65266 3.60871 3.74533 
4.65266 2.58944 4.31276 
3.83299 3.73283 3.81666 
3.83299 4.8026 2.23201 
3.83299 2.46793 3.27389 
3.83299 1.4533 3.16012 
3.83299 4.86596 4.25688 
3.83299 3.60871 1.34975 
3.83299 2.58944 2.44493 
3.73283 4.8026 4.85031 
3.73283 2.46793 1.32294 
3.73283 1.4533 4.13911 
3.73283 4.9399 4.43616 
3.73283 4.86596 1.20066 
3.73283 4.29213 3.78481 
3.73283 3.60871 4.24865 
3.73283 3.35105 4.02207 
3.73283 2.58944 4.44424 
4.8026 2.46793 4.25339 
4.8026 1.4533 3.61627 
4.8026 3.60871 1.36473 
4.8026 2.58944 2.51368 
2.77073 4.75075 2.83443 
2.77073 2.46793 4.57415 
2.77073 1.4533 4.07285 
2.77073 4.9399 2.64424 
2.77073 4.29213 4.49235 
2.77073 3.35105 3.31265 
4.75075 4.9399 3.25847 
4.75075 3.35105 4.58331 
2.46793 1.4533 2.84561 
2.46793 4.86596 2.48379 
2.46793 4.29213 4.63544 
2.46793 3.60871 3.43495 
2.46793 2.58944 3.30204 
1.4533 4.29213 4.14505 
1.4533 3.60871 2.50131 
1.4533 3.35105 3.50513 
1.4533 2.58944 1.22206 
4.9399 4.86596 3.92332 
4.9399 4.29213 4.0932 
4.9399 3.35105 3.27576 
4.86596 4.29213 3.47519 
4.86596 3.60871 4.89922 
4.86596 3.35105 3.37622 
4.29213 3.35105 1.2876 
4.29213 2.58944 4.74701 
3.60871 2.58944 1.44889 
3.35105 2.58944 4.26124 
2.25507 4.77557 4.70162 
2.25507 1.5067 2.48493 
2.25507 2.35994 2.73952 
2.25507 4.39873 2.95874 
2.25507 3.60633 3.58119 
2.25507 2.49572 4.63027 
2.25507 3.59295 1.45032 
2.25507 1.52433 3.59365 
2.25507 3.51266 4.39107 
2.25507 3.51875 4.95126 
2.25507 2.36348 3.49563 
3.75344 4.77557 3.1355 
3.75344 2.35994 2.54475 
3.75344 4.99462 3.82585 
3.75344 2.49572 2.98626 
3.75344 3.9306 3.53095 
3.75344 1.52433 2.53517 
3.75344 4.9393 4.22805 
3.75344 3.51875 4.89193 
4.77557 2.35994 2.42481 
4.77557 4.39873 3.32364 
4.77557 3.59295 4.49959 
4.77557 1.52433 4.46121 
4.77557 3.51875 4.9719 
1.5067 2.35994 3.6962 
1.5067 3.60633 2.58962 
1.5067 2.49572 3.5546 
1.5067 3.59295 3.90103 
1.5067 3.9306 4.87696 
1.5067 1.52433 2.77421 
1.5067 3.51266 2.57945 
1.5067 3.51875 4.37619 
1.5067 4.52321 3.72246 
1.5067 4.20703 4.95862 
1.5067 2.36348 1.35052 
2.35994 4.39873 3.08608 
2.35994 2.49572 3.3948 
2.35994 3.59295 3.22357 
2.35994 3.9306 4.62647 
2.35994 1.52433 2.34196 
2.35994 3.51875 4.46372 
2.35994 4.20703 4.98348 
2.35994 2.36348 4.31038 
4.39873 3.59295 2.14045 
4.99462 2.49572 2.61392 
4.99462 4.73396 4.23793 
4.99462 3.9306 1.41291 
4.99462 1.52433 3.60507 
4.99462 4.9393 1.94901 
4.99462 3.51875 4.37679 
4.99462 4.52321 4.67312 
3.60633 3.59295 4.7297 
3.60633 1.52433 4.92299 
3.60633 3.51266 4.536 
3.60633 3.51875 4.84359 
3.60633 4.20703 4.84775 
3.60633 2.36348 3.54451 
2.49572 4.73396 4.75142 
2.49572 3.9306 1.44175 
2.49572 1.52433 1.32241 
2.49572 4.9393 2.52133 
2.49572 3.51266 4.90863 
2.49572 3.51875 2.56361 
2.49572 4.20703 3.8367 
2.49572 2.36348 3.92002 
3.59295 1.52433 4.74875 
3.59295 2.36348 4.78945 
4.73396 3.51875 2.48058 
4.73396 4.20703 1.19504 
3.9306 1.52433 2.68329 
3.9306 4.9393 1.32367 
3.9306 3.51875 2.98415 
3.9306 4.52321 4.48538 
3.9306 4.20703 4.33575 
1.52433 4.9393 3.77301 
1.52433 3.51266 4.0743 
1.52433 3.51875 3.32179 
1.52433 4.52321 4.99046 
1.52433 4.20703 4.36041 
1.52433 2.36348 3.12324 
4.9393 3.51266 4.02768 
4.9393 3.51875 3.00553 
4.9393 4.52321 3.5108 
4.9393 4.20703 4.20612 
3.51266 4.52321 1.2876 
3.51266 2.36348 1.28439 
3.51875 4.20703 1.37122 
4.52321 2.36348 2.51295 
4.70162 2.73952 2.42481 
4.70162 2.95874 3.32364 
4.70162 4.60776 4.59671 
4.70162 4.02369 4.8669 
4.70162 1.45032 4.49959 
4.70162 3.59365 4.46121 
4.70162 4.95126 4.9719 
4.70162 4.42377 4.31276 
2.48493 2.73952 3.6962 
2.48493 3.58119 2.58962 
2.48493 4.63027 3.5546 
2.48493 1.45032 3.90103 
2.48493 3.59365 2.77421 
2.48493 4.39107 2.57945 
2.48493 4.95126 4.37619 
2.48493 3.49563 1.35052 
2.73952 2.95874 3.08608 
2.73952 4.02369 4.86353 
2.73952 4.63027 3.3948 
2.73952 1.45032 3.22357 
2.73952 3.59365 2.34196 
2.73952 4.95126 4.46372 
2.73952 3.49563 4.31038 
2.95874 4.02369 2.49786 
2.95874 1.45032 2.14045 
3.58119 4.02369 4.06711 
3.58119 1.45032 4.7297 
3.58119 3.59365 4.92299 
3.58119 4.39107 4.536 
3.58119 4.95126 4.84359 
3.58119 3.49563 3.54451 
4.60776 1.45032 4.59535 
4.60776 4.39107 4.14505 
4.60776 3.49563 4.62287 
4.60776 4.42377 1.22206 
4.02369 1.45032 2.58521 
4.02369 4.42377 4.94416 
4.63027 3.59365 1.32241 
4.63027 4.39107 4.90863 
4.63027 4.95126 2.56361 
4.63027 3.49563 3.92002 
1.45032 3.59365 4.74875 
1.45032 3.49563 4.78945 
1.45032 4.42377 4.14741 
3.59365 4.39107 4.0743 
3.59365 4.95126 3.32179 
3.59365 3.49563 3.12324 
4.39107 3.49563 1.28439 
4.39107 4.42377 4.74701 
4.61129 4.20101 1.40623 
4.61129 3.82585 4.10512 
4.61129 2.4413 2.99085 
4.61129 4.92197 3.57827 
4.61129 4.58641 4.77469 
4.61129 3.53095 4.66855 
4.61129 4.22805 4.132 
3.1355 2.54475 2.42481 
3.1355 2.53517 4.46121 
3.1355 4.89193 4.9719 
2.54475 2.4413 4.96013 
2.54475 2.98626 3.3948 
2.54475 3.53095 4.62647 
2.54475 2.53517 2.34196 
2.54475 4.89193 4.46372 
4.20101 3.82585 4.84168 
4.20101 2.4413 2.83443 
4.20101 4.92197 4.01724 
4.20101 4.22805 4.99633 
3.82585 2.4413 2.93735 
3.82585 4.92197 3.29689 
3.82585 4.58641 1.24851 
3.82585 2.98626 2.61392 
3.82585 3.53095 1.41291 
3.82585 2.53517 3.60507 
3.82585 4.22805 1.94901 
3.82585 4.89193 4.37679 
2.4413 4.92197 2.57912 
2.4413 4.58641 3.36741 
2.4413 2.98626 3.95845 
2.4413 3.53095 3.56989 
2.4413 2.53517 4.16542 
2.4413 4.22805 3.98119 
4.92197 4.58641 2.89895 
4.92197 3.53095 4.60116 
4.92197 4.22805 4.82954 
4.92197 4.89193 3.90645 
4.58641 2.98626 3.50664 
4.58641 3.53095 2.49845 
4.58641 2.53517 4.33012 
4.58641 4.22805 3.10174 
2.98626 3.53095 1.44175 
2.98626 2.53517 1.32241 
2.98626 4.22805 2.52133 
2.98626 4.89193 2.56361 
3.53095 2.53517 2.68329 
3.53095 4.22805 1.32367 
3.53095 4.89193 2.98415 
2.53517 4.22805 3.77301 
2.53517 4.89193 3.32179 
4.22805 4.89193 3.00553 
1.40623 4.10512 4.84168 
1.40623 2.99085 2.83443 
1.40623 2.6614 3.98354 
1.40623 4.65513 4.07285 
1.40623 3.57827 4.01724 
1.40623 1.35111 2.64424 
1.40623 4.132 4.99633 
1.40623 3.70604 4.49235 
1.40623 2.65032 3.31265 
4.10512 2.99085 2.93735 
4.10512 2.6614 3.57464 
4.10512 3.57827 3.29689 
4.10512 4.77469 1.24851 
4.10512 1.35111 3.57442 
4.10512 3.89126 3.98943 
4.10512 4.65632 4.23793 
4.10512 4.37998 2.962 
4.10512 4.66855 1.41291 
4.10512 4.132 1.94901 
4.10512 2.65032 4.67312 
2.99085 2.6614 4.16026 
2.99085 3.57827 2.57912 
2.99085 4.77469 3.36741 
2.99085 1.35111 3.25847 
2.99085 4.65632 4.11388 
2.99085 4.66855 3.56989 
2.99085 4.132 3.98119 
2.99085 2.65032 4.58331 
2.6614 3.57827 3.17292 
2.6614 4.77469 3.8056 
2.6614 1.35111 1.33933 
2.6614 3.89126 1.23195 
2.6614 4.65632 3.46724 
2.6614 4.37998 3.66016 
2.6614 4.66855 4.53849 
2.6614 4.132 3.86624 
2.6614 3.70604 4.51236 
2.6614 2.65032 3.99459 
4.65513 3.70604 4.14505 
4.65513 2.65032 3.50513 
4.65513 4.8776 4.62287 
3.57827 4.77469 2.89895 
3.57827 1.35111 2.92412 
3.57827 3.89126 3.64287 
3.57827 4.65632 1.53718 
3.57827 4.66855 4.60116 
3.57827 4.132 4.82954 
4.77469 1.35111 4.02664 
4.77469 3.89126 3.93939 
4.77469 4.65632 3.51738 
4.77469 4.37998 3.91554 
4.77469 4.66855 2.49845 
4.77469 4.132 3.10174 
1.35111 3.89126 2.55719 
1.35111 4.65632 3.70818 
1.35111 4.37998 3.92332 
1.35111 4.66855 4.41779 
1.35111 4.132 3.83791 
1.35111 3.70604 4.0932 
1.35111 2.65032 3.27576 
3.89126 4.65632 3.44855 
3.89126 4.37998 4.01369 
3.89126 4.132 4.38978 
4.37998 4.66855 2.621 
4.37998 4.132 1.3556 
4.37998 3.70604 3.47519 
4.37998 2.65032 3.37622 
4.37998 4.8776 4.37884 
4.66855 4.132 1.32367 
4.66855 2.65032 4.48538 
4.132 3.70604 4.02768 
4.132 2.65032 3.5108 
3.70604 2.65032 1.2876 
3.70604 4.8776 1.28439 
2.65032 4.8776 2.51295 
2.59092 4.90254 3.81666 
2.59092 2.42481 4.6506 
2.59092 4.73849 2.23201 
2.59092 3.32364 4.30776 
2.59092 4.55385 3.27389 
2.59092 4.59671 3.16012 
2.59092 4.9719 4.34643 
2.59092 3.74533 1.34975 
2.59092 4.31276 2.44493 
4.90254 4.73849 4.85031 
4.90254 4.55385 1.32294 
4.90254 4.59671 4.13911 
4.90254 4.9719 4.40511 
4.90254 3.74533 4.24865 
4.90254 4.31276 4.44424 
2.42481 3.32364 3.08608 
2.42481 4.8669 4.86353 
2.42481 4.49959 3.22357 
2.42481 4.46121 2.34196 
2.42481 4.9719 4.46372 
4.73849 4.55385 4.25339 
4.73849 4.59671 3.61627 
4.73849 4.8669 4.22082 
4.73849 4.49959 4.69939 
4.73849 3.74533 1.36473 
4.73849 4.31276 2.51368 
3.32364 4.8669 2.49786 
3.32364 4.49959 2.14045 
4.55385 4.59671 2.84561 
4.55385 3.74533 3.43495 
4.55385 4.31276 3.30204 
4.59671 4.49959 4.59535 
4.59671 3.74533 2.50131 
4.59671 4.31276 1.22206 
4.8669 4.49959 2.58521 
4.8669 4.31276 4.94416 
4.49959 4.46121 4.74875 
4.49959 3.74533 4.85693 
4.49959 4.31276 4.14741 
4.46121 4.9719 3.32179 
3.74533 4.31276 1.44889 
3.81666 2.23201 4.85031 
3.81666 3.27389 1.32294 
3.81666 3.16012 4.13911 
3.81666 4.25688 1.20066 
3.81666 4.95285 2.51623 
3.81666 4.34643 4.40511 
3.81666 4.10626 4.83054 
3.81666 1.34975 4.24865 
3.81666 2.44493 4.44424 
4.6506 4.30776 3.08608 
4.6506 4.34643 4.46372 
4.6506 4.43878 4.98348 
2.23201 3.27389 4.25339 
2.23201 3.16012 3.61627 
2.23201 3.17838 1.23321 
2.23201 4.10626 2.5261 
2.23201 1.34975 1.36473 
2.23201 4.43878 4.79813 
2.23201 2.44493 2.51368 
3.27389 3.16012 2.84561 
3.27389 4.25688 2.48379 
3.27389 4.95285 3.75387 
3.27389 1.34975 3.43495 
3.27389 2.44493 3.30204 
3.16012 3.17838 4.80329 
3.16012 1.34975 2.50131 
3.16012 2.44493 1.22206 
4.25688 4.95285 1.3556 
4.25688 4.34643 3.57752 
4.25688 1.34975 4.89922 
4.25688 4.43878 4.53791 
3.17838 4.10626 1.35107 
3.17838 1.34975 2.57664 
3.17838 4.43878 4.4296 
3.17838 2.44493 3.72338 
4.95285 4.34643 3.00553 
4.95285 4.43878 4.20612 
4.34643 4.10626 4.83262 
4.34643 4.43878 1.37122 
4.10626 1.34975 3.79439 
4.10626 4.43878 3.84302 
1.34975 2.44493 1.44889 
3.6962 3.5546 3.3948 
3.6962 3.90103 3.22357 
3.6962 4.87696 4.62647 
3.6962 2.77421 2.34196 
3.6962 4.37619 4.46372 
3.6962 4.95862 4.98348 
3.6962 1.35052 4.31038 
2.58962 3.90103 4.7297 
2.58962 2.77421 4.92299 
2.58962 2.57945 4.536 
2.58962 4.37619 4.84359 
2.58962 4.95862 4.84775 
2.58962 1.35052 3.54451 
3.5546 4.87696 1.44175 
3.5546 2.77421 1.32241 
3.5546 2.57945 4.90863 
3.5546 4.37619 2.56361 
3.5546 4.95862 3.8367 
3.5546 1.35052 3.92002 
3.90103 2.77421 4.74875 
3.90103 1.35052 4.78945 
4.87696 2.77421 2.68329 
4.87696 4.37619 2.98415 
4.87696 3.72246 4.48538 
4.87696 4.95862 4.33575 
2.77421 2.57945 4.0743 
2.77421 4.37619 3.32179 
2.77421 3.72246 4.99046 
2.77421 4.95862 4.36041 
2.77421 1.35052 3.12324 
2.57945 3.72246 1.2876 
2.57945 1.35052 1.28439 
4.37619 4.95862 1.37122 
3.72246 1.35052 2.51295 
4.85031 3.86778 4.96579 
4.85031 1.32294 4.25339 
4.85031 4.13911 3.61627 
4.85031 3.92968 3.78582 
4.85031 4.83054 2.5261 
4.85031 4.24865 1.36473 
4.85031 4.44424 2.51368 
3.87327 3.86778 3.57464 
3.87327 4.61446 1.24851 
3.87327 4.43616 3.57442 
3.87327 3.92968 3.98943 
3.87327 4.8989 2.61392 
3.87327 1.20066 2.962 
3.87327 3.69513 1.41291 
3.87327 2.51623 1.94901 
3.87327 4.40511 4.37679 
3.87327 4.02207 4.67312 
3.86778 1.32294 4.79718 
3.86778 4.61446 3.8056 
3.86778 4.43616 1.33933 
3.86778 3.92968 1.23195 
3.86778 1.20066 3.66016 
3.86778 3.69513 4.53849 
3.86778 2.51623 3.86624 
3.86778 3.78481 4.51236 
3.86778 4.83054 2.43972 
3.86778 4.02207 3.99459 
1.32294 4.13911 2.84561 
1.32294 3.92968 4.59503 
1.32294 1.20066 2.48379 
1.32294 3.69513 4.84006 
1.32294 2.51623 3.75387 
1.32294 3.78481 4.63544 
1.32294 4.24865 3.43495 
1.32294 4.44424 3.30204 
4.13911 3.78481 4.14505 
4.13911 4.24865 2.50131 
4.13911 4.02207 3.50513 
4.13911 4.44271 4.62287 
4.13911 4.44424 1.22206 
4.61446 4.43616 4.02664 
4.61446 3.92968 3.93939 
4.61446 4.8989 3.50664 
4.61446 1.20066 3.91554 
4.61446 3.69513 2.49845 
4.61446 2.51623 3.10174 
4.61446 4.83054 4.71655 
4.43616 3.92968 2.55719 
4.43616 1.20066 3.92332 
4.43616 3.69513 4.41779 
4.43616 2.51623 3.83791 
4.43616 3.78481 4.0932 
4.43616 4.83054 3.70462 
4.43616 4.02207 3.27576 
3.92968 1.20066 4.01369 
3.92968 2.51623 4.38978 
3.92968 4.83054 1.28456 
4.8989 1.20066 3.80112 
4.8989 3.69513 1.44175 
4.8989 2.51623 2.52133 
4.8989 3.78481 4.90863 
4.8989 4.40511 2.56361 
4.8989 4.44271 3.92002 
1.20066 3.69513 2.621 
1.20066 2.51623 1.3556 
1.20066 3.78481 3.47519 
1.20066 4.40511 3.57752 
1.20066 4.24865 4.89922 
1.20066 4.02207 3.37622 
1.20066 4.44271 4.37884 
3.69513 2.51623 1.32367 
3.69513 4.40511 2.98415 
3.69513 4.02207 4.48538 
2.51623 3.78481 4.02768 
2.51623 4.40511 3.00553 
2.51623 4.02207 3.5108 
3.78481 4.02207 1.2876 
3.78481 4.44271 1.28439 
3.78481 4.44424 4.74701 
4.40511 4.83054 4.83262 
4.83054 4.24865 3.79439 
4.24865 4.44424 1.44889 
4.02207 4.44271 2.51295 
4.02207 4.44424 4.26124 
3.08608 4.96013 4.62603 
3.08608 4.86353 2.49786 
3.08608 3.22357 2.14045 
4.96013 3.3948 3.95845 
4.96013 4.62647 3.56989 
4.96013 2.34196 4.16542 
4.86353 3.22357 2.58521 
3.3948 4.62647 1.44175 
3.3948 2.34196 1.32241 
3.3948 4.46372 2.56361 
3.3948 4.98348 3.8367 
3.3948 4.31038 3.92002 
3.22357 2.34196 4.74875 
3.22357 4.31038 4.78945 
4.62647 2.34196 2.68329 
4.62647 4.46372 2.98415 
4.62647 4.98348 4.33575 
2.34196 4.46372 3.32179 
2.34196 4.98348 4.36041 
2.34196 4.31038 3.12324 
4.46372 4.98348 1.37122 
4.67345 4.62153 2.53493 
4.67345 3.97365 1.41934 
4.67345 4.96579 4.35078 
4.67345 4.22082 2.61877 
4.67345 3.78582 3.97832 
4.67345 1.23321 3.90358 
4.67345 2.5261 3.76088 
4.62153 3.97365 3.07181 
4.62153 4.96579 4.44138 
4.62153 4.22082 4.06711 
4.62153 3.78582 4.19672 
4.62153 4.69939 4.7297 
4.62153 1.23321 4.04053 
4.62153 2.5261 3.78659 
4.62153 4.79813 4.84775 
3.97365 4.22082 1.25612 
3.97365 3.78582 4.47803 
3.97365 4.69939 3.75318 
3.97365 1.23321 3.52431 
3.97365 2.5261 3.88547 
4.96579 4.25339 4.79718 
4.96579 3.78582 1.23195 
4.96579 1.23321 3.77388 
4.96579 2.5261 2.43972 
4.96579 4.79813 4.33594 
4.25339 3.61627 2.84561 
4.25339 3.78582 4.59503 
4.25339 1.36473 3.43495 
4.25339 2.51368 3.30204 
3.61627 4.69939 4.59535 
3.61627 1.23321 4.80329 
3.61627 1.36473 2.50131 
3.61627 2.51368 1.22206 
4.22082 4.69939 2.58521 
4.22082 1.23321 4.09841 
4.22082 2.5261 4.76753 
4.22082 2.51368 4.94416 
3.78582 1.23321 2.58764 
3.78582 2.5261 1.28456 
3.78582 4.79813 4.02715 
4.69939 1.36473 4.85693 
4.69939 2.51368 4.14741 
1.23321 2.5261 1.35107 
1.23321 1.36473 2.57664 
1.23321 4.79813 4.4296 
1.23321 2.51368 3.72338 
2.5261 1.36473 3.79439 
2.5261 4.79813 3.84302 
1.36473 2.51368 1.44889 
4.84168 2.83443 2.93735 
4.84168 3.98354 3.57464 
4.84168 4.01724 3.29689 
4.84168 2.64424 3.57442 
4.84168 4.99633 1.94901 
4.84168 3.31265 4.67312 
2.83443 3.98354 4.16026 
2.83443 4.01724 2.57912 
2.83443 2.64424 3.25847 
2.83443 4.99633 3.98119 
2.83443 3.31265 4.58331 
3.98354 4.57415 4.79718 
3.98354 4.01724 3.17292 
3.98354 2.64424 1.33933 
3.98354 4.99633 3.86624 
3.98354 4.49235 4.51236 
3.98354 3.31265 3.99459 
4.57415 4.07285 2.84561 
4.57415 4.99633 3.75387 
4.57415 4.49235 4.63544 
4.07285 4.49235 4.14505 
4.07285 3.31265 3.50513 
4.01724 2.64424 2.92412 
4.01724 4.99633 4.82954 
2.64424 4.99633 3.83791 
2.64424 4.49235 4.0932 
2.64424 3.31265 3.27576 
4.99633 4.49235 4.02768 
4.99633 3.31265 3.5108 
4.49235 3.31265 1.2876 
4.86483 1.41934 3.66951 
4.86483 2.61877 2.49786 
2.70648 2.53493 4.36939 
2.70648 1.41934 3.66673 
2.70648 1.47843 1.29685 
2.70648 2.61877 4.39412 
2.70648 3.98425 1.35029 
2.70648 3.97832 4.93537 
2.53493 1.41934 3.07181 
2.53493 1.47843 3.58148 
2.53493 4.35078 4.44138 
2.53493 2.61877 4.06711 
2.53493 3.97832 4.19672 
2.53493 3.90358 4.04053 
2.53493 3.76088 3.78659 
1.41934 1.47843 2.42497 
1.41934 2.61877 1.25612 
1.41934 3.98425 4.8937 
1.41934 3.97832 4.47803 
1.41934 3.90358 3.52431 
1.41934 3.76088 3.88547 
1.47843 2.61877 3.2759 
1.47843 3.98425 2.62305 
4.35078 3.98425 3.8056 
4.35078 3.97832 1.23195 
4.35078 3.90358 3.77388 
4.35078 3.76088 2.43972 
2.61877 3.90358 4.09841 
2.61877 3.76088 4.76753 
3.98425 3.97832 3.93939 
3.98425 3.76088 4.71655 
3.97832 3.90358 2.58764 
3.97832 3.76088 1.28456 
3.90358 3.76088 1.35107 
3.66951 2.49786 1.25612 
3.66951 2.14045 3.75318 
4.62603 4.46327 2.57912 
2.49786 2.14045 2.58521 
2.4037 2.93735 4.4097 
2.4037 3.69323 1.29685 
2.4037 3.29689 3.79916 
2.4037 1.24851 1.35029 
2.4037 3.98943 4.93537 
2.4037 2.61392 3.98927 
2.4037 4.23793 4.11732 
2.4037 2.962 4.90145 
2.4037 1.41291 3.28458 
2.4037 3.60507 4.65284 
2.4037 1.94901 4.10154 
2.93735 3.57464 4.16026 
2.93735 3.29689 2.57912 
2.93735 1.24851 3.36741 
2.93735 3.57442 3.25847 
2.93735 2.61392 3.95845 
2.93735 4.23793 4.11388 
2.93735 1.41291 3.56989 
2.93735 3.60507 4.16542 
2.93735 1.94901 3.98119 
2.93735 4.67312 4.58331 
3.69323 3.29689 4.71301 
3.69323 1.24851 2.62305 
3.69323 4.23793 4.73624 
3.69323 1.41291 4.45943 
3.57464 3.29689 3.17292 
3.57464 1.24851 3.8056 
3.57464 3.57442 1.33933 
3.57464 3.98943 1.23195 
3.57464 4.23793 3.46724 
3.57464 2.962 3.66016 
3.57464 1.41291 4.53849 
3.57464 1.94901 3.86624 
3.57464 4.67312 3.99459 
3.29689 1.24851 2.89895 
3.29689 3.57442 2.92412 
3.29689 3.98943 3.64287 
3.29689 4.23793 1.53718 
3.29689 1.41291 4.60116 
3.29689 1.94901 4.82954 
3.29689 4.37679 3.90645 
1.24851 3.57442 4.02664 
1.24851 3.98943 3.93939 
1.24851 2.61392 3.50664 
1.24851 4.23793 3.51738 
1.24851 2.962 3.91554 
1.24851 1.41291 2.49845 
1.24851 3.60507 4.33012 
1.24851 1.94901 3.10174 
3.57442 3.98943 2.55719 
3.57442 4.23793 3.70818 
3.57442 2.962 3.92332 
3.57442 1.41291 4.41779 
3.57442 1.94901 3.83791 
3.57442 4.67312 3.27576 
3.98943 4.23793 3.44855 
3.98943 2.962 4.01369 
3.98943 1.94901 4.38978 
2.61392 4.23793 4.75142 
2.61392 2.962 3.80112 
2.61392 1.41291 1.44175 
2.61392 3.60507 1.32241 
2.61392 1.94901 2.52133 
2.61392 4.37679 2.56361 
4.23793 4.37679 2.48058 
2.962 1.41291 2.621 
2.962 1.94901 1.3556 
2.962 4.37679 3.57752 
2.962 4.67312 3.37622 
1.41291 3.60507 2.68329 
1.41291 1.94901 1.32367 
1.41291 4.37679 2.98415 
1.41291 4.67312 4.48538 
3.60507 1.94901 3.77301 
3.60507 4.37679 3.32179 
3.60507 4.67312 4.99046 
1.94901 4.37679 3.00553 
1.94901 4.67312 3.5108 
4.36939 3.66673 3.07181 
4.36939 1.29685 3.58148 
4.36939 4.39412 4.06711 
4.36939 4.93537 4.19672 
4.36939 4.65284 4.92299 
4.36939 4.58302 4.84775 
3.66673 1.29685 2.42497 
3.66673 4.39412 1.25612 
3.66673 1.35029 4.8937 
3.66673 4.93537 4.47803 
4.4097 3.79916 2.57912 
4.4097 1.35029 3.36741 
4.4097 3.98927 3.95845 
4.4097 4.11732 4.11388 
4.4097 3.28458 3.56989 
4.4097 4.65284 4.16542 
4.4097 4.10154 3.98119 
1.29685 4.39412 3.2759 
1.29685 3.79916 4.71301 
1.29685 1.35029 2.62305 
1.29685 4.11732 4.73624 
1.29685 3.28458 4.45943 
1.29685 4.58302 4.91018 
3.79916 1.35029 2.89895 
3.79916 4.93537 3.64287 
3.79916 4.11732 1.53718 
3.79916 3.28458 4.60116 
3.79916 4.10154 4.82954 
3.79916 4.58302 2.7007 
1.35029 4.93537 3.93939 
1.35029 3.98927 3.50664 
1.35029 4.11732 3.51738 
1.35029 4.90145 3.91554 
1.35029 3.28458 2.49845 
1.35029 4.65284 4.33012 
1.35029 4.10154 3.10174 
1.35029 4.58302 4.27254 
4.93537 4.11732 3.44855 
4.93537 4.90145 4.01369 
4.93537 4.10154 4.38978 
4.93537 4.58302 4.02715 
3.98927 4.11732 4.75142 
3.98927 4.90145 3.80112 
3.98927 3.28458 1.44175 
3.98927 4.65284 1.32241 
3.98927 4.10154 2.52133 
3.98927 4.58302 3.8367 
4.11732 4.58302 1.19504 
4.90145 3.28458 2.621 
4.90145 4.10154 1.3556 
4.90145 4.58302 4.53791 
3.28458 4.65284 2.68329 
3.28458 4.10154 1.32367 
3.28458 4.58302 4.33575 
4.65284 4.10154 3.77301 
4.65284 4.58302 4.36041 
4.10154 4.58302 4.20612 
3.07181 3.58148 2.42497 
3.07181 4.06711 1.25612 
3.07181 4.19672 4.47803 
3.07181 4.7297 3.75318 
3.07181 4.04053 3.52431 
3.07181 3.78659 3.88547 
3.58148 4.06711 3.2759 
3.58148 4.84775 4.91018 
4.44138 4.19672 1.23195 
4.44138 4.04053 3.77388 
4.44138 4.536 4.51236 
4.44138 3.78659 2.43972 
4.44138 4.84775 4.33594 
4.06711 4.7297 2.58521 
4.06711 4.04053 4.09841 
4.06711 3.78659 4.76753 
4.19672 4.04053 2.58764 
4.19672 3.78659 1.28456 
4.19672 4.84775 4.02715 
4.7297 4.92299 4.74875 
4.7297 3.54451 4.78945 
4.04053 3.78659 1.35107 
4.04053 4.84775 4.4296 
4.92299 4.536 4.0743 
4.92299 4.84359 3.32179 
4.92299 4.84775 4.36041 
4.92299 3.54451 3.12324 
4.536 3.54451 1.28439 
4.84359 3.78659 4.83262 
4.84359 4.84775 1.37122 
3.78659 4.84775 3.84302 
2.42497 1.25612 3.2759 
2.42497 4.8937 2.62305 
1.25612 3.75318 2.58521 
1.25612 3.52431 4.09841 
1.25612 3.88547 4.76753 
4.8937 4.47803 3.93939 
4.8937 3.88547 4.71655 
4.47803 3.52431 2.58764 
4.47803 3.88547 1.28456 
3.52431 3.88547 1.35107 
4.16026 2.57912 3.17292 
4.16026 3.36741 3.8056 
4.16026 3.25847 1.33933 
4.16026 4.11388 3.46724 
4.16026 3.56989 4.53849 
4.16026 3.98119 3.86624 
4.16026 4.58331 3.99459 
2.57912 3.36741 2.89895 
2.57912 3.25847 2.92412 
2.57912 4.11388 1.53718 
2.57912 3.56989 4.60116 
2.57912 3.98119 4.82954 
3.36741 3.25847 4.02664 
3.36741 3.95845 3.50664 
3.36741 4.11388 3.51738 
3.36741 3.56989 2.49845 
3.36741 4.16542 4.33012 
3.36741 3.98119 3.10174 
3.25847 4.11388 3.70818 
3.25847 3.56989 4.41779 
3.25847 3.98119 3.83791 
3.25847 4.58331 3.27576 
3.95845 4.11388 4.75142 
3.95845 3.56989 1.44175 
3.95845 4.16542 1.32241 
3.95845 3.98119 2.52133 
3.56989 4.16542 2.68329 
3.56989 3.98119 1.32367 
3.56989 4.58331 4.48538 
4.16542 3.98119 3.77301 
4.16542 4.58331 4.99046 
3.98119 4.58331 3.5108 
4.71301 2.62305 2.89895 
4.71301 4.73624 1.53718 
4.71301 4.45943 4.60116 
4.71301 4.91018 2.7007 
2.62305 4.73624 3.51738 
2.62305 4.45943 2.49845 
2.62305 4.91018 4.27254 
4.73624 4.91018 1.19504 
4.45943 4.91018 4.33575 
4.79718 1.23195 4.59503 
4.79718 3.66016 2.48379 
4.79718 4.53849 4.84006 
4.79718 3.86624 3.75387 
4.79718 4.51236 4.63544 
3.17292 3.8056 2.89895 
3.17292 1.33933 2.92412 
3.17292 1.23195 3.64287 
3.17292 3.46724 1.53718 
3.17292 4.53849 4.60116 
3.17292 3.86624 4.82954 
3.17292 2.43972 4.31409 
3.17292 4.33594 2.7007 
3.8056 1.33933 4.02664 
3.8056 1.23195 3.93939 
3.8056 3.46724 3.51738 
3.8056 3.66016 3.91554 
3.8056 4.53849 2.49845 
3.8056 3.86624 3.10174 
3.8056 2.43972 4.71655 
3.8056 4.33594 4.27254 
1.33933 1.23195 2.55719 
1.33933 3.46724 3.70818 
1.33933 3.66016 3.92332 
1.33933 4.53849 4.41779 
1.33933 3.86624 3.83791 
1.33933 4.51236 4.0932 
1.33933 2.43972 3.70462 
1.33933 3.99459 3.27576 
1.33933 4.33594 4.77231 
1.23195 3.46724 3.44855 
1.23195 3.66016 4.01369 
1.23195 3.77388 2.58764 
1.23195 3.86624 4.38978 
1.23195 2.43972 1.28456 
1.23195 4.33594 4.02715 
3.46724 3.77388 4.55693 
3.46724 2.43972 3.6462 
3.46724 4.33594 1.19504 
3.66016 4.53849 2.621 
3.66016 3.86624 1.3556 
3.66016 4.51236 3.47519 
3.66016 3.99459 3.37622 
3.66016 4.33594 4.53791 
4.53849 3.86624 1.32367 
4.53849 3.99459 4.48538 
4.53849 4.33594 4.33575 
3.77388 2.43972 1.35107 
3.77388 4.33594 4.4296 
3.86624 4.51236 4.02768 
3.86624 3.99459 3.5108 
3.86624 4.33594 4.20612 
4.51236 3.99459 1.2876 
2.43972 4.33594 3.84302 
2.84561 4.63544 4.14505 
2.84561 3.43495 2.50131 
2.84561 3.30204 1.22206 
4.59503 2.48379 4.01369 
4.59503 3.75387 4.38978 
2.48379 4.84006 2.621 
2.48379 3.75387 1.3556 
2.48379 4.63544 3.47519 
2.48379 3.43495 4.89922 
4.84006 3.75387 1.32367 
3.75387 4.63544 4.02768 
4.63544 3.30204 4.74701 
3.43495 3.30204 1.44889 
4.59535 2.50131 4.85693 
4.59535 4.62287 4.78945 
4.59535 1.22206 4.14741 
4.80329 2.50131 2.57664 
4.80329 1.22206 3.72338 
4.14505 3.50513 1.2876 
4.14505 4.62287 1.28439 
4.14505 1.22206 4.74701 
2.50131 1.22206 1.44889 
3.50513 4.62287 2.51295 
3.50513 1.22206 4.26124 
2.58521 4.94416 4.14741 
4.09841 4.76753 1.35107 
4.09841 4.94416 3.72338 
2.89895 2.92412 4.02664 
2.89895 3.64287 3.93939 
2.89895 1.53718 3.51738 
2.89895 4.60116 2.49845 
2.89895 4.82954 3.10174 
2.89895 4.31409 4.71655 
2.89895 2.7007 4.27254 
2.92412 3.64287 2.55719 
2.92412 1.53718 3.70818 
2.92412 4.60116 4.41779 
2.92412 4.82954 3.83791 
2.92412 4.31409 3.70462 
2.92412 2.7007 4.77231 
3.64287 1.53718 3.44855 
3.64287 4.82954 4.38978 
3.64287 4.31409 1.28456 
3.64287 2.7007 4.02715 
1.53718 3.90645 2.48058 
1.53718 4.31409 3.6462 
1.53718 2.7007 1.19504 
4.60116 4.82954 1.32367 
4.60116 3.90645 2.98415 
4.60116 2.7007 4.33575 
4.82954 3.90645 3.00553 
4.82954 2.7007 4.20612 
3.90645 4.31409 4.83262 
3.90645 2.7007 1.37122 
4.31409 2.7007 3.84302 
4.02664 3.93939 2.55719 
4.02664 3.51738 3.70818 
4.02664 3.91554 3.92332 
4.02664 2.49845 4.41779 
4.02664 3.10174 3.83791 
4.02664 4.71655 3.70462 
4.02664 4.27254 4.77231 
3.93939 3.51738 3.44855 
3.93939 3.91554 4.01369 
3.93939 3.10174 4.38978 
3.93939 4.71655 1.28456 
3.93939 4.27254 4.02715 
3.50664 3.51738 4.75142 
3.50664 3.91554 3.80112 
3.50664 2.49845 1.44175 
3.50664 4.33012 1.32241 
3.50664 3.10174 2.52133 
3.50664 4.27254 3.8367 
3.51738 4.71655 3.6462 
3.51738 4.27254 1.19504 
3.91554 2.49845 2.621 
3.91554 3.10174 1.3556 
3.91554 4.27254 4.53791 
2.49845 4.33012 2.68329 
2.49845 3.10174 1.32367 
2.49845 4.27254 4.33575 
4.33012 3.10174 3.77301 
4.33012 4.27254 4.36041 
3.10174 4.27254 4.20612 
4.71655 4.27254 3.84302 
2.55719 3.70818 3.44855 
2.55719 3.92332 4.01369 
2.55719 3.83791 4.38978 
2.55719 3.70462 1.28456 
2.55719 4.77231 4.02715 
3.70818 3.70462 3.6462 
3.70818 4.77231 1.19504 
3.92332 4.41779 2.621 
3.92332 3.83791 1.3556 
3.92332 4.0932 3.47519 
3.92332 3.27576 3.37622 
3.92332 4.77231 4.53791 
4.41779 3.83791 1.32367 
4.41779 3.27576 4.48538 
4.41779 4.77231 4.33575 
3.83791 4.0932 4.02768 
3.83791 3.27576 3.5108 
3.83791 4.77231 4.20612 
4.0932 3.27576 1.2876 
3.70462 4.77231 3.84302 
3.44855 2.58764 4.55693 
3.44855 1.28456 3.6462 
3.44855 4.02715 1.19504 
4.01369 4.38978 1.3556 
4.01369 4.02715 4.53791 
2.58764 1.28456 1.35107 
2.58764 4.02715 4.4296 
4.38978 4.02715 4.20612 
1.28456 4.02715 3.84302 
4.75142 2.56361 2.48058 
4.75142 3.8367 1.19504 
3.80112 1.44175 2.621 
3.80112 2.52133 1.3556 
3.80112 4.90863 3.47519 
3.80112 2.56361 3.57752 
3.80112 3.8367 4.53791 
3.80112 3.92002 4.37884 
1.44175 1.32241 2.68329 
1.44175 2.52133 1.32367 
1.44175 2.56361 2.98415 
1.44175 3.8367 4.33575 
1.32241 2.52133 3.77301 
1.32241 4.90863 4.0743 
1.32241 2.56361 3.32179 
1.32241 3.8367 4.36041 
1.32241 3.92002 3.12324 
2.52133 4.90863 4.02768 
2.52133 2.56361 3.00553 
2.52133 3.8367 4.20612 
4.90863 3.92002 1.28439 
2.56361 3.8367 1.37122 
4.74875 4.78945 3.12324 
4.85693 4.14741 1.44889 
4.55693 3.6462 1.35107 
4.55693 1.19504 4.4296 
2.48058 3.6462 4.83262 
2.48058 1.19504 1.37122 
3.6462 1.19504 3.84302 
2.621 1.3556 1.32367 
2.621 3.57752 2.98415 
2.621 3.37622 4.48538 
2.621 4.53791 4.33575 
1.3556 3.47519 4.02768 
1.3556 3.57752 3.00553 
1.3556 3.37622 3.5108 
1.3556 4.53791 4.20612 
3.47519 3.37622 1.2876 
3.47519 4.37884 1.28439 
3.57752 4.53791 1.37122 
3.37622 4.37884 2.51295 
2.68329 1.32367 3.77301 
2.68329 2.98415 3.32179 
2.68329 4.48538 4.99046 
2.68329 4.33575 4.36041 
1.32367 2.98415 3.00553 
1.32367 4.48538 3.5108 
1.32367 4.33575 4.20612 
2.98415 4.33575 1.37122 
1.35107 2.57664 3.79439 
1.35107 4.4296 3.84302 
2.57664 3.72338 1.44889 
3.77301 4.0743 4.02768 
3.77301 3.32179 3.00553 
3.77301 4.99046 3.5108 
3.77301 4.36041 4.20612 
4.0743 4.99046 1.2876 
4.0743 3.12324 1.28439 
3.32179 4.36041 1.37122 
4.99046 3.12324 2.51295 
4.02768 3.5108 1.2876 
3.00553 4.20612 1.37122 
1.2876 1.28439 2.51295 
1.2876 4.74701 4.26124 
4.83262 1.37122 3.84302 
