3.45272 1.29743 4.73223 
3.45272 1.31008 3.27099 
3.45272 2.64959 4.97015 
3.45272 3.46212 3.91994 
3.45272 2.25829 4.58535 
3.45272 2.4499 2.56155 
3.45272 3.86013 4.49347 
3.45272 3.97071 3.83554 
3.45272 4.59743 2.29289 
3.45272 4.49048 4.55028 
3.45272 2.74405 4.72934 
3.45272 4.60675 1.28596 
3.45272 2.83924 4.28793 
3.45272 3.22919 1.56146 
1.29743 1.31008 2.23358 
1.29743 4.72356 4.86773 
1.29743 2.64959 1.50169 
1.29743 3.46212 4.29252 
1.29743 2.25829 2.45786 
1.29743 3.96349 4.48467 
1.29743 2.4499 3.57457 
1.29743 3.86013 4.15456 
1.29743 3.69956 3.97425 
1.29743 3.97071 2.70757 
1.29743 2.38691 1.86198 
1.29743 4.49048 3.23415 
1.29743 2.74405 2.72014 
1.29743 4.92489 4.82172 
1.29743 2.83924 3.02622 
1.29743 3.70809 3.41481 
1.29743 3.22919 4.49247 
1.29743 4.6911 4.94664 
1.29743 4.30017 3.71153 
1.29743 4.96471 4.87608 
1.29743 4.52533 4.80752 
1.31008 2.64959 3.12062 
1.31008 3.46212 2.34518 
1.31008 2.25829 1.42327 
1.31008 3.96349 2.73485 
1.31008 2.4499 1.52576 
1.31008 3.86013 4.58508 
1.31008 3.69956 2.59165 
1.31008 4.85599 3.86658 
1.31008 3.97071 4.63149 
1.31008 4.59743 3.96576 
1.31008 2.38691 2.23073 
1.31008 2.74405 3.04383 
1.31008 4.60675 4.41983 
1.31008 2.83924 3.45951 
1.31008 3.70809 3.75596 
1.31008 3.22919 2.59989 
1.31008 4.6911 3.67235 
1.31008 4.30017 4.30164 
1.31008 4.52533 3.48977 
4.72356 3.86013 1.70477 
4.72356 3.69956 4.95501 
4.72356 2.74405 4.09259 
4.72356 2.83924 2.86278 
4.72356 4.96471 1.31535 
4.72356 4.52533 3.83482 
2.64959 3.46212 4.77987 
2.64959 2.25829 2.63461 
2.64959 3.96349 4.57545 
2.64959 2.4499 4.48785 
2.64959 3.69956 3.91288 
2.64959 3.97071 1.56427 
2.64959 2.38691 1.39765 
2.64959 4.49048 2.63571 
2.64959 2.74405 3.43464 
2.64959 4.60675 3.70259 
2.64959 4.92489 4.93342 
2.64959 2.83924 4.10056 
2.64959 3.70809 3.57381 
2.64959 4.6911 4.69072 
2.64959 4.30017 3.3379 
2.64959 4.52533 4.79275 
3.46212 2.25829 2.75266 
3.46212 3.96349 1.54082 
3.46212 2.4499 1.47631 
3.46212 3.69956 2.75813 
3.46212 4.85599 1.60086 
3.46212 4.59743 3.12259 
3.46212 2.38691 3.69696 
3.46212 4.60675 4.98619 
3.46212 3.22919 2.44678 
3.46212 4.6911 2.33919 
3.46212 4.52533 3.87426 
2.25829 3.96349 2.29926 
2.25829 2.4499 2.63145 
2.25829 3.69956 1.52372 
2.25829 4.85599 4.12719 
2.25829 3.97071 4.18178 
2.25829 2.38691 1.31474 
2.25829 2.74405 3.00501 
2.25829 2.83924 3.88039 
2.25829 3.70809 3.1784 
2.25829 3.22919 3.82311 
2.25829 4.6911 3.08901 
2.25829 4.30017 3.37404 
2.25829 4.52533 2.52048 
3.96349 2.4499 2.61708 
3.96349 3.69956 1.55519 
3.96349 4.85599 2.36542 
3.96349 4.59743 4.47879 
3.96349 2.38691 3.27338 
3.96349 3.22919 3.69883 
3.96349 4.6911 1.46714 
3.96349 4.96471 4.33913 
3.96349 4.52533 2.71747 
2.4499 3.69956 3.20608 
2.4499 4.85599 2.90988 
2.4499 4.59743 2.51577 
2.4499 2.38691 3.58249 
2.4499 2.74405 4.36085 
2.4499 4.60675 3.72629 
2.4499 2.83924 4.56775 
2.4499 3.22919 1.30976 
2.4499 4.6911 3.62363 
2.4499 4.52533 4.11364 
3.86013 2.74405 2.66389 
3.86013 4.60675 4.76398 
3.86013 2.83924 1.42255 
3.86013 3.70809 3.80637 
3.86013 4.30017 4.9231 
3.86013 4.96471 2.80576 
3.69956 4.85599 3.89106 
3.69956 2.38691 2.5163 
3.69956 2.74405 4.0293 
3.69956 3.70809 3.86405 
3.69956 3.22919 4.31747 
3.69956 4.6911 2.50292 
3.69956 4.30017 3.90407 
3.69956 4.96471 3.69138 
3.69956 4.52533 1.41889 
4.85599 4.59743 3.67808 
4.85599 2.38691 4.8729 
4.85599 3.22919 3.5636 
4.85599 4.6911 2.31531 
3.97071 2.38691 2.89753 
3.97071 4.49048 1.46788 
3.97071 2.74405 4.59023 
3.97071 4.60675 2.60359 
3.97071 3.70809 4.62319 
3.97071 4.30017 4.17133 
4.59743 4.60675 2.87569 
4.59743 3.22919 1.42744 
2.38691 4.49048 4.01142 
2.38691 2.74405 3.13572 
2.38691 4.60675 4.57413 
2.38691 2.83924 4.02337 
2.38691 3.70809 3.17942 
2.38691 3.22919 4.79397 
2.38691 4.6911 3.57871 
2.38691 4.30017 3.04297 
2.38691 4.52533 3.46886 
4.49048 2.74405 4.80044 
4.49048 4.60675 3.48394 
4.49048 3.70809 4.96579 
4.49048 4.30017 4.66036 
2.74405 4.92489 4.53952 
2.74405 2.83924 1.28095 
2.74405 3.70809 1.34501 
2.74405 3.22919 4.96462 
2.74405 4.30017 2.44909 
2.74405 4.96471 4.71569 
2.74405 4.52533 4.0012 
4.60675 2.83924 4.8456 
4.60675 3.22919 2.62011 
4.92489 2.83924 4.87516 
4.92489 3.70809 3.91603 
4.92489 4.30017 3.86137 
2.83924 3.70809 2.53903 
2.83924 3.22919 4.89236 
2.83924 4.30017 3.64134 
2.83924 4.96471 3.61541 
3.70809 4.30017 1.24892 
3.70809 4.52533 3.57127 
3.22919 4.6911 4.76264 
3.22919 4.52533 4.9964 
4.6911 4.52533 3.75406 
4.30017 4.52533 3.67696 
4.96471 4.52533 2.58927 
2.38207 2.38574 4.66503 
2.38207 1.27129 3.44983 
2.38207 4.56899 4.17417 
2.38207 4.99431 4.97812 
2.38207 1.25634 1.27519 
2.38207 4.99938 4.33233 
2.38207 3.63253 1.29089 
2.38207 4.97865 2.64059 
2.38207 4.63661 4.5179 
4.75707 4.69039 1.46765 
4.75707 4.97107 2.71328 
4.75707 4.4968 4.94897 
4.75707 4.99431 2.16631 
4.75707 1.25634 4.47355 
4.75707 4.90765 2.51098 
4.75707 4.7781 1.31535 
4.69039 4.97107 1.45033 
4.69039 4.4968 4.59898 
4.69039 4.99431 1.38306 
4.69039 1.25634 4.46146 
4.69039 4.99938 3.75625 
4.69039 4.90765 3.5757 
4.69039 4.7781 2.63059 
4.73026 4.6154 4.26011 
4.73026 2.38574 3.20195 
4.73026 4.19355 3.59387 
4.73026 1.27129 3.58529 
4.73026 4.56899 4.16054 
4.73026 3.40322 4.20104 
4.73026 4.99938 4.92154 
4.73026 3.63253 4.95835 
4.73026 3.9805 1.34777 
4.73026 4.97865 3.90157 
4.73026 4.63661 3.80504 
4.73026 4.56033 2.41775 
4.73026 3.38061 2.38098 
4.73026 4.77753 3.0377 
4.6154 3.78905 2.58812 
4.6154 2.38574 2.53236 
4.6154 4.19355 1.54082 
4.6154 1.27129 3.60329 
4.6154 4.4968 3.6894 
4.6154 3.40322 1.60086 
4.6154 3.9805 3.61844 
4.6154 4.56033 4.84961 
4.6154 3.38061 2.33919 
4.6154 4.90765 4.75298 
3.78905 2.38574 2.47267 
3.78905 4.97107 4.44131 
3.78905 4.19355 3.60819 
3.78905 1.27129 3.26569 
3.78905 4.4968 1.2209 
3.78905 3.40322 1.31403 
3.78905 1.25634 4.86961 
3.78905 3.9805 4.88277 
3.78905 3.38061 3.59824 
3.78905 4.90765 4.78164 
2.38574 4.19355 2.40745 
2.38574 1.27129 1.22748 
2.38574 4.4968 3.58816 
2.38574 3.40322 1.47877 
2.38574 1.25634 3.63958 
2.38574 3.9805 2.5821 
2.38574 4.97865 4.91497 
2.38574 4.56033 3.83528 
2.38574 3.38061 1.51461 
2.38574 4.77753 4.61719 
4.97107 4.4968 3.81208 
4.97107 4.56899 3.91143 
4.97107 4.99431 2.50545 
4.97107 4.99938 2.67148 
4.97107 4.90765 4.16396 
4.97107 4.7781 3.58423 
4.19355 1.27129 3.14282 
4.19355 4.4968 4.80177 
4.19355 3.40322 2.36542 
4.19355 3.9805 2.59174 
4.19355 4.56033 3.51568 
4.19355 3.38061 1.46714 
4.19355 4.77753 4.83948 
4.19355 4.90765 3.58112 
4.19355 4.7781 4.33913 
1.27129 4.4968 4.22312 
1.27129 4.56899 4.41286 
1.27129 3.40322 2.52702 
1.27129 1.25634 2.48371 
1.27129 3.63253 4.64399 
1.27129 3.9805 2.83825 
1.27129 4.63661 4.31464 
1.27129 4.56033 3.69498 
1.27129 3.38061 2.15843 
1.27129 4.77753 4.17242 
4.4968 3.40322 2.53442 
4.4968 4.99938 4.96773 
4.4968 3.38061 4.80557 
4.4968 4.90765 4.23543 
4.4968 4.7781 4.76299 
4.56899 1.25634 4.63467 
4.56899 4.99938 1.3003 
4.56899 3.63253 4.43031 
4.56899 3.9805 4.09958 
4.56899 4.97865 4.75841 
4.56899 4.63661 1.30109 
4.56899 4.56033 3.58505 
4.56899 4.77753 2.33958 
3.40322 1.25634 4.61432 
3.40322 3.9805 3.643 
3.40322 4.56033 4.96761 
3.40322 3.38061 2.31531 
4.99431 1.25634 4.43319 
4.99431 4.99938 4.03815 
4.99431 4.90765 4.60097 
4.99431 4.7781 3.45432 
1.25634 4.99938 4.9285 
1.25634 3.63253 2.50836 
1.25634 3.9805 4.97448 
1.25634 4.97865 3.88935 
1.25634 4.63661 4.82842 
1.25634 3.38061 4.53315 
1.25634 4.7781 4.67408 
4.99938 3.63253 4.52128 
4.99938 4.97865 4.7028 
4.99938 4.63661 2.59676 
4.99938 4.56033 4.78709 
4.99938 4.77753 3.59996 
3.63253 4.97865 1.38903 
3.63253 4.63661 4.78435 
3.9805 4.97865 4.91282 
3.9805 4.63661 3.48096 
3.9805 4.56033 1.56303 
3.9805 3.38061 1.41202 
3.9805 4.77753 2.62 
3.9805 4.90765 4.97008 
4.97865 3.38061 4.95741 
4.63661 4.56033 2.56194 
4.63661 3.38061 4.51183 
4.63661 4.77753 1.20063 
4.56033 3.38061 2.68209 
4.56033 4.77753 1.46232 
4.56033 4.90765 4.68469 
3.38061 4.77753 3.79982 
3.38061 4.90765 4.59684 
4.90765 4.7781 1.29953 
3.9344 1.33175 2.97427 
3.9344 1.43246 4.91218 
3.9344 4.6723 2.56155 
3.9344 2.57988 2.29289 
3.9344 4.71821 2.53567 
3.9344 4.21715 1.28596 
3.9344 3.67674 1.56146 
3.9344 3.51362 4.66237 
1.33175 2.53617 3.58621 
1.33175 4.64781 3.97807 
1.33175 1.43246 2.64228 
1.33175 3.69796 3.78083 
1.33175 4.47488 3.83926 
1.33175 4.6723 3.61644 
1.33175 3.96855 3.6188 
1.33175 3.55337 3.9311 
1.33175 4.41214 4.98525 
1.33175 3.9302 4.99034 
1.33175 2.57988 1.2822 
1.33175 4.71821 4.03923 
1.33175 4.08201 4.98197 
1.33175 4.21715 3.32245 
1.33175 4.31447 4.99009 
1.33175 3.67674 2.53192 
1.33175 3.2545 3.83465 
1.33175 3.51362 3.10676 
1.33175 3.98685 4.27977 
1.33175 3.09362 3.19974 
1.33175 4.85563 4.78523 
2.53617 4.93433 2.57668 
2.53617 1.43246 1.17656 
2.53617 4.46403 3.26997 
2.53617 3.69796 4.19559 
2.53617 3.96855 4.59812 
2.53617 3.55337 4.16386 
2.53617 4.54036 4.73578 
2.53617 3.9302 1.41016 
2.53617 2.57988 4.52968 
2.53617 4.08201 3.70491 
4.93433 1.43246 3.5561 
4.93433 4.46403 2.56138 
4.93433 3.69796 4.47359 
4.93433 3.96855 4.59898 
4.93433 3.55337 4.90857 
4.93433 3.9302 1.38306 
4.93433 4.08201 3.75625 
4.93433 4.85563 4.18232 
4.64781 4.54036 4.16054 
4.64781 2.57988 4.1006 
4.64781 4.71821 4.43243 
4.64781 4.08201 4.92154 
4.64781 4.21715 4.51721 
4.64781 4.31447 4.95835 
4.64781 3.2545 3.90157 
4.64781 3.51362 1.37182 
4.64781 3.98685 4.83674 
4.64781 3.09362 2.57331 
4.64781 4.85563 4.58854 
1.43246 4.46403 3.53688 
1.43246 3.69796 3.85751 
1.43246 4.47488 4.93412 
1.43246 3.96855 4.3176 
1.43246 3.55337 3.67131 
1.43246 4.54036 4.39891 
1.43246 4.41214 4.67994 
1.43246 3.9302 2.52402 
1.43246 2.57988 3.75521 
1.43246 4.08201 3.56477 
1.43246 4.31447 4.76584 
1.43246 3.67674 4.63125 
1.43246 3.2545 3.94693 
1.43246 3.51362 4.82974 
1.43246 3.98685 4.42223 
1.43246 3.09362 4.18805 
4.46403 3.69796 4.06833 
4.46403 4.47488 4.63284 
4.46403 3.96855 4.16153 
4.46403 3.55337 4.2766 
4.46403 4.54036 2.55907 
4.46403 3.9302 3.15094 
4.46403 4.08201 1.31934 
4.46403 3.98685 3.90926 
4.46403 4.85563 2.62293 
3.69796 4.47488 2.72903 
3.69796 3.96855 1.51038 
3.69796 3.55337 1.29996 
3.69796 4.41214 3.84111 
3.69796 2.57988 4.21187 
3.69796 4.08201 4.98731 
3.69796 4.73355 4.96825 
3.69796 3.98685 2.62319 
3.69796 4.85563 3.0467 
4.47488 4.6723 3.55091 
4.47488 3.96855 1.2209 
4.47488 3.55337 3.94302 
4.47488 2.57988 3.40518 
4.47488 3.67674 3.78395 
4.47488 3.98685 4.94745 
4.47488 4.85563 4.88256 
4.6723 3.96855 4.41209 
4.6723 2.57988 2.51577 
4.6723 4.21715 3.72629 
4.6723 3.67674 1.30976 
3.96855 3.55337 2.7515 
3.96855 2.57988 3.58819 
3.96855 4.08201 4.96773 
3.96855 3.67674 4.34192 
3.96855 3.98685 3.85877 
3.96855 4.85563 3.94355 
3.55337 4.41214 2.58298 
3.55337 2.57988 4.66055 
3.55337 4.21715 4.90017 
3.55337 4.73355 3.73965 
3.55337 3.98685 1.5432 
3.55337 3.09362 4.79818 
3.55337 4.85563 2.45007 
4.54036 4.71821 4.87419 
4.54036 4.08201 1.3003 
4.54036 4.31447 4.43031 
4.54036 3.2545 4.75841 
4.54036 4.85563 3.83332 
4.41214 4.71821 4.64558 
4.41214 3.2545 4.01451 
4.41214 4.73355 1.26905 
4.41214 3.51362 4.56662 
4.41214 3.98685 1.42895 
4.41214 3.09362 3.99508 
4.41214 4.85563 2.51281 
3.9302 4.08201 4.03815 
2.57988 4.71821 3.87986 
2.57988 4.21715 2.87569 
2.57988 3.67674 1.42744 
2.57988 3.2545 4.91542 
2.57988 3.51362 3.59937 
2.57988 3.09362 4.07097 
4.71821 4.21715 1.28688 
4.71821 3.67674 3.87093 
4.71821 3.2545 4.97213 
4.71821 4.73355 4.97061 
4.71821 3.51362 3.94885 
4.71821 3.09362 4.36236 
4.08201 4.31447 4.52128 
4.08201 3.2545 4.7028 
4.08201 3.98685 4.49405 
4.08201 4.85563 3.14404 
4.21715 3.67674 2.62011 
4.21715 3.51362 4.06549 
4.21715 3.09362 4.57267 
4.31447 3.2545 1.38903 
4.31447 4.73355 4.22325 
4.31447 3.51362 3.75237 
4.31447 3.09362 2.58581 
3.67674 3.51362 4.78181 
3.2545 4.73355 3.38182 
3.2545 3.51362 2.62057 
3.2545 3.98685 4.48184 
3.2545 3.09362 1.35595 
4.73355 3.51362 4.31385 
4.73355 3.98685 2.54309 
4.73355 3.09362 3.56589 
4.73355 4.85563 3.41731 
3.51362 3.98685 4.34208 
3.51362 3.09362 1.27426 
3.51362 4.85563 4.50452 
3.98685 3.09362 4.10028 
3.98685 4.85563 1.40664 
3.09362 4.85563 4.63127 
4.66503 3.44983 1.22748 
4.66503 1.27519 3.63958 
4.66503 2.64059 4.91497 
4.66503 4.98845 3.77443 
4.66503 3.85389 4.14288 
3.44983 4.17417 4.41286 
3.44983 1.27519 2.48371 
3.44983 1.29089 4.64399 
3.44983 4.5179 4.31464 
3.44983 4.98845 4.3845 
3.44983 3.85389 4.90396 
4.78017 4.97812 1.37067 
4.78017 1.27519 4.46267 
4.78017 4.68068 2.66389 
4.78017 4.6771 1.42255 
4.78017 4.4184 3.80637 
4.78017 4.602 4.9231 
4.17417 1.27519 4.63467 
4.17417 4.33233 1.3003 
4.17417 1.29089 4.43031 
4.17417 2.64059 4.75841 
4.17417 4.5179 1.30109 
4.97812 1.27519 4.43319 
4.97812 4.68068 3.66649 
4.97812 4.33233 4.03815 
4.97812 4.6771 2.59243 
4.97812 4.4184 4.61596 
1.27519 4.33233 4.9285 
1.27519 1.29089 2.50836 
1.27519 4.6771 4.74425 
1.27519 2.64059 3.88935 
1.27519 4.5179 4.82842 
4.68068 1.29089 4.53952 
4.68068 4.6771 1.28095 
4.68068 4.4184 1.34501 
4.68068 2.64059 4.86621 
4.68068 4.602 2.44909 
4.33233 1.29089 4.52128 
4.33233 2.64059 4.7028 
4.33233 4.5179 2.59676 
1.29089 4.6771 4.87516 
1.29089 4.4184 3.91603 
1.29089 2.64059 1.38903 
1.29089 4.5179 4.78435 
1.29089 4.98845 3.75237 
1.29089 4.602 3.86137 
1.29089 3.85389 2.58581 
4.6771 4.4184 2.53903 
4.6771 4.602 3.64134 
4.4184 2.64059 3.91122 
4.4184 4.602 1.24892 
4.4184 3.85389 4.63723 
2.64059 4.98845 2.62057 
2.64059 4.602 3.4533 
2.64059 3.85389 1.35595 
4.5179 4.98845 4.96623 
4.98845 4.602 4.99074 
4.98845 3.85389 1.27426 
4.602 3.85389 4.03642 
4.73223 3.27099 2.23358 
4.73223 4.97015 1.50169 
4.73223 3.91994 4.29252 
4.73223 4.58535 2.45786 
4.73223 2.56155 3.57457 
4.73223 4.49347 4.15456 
4.73223 3.83554 2.70757 
4.73223 2.53567 3.88583 
4.73223 4.55028 3.23415 
4.73223 4.72934 2.72014 
4.73223 4.28793 3.02622 
4.73223 1.56146 4.49247 
4.73223 4.66237 4.70727 
2.97427 4.91218 2.64228 
2.97427 3.91994 4.18732 
2.97427 2.56155 3.61644 
2.97427 3.83554 4.99978 
2.97427 2.29289 1.2822 
2.97427 2.53567 4.03923 
2.97427 1.28596 3.32245 
2.97427 1.56146 2.53192 
2.97427 4.66237 3.10676 
3.27099 4.97015 3.12062 
3.27099 3.91994 2.34518 
3.27099 4.58535 1.42327 
3.27099 2.56155 1.52576 
3.27099 4.49347 4.58508 
3.27099 3.83554 4.63149 
3.27099 2.29289 3.96576 
3.27099 4.72934 3.04383 
3.27099 1.28596 4.41983 
3.27099 4.28793 3.45951 
3.27099 1.56146 2.59989 
3.27099 4.66237 4.87429 
4.97015 3.91994 4.77987 
4.97015 4.58535 2.63461 
4.97015 2.56155 4.48785 
4.97015 3.83554 1.56427 
4.97015 2.53567 2.53374 
4.97015 4.55028 2.63571 
4.97015 4.72934 3.43464 
4.97015 1.28596 3.70259 
4.97015 4.28793 4.10056 
4.97015 4.66237 3.9026 
4.91218 4.49347 3.65258 
4.91218 2.29289 3.75521 
4.91218 4.72934 4.93628 
4.91218 4.28793 4.33821 
4.91218 1.56146 4.63125 
4.91218 4.66237 4.82974 
3.91994 4.58535 2.75266 
3.91994 2.56155 1.47631 
3.91994 2.29289 3.12259 
3.91994 1.28596 4.98619 
3.91994 1.56146 2.44678 
3.91994 4.66237 4.57923 
4.58535 2.56155 2.63145 
4.58535 3.83554 4.18178 
4.58535 2.53567 4.90868 
4.58535 4.72934 3.00501 
4.58535 4.28793 3.88039 
4.58535 1.56146 3.82311 
4.58535 4.66237 4.36862 
2.56155 2.29289 2.51577 
2.56155 4.72934 4.36085 
2.56155 1.28596 3.72629 
2.56155 4.28793 4.56775 
2.56155 1.56146 1.30976 
4.49347 4.72934 2.66389 
4.49347 1.28596 4.76398 
4.49347 4.28793 1.42255 
3.83554 2.53567 1.31704 
3.83554 4.55028 1.46788 
3.83554 4.72934 4.59023 
3.83554 1.28596 2.60359 
3.83554 4.66237 4.24629 
2.29289 2.53567 3.87986 
2.29289 1.28596 2.87569 
2.29289 1.56146 1.42744 
2.29289 4.66237 3.59937 
2.53567 4.55028 2.35157 
2.53567 1.28596 1.28688 
2.53567 1.56146 3.87093 
2.53567 4.66237 3.94885 
4.55028 4.72934 4.80044 
4.55028 1.28596 3.48394 
4.72934 4.28793 1.28095 
4.72934 1.56146 4.96462 
1.28596 4.28793 4.8456 
1.28596 1.56146 2.62011 
1.28596 4.66237 4.06549 
4.28793 1.56146 4.89236 
1.56146 4.66237 4.78181 
2.23358 1.50169 3.12062 
2.23358 4.9771 4.7623 
2.23358 4.29252 2.34518 
2.23358 2.45786 1.42327 
2.23358 4.48467 2.73485 
2.23358 3.57457 1.52576 
2.23358 4.15456 4.58508 
2.23358 3.97425 2.59165 
2.23358 2.70757 4.63149 
2.23358 1.86198 2.23073 
2.23358 2.72014 3.04383 
2.23358 3.02622 3.45951 
2.23358 3.41481 3.75596 
2.23358 4.49247 2.59989 
2.23358 4.94664 3.67235 
2.23358 4.70727 4.87429 
2.23358 3.71153 4.30164 
2.23358 4.80752 3.48977 
4.86773 4.15456 1.70477 
4.86773 3.97425 4.95501 
4.86773 2.72014 4.09259 
4.86773 3.02622 2.86278 
4.86773 4.87608 1.31535 
4.86773 4.80752 3.83482 
1.50169 4.9771 4.11813 
1.50169 4.29252 4.77987 
1.50169 2.45786 2.63461 
1.50169 4.48467 4.57545 
1.50169 3.57457 4.48785 
1.50169 3.97425 3.91288 
1.50169 2.70757 1.56427 
1.50169 3.93332 3.65544 
1.50169 1.86198 1.39765 
1.50169 3.88583 2.53374 
1.50169 3.23415 2.63571 
1.50169 2.72014 3.43464 
1.50169 4.82172 4.93342 
1.50169 4.89295 4.81619 
1.50169 3.02622 4.10056 
1.50169 3.41481 3.57381 
1.50169 4.74663 4.03757 
1.50169 4.94664 4.69072 
1.50169 4.70727 3.9026 
1.50169 3.71153 3.3379 
1.50169 4.82968 4.28734 
1.50169 4.80752 4.79275 
4.9771 4.29252 4.26011 
4.9771 2.45786 3.96405 
4.9771 4.48467 3.59387 
4.9771 3.97425 3.91294 
4.9771 2.70757 4.72998 
4.9771 1.86198 3.59045 
4.9771 3.88583 4.43243 
4.9771 4.82172 4.95835 
4.9771 4.89295 4.72389 
4.9771 4.94664 2.38098 
4.9771 4.70727 1.37182 
4.9771 4.82968 2.57331 
4.29252 2.45786 2.75266 
4.29252 4.48467 1.54082 
4.29252 3.57457 1.47631 
4.29252 3.97425 2.75813 
4.29252 1.86198 3.69696 
4.29252 4.49247 2.44678 
4.29252 4.94664 2.33919 
4.29252 4.70727 4.57923 
4.29252 4.82968 4.77627 
4.29252 4.80752 3.87426 
2.45786 4.48467 2.29926 
2.45786 3.57457 2.63145 
2.45786 3.97425 1.52372 
2.45786 2.70757 4.18178 
2.45786 1.86198 1.31474 
2.45786 3.88583 4.90868 
2.45786 2.72014 3.00501 
2.45786 3.02622 3.88039 
2.45786 3.41481 3.1784 
2.45786 4.49247 3.82311 
2.45786 4.74663 4.11523 
2.45786 4.94664 3.08901 
2.45786 4.70727 4.36862 
2.45786 3.71153 3.37404 
2.45786 4.82968 4.93048 
2.45786 4.80752 2.52048 
4.48467 3.57457 2.61708 
4.48467 3.97425 1.55519 
4.48467 1.86198 3.27338 
4.48467 4.49247 3.69883 
4.48467 4.94664 1.46714 
4.48467 4.70727 4.33786 
4.48467 4.87608 4.33913 
4.48467 4.82968 4.93474 
4.48467 4.80752 2.71747 
3.57457 3.97425 3.20608 
3.57457 1.86198 3.58249 
3.57457 2.72014 4.36085 
3.57457 3.02622 4.56775 
3.57457 4.49247 1.30976 
3.57457 4.94664 3.62363 
3.57457 4.80752 4.11364 
4.15456 2.72014 2.66389 
4.15456 3.02622 1.42255 
4.15456 3.41481 3.80637 
4.15456 3.71153 4.9231 
4.15456 4.87608 2.80576 
3.97425 1.86198 2.5163 
3.97425 2.72014 4.0293 
3.97425 4.89295 4.4162 
3.97425 3.41481 3.86405 
3.97425 4.49247 4.31747 
3.97425 4.74663 4.2885 
3.97425 4.94664 2.50292 
3.97425 4.70727 4.73646 
3.97425 3.71153 3.90407 
3.97425 4.87608 3.69138 
3.97425 4.80752 1.41889 
2.70757 3.93332 2.66407 
2.70757 1.86198 2.89753 
2.70757 3.88583 1.31704 
2.70757 3.23415 1.46788 
2.70757 2.72014 4.59023 
2.70757 4.89295 3.80854 
2.70757 3.41481 4.62319 
2.70757 4.74663 4.65134 
2.70757 4.70727 4.24629 
2.70757 3.71153 4.17133 
2.70757 4.82968 4.51671 
3.93332 1.86198 4.97895 
3.93332 3.88583 3.48325 
3.93332 3.23415 1.20351 
3.93332 4.89295 1.33107 
3.93332 4.87608 4.75027 
1.86198 3.88583 3.60177 
1.86198 3.23415 4.01142 
1.86198 2.72014 3.13572 
1.86198 3.02622 4.02337 
1.86198 3.41481 3.17942 
1.86198 4.49247 4.79397 
1.86198 4.74663 3.716 
1.86198 4.94664 3.57871 
1.86198 4.70727 3.77611 
1.86198 3.71153 3.04297 
1.86198 4.82968 4.36306 
1.86198 4.80752 3.46886 
3.88583 3.23415 2.35157 
3.88583 4.89295 4.53339 
3.88583 4.49247 3.87093 
3.88583 4.74663 4.97061 
3.88583 4.70727 3.94885 
3.88583 3.71153 4.82398 
3.88583 4.82968 4.36236 
3.23415 2.72014 4.80044 
3.23415 4.89295 2.37425 
3.23415 3.41481 4.96579 
3.23415 3.71153 4.66036 
2.72014 4.82172 4.53952 
2.72014 3.02622 1.28095 
2.72014 3.41481 1.34501 
2.72014 4.49247 4.96462 
2.72014 4.74663 3.74768 
2.72014 3.71153 2.44909 
2.72014 4.87608 4.71569 
2.72014 4.80752 4.0012 
4.82172 3.02622 4.87516 
4.82172 3.41481 3.91603 
4.82172 4.74663 4.22325 
4.82172 4.70727 3.75237 
4.82172 3.71153 3.86137 
4.82172 4.82968 2.58581 
4.89295 4.74663 4.92689 
4.89295 4.94664 4.76923 
4.89295 4.87608 4.65676 
4.89295 4.80752 4.33767 
3.02622 3.41481 2.53903 
3.02622 4.49247 4.89236 
3.02622 4.74663 4.95006 
3.02622 3.71153 3.64134 
3.02622 4.87608 3.61541 
3.41481 4.74663 2.48836 
3.41481 3.71153 1.24892 
3.41481 4.82968 4.63723 
3.41481 4.80752 3.57127 
4.49247 4.94664 4.76264 
4.49247 4.70727 4.78181 
4.49247 4.80752 4.9964 
4.74663 4.70727 4.31385 
4.74663 3.71153 1.31235 
4.74663 4.82968 3.56589 
4.74663 4.80752 3.94493 
4.94664 4.70727 3.25206 
4.94664 4.82968 3.96474 
4.94664 4.80752 3.75406 
4.70727 3.71153 4.99074 
4.70727 4.82968 1.27426 
3.71153 4.82968 4.03642 
3.71153 4.80752 3.67696 
4.87608 4.80752 2.58927 
3.58621 2.64228 1.17656 
3.58621 3.78083 4.19559 
3.58621 3.6188 4.59812 
3.58621 3.9311 4.16386 
3.58621 4.99034 1.41016 
3.58621 1.2822 4.52968 
3.58621 4.98197 3.70491 
3.97807 4.18732 4.26011 
3.97807 4.44664 4.20104 
3.97807 4.99978 4.72998 
3.97807 1.2822 4.1006 
3.97807 4.03923 4.43243 
3.97807 4.98197 4.92154 
3.97807 3.32245 4.51721 
3.97807 4.99009 4.95835 
3.97807 3.83465 3.90157 
3.97807 3.10676 1.37182 
3.97807 4.27977 4.83674 
3.97807 3.19974 2.57331 
3.97807 4.78523 4.58854 
2.64228 3.78083 3.85751 
2.64228 3.83926 4.93412 
2.64228 3.6188 4.3176 
2.64228 3.9311 3.67131 
2.64228 4.98525 4.67994 
2.64228 4.99034 2.52402 
2.64228 1.2822 3.75521 
2.64228 4.98197 3.56477 
2.64228 4.99009 4.76584 
2.64228 2.53192 4.63125 
2.64228 3.83465 3.94693 
2.64228 3.10676 4.82974 
2.64228 4.27977 4.42223 
2.64228 3.19974 4.18805 
3.78083 3.83926 2.72903 
3.78083 3.6188 1.51038 
3.78083 3.9311 1.29996 
3.78083 4.44664 4.04113 
3.78083 4.98525 3.84111 
3.78083 1.2822 4.21187 
3.78083 4.98197 4.98731 
3.78083 4.27977 2.62319 
3.78083 4.78523 3.0467 
4.18732 3.83926 2.58812 
4.18732 3.61644 1.47631 
4.18732 3.6188 3.6894 
4.18732 4.44664 1.60086 
4.18732 1.2822 3.12259 
4.18732 3.32245 4.98619 
4.18732 2.53192 2.44678 
4.18732 3.10676 4.57923 
4.18732 3.19974 4.77627 
3.83926 3.61644 3.55091 
3.83926 3.6188 1.2209 
3.83926 3.9311 3.94302 
3.83926 4.44664 1.31403 
3.83926 1.2822 3.40518 
3.83926 2.53192 3.78395 
3.83926 4.27977 4.94745 
3.83926 4.78523 4.88256 
3.61644 3.6188 4.41209 
3.61644 4.44664 2.90988 
3.61644 1.2822 2.51577 
3.61644 3.32245 3.72629 
3.61644 2.53192 1.30976 
3.6188 3.9311 2.7515 
3.6188 4.44664 2.53442 
3.6188 1.2822 3.58819 
3.6188 4.98197 4.96773 
3.6188 2.53192 4.34192 
3.6188 4.27977 3.85877 
3.6188 4.78523 3.94355 
3.9311 4.98525 2.58298 
3.9311 1.2822 4.66055 
3.9311 3.32245 4.90017 
3.9311 4.27977 1.5432 
3.9311 3.19974 4.79818 
3.9311 4.78523 2.45007 
4.44664 1.2822 3.67808 
4.44664 2.53192 3.5636 
4.44664 3.10676 4.49931 
4.44664 3.19974 4.584 
4.98525 4.99978 4.67462 
4.98525 4.03923 4.64558 
4.98525 3.83465 4.01451 
4.98525 3.10676 4.56662 
4.98525 4.27977 1.42895 
4.98525 3.19974 3.99508 
4.98525 4.78523 2.51281 
4.99034 4.98197 4.03815 
4.99978 4.03923 1.31704 
4.99978 3.32245 2.60359 
4.99978 3.83465 4.95731 
4.99978 3.10676 4.24629 
4.99978 3.19974 4.51671 
1.2822 4.03923 3.87986 
1.2822 3.32245 2.87569 
1.2822 2.53192 1.42744 
1.2822 3.83465 4.91542 
1.2822 3.10676 3.59937 
1.2822 3.19974 4.07097 
4.03923 3.32245 1.28688 
4.03923 2.53192 3.87093 
4.03923 3.83465 4.97213 
4.03923 3.10676 3.94885 
4.03923 3.19974 4.36236 
4.98197 4.99009 4.52128 
4.98197 3.83465 4.7028 
4.98197 4.27977 4.49405 
4.98197 4.78523 3.14404 
3.32245 2.53192 2.62011 
3.32245 3.10676 4.06549 
3.32245 3.19974 4.57267 
4.99009 3.83465 1.38903 
4.99009 3.10676 3.75237 
4.99009 3.19974 2.58581 
2.53192 3.10676 4.78181 
3.83465 3.10676 2.62057 
3.83465 4.27977 4.48184 
3.83465 3.19974 1.35595 
3.10676 4.27977 4.34208 
3.10676 3.19974 1.27426 
3.10676 4.78523 4.50452 
4.27977 3.19974 4.10028 
4.27977 4.78523 1.40664 
3.19974 4.78523 4.63127 
3.12062 4.7623 4.11813 
3.12062 2.34518 4.77987 
3.12062 1.42327 2.63461 
3.12062 2.73485 4.57545 
3.12062 1.52576 4.48785 
3.12062 2.59165 3.91288 
3.12062 4.63149 1.56427 
3.12062 2.23073 1.39765 
3.12062 3.04383 3.43464 
3.12062 4.41983 3.70259 
3.12062 3.45951 4.10056 
3.12062 3.75596 3.57381 
3.12062 4.38048 4.42677 
3.12062 3.67235 4.69072 
3.12062 4.87429 3.9026 
3.12062 4.30164 3.3379 
3.12062 3.48977 4.79275 
4.7623 2.34518 4.26011 
4.7623 1.42327 3.96405 
4.7623 4.51731 3.20195 
4.7623 2.73485 3.59387 
4.7623 2.59165 3.91294 
4.7623 3.86658 4.20104 
4.7623 4.63149 4.72998 
4.7623 3.96576 4.1006 
4.7623 2.23073 3.59045 
4.7623 4.41983 4.51721 
4.7623 4.38048 1.34777 
4.7623 3.67235 2.38098 
4.7623 4.87429 1.37182 
2.34518 1.42327 2.75266 
2.34518 4.78036 2.58812 
2.34518 4.51731 2.53236 
2.34518 2.73485 1.54082 
2.34518 1.52576 1.47631 
2.34518 2.59165 2.75813 
2.34518 3.86658 1.60086 
2.34518 3.96576 3.12259 
2.34518 2.23073 3.69696 
2.34518 4.41983 4.98619 
2.34518 4.38048 3.61844 
2.34518 2.59989 2.44678 
2.34518 3.67235 2.33919 
2.34518 4.68171 4.75298 
2.34518 4.87429 4.57923 
2.34518 3.48977 3.87426 
1.42327 4.51731 4.31899 
1.42327 2.73485 2.29926 
1.42327 1.52576 2.63145 
1.42327 2.59165 1.52372 
1.42327 3.86658 4.12719 
1.42327 4.63149 4.18178 
1.42327 2.23073 1.31474 
1.42327 3.04383 3.00501 
1.42327 3.45951 3.88039 
1.42327 3.75596 3.1784 
1.42327 4.38048 3.45581 
1.42327 2.59989 3.82311 
1.42327 3.67235 3.08901 
1.42327 4.68171 3.84217 
1.42327 4.87429 4.36862 
1.42327 4.30164 3.37404 
1.42327 3.48977 2.52048 
4.78036 4.51731 2.47267 
4.78036 2.73485 3.60819 
4.78036 1.52576 3.55091 
4.78036 3.86658 1.31403 
4.78036 3.96576 3.40518 
4.78036 3.75596 4.49954 
4.78036 4.38048 4.88277 
4.78036 2.59989 3.78395 
4.78036 3.67235 3.59824 
4.78036 4.68171 4.78164 
4.78036 4.30164 4.95485 
4.51731 2.73485 2.40745 
4.51731 1.52576 3.9738 
4.51731 2.59165 3.82088 
4.51731 3.86658 1.47877 
4.51731 2.23073 4.86172 
4.51731 4.38048 2.5821 
4.51731 2.59989 4.86217 
4.51731 3.67235 1.51461 
4.51731 4.87429 3.77443 
2.73485 1.52576 2.61708 
2.73485 2.59165 1.55519 
2.73485 3.86658 2.36542 
2.73485 3.96576 4.47879 
2.73485 2.23073 3.27338 
2.73485 4.38048 2.59174 
2.73485 2.59989 3.69883 
2.73485 3.67235 1.46714 
2.73485 4.68171 3.58112 
2.73485 4.87429 4.33786 
2.73485 3.48977 2.71747 
1.52576 2.59165 3.20608 
1.52576 3.86658 2.90988 
1.52576 3.96576 2.51577 
1.52576 2.23073 3.58249 
1.52576 3.04383 4.36085 
1.52576 4.41983 3.72629 
1.52576 3.45951 4.56775 
1.52576 4.38048 4.72002 
1.52576 2.59989 1.30976 
1.52576 3.67235 3.62363 
1.52576 3.48977 4.11364 
4.58508 3.04383 2.66389 
4.58508 4.41983 4.76398 
4.58508 3.45951 1.42255 
4.58508 3.75596 3.80637 
4.58508 4.68171 4.08453 
4.58508 4.30164 4.9231 
2.59165 3.86658 3.89106 
2.59165 2.23073 2.5163 
2.59165 3.04383 4.0293 
2.59165 3.75596 3.86405 
2.59165 4.38048 2.9399 
2.59165 2.59989 4.31747 
2.59165 3.67235 2.50292 
2.59165 4.68171 2.61927 
2.59165 4.87429 4.73646 
2.59165 4.30164 3.90407 
2.59165 3.48977 1.41889 
3.86658 3.96576 3.67808 
3.86658 2.23073 4.8729 
3.86658 4.38048 3.643 
3.86658 2.59989 3.5636 
3.86658 3.67235 2.31531 
3.86658 4.87429 4.49931 
4.63149 2.23073 2.89753 
4.63149 3.04383 4.59023 
4.63149 4.41983 2.60359 
4.63149 3.75596 4.62319 
4.63149 4.87429 4.24629 
4.63149 4.30164 4.17133 
3.96576 4.41983 2.87569 
3.96576 2.59989 1.42744 
3.96576 4.87429 3.59937 
2.23073 3.04383 3.13572 
2.23073 4.41983 4.57413 
2.23073 3.45951 4.02337 
2.23073 3.75596 3.17942 
2.23073 4.38048 3.49467 
2.23073 2.59989 4.79397 
2.23073 3.67235 3.57871 
2.23073 4.68171 4.8078 
2.23073 4.87429 3.77611 
2.23073 4.30164 3.04297 
2.23073 3.48977 3.46886 
3.04383 3.45951 1.28095 
3.04383 3.75596 1.34501 
3.04383 2.59989 4.96462 
3.04383 4.30164 2.44909 
3.04383 3.48977 4.0012 
4.41983 3.45951 4.8456 
4.41983 2.59989 2.62011 
4.41983 4.87429 4.06549 
3.45951 3.75596 2.53903 
3.45951 2.59989 4.89236 
3.45951 4.68171 4.86835 
3.45951 4.30164 3.64134 
3.75596 4.68171 4.49291 
3.75596 4.30164 1.24892 
3.75596 3.48977 3.57127 
4.38048 3.67235 1.41202 
4.38048 4.68171 4.97008 
4.38048 4.87429 2.61326 
4.38048 3.48977 4.09158 
2.59989 3.67235 4.76264 
2.59989 4.87429 4.78181 
2.59989 3.48977 4.9964 
3.67235 4.68171 4.59684 
3.67235 4.87429 3.25206 
3.67235 3.48977 3.75406 
4.68171 4.30164 4.61376 
4.68171 3.48977 1.343 
4.87429 4.30164 4.99074 
4.30164 3.48977 3.67696 
3.5647 2.57668 1.46765 
3.5647 1.17656 4.67493 
3.5647 3.26997 3.96252 
3.5647 4.19559 4.81461 
3.5647 3.20633 2.71328 
3.5647 2.52741 1.70477 
3.5647 4.59812 4.94897 
3.5647 1.41016 2.16631 
3.5647 4.74549 4.47355 
3.5647 4.06458 4.09259 
3.5647 4.30703 4.13337 
3.5647 3.32084 2.86278 
3.5647 4.8318 1.31535 
2.57668 1.17656 3.5561 
2.57668 3.26997 2.56138 
2.57668 4.19559 4.47359 
2.57668 3.20633 1.45033 
2.57668 2.52741 2.01161 
2.57668 4.59812 4.59898 
2.57668 4.16386 4.90857 
2.57668 1.41016 1.38306 
2.57668 4.74549 4.46146 
2.57668 4.06458 4.6227 
2.57668 3.70491 3.75625 
2.57668 4.30703 2.94983 
2.57668 3.32084 3.42012 
2.57668 4.8318 2.63059 
1.17656 3.26997 3.53688 
1.17656 4.19559 3.85751 
1.17656 3.20633 3.85571 
1.17656 2.52741 3.65258 
1.17656 4.59812 4.3176 
1.17656 4.16386 3.67131 
1.17656 4.73578 4.39891 
1.17656 1.41016 2.52402 
1.17656 4.52968 3.75521 
1.17656 4.06458 4.93628 
1.17656 3.70491 3.56477 
1.17656 4.30703 4.62701 
1.17656 3.32084 4.33821 
3.26997 4.19559 4.06833 
3.26997 3.20633 1.35688 
3.26997 2.52741 4.35896 
3.26997 4.59812 4.16153 
3.26997 4.16386 4.2766 
3.26997 4.73578 2.55907 
3.26997 1.41016 3.15094 
3.26997 3.70491 1.31934 
3.26997 4.30703 1.39467 
3.26997 4.8318 4.88509 
4.19559 3.20633 3.56293 
4.19559 4.59812 1.51038 
4.19559 4.16386 1.29996 
4.19559 4.52968 4.21187 
4.19559 4.06458 4.5669 
4.19559 3.70491 4.98731 
4.19559 4.30703 3.31501 
4.19559 3.32084 4.90515 
4.19559 4.73629 4.52058 
4.19559 4.8318 4.64868 
3.20633 2.52741 3.44002 
3.20633 4.59812 3.81208 
3.20633 4.16386 3.8608 
3.20633 4.73578 3.91143 
3.20633 1.41016 2.50545 
3.20633 3.70491 2.67148 
3.20633 4.30703 1.55284 
3.20633 3.32084 4.84557 
3.20633 4.8318 3.58423 
2.52741 1.41016 1.37067 
2.52741 4.74549 4.46267 
2.52741 4.06458 2.66389 
2.52741 4.30703 4.89709 
2.52741 3.32084 1.42255 
2.52741 4.73629 3.80637 
2.52741 4.8318 2.80576 
4.59812 4.16386 2.7515 
4.59812 4.52968 3.58819 
4.59812 4.06458 4.7244 
4.59812 3.70491 4.96773 
4.59812 4.30703 3.89515 
4.59812 4.73629 4.28171 
4.59812 4.8318 4.76299 
4.16386 4.52968 4.66055 
4.16386 4.30703 3.16989 
4.73578 4.74549 4.63467 
4.73578 3.70491 1.3003 
4.73578 4.30703 3.3256 
1.41016 4.74549 4.43319 
1.41016 4.06458 3.66649 
1.41016 3.70491 4.03815 
1.41016 4.30703 3.88186 
1.41016 3.32084 2.59243 
1.41016 4.73629 4.61596 
1.41016 4.8318 3.45432 
4.74549 3.70491 4.9285 
4.74549 3.32084 4.74425 
4.74549 4.8318 4.67408 
4.06458 3.32084 1.28095 
4.06458 4.73629 1.34501 
4.06458 4.8318 4.71569 
3.70491 4.30703 2.28161 
4.30703 4.8318 4.86962 
3.32084 4.73629 2.53903 
3.32084 4.8318 3.61541 
1.46765 4.67493 3.5561 
1.46765 3.96252 2.56138 
1.46765 4.81461 4.47359 
1.46765 2.71328 1.45033 
1.46765 1.70477 2.01161 
1.46765 4.94897 4.59898 
1.46765 2.16631 1.38306 
1.46765 4.47355 4.46146 
1.46765 4.09259 4.6227 
1.46765 4.13337 2.94983 
1.46765 2.86278 3.42012 
1.46765 2.51098 3.5757 
1.46765 1.31535 2.63059 
1.46765 3.83482 4.87329 
4.67493 3.96252 3.53688 
4.67493 4.81461 3.85751 
4.67493 2.71328 3.85571 
4.67493 1.70477 3.65258 
4.67493 4.94897 4.3176 
4.67493 2.16631 2.52402 
4.67493 4.09259 4.93628 
4.67493 4.13337 4.62701 
4.67493 2.86278 4.33821 
3.96252 4.81461 4.06833 
3.96252 2.71328 1.35688 
3.96252 1.70477 4.35896 
3.96252 4.94897 4.16153 
3.96252 2.16631 3.15094 
3.96252 4.13337 1.39467 
3.96252 1.31535 4.88509 
4.81461 2.71328 3.56293 
4.81461 4.94897 1.51038 
4.81461 4.09259 4.5669 
4.81461 4.13337 3.31501 
4.81461 2.86278 4.90515 
4.81461 2.51098 4.11842 
4.81461 1.31535 4.64868 
4.81461 3.83482 4.41017 
2.71328 1.70477 3.44002 
2.71328 4.94897 3.81208 
2.71328 2.16631 2.50545 
2.71328 4.13337 1.55284 
2.71328 2.86278 4.84557 
2.71328 2.51098 4.16396 
2.71328 1.31535 3.58423 
1.70477 2.16631 1.37067 
1.70477 4.47355 4.46267 
1.70477 4.09259 2.66389 
1.70477 4.13337 4.89709 
1.70477 2.86278 1.42255 
1.70477 2.51098 4.08453 
1.70477 1.31535 2.80576 
4.94897 4.09259 4.7244 
4.94897 4.13337 3.89515 
4.94897 2.51098 4.23543 
4.94897 1.31535 4.76299 
4.94897 3.83482 4.58609 
4.95501 4.09259 4.0293 
4.95501 2.51098 2.61927 
4.95501 1.31535 3.69138 
4.95501 3.83482 1.41889 
2.16631 4.47355 4.43319 
2.16631 4.09259 3.66649 
2.16631 4.13337 3.88186 
2.16631 2.86278 2.59243 
2.16631 2.51098 4.60097 
2.16631 1.31535 3.45432 
4.47355 2.86278 4.74425 
4.47355 1.31535 4.67408 
4.09259 2.86278 1.28095 
4.09259 1.31535 4.71569 
4.09259 3.83482 4.0012 
4.13337 1.31535 4.86962 
2.86278 2.51098 4.86835 
2.86278 1.31535 3.61541 
2.51098 1.31535 1.29953 
2.51098 3.83482 1.343 
1.31535 3.83482 2.58927 
3.5561 2.56138 3.53688 
3.5561 4.47359 3.85751 
3.5561 1.45033 3.85571 
3.5561 2.01161 3.65258 
3.5561 4.59898 4.3176 
3.5561 4.90857 3.67131 
3.5561 1.38306 2.52402 
3.5561 4.6227 4.93628 
3.5561 3.75625 3.56477 
3.5561 2.94983 4.62701 
3.5561 3.42012 4.33821 
2.56138 4.47359 4.06833 
2.56138 1.45033 1.35688 
2.56138 2.01161 4.35896 
2.56138 4.59898 4.16153 
2.56138 4.90857 4.2766 
2.56138 1.38306 3.15094 
2.56138 4.91613 4.91235 
2.56138 3.75625 1.31934 
2.56138 2.94983 1.39467 
2.56138 2.63059 4.88509 
2.56138 4.18232 2.62293 
4.47359 1.45033 3.56293 
4.47359 4.59898 1.51038 
4.47359 4.90857 1.29996 
4.47359 4.6227 4.5669 
4.47359 3.75625 4.98731 
4.47359 2.94983 3.31501 
4.47359 3.42012 4.90515 
4.47359 3.5757 4.11842 
4.47359 2.63059 4.64868 
4.47359 4.87329 4.41017 
4.47359 4.18232 3.0467 
1.45033 2.01161 3.44002 
1.45033 4.59898 3.81208 
1.45033 4.90857 3.8608 
1.45033 1.38306 2.50545 
1.45033 4.91613 4.64637 
1.45033 3.75625 2.67148 
1.45033 2.94983 1.55284 
1.45033 3.42012 4.84557 
1.45033 3.5757 4.16396 
1.45033 2.63059 3.58423 
1.45033 4.18232 2.81445 
2.01161 1.38306 1.37067 
2.01161 4.46146 4.46267 
2.01161 4.6227 2.66389 
2.01161 2.94983 4.89709 
2.01161 3.42012 1.42255 
2.01161 3.5757 4.08453 
2.01161 2.63059 2.80576 
4.59898 4.90857 2.7515 
4.59898 4.6227 4.7244 
4.59898 3.75625 4.96773 
4.59898 2.94983 3.89515 
4.59898 3.5757 4.23543 
4.59898 2.63059 4.76299 
4.59898 4.87329 4.58609 
4.59898 4.18232 3.94355 
4.90857 2.94983 3.16989 
4.90857 3.5757 4.86049 
4.90857 4.18232 2.45007 
1.38306 4.46146 4.43319 
1.38306 4.6227 3.66649 
1.38306 3.75625 4.03815 
1.38306 2.94983 3.88186 
1.38306 3.42012 2.59243 
1.38306 3.5757 4.60097 
1.38306 2.63059 3.45432 
4.91613 2.94983 4.2742 
4.91613 3.5757 4.89174 
4.91613 2.63059 4.75027 
4.91613 4.18232 4.58553 
4.46146 3.75625 4.9285 
4.46146 3.42012 4.74425 
4.46146 2.63059 4.67408 
4.6227 3.42012 1.28095 
4.6227 2.63059 4.71569 
4.6227 4.87329 4.0012 
3.75625 2.94983 2.28161 
3.75625 4.18232 3.14404 
2.94983 2.63059 4.86962 
2.94983 4.18232 1.35415 
3.42012 3.5757 4.86835 
3.42012 2.63059 3.61541 
3.5757 2.63059 1.29953 
3.5757 4.87329 1.343 
2.63059 4.87329 2.58927 
4.11813 4.77987 4.26011 
4.11813 2.63461 3.96405 
4.11813 4.57545 3.59387 
4.11813 3.91288 3.91294 
4.11813 1.56427 4.72998 
4.11813 1.39765 3.59045 
4.11813 2.53374 4.43243 
4.11813 3.70259 4.51721 
4.11813 4.93342 4.95835 
4.11813 4.81619 4.72389 
4.11813 4.42677 1.34777 
4.11813 4.84199 3.90157 
4.11813 4.69072 2.38098 
4.11813 3.9026 1.37182 
4.11813 4.28734 2.57331 
4.77987 2.63461 2.75266 
4.77987 4.57545 1.54082 
4.77987 4.48785 1.47631 
4.77987 3.91288 2.75813 
4.77987 1.39765 3.69696 
4.77987 3.70259 4.98619 
4.77987 4.42677 3.61844 
4.77987 4.69072 2.33919 
4.77987 3.9026 4.57923 
4.77987 4.28734 4.77627 
4.77987 4.79275 3.87426 
2.63461 4.57545 2.29926 
2.63461 4.48785 2.63145 
2.63461 3.91288 1.52372 
2.63461 4.32306 4.67832 
2.63461 1.56427 4.18178 
2.63461 1.39765 1.31474 
2.63461 2.53374 4.90868 
2.63461 3.43464 3.00501 
2.63461 4.10056 3.88039 
2.63461 3.57381 3.1784 
2.63461 4.42677 3.45581 
2.63461 4.03757 4.11523 
2.63461 4.69072 3.08901 
2.63461 3.9026 4.36862 
2.63461 3.3379 3.37404 
2.63461 4.28734 4.93048 
2.63461 4.79275 2.52048 
4.57545 4.48785 2.61708 
4.57545 3.91288 1.55519 
4.57545 1.39765 3.27338 
4.57545 4.42677 2.59174 
4.57545 4.69072 1.46714 
4.57545 3.9026 4.33786 
4.57545 4.28734 4.93474 
4.57545 4.79275 2.71747 
4.48785 3.91288 3.20608 
4.48785 1.39765 3.58249 
4.48785 3.43464 4.36085 
4.48785 3.70259 3.72629 
4.48785 4.10056 4.56775 
4.48785 4.42677 4.72002 
4.48785 4.69072 3.62363 
4.48785 4.79275 4.11364 
3.91288 4.32306 4.71757 
3.91288 1.39765 2.5163 
3.91288 3.43464 4.0293 
3.91288 4.81619 4.4162 
3.91288 3.57381 3.86405 
3.91288 4.42677 2.9399 
3.91288 4.03757 4.2885 
3.91288 4.69072 2.50292 
3.91288 3.9026 4.73646 
3.91288 3.3379 3.90407 
3.91288 4.79275 1.41889 
4.32306 1.56427 4.67462 
4.32306 1.39765 4.09805 
4.32306 2.53374 4.64558 
4.32306 3.43464 4.8562 
4.32306 4.81619 4.31611 
4.32306 3.57381 3.67938 
4.32306 4.84199 4.01451 
4.32306 4.03757 1.26905 
4.32306 3.9026 4.56662 
4.32306 3.3379 2.45189 
4.32306 4.28734 3.99508 
4.32306 4.79275 4.53939 
1.56427 3.65544 2.66407 
1.56427 1.39765 2.89753 
1.56427 2.53374 1.31704 
1.56427 2.63571 1.46788 
1.56427 3.43464 4.59023 
1.56427 3.70259 2.60359 
1.56427 4.81619 3.80854 
1.56427 3.57381 4.62319 
1.56427 4.84199 4.95731 
1.56427 4.03757 4.65134 
1.56427 3.9026 4.24629 
1.56427 3.3379 4.17133 
1.56427 4.28734 4.51671 
3.65544 1.39765 4.97895 
3.65544 2.53374 3.48325 
3.65544 2.63571 1.20351 
3.65544 3.70259 4.51019 
3.65544 4.81619 1.33107 
3.65544 4.42677 4.93831 
1.39765 2.53374 3.60177 
1.39765 2.63571 4.01142 
1.39765 3.43464 3.13572 
1.39765 3.70259 4.57413 
1.39765 4.10056 4.02337 
1.39765 3.57381 3.17942 
1.39765 4.42677 3.49467 
1.39765 4.03757 3.716 
1.39765 4.69072 3.57871 
1.39765 3.9026 3.77611 
1.39765 3.3379 3.04297 
1.39765 4.28734 4.36306 
1.39765 4.79275 3.46886 
2.53374 2.63571 2.35157 
2.53374 3.70259 1.28688 
2.53374 4.81619 4.53339 
2.53374 4.84199 4.97213 
2.53374 4.03757 4.97061 
2.53374 3.9026 3.94885 
2.53374 3.3379 4.82398 
2.53374 4.28734 4.36236 
2.63571 3.43464 4.80044 
2.63571 3.70259 3.48394 
2.63571 4.81619 2.37425 
2.63571 3.57381 4.96579 
2.63571 3.3379 4.66036 
3.43464 4.93342 4.53952 
3.43464 4.10056 1.28095 
3.43464 3.57381 1.34501 
3.43464 4.84199 4.86621 
3.43464 4.03757 3.74768 
3.43464 3.3379 2.44909 
3.43464 4.79275 4.0012 
3.70259 4.10056 4.8456 
3.70259 3.9026 4.06549 
3.70259 4.28734 4.57267 
4.93342 4.10056 4.87516 
4.93342 3.57381 3.91603 
4.93342 4.84199 1.38903 
4.93342 4.03757 4.22325 
4.93342 3.9026 3.75237 
4.93342 3.3379 3.86137 
4.93342 4.28734 2.58581 
4.81619 4.42677 3.90299 
4.81619 4.03757 4.92689 
4.81619 4.69072 4.76923 
4.81619 4.79275 4.33767 
4.10056 3.57381 2.53903 
4.10056 4.03757 4.95006 
4.10056 3.3379 3.64134 
3.57381 4.84199 3.91122 
3.57381 4.03757 2.48836 
3.57381 3.3379 1.24892 
3.57381 4.28734 4.63723 
3.57381 4.79275 3.57127 
4.42677 4.84199 4.91282 
4.42677 4.69072 1.41202 
4.42677 3.9026 2.61326 
4.42677 4.28734 3.67919 
4.42677 4.79275 4.09158 
4.84199 4.03757 3.38182 
4.84199 4.69072 4.95741 
4.84199 3.9026 2.62057 
4.84199 3.3379 3.4533 
4.84199 4.28734 1.35595 
4.03757 3.9026 4.31385 
4.03757 3.3379 1.31235 
4.03757 4.28734 3.56589 
4.03757 4.79275 3.94493 
4.69072 3.9026 3.25206 
4.69072 4.28734 3.96474 
4.69072 4.79275 3.75406 
3.9026 3.3379 4.99074 
3.9026 4.28734 1.27426 
3.3379 4.28734 4.03642 
3.3379 4.79275 3.67696 
4.26011 3.96405 2.75266 
4.26011 3.20195 2.53236 
4.26011 3.59387 1.54082 
4.26011 3.58529 3.60329 
4.26011 3.91294 2.75813 
4.26011 4.20104 1.60086 
4.26011 4.1006 3.12259 
4.26011 3.59045 3.69696 
4.26011 4.51721 4.98619 
4.26011 1.34777 3.61844 
4.26011 2.41775 4.84961 
4.26011 2.38098 2.33919 
4.26011 1.37182 4.57923 
4.26011 2.57331 4.77627 
3.96405 3.20195 4.31899 
3.96405 3.59387 2.29926 
3.96405 3.91294 1.52372 
3.96405 4.20104 4.12719 
3.96405 4.72998 4.18178 
3.96405 3.58333 4.3444 
3.96405 3.59045 1.31474 
3.96405 4.43243 4.90868 
3.96405 1.34777 3.45581 
3.96405 2.41775 4.20086 
3.96405 2.38098 3.08901 
3.96405 1.37182 4.36862 
3.96405 2.57331 4.93048 
3.20195 3.59387 2.40745 
3.20195 3.58529 1.22748 
3.20195 3.91294 3.82088 
3.20195 4.20104 1.47877 
3.20195 3.58333 4.9038 
3.20195 3.59045 4.86172 
3.20195 1.34777 2.5821 
3.20195 3.90157 4.91497 
3.20195 2.41775 3.83528 
3.20195 2.38098 1.51461 
3.20195 3.0377 4.61719 
3.20195 1.37182 3.77443 
3.20195 2.57331 4.14288 
3.59387 3.58529 3.14282 
3.59387 3.91294 1.55519 
3.59387 4.20104 2.36542 
3.59387 4.1006 4.47879 
3.59387 3.58333 4.01397 
3.59387 3.59045 3.27338 
3.59387 1.34777 2.59174 
3.59387 2.41775 3.51568 
3.59387 2.38098 1.46714 
3.59387 3.0377 4.83948 
3.59387 1.37182 4.33786 
3.59387 2.57331 4.93474 
3.58529 3.91294 4.41447 
3.58529 4.16054 4.41286 
3.58529 4.20104 2.52702 
3.58529 3.58333 4.77107 
3.58529 4.95835 4.64399 
3.58529 1.34777 2.83825 
3.58529 3.80504 4.31464 
3.58529 2.41775 3.69498 
3.58529 2.38098 2.15843 
3.58529 3.0377 4.17242 
3.58529 1.37182 4.3845 
3.58529 2.57331 4.90396 
3.58529 4.58854 4.97442 
3.91294 4.20104 3.89106 
3.91294 3.58333 3.36512 
3.91294 3.59045 2.5163 
3.91294 4.72389 4.4162 
3.91294 1.34777 2.9399 
3.91294 2.41775 3.35834 
3.91294 2.38098 2.50292 
3.91294 3.0377 4.81337 
3.91294 1.37182 4.73646 
4.16054 4.72998 4.9074 
4.16054 3.58333 4.47394 
4.16054 4.43243 4.87419 
4.16054 4.92154 1.3003 
4.16054 4.95835 4.43031 
4.16054 4.72389 4.68186 
4.16054 1.34777 4.09958 
4.16054 3.90157 4.75841 
4.16054 3.80504 1.30109 
4.16054 2.41775 3.58505 
4.16054 3.0377 2.33958 
4.16054 4.58854 3.83332 
4.20104 4.1006 3.67808 
4.20104 3.59045 4.8729 
4.20104 1.34777 3.643 
4.20104 2.41775 4.96761 
4.20104 2.38098 2.31531 
4.20104 1.37182 4.49931 
4.20104 2.57331 4.584 
4.72998 3.58333 4.72088 
4.72998 3.59045 2.89753 
4.72998 4.43243 1.31704 
4.72998 4.51721 2.60359 
4.72998 4.72389 3.80854 
4.72998 3.90157 4.95731 
4.72998 3.80504 4.10748 
4.72998 3.0377 4.46672 
4.72998 1.37182 4.24629 
4.72998 2.57331 4.51671 
4.1006 4.43243 3.87986 
4.1006 4.51721 2.87569 
4.1006 3.90157 4.91542 
4.1006 1.37182 3.59937 
4.1006 2.57331 4.07097 
3.58333 3.59045 4.38125 
3.58333 4.72389 1.2667 
3.58333 1.34777 2.72363 
3.58333 3.80504 3.24938 
3.58333 2.41775 1.34789 
3.58333 2.38098 3.61941 
3.58333 3.0377 2.17252 
3.58333 1.37182 4.87025 
3.58333 4.83674 4.43895 
3.58333 4.58854 4.44593 
3.59045 4.43243 3.60177 
3.59045 4.51721 4.57413 
3.59045 1.34777 3.49467 
3.59045 2.41775 4.1975 
3.59045 2.38098 3.57871 
3.59045 1.37182 3.77611 
3.59045 2.57331 4.36306 
4.43243 4.51721 1.28688 
4.43243 4.72389 4.53339 
4.43243 3.90157 4.97213 
4.43243 3.80504 4.27566 
4.43243 3.0377 4.84795 
4.43243 1.37182 3.94885 
4.43243 2.57331 4.36236 
4.92154 4.95835 4.52128 
4.92154 3.90157 4.7028 
4.92154 3.80504 2.59676 
4.92154 2.41775 4.78709 
4.92154 3.0377 3.59996 
4.92154 4.83674 4.49405 
4.92154 4.58854 3.14404 
4.51721 3.80504 4.76289 
4.51721 1.37182 4.06549 
4.51721 2.57331 4.57267 
4.95835 3.90157 1.38903 
4.95835 3.80504 4.78435 
4.95835 1.37182 3.75237 
4.95835 2.57331 2.58581 
4.72389 1.34777 3.90299 
4.72389 3.80504 3.38106 
4.72389 2.41775 2.39799 
4.72389 2.38098 4.76923 
4.72389 3.0377 2.58161 
4.72389 4.83674 4.39613 
4.72389 4.58854 4.0143 
1.34777 3.90157 4.91282 
1.34777 3.80504 3.48096 
1.34777 2.41775 1.56303 
1.34777 2.38098 1.41202 
1.34777 3.0377 2.62 
1.34777 1.37182 2.61326 
1.34777 2.57331 3.67919 
3.90157 2.38098 4.95741 
3.90157 1.37182 2.62057 
3.90157 4.83674 4.48184 
3.90157 2.57331 1.35595 
3.80504 2.41775 2.56194 
3.80504 2.38098 4.51183 
3.80504 3.0377 1.20063 
3.80504 1.37182 4.96623 
3.80504 4.58854 4.84433 
2.41775 2.38098 2.68209 
2.41775 3.0377 1.46232 
2.41775 1.37182 3.77371 
2.41775 2.57331 4.98254 
2.38098 3.0377 3.79982 
2.38098 1.37182 3.25206 
2.38098 2.57331 3.96474 
3.0377 1.37182 4.30157 
1.37182 4.83674 4.34208 
1.37182 2.57331 1.27426 
1.37182 4.58854 4.50452 
4.83674 2.57331 4.10028 
4.83674 4.58854 1.40664 
2.57331 4.58854 4.63127 
3.53688 3.85751 4.06833 
3.53688 4.93412 4.63284 
3.53688 3.85571 1.35688 
3.53688 3.65258 4.35896 
3.53688 4.3176 4.16153 
3.53688 3.67131 4.2766 
3.53688 4.39891 2.55907 
3.53688 2.52402 3.15094 
3.53688 3.56477 1.31934 
3.53688 4.62701 1.39467 
3.53688 4.42223 3.90926 
3.85751 4.93412 2.72903 
3.85751 3.85571 3.56293 
3.85751 4.3176 1.51038 
3.85751 3.67131 1.29996 
3.85751 4.67994 3.84111 
3.85751 3.75521 4.21187 
3.85751 4.93628 4.5669 
3.85751 3.56477 4.98731 
3.85751 4.62701 3.31501 
3.85751 4.33821 4.90515 
3.85751 4.42223 2.62319 
4.93412 3.85571 4.44131 
4.93412 4.3176 1.2209 
4.93412 3.67131 3.94302 
4.93412 3.75521 3.40518 
4.93412 4.62701 4.68934 
4.93412 4.63125 3.78395 
4.93412 4.42223 4.94745 
3.85571 3.65258 3.44002 
3.85571 4.3176 3.81208 
3.85571 3.67131 3.8608 
3.85571 4.39891 3.91143 
3.85571 2.52402 2.50545 
3.85571 3.56477 2.67148 
3.85571 4.62701 1.55284 
3.85571 4.33821 4.84557 
3.85571 4.42223 3.8351 
3.65258 2.52402 1.37067 
3.65258 4.93628 2.66389 
3.65258 4.62701 4.89709 
3.65258 4.33821 1.42255 
4.3176 3.67131 2.7515 
4.3176 3.75521 3.58819 
4.3176 4.93628 4.7244 
4.3176 3.56477 4.96773 
4.3176 4.62701 3.89515 
4.3176 4.63125 4.34192 
4.3176 4.42223 3.85877 
3.67131 4.67994 2.58298 
3.67131 3.75521 4.66055 
3.67131 4.62701 3.16989 
3.67131 4.42223 1.5432 
3.67131 4.18805 4.79818 
4.39891 3.56477 1.3003 
4.39891 4.62701 3.3256 
4.39891 4.76584 4.43031 
4.39891 3.94693 4.75841 
4.67994 4.93628 4.8562 
4.67994 4.62701 3.78401 
4.67994 3.94693 4.01451 
4.67994 4.82974 4.56662 
4.67994 4.42223 1.42895 
4.67994 4.18805 3.99508 
2.52402 4.93628 3.66649 
2.52402 3.56477 4.03815 
2.52402 4.62701 3.88186 
2.52402 4.33821 2.59243 
3.75521 4.63125 1.42744 
3.75521 3.94693 4.91542 
3.75521 4.82974 3.59937 
3.75521 4.18805 4.07097 
4.93628 4.76584 4.53952 
4.93628 4.33821 1.28095 
4.93628 4.63125 4.96462 
4.93628 3.94693 4.86621 
3.56477 4.62701 2.28161 
3.56477 4.76584 4.52128 
3.56477 3.94693 4.7028 
3.56477 4.42223 4.49405 
4.62701 4.42223 2.61688 
4.76584 4.33821 4.87516 
4.76584 3.94693 1.38903 
4.76584 4.82974 3.75237 
4.76584 4.18805 2.58581 
4.33821 4.63125 4.89236 
4.63125 4.82974 4.78181 
3.94693 4.82974 2.62057 
3.94693 4.42223 4.48184 
3.94693 4.18805 1.35595 
4.82974 4.42223 4.34208 
4.82974 4.18805 1.27426 
4.42223 4.18805 4.10028 
4.06833 4.63284 2.72903 
4.06833 1.35688 3.56293 
4.06833 4.16153 1.51038 
4.06833 4.2766 1.29996 
4.06833 1.31934 4.98731 
4.06833 1.39467 3.31501 
4.06833 3.90926 2.62319 
4.06833 4.88509 4.64868 
4.06833 2.62293 3.0467 
4.63284 1.35688 4.44131 
4.63284 4.16153 1.2209 
4.63284 4.2766 3.94302 
4.63284 1.39467 4.68934 
4.63284 3.90926 4.94745 
4.63284 2.62293 4.88256 
1.35688 4.35896 3.44002 
1.35688 4.16153 3.81208 
1.35688 4.2766 3.8608 
1.35688 2.55907 3.91143 
1.35688 3.15094 2.50545 
1.35688 4.91235 4.64637 
1.35688 1.31934 2.67148 
1.35688 1.39467 1.55284 
1.35688 3.90926 3.8351 
1.35688 4.88509 3.58423 
1.35688 2.62293 2.81445 
4.35896 3.15094 1.37067 
4.35896 1.39467 4.89709 
4.35896 4.88509 2.80576 
4.16153 4.2766 2.7515 
4.16153 1.31934 4.96773 
4.16153 1.39467 3.89515 
4.16153 3.90926 3.85877 
4.16153 4.88509 4.76299 
4.16153 2.62293 3.94355 
4.2766 1.39467 3.16989 
4.2766 3.90926 1.5432 
4.2766 2.62293 2.45007 
2.55907 4.91235 4.96675 
2.55907 1.31934 1.3003 
2.55907 1.39467 3.3256 
2.55907 3.82981 1.30109 
2.55907 4.73474 2.33958 
2.55907 2.62293 3.83332 
3.15094 1.31934 4.03815 
3.15094 1.39467 3.88186 
3.15094 4.88509 3.45432 
4.91235 1.39467 4.2742 
4.91235 3.82981 3.72163 
4.91235 4.73474 3.30792 
4.91235 4.88509 4.75027 
4.91235 2.62293 4.58553 
1.31934 1.39467 2.28161 
1.31934 3.82981 2.59676 
1.31934 4.73474 3.59996 
1.31934 3.90926 4.49405 
1.31934 2.62293 3.14404 
1.39467 3.82981 4.53487 
1.39467 3.90926 2.61688 
1.39467 4.88509 4.86962 
1.39467 2.62293 1.35415 
3.82981 4.73474 1.20063 
3.82981 2.62293 4.84433 
3.90926 2.62293 1.40664 
2.72903 3.56293 4.44131 
2.72903 1.51038 1.2209 
2.72903 1.29996 3.94302 
2.72903 4.04113 1.31403 
2.72903 4.21187 3.40518 
2.72903 3.31501 4.68934 
2.72903 4.52058 4.49954 
2.72903 4.11842 4.78164 
2.72903 2.62319 4.94745 
2.72903 3.0467 4.88256 
3.56293 1.51038 3.81208 
3.56293 1.29996 3.8608 
3.56293 4.98731 2.67148 
3.56293 3.31501 1.55284 
3.56293 4.90515 4.84557 
3.56293 4.11842 4.16396 
3.56293 2.62319 3.8351 
3.56293 4.64868 3.58423 
3.56293 3.0467 2.81445 
1.51038 1.29996 2.7515 
1.51038 4.04113 2.53442 
1.51038 4.21187 3.58819 
1.51038 4.5669 4.7244 
1.51038 4.98731 4.96773 
1.51038 3.31501 3.89515 
1.51038 4.52058 4.28171 
1.51038 4.11842 4.23543 
1.51038 2.62319 3.85877 
1.51038 4.64868 4.76299 
1.51038 4.41017 4.58609 
1.51038 3.0467 3.94355 
1.29996 3.84111 2.58298 
1.29996 4.21187 4.66055 
1.29996 3.31501 3.16989 
1.29996 4.96825 3.73965 
1.29996 4.11842 4.86049 
1.29996 2.62319 1.5432 
1.29996 3.0467 2.45007 
4.04113 4.21187 3.67808 
3.84111 4.5669 4.8562 
3.84111 3.31501 3.78401 
3.84111 4.52058 3.67938 
3.84111 4.96825 1.26905 
3.84111 2.62319 1.42895 
3.84111 4.41017 4.53939 
3.84111 3.0467 2.51281 
4.5669 4.90515 1.28095 
4.5669 4.52058 1.34501 
4.5669 4.96825 3.74768 
4.5669 4.64868 4.71569 
4.5669 4.41017 4.0012 
4.98731 3.31501 2.28161 
4.98731 2.62319 4.49405 
4.98731 3.0467 3.14404 
3.31501 4.96825 4.73215 
3.31501 2.62319 2.61688 
3.31501 4.64868 4.86962 
3.31501 3.0467 1.35415 
4.90515 4.52058 2.53903 
4.90515 4.96825 4.95006 
4.90515 4.11842 4.86835 
4.90515 4.64868 3.61541 
4.52058 4.96825 2.48836 
4.52058 4.11842 4.49291 
4.52058 4.41017 3.57127 
4.96825 4.11842 4.69665 
4.96825 2.62319 2.54309 
4.96825 4.41017 3.94493 
4.96825 3.0467 3.41731 
4.11842 4.64868 1.29953 
4.11842 4.41017 1.343 
2.62319 3.0467 1.40664 
4.64868 4.41017 2.58927 
2.75266 2.53236 4.31899 
2.75266 1.54082 2.29926 
2.75266 1.47631 2.63145 
2.75266 2.75813 1.52372 
2.75266 1.60086 4.12719 
2.75266 3.69696 1.31474 
2.75266 3.61844 3.45581 
2.75266 2.44678 3.82311 
2.75266 4.84961 4.20086 
2.75266 2.33919 3.08901 
2.75266 4.75298 3.84217 
2.75266 4.57923 4.36862 
2.75266 4.77627 4.93048 
2.75266 3.87426 2.52048 
2.58812 2.53236 2.47267 
2.58812 1.54082 3.60819 
2.58812 1.47631 3.55091 
2.58812 3.60329 3.26569 
2.58812 3.6894 1.2209 
2.58812 1.60086 1.31403 
2.58812 3.12259 3.40518 
2.58812 3.61844 4.88277 
2.58812 2.44678 3.78395 
2.58812 2.33919 3.59824 
2.58812 4.75298 4.78164 
2.53236 1.54082 2.40745 
2.53236 1.47631 3.9738 
2.53236 3.60329 1.22748 
2.53236 3.6894 3.58816 
2.53236 2.75813 3.82088 
2.53236 1.60086 1.47877 
2.53236 3.69696 4.86172 
2.53236 3.61844 2.5821 
2.53236 2.44678 4.86217 
2.53236 4.84961 3.83528 
2.53236 2.33919 1.51461 
2.53236 4.57923 3.77443 
2.53236 4.77627 4.14288 
1.54082 1.47631 2.61708 
1.54082 3.60329 3.14282 
1.54082 3.6894 4.80177 
1.54082 2.75813 1.55519 
1.54082 1.60086 2.36542 
1.54082 3.12259 4.47879 
1.54082 3.69696 3.27338 
1.54082 3.61844 2.59174 
1.54082 2.44678 3.69883 
1.54082 4.84961 3.51568 
1.54082 2.33919 1.46714 
1.54082 4.75298 3.58112 
1.54082 4.57923 4.33786 
1.54082 4.77627 4.93474 
1.54082 3.87426 2.71747 
1.47631 3.6894 4.41209 
1.47631 2.75813 3.20608 
1.47631 1.60086 2.90988 
1.47631 3.12259 2.51577 
1.47631 3.69696 3.58249 
1.47631 4.98619 3.72629 
1.47631 3.61844 4.72002 
1.47631 2.44678 1.30976 
1.47631 2.33919 3.62363 
1.47631 3.87426 4.11364 
3.60329 3.6894 4.22312 
3.60329 2.75813 4.41447 
3.60329 1.60086 2.52702 
3.60329 3.61844 2.83825 
3.60329 4.84961 3.69498 
3.60329 2.33919 2.15843 
3.60329 4.57923 4.3845 
3.60329 4.77627 4.90396 
3.6894 1.60086 2.53442 
3.6894 3.12259 3.58819 
3.6894 2.44678 4.34192 
3.6894 2.33919 4.80557 
3.6894 4.75298 4.23543 
3.6894 3.87426 4.58609 
2.75813 1.60086 3.89106 
2.75813 3.69696 2.5163 
2.75813 3.61844 2.9399 
2.75813 2.44678 4.31747 
2.75813 4.84961 3.35834 
2.75813 2.33919 2.50292 
2.75813 4.75298 2.61927 
2.75813 4.57923 4.73646 
2.75813 3.87426 1.41889 
1.60086 3.12259 3.67808 
1.60086 3.69696 4.8729 
1.60086 3.61844 3.643 
1.60086 2.44678 3.5636 
1.60086 4.84961 4.96761 
1.60086 2.33919 2.31531 
1.60086 4.57923 4.49931 
1.60086 4.77627 4.584 
3.12259 4.98619 2.87569 
3.12259 2.44678 1.42744 
3.12259 4.57923 3.59937 
3.12259 4.77627 4.07097 
3.69696 4.98619 4.57413 
3.69696 3.61844 3.49467 
3.69696 2.44678 4.79397 
3.69696 4.84961 4.1975 
3.69696 2.33919 3.57871 
3.69696 4.75298 4.8078 
3.69696 4.57923 3.77611 
3.69696 4.77627 4.36306 
3.69696 3.87426 3.46886 
4.98619 2.44678 2.62011 
4.98619 4.57923 4.06549 
4.98619 4.77627 4.57267 
3.61844 4.84961 1.56303 
3.61844 2.33919 1.41202 
3.61844 4.75298 4.97008 
3.61844 4.57923 2.61326 
3.61844 4.77627 3.67919 
3.61844 3.87426 4.09158 
2.44678 2.33919 4.76264 
2.44678 4.57923 4.78181 
2.44678 3.87426 4.9964 
4.84961 2.33919 2.68209 
4.84961 4.75298 4.68469 
4.84961 4.57923 3.77371 
4.84961 4.77627 4.98254 
4.84961 3.87426 4.06086 
2.33919 4.75298 4.59684 
2.33919 4.57923 3.25206 
2.33919 4.77627 3.96474 
2.33919 3.87426 3.75406 
4.75298 3.87426 1.343 
4.57923 4.77627 1.27426 
4.31899 2.29926 2.40745 
4.31899 2.63145 3.9738 
4.31899 1.52372 3.82088 
4.31899 4.12719 1.47877 
4.31899 4.3444 4.9038 
4.31899 1.31474 4.86172 
4.31899 3.45581 2.5821 
4.31899 3.82311 4.86217 
4.31899 4.20086 3.83528 
4.31899 4.11523 4.76193 
4.31899 3.08901 1.51461 
4.31899 4.36862 3.77443 
4.31899 4.93048 4.14288 
2.29926 2.63145 2.61708 
2.29926 1.52372 1.55519 
2.29926 4.12719 2.36542 
2.29926 4.3444 4.01397 
2.29926 1.31474 3.27338 
2.29926 3.45581 2.59174 
2.29926 3.82311 3.69883 
2.29926 4.20086 3.51568 
2.29926 3.08901 1.46714 
2.29926 3.84217 3.58112 
2.29926 4.36862 4.33786 
2.29926 4.93048 4.93474 
2.29926 2.52048 2.71747 
2.63145 1.52372 3.20608 
2.63145 4.12719 2.90988 
2.63145 1.31474 3.58249 
2.63145 3.00501 4.36085 
2.63145 3.88039 4.56775 
2.63145 3.45581 4.72002 
2.63145 3.82311 1.30976 
2.63145 3.08901 3.62363 
2.63145 2.52048 4.11364 
1.52372 4.12719 3.89106 
1.52372 4.67832 4.71757 
1.52372 4.3444 3.36512 
1.52372 1.31474 2.5163 
1.52372 3.00501 4.0293 
1.52372 3.1784 3.86405 
1.52372 3.45581 2.9399 
1.52372 3.82311 4.31747 
1.52372 4.20086 3.35834 
1.52372 4.11523 4.2885 
1.52372 3.08901 2.50292 
1.52372 3.84217 2.61927 
1.52372 4.36862 4.73646 
1.52372 3.37404 3.90407 
1.52372 2.52048 1.41889 
4.12719 1.31474 4.8729 
4.12719 3.45581 3.643 
4.12719 3.82311 3.5636 
4.12719 4.20086 4.96761 
4.12719 3.08901 2.31531 
4.12719 4.36862 4.49931 
4.12719 4.93048 4.584 
4.67832 4.18178 4.67462 
4.67832 4.3444 3.9952 
4.67832 1.31474 4.09805 
4.67832 4.90868 4.64558 
4.67832 3.00501 4.8562 
4.67832 3.1784 3.67938 
4.67832 4.20086 4.8487 
4.67832 4.11523 1.26905 
4.67832 4.36862 4.56662 
4.67832 3.37404 2.45189 
4.67832 4.93048 3.99508 
4.67832 2.52048 4.53939 
4.18178 4.3444 4.72088 
4.18178 1.31474 2.89753 
4.18178 4.90868 1.31704 
4.18178 3.00501 4.59023 
4.18178 3.1784 4.62319 
4.18178 4.11523 4.65134 
4.18178 4.36862 4.24629 
4.18178 3.37404 4.17133 
4.18178 4.93048 4.51671 
4.3444 1.31474 4.38125 
4.3444 3.45581 2.72363 
4.3444 4.20086 1.34789 
4.3444 4.11523 4.47705 
4.3444 3.08901 3.61941 
4.3444 3.84217 4.03786 
4.3444 4.36862 4.87025 
4.3444 2.52048 3.6005 
1.31474 4.90868 3.60177 
1.31474 3.00501 3.13572 
1.31474 3.88039 4.02337 
1.31474 3.1784 3.17942 
1.31474 3.45581 3.49467 
1.31474 3.82311 4.79397 
1.31474 4.20086 4.1975 
1.31474 4.11523 3.716 
1.31474 3.08901 3.57871 
1.31474 3.84217 4.8078 
1.31474 4.36862 3.77611 
1.31474 3.37404 3.04297 
1.31474 4.93048 4.36306 
1.31474 2.52048 3.46886 
4.90868 3.82311 3.87093 
4.90868 4.11523 4.97061 
4.90868 4.36862 3.94885 
4.90868 3.37404 4.82398 
4.90868 4.93048 4.36236 
3.00501 3.88039 1.28095 
3.00501 3.1784 1.34501 
3.00501 3.82311 4.96462 
3.00501 4.11523 3.74768 
3.00501 3.37404 2.44909 
3.00501 2.52048 4.0012 
3.88039 3.1784 2.53903 
3.88039 3.82311 4.89236 
3.88039 4.11523 4.95006 
3.88039 3.84217 4.86835 
3.88039 3.37404 3.64134 
3.1784 4.11523 2.48836 
3.1784 3.84217 4.49291 
3.1784 3.37404 1.24892 
3.1784 4.93048 4.63723 
3.1784 2.52048 3.57127 
3.45581 4.20086 1.56303 
3.45581 3.08901 1.41202 
3.45581 3.84217 4.97008 
3.45581 4.36862 2.61326 
3.45581 4.93048 3.67919 
3.45581 2.52048 4.09158 
3.82311 3.08901 4.76264 
3.82311 4.36862 4.78181 
3.82311 2.52048 4.9964 
4.20086 3.08901 2.68209 
4.20086 3.84217 4.68469 
4.20086 4.36862 3.77371 
4.20086 4.93048 4.98254 
4.20086 2.52048 4.06086 
4.11523 3.84217 4.69665 
4.11523 4.36862 4.31385 
4.11523 3.37404 1.31235 
4.11523 4.93048 3.56589 
4.11523 2.52048 3.94493 
3.08901 3.84217 4.59684 
3.08901 4.36862 3.25206 
3.08901 4.93048 3.96474 
3.08901 2.52048 3.75406 
3.84217 3.37404 4.61376 
3.84217 2.52048 1.343 
4.36862 3.37404 4.99074 
4.36862 4.93048 1.27426 
3.37404 4.93048 4.03642 
3.37404 2.52048 3.67696 
2.47267 3.60819 2.40745 
2.47267 3.55091 3.9738 
2.47267 3.26569 1.22748 
2.47267 1.2209 3.58816 
2.47267 1.31403 1.47877 
2.47267 4.86961 3.63958 
2.47267 4.88277 2.5821 
2.47267 3.78395 4.86217 
2.47267 3.59824 1.51461 
4.44131 1.2209 3.81208 
4.44131 3.94302 3.8608 
4.44131 4.68934 1.55284 
4.44131 4.78164 4.16396 
4.44131 4.94745 3.8351 
4.44131 4.88256 2.81445 
3.60819 3.55091 2.61708 
3.60819 3.26569 3.14282 
3.60819 1.2209 4.80177 
3.60819 1.31403 2.36542 
3.60819 3.40518 4.47879 
3.60819 4.88277 2.59174 
3.60819 3.78395 3.69883 
3.60819 3.59824 1.46714 
3.60819 4.78164 3.58112 
3.55091 1.2209 4.41209 
3.55091 1.31403 2.90988 
3.55091 3.40518 2.51577 
3.55091 4.88277 4.72002 
3.55091 3.78395 1.30976 
3.55091 3.59824 3.62363 
3.26569 1.2209 4.22312 
3.26569 1.31403 2.52702 
3.26569 4.86961 2.48371 
3.26569 4.88277 2.83825 
3.26569 3.59824 2.15843 
3.26569 4.88256 4.97442 
1.2209 3.94302 2.7515 
1.2209 1.31403 2.53442 
1.2209 3.40518 3.58819 
1.2209 4.68934 3.89515 
1.2209 4.49954 4.28171 
1.2209 3.78395 4.34192 
1.2209 3.59824 4.80557 
1.2209 4.78164 4.23543 
1.2209 4.95485 4.96142 
1.2209 4.94745 3.85877 
1.2209 4.88256 3.94355 
3.94302 3.40518 4.66055 
3.94302 4.68934 3.16989 
3.94302 4.78164 4.86049 
3.94302 4.95485 4.85441 
3.94302 4.94745 1.5432 
3.94302 4.88256 2.45007 
1.31403 3.40518 3.67808 
1.31403 4.86961 4.61432 
1.31403 4.88277 3.643 
1.31403 3.78395 3.5636 
1.31403 3.59824 2.31531 
3.40518 3.78395 1.42744 
4.86961 4.88277 4.97448 
4.86961 3.59824 4.53315 
4.68934 4.94745 2.61688 
4.68934 4.88256 1.35415 
4.49954 4.78164 4.49291 
4.49954 4.95485 1.24892 
4.88277 3.59824 1.41202 
4.88277 4.78164 4.97008 
3.78395 3.59824 4.76264 
3.59824 4.78164 4.59684 
4.78164 4.95485 4.61376 
4.95485 4.94745 3.80797 
4.95485 4.88256 4.7256 
4.94745 4.88256 1.40664 
2.40745 3.9738 2.61708 
2.40745 1.22748 3.14282 
2.40745 3.58816 4.80177 
2.40745 3.82088 1.55519 
2.40745 1.47877 2.36542 
2.40745 4.9038 4.01397 
2.40745 4.86172 3.27338 
2.40745 2.5821 2.59174 
2.40745 4.86217 3.69883 
2.40745 3.83528 3.51568 
2.40745 1.51461 1.46714 
2.40745 4.61719 4.83948 
2.40745 3.77443 4.33786 
2.40745 4.14288 4.93474 
3.9738 3.58816 4.41209 
3.9738 3.82088 3.20608 
3.9738 1.47877 2.90988 
3.9738 4.86172 3.58249 
3.9738 2.5821 4.72002 
3.9738 4.86217 1.30976 
3.9738 1.51461 3.62363 
1.22748 3.58816 4.22312 
1.22748 3.82088 4.41447 
1.22748 1.47877 2.52702 
1.22748 4.9038 4.77107 
1.22748 3.63958 2.48371 
1.22748 2.5821 2.83825 
1.22748 3.83528 3.69498 
1.22748 1.51461 2.15843 
1.22748 4.61719 4.17242 
1.22748 3.77443 4.3845 
1.22748 4.14288 4.90396 
3.58816 1.47877 2.53442 
3.58816 4.86217 4.34192 
3.58816 1.51461 4.80557 
3.82088 1.47877 3.89106 
3.82088 4.9038 3.36512 
3.82088 4.86172 2.5163 
3.82088 2.5821 2.9399 
3.82088 4.86217 4.31747 
3.82088 3.83528 3.35834 
3.82088 4.76193 4.2885 
3.82088 1.51461 2.50292 
3.82088 4.61719 4.81337 
3.82088 3.77443 4.73646 
1.47877 4.86172 4.8729 
1.47877 3.63958 4.61432 
1.47877 2.5821 3.643 
1.47877 4.86217 3.5636 
1.47877 3.83528 4.96761 
1.47877 1.51461 2.31531 
1.47877 3.77443 4.49931 
1.47877 4.14288 4.584 
4.9038 4.86172 4.38125 
4.9038 2.5821 2.72363 
4.9038 3.83528 1.34789 
4.9038 4.76193 4.47705 
4.9038 1.51461 3.61941 
4.9038 4.61719 2.17252 
4.9038 3.77443 4.87025 
4.86172 2.5821 3.49467 
4.86172 4.86217 4.79397 
4.86172 3.83528 4.1975 
4.86172 4.76193 3.716 
4.86172 1.51461 3.57871 
4.86172 3.77443 3.77611 
4.86172 4.14288 4.36306 
3.63958 2.5821 4.97448 
3.63958 4.91497 3.88935 
3.63958 1.51461 4.53315 
2.5821 4.91497 4.91282 
2.5821 3.83528 1.56303 
2.5821 1.51461 1.41202 
2.5821 4.61719 2.62 
2.5821 3.77443 2.61326 
2.5821 4.14288 3.67919 
4.86217 1.51461 4.76264 
4.86217 3.77443 4.78181 
4.91497 4.76193 3.38182 
4.91497 1.51461 4.95741 
4.91497 3.77443 2.62057 
4.91497 4.14288 1.35595 
3.83528 1.51461 2.68209 
3.83528 4.61719 1.46232 
3.83528 3.77443 3.77371 
3.83528 4.14288 4.98254 
4.76193 3.77443 4.31385 
4.76193 4.14288 3.56589 
1.51461 4.61719 3.79982 
1.51461 3.77443 3.25206 
1.51461 4.14288 3.96474 
4.61719 3.77443 4.30157 
3.77443 4.14288 1.27426 
3.44002 2.50545 1.37067 
3.44002 1.55284 4.89709 
3.44002 4.84557 1.42255 
3.44002 4.16396 4.08453 
3.44002 3.58423 2.80576 
3.81208 3.8608 2.7515 
3.81208 2.67148 4.96773 
3.81208 1.55284 3.89515 
3.81208 4.16396 4.23543 
3.81208 3.8351 3.85877 
3.81208 3.58423 4.76299 
3.81208 2.81445 3.94355 
3.8608 1.55284 3.16989 
3.8608 4.16396 4.86049 
3.8608 3.8351 1.5432 
3.8608 2.81445 2.45007 
3.91143 4.64637 4.96675 
3.91143 2.67148 1.3003 
3.91143 1.55284 3.3256 
3.91143 4.62216 4.68186 
3.91143 2.81445 3.83332 
2.50545 2.67148 4.03815 
2.50545 1.55284 3.88186 
2.50545 4.84557 2.59243 
2.50545 4.16396 4.60097 
2.50545 3.58423 3.45432 
4.64637 1.55284 4.2742 
4.64637 4.62216 1.33107 
4.64637 4.16396 4.89174 
4.64637 3.58423 4.75027 
4.64637 2.81445 4.58553 
2.67148 1.55284 2.28161 
2.67148 3.8351 4.49405 
2.67148 2.81445 3.14404 
1.55284 4.62216 4.03434 
1.55284 3.8351 2.61688 
1.55284 3.58423 4.86962 
1.55284 2.81445 1.35415 
4.62216 4.16396 4.44352 
4.62216 3.8351 4.39613 
4.62216 3.58423 4.65676 
4.62216 2.81445 4.0143 
4.84557 4.16396 4.86835 
4.84557 3.58423 3.61541 
4.16396 3.58423 1.29953 
3.8351 2.81445 1.40664 
2.61708 4.80177 4.41209 
2.61708 1.55519 3.20608 
2.61708 2.36542 2.90988 
2.61708 4.47879 2.51577 
2.61708 3.27338 3.58249 
2.61708 2.59174 4.72002 
2.61708 3.69883 1.30976 
2.61708 1.46714 3.62363 
2.61708 2.71747 4.11364 
3.14282 4.80177 4.22312 
3.14282 1.55519 4.41447 
3.14282 2.36542 2.52702 
3.14282 4.01397 4.77107 
3.14282 2.59174 2.83825 
3.14282 3.51568 3.69498 
3.14282 1.46714 2.15843 
3.14282 4.83948 4.17242 
3.14282 4.33786 4.3845 
3.14282 4.93474 4.90396 
4.80177 2.36542 2.53442 
4.80177 4.47879 3.58819 
4.80177 3.69883 4.34192 
4.80177 1.46714 4.80557 
4.80177 3.58112 4.23543 
4.80177 4.33913 4.76299 
4.80177 2.71747 4.58609 
1.55519 2.36542 3.89106 
1.55519 4.01397 3.36512 
1.55519 3.27338 2.5163 
1.55519 2.59174 2.9399 
1.55519 3.69883 4.31747 
1.55519 3.51568 3.35834 
1.55519 1.46714 2.50292 
1.55519 4.83948 4.81337 
1.55519 3.58112 2.61927 
1.55519 4.33786 4.73646 
1.55519 4.33913 3.69138 
1.55519 2.71747 1.41889 
2.36542 4.47879 3.67808 
2.36542 3.27338 4.8729 
2.36542 2.59174 3.643 
2.36542 3.69883 3.5636 
2.36542 3.51568 4.96761 
2.36542 1.46714 2.31531 
2.36542 4.33786 4.49931 
2.36542 4.93474 4.584 
4.47879 3.69883 1.42744 
4.47879 4.33786 3.59937 
4.47879 4.93474 4.07097 
4.01397 3.27338 4.38125 
4.01397 2.59174 2.72363 
4.01397 3.51568 1.34789 
4.01397 1.46714 3.61941 
4.01397 4.83948 2.17252 
4.01397 3.58112 4.03786 
4.01397 4.33786 4.87025 
4.01397 4.33913 4.52002 
4.01397 2.71747 3.6005 
3.27338 2.59174 3.49467 
3.27338 3.69883 4.79397 
3.27338 3.51568 4.1975 
3.27338 1.46714 3.57871 
3.27338 3.58112 4.8078 
3.27338 4.33786 3.77611 
3.27338 4.93474 4.36306 
3.27338 2.71747 3.46886 
2.59174 3.51568 1.56303 
2.59174 1.46714 1.41202 
2.59174 4.83948 2.62 
2.59174 3.58112 4.97008 
2.59174 4.33786 2.61326 
2.59174 4.93474 3.67919 
2.59174 2.71747 4.09158 
3.69883 1.46714 4.76264 
3.69883 4.33786 4.78181 
3.69883 2.71747 4.9964 
3.51568 1.46714 2.68209 
3.51568 4.83948 1.46232 
3.51568 3.58112 4.68469 
3.51568 4.33786 3.77371 
3.51568 4.93474 4.98254 
3.51568 2.71747 4.06086 
1.46714 4.83948 3.79982 
1.46714 3.58112 4.59684 
1.46714 4.33786 3.25206 
1.46714 4.93474 3.96474 
1.46714 2.71747 3.75406 
4.83948 4.33786 4.30157 
3.58112 4.33913 1.29953 
3.58112 2.71747 1.343 
4.33786 4.93474 1.27426 
4.33913 2.71747 2.58927 
4.41209 2.90988 2.53442 
4.41209 2.51577 3.58819 
4.41209 4.36085 4.7244 
4.41209 1.30976 4.34192 
4.41209 3.62363 4.80557 
4.41209 4.11364 4.58609 
3.20608 2.90988 3.89106 
3.20608 3.58249 2.5163 
3.20608 4.36085 4.0293 
3.20608 4.72002 2.9399 
3.20608 1.30976 4.31747 
3.20608 3.62363 2.50292 
3.20608 4.11364 1.41889 
2.90988 2.51577 3.67808 
2.90988 3.58249 4.8729 
2.90988 4.72002 3.643 
2.90988 1.30976 3.5636 
2.90988 3.62363 2.31531 
2.51577 3.72629 2.87569 
2.51577 1.30976 1.42744 
3.58249 4.36085 3.13572 
3.58249 3.72629 4.57413 
3.58249 4.56775 4.02337 
3.58249 4.72002 3.49467 
3.58249 1.30976 4.79397 
3.58249 3.62363 3.57871 
3.58249 4.11364 3.46886 
4.36085 4.56775 1.28095 
4.36085 1.30976 4.96462 
4.36085 4.11364 4.0012 
3.72629 4.56775 4.8456 
3.72629 1.30976 2.62011 
4.56775 1.30976 4.89236 
4.72002 3.62363 1.41202 
4.72002 4.11364 4.09158 
1.30976 3.62363 4.76264 
1.30976 4.11364 4.9964 
3.62363 4.11364 3.75406 
4.22312 2.52702 2.53442 
4.22312 2.15843 4.80557 
4.22312 4.97442 3.94355 
4.41447 2.52702 3.89106 
4.41447 4.77107 3.36512 
4.41447 2.83825 2.9399 
4.41447 3.69498 3.35834 
4.41447 2.15843 2.50292 
4.41447 4.17242 4.81337 
4.41447 4.3845 4.73646 
4.41286 4.77107 4.47394 
4.41286 2.48371 4.63467 
4.41286 4.64399 4.43031 
4.41286 2.83825 4.09958 
4.41286 4.31464 1.30109 
4.41286 3.69498 3.58505 
4.41286 4.17242 2.33958 
4.41286 4.97442 3.83332 
2.52702 2.48371 4.61432 
2.52702 2.83825 3.643 
2.52702 3.69498 4.96761 
2.52702 2.15843 2.31531 
2.52702 4.3845 4.49931 
2.52702 4.90396 4.584 
4.77107 2.83825 2.72363 
4.77107 4.31464 3.24938 
4.77107 3.69498 1.34789 
4.77107 2.15843 3.61941 
4.77107 4.17242 2.17252 
4.77107 4.3845 4.87025 
4.77107 4.97442 4.44593 
2.48371 4.64399 2.50836 
2.48371 2.83825 4.97448 
2.48371 4.31464 4.82842 
2.48371 2.15843 4.53315 
4.64399 4.31464 4.78435 
4.64399 4.3845 3.75237 
4.64399 4.90396 2.58581 
2.83825 4.31464 3.48096 
2.83825 3.69498 1.56303 
2.83825 2.15843 1.41202 
2.83825 4.17242 2.62 
2.83825 4.3845 2.61326 
2.83825 4.90396 3.67919 
4.31464 3.69498 2.56194 
4.31464 2.15843 4.51183 
4.31464 4.17242 1.20063 
4.31464 4.3845 4.96623 
4.31464 4.97442 4.84433 
3.69498 2.15843 2.68209 
3.69498 4.17242 1.46232 
3.69498 4.3845 3.77371 
3.69498 4.90396 4.98254 
2.15843 4.17242 3.79982 
2.15843 4.3845 3.25206 
2.15843 4.90396 3.96474 
4.17242 4.3845 4.30157 
4.3845 4.90396 1.27426 
4.3845 4.97442 4.50452 
4.90396 4.97442 4.63127 
1.37067 4.46267 4.43319 
1.37067 2.66389 3.66649 
1.37067 4.89709 3.88186 
1.37067 1.42255 2.59243 
1.37067 3.80637 4.61596 
1.37067 4.08453 4.60097 
1.37067 2.80576 3.45432 
4.46267 1.42255 4.74425 
4.46267 2.80576 4.67408 
2.66389 1.42255 1.28095 
2.66389 3.80637 1.34501 
2.66389 4.9231 2.44909 
2.66389 2.80576 4.71569 
4.89709 2.80576 4.86962 
4.76398 1.42255 4.8456 
1.42255 3.80637 2.53903 
1.42255 4.08453 4.86835 
1.42255 4.9231 3.64134 
1.42255 2.80576 3.61541 
3.80637 4.08453 4.49291 
3.80637 4.9231 1.24892 
4.08453 4.9231 4.61376 
4.08453 2.80576 1.29953 
2.7515 3.58819 4.66055 
2.7515 3.89515 3.16989 
2.7515 4.23543 4.86049 
2.7515 4.96142 4.85441 
2.7515 3.85877 1.5432 
2.7515 3.94355 2.45007 
2.53442 3.58819 3.67808 
2.53442 4.34192 3.5636 
2.53442 4.80557 2.31531 
3.58819 4.34192 1.42744 
4.7244 4.28171 1.34501 
4.7244 4.34192 4.96462 
4.7244 4.96142 2.44909 
4.7244 4.76299 4.71569 
4.7244 4.58609 4.0012 
4.96773 3.89515 2.28161 
4.96773 3.85877 4.49405 
4.96773 3.94355 3.14404 
3.89515 3.85877 2.61688 
3.89515 4.76299 4.86962 
3.89515 3.94355 1.35415 
4.28171 4.23543 4.49291 
4.28171 4.96142 1.24892 
4.28171 4.58609 3.57127 
4.34192 4.80557 4.76264 
4.34192 4.58609 4.9964 
4.80557 4.23543 4.59684 
4.80557 4.58609 3.75406 
4.23543 4.96142 4.61376 
4.23543 4.76299 1.29953 
4.23543 4.58609 1.343 
4.96142 3.85877 3.80797 
4.96142 4.58609 3.67696 
4.96142 3.94355 4.7256 
3.85877 3.94355 1.40664 
4.76299 4.58609 2.58927 
2.58298 3.16989 3.78401 
2.58298 3.73965 1.26905 
2.58298 4.85441 2.45189 
2.58298 1.5432 1.42895 
2.58298 4.79818 3.99508 
2.58298 2.45007 2.51281 
4.66055 4.90017 2.87569 
4.66055 4.79818 4.07097 
3.16989 3.73965 4.73215 
3.16989 1.5432 2.61688 
3.16989 2.45007 1.35415 
4.90017 4.79818 4.57267 
3.73965 4.86049 4.69665 
3.73965 4.85441 1.31235 
3.73965 1.5432 2.54309 
3.73965 4.79818 3.56589 
3.73965 2.45007 3.41731 
4.86049 4.85441 4.61376 
4.85441 1.5432 3.80797 
4.85441 4.79818 4.03642 
4.85441 2.45007 4.7256 
1.5432 4.79818 4.10028 
1.5432 2.45007 1.40664 
4.79818 2.45007 4.63127 
3.89106 2.5163 4.8729 
3.89106 2.9399 3.643 
3.89106 4.31747 3.5636 
3.89106 3.35834 4.96761 
3.89106 2.50292 2.31531 
3.89106 4.73646 4.49931 
4.71757 3.36512 3.9952 
4.71757 2.5163 4.09805 
4.71757 4.0293 4.8562 
4.71757 4.4162 4.31611 
4.71757 3.86405 3.67938 
4.71757 3.35834 4.8487 
4.71757 4.2885 1.26905 
4.71757 4.73646 4.56662 
4.71757 3.90407 2.45189 
4.71757 1.41889 4.53939 
3.36512 2.5163 4.38125 
3.36512 4.4162 1.2667 
3.36512 2.9399 2.72363 
3.36512 3.35834 1.34789 
3.36512 4.2885 4.47705 
3.36512 2.50292 3.61941 
3.36512 4.81337 2.17252 
3.36512 2.61927 4.03786 
3.36512 4.73646 4.87025 
3.36512 3.69138 4.52002 
3.36512 1.41889 3.6005 
2.5163 4.0293 3.13572 
2.5163 3.86405 3.17942 
2.5163 2.9399 3.49467 
2.5163 4.31747 4.79397 
2.5163 3.35834 4.1975 
2.5163 4.2885 3.716 
2.5163 2.50292 3.57871 
2.5163 2.61927 4.8078 
2.5163 4.73646 3.77611 
2.5163 3.90407 3.04297 
2.5163 1.41889 3.46886 
4.0293 3.86405 1.34501 
4.0293 4.31747 4.96462 
4.0293 4.2885 3.74768 
4.0293 3.90407 2.44909 
4.0293 3.69138 4.71569 
4.0293 1.41889 4.0012 
4.4162 2.9399 3.90299 
4.4162 3.35834 2.39799 
4.4162 4.2885 4.92689 
4.4162 2.50292 4.76923 
4.4162 4.81337 2.58161 
4.4162 2.61927 4.44352 
4.4162 3.69138 4.65676 
4.4162 1.41889 4.33767 
3.86405 4.2885 2.48836 
3.86405 2.61927 4.49291 
3.86405 3.90407 1.24892 
3.86405 1.41889 3.57127 
2.9399 3.35834 1.56303 
2.9399 2.50292 1.41202 
2.9399 4.81337 2.62 
2.9399 2.61927 4.97008 
2.9399 4.73646 2.61326 
2.9399 1.41889 4.09158 
4.31747 2.50292 4.76264 
4.31747 4.73646 4.78181 
4.31747 1.41889 4.9964 
3.35834 2.50292 2.68209 
3.35834 4.81337 1.46232 
3.35834 2.61927 4.68469 
3.35834 4.73646 3.77371 
3.35834 1.41889 4.06086 
4.2885 2.61927 4.69665 
4.2885 4.73646 4.31385 
4.2885 3.90407 1.31235 
4.2885 1.41889 3.94493 
2.50292 4.81337 3.79982 
2.50292 2.61927 4.59684 
2.50292 4.73646 3.25206 
2.50292 1.41889 3.75406 
4.81337 4.73646 4.30157 
2.61927 3.90407 4.61376 
2.61927 3.69138 1.29953 
2.61927 1.41889 1.343 
4.73646 3.90407 4.99074 
3.90407 1.41889 3.67696 
3.69138 1.41889 2.58927 
4.9074 4.47394 4.72088 
4.9074 4.96675 2.66407 
4.9074 4.87419 1.31704 
4.9074 4.67502 1.46788 
4.9074 4.68186 3.80854 
4.9074 4.75841 4.95731 
4.9074 1.30109 4.10748 
4.9074 2.33958 4.46672 
4.47394 4.96675 2.49934 
4.47394 4.67502 3.39496 
4.47394 3.3256 4.7844 
4.47394 4.68186 1.2667 
4.47394 4.09958 2.72363 
4.47394 1.30109 3.24938 
4.47394 3.58505 1.34789 
4.47394 2.33958 2.17252 
4.47394 3.83332 4.44593 
4.96675 4.87419 3.48325 
4.96675 4.67502 1.20351 
4.96675 3.3256 4.2742 
4.96675 4.68186 1.33107 
4.96675 4.09958 4.93831 
4.96675 1.30109 3.72163 
4.96675 3.58505 3.44382 
4.96675 2.33958 3.30792 
4.96675 3.83332 4.58553 
4.87419 4.67502 2.35157 
4.87419 4.68186 4.53339 
4.87419 4.75841 4.97213 
4.87419 1.30109 4.27566 
4.87419 2.33958 4.84795 
4.63467 1.3003 4.9285 
4.63467 4.43031 2.50836 
4.63467 4.09958 4.97448 
4.63467 4.75841 3.88935 
4.63467 1.30109 4.82842 
4.67502 4.68186 2.37425 
4.67502 1.30109 3.58496 
4.67502 3.58505 4.03064 
4.67502 2.33958 3.56692 
1.3003 3.3256 2.28161 
1.3003 4.43031 4.52128 
1.3003 4.75841 4.7028 
1.3003 1.30109 2.59676 
1.3003 3.58505 4.78709 
1.3003 2.33958 3.59996 
1.3003 3.83332 3.14404 
3.3256 4.68186 4.03434 
3.3256 1.30109 4.53487 
3.3256 3.83332 1.35415 
4.43031 4.75841 1.38903 
4.43031 1.30109 4.78435 
4.68186 4.09958 3.90299 
4.68186 1.30109 3.38106 
4.68186 3.58505 2.39799 
4.68186 2.33958 2.58161 
4.68186 3.83332 4.0143 
4.09958 4.75841 4.91282 
4.09958 1.30109 3.48096 
4.09958 3.58505 1.56303 
4.09958 2.33958 2.62 
1.30109 3.58505 2.56194 
1.30109 2.33958 1.20063 
1.30109 3.83332 4.84433 
3.58505 2.33958 1.46232 
3.67808 3.5636 1.42744 
3.67808 4.49931 3.59937 
3.67808 4.584 4.07097 
4.8729 3.643 3.49467 
4.8729 3.5636 4.79397 
4.8729 4.96761 4.1975 
4.8729 2.31531 3.57871 
4.8729 4.49931 3.77611 
4.8729 4.584 4.36306 
4.61432 3.643 4.97448 
4.61432 2.31531 4.53315 
3.643 4.96761 1.56303 
3.643 2.31531 1.41202 
3.643 4.49931 2.61326 
3.643 4.584 3.67919 
3.5636 2.31531 4.76264 
3.5636 4.49931 4.78181 
4.96761 2.31531 2.68209 
4.96761 4.49931 3.77371 
4.96761 4.584 4.98254 
2.31531 4.49931 3.25206 
2.31531 4.584 3.96474 
4.49931 4.584 1.27426 
4.67462 3.9952 4.72088 
4.67462 4.09805 2.89753 
4.67462 4.64558 1.31704 
4.67462 4.8562 4.59023 
4.67462 4.31611 3.80854 
4.67462 3.67938 4.62319 
4.67462 4.01451 4.95731 
4.67462 1.26905 4.65134 
4.67462 4.56662 4.24629 
4.67462 2.45189 4.17133 
4.67462 3.99508 4.51671 
3.9952 4.09805 4.38125 
3.9952 3.78401 4.7844 
3.9952 4.31611 1.2667 
3.9952 4.8487 1.34789 
3.9952 1.26905 4.47705 
3.9952 4.56662 4.87025 
3.9952 1.42895 4.43895 
3.9952 4.53939 3.6005 
3.9952 2.51281 4.44593 
4.09805 4.64558 3.60177 
4.09805 4.8562 3.13572 
4.09805 3.67938 3.17942 
4.09805 4.8487 4.1975 
4.09805 1.26905 3.716 
4.09805 4.56662 3.77611 
4.09805 2.45189 3.04297 
4.09805 3.99508 4.36306 
4.09805 4.53939 3.46886 
4.64558 4.31611 4.53339 
4.64558 4.01451 4.97213 
4.64558 1.26905 4.97061 
4.64558 4.56662 3.94885 
4.64558 2.45189 4.82398 
4.64558 3.99508 4.36236 
4.8562 3.67938 1.34501 
4.8562 4.01451 4.86621 
4.8562 1.26905 3.74768 
4.8562 2.45189 2.44909 
4.8562 4.53939 4.0012 
3.78401 4.31611 4.03434 
3.78401 1.26905 4.73215 
3.78401 1.42895 2.61688 
3.78401 2.51281 1.35415 
4.31611 4.8487 2.39799 
4.31611 1.26905 4.92689 
4.31611 1.42895 4.39613 
4.31611 4.53939 4.33767 
4.31611 2.51281 4.0143 
3.67938 4.01451 3.91122 
3.67938 1.26905 2.48836 
3.67938 2.45189 1.24892 
3.67938 3.99508 4.63723 
3.67938 4.53939 3.57127 
4.01451 1.26905 3.38182 
4.01451 4.56662 2.62057 
4.01451 2.45189 3.4533 
4.01451 1.42895 4.48184 
4.01451 3.99508 1.35595 
4.8487 4.56662 3.77371 
4.8487 3.99508 4.98254 
4.8487 4.53939 4.06086 
1.26905 4.56662 4.31385 
1.26905 2.45189 1.31235 
1.26905 1.42895 2.54309 
1.26905 3.99508 3.56589 
1.26905 4.53939 3.94493 
1.26905 2.51281 3.41731 
4.56662 2.45189 4.99074 
4.56662 1.42895 4.34208 
4.56662 3.99508 1.27426 
4.56662 2.51281 4.50452 
2.45189 1.42895 3.80797 
2.45189 3.99508 4.03642 
2.45189 4.53939 3.67696 
2.45189 2.51281 4.7256 
1.42895 3.99508 4.10028 
1.42895 2.51281 1.40664 
3.99508 2.51281 4.63127 
4.43319 4.03815 4.9285 
4.43319 2.59243 4.74425 
4.43319 3.45432 4.67408 
3.66649 2.59243 1.28095 
3.66649 4.61596 1.34501 
3.66649 3.45432 4.71569 
4.03815 3.88186 2.28161 
3.88186 3.45432 4.86962 
2.59243 4.61596 2.53903 
2.59243 4.60097 4.86835 
2.59243 3.45432 3.61541 
4.61596 4.60097 4.49291 
4.60097 3.45432 1.29953 
4.72088 2.66407 2.49934 
4.72088 2.89753 4.38125 
4.72088 1.46788 3.39496 
4.72088 3.80854 1.2667 
4.72088 4.10748 3.24938 
4.72088 4.65134 4.47705 
4.72088 4.46672 2.17252 
4.72088 4.24629 4.87025 
2.66407 2.89753 4.97895 
2.66407 1.31704 3.48325 
2.66407 1.46788 1.20351 
2.66407 2.60359 4.51019 
2.66407 3.80854 1.33107 
2.66407 4.10748 3.72163 
2.66407 4.46672 3.30792 
2.89753 1.31704 3.60177 
2.89753 1.46788 4.01142 
2.89753 4.59023 3.13572 
2.89753 2.60359 4.57413 
2.89753 4.62319 3.17942 
2.89753 4.65134 3.716 
2.89753 4.24629 3.77611 
2.89753 4.17133 3.04297 
2.89753 4.51671 4.36306 
1.31704 1.46788 2.35157 
1.31704 2.60359 1.28688 
1.31704 3.80854 4.53339 
1.31704 4.95731 4.97213 
1.31704 4.10748 4.27566 
1.31704 4.65134 4.97061 
1.31704 4.46672 4.84795 
1.31704 4.24629 3.94885 
1.31704 4.17133 4.82398 
1.31704 4.51671 4.36236 
1.46788 4.59023 4.80044 
1.46788 2.60359 3.48394 
1.46788 3.80854 2.37425 
1.46788 4.62319 4.96579 
1.46788 4.10748 3.58496 
1.46788 4.46672 3.56692 
1.46788 4.17133 4.66036 
4.59023 4.62319 1.34501 
4.59023 4.95731 4.86621 
4.59023 4.65134 3.74768 
4.59023 4.17133 2.44909 
2.60359 4.10748 4.76289 
2.60359 4.24629 4.06549 
2.60359 4.51671 4.57267 
3.80854 4.10748 3.38106 
3.80854 4.65134 4.92689 
3.80854 4.46672 2.58161 
4.62319 4.95731 3.91122 
4.62319 4.65134 2.48836 
4.62319 4.17133 1.24892 
4.62319 4.51671 4.63723 
4.95731 4.65134 3.38182 
4.95731 4.24629 2.62057 
4.95731 4.17133 3.4533 
4.95731 4.51671 1.35595 
4.10748 4.46672 1.20063 
4.10748 4.24629 4.96623 
4.65134 4.24629 4.31385 
4.65134 4.17133 1.31235 
4.65134 4.51671 3.56589 
4.46672 4.24629 4.30157 
4.24629 4.17133 4.99074 
4.24629 4.51671 1.27426 
4.17133 4.51671 4.03642 
3.87986 2.87569 1.28688 
3.87986 1.42744 3.87093 
3.87986 4.91542 4.97213 
3.87986 3.59937 3.94885 
3.87986 4.07097 4.36236 
2.87569 1.42744 2.62011 
2.87569 3.59937 4.06549 
2.87569 4.07097 4.57267 
1.42744 3.59937 4.78181 
4.91542 3.59937 2.62057 
4.91542 4.07097 1.35595 
3.59937 4.07097 1.27426 
2.49934 4.38125 4.97895 
2.49934 3.39496 1.20351 
2.49934 4.7844 4.2742 
2.49934 1.2667 1.33107 
2.49934 2.72363 4.93831 
2.49934 3.24938 3.72163 
2.49934 1.34789 3.44382 
2.49934 2.17252 3.30792 
2.49934 4.03786 4.89174 
2.49934 4.52002 4.75027 
2.49934 4.44593 4.58553 
4.38125 3.39496 4.01142 
4.38125 2.72363 3.49467 
4.38125 1.34789 4.1975 
4.38125 4.47705 3.716 
4.38125 3.61941 3.57871 
4.38125 4.03786 4.8078 
4.38125 4.87025 3.77611 
4.38125 3.6005 3.46886 
3.39496 1.2667 2.37425 
3.39496 3.24938 3.58496 
3.39496 1.34789 4.03064 
3.39496 2.17252 3.56692 
4.7844 1.2667 4.03434 
4.7844 3.24938 4.53487 
4.7844 4.47705 4.73215 
4.7844 4.43895 2.61688 
4.7844 4.52002 4.86962 
4.7844 4.44593 1.35415 
1.2667 2.72363 3.90299 
1.2667 3.24938 3.38106 
1.2667 1.34789 2.39799 
1.2667 4.47705 4.92689 
1.2667 3.61941 4.76923 
1.2667 2.17252 2.58161 
1.2667 4.03786 4.44352 
1.2667 4.43895 4.39613 
1.2667 4.52002 4.65676 
1.2667 3.6005 4.33767 
1.2667 4.44593 4.0143 
2.72363 3.24938 3.48096 
2.72363 1.34789 1.56303 
2.72363 3.61941 1.41202 
2.72363 2.17252 2.62 
2.72363 4.03786 4.97008 
2.72363 4.87025 2.61326 
2.72363 3.6005 4.09158 
3.24938 1.34789 2.56194 
3.24938 3.61941 4.51183 
3.24938 2.17252 1.20063 
3.24938 4.87025 4.96623 
3.24938 4.44593 4.84433 
1.34789 3.61941 2.68209 
1.34789 2.17252 1.46232 
1.34789 4.03786 4.68469 
1.34789 4.87025 3.77371 
1.34789 3.6005 4.06086 
4.47705 4.03786 4.69665 
4.47705 4.87025 4.31385 
4.47705 4.43895 2.54309 
4.47705 3.6005 3.94493 
4.47705 4.44593 3.41731 
3.61941 2.17252 3.79982 
3.61941 4.03786 4.59684 
3.61941 4.87025 3.25206 
3.61941 3.6005 3.75406 
2.17252 4.87025 4.30157 
4.03786 4.52002 1.29953 
4.03786 3.6005 1.343 
4.87025 4.43895 4.34208 
4.87025 4.44593 4.50452 
4.43895 4.44593 1.40664 
4.52002 3.6005 2.58927 
4.97895 3.48325 3.60177 
4.97895 1.20351 4.01142 
4.97895 4.51019 4.57413 
4.97895 4.93831 3.49467 
4.97895 3.44382 4.1975 
4.97895 4.89174 4.8078 
3.48325 1.20351 2.35157 
3.48325 4.51019 1.28688 
3.48325 1.33107 4.53339 
3.48325 3.72163 4.27566 
3.48325 3.30792 4.84795 
1.20351 4.51019 3.48394 
1.20351 1.33107 2.37425 
1.20351 3.72163 3.58496 
1.20351 3.44382 4.03064 
1.20351 3.30792 3.56692 
4.2742 1.33107 4.03434 
4.2742 3.72163 4.53487 
4.2742 4.75027 4.86962 
4.2742 4.58553 1.35415 
4.51019 3.72163 4.76289 
1.33107 4.93831 3.90299 
1.33107 3.72163 3.38106 
1.33107 3.44382 2.39799 
1.33107 3.30792 2.58161 
1.33107 4.89174 4.44352 
1.33107 4.75027 4.65676 
1.33107 4.58553 4.0143 
4.93831 3.72163 3.48096 
4.93831 3.44382 1.56303 
4.93831 3.30792 2.62 
4.93831 4.89174 4.97008 
3.72163 3.44382 2.56194 
3.72163 3.30792 1.20063 
3.72163 4.58553 4.84433 
3.44382 3.30792 1.46232 
3.44382 4.89174 4.68469 
4.89174 4.75027 1.29953 
3.60177 4.01142 2.35157 
3.60177 4.57413 1.28688 
3.60177 4.79397 3.87093 
3.60177 3.716 4.97061 
3.60177 3.77611 3.94885 
3.60177 3.04297 4.82398 
3.60177 4.36306 4.36236 
4.01142 3.13572 4.80044 
4.01142 4.57413 3.48394 
4.01142 3.17942 4.96579 
4.01142 4.1975 4.03064 
4.01142 3.04297 4.66036 
3.13572 4.02337 1.28095 
3.13572 3.17942 1.34501 
3.13572 4.79397 4.96462 
3.13572 3.716 3.74768 
3.13572 3.04297 2.44909 
3.13572 3.46886 4.0012 
4.57413 4.02337 4.8456 
4.57413 4.79397 2.62011 
4.57413 3.77611 4.06549 
4.57413 4.36306 4.57267 
4.02337 3.17942 2.53903 
4.02337 4.79397 4.89236 
4.02337 3.716 4.95006 
4.02337 4.8078 4.86835 
4.02337 3.04297 3.64134 
3.17942 3.716 2.48836 
3.17942 4.8078 4.49291 
3.17942 3.04297 1.24892 
3.17942 4.36306 4.63723 
3.17942 3.46886 3.57127 
3.49467 4.1975 1.56303 
3.49467 3.57871 1.41202 
3.49467 4.8078 4.97008 
3.49467 3.77611 2.61326 
3.49467 4.36306 3.67919 
3.49467 3.46886 4.09158 
4.79397 3.57871 4.76264 
4.79397 3.77611 4.78181 
4.79397 3.46886 4.9964 
4.1975 3.57871 2.68209 
4.1975 4.8078 4.68469 
4.1975 3.77611 3.77371 
4.1975 4.36306 4.98254 
4.1975 3.46886 4.06086 
3.716 4.8078 4.69665 
3.716 3.77611 4.31385 
3.716 3.04297 1.31235 
3.716 4.36306 3.56589 
3.716 3.46886 3.94493 
3.57871 4.8078 4.59684 
3.57871 3.77611 3.25206 
3.57871 4.36306 3.96474 
3.57871 3.46886 3.75406 
4.8078 3.04297 4.61376 
4.8078 3.46886 1.343 
3.77611 3.04297 4.99074 
3.77611 4.36306 1.27426 
3.04297 4.36306 4.03642 
3.04297 3.46886 3.67696 
2.35157 1.28688 3.48394 
2.35157 4.53339 2.37425 
2.35157 4.27566 3.58496 
2.35157 4.84795 3.56692 
2.35157 4.82398 4.66036 
1.28688 3.87093 2.62011 
1.28688 4.27566 4.76289 
1.28688 3.94885 4.06549 
1.28688 4.36236 4.57267 
4.53339 4.27566 3.38106 
4.53339 4.97061 4.92689 
4.53339 4.84795 2.58161 
3.87093 3.94885 4.78181 
4.97213 4.97061 3.38182 
4.97213 3.94885 2.62057 
4.97213 4.82398 3.4533 
4.97213 4.36236 1.35595 
4.27566 4.84795 1.20063 
4.27566 3.94885 4.96623 
4.97061 3.94885 4.31385 
4.97061 4.82398 1.31235 
4.97061 4.36236 3.56589 
4.84795 3.94885 4.30157 
3.94885 4.82398 4.99074 
3.94885 4.36236 1.27426 
4.82398 4.36236 4.03642 
4.9285 2.50836 4.52128 
4.9285 3.88935 4.7028 
4.9285 4.82842 2.59676 
2.50836 4.74425 4.87516 
2.50836 3.88935 1.38903 
2.50836 4.82842 4.78435 
4.74425 4.67408 3.61541 
4.97448 3.88935 4.91282 
4.97448 4.82842 3.48096 
4.97448 4.53315 1.41202 
3.88935 4.53315 4.95741 
4.82842 4.53315 4.51183 
4.80044 4.96579 1.34501 
4.80044 4.66036 2.44909 
3.48394 3.58496 4.76289 
2.37425 3.58496 3.38106 
2.37425 4.03064 2.39799 
2.37425 3.56692 2.58161 
4.96579 4.66036 1.24892 
3.58496 4.03064 2.56194 
3.58496 3.56692 1.20063 
4.03064 3.56692 1.46232 
4.53952 1.28095 4.87516 
4.53952 1.34501 3.91603 
4.53952 4.86621 1.38903 
4.53952 3.74768 4.22325 
4.53952 2.44909 3.86137 
1.28095 1.34501 2.53903 
1.28095 4.96462 4.89236 
1.28095 3.74768 4.95006 
1.28095 2.44909 3.64134 
1.28095 4.71569 3.61541 
1.34501 4.86621 3.91122 
1.34501 3.74768 2.48836 
1.34501 2.44909 1.24892 
1.34501 4.0012 3.57127 
4.96462 4.0012 4.9964 
4.86621 3.74768 3.38182 
4.86621 2.44909 3.4533 
3.74768 2.44909 1.31235 
3.74768 4.0012 3.94493 
2.44909 4.0012 3.67696 
4.71569 4.0012 2.58927 
2.28161 2.59676 4.53487 
2.28161 4.49405 2.61688 
2.28161 3.14404 1.35415 
4.52128 4.7028 1.38903 
4.52128 2.59676 4.78435 
4.7028 4.49405 4.48184 
2.59676 4.78709 2.56194 
2.59676 3.59996 1.20063 
2.59676 3.14404 4.84433 
4.78709 3.59996 1.46232 
4.49405 3.14404 1.40664 
4.03434 4.53487 3.38106 
4.03434 4.73215 4.92689 
4.03434 2.61688 4.39613 
4.03434 4.86962 4.65676 
4.03434 1.35415 4.0143 
4.53487 1.35415 4.84433 
4.73215 2.61688 2.54309 
4.73215 1.35415 3.41731 
2.61688 1.35415 1.40664 
4.8456 2.62011 4.89236 
2.62011 4.06549 4.78181 
4.76289 4.06549 4.96623 
4.06549 4.57267 1.27426 
4.87516 3.91603 2.53903 
4.87516 4.22325 4.95006 
4.87516 3.86137 3.64134 
3.91603 1.38903 3.91122 
3.91603 4.22325 2.48836 
3.91603 3.86137 1.24892 
3.91603 2.58581 4.63723 
1.38903 4.22325 3.38182 
1.38903 3.75237 2.62057 
1.38903 3.86137 3.4533 
1.38903 2.58581 1.35595 
4.78435 3.75237 4.96623 
4.22325 3.75237 4.31385 
4.22325 3.86137 1.31235 
4.22325 2.58581 3.56589 
3.75237 3.86137 4.99074 
3.75237 2.58581 1.27426 
3.86137 2.58581 4.03642 
3.90299 3.38106 3.48096 
3.90299 2.39799 1.56303 
3.90299 4.76923 1.41202 
3.90299 2.58161 2.62 
3.90299 4.44352 4.97008 
3.90299 4.33767 4.09158 
3.38106 2.39799 2.56194 
3.38106 4.76923 4.51183 
3.38106 2.58161 1.20063 
3.38106 4.0143 4.84433 
2.39799 4.76923 2.68209 
2.39799 2.58161 1.46232 
2.39799 4.44352 4.68469 
2.39799 4.33767 4.06086 
4.92689 4.44352 4.69665 
4.92689 4.39613 2.54309 
4.92689 4.33767 3.94493 
4.92689 4.0143 3.41731 
4.76923 2.58161 3.79982 
4.76923 4.44352 4.59684 
4.76923 4.33767 3.75406 
4.44352 4.65676 1.29953 
4.44352 4.33767 1.343 
4.39613 4.0143 1.40664 
4.65676 4.33767 2.58927 
2.53903 4.95006 2.48836 
2.53903 4.86835 4.49291 
2.53903 3.64134 1.24892 
4.95006 4.86835 4.69665 
4.95006 3.64134 1.31235 
4.86835 3.64134 4.61376 
4.86835 3.61541 1.29953 
3.91122 2.48836 3.38182 
3.91122 1.24892 3.4533 
3.91122 4.63723 1.35595 
2.48836 4.49291 4.69665 
2.48836 1.24892 1.31235 
2.48836 4.63723 3.56589 
2.48836 3.57127 3.94493 
4.49291 1.24892 4.61376 
4.49291 3.57127 1.343 
1.24892 4.63723 4.03642 
1.24892 3.57127 3.67696 
4.91282 1.41202 4.95741 
4.91282 2.61326 2.62057 
4.91282 3.67919 1.35595 
3.48096 1.56303 2.56194 
3.48096 1.41202 4.51183 
3.48096 2.62 1.20063 
3.48096 2.61326 4.96623 
1.56303 1.41202 2.68209 
1.56303 2.62 1.46232 
1.56303 4.97008 4.68469 
1.56303 2.61326 3.77371 
1.56303 3.67919 4.98254 
1.56303 4.09158 4.06086 
1.41202 2.62 3.79982 
1.41202 4.97008 4.59684 
1.41202 2.61326 3.25206 
1.41202 3.67919 3.96474 
1.41202 4.09158 3.75406 
2.62 2.61326 4.30157 
4.97008 4.09158 1.343 
2.61326 3.67919 1.27426 
4.76264 4.78181 3.25206 
4.76264 4.9964 3.75406 
3.38182 2.62057 4.31385 
3.38182 3.4533 1.31235 
3.38182 4.48184 2.54309 
3.38182 1.35595 3.56589 
4.95741 2.62057 3.25206 
4.95741 1.35595 3.96474 
2.62057 3.4533 4.99074 
2.62057 4.48184 4.34208 
2.62057 1.35595 1.27426 
3.4533 4.48184 3.80797 
3.4533 1.35595 4.03642 
4.48184 1.35595 4.10028 
2.56194 4.51183 2.68209 
2.56194 1.20063 1.46232 
2.56194 4.96623 3.77371 
4.51183 1.20063 3.79982 
4.51183 4.96623 3.25206 
1.20063 4.96623 4.30157 
4.96623 4.84433 4.50452 
2.68209 1.46232 3.79982 
2.68209 4.68469 4.59684 
2.68209 3.77371 3.25206 
2.68209 4.98254 3.96474 
2.68209 4.06086 3.75406 
1.46232 3.77371 4.30157 
4.68469 4.06086 1.343 
3.77371 4.98254 1.27426 
4.69665 1.31235 4.61376 
4.69665 3.94493 1.343 
4.31385 1.31235 4.99074 
4.31385 2.54309 4.34208 
4.31385 3.56589 1.27426 
4.31385 3.41731 4.50452 
1.31235 2.54309 3.80797 
1.31235 3.56589 4.03642 
1.31235 3.94493 3.67696 
1.31235 3.41731 4.7256 
2.54309 3.56589 4.10028 
2.54309 3.41731 1.40664 
3.56589 3.41731 4.63127 
3.79982 3.25206 4.30157 
4.59684 3.75406 1.343 
3.25206 3.96474 1.27426 
4.61376 1.343 3.67696 
1.29953 1.343 2.58927 
4.99074 4.34208 3.80797 
4.99074 1.27426 4.03642 
4.99074 4.50452 4.7256 
4.34208 1.27426 4.10028 
4.34208 4.50452 1.40664 
1.27426 4.50452 4.63127 
3.80797 4.03642 4.10028 
3.80797 4.7256 1.40664 
4.03642 4.7256 4.63127 
4.10028 1.40664 4.63127 
