4.52762 4.45126 2.29117 
4.52762 3.47039 2.52325 
4.52762 4.14554 3.50248 
4.52762 4.98112 4.24769 
4.52762 3.80078 4.8668 
4.52762 4.08559 4.57986 
4.52762 4.85427 4.65038 
4.52762 4.87424 4.02418 
4.52762 3.60723 4.15676 
4.52762 3.88802 1.33483 
4.52762 3.19325 3.78053 
4.52762 3.61602 4.99703 
4.45126 3.47039 2.8452 
4.45126 4.50406 4.76273 
4.45126 4.14554 1.4056 
4.45126 1.35467 4.73939 
4.45126 2.69079 4.36287 
4.45126 4.85427 4.56349 
4.45126 3.60723 2.47801 
4.45126 3.88802 1.83425 
4.45126 3.19325 3.66981 
4.45126 4.44543 4.97555 
4.45126 3.41262 3.79865 
4.45126 3.61602 4.55728 
3.47039 1.25734 4.07488 
3.47039 4.14554 3.54686 
3.47039 1.35467 4.20884 
3.47039 2.69079 4.83637 
3.47039 4.85427 3.58523 
3.47039 3.60723 4.14495 
3.47039 3.88802 1.34173 
3.47039 4.13879 4.24496 
3.47039 3.19325 1.29753 
3.47039 4.44543 3.53879 
3.47039 3.61602 2.5261 
3.47039 4.24193 4.66478 
3.47039 3.84064 3.64506 
4.50406 4.14554 3.6896 
4.50406 1.35467 3.96083 
4.50406 2.50309 4.54601 
4.50406 3.80078 3.29822 
4.50406 2.30028 4.87924 
4.50406 4.08559 4.51735 
4.50406 2.69079 2.60732 
4.50406 4.87424 3.73037 
4.50406 3.94571 3.53787 
4.50406 3.60723 2.4996 
4.50406 4.75546 2.53866 
4.50406 4.35262 4.15267 
4.50406 3.41262 1.43875 
4.50406 4.85553 3.61547 
4.50406 3.80514 4.9669 
1.25734 1.35467 2.35169 
1.25734 4.72029 4.31227 
1.25734 2.50309 1.44668 
1.25734 3.80078 4.82222 
1.25734 2.30028 2.59418 
1.25734 4.08559 4.85968 
1.25734 2.69079 3.80995 
1.25734 4.85427 4.44932 
1.25734 3.6815 4.10615 
1.25734 3.94571 2.78151 
1.25734 3.60723 4.79458 
1.25734 4.42611 3.25282 
1.25734 2.49968 2.05291 
1.25734 4.75546 3.77512 
1.25734 3.88802 4.58735 
1.25734 4.35262 3.12162 
1.25734 4.13879 3.61602 
1.25734 3.19325 3.81013 
1.25734 4.54185 3.57985 
1.25734 4.44543 3.92265 
1.25734 4.20866 3.64914 
1.25734 3.41262 4.51545 
1.25734 3.61602 4.23414 
1.25734 4.85553 4.13996 
1.25734 3.80514 3.27955 
1.25734 3.84064 4.52572 
1.25734 4.63739 4.867 
4.14554 1.35467 4.04002 
4.14554 3.80078 4.22863 
4.14554 2.69079 3.27484 
4.14554 4.87424 4.11984 
4.14554 3.60723 1.2661 
4.14554 3.88802 2.89779 
4.14554 3.19325 3.9681 
4.14554 3.41262 2.65593 
4.14554 3.61602 4.57662 
4.14554 3.84064 4.91911 
1.35467 2.50309 3.20349 
1.35467 4.98112 4.03113 
1.35467 3.80078 2.50529 
1.35467 2.30028 1.53018 
1.35467 4.08559 2.74667 
1.35467 2.69079 1.6552 
1.35467 3.6815 2.55984 
1.35467 4.87424 3.65933 
1.35467 3.94571 4.63938 
1.35467 3.60723 3.28517 
1.35467 2.49968 2.48582 
1.35467 3.88802 4.61294 
1.35467 4.13879 4.30591 
1.35467 3.19325 3.70892 
1.35467 4.44543 4.86622 
1.35467 4.20866 4.17585 
1.35467 3.41262 2.81153 
1.35467 3.61602 3.77982 
1.35467 4.85553 4.79882 
1.35467 4.24193 3.55461 
1.35467 3.80514 3.64043 
1.35467 3.84064 3.58205 
1.35467 4.63739 3.63297 
4.72029 4.08559 4.49272 
4.72029 4.85427 1.75803 
4.72029 3.6815 4.66535 
4.72029 4.42611 4.59537 
4.72029 4.13879 4.048 
4.72029 4.54185 3.88332 
4.72029 4.44543 2.8849 
4.72029 4.63739 3.83539 
2.50309 2.30028 2.74287 
2.50309 2.69079 4.79959 
2.50309 3.6815 4.13732 
2.50309 3.94571 1.47547 
2.50309 4.42611 2.88684 
2.50309 2.49968 1.56318 
2.50309 4.75546 2.35767 
2.50309 4.35262 2.22863 
2.50309 4.13879 3.693 
2.50309 3.19325 4.57699 
2.50309 4.54185 3.77105 
2.50309 4.44543 4.2893 
2.50309 4.20866 3.31736 
2.50309 3.61602 4.72156 
2.50309 4.85553 3.00456 
2.50309 3.80514 2.6275 
2.50309 3.84064 4.84614 
2.50309 4.63739 4.73441 
4.98112 3.80078 3.68508 
4.98112 2.30028 4.12387 
4.98112 4.08559 3.18211 
4.98112 2.69079 4.31253 
4.98112 3.6815 3.75392 
4.98112 4.87424 3.71639 
4.98112 3.88802 4.92358 
4.98112 3.19325 4.77139 
4.98112 4.54185 4.8827 
4.98112 3.61602 3.7751 
4.98112 4.24193 1.27951 
4.98112 3.84064 2.54848 
4.98112 4.63739 4.86667 
3.80078 2.30028 2.99659 
3.80078 4.08559 1.42962 
3.80078 2.69079 1.42343 
3.80078 3.6815 2.55542 
3.80078 4.87424 1.41339 
3.80078 3.60723 3.26632 
3.80078 2.49968 4.38899 
3.80078 3.41262 2.45759 
3.80078 4.24193 3.8483 
3.80078 3.84064 4.57911 
3.80078 4.63739 3.40391 
2.30028 4.08559 2.48535 
2.30028 2.69079 2.73664 
2.30028 3.6815 1.51373 
2.30028 4.87424 4.31636 
2.30028 3.94571 3.94818 
2.30028 3.60723 4.72087 
2.30028 2.49968 1.40975 
2.30028 4.75546 4.03511 
2.30028 4.35262 4.94564 
2.30028 4.13879 3.69836 
2.30028 3.19325 4.77497 
2.30028 4.44543 4.62745 
2.30028 4.20866 3.14918 
2.30028 3.41262 3.99129 
2.30028 3.61602 4.60791 
2.30028 4.85553 3.41842 
2.30028 4.24193 3.97379 
2.30028 3.80514 2.31436 
2.30028 3.84064 4.1735 
2.30028 4.63739 2.42667 
4.08559 2.69079 2.48526 
4.08559 3.6815 1.44429 
4.08559 4.87424 2.4131 
4.08559 3.60723 4.56837 
4.08559 2.49968 3.84908 
4.08559 4.54185 4.27921 
4.08559 4.20866 4.98433 
4.08559 3.41262 3.74474 
4.08559 4.24193 3.65665 
4.08559 3.80514 4.30724 
4.08559 3.84064 4.52969 
4.08559 4.63739 2.30818 
2.69079 3.6815 3.03568 
2.69079 4.87424 2.40303 
2.69079 3.60723 2.22617 
2.69079 2.49968 3.93762 
2.69079 3.88802 4.88395 
2.69079 3.19325 4.54384 
2.69079 3.41262 1.42452 
2.69079 3.61602 4.65536 
2.69079 4.24193 4.04533 
2.69079 3.80514 4.78338 
2.69079 3.84064 4.37678 
2.69079 4.63739 3.95742 
4.85427 3.88802 3.85665 
4.85427 4.13879 2.74156 
4.85427 3.19325 3.95187 
4.85427 4.54185 4.92506 
4.85427 4.44543 1.42771 
4.85427 4.20866 4.01216 
4.85427 3.61602 4.40108 
3.6815 4.87424 3.78056 
3.6815 2.49968 2.65117 
3.6815 4.75546 4.91762 
3.6815 4.13879 4.46703 
3.6815 4.54185 3.93172 
3.6815 4.20866 3.74885 
3.6815 3.41262 4.34872 
3.6815 4.85553 3.88394 
3.6815 4.24193 4.07961 
3.6815 3.80514 2.91984 
3.6815 3.84064 4.7059 
3.6815 4.63739 1.29542 
4.87424 3.60723 3.38522 
4.87424 3.41262 2.95665 
4.87424 4.24193 3.98099 
4.87424 3.84064 4.85606 
4.87424 4.63739 4.59956 
3.94571 3.60723 4.78537 
3.94571 4.42611 2.43852 
3.94571 2.49968 2.56773 
3.94571 4.75546 1.43975 
3.94571 4.35262 1.32673 
3.94571 4.13879 3.99679 
3.94571 4.54185 3.72532 
3.94571 4.44543 4.58115 
3.94571 4.20866 3.51872 
3.94571 3.41262 4.61065 
3.94571 4.85553 2.70511 
3.94571 3.80514 2.95492 
3.60723 4.75546 4.33432 
3.60723 3.88802 3.64336 
3.60723 4.35262 4.96363 
3.60723 3.19325 4.38427 
3.60723 3.41262 1.3915 
3.60723 3.61602 4.88986 
4.42611 2.49968 4.36201 
4.42611 4.75546 3.81892 
4.42611 4.35262 1.22877 
4.42611 4.13879 4.97433 
4.42611 4.54185 1.43892 
4.42611 4.44543 4.88689 
4.42611 3.80514 4.99235 
4.42611 4.63739 4.88677 
2.49968 4.75546 2.70682 
2.49968 4.35262 3.64994 
2.49968 4.13879 3.17784 
2.49968 4.44543 4.13319 
2.49968 4.20866 2.49791 
2.49968 3.61602 4.9689 
2.49968 4.85553 2.38343 
2.49968 4.24193 4.82611 
2.49968 3.80514 1.50031 
2.49968 3.84064 4.73703 
2.49968 4.63739 3.17141 
4.75546 4.35262 2.62282 
4.75546 4.13879 4.37774 
4.75546 4.20866 3.50416 
4.75546 3.41262 3.81161 
4.75546 4.85553 1.67821 
4.75546 3.80514 2.63455 
3.88802 3.19325 2.55098 
3.88802 4.44543 4.22643 
3.88802 3.41262 4.70442 
3.88802 3.61602 3.72438 
3.88802 3.84064 4.72004 
4.35262 4.13879 4.6647 
4.35262 4.54185 2.64163 
4.35262 4.44543 4.90327 
4.35262 4.20866 4.49184 
4.35262 4.85553 4.00443 
4.35262 3.80514 4.16587 
4.13879 3.19325 3.69789 
4.13879 4.44543 1.34246 
4.13879 4.20866 1.29373 
4.13879 3.61602 3.28317 
4.13879 4.85553 3.74306 
4.13879 4.24193 4.6413 
4.13879 3.80514 2.54602 
4.13879 3.84064 3.79872 
4.13879 4.63739 4.22711 
3.19325 4.44543 3.40733 
3.19325 4.20866 4.38956 
3.19325 3.61602 1.25126 
3.19325 4.24193 3.52073 
3.19325 3.84064 2.40129 
4.54185 4.63739 3.63018 
4.44543 4.20866 2.6142 
4.44543 3.61602 3.47208 
4.44543 4.85553 4.92379 
4.44543 3.80514 3.7892 
4.44543 3.84064 4.3136 
4.20866 3.61602 3.64274 
4.20866 4.85553 2.55256 
4.20866 4.24193 4.51341 
4.20866 3.80514 1.40241 
4.20866 3.84064 3.81992 
4.20866 4.63739 3.38324 
3.41262 4.85553 4.93026 
3.61602 4.24193 2.50418 
3.61602 3.80514 4.94413 
3.61602 3.84064 1.25542 
4.85553 3.80514 1.52634 
4.85553 4.63739 3.69161 
4.24193 3.84064 1.30086 
3.80514 3.84064 4.96212 
3.80514 4.63739 2.77344 
2.29117 2.52325 2.8452 
2.29117 3.50248 1.4056 
2.29117 3.19842 2.66122 
2.29117 2.34921 1.28224 
2.29117 3.87244 3.64641 
2.29117 4.69935 4.55606 
2.29117 2.74442 4.85776 
2.29117 4.92209 4.9319 
2.29117 1.2741 3.35838 
2.29117 4.65038 4.56349 
2.29117 4.9031 4.53862 
2.29117 4.35297 4.32805 
2.29117 4.08969 3.77301 
2.29117 4.15676 2.47801 
2.29117 1.33483 1.83425 
2.29117 3.82505 3.67614 
2.29117 3.78053 3.66981 
2.29117 4.99703 4.55728 
2.52325 3.50248 3.54686 
2.52325 3.19842 3.54706 
2.52325 2.34921 2.94546 
2.52325 3.87244 4.82471 
2.52325 2.74442 4.91827 
2.52325 1.2741 3.66415 
2.52325 4.65038 3.58523 
2.52325 4.08969 3.74683 
2.52325 4.15676 4.14495 
2.52325 4.91947 4.93464 
2.52325 1.33483 1.34173 
2.52325 3.78053 1.29753 
2.52325 3.59149 4.31874 
2.52325 4.99703 2.5261 
2.52325 4.40703 4.49748 
2.52325 3.26413 4.80474 
3.50248 3.19842 3.80155 
3.50248 2.34921 2.53081 
3.50248 3.87244 4.81686 
3.50248 4.8668 4.22863 
3.50248 4.69935 3.21062 
3.50248 1.2741 4.57689 
3.50248 4.9031 3.34696 
3.50248 4.02418 4.11984 
3.50248 4.08969 4.79784 
3.50248 4.15676 1.2661 
3.50248 1.33483 2.89779 
3.50248 3.82505 4.80987 
3.50248 3.78053 3.9681 
3.50248 4.99703 4.57662 
3.19842 2.34921 1.38968 
3.19842 3.87244 1.44657 
3.19842 4.92209 2.40649 
3.19842 1.2741 3.87763 
3.19842 4.65038 2.69178 
3.19842 4.35297 3.62741 
3.19842 4.08969 1.40173 
3.19842 1.33483 2.8451 
3.19842 3.82505 2.41554 
3.19842 3.78053 4.43812 
4.24769 4.8668 3.68508 
4.24769 4.69935 4.2996 
4.24769 2.74442 3.0581 
4.24769 4.57986 3.18211 
4.24769 1.2741 3.61412 
4.24769 4.9031 4.64241 
4.24769 4.02418 3.71639 
4.24769 4.91947 3.62566 
4.24769 1.33483 4.92358 
4.24769 3.78053 4.77139 
4.24769 3.59149 1.42191 
4.24769 4.99703 3.7751 
4.24769 4.40703 2.35637 
4.24769 3.26413 2.45265 
2.34921 3.87244 2.43447 
2.34921 2.74442 4.79849 
2.34921 4.92209 3.66674 
2.34921 1.2741 3.26548 
2.34921 4.65038 3.59503 
2.34921 4.35297 3.68374 
2.34921 4.08969 2.60305 
2.34921 4.15676 3.71488 
2.34921 1.33483 1.95733 
2.34921 3.82505 2.7552 
2.34921 3.78053 3.89459 
2.34921 4.99703 4.79923 
3.87244 4.92209 1.39816 
3.87244 1.2741 4.13352 
3.87244 4.65038 3.61676 
3.87244 4.9031 4.99826 
3.87244 4.35297 2.61922 
3.87244 4.08969 2.23357 
3.87244 1.33483 3.95377 
3.87244 3.82505 1.36359 
4.8668 4.69935 2.51972 
4.8668 2.74442 2.1536 
4.8668 4.57986 1.42962 
4.8668 1.2741 3.69373 
4.8668 4.9031 3.66161 
4.8668 4.02418 1.41339 
4.8668 4.15676 3.26632 
4.8668 3.59149 3.67644 
4.8668 4.40703 4.68229 
4.8668 3.26413 2.33228 
4.69935 2.74442 2.50633 
4.69935 4.57986 3.69784 
4.69935 1.2741 3.45516 
4.69935 4.9031 1.20562 
4.69935 4.35297 4.49008 
4.69935 4.02418 1.40913 
4.69935 4.15676 2.80185 
4.69935 3.82505 4.929 
4.69935 3.59149 4.75342 
4.69935 3.26413 3.74922 
2.74442 4.57986 2.27165 
2.74442 1.2741 1.54578 
2.74442 4.9031 3.24133 
2.74442 4.35297 4.8892 
2.74442 4.02418 1.41561 
2.74442 4.15676 4.71374 
2.74442 4.91947 4.53002 
2.74442 1.33483 4.00968 
2.74442 3.82505 4.89854 
2.74442 3.59149 2.78501 
2.74442 4.40703 3.97876 
2.74442 3.26413 1.547 
4.92209 4.65038 3.52713 
4.92209 4.35297 3.52607 
4.92209 4.08969 2.37442 
4.92209 1.33483 4.96008 
4.92209 3.82505 2.44802 
4.57986 1.2741 3.63418 
4.57986 4.9031 4.73236 
4.57986 4.02418 2.4131 
4.57986 4.15676 4.56837 
4.57986 4.91947 3.64593 
4.57986 3.59149 2.74599 
4.57986 4.40703 3.51019 
4.57986 3.26413 1.45545 
1.2741 4.9031 3.78022 
1.2741 4.35297 4.08192 
1.2741 4.02418 2.76105 
1.2741 4.08969 4.77584 
1.2741 4.91947 4.85066 
1.2741 1.33483 2.58314 
1.2741 3.82505 3.82395 
1.2741 3.78053 4.93632 
1.2741 3.59149 3.17483 
1.2741 4.40703 4.25239 
1.2741 3.26413 2.47706 
4.65038 4.08969 1.43313 
4.65038 1.33483 3.85665 
4.65038 3.82505 4.88277 
4.65038 3.78053 3.95187 
4.65038 4.99703 4.40108 
4.9031 4.35297 3.88464 
4.9031 4.02418 2.49326 
4.9031 4.15676 3.38117 
4.9031 3.82505 4.29328 
4.9031 3.26413 4.55155 
4.35297 4.08969 4.78074 
4.35297 4.91947 4.77914 
4.35297 3.82505 1.26753 
4.35297 3.59149 4.98289 
4.35297 4.40703 4.09489 
4.02418 4.15676 3.38522 
4.02418 3.59149 3.80697 
4.02418 3.26413 2.51327 
4.08969 1.33483 3.5128 
4.08969 3.82505 3.51904 
4.08969 3.78053 4.41083 
4.15676 1.33483 3.64336 
4.15676 3.78053 4.38427 
4.15676 4.99703 4.88986 
4.91947 3.59149 2.38982 
4.91947 4.40703 1.42662 
4.91947 3.26413 3.0512 
1.33483 3.82505 4.26447 
1.33483 3.78053 2.55098 
1.33483 3.59149 4.18922 
1.33483 4.99703 3.72438 
1.33483 4.40703 4.71603 
1.33483 3.26413 4.26004 
3.78053 4.99703 1.25126 
3.59149 4.40703 1.30001 
3.59149 3.26413 1.6746 
4.40703 3.26413 2.6537 
2.8452 1.4056 3.54686 
2.8452 4.73939 4.20884 
2.8452 2.66122 3.54706 
2.8452 1.28224 2.94546 
2.8452 3.64641 4.82471 
2.8452 4.85776 4.91827 
2.8452 4.36287 4.83637 
2.8452 3.35838 3.66415 
2.8452 4.56349 3.58523 
2.8452 3.77301 3.74683 
2.8452 2.47801 4.14495 
2.8452 1.83425 1.34173 
2.8452 3.66981 1.29753 
2.8452 4.97555 3.53879 
2.8452 4.55728 2.5261 
4.76273 1.4056 3.6896 
4.76273 4.73939 3.96083 
4.76273 4.55606 3.78174 
4.76273 4.36287 2.60732 
4.76273 4.53862 4.74667 
4.76273 2.47801 2.4996 
4.76273 3.79865 1.43875 
1.4056 4.73939 4.04002 
1.4056 2.66122 3.80155 
1.4056 1.28224 2.53081 
1.4056 3.64641 4.81686 
1.4056 4.67185 3.73851 
1.4056 4.55606 3.21062 
1.4056 4.36287 3.27484 
1.4056 3.35838 4.57689 
1.4056 4.53862 3.34696 
1.4056 3.77301 4.79784 
1.4056 2.47801 1.2661 
1.4056 1.83425 2.89779 
1.4056 3.67614 4.80987 
1.4056 3.66981 3.9681 
1.4056 3.79865 2.65593 
1.4056 4.55728 4.57662 
4.73939 4.55606 4.20123 
4.73939 4.85776 4.3014 
4.73939 4.36287 1.6552 
4.73939 2.47801 3.28517 
4.73939 1.83425 4.61294 
4.73939 3.66981 3.70892 
4.73939 4.97555 4.86622 
4.73939 3.79865 2.81153 
4.73939 4.55728 3.77982 
2.66122 1.28224 1.38968 
2.66122 3.64641 1.44657 
2.66122 4.9319 2.40649 
2.66122 3.35838 3.87763 
2.66122 4.56349 2.69178 
2.66122 4.32805 3.62741 
2.66122 3.77301 1.40173 
2.66122 1.83425 2.8451 
2.66122 3.67614 2.41554 
2.66122 3.66981 4.43812 
2.66122 4.97555 3.71653 
1.28224 3.64641 2.43447 
1.28224 4.85776 4.79849 
1.28224 4.9319 3.66674 
1.28224 3.35838 3.26548 
1.28224 4.56349 3.59503 
1.28224 4.32805 3.68374 
1.28224 3.77301 2.60305 
1.28224 2.47801 3.71488 
1.28224 1.83425 1.95733 
1.28224 3.67614 2.7552 
1.28224 3.66981 3.89459 
1.28224 4.97555 4.29103 
1.28224 4.55728 4.79923 
3.64641 4.67185 4.83911 
3.64641 4.9319 1.39816 
3.64641 3.35838 4.13352 
3.64641 4.56349 3.61676 
3.64641 4.53862 4.99826 
3.64641 4.32805 2.61922 
3.64641 3.77301 2.23357 
3.64641 1.83425 3.95377 
3.64641 3.67614 1.36359 
3.64641 4.97555 4.86114 
4.67185 4.55606 2.52909 
4.67185 4.85776 4.48578 
4.67185 4.9319 4.87406 
4.67185 3.35838 4.75566 
4.67185 4.53862 1.3517 
4.67185 4.32805 3.72947 
4.67185 2.47801 4.14887 
4.67185 3.67614 4.16515 
4.67185 3.79865 4.93061 
4.55606 4.85776 2.50633 
4.55606 4.36287 2.87478 
4.55606 3.35838 3.45516 
4.55606 4.53862 1.20562 
4.55606 4.32805 4.49008 
4.55606 2.47801 2.80185 
4.55606 3.67614 4.929 
4.55606 3.79865 2.93638 
4.85776 4.36287 3.44159 
4.85776 3.35838 1.54578 
4.85776 4.53862 3.24133 
4.85776 4.32805 4.8892 
4.85776 2.47801 4.71374 
4.85776 1.83425 4.00968 
4.85776 3.67614 4.89854 
4.85776 3.79865 4.27872 
4.9319 4.56349 3.52713 
4.9319 4.32805 3.52607 
4.9319 3.77301 2.37442 
4.9319 1.83425 4.96008 
4.9319 3.67614 2.44802 
4.9319 4.97555 4.90168 
4.36287 3.35838 4.97068 
4.36287 4.53862 3.92506 
4.36287 2.47801 2.22617 
4.36287 1.83425 4.88395 
4.36287 3.66981 4.54384 
4.36287 3.79865 1.42452 
4.36287 4.55728 4.65536 
3.35838 4.53862 3.78022 
3.35838 4.32805 4.08192 
3.35838 3.77301 4.77584 
3.35838 1.83425 2.58314 
3.35838 3.67614 3.82395 
3.35838 3.66981 4.93632 
4.56349 3.77301 1.43313 
4.56349 1.83425 3.85665 
4.56349 3.67614 4.88277 
4.56349 3.66981 3.95187 
4.56349 4.97555 1.42771 
4.56349 4.55728 4.40108 
4.53862 4.32805 3.88464 
4.53862 2.47801 3.38117 
4.53862 3.67614 4.29328 
4.53862 3.79865 3.89294 
4.32805 3.77301 4.78074 
4.32805 3.67614 1.26753 
3.77301 1.83425 3.5128 
3.77301 3.67614 3.51904 
3.77301 3.66981 4.41083 
3.77301 4.97555 2.6497 
2.47801 1.83425 3.64336 
2.47801 3.66981 4.38427 
2.47801 3.79865 1.3915 
2.47801 4.55728 4.88986 
1.83425 3.67614 4.26447 
1.83425 3.66981 2.55098 
1.83425 4.97555 4.22643 
1.83425 3.79865 4.70442 
1.83425 4.55728 3.72438 
3.66981 4.97555 3.40733 
3.66981 4.55728 1.25126 
4.97555 4.55728 3.47208 
4.07488 4.20884 2.35169 
4.07488 4.83637 3.80995 
4.07488 3.58523 4.44932 
4.07488 4.14495 4.79458 
4.07488 4.93464 4.31781 
4.07488 1.34173 4.58735 
4.07488 4.24496 3.61602 
4.07488 1.29753 3.81013 
4.07488 3.53879 3.92265 
4.07488 2.5261 4.23414 
4.07488 3.64506 4.52572 
3.54686 4.20884 4.04002 
3.54686 3.54706 3.80155 
3.54686 2.94546 2.53081 
3.54686 4.82471 4.81686 
3.54686 4.83637 3.27484 
3.54686 3.66415 4.57689 
3.54686 3.74683 4.79784 
3.54686 4.14495 1.2661 
3.54686 1.34173 2.89779 
3.54686 1.29753 3.9681 
3.54686 2.5261 4.57662 
3.54686 3.64506 4.91911 
4.20884 4.91827 4.3014 
4.20884 4.83637 1.6552 
4.20884 4.14495 3.28517 
4.20884 1.34173 4.61294 
4.20884 4.24496 4.30591 
4.20884 1.29753 3.70892 
4.20884 3.53879 4.86622 
4.20884 4.31874 4.45422 
4.20884 2.5261 3.77982 
4.20884 4.80474 3.87725 
4.20884 4.66478 3.55461 
4.20884 3.64506 3.58205 
3.54706 2.94546 1.38968 
3.54706 4.82471 1.44657 
3.54706 3.66415 3.87763 
3.54706 3.58523 2.69178 
3.54706 3.74683 1.40173 
3.54706 1.34173 2.8451 
3.54706 4.24496 4.8529 
3.54706 1.29753 4.43812 
3.54706 3.53879 3.71653 
2.94546 4.82471 2.43447 
2.94546 4.91827 4.79849 
2.94546 3.66415 3.26548 
2.94546 3.58523 3.59503 
2.94546 3.74683 2.60305 
2.94546 4.14495 3.71488 
2.94546 1.34173 1.95733 
2.94546 1.29753 3.89459 
2.94546 3.53879 4.29103 
2.94546 2.5261 4.79923 
4.82471 3.66415 4.13352 
4.82471 3.58523 3.61676 
4.82471 3.74683 2.23357 
4.82471 1.34173 3.95377 
4.82471 3.53879 4.86114 
4.91827 4.83637 3.44159 
4.91827 3.66415 1.54578 
4.91827 4.14495 4.71374 
4.91827 4.93464 4.53002 
4.91827 1.34173 4.00968 
4.91827 4.31874 2.78501 
4.91827 4.49748 3.97876 
4.91827 4.80474 1.547 
4.91827 4.66478 3.75674 
4.91827 3.64506 4.89363 
4.83637 3.66415 4.97068 
4.83637 4.14495 2.22617 
4.83637 1.34173 4.88395 
4.83637 1.29753 4.54384 
4.83637 4.31874 4.63531 
4.83637 2.5261 4.65536 
4.83637 4.80474 3.57738 
4.83637 4.66478 4.04533 
4.83637 3.64506 4.37678 
3.66415 3.74683 4.77584 
3.66415 4.93464 4.85066 
3.66415 1.34173 2.58314 
3.66415 1.29753 4.93632 
3.66415 4.31874 3.17483 
3.66415 4.49748 4.25239 
3.66415 4.80474 2.47706 
3.66415 4.66478 4.53571 
3.58523 3.74683 1.43313 
3.58523 1.34173 3.85665 
3.58523 4.24496 2.74156 
3.58523 1.29753 3.95187 
3.58523 3.53879 1.42771 
3.58523 2.5261 4.40108 
3.74683 1.34173 3.5128 
3.74683 4.24496 3.86671 
3.74683 1.29753 4.41083 
3.74683 3.53879 2.6497 
4.14495 1.34173 3.64336 
4.14495 1.29753 4.38427 
4.14495 2.5261 4.88986 
4.93464 4.31874 2.38982 
4.93464 4.49748 1.42662 
4.93464 4.80474 3.0512 
4.93464 4.66478 4.62861 
1.34173 1.29753 2.55098 
1.34173 3.53879 4.22643 
1.34173 4.31874 4.18922 
1.34173 2.5261 3.72438 
1.34173 4.49748 4.71603 
1.34173 4.80474 4.26004 
1.34173 3.64506 4.72004 
4.24496 1.29753 3.69789 
4.24496 3.53879 1.34246 
4.24496 2.5261 3.28317 
4.24496 4.66478 4.6413 
4.24496 3.64506 3.79872 
1.29753 3.53879 3.40733 
1.29753 2.5261 1.25126 
1.29753 4.66478 3.52073 
1.29753 3.64506 2.40129 
3.53879 2.5261 3.47208 
3.53879 3.64506 4.3136 
4.31874 4.49748 1.30001 
4.31874 4.80474 1.6746 
4.31874 4.66478 2.63398 
4.31874 3.64506 3.84459 
2.5261 4.66478 2.50418 
2.5261 3.64506 1.25542 
4.49748 4.80474 2.6537 
4.49748 4.66478 3.41839 
4.49748 3.64506 4.442 
4.80474 4.66478 3.3604 
4.80474 3.64506 4.51943 
4.66478 3.64506 1.30086 
3.6896 3.96083 4.04002 
3.6896 3.29822 4.22863 
3.6896 3.78174 3.21062 
3.6896 2.60732 3.27484 
3.6896 4.74667 3.34696 
3.6896 4.77406 4.75792 
3.6896 3.73037 4.11984 
3.6896 2.4996 1.2661 
3.6896 1.20999 4.21589 
3.6896 1.43875 2.65593 
3.96083 4.54601 3.20349 
3.96083 3.29822 2.50529 
3.96083 4.87924 1.53018 
3.96083 3.78174 4.20123 
3.96083 4.51735 2.74667 
3.96083 2.60732 1.6552 
3.96083 3.73037 3.65933 
3.96083 3.53787 4.63938 
3.96083 2.4996 3.28517 
3.96083 1.43875 2.81153 
3.96083 3.61547 4.79882 
3.96083 4.9669 3.64043 
4.54601 4.87924 2.74287 
4.54601 2.60732 4.79959 
4.54601 3.7253 4.41605 
4.54601 3.53787 1.47547 
4.54601 2.53866 2.35767 
4.54601 4.15267 2.22863 
4.54601 1.20999 3.42479 
4.54601 3.61547 3.00456 
4.54601 4.9669 2.6275 
3.29822 4.87924 2.99659 
3.29822 3.78174 2.51972 
3.29822 4.51735 1.42962 
3.29822 2.60732 1.42343 
3.29822 4.74667 3.66161 
3.29822 3.73037 1.41339 
3.29822 2.4996 3.26632 
3.29822 1.20999 4.28226 
3.29822 1.43875 2.45759 
3.29822 4.27463 4.91319 
4.87924 4.51735 2.48535 
4.87924 2.60732 2.73664 
4.87924 3.73037 4.31636 
4.87924 3.7253 4.66912 
4.87924 3.53787 3.94818 
4.87924 2.4996 4.72087 
4.87924 2.53866 4.03511 
4.87924 4.15267 4.94564 
4.87924 1.43875 3.99129 
4.87924 3.61547 3.41842 
4.87924 4.9669 2.31436 
3.78174 4.51735 3.69784 
3.78174 2.60732 2.87478 
3.78174 4.74667 1.20562 
3.78174 4.77406 3.82889 
3.78174 3.73037 1.40913 
3.78174 2.4996 2.80185 
3.78174 1.20999 4.29856 
3.78174 1.43875 2.93638 
4.51735 2.60732 2.48526 
4.51735 4.74667 4.73236 
4.51735 3.73037 2.4131 
4.51735 2.4996 4.56837 
4.51735 1.43875 3.74474 
4.51735 4.9669 4.30724 
2.60732 4.74667 3.92506 
2.60732 3.73037 2.40303 
2.60732 2.4996 2.22617 
2.60732 1.20999 3.74891 
2.60732 1.43875 1.42452 
2.60732 4.9669 4.78338 
4.74667 4.77406 2.63482 
4.74667 3.73037 2.49326 
4.74667 3.7253 4.87865 
4.74667 2.4996 3.38117 
4.74667 1.43875 3.89294 
4.74667 4.01528 3.89629 
4.74667 4.27463 4.3084 
4.77406 3.7253 2.24677 
4.77406 2.53866 4.38731 
4.77406 1.20999 4.46417 
4.77406 3.61547 3.58568 
4.77406 4.9669 4.65745 
4.77406 4.01528 1.35881 
4.77406 4.27463 2.37412 
3.73037 2.4996 3.38522 
3.73037 1.20999 4.44101 
3.73037 1.43875 2.95665 
3.7253 3.53787 3.87605 
3.7253 2.53866 2.63491 
3.7253 1.20999 2.98761 
3.7253 3.61547 1.44295 
3.7253 4.9669 2.68727 
3.7253 4.01528 1.28025 
3.7253 4.27463 2.49439 
3.53787 2.4996 4.78537 
3.53787 2.53866 1.43975 
3.53787 4.15267 1.32673 
3.53787 1.20999 2.48005 
3.53787 1.43875 4.61065 
3.53787 3.61547 2.70511 
3.53787 4.9669 2.95492 
3.53787 4.01528 4.96059 
2.4996 2.53866 4.33432 
2.4996 4.15267 4.96363 
2.4996 1.20999 3.20981 
2.4996 1.43875 1.3915 
2.53866 4.15267 2.62282 
2.53866 1.20999 1.35087 
2.53866 1.43875 3.81161 
2.53866 3.61547 1.67821 
2.53866 4.9669 2.63455 
2.53866 4.01528 3.64639 
2.53866 4.27463 4.58389 
4.15267 1.20999 3.34395 
4.15267 3.61547 4.00443 
4.15267 4.9669 4.16587 
1.20999 1.43875 2.49566 
1.20999 3.61547 2.53897 
1.20999 4.9669 3.79735 
1.20999 4.01528 3.63239 
1.20999 4.27463 4.20652 
1.43875 3.61547 4.93026 
3.61547 4.9669 1.52634 
3.61547 4.01528 2.70768 
3.61547 4.27463 3.76661 
4.9669 4.01528 3.94193 
4.01528 4.27463 1.47525 
2.35169 1.44668 3.20349 
2.35169 4.82222 2.50529 
2.35169 2.59418 1.53018 
2.35169 4.85968 2.74667 
2.35169 3.80995 1.6552 
2.35169 4.10615 2.55984 
2.35169 2.78151 4.63938 
2.35169 4.79458 3.28517 
2.35169 2.05291 2.48582 
2.35169 4.58735 4.61294 
2.35169 3.61602 4.30591 
2.35169 3.81013 3.70892 
2.35169 3.92265 4.86622 
2.35169 3.64914 4.17585 
2.35169 4.51545 2.81153 
2.35169 4.23414 3.77982 
2.35169 4.13996 4.79882 
2.35169 3.27955 3.64043 
2.35169 4.52572 3.58205 
2.35169 4.867 3.63297 
4.31227 4.85968 4.49272 
4.31227 4.44932 1.75803 
4.31227 4.10615 4.66535 
4.31227 4.31781 4.63292 
4.31227 3.25282 4.59537 
4.31227 3.61602 4.048 
4.31227 3.57985 3.88332 
4.31227 3.92265 2.8849 
4.31227 4.73145 1.354 
4.31227 4.867 3.83539 
1.44668 2.59418 2.74287 
1.44668 3.80995 4.79959 
1.44668 4.10615 4.13732 
1.44668 2.78151 1.47547 
1.44668 4.31781 4.65792 
1.44668 3.25282 2.88684 
1.44668 2.05291 1.56318 
1.44668 3.77512 2.35767 
1.44668 3.12162 2.22863 
1.44668 3.61602 3.693 
1.44668 4.86866 3.42479 
1.44668 3.81013 4.57699 
1.44668 3.57985 3.77105 
1.44668 3.92265 4.2893 
1.44668 3.64914 3.31736 
1.44668 4.23414 4.72156 
1.44668 4.13996 3.00456 
1.44668 3.27955 2.6275 
1.44668 4.52572 4.84614 
1.44668 4.867 4.73441 
4.82222 2.59418 2.99659 
4.82222 4.85968 1.42962 
4.82222 3.80995 1.42343 
4.82222 4.10615 2.55542 
4.82222 4.79458 3.26632 
4.82222 2.05291 4.38899 
4.82222 4.86866 4.28226 
4.82222 4.51545 2.45759 
4.82222 4.73145 4.64975 
4.82222 4.52572 4.57911 
4.82222 4.867 3.40391 
2.59418 4.85968 2.48535 
2.59418 3.80995 2.73664 
2.59418 4.10615 1.51373 
2.59418 2.78151 3.94818 
2.59418 4.79458 4.72087 
2.59418 4.31781 4.51513 
2.59418 2.05291 1.40975 
2.59418 3.77512 4.03511 
2.59418 3.12162 4.94564 
2.59418 3.61602 3.69836 
2.59418 3.81013 4.77497 
2.59418 3.92265 4.62745 
2.59418 3.64914 3.14918 
2.59418 4.51545 3.99129 
2.59418 4.23414 4.60791 
2.59418 4.13996 3.41842 
2.59418 3.27955 2.31436 
2.59418 4.73145 4.88329 
2.59418 4.52572 4.1735 
2.59418 4.867 2.42667 
4.85968 3.80995 2.48526 
4.85968 4.10615 1.44429 
4.85968 4.79458 4.56837 
4.85968 4.31781 3.64593 
4.85968 2.05291 3.84908 
4.85968 3.57985 4.27921 
4.85968 3.64914 4.98433 
4.85968 4.51545 3.74474 
4.85968 3.27955 4.30724 
4.85968 4.73145 3.60305 
4.85968 4.52572 4.52969 
4.85968 4.867 2.30818 
3.80995 4.10615 3.03568 
3.80995 4.79458 2.22617 
3.80995 2.05291 3.93762 
3.80995 4.58735 4.88395 
3.80995 4.86866 3.74891 
3.80995 3.81013 4.54384 
3.80995 4.51545 1.42452 
3.80995 4.23414 4.65536 
3.80995 3.27955 4.78338 
3.80995 4.52572 4.37678 
3.80995 4.867 3.95742 
4.44932 4.58735 3.85665 
4.44932 3.61602 2.74156 
4.44932 3.81013 3.95187 
4.44932 3.57985 4.92506 
4.44932 3.92265 1.42771 
4.44932 3.64914 4.01216 
4.44932 4.23414 4.40108 
4.44932 4.73145 2.86949 
4.10615 4.31781 3.40689 
4.10615 2.05291 2.65117 
4.10615 3.77512 4.91762 
4.10615 3.61602 4.46703 
4.10615 3.57985 3.93172 
4.10615 3.64914 3.74885 
4.10615 4.51545 4.34872 
4.10615 4.13996 3.88394 
4.10615 3.27955 2.91984 
4.10615 4.73145 3.47318 
4.10615 4.52572 4.7059 
4.10615 4.867 1.29542 
2.78151 4.79458 4.78537 
2.78151 4.31781 4.75825 
2.78151 3.25282 2.43852 
2.78151 2.05291 2.56773 
2.78151 3.77512 1.43975 
2.78151 3.12162 1.32673 
2.78151 3.61602 3.99679 
2.78151 4.86866 2.48005 
2.78151 3.57985 3.72532 
2.78151 3.92265 4.58115 
2.78151 3.64914 3.51872 
2.78151 4.51545 4.61065 
2.78151 4.13996 2.70511 
2.78151 3.27955 2.95492 
4.79458 3.77512 4.33432 
4.79458 4.58735 3.64336 
4.79458 3.12162 4.96363 
4.79458 4.86866 3.20981 
4.79458 3.81013 4.38427 
4.79458 4.51545 1.3915 
4.79458 4.23414 4.88986 
4.31781 3.25282 2.50167 
4.31781 3.12162 3.64509 
4.31781 3.57985 1.32778 
4.31781 4.73145 3.7895 
4.31781 4.867 3.56371 
3.25282 2.05291 4.36201 
3.25282 3.77512 3.81892 
3.25282 3.12162 1.22877 
3.25282 3.61602 4.97433 
3.25282 4.86866 4.56582 
3.25282 3.57985 1.43892 
3.25282 3.92265 4.88689 
3.25282 3.27955 4.99235 
3.25282 4.73145 4.09026 
3.25282 4.867 4.88677 
2.05291 3.77512 2.70682 
2.05291 3.12162 3.64994 
2.05291 3.61602 3.17784 
2.05291 4.86866 3.81647 
2.05291 3.92265 4.13319 
2.05291 3.64914 2.49791 
2.05291 4.23414 4.9689 
2.05291 4.13996 2.38343 
2.05291 3.27955 1.50031 
2.05291 4.52572 4.73703 
2.05291 4.867 3.17141 
3.77512 3.12162 2.62282 
3.77512 3.61602 4.37774 
3.77512 4.86866 1.35087 
3.77512 3.64914 3.50416 
3.77512 4.51545 3.81161 
3.77512 4.13996 1.67821 
3.77512 3.27955 2.63455 
4.58735 3.81013 2.55098 
4.58735 3.92265 4.22643 
4.58735 4.51545 4.70442 
4.58735 4.23414 3.72438 
4.58735 4.52572 4.72004 
3.12162 3.61602 4.6647 
3.12162 4.86866 3.34395 
3.12162 3.57985 2.64163 
3.12162 3.92265 4.90327 
3.12162 3.64914 4.49184 
3.12162 4.13996 4.00443 
3.12162 3.27955 4.16587 
3.61602 3.81013 3.69789 
3.61602 3.92265 1.34246 
3.61602 3.64914 1.29373 
3.61602 4.23414 3.28317 
3.61602 4.13996 3.74306 
3.61602 3.27955 2.54602 
3.61602 4.73145 4.909 
3.61602 4.52572 3.79872 
3.61602 4.867 4.22711 
4.86866 3.64914 4.76904 
4.86866 4.51545 2.49566 
4.86866 4.13996 2.53897 
4.86866 3.27955 3.79735 
3.81013 3.92265 3.40733 
3.81013 3.64914 4.38956 
3.81013 4.23414 1.25126 
3.81013 4.52572 2.40129 
3.57985 4.73145 3.14685 
3.57985 4.867 3.63018 
3.92265 3.64914 2.6142 
3.92265 4.23414 3.47208 
3.92265 4.13996 4.92379 
3.92265 3.27955 3.7892 
3.92265 4.73145 3.81591 
3.92265 4.52572 4.3136 
3.64914 4.23414 3.64274 
3.64914 4.13996 2.55256 
3.64914 3.27955 1.40241 
3.64914 4.52572 3.81992 
3.64914 4.867 3.38324 
4.51545 4.13996 4.93026 
4.23414 3.27955 4.94413 
4.23414 4.52572 1.25542 
4.13996 3.27955 1.52634 
4.13996 4.867 3.69161 
3.27955 4.52572 4.96212 
3.27955 4.867 2.77344 
4.73145 4.867 2.53913 
4.04002 4.22863 2.50529 
4.04002 3.21062 4.20123 
4.04002 3.27484 1.6552 
4.04002 4.11984 3.65933 
4.04002 1.2661 3.28517 
4.04002 2.89779 4.61294 
4.04002 3.9681 3.70892 
4.04002 2.65593 2.81153 
4.04002 4.57662 3.77982 
4.04002 4.91911 3.58205 
3.80155 2.53081 1.38968 
3.80155 4.81686 1.44657 
3.80155 4.57689 3.87763 
3.80155 4.79784 1.40173 
3.80155 2.89779 2.8451 
3.80155 4.80987 2.41554 
3.80155 3.9681 4.43812 
2.53081 4.81686 2.43447 
2.53081 4.57689 3.26548 
2.53081 4.79784 2.60305 
2.53081 1.2661 3.71488 
2.53081 2.89779 1.95733 
2.53081 4.80987 2.7552 
2.53081 3.9681 3.89459 
2.53081 4.57662 4.79923 
4.81686 3.73851 4.83911 
4.81686 4.57689 4.13352 
4.81686 3.34696 4.99826 
4.81686 4.75792 4.60811 
4.81686 4.79784 2.23357 
4.81686 2.89779 3.95377 
4.81686 4.80987 1.36359 
3.73851 4.22863 4.99755 
3.73851 3.21062 2.52909 
3.73851 4.57689 4.75566 
3.73851 3.34696 1.3517 
3.73851 4.75792 1.32052 
3.73851 4.11984 3.8417 
3.73851 1.2661 4.14887 
3.73851 4.80987 4.16515 
3.73851 2.65593 4.93061 
4.22863 3.21062 2.51972 
4.22863 3.27484 1.42343 
4.22863 4.57689 3.69373 
4.22863 3.34696 3.66161 
4.22863 4.11984 1.41339 
4.22863 1.2661 3.26632 
4.22863 4.21589 4.28226 
4.22863 2.65593 2.45759 
4.22863 4.91911 4.57911 
3.21062 3.27484 2.87478 
3.21062 4.57689 3.45516 
3.21062 3.34696 1.20562 
3.21062 4.75792 3.82889 
3.21062 4.11984 1.40913 
3.21062 1.2661 2.80185 
3.21062 4.80987 4.929 
3.21062 4.21589 4.29856 
3.21062 2.65593 2.93638 
3.21062 4.91911 4.94199 
3.27484 4.57689 4.97068 
3.27484 3.34696 3.92506 
3.27484 4.11984 2.40303 
3.27484 1.2661 2.22617 
3.27484 2.89779 4.88395 
3.27484 4.21589 3.74891 
3.27484 3.9681 4.54384 
3.27484 2.65593 1.42452 
3.27484 4.57662 4.65536 
3.27484 4.91911 4.37678 
4.57689 3.34696 3.78022 
4.57689 4.11984 2.76105 
4.57689 4.79784 4.77584 
4.57689 2.89779 2.58314 
4.57689 4.80987 3.82395 
4.57689 3.9681 4.93632 
3.34696 4.75792 2.63482 
3.34696 4.11984 2.49326 
3.34696 1.2661 3.38117 
3.34696 4.80987 4.29328 
3.34696 2.65593 3.89294 
4.75792 4.80987 4.05445 
4.75792 4.21589 4.46417 
4.11984 1.2661 3.38522 
4.11984 4.21589 4.44101 
4.11984 2.65593 2.95665 
4.11984 4.91911 4.85606 
4.79784 2.89779 3.5128 
4.79784 4.80987 3.51904 
4.79784 3.9681 4.41083 
1.2661 2.89779 3.64336 
1.2661 4.21589 3.20981 
1.2661 3.9681 4.38427 
1.2661 2.65593 1.3915 
1.2661 4.57662 4.88986 
2.89779 4.80987 4.26447 
2.89779 3.9681 2.55098 
2.89779 2.65593 4.70442 
2.89779 4.57662 3.72438 
2.89779 4.91911 4.72004 
4.21589 2.65593 2.49566 
3.9681 4.57662 1.25126 
3.9681 4.91911 2.40129 
4.57662 4.91911 1.25542 
3.20349 1.53018 2.74287 
3.20349 1.6552 4.79959 
3.20349 2.55984 4.13732 
3.20349 4.63938 1.47547 
3.20349 2.48582 1.56318 
3.20349 4.30591 3.693 
3.20349 3.70892 4.57699 
3.20349 4.86622 4.2893 
3.20349 4.17585 3.31736 
3.20349 3.77982 4.72156 
3.20349 4.79882 3.00456 
3.20349 3.64043 2.6275 
3.20349 3.58205 4.84614 
3.20349 3.63297 4.73441 
4.03113 2.50529 3.68508 
4.03113 1.53018 4.12387 
4.03113 4.20123 4.2996 
4.03113 4.3014 3.0581 
4.03113 2.74667 3.18211 
4.03113 1.6552 4.31253 
4.03113 2.55984 3.75392 
4.03113 3.65933 3.71639 
4.03113 4.61294 4.92358 
4.03113 3.70892 4.77139 
4.03113 4.45422 1.42191 
4.03113 3.77982 3.7751 
4.03113 3.87725 2.45265 
4.03113 3.55461 1.27951 
4.03113 3.58205 2.54848 
4.03113 3.63297 4.86667 
2.50529 1.53018 2.99659 
2.50529 4.20123 2.51972 
2.50529 4.3014 2.1536 
2.50529 2.74667 1.42962 
2.50529 1.6552 1.42343 
2.50529 2.55984 2.55542 
2.50529 3.65933 1.41339 
2.50529 3.28517 3.26632 
2.50529 2.48582 4.38899 
2.50529 4.45422 3.67644 
2.50529 2.81153 2.45759 
2.50529 3.87725 2.33228 
2.50529 4.71665 3.81901 
2.50529 3.55461 3.8483 
2.50529 3.58205 4.57911 
2.50529 3.63297 3.40391 
1.53018 4.3014 4.57612 
1.53018 2.74667 2.48535 
1.53018 1.6552 2.73664 
1.53018 2.55984 1.51373 
1.53018 3.65933 4.31636 
1.53018 4.63938 3.94818 
1.53018 3.28517 4.72087 
1.53018 2.48582 1.40975 
1.53018 4.30591 3.69836 
1.53018 3.70892 4.77497 
1.53018 4.86622 4.62745 
1.53018 4.17585 3.14918 
1.53018 4.45422 4.13773 
1.53018 2.81153 3.99129 
1.53018 3.77982 4.60791 
1.53018 4.79882 3.41842 
1.53018 3.87725 3.66692 
1.53018 4.71665 3.67243 
1.53018 3.55461 3.97379 
1.53018 3.64043 2.31436 
1.53018 3.58205 4.1735 
1.53018 3.63297 2.42667 
4.20123 4.3014 2.50633 
4.20123 2.74667 3.69784 
4.20123 1.6552 2.87478 
4.20123 2.55984 4.97149 
4.20123 3.65933 1.40913 
4.20123 3.28517 2.80185 
4.20123 4.45422 4.75342 
4.20123 2.81153 2.93638 
4.20123 3.87725 3.74922 
4.20123 3.55461 4.26732 
4.20123 3.58205 4.94199 
4.3014 2.74667 2.27165 
4.3014 1.6552 3.44159 
4.3014 2.55984 3.686 
4.3014 3.65933 1.41561 
4.3014 3.28517 4.71374 
4.3014 4.61294 4.00968 
4.3014 4.45422 2.78501 
4.3014 2.81153 4.27872 
4.3014 3.87725 1.547 
4.3014 4.71665 4.35846 
4.3014 3.55461 3.75674 
4.3014 3.58205 4.89363 
4.3014 3.63297 4.43035 
2.74667 1.6552 2.48526 
2.74667 2.55984 1.44429 
2.74667 3.65933 2.4131 
2.74667 3.28517 4.56837 
2.74667 2.48582 3.84908 
2.74667 4.17585 4.98433 
2.74667 4.45422 2.74599 
2.74667 2.81153 3.74474 
2.74667 3.87725 1.45545 
2.74667 4.71665 2.71266 
2.74667 3.55461 3.65665 
2.74667 3.64043 4.30724 
2.74667 3.58205 4.52969 
2.74667 3.63297 2.30818 
1.6552 2.55984 3.03568 
1.6552 3.65933 2.40303 
1.6552 3.28517 2.22617 
1.6552 2.48582 3.93762 
1.6552 4.61294 4.88395 
1.6552 3.70892 4.54384 
1.6552 4.45422 4.63531 
1.6552 2.81153 1.42452 
1.6552 3.77982 4.65536 
1.6552 3.87725 3.57738 
1.6552 4.71665 4.69479 
1.6552 3.55461 4.04533 
1.6552 3.64043 4.78338 
1.6552 3.58205 4.37678 
1.6552 3.63297 3.95742 
2.55984 3.65933 3.78056 
2.55984 2.48582 2.65117 
2.55984 4.30591 4.46703 
2.55984 4.17585 3.74885 
2.55984 4.45422 3.28608 
2.55984 2.81153 4.34872 
2.55984 4.79882 3.88394 
2.55984 3.87725 2.55161 
2.55984 4.71665 2.31504 
2.55984 3.55461 4.07961 
2.55984 3.64043 2.91984 
2.55984 3.58205 4.7059 
2.55984 3.63297 1.29542 
3.65933 3.28517 3.38522 
3.65933 4.45422 3.80697 
3.65933 2.81153 2.95665 
3.65933 3.87725 2.51327 
3.65933 4.71665 4.75332 
3.65933 3.55461 3.98099 
3.65933 3.58205 4.85606 
3.65933 3.63297 4.59956 
4.63938 3.28517 4.78537 
4.63938 2.48582 2.56773 
4.63938 4.30591 3.99679 
4.63938 4.86622 4.58115 
4.63938 4.17585 3.51872 
4.63938 2.81153 4.61065 
4.63938 4.79882 2.70511 
4.63938 3.64043 2.95492 
3.28517 4.61294 3.64336 
3.28517 3.70892 4.38427 
3.28517 2.81153 1.3915 
3.28517 3.77982 4.88986 
2.48582 4.30591 3.17784 
2.48582 4.86622 4.13319 
2.48582 4.17585 2.49791 
2.48582 3.77982 4.9689 
2.48582 4.79882 2.38343 
2.48582 3.87725 4.95185 
2.48582 4.71665 4.48992 
2.48582 3.55461 4.82611 
2.48582 3.64043 1.50031 
2.48582 3.58205 4.73703 
2.48582 3.63297 3.17141 
4.61294 3.70892 2.55098 
4.61294 4.86622 4.22643 
4.61294 4.45422 4.18922 
4.61294 2.81153 4.70442 
4.61294 3.77982 3.72438 
4.61294 3.87725 4.26004 
4.61294 3.58205 4.72004 
4.30591 3.70892 3.69789 
4.30591 4.86622 1.34246 
4.30591 4.17585 1.29373 
4.30591 3.77982 3.28317 
4.30591 4.79882 3.74306 
4.30591 3.55461 4.6413 
4.30591 3.64043 2.54602 
4.30591 3.58205 3.79872 
4.30591 3.63297 4.22711 
3.70892 4.86622 3.40733 
3.70892 4.17585 4.38956 
3.70892 3.77982 1.25126 
3.70892 3.55461 3.52073 
3.70892 3.58205 2.40129 
4.86622 4.17585 2.6142 
4.86622 3.77982 3.47208 
4.86622 4.79882 4.92379 
4.86622 3.64043 3.7892 
4.86622 3.58205 4.3136 
4.17585 3.77982 3.64274 
4.17585 4.79882 2.55256 
4.17585 4.71665 4.44604 
4.17585 3.55461 4.51341 
4.17585 3.64043 1.40241 
4.17585 3.58205 3.81992 
4.17585 3.63297 3.38324 
4.45422 3.87725 1.6746 
4.45422 4.71665 4.30667 
4.45422 3.55461 2.63398 
4.45422 3.58205 3.84459 
4.45422 3.63297 4.1287 
2.81153 4.79882 4.93026 
2.81153 3.87725 4.76614 
3.77982 3.55461 2.50418 
3.77982 3.64043 4.94413 
3.77982 3.58205 1.25542 
4.79882 4.71665 4.75658 
4.79882 3.64043 1.52634 
4.79882 3.63297 3.69161 
3.87725 4.71665 3.29984 
3.87725 3.55461 3.3604 
3.87725 3.58205 4.51943 
3.87725 3.63297 3.28555 
4.71665 3.64043 3.98578 
4.71665 3.63297 1.32078 
3.55461 3.58205 1.30086 
3.64043 3.58205 4.96212 
3.64043 3.63297 2.77344 
3.54867 2.4301 1.61128 
3.54867 1.38968 4.74271 
3.54867 1.44657 3.83663 
3.54867 2.40649 3.10898 
3.54867 2.69178 1.75803 
3.54867 1.40173 2.27693 
3.54867 4.8529 4.048 
3.54867 3.66351 3.96644 
3.54867 3.71653 2.8849 
3.54867 4.59521 1.354 
3.54867 4.62317 4.8265 
2.4301 1.38968 3.79551 
2.4301 1.44657 2.39249 
2.4301 2.40649 1.63524 
2.4301 2.69178 2.11205 
2.4301 3.62741 4.9323 
2.4301 1.40173 1.45118 
2.4301 2.8451 4.75061 
2.4301 4.8529 4.67563 
2.4301 2.41554 3.72314 
2.4301 3.66351 2.74915 
2.4301 3.71653 3.46894 
2.4301 4.59521 2.7102 
2.4301 4.62317 3.80235 
1.38968 1.44657 2.43447 
1.38968 2.40649 3.66674 
1.38968 3.87763 3.26548 
1.38968 2.69178 3.59503 
1.38968 3.62741 3.68374 
1.38968 1.40173 2.60305 
1.38968 2.8451 1.95733 
1.38968 2.41554 2.7552 
1.38968 3.66351 4.79556 
1.38968 4.43812 3.89459 
1.38968 3.71653 4.29103 
1.44657 2.40649 1.39816 
1.44657 3.87763 4.13352 
1.44657 2.69178 3.61676 
1.44657 3.62741 2.61922 
1.44657 1.40173 2.23357 
1.44657 2.8451 3.95377 
1.44657 2.41554 1.36359 
1.44657 3.66351 2.40712 
1.44657 3.71653 4.86114 
1.44657 4.59521 4.7297 
1.44657 4.62317 3.31922 
2.40649 2.69178 3.52713 
2.40649 3.62741 3.52607 
2.40649 1.40173 2.37442 
2.40649 2.8451 4.96008 
2.40649 2.41554 2.44802 
2.40649 3.66351 1.36675 
2.40649 3.71653 4.90168 
2.40649 4.59521 3.88525 
2.40649 4.62317 2.48215 
3.87763 3.62741 4.08192 
3.87763 1.40173 4.77584 
3.87763 2.8451 2.58314 
3.87763 2.41554 3.82395 
3.87763 4.43812 4.93632 
2.69178 1.40173 1.43313 
2.69178 2.8451 3.85665 
2.69178 4.8529 2.74156 
2.69178 2.41554 4.88277 
2.69178 3.66351 4.74349 
2.69178 4.43812 3.95187 
2.69178 3.71653 1.42771 
2.69178 4.59521 2.86949 
3.62741 1.40173 4.78074 
3.62741 2.41554 1.26753 
3.62741 3.66351 3.57659 
3.62741 4.62317 3.77982 
1.40173 2.8451 3.5128 
1.40173 4.8529 3.86671 
1.40173 2.41554 3.51904 
1.40173 3.66351 3.70656 
1.40173 4.43812 4.41083 
1.40173 3.71653 2.6497 
1.40173 4.59521 3.47131 
1.40173 4.62317 4.75586 
2.8451 2.41554 4.26447 
2.8451 4.43812 2.55098 
2.8451 3.71653 4.22643 
4.8529 4.43812 3.69789 
4.8529 3.71653 1.34246 
4.8529 4.59521 4.909 
2.41554 3.66351 2.88475 
2.41554 4.62317 3.43503 
3.66351 4.59521 4.40019 
3.66351 4.62317 1.16647 
4.43812 3.71653 3.40733 
3.71653 4.59521 3.81591 
4.59521 4.62317 4.99835 
1.61128 4.74271 3.79551 
1.61128 3.83663 2.39249 
1.61128 3.10898 1.63524 
1.61128 1.75803 2.11205 
1.61128 2.27693 1.45118 
1.61128 4.048 4.67563 
1.61128 3.96644 2.74915 
1.61128 2.8849 3.46894 
1.61128 2.51712 3.62953 
1.61128 1.354 2.7102 
1.61128 3.83539 4.8506 
1.61128 4.8265 3.80235 
4.74271 3.83663 2.43447 
4.74271 3.10898 3.66674 
4.74271 1.75803 3.59503 
4.74271 2.27693 2.60305 
4.74271 3.96644 4.79556 
4.74271 2.8849 4.29103 
3.83663 3.10898 1.39816 
3.83663 1.75803 3.61676 
3.83663 2.27693 2.23357 
3.83663 3.96644 2.40712 
3.83663 2.8849 4.86114 
3.83663 1.354 4.7297 
3.83663 4.8265 3.31922 
3.10898 1.75803 3.52713 
3.10898 2.27693 2.37442 
3.10898 4.59537 4.85091 
3.10898 3.96644 1.36675 
3.10898 2.8849 4.90168 
3.10898 2.51712 4.48908 
3.10898 1.354 3.88525 
3.10898 4.8265 2.48215 
4.49272 4.66535 1.44429 
4.49272 4.63292 3.64593 
4.49272 3.88332 4.27921 
4.49272 4.47787 1.45545 
4.49272 2.51712 2.71266 
4.49272 1.354 3.60305 
4.49272 3.83539 2.30818 
1.75803 2.27693 1.43313 
1.75803 4.048 2.74156 
1.75803 3.96644 4.74349 
1.75803 3.88332 4.92506 
1.75803 2.8849 1.42771 
1.75803 2.51712 4.07461 
1.75803 1.354 2.86949 
4.66535 4.63292 3.40689 
4.66535 4.048 4.46703 
4.66535 3.88332 3.93172 
4.66535 4.47787 2.55161 
4.66535 2.51712 2.31504 
4.66535 1.354 3.47318 
4.66535 3.83539 1.29542 
2.27693 4.048 3.86671 
2.27693 3.96644 3.70656 
2.27693 2.8849 2.6497 
2.27693 2.51712 4.54866 
2.27693 1.354 3.47131 
2.27693 4.8265 4.75586 
4.63292 4.59537 2.50167 
4.63292 3.88332 1.32778 
4.63292 4.47787 3.0512 
4.63292 2.51712 3.49691 
4.63292 1.354 3.7895 
4.63292 3.83539 3.56371 
4.59537 4.048 4.97433 
4.59537 3.96644 4.67212 
4.59537 3.88332 1.43892 
4.59537 2.8849 4.88689 
4.59537 2.51712 4.38014 
4.59537 1.354 4.09026 
4.59537 3.83539 4.88677 
4.048 2.8849 1.34246 
4.048 1.354 4.909 
4.048 3.83539 4.22711 
3.96644 2.51712 4.65874 
3.96644 1.354 4.40019 
3.96644 4.8265 1.16647 
3.88332 4.47787 3.82794 
3.88332 2.51712 3.20233 
3.88332 1.354 3.14685 
3.88332 3.83539 3.63018 
2.8849 1.354 3.81591 
4.47787 2.51712 3.29984 
4.47787 1.354 3.83373 
4.47787 3.83539 3.28555 
2.51712 1.354 1.22618 
2.51712 3.83539 1.32078 
2.51712 4.8265 4.99415 
1.354 3.83539 2.53913 
1.354 4.8265 4.99835 
3.79551 2.39249 2.43447 
3.79551 1.63524 3.66674 
3.79551 2.11205 3.59503 
3.79551 4.9323 3.68374 
3.79551 1.45118 2.60305 
3.79551 4.75061 1.95733 
3.79551 3.72314 2.7552 
3.79551 2.74915 4.79556 
3.79551 3.46894 4.29103 
2.39249 1.63524 1.39816 
2.39249 2.11205 3.61676 
2.39249 4.9323 2.61922 
2.39249 1.45118 2.23357 
2.39249 4.75061 3.95377 
2.39249 3.72314 1.36359 
2.39249 2.74915 2.40712 
2.39249 3.46894 4.86114 
2.39249 2.7102 4.7297 
2.39249 3.80235 3.31922 
1.63524 2.11205 3.52713 
1.63524 4.9323 3.52607 
1.63524 1.45118 2.37442 
1.63524 4.75061 4.96008 
1.63524 3.72314 2.44802 
1.63524 2.74915 1.36675 
1.63524 3.46894 4.90168 
1.63524 3.62953 4.48908 
1.63524 2.7102 3.88525 
1.63524 3.80235 2.48215 
2.11205 1.45118 1.43313 
2.11205 4.75061 3.85665 
2.11205 4.67563 2.74156 
2.11205 3.72314 4.88277 
2.11205 2.74915 4.74349 
2.11205 3.46894 1.42771 
2.11205 3.62953 4.07461 
2.11205 2.7102 2.86949 
4.9323 1.45118 4.78074 
4.9323 3.72314 1.26753 
4.9323 2.74915 3.57659 
4.9323 3.80235 3.77982 
1.45118 4.75061 3.5128 
1.45118 4.67563 3.86671 
1.45118 3.72314 3.51904 
1.45118 2.74915 3.70656 
1.45118 3.46894 2.6497 
1.45118 3.62953 4.54866 
1.45118 2.7102 3.47131 
1.45118 3.80235 4.75586 
4.75061 3.72314 4.26447 
4.75061 3.46894 4.22643 
4.67563 3.46894 1.34246 
4.67563 2.7102 4.909 
4.67563 4.8506 4.22711 
3.72314 2.74915 2.88475 
3.72314 3.80235 3.43503 
2.74915 3.62953 4.65874 
2.74915 2.7102 4.40019 
2.74915 3.80235 1.16647 
3.46894 2.7102 3.81591 
3.62953 2.7102 1.22618 
3.62953 4.8506 1.32078 
3.62953 3.80235 4.99415 
2.7102 4.8506 2.53913 
2.7102 3.80235 4.99835 
2.74287 4.79959 2.73664 
2.74287 4.13732 1.51373 
2.74287 4.41605 4.66912 
2.74287 1.47547 3.94818 
2.74287 4.65792 4.51513 
2.74287 1.56318 1.40975 
2.74287 2.35767 4.03511 
2.74287 2.22863 4.94564 
2.74287 3.693 3.69836 
2.74287 4.57699 4.77497 
2.74287 4.2893 4.62745 
2.74287 3.31736 3.14918 
2.74287 4.72156 4.60791 
2.74287 3.00456 3.41842 
2.74287 2.6275 2.31436 
2.74287 4.84614 4.1735 
2.74287 4.73441 2.42667 
4.79959 4.13732 3.03568 
4.79959 1.56318 3.93762 
4.79959 3.42479 3.74891 
4.79959 4.57699 4.54384 
4.79959 4.72156 4.65536 
4.79959 2.6275 4.78338 
4.79959 4.84614 4.37678 
4.79959 4.73441 3.95742 
4.13732 4.41605 4.80664 
4.13732 4.65792 3.40689 
4.13732 1.56318 2.65117 
4.13732 2.35767 4.91762 
4.13732 3.693 4.46703 
4.13732 3.77105 3.93172 
4.13732 3.31736 3.74885 
4.13732 3.00456 3.88394 
4.13732 2.6275 2.91984 
4.13732 4.84614 4.7059 
4.13732 4.73441 1.29542 
4.41605 1.47547 3.87605 
4.41605 1.56318 3.78831 
4.41605 2.35767 2.63491 
4.41605 3.693 4.59788 
4.41605 3.42479 2.98761 
4.41605 3.31736 3.37212 
4.41605 3.00456 1.44295 
4.41605 2.6275 2.68727 
4.41605 4.73441 4.29928 
1.47547 4.65792 4.75825 
1.47547 2.88684 2.43852 
1.47547 1.56318 2.56773 
1.47547 2.35767 1.43975 
1.47547 2.22863 1.32673 
1.47547 3.693 3.99679 
1.47547 3.42479 2.48005 
1.47547 3.77105 3.72532 
1.47547 4.2893 4.58115 
1.47547 3.31736 3.51872 
1.47547 3.00456 2.70511 
1.47547 2.6275 2.95492 
4.65792 2.88684 2.50167 
4.65792 2.22863 3.64509 
4.65792 3.77105 1.32778 
4.65792 4.73441 3.56371 
2.88684 1.56318 4.36201 
2.88684 2.35767 3.81892 
2.88684 2.22863 1.22877 
2.88684 3.693 4.97433 
2.88684 3.42479 4.56582 
2.88684 3.77105 1.43892 
2.88684 4.2893 4.88689 
2.88684 2.6275 4.99235 
2.88684 4.73441 4.88677 
1.56318 2.35767 2.70682 
1.56318 2.22863 3.64994 
1.56318 3.693 3.17784 
1.56318 3.42479 3.81647 
1.56318 4.2893 4.13319 
1.56318 3.31736 2.49791 
1.56318 4.72156 4.9689 
1.56318 3.00456 2.38343 
1.56318 2.6275 1.50031 
1.56318 4.84614 4.73703 
1.56318 4.73441 3.17141 
2.35767 2.22863 2.62282 
2.35767 3.693 4.37774 
2.35767 3.42479 1.35087 
2.35767 3.31736 3.50416 
2.35767 3.00456 1.67821 
2.35767 2.6275 2.63455 
2.22863 3.693 4.6647 
2.22863 3.42479 3.34395 
2.22863 3.77105 2.64163 
2.22863 4.2893 4.90327 
2.22863 3.31736 4.49184 
2.22863 3.00456 4.00443 
2.22863 2.6275 4.16587 
3.693 4.57699 3.69789 
3.693 4.2893 1.34246 
3.693 3.31736 1.29373 
3.693 4.72156 3.28317 
3.693 3.00456 3.74306 
3.693 2.6275 2.54602 
3.693 4.84614 3.79872 
3.693 4.73441 4.22711 
3.42479 3.31736 4.76904 
3.42479 3.00456 2.53897 
3.42479 2.6275 3.79735 
4.57699 4.2893 3.40733 
4.57699 3.31736 4.38956 
4.57699 4.72156 1.25126 
4.57699 4.84614 2.40129 
3.77105 4.73441 3.63018 
4.2893 3.31736 2.6142 
4.2893 4.72156 3.47208 
4.2893 3.00456 4.92379 
4.2893 2.6275 3.7892 
4.2893 4.84614 4.3136 
3.31736 4.72156 3.64274 
3.31736 3.00456 2.55256 
3.31736 2.6275 1.40241 
3.31736 4.84614 3.81992 
3.31736 4.73441 3.38324 
4.72156 2.6275 4.94413 
4.72156 4.84614 1.25542 
3.00456 2.6275 1.52634 
3.00456 4.73441 3.69161 
2.6275 4.84614 4.96212 
2.6275 4.73441 2.77344 
3.68508 4.12387 2.99659 
3.68508 4.2996 2.51972 
3.68508 3.0581 2.1536 
3.68508 3.18211 1.42962 
3.68508 4.31253 1.42343 
3.68508 3.61412 3.69373 
3.68508 4.64241 3.66161 
3.68508 3.75392 2.55542 
3.68508 3.71639 1.41339 
3.68508 1.42191 3.67644 
3.68508 2.35637 4.68229 
3.68508 2.45265 2.33228 
3.68508 1.27951 3.8483 
3.68508 2.54848 4.57911 
3.68508 4.86667 3.40391 
4.12387 3.0581 4.57612 
4.12387 3.18211 2.48535 
4.12387 4.31253 2.73664 
4.12387 3.75392 1.51373 
4.12387 3.71639 4.31636 
4.12387 3.62566 4.51513 
4.12387 4.77139 4.77497 
4.12387 1.42191 4.13773 
4.12387 3.7751 4.60791 
4.12387 2.35637 4.45228 
4.12387 2.45265 3.66692 
4.12387 1.27951 3.97379 
4.12387 2.54848 4.1735 
4.12387 4.86667 2.42667 
4.2996 3.0581 2.50633 
4.2996 3.18211 3.69784 
4.2996 4.31253 2.87478 
4.2996 3.61412 3.45516 
4.2996 4.64241 1.20562 
4.2996 3.75392 4.97149 
4.2996 3.71639 1.40913 
4.2996 1.42191 4.75342 
4.2996 3.86557 4.3749 
4.2996 2.45265 3.74922 
4.2996 3.15423 4.49946 
4.2996 1.27951 4.26732 
4.2996 2.54848 4.94199 
3.0581 3.18211 2.27165 
3.0581 4.31253 3.44159 
3.0581 3.61412 1.54578 
3.0581 4.64241 3.24133 
3.0581 3.75392 3.686 
3.0581 3.71639 1.41561 
3.0581 3.62566 4.53002 
3.0581 4.92358 4.00968 
3.0581 1.42191 2.78501 
3.0581 2.35637 3.97876 
3.0581 2.45265 1.547 
3.0581 1.27951 3.75674 
3.0581 2.54848 4.89363 
3.0581 4.86667 4.43035 
3.18211 4.31253 2.48526 
3.18211 3.61412 3.63418 
3.18211 4.64241 4.73236 
3.18211 3.75392 1.44429 
3.18211 3.71639 2.4131 
3.18211 3.62566 3.64593 
3.18211 4.8827 4.27921 
3.18211 1.42191 2.74599 
3.18211 2.35637 3.51019 
3.18211 2.45265 1.45545 
3.18211 3.15423 4.88467 
3.18211 1.27951 3.65665 
3.18211 2.54848 4.52969 
3.18211 4.86667 2.30818 
4.31253 3.61412 4.97068 
4.31253 4.64241 3.92506 
4.31253 3.75392 3.03568 
4.31253 3.71639 2.40303 
4.31253 4.92358 4.88395 
4.31253 4.77139 4.54384 
4.31253 1.42191 4.63531 
4.31253 3.7751 4.65536 
4.31253 2.45265 3.57738 
4.31253 1.27951 4.04533 
4.31253 2.54848 4.37678 
4.31253 4.86667 3.95742 
3.61412 4.64241 3.78022 
3.61412 3.75392 4.96091 
3.61412 3.71639 2.76105 
3.61412 3.62566 4.85066 
3.61412 4.92358 2.58314 
3.61412 4.77139 4.93632 
3.61412 1.42191 3.17483 
3.61412 3.86557 4.66397 
3.61412 2.35637 4.25239 
3.61412 2.45265 2.47706 
3.61412 1.27951 4.53571 
4.64241 3.71639 2.49326 
4.64241 3.86557 3.93427 
4.64241 2.45265 4.55155 
4.64241 3.15423 4.27923 
4.64241 1.27951 4.52356 
3.75392 3.71639 3.78056 
3.75392 3.62566 3.40689 
3.75392 4.8827 3.93172 
3.75392 1.42191 3.28608 
3.75392 2.35637 3.58139 
3.75392 2.45265 2.55161 
3.75392 3.15423 4.6373 
3.75392 1.27951 4.07961 
3.75392 2.54848 4.7059 
3.75392 4.86667 1.29542 
3.71639 1.42191 3.80697 
3.71639 3.86557 4.9733 
3.71639 2.45265 2.51327 
3.71639 1.27951 3.98099 
3.71639 2.54848 4.85606 
3.71639 4.86667 4.59956 
3.62566 4.8827 1.32778 
3.62566 1.42191 2.38982 
3.62566 3.86557 3.45704 
3.62566 2.35637 1.42662 
3.62566 2.45265 3.0512 
3.62566 3.15423 2.40758 
3.62566 1.27951 4.62861 
3.62566 4.86667 3.56371 
4.92358 4.77139 2.55098 
4.92358 1.42191 4.18922 
4.92358 3.7751 3.72438 
4.92358 2.35637 4.71603 
4.92358 2.45265 4.26004 
4.92358 2.54848 4.72004 
4.77139 3.7751 1.25126 
4.77139 1.27951 3.52073 
4.77139 2.54848 2.40129 
4.8827 1.42191 3.56864 
4.8827 3.86557 4.48245 
4.8827 2.35637 2.72774 
4.8827 2.45265 3.82794 
4.8827 3.15423 3.5557 
4.8827 4.86667 3.63018 
1.42191 3.86557 3.62767 
1.42191 2.35637 1.30001 
1.42191 2.45265 1.6746 
1.42191 3.15423 2.73294 
1.42191 1.27951 2.63398 
1.42191 2.54848 3.84459 
1.42191 4.86667 4.1287 
3.7751 1.27951 2.50418 
3.7751 2.54848 1.25542 
3.86557 2.35637 2.69055 
3.86557 3.15423 1.25854 
3.86557 1.27951 4.48579 
2.35637 2.45265 2.6537 
2.35637 3.15423 1.67694 
2.35637 1.27951 3.41839 
2.35637 2.54848 4.442 
2.35637 4.86667 4.19323 
2.45265 3.15423 4.23212 
2.45265 1.27951 3.3604 
2.45265 2.54848 4.51943 
2.45265 4.86667 3.28555 
3.15423 1.27951 3.84278 
3.15423 2.54848 4.51269 
1.27951 2.54848 1.30086 
2.43447 3.66674 1.39816 
2.43447 3.26548 4.13352 
2.43447 3.59503 3.61676 
2.43447 3.68374 2.61922 
2.43447 2.60305 2.23357 
2.43447 1.95733 3.95377 
2.43447 2.7552 1.36359 
2.43447 4.79556 2.40712 
2.43447 4.29103 4.86114 
2.43447 4.83303 4.08661 
4.79849 3.26548 1.54578 
4.79849 3.68374 4.8892 
4.79849 3.71488 4.71374 
4.79849 1.95733 4.00968 
4.79849 2.7552 4.89854 
3.66674 3.59503 3.52713 
3.66674 3.68374 3.52607 
3.66674 2.60305 2.37442 
3.66674 1.95733 4.96008 
3.66674 2.7552 2.44802 
3.66674 4.79556 1.36675 
3.66674 4.29103 4.90168 
3.66674 4.83303 4.95227 
3.26548 3.68374 4.08192 
3.26548 2.60305 4.77584 
3.26548 1.95733 2.58314 
3.26548 2.7552 3.82395 
3.26548 3.89459 4.93632 
3.26548 4.83303 4.66397 
3.59503 2.60305 1.43313 
3.59503 1.95733 3.85665 
3.59503 2.7552 4.88277 
3.59503 4.79556 4.74349 
3.59503 3.89459 3.95187 
3.59503 4.29103 1.42771 
3.59503 4.79923 4.40108 
3.68374 2.60305 4.78074 
3.68374 2.7552 1.26753 
3.68374 4.79556 3.57659 
3.68374 4.83303 1.46975 
2.60305 1.95733 3.5128 
2.60305 2.7552 3.51904 
2.60305 4.79556 3.70656 
2.60305 3.89459 4.41083 
2.60305 4.29103 2.6497 
3.71488 1.95733 3.64336 
3.71488 3.89459 4.38427 
3.71488 4.79923 4.88986 
1.95733 2.7552 4.26447 
1.95733 3.89459 2.55098 
1.95733 4.29103 4.22643 
1.95733 4.79923 3.72438 
2.7552 4.79556 2.88475 
2.7552 4.83303 2.72786 
4.79556 4.83303 4.81104 
3.89459 4.29103 3.40733 
3.89459 4.79923 1.25126 
4.29103 4.79923 3.47208 
4.83911 1.39816 4.87406 
4.83911 4.13352 4.75566 
4.83911 4.99826 1.3517 
4.83911 4.60811 1.32052 
4.83911 2.61922 3.72947 
4.83911 1.36359 4.16515 
4.83911 2.40712 4.12033 
4.83911 4.08661 3.84542 
4.83911 4.40638 2.64779 
4.83911 3.31922 3.34997 
1.39816 3.61676 3.52713 
1.39816 4.60811 4.36901 
1.39816 2.61922 3.52607 
1.39816 2.23357 2.37442 
1.39816 3.95377 4.96008 
1.39816 1.36359 2.44802 
1.39816 2.40712 1.36675 
1.39816 4.86114 4.90168 
1.39816 4.08661 4.95227 
1.39816 4.40638 3.84412 
1.39816 4.7297 3.88525 
1.39816 3.31922 2.48215 
4.13352 4.99826 3.78022 
4.13352 2.61922 4.08192 
4.13352 2.23357 4.77584 
4.13352 3.95377 2.58314 
4.13352 1.36359 3.82395 
4.13352 4.08661 4.66397 
3.61676 2.23357 1.43313 
3.61676 3.95377 3.85665 
3.61676 1.36359 4.88277 
3.61676 2.40712 4.74349 
3.61676 4.86114 1.42771 
3.61676 4.7297 2.86949 
4.99826 4.60811 2.63482 
4.99826 2.61922 3.88464 
4.99826 1.36359 4.29328 
4.99826 2.40712 4.84979 
4.99826 4.08661 3.93427 
4.99826 4.40638 3.89629 
4.99826 3.31922 4.3084 
4.60811 2.61922 3.70968 
4.60811 1.36359 4.05445 
4.60811 2.40712 3.33985 
4.60811 4.08661 4.00224 
4.60811 4.40638 1.35881 
4.60811 3.31922 2.37412 
2.61922 2.23357 4.78074 
2.61922 1.36359 1.26753 
2.61922 2.40712 3.57659 
2.61922 4.08661 1.46975 
2.61922 4.40638 3.98232 
2.61922 3.31922 3.77982 
2.23357 3.95377 3.5128 
2.23357 1.36359 3.51904 
2.23357 2.40712 3.70656 
2.23357 4.86114 2.6497 
2.23357 4.7297 3.47131 
2.23357 3.31922 4.75586 
3.95377 1.36359 4.26447 
3.95377 4.86114 4.22643 
1.36359 2.40712 2.88475 
1.36359 4.08661 2.72786 
1.36359 4.40638 4.10086 
1.36359 3.31922 3.43503 
2.40712 4.08661 4.81104 
2.40712 4.40638 2.57716 
2.40712 4.7297 4.40019 
2.40712 3.31922 1.16647 
4.86114 4.7297 3.81591 
4.08661 4.40638 4.52847 
4.08661 3.31922 4.7599 
4.40638 3.31922 1.47525 
4.7297 3.31922 4.99835 
4.99755 2.52909 2.51972 
4.99755 4.48578 2.1536 
4.99755 4.75566 3.69373 
4.99755 1.3517 3.66161 
4.99755 3.8417 1.41339 
4.99755 4.14887 3.26632 
4.99755 4.93061 2.45759 
4.99755 3.34997 4.91319 
2.52909 4.48578 2.50633 
2.52909 4.75566 3.45516 
2.52909 1.3517 1.20562 
2.52909 1.32052 3.82889 
2.52909 3.72947 4.49008 
2.52909 3.8417 1.40913 
2.52909 4.14887 2.80185 
2.52909 4.16515 4.929 
2.52909 4.93061 2.93638 
2.52909 3.84542 4.3749 
2.52909 4.32243 4.49946 
4.48578 4.75566 1.54578 
4.48578 1.3517 3.24133 
4.48578 3.72947 4.8892 
4.48578 3.8417 1.41561 
4.48578 4.14887 4.71374 
4.48578 4.16515 4.89854 
4.48578 4.93061 4.27872 
4.87406 1.32052 4.36901 
4.87406 3.72947 3.52607 
4.87406 3.54514 4.86058 
4.87406 4.16515 2.44802 
4.87406 4.12033 1.36675 
4.87406 3.84542 4.95227 
4.87406 2.64779 3.84412 
4.87406 3.34997 2.48215 
4.75566 1.3517 3.78022 
4.75566 3.72947 4.08192 
4.75566 3.8417 2.76105 
4.75566 4.16515 3.82395 
4.75566 3.84542 4.66397 
1.3517 1.32052 2.63482 
1.3517 3.72947 3.88464 
1.3517 3.8417 2.49326 
1.3517 3.54514 4.87865 
1.3517 4.14887 3.38117 
1.3517 4.16515 4.29328 
1.3517 4.12033 4.84979 
1.3517 4.93061 3.89294 
1.3517 3.84542 3.93427 
1.3517 4.32243 4.27923 
1.3517 2.64779 3.89629 
1.3517 3.34997 4.3084 
1.32052 3.72947 3.70968 
1.32052 3.54514 2.24677 
1.32052 4.16515 4.05445 
1.32052 4.12033 3.33985 
1.32052 3.84542 4.00224 
1.32052 4.8226 3.58568 
1.32052 4.32243 4.65653 
1.32052 2.64779 1.35881 
1.32052 3.34997 2.37412 
3.72947 3.54514 4.88585 
3.72947 4.16515 1.26753 
3.72947 4.12033 3.57659 
3.72947 3.84542 1.46975 
3.72947 4.32243 2.71495 
3.72947 2.64779 3.98232 
3.72947 3.34997 3.77982 
3.8417 4.14887 3.38522 
3.8417 4.93061 2.95665 
3.8417 3.84542 4.9733 
3.54514 4.12033 3.53458 
3.54514 4.8226 1.44295 
3.54514 2.64779 1.28025 
3.54514 3.34997 2.49439 
4.14887 4.93061 1.3915 
4.16515 4.12033 2.88475 
4.16515 3.84542 2.72786 
4.16515 4.32243 3.9563 
4.16515 2.64779 4.10086 
4.16515 3.34997 3.43503 
4.12033 3.84542 4.81104 
4.12033 4.8226 4.73773 
4.12033 2.64779 2.57716 
4.12033 3.34997 1.16647 
4.93061 4.8226 4.93026 
3.84542 4.32243 1.25854 
3.84542 2.64779 4.52847 
3.84542 3.34997 4.7599 
4.8226 2.64779 2.70768 
4.8226 3.34997 3.76661 
2.64779 3.34997 1.47525 
2.99659 2.1536 4.57612 
2.99659 1.42962 2.48535 
2.99659 1.42343 2.73664 
2.99659 2.55542 1.51373 
2.99659 1.41339 4.31636 
2.99659 3.26632 4.72087 
2.99659 4.38899 1.40975 
2.99659 3.67644 4.13773 
2.99659 2.45759 3.99129 
2.99659 4.68229 4.45228 
2.99659 2.33228 3.66692 
2.99659 3.81901 3.67243 
2.99659 3.8483 3.97379 
2.99659 4.64975 4.88329 
2.99659 4.57911 4.1735 
2.99659 3.40391 2.42667 
2.51972 2.1536 2.50633 
2.51972 1.42962 3.69784 
2.51972 1.42343 2.87478 
2.51972 3.69373 3.45516 
2.51972 3.66161 1.20562 
2.51972 2.55542 4.97149 
2.51972 1.41339 1.40913 
2.51972 3.26632 2.80185 
2.51972 4.28226 4.29856 
2.51972 3.67644 4.75342 
2.51972 2.45759 2.93638 
2.51972 2.33228 3.74922 
2.51972 3.8483 4.26732 
2.51972 4.57911 4.94199 
2.1536 1.42962 2.27165 
2.1536 1.42343 3.44159 
2.1536 3.69373 1.54578 
2.1536 3.66161 3.24133 
2.1536 2.55542 3.686 
2.1536 1.41339 1.41561 
2.1536 3.26632 4.71374 
2.1536 3.67644 2.78501 
2.1536 2.45759 4.27872 
2.1536 4.68229 3.97876 
2.1536 2.33228 1.547 
2.1536 3.81901 4.35846 
2.1536 3.8483 3.75674 
2.1536 4.64975 4.76617 
2.1536 4.57911 4.89363 
2.1536 3.40391 4.43035 
1.42962 1.42343 2.48526 
1.42962 3.69373 3.63418 
1.42962 3.66161 4.73236 
1.42962 2.55542 1.44429 
1.42962 1.41339 2.4131 
1.42962 3.26632 4.56837 
1.42962 4.38899 3.84908 
1.42962 3.67644 2.74599 
1.42962 2.45759 3.74474 
1.42962 4.68229 3.51019 
1.42962 2.33228 1.45545 
1.42962 3.81901 2.71266 
1.42962 3.8483 3.65665 
1.42962 4.64975 3.60305 
1.42962 4.57911 4.52969 
1.42962 3.40391 2.30818 
1.42343 3.69373 4.97068 
1.42343 3.66161 3.92506 
1.42343 2.55542 3.03568 
1.42343 1.41339 2.40303 
1.42343 3.26632 2.22617 
1.42343 4.38899 3.93762 
1.42343 4.28226 3.74891 
1.42343 3.67644 4.63531 
1.42343 2.45759 1.42452 
1.42343 2.33228 3.57738 
1.42343 3.81901 4.69479 
1.42343 3.8483 4.04533 
1.42343 4.57911 4.37678 
1.42343 3.40391 3.95742 
3.69373 3.66161 3.78022 
3.69373 2.55542 4.96091 
3.69373 1.41339 2.76105 
3.69373 3.67644 3.17483 
3.69373 4.68229 4.25239 
3.69373 2.33228 2.47706 
3.69373 3.8483 4.53571 
3.66161 1.41339 2.49326 
3.66161 3.26632 3.38117 
3.66161 2.45759 3.89294 
3.66161 2.33228 4.55155 
3.66161 3.8483 4.52356 
3.66161 4.91319 4.3084 
2.55542 1.41339 3.78056 
2.55542 4.38899 2.65117 
2.55542 3.67644 3.28608 
2.55542 2.45759 4.34872 
2.55542 4.68229 3.58139 
2.55542 2.33228 2.55161 
2.55542 3.81901 2.31504 
2.55542 3.8483 4.07961 
2.55542 4.64975 3.47318 
2.55542 4.57911 4.7059 
2.55542 3.40391 1.29542 
1.41339 3.26632 3.38522 
1.41339 4.28226 4.44101 
1.41339 3.67644 3.80697 
1.41339 2.45759 2.95665 
1.41339 2.33228 2.51327 
1.41339 3.81901 4.75332 
1.41339 3.8483 3.98099 
1.41339 4.57911 4.85606 
1.41339 3.40391 4.59956 
3.26632 4.28226 3.20981 
3.26632 2.45759 1.3915 
4.38899 4.28226 3.81647 
4.38899 2.33228 4.95185 
4.38899 3.81901 4.48992 
4.38899 3.8483 4.82611 
4.38899 4.57911 4.73703 
4.38899 3.40391 3.17141 
4.28226 2.45759 2.49566 
4.28226 4.91319 4.20652 
3.67644 4.68229 1.30001 
3.67644 2.33228 1.6746 
3.67644 3.81901 4.30667 
3.67644 3.8483 2.63398 
3.67644 4.64975 4.82558 
3.67644 4.57911 3.84459 
3.67644 3.40391 4.1287 
2.45759 2.33228 4.76614 
4.68229 2.33228 2.6537 
4.68229 3.81901 4.34812 
4.68229 3.8483 3.41839 
4.68229 4.64975 4.79424 
4.68229 4.57911 4.442 
4.68229 3.40391 4.19323 
2.33228 3.81901 3.29984 
2.33228 3.8483 3.3604 
2.33228 4.64975 3.83373 
2.33228 4.57911 4.51943 
2.33228 3.40391 3.28555 
3.81901 4.64975 1.22618 
3.81901 3.40391 1.32078 
3.81901 4.91319 4.99415 
3.8483 4.57911 1.30086 
4.64975 3.40391 2.53913 
4.64975 4.91319 4.99835 
4.57612 2.48535 2.27165 
4.57612 2.73664 3.44159 
4.57612 1.51373 3.686 
4.57612 4.31636 1.41561 
4.57612 4.72087 4.71374 
4.57612 4.51513 4.53002 
4.57612 4.13773 2.78501 
4.57612 3.99129 4.27872 
4.57612 4.45228 3.97876 
4.57612 3.66692 1.547 
4.57612 3.67243 4.35846 
4.57612 3.97379 3.75674 
4.57612 4.88329 4.76617 
4.57612 4.1735 4.89363 
4.57612 2.42667 4.43035 
2.48535 2.73664 2.48526 
2.48535 1.51373 1.44429 
2.48535 4.31636 2.4131 
2.48535 4.72087 4.56837 
2.48535 4.51513 3.64593 
2.48535 1.40975 3.84908 
2.48535 3.14918 4.98433 
2.48535 4.13773 2.74599 
2.48535 3.99129 3.74474 
2.48535 4.45228 3.51019 
2.48535 3.66692 1.45545 
2.48535 3.67243 2.71266 
2.48535 3.97379 3.65665 
2.48535 2.31436 4.30724 
2.48535 4.88329 3.60305 
2.48535 4.1735 4.52969 
2.48535 2.42667 2.30818 
2.73664 1.51373 3.03568 
2.73664 4.31636 2.40303 
2.73664 4.72087 2.22617 
2.73664 1.40975 3.93762 
2.73664 4.77497 4.54384 
2.73664 4.13773 4.63531 
2.73664 3.99129 1.42452 
2.73664 4.60791 4.65536 
2.73664 3.66692 3.57738 
2.73664 3.67243 4.69479 
2.73664 3.97379 4.04533 
2.73664 2.31436 4.78338 
2.73664 4.1735 4.37678 
2.73664 2.42667 3.95742 
1.51373 4.31636 3.78056 
1.51373 4.66912 4.80664 
1.51373 4.51513 3.40689 
1.51373 1.40975 2.65117 
1.51373 4.03511 4.91762 
1.51373 3.69836 4.46703 
1.51373 3.14918 3.74885 
1.51373 4.13773 3.28608 
1.51373 3.99129 4.34872 
1.51373 4.45228 3.58139 
1.51373 3.41842 3.88394 
1.51373 3.66692 2.55161 
1.51373 3.67243 2.31504 
1.51373 3.97379 4.07961 
1.51373 2.31436 2.91984 
1.51373 4.88329 3.47318 
1.51373 4.1735 4.7059 
1.51373 2.42667 1.29542 
4.31636 4.72087 3.38522 
4.31636 4.13773 3.80697 
4.31636 3.99129 2.95665 
4.31636 3.66692 2.51327 
4.31636 3.67243 4.75332 
4.31636 3.97379 3.98099 
4.31636 4.1735 4.85606 
4.31636 2.42667 4.59956 
4.66912 3.94818 3.87605 
4.66912 1.40975 3.78831 
4.66912 4.03511 2.63491 
4.66912 3.69836 4.59788 
4.66912 3.14918 3.37212 
4.66912 3.41842 1.44295 
4.66912 2.31436 2.68727 
4.66912 2.42667 4.29928 
3.94818 4.72087 4.78537 
3.94818 4.51513 4.75825 
3.94818 1.40975 2.56773 
3.94818 4.03511 1.43975 
3.94818 4.94564 1.32673 
3.94818 3.69836 3.99679 
3.94818 4.62745 4.58115 
3.94818 3.14918 3.51872 
3.94818 3.99129 4.61065 
3.94818 3.41842 2.70511 
3.94818 2.31436 2.95492 
4.72087 4.03511 4.33432 
4.72087 4.94564 4.96363 
4.72087 4.77497 4.38427 
4.72087 3.99129 1.3915 
4.72087 4.60791 4.88986 
4.51513 4.94564 3.64509 
4.51513 4.13773 2.38982 
4.51513 4.45228 1.42662 
4.51513 3.66692 3.0512 
4.51513 3.67243 3.49691 
4.51513 3.97379 4.62861 
4.51513 4.88329 3.7895 
4.51513 2.42667 3.56371 
1.40975 4.03511 2.70682 
1.40975 4.94564 3.64994 
1.40975 3.69836 3.17784 
1.40975 4.62745 4.13319 
1.40975 3.14918 2.49791 
1.40975 4.60791 4.9689 
1.40975 3.41842 2.38343 
1.40975 3.66692 4.95185 
1.40975 3.67243 4.48992 
1.40975 3.97379 4.82611 
1.40975 2.31436 1.50031 
1.40975 4.1735 4.73703 
1.40975 2.42667 3.17141 
4.03511 4.94564 2.62282 
4.03511 3.69836 4.37774 
4.03511 3.14918 3.50416 
4.03511 3.99129 3.81161 
4.03511 3.41842 1.67821 
4.03511 2.31436 2.63455 
4.94564 3.69836 4.6647 
4.94564 4.62745 4.90327 
4.94564 3.14918 4.49184 
4.94564 4.45228 4.81535 
4.94564 3.41842 4.00443 
4.94564 2.31436 4.16587 
3.69836 4.77497 3.69789 
3.69836 4.62745 1.34246 
3.69836 3.14918 1.29373 
3.69836 4.60791 3.28317 
3.69836 3.41842 3.74306 
3.69836 3.97379 4.6413 
3.69836 2.31436 2.54602 
3.69836 4.88329 4.909 
3.69836 4.1735 3.79872 
3.69836 2.42667 4.22711 
4.77497 4.62745 3.40733 
4.77497 3.14918 4.38956 
4.77497 4.60791 1.25126 
4.77497 3.97379 3.52073 
4.77497 4.1735 2.40129 
4.62745 3.14918 2.6142 
4.62745 4.60791 3.47208 
4.62745 3.41842 4.92379 
4.62745 2.31436 3.7892 
4.62745 4.88329 3.81591 
4.62745 4.1735 4.3136 
3.14918 4.60791 3.64274 
3.14918 3.41842 2.55256 
3.14918 3.67243 4.44604 
3.14918 3.97379 4.51341 
3.14918 2.31436 1.40241 
3.14918 4.1735 3.81992 
3.14918 2.42667 3.38324 
4.13773 4.45228 1.30001 
4.13773 3.66692 1.6746 
4.13773 3.67243 4.30667 
4.13773 3.97379 2.63398 
4.13773 4.88329 4.82558 
4.13773 4.1735 3.84459 
4.13773 2.42667 4.1287 
3.99129 3.41842 4.93026 
3.99129 3.66692 4.76614 
4.60791 3.97379 2.50418 
4.60791 2.31436 4.94413 
4.60791 4.1735 1.25542 
4.45228 3.66692 2.6537 
4.45228 3.67243 4.34812 
4.45228 3.97379 3.41839 
4.45228 4.88329 4.79424 
4.45228 4.1735 4.442 
4.45228 2.42667 4.19323 
3.41842 3.67243 4.75658 
3.41842 2.31436 1.52634 
3.41842 2.42667 3.69161 
3.66692 3.67243 3.29984 
3.66692 3.97379 3.3604 
3.66692 4.88329 3.83373 
3.66692 4.1735 4.51943 
3.66692 2.42667 3.28555 
3.67243 2.31436 3.98578 
3.67243 4.88329 1.22618 
3.67243 2.42667 1.32078 
3.97379 4.1735 1.30086 
2.31436 4.1735 4.96212 
2.31436 2.42667 2.77344 
4.88329 2.42667 2.53913 
2.50633 3.69784 2.27165 
2.50633 2.87478 3.44159 
2.50633 3.45516 1.54578 
2.50633 1.20562 3.24133 
2.50633 4.97149 3.686 
2.50633 4.49008 4.8892 
2.50633 1.40913 1.41561 
2.50633 2.80185 4.71374 
2.50633 4.929 4.89854 
2.50633 4.75342 2.78501 
2.50633 2.93638 4.27872 
2.50633 3.74922 1.547 
2.50633 4.26732 3.75674 
2.50633 4.94199 4.89363 
3.69784 2.87478 2.48526 
3.69784 3.45516 3.63418 
3.69784 1.20562 4.73236 
3.69784 4.97149 1.44429 
3.69784 1.40913 2.4131 
3.69784 2.80185 4.56837 
3.69784 4.75342 2.74599 
3.69784 2.93638 3.74474 
3.69784 3.74922 1.45545 
3.69784 4.49946 4.88467 
3.69784 4.26732 3.65665 
3.69784 4.94199 4.52969 
2.87478 3.45516 4.97068 
2.87478 1.20562 3.92506 
2.87478 4.97149 3.03568 
2.87478 1.40913 2.40303 
2.87478 2.80185 2.22617 
2.87478 4.29856 3.74891 
2.87478 4.75342 4.63531 
2.87478 2.93638 1.42452 
2.87478 3.74922 3.57738 
2.87478 4.26732 4.04533 
2.87478 4.94199 4.37678 
3.45516 1.20562 3.78022 
3.45516 4.97149 4.96091 
3.45516 4.49008 4.08192 
3.45516 1.40913 2.76105 
3.45516 4.929 3.82395 
3.45516 4.75342 3.17483 
3.45516 4.3749 4.66397 
3.45516 3.74922 2.47706 
3.45516 4.26732 4.53571 
1.20562 3.82889 2.63482 
1.20562 4.49008 3.88464 
1.20562 1.40913 2.49326 
1.20562 2.80185 3.38117 
1.20562 4.929 4.29328 
1.20562 2.93638 3.89294 
1.20562 4.3749 3.93427 
1.20562 3.74922 4.55155 
1.20562 4.49946 4.27923 
1.20562 4.26732 4.52356 
3.82889 4.49008 3.70968 
3.82889 4.929 4.05445 
3.82889 4.29856 4.46417 
3.82889 4.3749 4.00224 
3.82889 4.49946 4.65653 
4.97149 1.40913 3.78056 
4.97149 4.75342 3.28608 
4.97149 2.93638 4.34872 
4.97149 3.74922 2.55161 
4.97149 4.49946 4.6373 
4.97149 4.26732 4.07961 
4.97149 4.94199 4.7059 
4.49008 4.929 1.26753 
4.49008 4.75342 4.98289 
4.49008 4.3749 1.46975 
4.49008 4.49946 2.71495 
1.40913 2.80185 3.38522 
1.40913 4.29856 4.44101 
1.40913 4.75342 3.80697 
1.40913 2.93638 2.95665 
1.40913 4.3749 4.9733 
1.40913 3.74922 2.51327 
1.40913 4.26732 3.98099 
1.40913 4.94199 4.85606 
2.80185 4.29856 3.20981 
2.80185 2.93638 1.3915 
4.929 4.3749 2.72786 
4.929 4.49946 3.9563 
4.29856 2.93638 2.49566 
4.75342 4.3749 3.62767 
4.75342 3.74922 1.6746 
4.75342 4.49946 2.73294 
4.75342 4.26732 2.63398 
4.75342 4.94199 3.84459 
2.93638 3.74922 4.76614 
4.3749 4.49946 1.25854 
4.3749 4.26732 4.48579 
3.74922 4.49946 4.23212 
3.74922 4.26732 3.3604 
3.74922 4.94199 4.51943 
4.49946 4.26732 3.84278 
4.49946 4.94199 4.51269 
4.26732 4.94199 1.30086 
2.27165 3.44159 2.48526 
2.27165 1.54578 3.63418 
2.27165 3.24133 4.73236 
2.27165 3.686 1.44429 
2.27165 1.41561 2.4131 
2.27165 4.71374 4.56837 
2.27165 4.53002 3.64593 
2.27165 2.78501 2.74599 
2.27165 4.27872 3.74474 
2.27165 3.97876 3.51019 
2.27165 1.547 1.45545 
2.27165 4.35846 2.71266 
2.27165 3.75674 3.65665 
2.27165 4.76617 3.60305 
2.27165 4.89363 4.52969 
2.27165 4.43035 2.30818 
3.44159 1.54578 4.97068 
3.44159 3.24133 3.92506 
3.44159 3.686 3.03568 
3.44159 1.41561 2.40303 
3.44159 4.71374 2.22617 
3.44159 4.00968 4.88395 
3.44159 2.78501 4.63531 
3.44159 4.27872 1.42452 
3.44159 1.547 3.57738 
3.44159 4.35846 4.69479 
3.44159 3.75674 4.04533 
3.44159 4.89363 4.37678 
3.44159 4.43035 3.95742 
1.54578 3.24133 3.78022 
1.54578 3.686 4.96091 
1.54578 4.8892 4.08192 
1.54578 1.41561 2.76105 
1.54578 4.53002 4.85066 
1.54578 4.00968 2.58314 
1.54578 4.89854 3.82395 
1.54578 2.78501 3.17483 
1.54578 3.97876 4.25239 
1.54578 1.547 2.47706 
1.54578 3.75674 4.53571 
3.24133 4.8892 3.88464 
3.24133 1.41561 2.49326 
3.24133 4.71374 3.38117 
3.24133 4.89854 4.29328 
3.24133 4.27872 3.89294 
3.24133 1.547 4.55155 
3.24133 3.75674 4.52356 
3.686 1.41561 3.78056 
3.686 4.53002 3.40689 
3.686 2.78501 3.28608 
3.686 4.27872 4.34872 
3.686 3.97876 3.58139 
3.686 1.547 2.55161 
3.686 4.35846 2.31504 
3.686 3.75674 4.07961 
3.686 4.76617 3.47318 
3.686 4.89363 4.7059 
3.686 4.43035 1.29542 
4.8892 4.53002 4.77914 
4.8892 4.89854 1.26753 
4.8892 2.78501 4.98289 
4.8892 3.97876 4.09489 
1.41561 4.71374 3.38522 
1.41561 2.78501 3.80697 
1.41561 4.27872 2.95665 
1.41561 1.547 2.51327 
1.41561 4.35846 4.75332 
1.41561 3.75674 3.98099 
1.41561 4.89363 4.85606 
1.41561 4.43035 4.59956 
4.71374 4.00968 3.64336 
4.71374 4.27872 1.3915 
4.53002 2.78501 2.38982 
4.53002 3.97876 1.42662 
4.53002 1.547 3.0512 
4.53002 4.35846 3.49691 
4.53002 3.75674 4.62861 
4.53002 4.76617 3.7895 
4.53002 4.43035 3.56371 
4.00968 4.89854 4.26447 
4.00968 2.78501 4.18922 
4.00968 4.27872 4.70442 
4.00968 3.97876 4.71603 
4.00968 1.547 4.26004 
4.00968 4.89363 4.72004 
2.78501 3.97876 1.30001 
2.78501 1.547 1.6746 
2.78501 4.35846 4.30667 
2.78501 3.75674 2.63398 
2.78501 4.76617 4.82558 
2.78501 4.89363 3.84459 
2.78501 4.43035 4.1287 
4.27872 1.547 4.76614 
3.97876 1.547 2.6537 
3.97876 4.35846 4.34812 
3.97876 3.75674 3.41839 
3.97876 4.76617 4.79424 
3.97876 4.89363 4.442 
3.97876 4.43035 4.19323 
1.547 4.35846 3.29984 
1.547 3.75674 3.3604 
1.547 4.76617 3.83373 
1.547 4.89363 4.51943 
1.547 4.43035 3.28555 
4.35846 4.76617 1.22618 
4.35846 4.43035 1.32078 
3.75674 4.89363 1.30086 
4.76617 4.43035 2.53913 
3.52713 2.37442 1.43313 
3.52713 4.96008 3.85665 
3.52713 2.44802 4.88277 
3.52713 1.36675 4.74349 
3.52713 4.90168 1.42771 
3.52713 4.48908 4.07461 
3.52713 3.88525 2.86949 
4.36901 3.52607 3.70968 
4.36901 4.86058 2.24677 
4.36901 2.44802 4.05445 
4.36901 1.36675 3.33985 
4.36901 4.95227 4.00224 
4.36901 3.84412 1.35881 
4.36901 2.48215 2.37412 
3.52607 4.86058 4.88585 
3.52607 2.37442 4.78074 
3.52607 2.44802 1.26753 
3.52607 1.36675 3.57659 
3.52607 4.95227 1.46975 
3.52607 3.84412 3.98232 
3.52607 2.48215 3.77982 
4.86058 1.36675 3.53458 
4.86058 3.84412 1.28025 
4.86058 2.48215 2.49439 
2.37442 4.96008 3.5128 
2.37442 2.44802 3.51904 
2.37442 1.36675 3.70656 
2.37442 4.90168 2.6497 
2.37442 4.48908 4.54866 
2.37442 3.88525 3.47131 
2.37442 2.48215 4.75586 
4.85091 4.72961 1.22877 
4.85091 1.36675 4.67212 
4.85091 4.90168 4.88689 
4.85091 4.95227 4.84277 
4.85091 4.48908 4.38014 
4.85091 3.88525 4.09026 
4.96008 2.44802 4.26447 
4.96008 4.90168 4.22643 
4.72961 1.36675 4.89825 
4.72961 4.90168 4.90327 
2.44802 1.36675 2.88475 
2.44802 4.95227 2.72786 
2.44802 3.84412 4.10086 
2.44802 2.48215 3.43503 
1.36675 4.95227 4.81104 
1.36675 4.48908 4.65874 
1.36675 3.84412 2.57716 
1.36675 3.88525 4.40019 
1.36675 2.48215 1.16647 
4.90168 3.88525 3.81591 
4.95227 3.84412 4.52847 
4.95227 2.48215 4.7599 
4.48908 3.88525 1.22618 
4.48908 2.48215 4.99415 
3.84412 2.48215 1.47525 
3.88525 2.48215 4.99835 
2.48526 3.63418 4.97068 
2.48526 4.73236 3.92506 
2.48526 1.44429 3.03568 
2.48526 2.4131 2.40303 
2.48526 4.56837 2.22617 
2.48526 3.84908 3.93762 
2.48526 2.74599 4.63531 
2.48526 3.74474 1.42452 
2.48526 1.45545 3.57738 
2.48526 2.71266 4.69479 
2.48526 3.65665 4.04533 
2.48526 4.30724 4.78338 
2.48526 4.52969 4.37678 
2.48526 2.30818 3.95742 
3.63418 4.73236 3.78022 
3.63418 1.44429 4.96091 
3.63418 2.4131 2.76105 
3.63418 3.64593 4.85066 
3.63418 2.74599 3.17483 
3.63418 3.51019 4.25239 
3.63418 1.45545 2.47706 
3.63418 3.65665 4.53571 
4.73236 2.4131 2.49326 
4.73236 4.56837 3.38117 
4.73236 3.74474 3.89294 
4.73236 1.45545 4.55155 
4.73236 4.88467 4.27923 
4.73236 3.65665 4.52356 
1.44429 2.4131 3.78056 
1.44429 3.64593 3.40689 
1.44429 3.84908 2.65117 
1.44429 4.27921 3.93172 
1.44429 4.98433 3.74885 
1.44429 2.74599 3.28608 
1.44429 3.74474 4.34872 
1.44429 3.51019 3.58139 
1.44429 1.45545 2.55161 
1.44429 4.88467 4.6373 
1.44429 2.71266 2.31504 
1.44429 3.65665 4.07961 
1.44429 4.30724 2.91984 
1.44429 3.60305 3.47318 
1.44429 4.52969 4.7059 
1.44429 2.30818 1.29542 
2.4131 4.56837 3.38522 
2.4131 2.74599 3.80697 
2.4131 3.74474 2.95665 
2.4131 1.45545 2.51327 
2.4131 2.71266 4.75332 
2.4131 3.65665 3.98099 
2.4131 4.52969 4.85606 
2.4131 2.30818 4.59956 
4.56837 3.74474 1.3915 
3.64593 4.27921 1.32778 
3.64593 2.74599 2.38982 
3.64593 3.51019 1.42662 
3.64593 1.45545 3.0512 
3.64593 4.88467 2.40758 
3.64593 2.71266 3.49691 
3.64593 3.65665 4.62861 
3.64593 3.60305 3.7895 
3.64593 2.30818 3.56371 
3.84908 4.98433 2.49791 
3.84908 1.45545 4.95185 
3.84908 2.71266 4.48992 
3.84908 3.65665 4.82611 
3.84908 4.30724 1.50031 
3.84908 4.52969 4.73703 
3.84908 2.30818 3.17141 
4.27921 2.74599 3.56864 
4.27921 3.51019 2.72774 
4.27921 1.45545 3.82794 
4.27921 4.88467 3.5557 
4.27921 2.71266 3.20233 
4.27921 3.60305 3.14685 
4.27921 2.30818 3.63018 
4.98433 2.71266 4.44604 
4.98433 3.65665 4.51341 
4.98433 4.30724 1.40241 
4.98433 4.52969 3.81992 
4.98433 2.30818 3.38324 
2.74599 3.51019 1.30001 
2.74599 1.45545 1.6746 
2.74599 4.88467 2.73294 
2.74599 2.71266 4.30667 
2.74599 3.65665 2.63398 
2.74599 3.60305 4.82558 
2.74599 4.52969 3.84459 
2.74599 2.30818 4.1287 
3.74474 1.45545 4.76614 
3.51019 1.45545 2.6537 
3.51019 4.88467 1.67694 
3.51019 2.71266 4.34812 
3.51019 3.65665 3.41839 
3.51019 3.60305 4.79424 
3.51019 4.52969 4.442 
3.51019 2.30818 4.19323 
1.45545 4.88467 4.23212 
1.45545 2.71266 3.29984 
1.45545 3.65665 3.3604 
1.45545 3.60305 3.83373 
1.45545 4.52969 4.51943 
1.45545 2.30818 3.28555 
4.88467 3.65665 3.84278 
4.88467 4.52969 4.51269 
2.71266 4.30724 3.98578 
2.71266 3.60305 1.22618 
2.71266 2.30818 1.32078 
3.65665 4.52969 1.30086 
4.30724 4.52969 4.96212 
4.30724 2.30818 2.77344 
3.60305 2.30818 2.53913 
4.97068 3.92506 3.78022 
4.97068 3.03568 4.96091 
4.97068 2.40303 2.76105 
4.97068 4.88395 2.58314 
4.97068 4.54384 4.93632 
4.97068 4.63531 3.17483 
4.97068 3.57738 2.47706 
4.97068 4.04533 4.53571 
3.92506 2.40303 2.49326 
3.92506 2.22617 3.38117 
3.92506 1.42452 3.89294 
3.92506 3.57738 4.55155 
3.92506 4.04533 4.52356 
3.03568 2.40303 3.78056 
3.03568 3.93762 2.65117 
3.03568 4.63531 3.28608 
3.03568 1.42452 4.34872 
3.03568 3.57738 2.55161 
3.03568 4.69479 2.31504 
3.03568 4.04533 4.07961 
3.03568 4.78338 2.91984 
3.03568 4.37678 4.7059 
3.03568 3.95742 1.29542 
2.40303 2.22617 3.38522 
2.40303 3.74891 4.44101 
2.40303 4.63531 3.80697 
2.40303 1.42452 2.95665 
2.40303 3.57738 2.51327 
2.40303 4.69479 4.75332 
2.40303 4.04533 3.98099 
2.40303 4.37678 4.85606 
2.40303 3.95742 4.59956 
2.22617 4.88395 3.64336 
2.22617 3.74891 3.20981 
2.22617 4.54384 4.38427 
2.22617 1.42452 1.3915 
2.22617 4.65536 4.88986 
3.93762 3.74891 3.81647 
3.93762 4.65536 4.9689 
3.93762 3.57738 4.95185 
3.93762 4.69479 4.48992 
3.93762 4.04533 4.82611 
3.93762 4.78338 1.50031 
3.93762 4.37678 4.73703 
3.93762 3.95742 3.17141 
4.88395 4.54384 2.55098 
4.88395 4.63531 4.18922 
4.88395 1.42452 4.70442 
4.88395 4.65536 3.72438 
4.88395 3.57738 4.26004 
4.88395 4.37678 4.72004 
3.74891 1.42452 2.49566 
3.74891 4.78338 3.79735 
4.54384 4.65536 1.25126 
4.54384 4.04533 3.52073 
4.54384 4.37678 2.40129 
4.63531 3.57738 1.6746 
4.63531 4.69479 4.30667 
4.63531 4.04533 2.63398 
4.63531 4.37678 3.84459 
4.63531 3.95742 4.1287 
1.42452 3.57738 4.76614 
4.65536 4.04533 2.50418 
4.65536 4.78338 4.94413 
4.65536 4.37678 1.25542 
3.57738 4.69479 3.29984 
3.57738 4.04533 3.3604 
3.57738 4.37678 4.51943 
3.57738 3.95742 3.28555 
4.69479 4.78338 3.98578 
4.69479 3.95742 1.32078 
4.04533 4.37678 1.30086 
4.78338 4.37678 4.96212 
4.78338 3.95742 2.77344 
3.78022 4.08192 3.88464 
3.78022 2.76105 2.49326 
3.78022 3.82395 4.29328 
3.78022 4.66397 3.93427 
3.78022 2.47706 4.55155 
3.78022 4.53571 4.52356 
4.96091 2.76105 3.78056 
4.96091 4.85066 3.40689 
4.96091 3.17483 3.28608 
4.96091 4.25239 3.58139 
4.96091 2.47706 2.55161 
4.96091 4.53571 4.07961 
4.08192 4.77584 4.78074 
4.08192 4.85066 4.77914 
4.08192 3.82395 1.26753 
4.08192 3.17483 4.98289 
4.08192 4.66397 1.46975 
4.08192 4.25239 4.09489 
2.76105 3.17483 3.80697 
2.76105 4.66397 4.9733 
2.76105 2.47706 2.51327 
2.76105 4.53571 3.98099 
4.77584 2.58314 3.5128 
4.77584 3.82395 3.51904 
4.77584 4.93632 4.41083 
4.85066 3.17483 2.38982 
4.85066 4.66397 3.45704 
4.85066 4.25239 1.42662 
4.85066 2.47706 3.0512 
4.85066 4.53571 4.62861 
2.58314 3.82395 4.26447 
2.58314 4.93632 2.55098 
2.58314 3.17483 4.18922 
2.58314 4.25239 4.71603 
2.58314 2.47706 4.26004 
3.82395 4.66397 2.72786 
4.93632 4.53571 3.52073 
3.17483 4.66397 3.62767 
3.17483 4.25239 1.30001 
3.17483 2.47706 1.6746 
3.17483 4.53571 2.63398 
4.66397 4.25239 2.69055 
4.66397 4.53571 4.48579 
4.25239 2.47706 2.6537 
4.25239 4.53571 3.41839 
2.47706 4.53571 3.3604 
1.43313 3.85665 3.5128 
1.43313 2.74156 3.86671 
1.43313 4.88277 3.51904 
1.43313 4.74349 3.70656 
1.43313 3.95187 4.41083 
1.43313 1.42771 2.6497 
1.43313 4.07461 4.54866 
1.43313 2.86949 3.47131 
3.85665 4.88277 4.26447 
3.85665 3.95187 2.55098 
3.85665 1.42771 4.22643 
3.85665 4.40108 3.72438 
2.74156 3.95187 3.69789 
2.74156 1.42771 1.34246 
2.74156 4.01216 1.29373 
2.74156 4.40108 3.28317 
2.74156 2.86949 4.909 
4.88277 4.74349 2.88475 
4.74349 4.07461 4.65874 
4.74349 2.86949 4.40019 
3.95187 1.42771 3.40733 
3.95187 4.01216 4.38956 
3.95187 4.40108 1.25126 
4.92506 4.07461 3.20233 
4.92506 2.86949 3.14685 
1.42771 4.01216 2.6142 
1.42771 4.40108 3.47208 
1.42771 2.86949 3.81591 
4.01216 4.40108 3.64274 
4.01216 4.07461 4.44604 
4.07461 2.86949 1.22618 
2.63482 3.88464 3.70968 
2.63482 4.87865 2.24677 
2.63482 4.29328 4.05445 
2.63482 4.84979 3.33985 
2.63482 3.93427 4.00224 
2.63482 4.27923 4.65653 
2.63482 3.89629 1.35881 
2.63482 4.3084 2.37412 
3.88464 4.87865 4.88585 
3.88464 4.29328 1.26753 
3.88464 4.84979 3.57659 
3.88464 3.93427 1.46975 
3.88464 4.27923 2.71495 
3.88464 3.89629 3.98232 
3.88464 4.3084 3.77982 
2.49326 3.38117 3.38522 
2.49326 3.89294 2.95665 
2.49326 3.93427 4.9733 
2.49326 4.55155 2.51327 
2.49326 4.52356 3.98099 
4.87865 4.84979 3.53458 
4.87865 3.89629 1.28025 
4.87865 4.3084 2.49439 
3.38117 3.89294 1.3915 
4.29328 4.84979 2.88475 
4.29328 3.93427 2.72786 
4.29328 4.27923 3.9563 
4.29328 3.89629 4.10086 
4.29328 4.3084 3.43503 
4.84979 3.93427 4.81104 
4.84979 3.89629 2.57716 
4.84979 4.3084 1.16647 
3.89294 4.55155 4.76614 
3.93427 4.27923 1.25854 
3.93427 4.52356 4.48579 
3.93427 3.89629 4.52847 
3.93427 4.3084 4.7599 
4.55155 4.27923 4.23212 
4.55155 4.52356 3.3604 
4.27923 4.52356 3.84278 
3.89629 4.3084 1.47525 
3.70968 2.24677 4.88585 
3.70968 4.05445 1.26753 
3.70968 3.33985 3.57659 
3.70968 4.00224 1.46975 
3.70968 4.65653 2.71495 
3.70968 1.35881 3.98232 
3.70968 2.37412 3.77982 
2.24677 4.38731 2.63491 
2.24677 3.33985 3.53458 
2.24677 4.46417 2.98761 
2.24677 4.84717 3.37212 
2.24677 3.58568 1.44295 
2.24677 4.65745 2.68727 
2.24677 1.35881 1.28025 
2.24677 2.37412 2.49439 
4.38731 4.46417 1.35087 
4.38731 4.84717 3.50416 
4.38731 3.58568 1.67821 
4.38731 4.65745 2.63455 
4.38731 1.35881 3.64639 
4.38731 2.37412 4.58389 
4.05445 3.33985 2.88475 
4.05445 4.00224 2.72786 
4.05445 4.65653 3.9563 
4.05445 1.35881 4.10086 
4.05445 2.37412 3.43503 
3.33985 4.00224 4.81104 
3.33985 3.58568 4.73773 
3.33985 1.35881 2.57716 
3.33985 2.37412 1.16647 
4.46417 4.84717 4.76904 
4.46417 3.58568 2.53897 
4.46417 4.65745 3.79735 
4.46417 1.35881 3.63239 
4.46417 2.37412 4.20652 
4.84717 3.58568 2.55256 
4.84717 4.65745 1.40241 
4.84717 1.35881 4.50052 
4.00224 4.65653 1.25854 
4.00224 1.35881 4.52847 
4.00224 2.37412 4.7599 
3.58568 4.65745 1.52634 
3.58568 1.35881 2.70768 
3.58568 2.37412 3.76661 
4.65745 1.35881 3.94193 
1.35881 2.37412 1.47525 
3.78056 3.28608 3.80697 
3.78056 4.34872 2.95665 
3.78056 2.55161 2.51327 
3.78056 2.31504 4.75332 
3.78056 4.07961 3.98099 
3.78056 4.7059 4.85606 
3.78056 1.29542 4.59956 
4.80664 2.65117 3.78831 
4.80664 4.91762 2.63491 
4.80664 4.46703 4.59788 
4.80664 3.74885 3.37212 
4.80664 3.88394 1.44295 
4.80664 2.91984 2.68727 
4.80664 1.29542 4.29928 
3.40689 3.93172 1.32778 
3.40689 3.28608 2.38982 
3.40689 3.58139 1.42662 
3.40689 2.55161 3.0512 
3.40689 4.6373 2.40758 
3.40689 2.31504 3.49691 
3.40689 4.07961 4.62861 
3.40689 3.47318 3.7895 
3.40689 1.29542 3.56371 
2.65117 4.91762 2.70682 
2.65117 4.46703 3.17784 
2.65117 3.74885 2.49791 
2.65117 3.88394 2.38343 
2.65117 2.55161 4.95185 
2.65117 2.31504 4.48992 
2.65117 4.07961 4.82611 
2.65117 2.91984 1.50031 
2.65117 4.7059 4.73703 
2.65117 1.29542 3.17141 
4.91762 4.46703 4.37774 
4.91762 3.74885 3.50416 
4.91762 4.34872 3.81161 
4.91762 3.88394 1.67821 
4.91762 2.91984 2.63455 
4.46703 3.74885 1.29373 
4.46703 3.88394 3.74306 
4.46703 4.07961 4.6413 
4.46703 2.91984 2.54602 
4.46703 3.47318 4.909 
4.46703 4.7059 3.79872 
4.46703 1.29542 4.22711 
3.93172 3.28608 3.56864 
3.93172 3.58139 2.72774 
3.93172 2.55161 3.82794 
3.93172 4.6373 3.5557 
3.93172 2.31504 3.20233 
3.93172 3.47318 3.14685 
3.93172 1.29542 3.63018 
3.74885 3.88394 2.55256 
3.74885 2.31504 4.44604 
3.74885 4.07961 4.51341 
3.74885 2.91984 1.40241 
3.74885 4.7059 3.81992 
3.74885 1.29542 3.38324 
3.28608 3.58139 1.30001 
3.28608 2.55161 1.6746 
3.28608 4.6373 2.73294 
3.28608 2.31504 4.30667 
3.28608 4.07961 2.63398 
3.28608 3.47318 4.82558 
3.28608 4.7059 3.84459 
3.28608 1.29542 4.1287 
4.34872 3.88394 4.93026 
4.34872 2.55161 4.76614 
3.58139 2.55161 2.6537 
3.58139 4.6373 1.67694 
3.58139 2.31504 4.34812 
3.58139 4.07961 3.41839 
3.58139 3.47318 4.79424 
3.58139 4.7059 4.442 
3.58139 1.29542 4.19323 
3.88394 2.31504 4.75658 
3.88394 2.91984 1.52634 
3.88394 1.29542 3.69161 
2.55161 4.6373 4.23212 
2.55161 2.31504 3.29984 
2.55161 4.07961 3.3604 
2.55161 3.47318 3.83373 
2.55161 4.7059 4.51943 
2.55161 1.29542 3.28555 
4.6373 4.07961 3.84278 
4.6373 4.7059 4.51269 
2.31504 2.91984 3.98578 
2.31504 3.47318 1.22618 
2.31504 1.29542 1.32078 
4.07961 4.7059 1.30086 
2.91984 4.7059 4.96212 
2.91984 1.29542 2.77344 
3.47318 1.29542 2.53913 
4.88585 3.57659 3.53458 
4.88585 3.98232 1.28025 
4.88585 3.77982 2.49439 
4.78074 1.26753 3.51904 
4.78074 3.57659 3.70656 
4.78074 3.77982 4.75586 
4.77914 4.98289 2.38982 
4.77914 1.46975 3.45704 
4.77914 4.09489 1.42662 
4.77914 2.71495 2.40758 
1.26753 3.57659 2.88475 
1.26753 1.46975 2.72786 
1.26753 2.71495 3.9563 
1.26753 3.98232 4.10086 
1.26753 3.77982 3.43503 
3.57659 1.46975 4.81104 
3.57659 3.98232 2.57716 
3.57659 3.77982 1.16647 
4.98289 1.46975 3.62767 
4.98289 4.09489 1.30001 
4.98289 2.71495 2.73294 
1.46975 4.09489 2.69055 
1.46975 2.71495 1.25854 
1.46975 3.98232 4.52847 
1.46975 3.77982 4.7599 
4.09489 2.71495 1.67694 
3.98232 3.77982 1.47525 
3.38522 4.44101 3.20981 
3.38522 2.95665 1.3915 
4.44101 2.95665 2.49566 
3.80697 4.9733 3.62767 
3.80697 2.51327 1.6746 
3.80697 4.75332 4.30667 
3.80697 3.98099 2.63398 
3.80697 4.85606 3.84459 
3.80697 4.59956 4.1287 
2.95665 2.51327 4.76614 
4.9733 3.98099 4.48579 
2.51327 4.75332 3.29984 
2.51327 3.98099 3.3604 
2.51327 4.85606 4.51943 
2.51327 4.59956 3.28555 
4.75332 4.59956 1.32078 
3.98099 4.85606 1.30086 
3.87605 3.78831 2.56773 
3.87605 2.63491 1.43975 
3.87605 4.59788 3.99679 
3.87605 2.98761 2.48005 
3.87605 3.37212 3.51872 
3.87605 1.44295 2.70511 
3.87605 2.68727 2.95492 
3.87605 1.28025 4.96059 
3.78831 2.63491 2.70682 
3.78831 4.59788 3.17784 
3.78831 2.98761 3.81647 
3.78831 3.37212 2.49791 
3.78831 1.44295 2.38343 
3.78831 2.68727 1.50031 
3.78831 4.29928 3.17141 
2.63491 4.59788 4.37774 
2.63491 2.98761 1.35087 
2.63491 3.37212 3.50416 
2.63491 1.44295 1.67821 
2.63491 2.68727 2.63455 
2.63491 1.28025 3.64639 
2.63491 2.49439 4.58389 
4.59788 3.37212 1.29373 
4.59788 1.44295 3.74306 
4.59788 2.68727 2.54602 
4.59788 4.29928 4.22711 
3.53458 1.44295 4.73773 
3.53458 1.28025 2.57716 
3.53458 2.49439 1.16647 
2.98761 3.37212 4.76904 
2.98761 1.44295 2.53897 
2.98761 2.68727 3.79735 
2.98761 1.28025 3.63239 
2.98761 2.49439 4.20652 
3.37212 1.44295 2.55256 
3.37212 2.68727 1.40241 
3.37212 1.28025 4.50052 
3.37212 4.29928 3.38324 
1.44295 2.68727 1.52634 
1.44295 1.28025 2.70768 
1.44295 4.29928 3.69161 
1.44295 2.49439 3.76661 
2.68727 1.28025 3.94193 
2.68727 4.29928 2.77344 
1.28025 2.49439 1.47525 
3.5128 3.51904 4.26447 
3.5128 4.41083 2.55098 
3.5128 2.6497 4.22643 
3.86671 4.41083 3.69789 
3.86671 2.6497 1.34246 
3.86671 3.47131 4.909 
3.51904 3.70656 2.88475 
3.51904 4.75586 3.43503 
3.70656 4.54866 4.65874 
3.70656 3.47131 4.40019 
3.70656 4.75586 1.16647 
4.41083 2.6497 3.40733 
2.6497 3.47131 3.81591 
4.54866 3.47131 1.22618 
4.54866 4.75586 4.99415 
3.47131 4.75586 4.99835 
4.78537 1.43975 4.33432 
4.78537 1.32673 4.96363 
4.78537 2.48005 3.20981 
4.78537 4.61065 1.3915 
4.75825 2.43852 2.50167 
4.75825 1.32673 3.64509 
4.75825 3.72532 1.32778 
2.43852 2.56773 4.36201 
2.43852 1.43975 3.81892 
2.43852 1.32673 1.22877 
2.43852 3.99679 4.97433 
2.43852 2.48005 4.56582 
2.43852 3.72532 1.43892 
2.43852 4.58115 4.88689 
2.43852 2.95492 4.99235 
2.56773 1.43975 2.70682 
2.56773 1.32673 3.64994 
2.56773 3.99679 3.17784 
2.56773 2.48005 3.81647 
2.56773 4.58115 4.13319 
2.56773 3.51872 2.49791 
2.56773 2.70511 2.38343 
2.56773 2.95492 1.50031 
1.43975 1.32673 2.62282 
1.43975 3.99679 4.37774 
1.43975 2.48005 1.35087 
1.43975 3.51872 3.50416 
1.43975 4.61065 3.81161 
1.43975 2.70511 1.67821 
1.43975 2.95492 2.63455 
1.43975 4.96059 3.64639 
1.32673 3.99679 4.6647 
1.32673 2.48005 3.34395 
1.32673 3.72532 2.64163 
1.32673 4.58115 4.90327 
1.32673 3.51872 4.49184 
1.32673 2.70511 4.00443 
1.32673 2.95492 4.16587 
3.99679 4.58115 1.34246 
3.99679 3.51872 1.29373 
3.99679 2.70511 3.74306 
3.99679 2.95492 2.54602 
2.48005 3.51872 4.76904 
2.48005 4.61065 2.49566 
2.48005 2.70511 2.53897 
2.48005 2.95492 3.79735 
2.48005 4.96059 3.63239 
4.58115 3.51872 2.6142 
4.58115 2.70511 4.92379 
4.58115 2.95492 3.7892 
3.51872 2.70511 2.55256 
3.51872 2.95492 1.40241 
3.51872 4.96059 4.50052 
4.61065 2.70511 4.93026 
2.70511 2.95492 1.52634 
2.70511 4.96059 2.70768 
2.95492 4.96059 3.94193 
4.33432 4.96363 2.62282 
4.33432 3.20981 1.35087 
4.33432 1.3915 3.81161 
3.64336 4.38427 2.55098 
3.64336 1.3915 4.70442 
3.64336 4.88986 3.72438 
4.96363 3.20981 3.34395 
3.20981 1.3915 2.49566 
4.38427 4.88986 1.25126 
2.50167 3.64509 1.22877 
2.50167 1.32778 1.43892 
2.50167 2.38982 4.79373 
2.50167 3.45704 4.84277 
2.50167 1.42662 3.78443 
2.50167 2.40758 4.19204 
2.50167 3.49691 4.38014 
2.50167 3.7895 4.09026 
2.50167 3.56371 4.88677 
3.64509 1.32778 2.64163 
3.64509 1.42662 4.81535 
1.32778 2.38982 3.56864 
1.32778 3.45704 4.48245 
1.32778 1.42662 2.72774 
1.32778 3.0512 3.82794 
1.32778 2.40758 3.5557 
1.32778 3.49691 3.20233 
1.32778 3.7895 3.14685 
1.32778 3.56371 3.63018 
2.38982 3.45704 3.62767 
2.38982 1.42662 1.30001 
2.38982 3.0512 1.6746 
2.38982 2.40758 2.73294 
2.38982 3.49691 4.30667 
2.38982 4.62861 2.63398 
2.38982 3.7895 4.82558 
2.38982 3.56371 4.1287 
3.45704 1.42662 2.69055 
3.45704 2.40758 1.25854 
3.45704 4.62861 4.48579 
1.42662 3.0512 2.6537 
1.42662 2.40758 1.67694 
1.42662 3.49691 4.34812 
1.42662 4.62861 3.41839 
1.42662 3.7895 4.79424 
1.42662 3.56371 4.19323 
3.0512 2.40758 4.23212 
3.0512 3.49691 3.29984 
3.0512 4.62861 3.3604 
3.0512 3.7895 3.83373 
3.0512 3.56371 3.28555 
2.40758 4.62861 3.84278 
3.49691 3.7895 1.22618 
3.49691 3.56371 1.32078 
3.7895 3.56371 2.53913 
4.36201 3.81892 2.70682 
4.36201 1.22877 3.64994 
4.36201 4.97433 3.17784 
4.36201 4.56582 3.81647 
4.36201 4.88689 4.13319 
4.36201 4.38014 4.48992 
4.36201 4.99235 1.50031 
4.36201 4.88677 3.17141 
3.81892 1.22877 2.62282 
3.81892 4.97433 4.37774 
3.81892 4.56582 1.35087 
3.81892 4.99235 2.63455 
1.22877 4.97433 4.6647 
1.22877 4.67212 4.89825 
1.22877 4.56582 3.34395 
1.22877 1.43892 2.64163 
1.22877 4.88689 4.90327 
1.22877 3.78443 4.81535 
1.22877 4.99235 4.16587 
4.97433 4.88689 1.34246 
4.97433 4.99235 2.54602 
4.97433 4.09026 4.909 
4.97433 4.88677 4.22711 
4.67212 4.84277 4.81104 
4.67212 4.38014 4.65874 
4.67212 4.09026 4.40019 
4.56582 4.99235 3.79735 
1.43892 4.79373 3.56864 
1.43892 4.84277 4.48245 
1.43892 3.78443 2.72774 
1.43892 4.19204 3.5557 
1.43892 4.38014 3.20233 
1.43892 4.09026 3.14685 
1.43892 4.88677 3.63018 
4.88689 4.99235 3.7892 
4.88689 4.09026 3.81591 
4.79373 4.84277 3.62767 
4.79373 3.78443 1.30001 
4.79373 4.19204 2.73294 
4.79373 4.38014 4.30667 
4.79373 4.09026 4.82558 
4.79373 4.88677 4.1287 
4.84277 3.78443 2.69055 
4.84277 4.19204 1.25854 
3.78443 4.19204 1.67694 
3.78443 4.38014 4.34812 
3.78443 4.09026 4.79424 
3.78443 4.88677 4.19323 
4.38014 4.99235 3.98578 
4.38014 4.09026 1.22618 
4.38014 4.88677 1.32078 
4.99235 4.88677 2.77344 
4.09026 4.88677 2.53913 
2.70682 3.64994 2.62282 
2.70682 3.17784 4.37774 
2.70682 3.81647 1.35087 
2.70682 2.49791 3.50416 
2.70682 2.38343 1.67821 
2.70682 1.50031 2.63455 
3.64994 3.17784 4.6647 
3.64994 3.81647 3.34395 
3.64994 4.13319 4.90327 
3.64994 2.49791 4.49184 
3.64994 2.38343 4.00443 
3.64994 1.50031 4.16587 
3.17784 4.13319 1.34246 
3.17784 2.49791 1.29373 
3.17784 4.9689 3.28317 
3.17784 2.38343 3.74306 
3.17784 4.82611 4.6413 
3.17784 1.50031 2.54602 
3.17784 4.73703 3.79872 
3.17784 3.17141 4.22711 
3.81647 2.49791 4.76904 
3.81647 2.38343 2.53897 
3.81647 1.50031 3.79735 
4.13319 2.49791 2.6142 
4.13319 4.9689 3.47208 
4.13319 2.38343 4.92379 
4.13319 1.50031 3.7892 
4.13319 4.73703 4.3136 
2.49791 4.9689 3.64274 
2.49791 2.38343 2.55256 
2.49791 4.48992 4.44604 
2.49791 4.82611 4.51341 
2.49791 1.50031 1.40241 
2.49791 4.73703 3.81992 
2.49791 3.17141 3.38324 
4.9689 4.82611 2.50418 
4.9689 1.50031 4.94413 
4.9689 4.73703 1.25542 
2.38343 4.48992 4.75658 
2.38343 1.50031 1.52634 
2.38343 3.17141 3.69161 
4.95185 4.48992 3.29984 
4.95185 4.82611 3.3604 
4.95185 4.73703 4.51943 
4.95185 3.17141 3.28555 
4.48992 1.50031 3.98578 
4.48992 3.17141 1.32078 
4.82611 4.73703 1.30086 
1.50031 4.73703 4.96212 
1.50031 3.17141 2.77344 
2.62282 4.37774 4.6647 
2.62282 1.35087 3.34395 
2.62282 3.50416 4.49184 
2.62282 1.67821 4.00443 
2.62282 2.63455 4.16587 
4.37774 3.50416 1.29373 
4.37774 1.67821 3.74306 
4.37774 2.63455 2.54602 
1.35087 3.50416 4.76904 
1.35087 3.81161 2.49566 
1.35087 1.67821 2.53897 
1.35087 2.63455 3.79735 
1.35087 3.64639 3.63239 
1.35087 4.58389 4.20652 
3.50416 1.67821 2.55256 
3.50416 2.63455 1.40241 
3.50416 3.64639 4.50052 
3.81161 1.67821 4.93026 
1.67821 2.63455 1.52634 
1.67821 3.64639 2.70768 
1.67821 4.58389 3.76661 
2.63455 3.64639 3.94193 
3.64639 4.58389 1.47525 
2.55098 4.22643 3.40733 
2.55098 3.72438 1.25126 
2.55098 4.72004 2.40129 
4.22643 3.72438 3.47208 
4.22643 4.72004 4.3136 
4.18922 4.71603 1.30001 
4.18922 4.26004 1.6746 
4.18922 4.72004 3.84459 
4.70442 4.26004 4.76614 
3.72438 4.72004 1.25542 
4.71603 4.26004 2.6537 
4.71603 4.72004 4.442 
4.26004 4.72004 4.51943 
4.6647 4.90327 1.34246 
4.6647 4.49184 1.29373 
4.6647 4.00443 3.74306 
4.6647 4.16587 2.54602 
4.89825 4.00443 4.73773 
3.34395 4.49184 4.76904 
3.34395 4.00443 2.53897 
3.34395 4.16587 3.79735 
2.64163 4.81535 2.72774 
4.90327 4.49184 2.6142 
4.90327 4.00443 4.92379 
4.90327 4.16587 3.7892 
4.49184 4.00443 2.55256 
4.49184 4.16587 1.40241 
4.00443 4.16587 1.52634 
3.69789 1.34246 3.40733 
3.69789 1.29373 4.38956 
3.69789 3.28317 1.25126 
3.69789 4.6413 3.52073 
3.69789 3.79872 2.40129 
1.34246 1.29373 2.6142 
1.34246 3.28317 3.47208 
1.34246 3.74306 4.92379 
1.34246 2.54602 3.7892 
1.34246 4.909 3.81591 
1.34246 3.79872 4.3136 
1.29373 3.28317 3.64274 
1.29373 3.74306 2.55256 
1.29373 4.6413 4.51341 
1.29373 2.54602 1.40241 
1.29373 3.79872 3.81992 
1.29373 4.22711 3.38324 
3.28317 4.6413 2.50418 
3.28317 2.54602 4.94413 
3.28317 3.79872 1.25542 
3.74306 2.54602 1.52634 
3.74306 4.22711 3.69161 
4.6413 3.79872 1.30086 
2.54602 3.79872 4.96212 
2.54602 4.22711 2.77344 
4.909 4.22711 2.53913 
2.88475 2.72786 4.81104 
2.88475 4.10086 2.57716 
2.88475 3.43503 1.16647 
2.72786 3.9563 1.25854 
2.72786 4.10086 4.52847 
2.72786 3.43503 4.7599 
4.10086 3.43503 1.47525 
4.81104 2.57716 4.52847 
4.81104 1.16647 4.7599 
4.73773 4.65874 4.75658 
4.73773 2.57716 2.70768 
4.73773 1.16647 3.76661 
4.65874 4.40019 1.22618 
4.65874 1.16647 4.99415 
2.57716 1.16647 1.47525 
4.40019 1.16647 4.99835 
4.76904 2.53897 2.55256 
4.76904 3.79735 1.40241 
4.76904 3.63239 4.50052 
2.49566 2.53897 4.93026 
2.53897 3.79735 1.52634 
2.53897 3.63239 2.70768 
2.53897 4.20652 3.76661 
3.79735 3.63239 3.94193 
3.63239 4.20652 1.47525 
3.40733 4.38956 2.6142 
3.40733 1.25126 3.47208 
3.40733 2.40129 4.3136 
4.38956 1.25126 3.64274 
4.38956 3.52073 4.51341 
4.38956 2.40129 3.81992 
1.25126 3.52073 2.50418 
1.25126 2.40129 1.25542 
3.52073 2.40129 1.30086 
3.56864 4.48245 3.62767 
3.56864 2.72774 1.30001 
3.56864 3.82794 1.6746 
3.56864 3.5557 2.73294 
3.56864 3.20233 4.30667 
3.56864 3.14685 4.82558 
3.56864 3.63018 4.1287 
4.48245 2.72774 2.69055 
4.48245 3.5557 1.25854 
2.72774 3.82794 2.6537 
2.72774 3.5557 1.67694 
2.72774 3.20233 4.34812 
2.72774 3.14685 4.79424 
2.72774 3.63018 4.19323 
3.82794 3.5557 4.23212 
3.82794 3.20233 3.29984 
3.82794 3.14685 3.83373 
3.82794 3.63018 3.28555 
3.20233 3.14685 1.22618 
3.20233 3.63018 1.32078 
3.14685 3.63018 2.53913 
2.6142 3.47208 3.64274 
2.6142 4.92379 2.55256 
2.6142 3.7892 1.40241 
2.6142 4.3136 3.81992 
3.47208 3.7892 4.94413 
3.47208 4.3136 1.25542 
4.92379 3.7892 1.52634 
3.7892 4.3136 4.96212 
3.64274 4.51341 2.50418 
3.64274 1.40241 4.94413 
3.64274 3.81992 1.25542 
2.55256 4.44604 4.75658 
2.55256 1.40241 1.52634 
2.55256 4.50052 2.70768 
2.55256 3.38324 3.69161 
4.44604 1.40241 3.98578 
4.44604 3.38324 1.32078 
4.51341 3.81992 1.30086 
1.40241 4.50052 3.94193 
1.40241 3.81992 4.96212 
1.40241 3.38324 2.77344 
3.62767 1.30001 2.69055 
3.62767 2.73294 1.25854 
3.62767 2.63398 4.48579 
1.30001 1.6746 2.6537 
1.30001 2.73294 1.67694 
1.30001 4.30667 4.34812 
1.30001 2.63398 3.41839 
1.30001 4.82558 4.79424 
1.30001 3.84459 4.442 
1.30001 4.1287 4.19323 
1.6746 2.73294 4.23212 
1.6746 4.30667 3.29984 
1.6746 2.63398 3.3604 
1.6746 4.82558 3.83373 
1.6746 3.84459 4.51943 
1.6746 4.1287 3.28555 
2.73294 2.63398 3.84278 
2.73294 3.84459 4.51269 
4.30667 4.82558 1.22618 
4.30667 4.1287 1.32078 
2.63398 3.84459 1.30086 
4.82558 4.1287 2.53913 
2.50418 1.25542 1.30086 
4.94413 1.25542 4.96212 
2.69055 1.25854 1.67694 
2.69055 4.48579 3.41839 
1.25854 4.48579 3.84278 
4.52847 4.7599 1.47525 
2.6537 1.67694 4.23212 
2.6537 4.34812 3.29984 
2.6537 3.41839 3.3604 
2.6537 4.79424 3.83373 
2.6537 4.442 4.51943 
2.6537 4.19323 3.28555 
1.67694 3.41839 3.84278 
1.67694 4.442 4.51269 
4.34812 4.79424 1.22618 
4.34812 4.19323 1.32078 
3.41839 4.442 1.30086 
4.79424 4.19323 2.53913 
4.75658 1.52634 3.98578 
4.75658 3.69161 1.32078 
4.75658 3.76661 4.99415 
1.52634 2.70768 3.94193 
1.52634 3.69161 2.77344 
2.70768 3.76661 1.47525 
4.23212 3.3604 3.84278 
4.23212 4.51943 4.51269 
3.29984 3.83373 1.22618 
3.29984 3.28555 1.32078 
3.3604 4.51943 1.30086 
3.83373 3.28555 2.53913 
3.84278 4.51269 1.30086 
3.98578 1.32078 2.77344 
1.22618 1.32078 2.53913 
1.22618 4.99415 4.99835 
