4.73702 3.19469 4.73629 
4.73702 2.60383 4.92054 
4.73702 4.07638 3.70505 
4.73702 4.72169 4.32403 
4.73702 4.67861 4.6159 
4.73702 3.84576 3.11806 
4.73702 1.36878 4.0967 
4.73702 3.69858 3.79058 
4.73702 3.93642 1.38063 
4.73702 2.56074 3.20258 
4.73702 3.94586 3.25164 
4.73702 3.68451 4.75588 
4.73702 3.20092 4.28244 
4.73702 3.75659 2.59467 
4.73702 4.42296 3.77592 
3.19469 1.35119 4.51223 
3.19469 1.59232 3.04225 
3.19469 4.47533 4.54258 
3.19469 4.55599 4.47998 
3.19469 3.80274 3.43485 
3.19469 2.54766 4.52654 
3.19469 4.39224 4.70706 
3.19469 2.60383 2.28456 
3.19469 3.48166 4.85708 
3.19469 4.67861 2.38131 
3.19469 3.84576 4.86717 
3.19469 1.36878 3.72995 
3.19469 4.38713 3.80687 
3.19469 3.97585 1.24436 
3.19469 3.93642 4.06025 
3.19469 2.56074 3.91366 
3.19469 3.20092 1.38081 
3.19469 3.75659 4.4168 
1.35119 1.59232 2.58475 
1.35119 4.47533 4.92781 
1.35119 2.51162 1.38811 
1.35119 3.80274 4.80841 
1.35119 2.54766 2.88313 
1.35119 2.60383 3.78353 
1.35119 4.07638 4.4305 
1.35119 3.89433 4.3739 
1.35119 3.48166 2.25199 
1.35119 3.84576 3.7971 
1.35119 1.36878 1.41468 
1.35119 2.82005 2.37103 
1.35119 4.38713 3.20313 
1.35119 3.69858 3.44192 
1.35119 3.93642 4.4329 
1.35119 2.56074 2.67597 
1.35119 3.94586 3.98234 
1.35119 3.68451 3.22746 
1.35119 3.20092 4.46117 
1.35119 3.75659 4.1457 
1.35119 4.64227 4.8539 
1.35119 4.08271 3.52091 
1.35119 4.46619 4.56935 
1.35119 4.42296 4.64716 
1.59232 2.51162 3.21645 
1.59232 3.80274 2.32972 
1.59232 2.54766 1.50884 
1.59232 4.39224 2.82364 
1.59232 2.60383 1.39698 
1.59232 4.07638 4.63306 
1.59232 3.89433 2.49548 
1.59232 3.48166 4.18186 
1.59232 4.67861 3.92799 
1.59232 1.36878 2.8711 
1.59232 2.82005 2.6758 
1.59232 3.69858 4.11069 
1.59232 3.97585 4.08536 
1.59232 3.93642 4.07381 
1.59232 2.56074 3.87793 
1.59232 3.94586 4.48103 
1.59232 3.68451 3.88315 
1.59232 3.20092 2.56718 
1.59232 3.75659 3.55688 
1.59232 4.64227 3.79885 
1.59232 4.08271 4.00251 
1.59232 4.42296 3.9259 
1.59232 4.96914 3.68127 
4.47533 4.55599 1.78004 
4.47533 4.39224 4.77173 
4.47533 4.07638 3.8617 
4.47533 3.89433 4.80974 
4.47533 4.72169 3.10636 
4.47533 3.84576 4.40117 
4.47533 1.36878 4.05934 
4.47533 3.97585 3.93039 
4.47533 2.56074 4.03741 
4.47533 3.94586 4.69535 
4.47533 4.46619 1.37084 
4.47533 4.96914 3.85908 
4.55599 4.07638 2.54752 
4.55599 4.72169 1.44693 
4.55599 1.36878 4.65942 
4.55599 4.38713 4.64887 
4.55599 3.69858 4.81201 
4.55599 3.97585 3.83791 
4.55599 3.94586 3.67159 
4.55599 4.46619 2.9311 
2.51162 2.54766 2.8027 
2.51162 2.60383 4.5619 
2.51162 4.07638 4.84903 
2.51162 3.89433 4.2114 
2.51162 3.48166 1.36912 
2.51162 3.84576 4.98042 
2.51162 1.36878 2.78447 
2.51162 2.82005 1.55701 
2.51162 4.38713 2.59627 
2.51162 3.69858 3.09775 
2.51162 2.56074 3.97029 
2.51162 3.94586 4.05384 
2.51162 3.68451 2.4598 
2.51162 3.75659 4.85379 
2.51162 4.64227 4.93882 
2.51162 4.08271 2.42348 
2.51162 4.96914 4.97372 
3.80274 2.54766 2.84573 
3.80274 4.39224 1.4128 
3.80274 2.60383 1.39557 
3.80274 3.89433 2.51298 
3.80274 4.67861 2.80152 
3.80274 3.84576 4.66367 
3.80274 1.36878 4.88674 
3.80274 2.82005 4.43072 
3.80274 3.97585 4.59864 
3.80274 3.93642 4.335 
3.80274 3.20092 2.30339 
3.80274 3.75659 3.669 
3.80274 4.64227 3.33912 
3.80274 4.46619 4.85093 
3.80274 4.42296 3.72184 
3.80274 4.96914 3.67485 
2.54766 4.39224 2.54427 
2.54766 2.60383 2.59689 
2.54766 3.89433 1.49349 
2.54766 3.48166 3.70316 
2.54766 1.36878 3.74766 
2.54766 2.82005 1.61556 
2.54766 4.38713 4.68482 
2.54766 3.69858 3.79831 
2.54766 2.56074 4.90139 
2.54766 3.94586 4.56967 
2.54766 3.68451 3.16204 
2.54766 3.20092 3.93296 
2.54766 3.75659 4.16708 
2.54766 4.64227 3.53273 
2.54766 4.08271 2.86576 
2.54766 4.46619 4.94045 
2.54766 4.42296 4.07993 
2.54766 4.96914 2.59254 
4.39224 2.60383 2.51964 
4.39224 3.89433 1.54183 
4.39224 4.67861 4.18513 
4.39224 3.84576 3.45043 
4.39224 2.82005 4.07651 
4.39224 2.56074 4.50322 
4.39224 3.20092 3.67288 
4.39224 3.75659 4.39633 
4.39224 4.64227 3.21701 
4.39224 4.46619 3.81372 
4.39224 4.42296 4.05273 
4.39224 4.96914 2.54387 
2.60383 3.89433 2.96406 
2.60383 4.67861 2.58846 
2.60383 1.36878 3.65695 
2.60383 2.82005 4.00099 
2.60383 3.97585 3.47465 
2.60383 3.93642 3.73798 
2.60383 2.56074 4.31589 
2.60383 3.20092 1.3954 
2.60383 3.75659 3.35916 
2.60383 4.64227 3.80513 
2.60383 4.42296 3.83313 
2.60383 4.96914 4.17663 
4.07638 4.72169 1.40939 
4.07638 4.67861 4.41363 
4.07638 1.36878 4.66402 
4.07638 2.82005 4.98151 
4.07638 3.69858 2.55866 
4.07638 3.93642 3.85302 
4.07638 3.94586 1.269 
4.07638 3.68451 3.71266 
4.07638 3.75659 4.59147 
4.07638 4.08271 4.9506 
4.07638 4.46619 4.44301 
3.89433 3.84576 4.0144 
3.89433 2.82005 2.8055 
3.89433 3.69858 4.74853 
3.89433 2.56074 4.90962 
3.89433 3.68451 4.08864 
3.89433 3.20092 4.34186 
3.89433 3.75659 4.85072 
3.89433 4.64227 3.62752 
3.89433 4.08271 3.623 
3.89433 4.46619 3.61082 
3.89433 4.42296 4.5103 
3.89433 4.96914 1.42491 
4.72169 4.67861 4.76224 
4.72169 3.69858 3.94626 
4.72169 3.97585 4.60519 
4.72169 3.93642 4.69339 
4.72169 3.94586 2.65381 
4.72169 4.46619 4.01284 
3.48166 1.36878 3.37432 
3.48166 2.82005 2.46681 
3.48166 4.38713 1.24723 
3.48166 3.69858 4.35012 
3.48166 3.97585 3.88424 
3.48166 2.56074 4.26177 
3.48166 3.68451 3.60643 
3.48166 3.75659 4.83038 
3.48166 4.64227 4.87532 
3.48166 4.08271 3.24928 
3.48166 4.42296 4.84615 
4.67861 3.97585 3.26396 
4.67861 3.93642 3.73087 
4.67861 3.94586 4.50628 
4.67861 3.20092 1.49927 
4.67861 3.75659 3.91938 
4.67861 4.64227 4.99173 
4.67861 4.42296 4.63468 
3.84576 1.36878 2.563 
3.84576 3.93642 3.64147 
3.84576 2.56074 1.29043 
3.84576 3.75659 4.44237 
3.84576 4.64227 4.99913 
3.84576 4.46619 3.64303 
3.84576 4.96914 3.86072 
1.36878 2.82005 3.67455 
1.36878 4.38713 4.01961 
1.36878 3.69858 4.41783 
1.36878 3.97585 4.3278 
1.36878 3.93642 3.66322 
1.36878 2.56074 1.33751 
1.36878 3.94586 4.58507 
1.36878 3.68451 4.46813 
1.36878 3.20092 3.87603 
1.36878 3.75659 3.7978 
1.36878 4.08271 4.89086 
1.36878 4.46619 3.6942 
1.36878 4.42296 4.66426 
1.36878 4.96914 4.93962 
2.82005 4.38713 3.5923 
2.82005 3.69858 3.05744 
2.82005 2.56074 4.92786 
2.82005 3.94586 4.1518 
2.82005 3.68451 2.11163 
2.82005 3.75659 4.87843 
2.82005 4.64227 4.31728 
2.82005 4.08271 1.59131 
2.82005 4.42296 4.7697 
2.82005 4.96914 3.45094 
4.38713 3.97585 2.76112 
4.38713 2.56074 4.59241 
4.38713 3.68451 4.83165 
4.38713 3.20092 4.93771 
4.38713 3.75659 4.90614 
4.38713 4.08271 4.37853 
4.38713 4.42296 4.84876 
3.69858 3.93642 3.57992 
3.69858 3.94586 1.35454 
3.69858 3.68451 1.23291 
3.69858 3.75659 3.69829 
3.69858 4.64227 4.82217 
3.69858 4.08271 2.53066 
3.69858 4.42296 3.84571 
3.69858 4.96914 4.81486 
3.97585 2.56074 4.37023 
3.97585 3.20092 2.5903 
3.97585 4.46619 4.84067 
3.93642 2.56074 3.20762 
3.93642 3.94586 3.21003 
3.93642 3.68451 4.45892 
3.93642 3.20092 3.30318 
3.93642 3.75659 1.31197 
3.93642 4.64227 3.75901 
3.93642 4.42296 2.58687 
2.56074 3.20092 4.12384 
2.56074 3.75659 3.77023 
2.56074 4.46619 3.52064 
2.56074 4.42296 4.86105 
2.56074 4.96914 4.41758 
3.94586 3.68451 2.57107 
3.94586 3.75659 3.72391 
3.94586 4.08271 3.85486 
3.94586 4.46619 4.97505 
3.94586 4.42296 4.26591 
3.68451 3.75659 4.29163 
3.68451 4.64227 4.87538 
3.68451 4.08271 1.3006 
3.68451 4.42296 4.07206 
3.68451 4.96914 4.1489 
3.20092 3.75659 3.39695 
3.20092 4.64227 4.53058 
3.20092 4.42296 4.20642 
3.75659 4.64227 2.45665 
3.75659 4.42296 1.31643 
4.64227 4.42296 1.31608 
4.64227 4.96914 4.881 
4.08271 4.42296 4.67961 
4.08271 4.96914 3.6512 
4.46619 4.96914 2.54806 
2.56296 2.41961 4.57433 
2.56296 1.23534 3.67228 
2.56296 4.45905 3.70505 
2.56296 4.23559 4.32403 
2.56296 3.14769 3.11806 
2.56296 1.35512 1.21683 
2.56296 3.67143 1.38063 
2.56296 3.77017 3.20258 
2.56296 4.7136 3.25164 
2.56296 3.84132 4.22289 
2.56296 4.97098 2.59467 
2.56296 4.42818 3.68438 
2.56296 3.19636 3.8282 
2.56296 3.06915 4.61827 
2.56296 3.96818 3.69874 
4.64837 4.66899 2.33895 
4.64837 4.95342 1.64473 
4.64837 4.85483 4.6813 
4.64837 4.95503 2.29623 
4.64837 4.45905 2.82144 
4.64837 4.23559 1.64745 
4.64837 1.35512 4.74004 
4.64837 4.7136 4.02541 
4.64837 4.42818 4.89095 
4.66899 4.95342 2.4633 
4.66899 4.95503 1.39758 
4.66899 4.45905 2.54752 
4.66899 4.23559 1.44693 
4.66899 1.35512 4.70119 
4.66899 4.7136 3.67159 
4.80033 4.76191 3.57857 
4.80033 2.41961 3.43792 
4.80033 4.35809 2.98714 
4.80033 1.23534 4.23154 
4.80033 3.84395 3.94429 
4.80033 3.14769 3.90843 
4.80033 3.67143 4.96931 
4.80033 3.84132 1.41094 
4.80033 4.97098 3.68489 
4.80033 4.42818 3.44469 
4.80033 3.19636 2.56048 
4.80033 3.06915 2.87899 
4.80033 3.96818 2.3956 
4.95342 4.95503 1.45626 
4.95342 4.45905 4.09307 
4.95342 4.23559 2.70096 
4.95342 4.42818 3.77048 
4.95342 3.96818 4.91634 
4.85483 4.56579 2.60668 
4.85483 2.41961 4.15482 
4.85483 1.23534 3.97824 
4.85483 4.45905 4.72506 
4.85483 4.21463 1.19022 
4.85483 3.84395 3.72924 
4.85483 4.42818 4.95873 
4.76191 4.56579 2.58735 
4.76191 2.41961 2.38702 
4.76191 4.35809 1.4128 
4.76191 1.23534 3.69696 
4.76191 4.21463 3.92041 
4.76191 3.84395 1.43521 
4.76191 3.14769 4.66367 
4.76191 3.67143 4.335 
4.76191 3.84132 3.99154 
4.76191 4.97098 3.669 
4.76191 3.19636 3.54426 
4.76191 3.06915 2.20921 
4.56579 2.41961 2.64602 
4.56579 4.35809 3.72037 
4.56579 1.23534 3.35084 
4.56579 4.45905 4.61356 
4.56579 4.21463 1.54793 
4.56579 3.84395 1.45336 
4.56579 3.67143 4.35924 
4.56579 4.7136 4.55137 
4.56579 4.97098 4.20381 
4.56579 3.06915 3.68326 
2.41961 4.35809 2.34045 
2.41961 1.23534 1.32754 
2.41961 4.21463 3.10196 
2.41961 3.84395 1.53544 
2.41961 3.14769 3.42028 
2.41961 1.35512 3.51636 
2.41961 3.77017 4.48454 
2.41961 3.84132 3.1237 
2.41961 4.97098 4.80894 
2.41961 4.42818 4.87189 
2.41961 3.19636 2.56056 
2.41961 3.06915 1.43009 
2.41961 3.96818 3.9763 
4.95503 4.45905 3.73262 
4.95503 4.23559 2.38518 
4.95503 4.7136 4.92587 
4.95503 4.42818 4.93604 
4.35809 1.23534 3.55888 
4.35809 4.21463 4.81711 
4.35809 3.84395 2.30786 
4.35809 3.14769 3.45043 
4.35809 3.77017 4.50322 
4.35809 3.84132 3.08258 
4.35809 4.97098 4.39633 
4.35809 3.19636 2.37602 
4.35809 3.06915 1.32376 
4.35809 3.96818 4.46655 
1.23534 4.21463 3.17687 
1.23534 3.84395 2.65357 
1.23534 3.14769 3.47023 
1.23534 1.35512 2.49538 
1.23534 3.67143 4.83329 
1.23534 3.77017 4.34877 
1.23534 3.84132 3.59224 
1.23534 4.42818 4.66893 
1.23534 3.19636 3.03411 
1.23534 3.06915 2.40329 
1.23534 3.96818 4.02182 
4.45905 4.21463 4.88347 
4.45905 4.23559 1.40939 
4.45905 1.35512 3.79751 
4.45905 3.67143 3.85302 
4.45905 4.7136 1.269 
4.45905 4.97098 4.59147 
4.21463 3.84395 2.55587 
4.21463 3.06915 4.41711 
3.84395 3.14769 4.69014 
3.84395 3.67143 4.59733 
3.84395 3.84132 4.12459 
3.84395 4.97098 4.05386 
3.84395 3.19636 3.68638 
3.84395 3.06915 2.2696 
4.23559 1.35512 4.01075 
4.23559 3.67143 4.69339 
4.23559 4.7136 2.65381 
3.14769 1.35512 2.95547 
3.14769 3.67143 3.64147 
3.14769 3.77017 1.29043 
3.14769 3.84132 2.67111 
3.14769 4.97098 4.44237 
3.14769 4.42818 4.13124 
3.14769 3.19636 1.43131 
3.14769 3.06915 2.50838 
3.14769 3.96818 3.26814 
1.35512 3.67143 2.42317 
1.35512 3.77017 3.34306 
1.35512 4.7136 3.73115 
1.35512 3.84132 3.87774 
1.35512 4.97098 3.71557 
1.35512 4.42818 3.83013 
1.35512 3.19636 3.37607 
1.35512 3.06915 3.81082 
1.35512 3.96818 3.61874 
3.67143 3.77017 3.20762 
3.67143 4.7136 3.21003 
3.67143 4.97098 1.31197 
3.67143 4.42818 4.71346 
3.67143 3.19636 4.69678 
3.67143 3.96818 4.76935 
3.77017 3.84132 3.90145 
3.77017 4.97098 3.77023 
3.77017 4.42818 4.99359 
3.77017 3.19636 2.7097 
3.77017 3.06915 3.63796 
3.77017 3.96818 4.30708 
4.7136 4.97098 3.72391 
3.84132 4.97098 4.95183 
3.84132 4.42818 2.63799 
3.84132 3.19636 1.52555 
3.84132 3.06915 2.45318 
3.84132 3.96818 1.44089 
4.97098 3.06915 4.93992 
4.42818 3.19636 3.71068 
4.42818 3.06915 4.7342 
4.42818 3.96818 1.19865 
3.19636 3.06915 1.49516 
3.19636 3.96818 2.60712 
3.06915 3.96818 3.64508 
3.93337 1.20493 2.95172 
3.93337 4.54472 4.47998 
3.93337 1.26343 4.89295 
3.93337 3.19451 3.68724 
3.93337 3.33249 4.99599 
3.93337 4.57478 3.93844 
3.93337 2.52446 2.38131 
3.93337 4.46746 2.54614 
3.93337 4.124 1.24436 
3.93337 3.74177 1.38081 
1.20493 2.36186 3.37246 
1.20493 1.26343 2.43789 
1.20493 3.69457 4.7604 
1.20493 3.29194 3.24772 
1.20493 3.19451 2.25728 
1.20493 3.7496 4.04883 
1.20493 3.33249 2.85313 
1.20493 3.85646 4.20774 
1.20493 4.57478 3.51655 
1.20493 4.09484 4.68252 
1.20493 3.35921 4.02126 
1.20493 2.52446 1.34722 
1.20493 4.46746 3.95002 
1.20493 3.88816 4.95888 
1.20493 4.124 3.39363 
1.20493 4.52999 4.51908 
1.20493 3.74177 2.59645 
2.36186 4.54472 2.33895 
2.36186 1.26343 1.4292 
2.36186 3.69457 1.64473 
2.36186 3.29194 4.6813 
2.36186 4.6436 2.29623 
2.36186 3.7496 2.82144 
2.36186 3.85646 4.74284 
2.36186 4.56351 3.59469 
2.36186 4.09484 4.85086 
2.36186 3.35921 1.64745 
2.36186 2.52446 4.47937 
2.36186 4.46746 4.81213 
2.36186 3.88816 2.54419 
2.36186 4.52999 4.02541 
2.36186 4.56493 4.98228 
4.54472 1.26343 3.767 
4.54472 3.69457 2.4633 
4.54472 4.6436 1.39758 
4.54472 3.7496 2.54752 
4.54472 4.56351 4.87031 
4.54472 3.35921 1.44693 
4.54472 4.46746 3.98639 
4.54472 3.88816 3.8224 
4.54472 4.124 3.83791 
4.54472 4.52999 3.67159 
1.26343 3.69457 2.50291 
1.26343 3.29194 4.05532 
1.26343 3.19451 4.39642 
1.26343 4.6436 3.58769 
1.26343 3.7496 3.72768 
1.26343 3.33249 4.36804 
1.26343 3.85646 4.22689 
1.26343 4.56351 3.4928 
1.26343 4.09484 4.19718 
1.26343 3.35921 2.8866 
1.26343 2.52446 3.73707 
1.26343 3.88816 2.69225 
1.26343 4.124 4.88634 
1.26343 4.52999 4.76823 
1.26343 3.74177 4.85123 
1.26343 4.56493 4.37399 
1.26343 4.84679 4.90641 
3.69457 4.6436 1.45626 
3.69457 3.7496 4.09307 
3.69457 3.85646 4.83194 
3.69457 4.56351 2.45983 
3.69457 3.35921 2.70096 
3.69457 4.46746 4.669 
3.69457 3.88816 1.36352 
3.29194 3.19451 2.60668 
3.29194 3.7496 4.72506 
3.29194 3.33249 1.19022 
3.29194 3.85646 1.44442 
3.29194 4.56351 4.89812 
3.29194 4.57478 3.72924 
3.29194 4.09484 2.58598 
3.29194 2.52446 3.53688 
3.29194 3.74177 4.98125 
3.29194 4.56493 3.69553 
3.19451 3.7496 4.61356 
3.19451 3.33249 1.54793 
3.19451 3.85646 4.02367 
3.19451 4.57478 1.45336 
3.19451 4.09484 4.98844 
3.19451 2.52446 1.45702 
3.19451 4.124 4.62262 
3.19451 4.52999 4.55137 
3.19451 3.74177 2.57513 
3.19451 4.84679 4.53221 
4.6436 3.7496 3.73262 
4.6436 3.85646 4.66266 
4.6436 4.56351 3.71155 
4.6436 3.35921 2.38518 
4.6436 4.46746 4.01095 
4.6436 3.88816 2.71981 
4.6436 4.124 4.28136 
4.6436 4.52999 4.92587 
3.7496 3.33249 4.88347 
3.7496 3.35921 1.40939 
3.7496 2.52446 4.41363 
3.7496 4.52999 1.269 
3.33249 3.85646 2.62453 
3.33249 4.57478 2.55587 
3.33249 4.09484 3.66743 
3.33249 2.52446 2.71823 
3.33249 3.74177 4.04525 
3.33249 4.56493 4.75237 
3.85646 4.56351 4.55625 
3.85646 4.09484 1.37714 
3.85646 2.52446 4.79245 
3.85646 3.88816 4.77109 
3.85646 4.56493 2.48611 
4.56351 4.09484 4.49304 
4.56351 3.35921 4.96872 
4.56351 3.88816 1.15467 
4.57478 2.52446 2.36404 
4.57478 3.74177 2.7093 
4.57478 4.84679 4.0731 
4.09484 3.88816 4.92128 
4.09484 4.56493 1.15924 
4.09484 4.84679 4.62891 
3.35921 2.52446 4.76224 
3.35921 4.46746 4.70254 
3.35921 3.88816 3.91985 
3.35921 4.124 4.60519 
3.35921 4.52999 2.65381 
2.52446 4.46746 4.11928 
2.52446 4.124 3.26396 
2.52446 4.52999 4.50628 
2.52446 3.74177 1.49927 
2.52446 4.84679 4.63468 
4.46746 4.124 1.44696 
4.46746 3.74177 3.77313 
4.124 3.74177 2.5903 
4.52999 4.56493 4.87997 
4.52999 4.84679 4.26591 
3.74177 4.84679 4.20642 
4.56493 4.84679 4.38318 
4.73629 4.94495 2.95172 
4.73629 4.92054 2.28456 
4.73629 4.6159 2.38131 
4.73629 3.11806 4.86717 
4.73629 4.0967 3.72995 
4.73629 1.21683 4.79824 
4.73629 1.38063 4.06025 
4.73629 3.20258 3.91366 
4.73629 4.28244 1.38081 
4.73629 2.59467 4.4168 
4.94495 4.57433 4.88449 
4.94495 4.92054 3.85534 
4.94495 3.70505 4.04883 
4.94495 4.32403 4.02126 
4.94495 4.6159 1.34722 
4.94495 1.21683 4.95153 
4.94495 4.7675 4.95888 
4.94495 1.38063 4.38292 
4.94495 3.25164 4.51908 
4.94495 4.28244 2.59645 
4.94495 2.59467 4.86574 
4.57433 4.92054 3.73235 
4.57433 3.67228 1.32754 
4.57433 4.6159 3.84049 
4.57433 3.11806 3.42028 
4.57433 1.21683 3.51636 
4.57433 3.20258 4.48454 
4.57433 4.22289 3.1237 
4.57433 4.28244 4.19829 
4.57433 2.59467 4.80894 
4.57433 3.68438 4.87189 
4.57433 3.8282 2.56056 
4.57433 4.61827 1.43009 
4.57433 3.69874 3.9763 
4.57433 3.77592 4.40219 
4.92054 4.6159 2.58846 
4.92054 4.0967 3.65695 
4.92054 1.38063 3.73798 
4.92054 3.20258 4.31589 
4.92054 4.28244 1.3954 
4.92054 2.59467 3.35916 
4.92054 3.8282 4.79633 
4.92054 4.61827 3.56205 
4.92054 3.77592 3.83313 
3.67228 4.6159 4.73557 
3.67228 3.11806 3.47023 
3.67228 1.21683 2.49538 
3.67228 1.38063 4.83329 
3.67228 3.20258 4.34877 
3.67228 4.22289 3.59224 
3.67228 3.68438 4.66893 
3.67228 3.8282 3.03411 
3.67228 4.61827 2.40329 
3.67228 3.69874 4.02182 
3.70505 4.32403 1.40939 
3.70505 4.6159 4.41363 
3.70505 4.0967 4.66402 
3.70505 1.21683 3.79751 
3.70505 3.79058 2.55866 
3.70505 1.38063 3.85302 
3.70505 3.25164 1.269 
3.70505 4.75588 3.71266 
3.70505 2.59467 4.59147 
4.11737 4.32403 4.96872 
4.11737 1.21683 4.54839 
4.11737 4.7675 1.15467 
4.11737 1.38063 4.93085 
4.11737 4.22289 3.93111 
4.11737 3.68438 1.33579 
4.11737 3.8282 4.935 
4.11737 3.69874 2.49687 
4.32403 4.6159 4.76224 
4.32403 1.21683 4.01075 
4.32403 3.79058 3.94626 
4.32403 4.7675 3.91985 
4.32403 1.38063 4.69339 
4.32403 3.25164 2.65381 
4.6159 1.21683 4.90851 
4.6159 1.38063 3.73087 
4.6159 3.25164 4.50628 
4.6159 4.28244 1.49927 
4.6159 2.59467 3.91938 
4.6159 4.61827 4.56755 
4.6159 3.77592 4.63468 
3.11806 4.0967 2.563 
3.11806 1.21683 2.95547 
3.11806 1.38063 3.64147 
3.11806 3.20258 1.29043 
3.11806 4.22289 2.67111 
3.11806 2.59467 4.44237 
3.11806 3.68438 4.13124 
3.11806 3.8282 1.43131 
3.11806 4.61827 2.50838 
3.11806 3.69874 3.26814 
4.0967 1.21683 4.46413 
4.0967 3.79058 4.41783 
4.0967 1.38063 3.66322 
4.0967 3.20258 1.33751 
4.0967 3.25164 4.58507 
4.0967 4.75588 4.46813 
4.0967 4.28244 3.87603 
4.0967 2.59467 3.7978 
4.0967 3.8282 3.92705 
4.0967 4.61827 4.85723 
4.0967 3.77592 4.66426 
1.21683 3.79058 4.54235 
1.21683 1.38063 2.42317 
1.21683 3.20258 3.34306 
1.21683 3.25164 3.73115 
1.21683 4.22289 3.87774 
1.21683 4.28244 4.64902 
1.21683 2.59467 3.71557 
1.21683 3.68438 3.83013 
1.21683 3.8282 3.37607 
1.21683 4.61827 3.81082 
1.21683 3.69874 3.61874 
1.21683 3.77592 4.94933 
3.79058 1.38063 3.57992 
3.79058 3.25164 1.35454 
3.79058 4.75588 1.23291 
3.79058 2.59467 3.69829 
3.79058 3.77592 3.84571 
4.7675 3.68438 2.48894 
4.7675 3.69874 3.64814 
1.38063 3.20258 3.20762 
1.38063 3.25164 3.21003 
1.38063 4.75588 4.45892 
1.38063 4.28244 3.30318 
1.38063 2.59467 1.31197 
1.38063 3.68438 4.71346 
1.38063 3.8282 4.69678 
1.38063 3.69874 4.76935 
1.38063 3.77592 2.58687 
3.20258 4.22289 3.90145 
3.20258 4.28244 4.12384 
3.20258 2.59467 3.77023 
3.20258 3.68438 4.99359 
3.20258 3.8282 2.7097 
3.20258 4.61827 3.63796 
3.20258 3.69874 4.30708 
3.20258 3.77592 4.86105 
3.25164 4.75588 2.57107 
3.25164 2.59467 3.72391 
3.25164 3.77592 4.26591 
4.75588 2.59467 4.29163 
4.75588 3.77592 4.07206 
4.22289 2.59467 4.95183 
4.22289 3.68438 2.63799 
4.22289 3.8282 1.52555 
4.22289 4.61827 2.45318 
4.22289 3.69874 1.44089 
4.22289 3.77592 3.86077 
4.28244 2.59467 3.39695 
4.28244 4.61827 4.46265 
4.28244 3.77592 4.20642 
2.59467 4.61827 4.93992 
2.59467 3.77592 1.31643 
3.68438 3.8282 3.71068 
3.68438 4.61827 4.7342 
3.68438 3.69874 1.19865 
3.8282 4.61827 1.49516 
3.8282 3.69874 2.60712 
3.8282 3.77592 4.78168 
4.61827 3.69874 3.64508 
4.61827 3.77592 4.39102 
3.69874 3.77592 4.5756 
4.51223 3.04225 2.58475 
4.51223 4.54258 4.92781 
4.51223 3.43485 4.80841 
4.51223 4.52654 2.88313 
4.51223 2.28456 3.78353 
4.51223 4.85708 2.25199 
4.51223 4.86717 3.7971 
4.51223 3.72995 1.41468 
4.51223 2.54614 4.5198 
4.51223 3.80687 3.20313 
4.51223 4.06025 4.4329 
4.51223 3.91366 2.67597 
4.51223 1.38081 4.46117 
4.51223 4.4168 4.1457 
2.95172 4.89295 2.43789 
2.95172 3.43485 4.12815 
2.95172 3.68724 2.25728 
2.95172 2.28456 3.85534 
2.95172 4.99599 2.85313 
2.95172 3.93844 3.51655 
2.95172 2.38131 1.34722 
2.95172 2.54614 3.95002 
2.95172 4.79824 4.95153 
2.95172 3.80687 4.69527 
2.95172 1.24436 3.39363 
2.95172 4.06025 4.38292 
2.95172 1.38081 2.59645 
2.95172 4.4168 4.86574 
3.04225 3.43485 2.32972 
3.04225 4.52654 1.50884 
3.04225 3.68724 4.45195 
3.04225 4.70706 2.82364 
3.04225 2.28456 1.39698 
3.04225 3.93844 3.68545 
3.04225 4.85708 4.18186 
3.04225 2.38131 3.92799 
3.04225 3.72995 2.8711 
3.04225 1.24436 4.08536 
3.04225 4.06025 4.07381 
3.04225 3.91366 3.87793 
3.04225 1.38081 2.56718 
3.04225 4.4168 3.55688 
4.54258 4.47998 1.78004 
4.54258 4.70706 4.77173 
4.54258 4.86717 4.40117 
4.54258 3.72995 4.05934 
4.54258 2.54614 4.40022 
4.54258 1.24436 3.93039 
4.54258 3.91366 4.03741 
4.47998 4.89295 3.767 
4.47998 3.72995 4.65942 
4.47998 2.54614 3.98639 
4.47998 4.79824 4.70119 
4.47998 3.80687 4.64887 
4.47998 1.24436 3.83791 
4.89295 3.68724 4.39642 
4.89295 4.99599 4.36804 
4.89295 2.38131 3.73707 
4.89295 1.24436 4.88634 
4.89295 1.38081 4.85123 
3.43485 4.52654 2.84573 
3.43485 3.68724 2.58735 
3.43485 4.70706 1.4128 
3.43485 2.28456 1.39557 
3.43485 4.99599 3.92041 
3.43485 3.93844 1.43521 
3.43485 2.38131 2.80152 
3.43485 4.86717 4.66367 
3.43485 3.72995 4.88674 
3.43485 1.24436 4.59864 
3.43485 4.06025 4.335 
3.43485 1.38081 2.30339 
3.43485 4.4168 3.669 
4.52654 4.70706 2.54427 
4.52654 2.28456 2.59689 
4.52654 3.93844 4.2493 
4.52654 4.85708 3.70316 
4.52654 3.72995 3.74766 
4.52654 3.80687 4.68482 
4.52654 3.91366 4.90139 
4.52654 1.38081 3.93296 
4.52654 4.4168 4.16708 
3.68724 4.70706 3.72037 
3.68724 2.28456 3.09796 
3.68724 4.99599 1.54793 
3.68724 3.93844 1.45336 
3.68724 2.38131 1.45702 
3.68724 1.24436 4.62262 
3.68724 4.06025 4.35924 
3.68724 1.38081 2.57513 
3.68724 4.4168 4.20381 
4.70706 2.28456 2.51964 
4.70706 4.99599 4.81711 
4.70706 3.93844 2.30786 
4.70706 2.38131 4.18513 
4.70706 4.86717 3.45043 
4.70706 3.91366 4.50322 
4.70706 1.38081 3.67288 
4.70706 4.4168 4.39633 
2.28456 4.99599 4.59773 
2.28456 3.93844 2.50136 
2.28456 2.38131 2.58846 
2.28456 3.72995 3.65695 
2.28456 2.54614 4.6054 
2.28456 1.24436 3.47465 
2.28456 4.06025 3.73798 
2.28456 3.91366 4.31589 
2.28456 1.38081 1.3954 
2.28456 4.4168 3.35916 
4.99599 3.93844 2.55587 
4.99599 2.38131 2.71823 
4.99599 1.38081 4.04525 
3.93844 2.38131 2.36404 
3.93844 4.86717 4.69014 
3.93844 4.06025 4.59733 
3.93844 1.38081 2.7093 
3.93844 4.4168 4.05386 
4.85708 3.72995 3.37432 
4.85708 2.54614 2.46078 
4.85708 3.80687 1.24723 
4.85708 1.24436 3.88424 
4.85708 3.91366 4.26177 
4.85708 4.4168 4.83038 
2.38131 2.54614 4.11928 
2.38131 4.79824 4.90851 
2.38131 1.24436 3.26396 
2.38131 4.06025 3.73087 
2.38131 1.38081 1.49927 
2.38131 4.4168 3.91938 
4.86717 3.72995 2.563 
4.86717 4.79824 2.95547 
4.86717 4.06025 3.64147 
4.86717 3.91366 1.29043 
4.86717 4.4168 4.44237 
3.72995 4.79824 4.46413 
3.72995 3.80687 4.01961 
3.72995 1.24436 4.3278 
3.72995 4.06025 3.66322 
3.72995 3.91366 1.33751 
3.72995 1.38081 3.87603 
3.72995 4.4168 3.7978 
2.54614 3.80687 1.31785 
2.54614 1.24436 1.44696 
2.54614 1.38081 3.77313 
4.79824 4.06025 2.42317 
4.79824 3.91366 3.34306 
4.79824 1.38081 4.64902 
4.79824 4.4168 3.71557 
3.80687 1.24436 2.76112 
3.80687 3.91366 4.59241 
3.80687 1.38081 4.93771 
3.80687 4.4168 4.90614 
1.24436 3.91366 4.37023 
1.24436 1.38081 2.5903 
4.06025 3.91366 3.20762 
4.06025 1.38081 3.30318 
4.06025 4.4168 1.31197 
3.91366 1.38081 4.12384 
3.91366 4.4168 3.77023 
1.38081 4.4168 3.39695 
2.58475 1.38811 3.21645 
2.58475 4.80841 2.32972 
2.58475 2.88313 1.50884 
2.58475 3.78353 1.39698 
2.58475 4.4305 4.63306 
2.58475 4.3739 2.49548 
2.58475 2.25199 4.18186 
2.58475 1.41468 2.8711 
2.58475 2.37103 2.6758 
2.58475 3.44192 4.11069 
2.58475 4.4329 4.07381 
2.58475 2.67597 3.87793 
2.58475 3.98234 4.48103 
2.58475 3.22746 3.88315 
2.58475 4.46117 2.56718 
2.58475 4.1457 3.55688 
2.58475 4.94822 4.73167 
2.58475 4.8539 3.79885 
2.58475 3.52091 4.00251 
2.58475 4.64716 3.9259 
4.92781 4.4305 3.8617 
4.92781 4.3739 4.80974 
4.92781 3.7971 4.40117 
4.92781 1.41468 4.05934 
4.92781 4.5198 4.40022 
4.92781 2.67597 4.03741 
4.92781 3.98234 4.69535 
4.92781 4.94822 2.60614 
4.92781 4.56935 1.37084 
1.38811 2.88313 2.8027 
1.38811 3.78353 4.5619 
1.38811 4.4305 4.84903 
1.38811 4.3739 4.2114 
1.38811 2.25199 1.36912 
1.38811 3.7971 4.98042 
1.38811 1.41468 2.78447 
1.38811 2.37103 1.55701 
1.38811 4.5198 3.82895 
1.38811 3.20313 2.59627 
1.38811 3.44192 3.09775 
1.38811 2.67597 3.97029 
1.38811 3.98234 4.05384 
1.38811 3.22746 2.4598 
1.38811 4.1457 4.85379 
1.38811 4.8053 3.54593 
1.38811 4.8539 4.93882 
1.38811 3.52091 2.42348 
4.80841 2.88313 2.84573 
4.80841 3.78353 1.39557 
4.80841 4.3739 2.51298 
4.80841 3.7971 4.66367 
4.80841 1.41468 4.88674 
4.80841 2.37103 4.43072 
4.80841 4.4329 4.335 
4.80841 4.46117 2.30339 
4.80841 4.1457 3.669 
4.80841 4.94822 4.32749 
4.80841 4.8539 3.33912 
4.80841 4.56935 4.85093 
4.80841 4.64716 3.72184 
2.88313 3.78353 2.59689 
2.88313 4.3739 1.49349 
2.88313 2.25199 3.70316 
2.88313 1.41468 3.74766 
2.88313 2.37103 1.61556 
2.88313 3.20313 4.68482 
2.88313 3.44192 3.79831 
2.88313 2.67597 4.90139 
2.88313 3.98234 4.56967 
2.88313 3.22746 3.16204 
2.88313 4.46117 3.93296 
2.88313 4.1457 4.16708 
2.88313 4.8053 4.12456 
2.88313 4.94822 3.83983 
2.88313 4.8539 3.53273 
2.88313 3.52091 2.86576 
2.88313 4.56935 4.94045 
2.88313 4.64716 4.07993 
3.78353 4.3739 2.96406 
3.78353 1.41468 3.65695 
3.78353 2.37103 4.00099 
3.78353 4.5198 4.6054 
3.78353 4.4329 3.73798 
3.78353 2.67597 4.31589 
3.78353 4.46117 1.3954 
3.78353 4.1457 3.35916 
3.78353 4.94822 4.99091 
3.78353 4.8539 3.80513 
3.78353 4.64716 3.83313 
4.4305 1.41468 4.66402 
4.4305 2.37103 4.98151 
4.4305 3.44192 2.55866 
4.4305 4.4329 3.85302 
4.4305 3.98234 1.269 
4.4305 3.22746 3.71266 
4.4305 4.1457 4.59147 
4.4305 3.52091 4.9506 
4.4305 4.56935 4.44301 
4.3739 3.7971 4.0144 
4.3739 2.37103 2.8055 
4.3739 3.44192 4.74853 
4.3739 2.67597 4.90962 
4.3739 3.22746 4.08864 
4.3739 4.46117 4.34186 
4.3739 4.1457 4.85072 
4.3739 4.8053 4.61062 
4.3739 4.94822 2.57056 
4.3739 4.8539 3.62752 
4.3739 3.52091 3.623 
4.3739 4.56935 3.61082 
4.3739 4.64716 4.5103 
2.25199 1.41468 3.37432 
2.25199 2.37103 2.46681 
2.25199 4.5198 2.46078 
2.25199 3.20313 1.24723 
2.25199 3.44192 4.35012 
2.25199 2.67597 4.26177 
2.25199 3.22746 3.60643 
2.25199 4.1457 4.83038 
2.25199 4.8053 3.99152 
2.25199 4.8539 4.87532 
2.25199 3.52091 3.24928 
2.25199 4.64716 4.84615 
3.7971 1.41468 2.563 
3.7971 4.4329 3.64147 
3.7971 2.67597 1.29043 
3.7971 4.1457 4.44237 
3.7971 4.94822 3.64012 
3.7971 4.8539 4.99913 
3.7971 4.56935 3.64303 
1.41468 2.37103 3.67455 
1.41468 3.20313 4.01961 
1.41468 3.44192 4.41783 
1.41468 4.4329 3.66322 
1.41468 2.67597 1.33751 
1.41468 3.98234 4.58507 
1.41468 3.22746 4.46813 
1.41468 4.46117 3.87603 
1.41468 4.1457 3.7978 
1.41468 4.94822 4.1544 
1.41468 3.52091 4.89086 
1.41468 4.56935 3.6942 
1.41468 4.64716 4.66426 
2.37103 4.5198 4.6896 
2.37103 3.20313 3.5923 
2.37103 3.44192 3.05744 
2.37103 2.67597 4.92786 
2.37103 3.98234 4.1518 
2.37103 3.22746 2.11163 
2.37103 4.1457 4.87843 
2.37103 4.8053 2.86533 
2.37103 4.94822 4.73587 
2.37103 4.8539 4.31728 
2.37103 3.52091 1.59131 
2.37103 4.64716 4.7697 
4.5198 3.20313 1.31785 
4.5198 4.46117 3.77313 
3.20313 2.67597 4.59241 
3.20313 3.22746 4.83165 
3.20313 4.46117 4.93771 
3.20313 4.1457 4.90614 
3.20313 4.8053 4.92022 
3.20313 3.52091 4.37853 
3.20313 4.64716 4.84876 
3.44192 4.4329 3.57992 
3.44192 3.98234 1.35454 
3.44192 3.22746 1.23291 
3.44192 4.1457 3.69829 
3.44192 4.8053 3.54318 
3.44192 4.8539 4.82217 
3.44192 3.52091 2.53066 
3.44192 4.64716 3.84571 
4.4329 2.67597 3.20762 
4.4329 3.98234 3.21003 
4.4329 3.22746 4.45892 
4.4329 4.46117 3.30318 
4.4329 4.1457 1.31197 
4.4329 4.8539 3.75901 
4.4329 4.64716 2.58687 
2.67597 4.46117 4.12384 
2.67597 4.1457 3.77023 
2.67597 4.94822 3.84035 
2.67597 4.56935 3.52064 
2.67597 4.64716 4.86105 
3.98234 3.22746 2.57107 
3.98234 4.1457 3.72391 
3.98234 4.8053 4.87997 
3.98234 3.52091 3.85486 
3.98234 4.56935 4.97505 
3.98234 4.64716 4.26591 
3.22746 4.1457 4.29163 
3.22746 4.8053 2.41138 
3.22746 4.8539 4.87538 
3.22746 3.52091 1.3006 
3.22746 4.64716 4.07206 
4.46117 4.1457 3.39695 
4.46117 4.8539 4.53058 
4.46117 4.64716 4.20642 
4.1457 4.8539 2.45665 
4.1457 4.64716 1.31643 
4.8053 4.8539 4.71684 
4.8053 3.52091 1.44341 
4.8053 4.64716 4.38318 
4.94822 3.52091 4.7538 
4.94822 4.56935 1.26695 
4.8539 4.64716 1.31608 
3.52091 4.64716 4.67961 
3.37246 2.43789 1.4292 
3.37246 4.7604 1.64473 
3.37246 3.24772 4.6813 
3.37246 4.04883 2.82144 
3.37246 4.20774 4.74284 
3.37246 4.68252 4.85086 
3.37246 4.02126 1.64745 
3.37246 1.34722 4.47937 
3.37246 3.95002 4.81213 
3.37246 4.95153 4.74004 
3.37246 4.69527 4.95926 
3.37246 4.95888 2.54419 
3.37246 4.51908 4.02541 
2.43789 4.7604 2.50291 
2.43789 3.24772 4.05532 
2.43789 2.25728 4.39642 
2.43789 4.04883 3.72768 
2.43789 2.85313 4.36804 
2.43789 4.20774 4.22689 
2.43789 4.68252 4.19718 
2.43789 4.02126 2.8866 
2.43789 1.34722 3.73707 
2.43789 4.95888 2.69225 
2.43789 3.39363 4.88634 
2.43789 4.51908 4.76823 
2.43789 2.59645 4.85123 
4.7604 4.04883 4.09307 
4.7604 4.20774 4.83194 
4.7604 4.02126 2.70096 
4.7604 3.95002 4.669 
4.7604 4.69527 4.63647 
4.7604 4.95888 1.36352 
3.24772 2.25728 2.60668 
3.24772 4.88449 4.15482 
3.24772 4.04883 4.72506 
3.24772 2.85313 1.19022 
3.24772 4.20774 1.44442 
3.24772 3.51655 3.72924 
3.24772 4.68252 2.58598 
3.24772 1.34722 3.53688 
3.24772 2.59645 4.98125 
4.12815 2.25728 2.58735 
4.12815 4.88449 2.38702 
4.12815 3.85534 1.39557 
4.12815 2.85313 3.92041 
4.12815 3.51655 1.43521 
4.12815 1.34722 2.80152 
4.12815 3.39363 4.59864 
4.12815 4.38292 4.335 
4.12815 2.59645 2.30339 
4.12815 4.86574 3.669 
2.25728 4.88449 2.64602 
2.25728 3.85534 3.09796 
2.25728 4.04883 4.61356 
2.25728 2.85313 1.54793 
2.25728 4.20774 4.02367 
2.25728 3.51655 1.45336 
2.25728 4.68252 4.98844 
2.25728 1.34722 1.45702 
2.25728 3.39363 4.62262 
2.25728 4.38292 4.35924 
2.25728 4.51908 4.55137 
2.25728 2.59645 2.57513 
2.25728 4.86574 4.20381 
4.88449 3.85534 3.73235 
4.88449 2.85313 3.10196 
4.88449 3.51655 1.53544 
4.88449 1.34722 3.84049 
4.88449 4.95153 3.51636 
4.88449 2.59645 4.19829 
4.88449 4.86574 4.80894 
3.85534 2.85313 4.59773 
3.85534 3.51655 2.50136 
3.85534 1.34722 2.58846 
3.85534 3.95002 4.6054 
3.85534 3.39363 3.47465 
3.85534 4.38292 3.73798 
3.85534 2.59645 1.3954 
3.85534 4.86574 3.35916 
4.04883 2.85313 4.88347 
4.04883 4.02126 1.40939 
4.04883 1.34722 4.41363 
4.04883 4.95153 3.79751 
4.04883 4.38292 3.85302 
4.04883 4.51908 1.269 
4.04883 4.86574 4.59147 
2.85313 4.20774 2.62453 
2.85313 3.51655 2.55587 
2.85313 4.68252 3.66743 
2.85313 1.34722 2.71823 
2.85313 2.59645 4.04525 
4.20774 4.68252 1.37714 
4.20774 1.34722 4.79245 
4.20774 4.95888 4.77109 
3.51655 1.34722 2.36404 
3.51655 4.38292 4.59733 
3.51655 2.59645 2.7093 
3.51655 4.86574 4.05386 
4.68252 4.95888 4.92128 
4.02126 1.34722 4.76224 
4.02126 3.95002 4.70254 
4.02126 4.95153 4.01075 
4.02126 4.95888 3.91985 
4.02126 3.39363 4.60519 
4.02126 4.38292 4.69339 
4.02126 4.51908 2.65381 
1.34722 3.95002 4.11928 
1.34722 4.95153 4.90851 
1.34722 3.39363 3.26396 
1.34722 4.38292 3.73087 
1.34722 4.51908 4.50628 
1.34722 2.59645 1.49927 
1.34722 4.86574 3.91938 
3.95002 4.69527 1.31785 
3.95002 3.39363 1.44696 
3.95002 2.59645 3.77313 
4.95153 4.38292 2.42317 
4.95153 4.51908 3.73115 
4.95153 2.59645 4.64902 
4.95153 4.86574 3.71557 
4.69527 3.39363 2.76112 
4.69527 2.59645 4.93771 
4.69527 4.86574 4.90614 
3.39363 2.59645 2.5903 
4.38292 4.51908 3.21003 
4.38292 2.59645 3.30318 
4.38292 4.86574 1.31197 
4.51908 4.86574 3.72391 
2.59645 4.86574 3.39695 
3.21645 1.50884 2.8027 
3.21645 1.39698 4.5619 
3.21645 4.63306 4.84903 
3.21645 2.49548 4.2114 
3.21645 4.18186 1.36912 
3.21645 2.8711 2.78447 
3.21645 2.6758 1.55701 
3.21645 4.11069 3.09775 
3.21645 3.87793 3.97029 
3.21645 4.48103 4.05384 
3.21645 3.88315 2.4598 
3.21645 3.55688 4.85379 
3.21645 3.79885 4.93882 
3.21645 4.00251 2.42348 
3.21645 3.68127 4.97372 
4.38394 2.32972 3.57857 
4.38394 1.50884 3.79458 
4.38394 4.64451 3.43792 
4.38394 2.82364 2.98714 
4.38394 1.39698 4.38245 
4.38394 2.49548 3.42419 
4.38394 3.68545 3.94429 
4.38394 2.6758 4.62696 
4.38394 4.07381 4.96931 
4.38394 3.55688 3.68489 
4.38394 4.0867 2.87899 
4.38394 3.79885 1.25832 
4.38394 3.9259 2.54144 
4.38394 3.68127 4.43322 
2.32972 1.50884 2.84573 
2.32972 4.45195 2.58735 
2.32972 4.64451 2.38702 
2.32972 2.82364 1.4128 
2.32972 1.39698 1.39557 
2.32972 2.49548 2.51298 
2.32972 3.68545 1.43521 
2.32972 3.92799 2.80152 
2.32972 2.8711 4.88674 
2.32972 2.6758 4.43072 
2.32972 4.08536 4.59864 
2.32972 4.07381 4.335 
2.32972 2.56718 2.30339 
2.32972 3.55688 3.669 
2.32972 4.0867 2.20921 
2.32972 4.73167 4.32749 
2.32972 3.79885 3.33912 
2.32972 3.9259 3.72184 
2.32972 3.68127 3.67485 
1.50884 4.64451 4.75136 
1.50884 2.82364 2.54427 
1.50884 1.39698 2.59689 
1.50884 2.49548 1.49349 
1.50884 3.68545 4.2493 
1.50884 4.18186 3.70316 
1.50884 2.8711 3.74766 
1.50884 2.6758 1.61556 
1.50884 4.11069 3.79831 
1.50884 3.87793 4.90139 
1.50884 4.48103 4.56967 
1.50884 3.88315 3.16204 
1.50884 2.56718 3.93296 
1.50884 3.55688 4.16708 
1.50884 4.0867 3.79312 
1.50884 4.73167 3.83983 
1.50884 3.79885 3.53273 
1.50884 4.00251 2.86576 
1.50884 3.9259 4.07993 
1.50884 3.68127 2.59254 
4.45195 4.64451 2.64602 
4.45195 2.82364 3.72037 
4.45195 1.39698 3.09796 
4.45195 4.63306 4.61356 
4.45195 3.68545 1.45336 
4.45195 3.92799 1.45702 
4.45195 4.08536 4.62262 
4.45195 4.07381 4.35924 
4.45195 4.48103 4.55137 
4.45195 2.56718 2.57513 
4.45195 3.55688 4.20381 
4.45195 4.0867 3.68326 
4.45195 3.79885 4.63748 
4.45195 3.9259 4.53221 
4.64451 2.82364 2.34045 
4.64451 1.39698 3.73235 
4.64451 2.49548 3.8618 
4.64451 3.68545 1.53544 
4.64451 3.92799 3.84049 
4.64451 3.87793 4.48454 
4.64451 2.56718 4.19829 
4.64451 3.55688 4.80894 
4.64451 4.0867 1.43009 
4.64451 4.73167 4.89227 
4.64451 3.79885 3.76333 
4.64451 3.9259 4.40219 
4.64451 3.68127 4.65561 
2.82364 1.39698 2.51964 
2.82364 2.49548 1.54183 
2.82364 3.68545 2.30786 
2.82364 3.92799 4.18513 
2.82364 2.6758 4.07651 
2.82364 3.87793 4.50322 
2.82364 2.56718 3.67288 
2.82364 3.55688 4.39633 
2.82364 4.0867 1.32376 
2.82364 4.73167 3.19208 
2.82364 3.79885 3.21701 
2.82364 3.9259 4.05273 
2.82364 3.68127 2.54387 
1.39698 2.49548 2.96406 
1.39698 3.68545 2.50136 
1.39698 3.92799 2.58846 
1.39698 2.8711 3.65695 
1.39698 2.6758 4.00099 
1.39698 4.08536 3.47465 
1.39698 4.07381 3.73798 
1.39698 3.87793 4.31589 
1.39698 2.56718 1.3954 
1.39698 3.55688 3.35916 
1.39698 4.0867 3.56205 
1.39698 4.73167 4.99091 
1.39698 3.79885 3.80513 
1.39698 3.9259 3.83313 
1.39698 3.68127 4.17663 
4.63306 3.92799 4.41363 
4.63306 2.8711 4.66402 
4.63306 2.6758 4.98151 
4.63306 4.11069 2.55866 
4.63306 4.07381 3.85302 
4.63306 4.48103 1.269 
4.63306 3.88315 3.71266 
4.63306 3.55688 4.59147 
4.63306 4.00251 4.9506 
2.49548 3.68545 3.74499 
2.49548 2.6758 2.8055 
2.49548 4.11069 4.74853 
2.49548 3.87793 4.90962 
2.49548 3.88315 4.08864 
2.49548 2.56718 4.34186 
2.49548 3.55688 4.85072 
2.49548 4.0867 2.65487 
2.49548 4.73167 2.57056 
2.49548 3.79885 3.62752 
2.49548 4.00251 3.623 
2.49548 3.9259 4.5103 
2.49548 3.68127 1.42491 
3.68545 3.92799 2.36404 
3.68545 4.07381 4.59733 
3.68545 2.56718 2.7093 
3.68545 3.55688 4.05386 
3.68545 4.0867 2.2696 
3.68545 3.79885 3.79593 
3.68545 3.9259 4.0731 
3.68545 3.68127 4.76498 
4.18186 2.8711 3.37432 
4.18186 2.6758 2.46681 
4.18186 4.11069 4.35012 
4.18186 4.08536 3.88424 
4.18186 3.87793 4.26177 
4.18186 3.88315 3.60643 
4.18186 3.55688 4.83038 
4.18186 3.79885 4.87532 
4.18186 4.00251 3.24928 
4.18186 3.9259 4.84615 
3.92799 4.08536 3.26396 
3.92799 4.07381 3.73087 
3.92799 4.48103 4.50628 
3.92799 2.56718 1.49927 
3.92799 3.55688 3.91938 
3.92799 4.0867 4.56755 
3.92799 3.79885 4.99173 
3.92799 3.9259 4.63468 
2.8711 2.6758 3.67455 
2.8711 4.11069 4.41783 
2.8711 4.08536 4.3278 
2.8711 4.07381 3.66322 
2.8711 3.87793 1.33751 
2.8711 4.48103 4.58507 
2.8711 3.88315 4.46813 
2.8711 2.56718 3.87603 
2.8711 3.55688 3.7978 
2.8711 4.0867 4.85723 
2.8711 4.73167 4.1544 
2.8711 4.00251 4.89086 
2.8711 3.9259 4.66426 
2.8711 3.68127 4.93962 
2.6758 4.11069 3.05744 
2.6758 3.87793 4.92786 
2.6758 4.48103 4.1518 
2.6758 3.88315 2.11163 
2.6758 3.55688 4.87843 
2.6758 4.73167 4.73587 
2.6758 3.79885 4.31728 
2.6758 4.00251 1.59131 
2.6758 3.9259 4.7697 
2.6758 3.68127 3.45094 
4.11069 4.07381 3.57992 
4.11069 4.48103 1.35454 
4.11069 3.88315 1.23291 
4.11069 3.55688 3.69829 
4.11069 3.79885 4.82217 
4.11069 4.00251 2.53066 
4.11069 3.9259 3.84571 
4.11069 3.68127 4.81486 
4.08536 3.87793 4.37023 
4.08536 2.56718 2.5903 
4.07381 3.87793 3.20762 
4.07381 4.48103 3.21003 
4.07381 3.88315 4.45892 
4.07381 2.56718 3.30318 
4.07381 3.55688 1.31197 
4.07381 3.79885 3.75901 
4.07381 3.9259 2.58687 
3.87793 2.56718 4.12384 
3.87793 3.55688 3.77023 
3.87793 4.0867 3.63796 
3.87793 4.73167 3.84035 
3.87793 3.9259 4.86105 
3.87793 3.68127 4.41758 
4.48103 3.88315 2.57107 
4.48103 3.55688 3.72391 
4.48103 4.00251 3.85486 
4.48103 3.9259 4.26591 
3.88315 3.55688 4.29163 
3.88315 3.79885 4.87538 
3.88315 4.00251 1.3006 
3.88315 3.9259 4.07206 
3.88315 3.68127 4.1489 
2.56718 3.55688 3.39695 
2.56718 4.0867 4.46265 
2.56718 3.79885 4.53058 
2.56718 3.9259 4.20642 
3.55688 4.0867 4.93992 
3.55688 3.79885 2.45665 
3.55688 3.9259 1.31643 
4.0867 4.73167 3.61149 
4.0867 3.79885 3.44643 
4.0867 3.9259 4.39102 
4.0867 3.68127 3.31166 
4.73167 4.00251 4.7538 
4.73167 3.68127 1.32316 
3.79885 3.9259 1.31608 
3.79885 3.68127 4.881 
4.00251 3.9259 4.67961 
4.00251 3.68127 3.6512 
4.05209 2.33895 1.78004 
4.05209 1.64473 3.70247 
4.05209 2.29623 2.28031 
4.05209 2.82144 3.8617 
4.05209 1.64745 3.10636 
4.05209 4.81213 4.40022 
4.05209 2.54419 4.95486 
4.05209 3.77991 1.61954 
4.05209 4.02541 4.69535 
4.05209 4.62411 2.74943 
2.33895 1.4292 3.767 
2.33895 1.64473 2.4633 
2.33895 2.29623 1.39758 
2.33895 2.82144 2.54752 
2.33895 3.59469 4.87031 
2.33895 1.64745 1.44693 
2.33895 4.81213 3.98639 
2.33895 4.74004 4.70119 
2.33895 4.95926 4.64887 
2.33895 2.54419 3.8224 
2.33895 3.77991 2.18502 
2.33895 4.02541 3.67159 
2.33895 4.62411 3.40667 
1.4292 1.64473 2.50291 
1.4292 4.6813 4.05532 
1.4292 2.29623 3.58769 
1.4292 2.82144 3.72768 
1.4292 4.74284 4.22689 
1.4292 3.59469 3.4928 
1.4292 4.85086 4.19718 
1.4292 1.64745 2.8866 
1.4292 4.47937 3.73707 
1.4292 2.54419 2.69225 
1.4292 4.02541 4.76823 
1.4292 4.89095 4.64768 
1.4292 4.98228 4.37399 
1.64473 2.29623 1.45626 
1.64473 2.82144 4.09307 
1.64473 4.74284 4.83194 
1.64473 3.59469 2.45983 
1.64473 1.64745 2.70096 
1.64473 4.86683 4.5724 
1.64473 4.81213 4.669 
1.64473 4.95926 4.63647 
1.64473 2.54419 1.36352 
1.64473 3.77991 2.80061 
1.64473 4.89095 3.77048 
1.64473 4.62411 3.39451 
4.6813 2.82144 4.72506 
4.6813 4.74284 1.44442 
4.6813 3.59469 4.89812 
4.6813 4.85086 2.58598 
4.6813 4.47937 3.53688 
4.6813 3.77991 4.40438 
4.6813 4.89095 4.95873 
4.6813 4.98228 3.69553 
4.6813 4.62411 3.16361 
2.29623 2.82144 3.73262 
2.29623 4.74284 4.66266 
2.29623 3.59469 3.71155 
2.29623 1.64745 2.38518 
2.29623 4.86683 4.66013 
2.29623 4.81213 4.01095 
2.29623 4.95926 4.32845 
2.29623 2.54419 2.71981 
2.29623 3.77991 1.54154 
2.29623 4.02541 4.92587 
2.29623 4.89095 4.93604 
2.29623 4.62411 2.57585 
2.82144 1.64745 1.40939 
2.82144 4.47937 4.41363 
2.82144 4.74004 3.79751 
2.82144 3.77991 4.65879 
2.82144 4.02541 1.269 
4.74284 3.59469 4.55625 
4.74284 4.85086 1.37714 
4.74284 4.47937 4.79245 
4.74284 2.54419 4.77109 
4.74284 3.77991 3.87693 
4.74284 4.89095 4.63741 
4.74284 4.98228 2.48611 
4.74284 4.62411 2.53167 
3.59469 4.85086 4.49304 
3.59469 1.64745 4.96872 
3.59469 4.74004 4.54839 
3.59469 2.54419 1.15467 
3.59469 3.77991 4.56324 
3.59469 4.89095 1.33579 
3.59469 4.62411 4.44938 
4.85086 4.86683 4.7489 
4.85086 2.54419 4.92128 
4.85086 3.77991 4.65776 
4.85086 4.89095 4.29333 
4.85086 4.98228 1.15924 
4.85086 4.62411 3.42155 
1.64745 4.47937 4.76224 
1.64745 4.81213 4.70254 
1.64745 4.74004 4.01075 
1.64745 2.54419 3.91985 
1.64745 3.77991 3.50417 
1.64745 4.02541 2.65381 
1.64745 4.62411 4.55444 
4.86683 4.81213 2.46078 
4.86683 4.95926 1.24723 
4.86683 2.54419 4.93012 
4.86683 4.98228 3.99152 
4.47937 4.81213 4.11928 
4.47937 4.74004 4.90851 
4.47937 4.02541 4.50628 
4.81213 4.95926 1.31785 
4.81213 3.77991 4.53704 
4.74004 4.02541 3.73115 
4.74004 4.89095 3.83013 
4.95926 4.98228 4.92022 
2.54419 3.77991 3.81087 
2.54419 4.89095 2.48894 
2.54419 4.62411 4.02202 
3.77991 4.62411 1.39047 
4.02541 4.98228 4.87997 
4.89095 4.98228 4.73847 
4.98228 4.62411 4.29492 
1.78004 3.70247 2.4633 
1.78004 2.28031 1.39758 
1.78004 3.8617 2.54752 
1.78004 3.10636 1.44693 
1.78004 4.05934 4.65942 
1.78004 4.40022 3.98639 
1.78004 4.95486 3.8224 
1.78004 1.61954 2.18502 
1.78004 3.93039 3.83791 
1.78004 4.69535 3.67159 
1.78004 2.60614 4.10335 
1.78004 4.02201 4.60878 
1.78004 1.37084 2.9311 
1.78004 2.74943 3.40667 
3.70247 2.28031 1.45626 
3.70247 3.8617 4.09307 
3.70247 3.10636 2.70096 
3.70247 4.40022 4.669 
3.70247 4.95486 1.36352 
3.70247 1.61954 2.80061 
3.70247 4.02201 4.0961 
3.70247 1.37084 4.91061 
3.70247 2.74943 3.39451 
2.28031 3.8617 3.73262 
2.28031 3.10636 2.38518 
2.28031 4.40022 4.01095 
2.28031 4.95486 2.71981 
2.28031 1.61954 1.54154 
2.28031 3.93039 4.28136 
2.28031 4.69535 4.92587 
2.28031 2.60614 4.66616 
2.28031 4.02201 3.62128 
2.28031 1.37084 3.55154 
2.28031 2.74943 2.57585 
4.77173 4.80974 1.54183 
4.77173 4.40117 3.45043 
4.77173 4.03741 4.50322 
4.77173 4.99624 2.37602 
4.77173 4.72944 1.32376 
4.77173 2.60614 3.19208 
4.77173 1.37084 3.81372 
4.77173 3.85908 2.54387 
3.8617 3.10636 1.40939 
3.8617 4.05934 4.66402 
3.8617 1.61954 4.65879 
3.8617 4.69535 1.269 
3.8617 1.37084 4.44301 
4.80974 4.40117 4.0144 
4.80974 4.03741 4.90962 
4.80974 4.99624 3.0961 
4.80974 4.72944 2.65487 
4.80974 2.60614 2.57056 
4.80974 1.37084 3.61082 
4.80974 3.85908 1.42491 
3.10636 4.40022 4.70254 
3.10636 4.95486 3.91985 
3.10636 1.61954 3.50417 
3.10636 3.93039 4.60519 
3.10636 4.69535 2.65381 
3.10636 1.37084 4.01284 
3.10636 2.74943 4.55444 
4.40117 4.05934 2.563 
4.40117 4.03741 1.29043 
4.40117 4.99624 1.43131 
4.40117 4.72944 2.50838 
4.40117 2.60614 3.64012 
4.40117 1.37084 3.64303 
4.40117 3.85908 3.86072 
4.05934 3.93039 4.3278 
4.05934 4.03741 1.33751 
4.05934 4.69535 4.58507 
4.05934 4.99624 3.92705 
4.05934 4.72944 4.85723 
4.05934 2.60614 4.1544 
4.05934 1.37084 3.6942 
4.05934 3.85908 4.93962 
4.40022 1.61954 4.53704 
4.40022 3.93039 1.44696 
4.95486 1.61954 3.81087 
4.95486 4.02201 4.34098 
4.95486 2.74943 4.02202 
1.61954 3.93039 4.56489 
1.61954 2.60614 3.62061 
1.61954 4.02201 2.62892 
1.61954 1.37084 2.64709 
1.61954 3.85908 4.69699 
1.61954 2.74943 1.39047 
3.93039 4.03741 4.37023 
3.93039 1.37084 4.84067 
4.03741 4.99624 2.7097 
4.03741 4.72944 3.63796 
4.03741 2.60614 3.84035 
4.03741 1.37084 3.52064 
4.03741 3.85908 4.41758 
4.69535 1.37084 4.97505 
4.99624 4.72944 1.49516 
4.99624 2.60614 3.68466 
4.99624 1.37084 4.05046 
4.99624 3.85908 3.4311 
4.72944 2.60614 3.61149 
4.72944 1.37084 3.92279 
4.72944 3.85908 3.31166 
2.60614 4.02201 4.86154 
2.60614 1.37084 1.26695 
2.60614 3.85908 1.32316 
2.60614 2.74943 3.91492 
4.02201 1.37084 4.47398 
4.02201 2.74943 1.28075 
1.37084 3.85908 2.54806 
1.37084 2.74943 3.32438 
3.85908 2.74943 4.72464 
3.767 2.4633 2.50291 
3.767 1.39758 3.58769 
3.767 2.54752 3.72768 
3.767 4.87031 3.4928 
3.767 1.44693 2.8866 
3.767 3.8224 2.69225 
3.767 3.83791 4.88634 
3.767 3.67159 4.76823 
2.4633 1.39758 1.45626 
2.4633 2.54752 4.09307 
2.4633 4.87031 2.45983 
2.4633 1.44693 2.70096 
2.4633 3.98639 4.669 
2.4633 4.64887 4.63647 
2.4633 3.8224 1.36352 
2.4633 2.18502 2.80061 
2.4633 4.60878 4.0961 
2.4633 2.9311 4.91061 
2.4633 3.40667 3.39451 
1.39758 2.54752 3.73262 
1.39758 4.87031 3.71155 
1.39758 1.44693 2.38518 
1.39758 3.98639 4.01095 
1.39758 4.64887 4.32845 
1.39758 3.8224 2.71981 
1.39758 2.18502 1.54154 
1.39758 3.83791 4.28136 
1.39758 3.67159 4.92587 
1.39758 4.10335 4.66616 
1.39758 4.60878 3.62128 
1.39758 2.9311 3.55154 
1.39758 3.40667 2.57585 
2.54752 1.44693 1.40939 
2.54752 4.65942 4.66402 
2.54752 4.70119 3.79751 
2.54752 4.81201 2.55866 
2.54752 2.18502 4.65879 
2.54752 3.67159 1.269 
2.54752 2.9311 4.44301 
4.87031 1.44693 4.96872 
4.87031 4.70119 4.54839 
4.87031 3.8224 1.15467 
4.87031 2.18502 4.56324 
4.87031 4.60878 4.4422 
4.87031 3.40667 4.44938 
1.44693 3.98639 4.70254 
1.44693 4.70119 4.01075 
1.44693 4.81201 3.94626 
1.44693 3.8224 3.91985 
1.44693 2.18502 3.50417 
1.44693 3.83791 4.60519 
1.44693 3.67159 2.65381 
1.44693 2.9311 4.01284 
1.44693 3.40667 4.55444 
4.65942 4.70119 4.46413 
4.65942 4.64887 4.01961 
4.65942 4.81201 4.41783 
4.65942 3.83791 4.3278 
4.65942 3.67159 4.58507 
4.65942 4.10335 4.1544 
4.65942 2.9311 3.6942 
3.98639 4.64887 1.31785 
3.98639 2.18502 4.53704 
3.98639 3.83791 1.44696 
4.70119 4.81201 4.54235 
4.70119 3.67159 3.73115 
4.64887 3.83791 2.76112 
4.81201 3.67159 1.35454 
3.8224 2.18502 3.81087 
3.8224 4.60878 4.34098 
3.8224 3.40667 4.02202 
2.18502 3.83791 4.56489 
2.18502 4.10335 3.62061 
2.18502 4.60878 2.62892 
2.18502 2.9311 2.64709 
2.18502 3.40667 1.39047 
3.83791 2.9311 4.84067 
3.67159 2.9311 4.97505 
4.10335 4.60878 4.86154 
4.10335 2.9311 1.26695 
4.10335 3.40667 3.91492 
4.60878 2.9311 4.47398 
4.60878 3.40667 1.28075 
2.9311 3.40667 3.32438 
2.8027 4.5619 2.59689 
2.8027 4.2114 1.49349 
2.8027 1.36912 3.70316 
2.8027 2.78447 3.74766 
2.8027 1.55701 1.61556 
2.8027 2.59627 4.68482 
2.8027 3.09775 3.79831 
2.8027 3.97029 4.90139 
2.8027 4.05384 4.56967 
2.8027 2.4598 3.16204 
2.8027 4.85379 4.16708 
2.8027 3.54593 4.12456 
2.8027 4.93882 3.53273 
2.8027 2.42348 2.86576 
2.8027 4.97372 2.59254 
4.5619 4.2114 2.96406 
4.5619 2.78447 3.65695 
4.5619 1.55701 4.00099 
4.5619 3.82895 4.6054 
4.5619 3.97029 4.31589 
4.5619 4.85379 3.35916 
4.5619 4.93882 3.80513 
4.5619 4.97372 4.17663 
4.84903 2.78447 4.66402 
4.84903 1.55701 4.98151 
4.84903 3.09775 2.55866 
4.84903 4.05384 1.269 
4.84903 2.4598 3.71266 
4.84903 4.85379 4.59147 
4.84903 2.42348 4.9506 
4.2114 4.98042 4.0144 
4.2114 1.55701 2.8055 
4.2114 3.09775 4.74853 
4.2114 3.97029 4.90962 
4.2114 2.4598 4.08864 
4.2114 4.85379 4.85072 
4.2114 3.54593 4.61062 
4.2114 4.93882 3.62752 
4.2114 2.42348 3.623 
4.2114 4.97372 1.42491 
4.53776 1.36912 4.7489 
4.53776 1.55701 3.92671 
4.53776 3.09775 4.59022 
4.53776 2.4598 3.52326 
4.53776 3.54593 1.15924 
4.53776 4.93882 4.73751 
4.53776 2.42348 2.59673 
1.36912 2.78447 3.37432 
1.36912 1.55701 2.46681 
1.36912 3.82895 2.46078 
1.36912 2.59627 1.24723 
1.36912 3.09775 4.35012 
1.36912 3.97029 4.26177 
1.36912 2.4598 3.60643 
1.36912 4.85379 4.83038 
1.36912 3.54593 3.99152 
1.36912 4.93882 4.87532 
1.36912 2.42348 3.24928 
4.98042 2.78447 2.563 
4.98042 3.97029 1.29043 
4.98042 4.85379 4.44237 
4.98042 4.93882 4.99913 
4.98042 4.97372 3.86072 
2.78447 1.55701 3.67455 
2.78447 2.59627 4.01961 
2.78447 3.09775 4.41783 
2.78447 3.97029 1.33751 
2.78447 4.05384 4.58507 
2.78447 2.4598 4.46813 
2.78447 4.85379 3.7978 
2.78447 2.42348 4.89086 
2.78447 4.97372 4.93962 
1.55701 3.82895 4.6896 
1.55701 2.59627 3.5923 
1.55701 3.09775 3.05744 
1.55701 3.97029 4.92786 
1.55701 4.05384 4.1518 
1.55701 2.4598 2.11163 
1.55701 4.85379 4.87843 
1.55701 3.54593 2.86533 
1.55701 4.93882 4.31728 
1.55701 2.42348 1.59131 
1.55701 4.97372 3.45094 
3.82895 2.59627 1.31785 
2.59627 3.97029 4.59241 
2.59627 2.4598 4.83165 
2.59627 4.85379 4.90614 
2.59627 3.54593 4.92022 
2.59627 2.42348 4.37853 
3.09775 4.05384 1.35454 
3.09775 2.4598 1.23291 
3.09775 4.85379 3.69829 
3.09775 3.54593 3.54318 
3.09775 4.93882 4.82217 
3.09775 2.42348 2.53066 
3.09775 4.97372 4.81486 
3.97029 4.85379 3.77023 
3.97029 4.97372 4.41758 
4.05384 2.4598 2.57107 
4.05384 4.85379 3.72391 
4.05384 3.54593 4.87997 
4.05384 2.42348 3.85486 
2.4598 4.85379 4.29163 
2.4598 3.54593 2.41138 
2.4598 4.93882 4.87538 
2.4598 2.42348 1.3006 
2.4598 4.97372 4.1489 
4.85379 4.93882 2.45665 
3.54593 4.93882 4.71684 
3.54593 2.42348 1.44341 
3.54593 4.97372 4.34389 
4.93882 4.97372 4.881 
2.42348 4.97372 3.6512 
3.57857 3.79458 2.84573 
3.57857 3.43792 2.38702 
3.57857 2.98714 1.4128 
3.57857 4.38245 1.39557 
3.57857 4.23154 3.69696 
3.57857 3.42419 2.51298 
3.57857 3.94429 1.43521 
3.57857 3.90843 4.66367 
3.57857 4.62696 4.43072 
3.57857 4.96931 4.335 
3.57857 1.41094 3.99154 
3.57857 3.68489 3.669 
3.57857 2.56048 3.54426 
3.57857 2.87899 2.20921 
3.57857 1.25832 3.33912 
3.57857 2.54144 3.72184 
3.57857 4.43322 3.67485 
3.79458 3.43792 4.75136 
3.79458 2.98714 2.54427 
3.79458 4.38245 2.59689 
3.79458 3.42419 1.49349 
3.79458 3.94429 4.2493 
3.79458 4.62696 1.61556 
3.79458 1.41094 4.51683 
3.79458 3.68489 4.16708 
3.79458 2.56048 4.32537 
3.79458 4.99623 4.12456 
3.79458 2.87899 3.79312 
3.79458 1.25832 3.53273 
3.79458 2.54144 4.07993 
3.79458 4.43322 2.59254 
3.43792 2.98714 2.34045 
3.43792 4.38245 3.73235 
3.43792 4.23154 1.32754 
3.43792 3.42419 3.8618 
3.43792 3.94429 1.53544 
3.43792 3.90843 3.42028 
3.43792 1.41094 3.1237 
3.43792 3.68489 4.80894 
3.43792 3.44469 4.87189 
3.43792 2.56048 2.56056 
3.43792 2.87899 1.43009 
3.43792 2.3956 3.9763 
3.43792 1.25832 3.76333 
3.43792 2.54144 4.40219 
3.43792 4.43322 4.65561 
2.98714 4.38245 2.51964 
2.98714 4.23154 3.55888 
2.98714 3.42419 1.54183 
2.98714 3.94429 2.30786 
2.98714 3.90843 3.45043 
2.98714 4.62696 4.07651 
2.98714 1.41094 3.08258 
2.98714 3.68489 4.39633 
2.98714 2.56048 2.37602 
2.98714 2.87899 1.32376 
2.98714 2.3956 4.46655 
2.98714 1.25832 3.21701 
2.98714 2.54144 4.05273 
2.98714 4.43322 2.54387 
4.38245 3.42419 2.96406 
4.38245 3.94429 2.50136 
4.38245 4.62696 4.00099 
4.38245 4.96931 3.73798 
4.38245 3.68489 3.35916 
4.38245 2.56048 4.79633 
4.38245 2.87899 3.56205 
4.38245 1.25832 3.80513 
4.38245 2.54144 3.83313 
4.38245 4.43322 4.17663 
4.23154 3.94429 2.65357 
4.23154 3.90843 3.47023 
4.23154 4.96931 4.83329 
4.23154 1.41094 3.59224 
4.23154 3.44469 4.66893 
4.23154 2.56048 3.03411 
4.23154 2.87899 2.40329 
4.23154 2.3956 4.02182 
4.23154 1.25832 4.72348 
3.42419 3.94429 3.74499 
3.42419 3.90843 4.0144 
3.42419 4.62696 2.8055 
3.42419 1.41094 3.68072 
3.42419 3.68489 4.85072 
3.42419 2.56048 3.0961 
3.42419 4.99623 4.61062 
3.42419 2.87899 2.65487 
3.42419 1.25832 3.62752 
3.42419 2.54144 4.5103 
3.42419 4.43322 1.42491 
4.7022 4.84169 4.49304 
4.7022 4.96931 4.93085 
4.7022 1.41094 3.93111 
4.7022 3.44469 1.33579 
4.7022 2.56048 4.935 
4.7022 2.3956 2.49687 
3.94429 3.90843 4.69014 
3.94429 4.96931 4.59733 
3.94429 1.41094 4.12459 
3.94429 3.68489 4.05386 
3.94429 2.56048 3.68638 
3.94429 2.87899 2.2696 
3.94429 1.25832 3.79593 
3.94429 2.54144 4.0731 
3.94429 4.43322 4.76498 
4.84169 4.62696 3.92671 
4.84169 3.44469 4.29333 
4.84169 4.99623 1.15924 
4.84169 2.3956 4.65724 
4.84169 1.25832 4.73751 
4.84169 2.54144 4.62891 
3.90843 4.96931 3.64147 
3.90843 1.41094 2.67111 
3.90843 3.68489 4.44237 
3.90843 3.44469 4.13124 
3.90843 2.56048 1.43131 
3.90843 2.87899 2.50838 
3.90843 2.3956 3.26814 
3.90843 1.25832 4.99913 
3.90843 4.43322 3.86072 
4.62696 3.68489 4.87843 
4.62696 4.99623 2.86533 
4.62696 1.25832 4.31728 
4.62696 2.54144 4.7697 
4.62696 4.43322 3.45094 
4.96931 3.68489 1.31197 
4.96931 3.44469 4.71346 
4.96931 2.56048 4.69678 
4.96931 2.3956 4.76935 
4.96931 1.25832 3.75901 
4.96931 2.54144 2.58687 
1.41094 3.68489 4.95183 
1.41094 3.44469 2.63799 
1.41094 2.56048 1.52555 
1.41094 2.87899 2.45318 
1.41094 2.3956 1.44089 
1.41094 1.25832 2.62669 
1.41094 2.54144 3.86077 
1.41094 4.43322 4.33409 
3.68489 2.87899 4.93992 
3.68489 1.25832 2.45665 
3.68489 2.54144 1.31643 
3.44469 2.56048 3.71068 
3.44469 4.99623 4.73847 
3.44469 2.87899 4.7342 
3.44469 2.3956 1.19865 
3.44469 1.25832 4.42519 
2.56048 2.87899 1.49516 
2.56048 2.3956 2.60712 
2.56048 1.25832 3.58543 
2.56048 2.54144 4.78168 
2.56048 4.43322 3.4311 
4.99623 1.25832 4.71684 
4.99623 2.54144 4.38318 
4.99623 4.43322 4.34389 
2.87899 2.3956 3.64508 
2.87899 1.25832 3.44643 
2.87899 2.54144 4.39102 
2.87899 4.43322 3.31166 
2.3956 1.25832 3.50342 
2.3956 2.54144 4.5756 
1.25832 2.54144 1.31608 
1.25832 4.43322 4.881 
2.50291 3.58769 1.45626 
2.50291 3.72768 4.09307 
2.50291 4.22689 4.83194 
2.50291 3.4928 2.45983 
2.50291 2.8866 2.70096 
2.50291 2.69225 1.36352 
2.50291 4.64768 3.77048 
4.05532 4.39642 2.60668 
4.05532 3.72768 4.72506 
4.05532 4.36804 1.19022 
4.05532 4.22689 1.44442 
4.05532 3.4928 4.89812 
4.05532 4.19718 2.58598 
4.05532 3.73707 3.53688 
4.05532 4.85123 4.98125 
4.05532 4.64768 4.95873 
4.05532 4.37399 3.69553 
4.39642 3.72768 4.61356 
4.39642 4.36804 1.54793 
4.39642 4.22689 4.02367 
4.39642 4.19718 4.98844 
4.39642 3.73707 1.45702 
4.39642 4.88634 4.62262 
4.39642 4.76823 4.55137 
4.39642 4.85123 2.57513 
4.39642 4.90641 4.53221 
3.58769 3.72768 3.73262 
3.58769 4.22689 4.66266 
3.58769 3.4928 3.71155 
3.58769 2.8866 2.38518 
3.58769 2.69225 2.71981 
3.58769 4.88634 4.28136 
3.58769 4.76823 4.92587 
3.58769 4.64768 4.93604 
3.72768 4.36804 4.88347 
3.72768 2.8866 1.40939 
3.72768 3.73707 4.41363 
3.72768 4.76823 1.269 
4.36804 4.22689 2.62453 
4.36804 4.19718 3.66743 
4.36804 3.73707 2.71823 
4.36804 4.85123 4.04525 
4.36804 4.37399 4.75237 
4.22689 3.4928 4.55625 
4.22689 4.19718 1.37714 
4.22689 3.73707 4.79245 
4.22689 2.69225 4.77109 
4.22689 4.64768 4.63741 
4.22689 4.37399 2.48611 
3.4928 4.19718 4.49304 
3.4928 2.8866 4.96872 
3.4928 2.69225 1.15467 
3.4928 4.64768 1.33579 
4.19718 2.69225 4.92128 
4.19718 4.64768 4.29333 
4.19718 4.37399 1.15924 
4.19718 4.90641 4.62891 
2.8866 3.73707 4.76224 
2.8866 2.69225 3.91985 
2.8866 4.88634 4.60519 
2.8866 4.76823 2.65381 
3.73707 4.88634 3.26396 
3.73707 4.76823 4.50628 
3.73707 4.85123 1.49927 
3.73707 4.90641 4.63468 
2.69225 4.64768 2.48894 
4.88634 4.85123 2.5903 
4.76823 4.37399 4.87997 
4.76823 4.90641 4.26591 
4.85123 4.90641 4.20642 
4.64768 4.37399 4.73847 
4.37399 4.90641 4.38318 
1.45626 4.09307 3.73262 
1.45626 4.83194 4.66266 
1.45626 2.45983 3.71155 
1.45626 2.70096 2.38518 
1.45626 4.5724 4.66013 
1.45626 4.669 4.01095 
1.45626 4.63647 4.32845 
1.45626 1.36352 2.71981 
1.45626 2.80061 1.54154 
1.45626 3.77048 4.93604 
1.45626 4.0961 3.62128 
1.45626 4.91061 3.55154 
1.45626 3.39451 2.57585 
4.09307 2.70096 1.40939 
4.09307 2.80061 4.65879 
4.09307 4.91061 4.44301 
4.83194 2.45983 4.55625 
4.83194 1.36352 4.77109 
4.83194 2.80061 3.87693 
4.83194 3.77048 4.63741 
4.83194 4.0961 1.36203 
4.83194 3.39451 2.53167 
2.45983 2.70096 4.96872 
2.45983 1.36352 1.15467 
2.45983 2.80061 4.56324 
2.45983 3.77048 1.33579 
2.45983 4.91634 2.49687 
2.45983 4.0961 4.4422 
2.45983 3.39451 4.44938 
2.70096 4.669 4.70254 
2.70096 1.36352 3.91985 
2.70096 2.80061 3.50417 
2.70096 4.91061 4.01284 
2.70096 3.39451 4.55444 
4.5724 4.669 2.46078 
4.5724 4.63647 1.24723 
4.5724 1.36352 4.93012 
4.669 4.63647 1.31785 
4.669 2.80061 4.53704 
1.36352 2.80061 3.81087 
1.36352 3.77048 2.48894 
1.36352 4.91634 3.64814 
1.36352 4.0961 4.34098 
1.36352 3.39451 4.02202 
2.80061 4.0961 2.62892 
2.80061 4.91061 2.64709 
2.80061 3.39451 1.39047 
3.77048 4.91634 1.19865 
3.77048 4.0961 4.87299 
4.0961 4.91061 4.47398 
4.0961 3.39451 1.28075 
4.91061 3.39451 3.32438 
2.60668 4.15482 2.64602 
2.60668 3.97824 3.35084 
2.60668 4.72506 4.61356 
2.60668 1.19022 1.54793 
2.60668 1.44442 4.02367 
2.60668 3.72924 1.45336 
2.60668 2.58598 4.98844 
2.60668 3.53688 1.45702 
2.60668 4.98125 2.57513 
2.60668 2.39646 4.92238 
4.15482 3.97824 1.32754 
4.15482 1.19022 3.10196 
4.15482 3.72924 1.53544 
4.15482 3.53688 3.84049 
4.15482 4.98125 4.19829 
4.15482 4.95873 4.87189 
3.97824 1.19022 3.17687 
3.97824 3.72924 2.65357 
3.97824 3.53688 4.73557 
3.97824 4.95873 4.66893 
3.97824 3.16361 4.98014 
4.72506 1.19022 4.88347 
4.72506 3.53688 4.41363 
4.72506 4.40438 4.65879 
1.19022 1.44442 2.62453 
1.19022 3.72924 2.55587 
1.19022 2.58598 3.66743 
1.19022 3.53688 2.71823 
1.19022 4.98125 4.04525 
1.19022 3.69553 4.75237 
1.19022 2.39646 3.47794 
1.19022 3.16361 4.01533 
1.44442 4.89812 4.55625 
1.44442 2.58598 1.37714 
1.44442 3.53688 4.79245 
1.44442 4.40438 3.87693 
1.44442 4.95873 4.63741 
1.44442 3.69553 2.48611 
1.44442 2.39646 1.36203 
1.44442 3.16361 2.53167 
4.89812 2.58598 4.49304 
4.89812 4.40438 4.56324 
4.89812 4.95873 1.33579 
4.89812 2.39646 4.4422 
4.89812 3.16361 4.44938 
3.72924 3.53688 2.36404 
3.72924 4.98125 2.7093 
2.58598 4.40438 4.65776 
2.58598 4.95873 4.29333 
2.58598 3.69553 1.15924 
2.58598 2.39646 2.1975 
2.58598 3.16361 3.42155 
3.53688 4.98125 1.49927 
4.40438 2.39646 2.62892 
4.40438 3.16361 1.39047 
4.95873 3.69553 4.73847 
4.95873 2.39646 4.87299 
3.69553 2.39646 3.10104 
3.69553 3.16361 4.29492 
2.39646 3.16361 1.28075 
2.84573 2.38702 4.75136 
2.84573 1.4128 2.54427 
2.84573 1.39557 2.59689 
2.84573 2.51298 1.49349 
2.84573 1.43521 4.2493 
2.84573 4.88674 3.74766 
2.84573 4.43072 1.61556 
2.84573 3.99154 4.51683 
2.84573 2.30339 3.93296 
2.84573 3.669 4.16708 
2.84573 3.54426 4.32537 
2.84573 2.20921 3.79312 
2.84573 4.32749 3.83983 
2.84573 3.33912 3.53273 
2.84573 4.85093 4.94045 
2.84573 3.72184 4.07993 
2.84573 3.67485 2.59254 
2.58735 2.38702 2.64602 
2.58735 1.4128 3.72037 
2.58735 1.39557 3.09796 
2.58735 3.69696 3.35084 
2.58735 3.92041 1.54793 
2.58735 1.43521 1.45336 
2.58735 2.80152 1.45702 
2.58735 4.59864 4.62262 
2.58735 4.335 4.35924 
2.58735 2.30339 2.57513 
2.58735 3.669 4.20381 
2.58735 2.20921 3.68326 
2.58735 3.33912 4.63748 
2.58735 3.72184 4.53221 
2.38702 1.4128 2.34045 
2.38702 1.39557 3.73235 
2.38702 3.69696 1.32754 
2.38702 3.92041 3.10196 
2.38702 2.51298 3.8618 
2.38702 1.43521 1.53544 
2.38702 2.80152 3.84049 
2.38702 4.66367 3.42028 
2.38702 3.99154 3.1237 
2.38702 2.30339 4.19829 
2.38702 3.669 4.80894 
2.38702 3.54426 2.56056 
2.38702 2.20921 1.43009 
2.38702 4.32749 4.89227 
2.38702 3.33912 3.76333 
2.38702 3.72184 4.40219 
2.38702 3.67485 4.65561 
1.4128 1.39557 2.51964 
1.4128 3.69696 3.55888 
1.4128 3.92041 4.81711 
1.4128 2.51298 1.54183 
1.4128 1.43521 2.30786 
1.4128 2.80152 4.18513 
1.4128 4.66367 3.45043 
1.4128 4.43072 4.07651 
1.4128 3.99154 3.08258 
1.4128 2.30339 3.67288 
1.4128 3.669 4.39633 
1.4128 3.54426 2.37602 
1.4128 2.20921 1.32376 
1.4128 4.32749 3.19208 
1.4128 3.33912 3.21701 
1.4128 4.85093 3.81372 
1.4128 3.72184 4.05273 
1.4128 3.67485 2.54387 
1.39557 3.92041 4.59773 
1.39557 2.51298 2.96406 
1.39557 1.43521 2.50136 
1.39557 2.80152 2.58846 
1.39557 4.88674 3.65695 
1.39557 4.43072 4.00099 
1.39557 4.59864 3.47465 
1.39557 4.335 3.73798 
1.39557 2.30339 1.3954 
1.39557 3.669 3.35916 
1.39557 3.54426 4.79633 
1.39557 2.20921 3.56205 
1.39557 4.32749 4.99091 
1.39557 3.33912 3.80513 
1.39557 3.72184 3.83313 
1.39557 3.67485 4.17663 
3.69696 3.92041 3.17687 
3.69696 1.43521 2.65357 
3.69696 2.80152 4.73557 
3.69696 4.66367 3.47023 
3.69696 4.335 4.83329 
3.69696 3.99154 3.59224 
3.69696 3.54426 3.03411 
3.69696 2.20921 2.40329 
3.69696 3.33912 4.72348 
3.92041 1.43521 2.55587 
3.92041 2.80152 2.71823 
3.92041 2.30339 4.04525 
3.92041 2.20921 4.41711 
2.51298 1.43521 3.74499 
2.51298 4.66367 4.0144 
2.51298 4.43072 2.8055 
2.51298 3.99154 3.68072 
2.51298 2.30339 4.34186 
2.51298 3.669 4.85072 
2.51298 3.54426 3.0961 
2.51298 2.20921 2.65487 
2.51298 4.32749 2.57056 
2.51298 3.33912 3.62752 
2.51298 4.85093 3.61082 
2.51298 3.72184 4.5103 
2.51298 3.67485 1.42491 
1.43521 2.80152 2.36404 
1.43521 4.66367 4.69014 
1.43521 4.335 4.59733 
1.43521 3.99154 4.12459 
1.43521 2.30339 2.7093 
1.43521 3.669 4.05386 
1.43521 3.54426 3.68638 
1.43521 2.20921 2.2696 
1.43521 3.33912 3.79593 
1.43521 3.72184 4.0731 
1.43521 3.67485 4.76498 
2.80152 4.59864 3.26396 
2.80152 4.335 3.73087 
2.80152 2.30339 1.49927 
2.80152 3.669 3.91938 
2.80152 2.20921 4.56755 
2.80152 3.33912 4.99173 
2.80152 3.72184 4.63468 
4.66367 4.88674 2.563 
4.66367 4.335 3.64147 
4.66367 3.99154 2.67111 
4.66367 3.669 4.44237 
4.66367 3.54426 1.43131 
4.66367 2.20921 2.50838 
4.66367 4.32749 3.64012 
4.66367 3.33912 4.99913 
4.66367 4.85093 3.64303 
4.66367 3.67485 3.86072 
4.88674 4.43072 3.67455 
4.88674 4.59864 4.3278 
4.88674 4.335 3.66322 
4.88674 2.30339 3.87603 
4.88674 3.669 3.7978 
4.88674 3.54426 3.92705 
4.88674 2.20921 4.85723 
4.88674 4.32749 4.1544 
4.88674 4.85093 3.6942 
4.88674 3.72184 4.66426 
4.88674 3.67485 4.93962 
4.43072 3.669 4.87843 
4.43072 4.32749 4.73587 
4.43072 3.33912 4.31728 
4.43072 3.72184 4.7697 
4.43072 3.67485 3.45094 
4.59864 2.30339 2.5903 
4.59864 4.85093 4.84067 
4.335 2.30339 3.30318 
4.335 3.669 1.31197 
4.335 3.54426 4.69678 
4.335 3.33912 3.75901 
4.335 3.72184 2.58687 
3.99154 3.669 4.95183 
3.99154 3.54426 1.52555 
3.99154 2.20921 2.45318 
3.99154 4.32749 4.90458 
3.99154 3.33912 2.62669 
3.99154 3.72184 3.86077 
3.99154 3.67485 4.33409 
2.30339 3.669 3.39695 
2.30339 2.20921 4.46265 
2.30339 3.33912 4.53058 
2.30339 3.72184 4.20642 
3.669 2.20921 4.93992 
3.669 3.33912 2.45665 
3.669 3.72184 1.31643 
3.54426 2.20921 1.49516 
3.54426 4.32749 3.68466 
3.54426 3.33912 3.58543 
3.54426 4.85093 4.05046 
3.54426 3.72184 4.78168 
3.54426 3.67485 3.4311 
2.20921 4.32749 3.61149 
2.20921 3.33912 3.44643 
2.20921 4.85093 3.92279 
2.20921 3.72184 4.39102 
2.20921 3.67485 3.31166 
4.32749 4.85093 1.26695 
4.32749 3.67485 1.32316 
3.33912 3.72184 1.31608 
3.33912 3.67485 4.881 
4.85093 3.67485 2.54806 
4.75136 2.54427 2.34045 
4.75136 2.59689 3.73235 
4.75136 1.49349 3.8618 
4.75136 4.2493 1.53544 
4.75136 4.90139 4.48454 
4.75136 4.51683 3.1237 
4.75136 3.93296 4.19829 
4.75136 4.16708 4.80894 
4.75136 4.32537 2.56056 
4.75136 3.79312 1.43009 
4.75136 3.83983 4.89227 
4.75136 3.53273 3.76333 
4.75136 4.07993 4.40219 
4.75136 2.59254 4.65561 
2.54427 2.59689 2.51964 
2.54427 1.49349 1.54183 
2.54427 4.2493 2.30786 
2.54427 1.61556 4.07651 
2.54427 4.90139 4.50322 
2.54427 4.51683 3.08258 
2.54427 3.93296 3.67288 
2.54427 4.16708 4.39633 
2.54427 4.32537 2.37602 
2.54427 3.79312 1.32376 
2.54427 3.83983 3.19208 
2.54427 3.53273 3.21701 
2.54427 4.94045 3.81372 
2.54427 4.07993 4.05273 
2.54427 2.59254 2.54387 
2.59689 1.49349 2.96406 
2.59689 4.2493 2.50136 
2.59689 3.74766 3.65695 
2.59689 1.61556 4.00099 
2.59689 4.90139 4.31589 
2.59689 3.93296 1.3954 
2.59689 4.16708 3.35916 
2.59689 4.32537 4.79633 
2.59689 3.79312 3.56205 
2.59689 3.83983 4.99091 
2.59689 3.53273 3.80513 
2.59689 4.07993 3.83313 
2.59689 2.59254 4.17663 
1.49349 4.2493 3.74499 
1.49349 1.61556 2.8055 
1.49349 3.79831 4.74853 
1.49349 4.90139 4.90962 
1.49349 3.16204 4.08864 
1.49349 4.51683 3.68072 
1.49349 3.93296 4.34186 
1.49349 4.16708 4.85072 
1.49349 4.32537 3.0961 
1.49349 4.12456 4.61062 
1.49349 3.79312 2.65487 
1.49349 3.83983 2.57056 
1.49349 3.53273 3.62752 
1.49349 2.86576 3.623 
1.49349 4.94045 3.61082 
1.49349 4.07993 4.5103 
1.49349 2.59254 1.42491 
4.2493 4.51683 4.12459 
4.2493 3.93296 2.7093 
4.2493 4.16708 4.05386 
4.2493 4.32537 3.68638 
4.2493 3.79312 2.2696 
4.2493 3.53273 3.79593 
4.2493 4.07993 4.0731 
4.2493 2.59254 4.76498 
3.70316 3.74766 3.37432 
3.70316 1.61556 2.46681 
3.70316 4.68482 1.24723 
3.70316 3.79831 4.35012 
3.70316 4.90139 4.26177 
3.70316 3.16204 3.60643 
3.70316 4.16708 4.83038 
3.70316 4.12456 3.99152 
3.70316 3.53273 4.87532 
3.70316 2.86576 3.24928 
3.70316 4.07993 4.84615 
3.74766 1.61556 3.67455 
3.74766 4.68482 4.01961 
3.74766 3.79831 4.41783 
3.74766 4.90139 1.33751 
3.74766 4.56967 4.58507 
3.74766 3.16204 4.46813 
3.74766 3.93296 3.87603 
3.74766 4.16708 3.7978 
3.74766 4.32537 3.92705 
3.74766 3.79312 4.85723 
3.74766 3.83983 4.1544 
3.74766 2.86576 4.89086 
3.74766 4.94045 3.6942 
3.74766 4.07993 4.66426 
3.74766 2.59254 4.93962 
1.61556 4.68482 3.5923 
1.61556 3.79831 3.05744 
1.61556 4.90139 4.92786 
1.61556 4.56967 4.1518 
1.61556 3.16204 2.11163 
1.61556 4.16708 4.87843 
1.61556 4.12456 2.86533 
1.61556 3.83983 4.73587 
1.61556 3.53273 4.31728 
1.61556 2.86576 1.59131 
1.61556 4.07993 4.7697 
1.61556 2.59254 3.45094 
4.68482 4.90139 4.59241 
4.68482 3.16204 4.83165 
4.68482 3.93296 4.93771 
4.68482 4.16708 4.90614 
4.68482 4.12456 4.92022 
4.68482 2.86576 4.37853 
4.68482 4.07993 4.84876 
3.79831 4.56967 1.35454 
3.79831 3.16204 1.23291 
3.79831 4.16708 3.69829 
3.79831 4.12456 3.54318 
3.79831 3.53273 4.82217 
3.79831 2.86576 2.53066 
3.79831 4.07993 3.84571 
3.79831 2.59254 4.81486 
4.90139 4.51683 3.90145 
4.90139 3.93296 4.12384 
4.90139 4.16708 3.77023 
4.90139 4.32537 2.7097 
4.90139 3.79312 3.63796 
4.90139 3.83983 3.84035 
4.90139 4.94045 3.52064 
4.90139 4.07993 4.86105 
4.90139 2.59254 4.41758 
4.56967 3.16204 2.57107 
4.56967 4.16708 3.72391 
4.56967 4.12456 4.87997 
4.56967 2.86576 3.85486 
4.56967 4.94045 4.97505 
4.56967 4.07993 4.26591 
3.16204 4.16708 4.29163 
3.16204 4.12456 2.41138 
3.16204 3.53273 4.87538 
3.16204 2.86576 1.3006 
3.16204 4.07993 4.07206 
3.16204 2.59254 4.1489 
4.51683 4.16708 4.95183 
4.51683 4.32537 1.52555 
4.51683 3.79312 2.45318 
4.51683 3.83983 4.90458 
4.51683 3.53273 2.62669 
4.51683 4.07993 3.86077 
4.51683 2.59254 4.33409 
3.93296 4.16708 3.39695 
3.93296 3.79312 4.46265 
3.93296 3.53273 4.53058 
3.93296 4.07993 4.20642 
4.16708 3.79312 4.93992 
4.16708 3.53273 2.45665 
4.16708 4.07993 1.31643 
4.32537 3.79312 1.49516 
4.32537 3.83983 3.68466 
4.32537 3.53273 3.58543 
4.32537 4.94045 4.05046 
4.32537 4.07993 4.78168 
4.32537 2.59254 3.4311 
4.12456 3.53273 4.71684 
4.12456 2.86576 1.44341 
4.12456 4.07993 4.38318 
4.12456 2.59254 4.34389 
3.79312 3.83983 3.61149 
3.79312 3.53273 3.44643 
3.79312 4.94045 3.92279 
3.79312 4.07993 4.39102 
3.79312 2.59254 3.31166 
3.83983 2.86576 4.7538 
3.83983 4.94045 1.26695 
3.83983 2.59254 1.32316 
3.53273 4.07993 1.31608 
3.53273 2.59254 4.881 
2.86576 4.07993 4.67961 
2.86576 2.59254 3.6512 
4.94045 2.59254 2.54806 
2.64602 3.72037 2.34045 
2.64602 3.09796 3.73235 
2.64602 3.35084 1.32754 
2.64602 1.54793 3.10196 
2.64602 1.45336 1.53544 
2.64602 1.45702 3.84049 
2.64602 2.57513 4.19829 
2.64602 4.20381 4.80894 
2.64602 3.68326 1.43009 
2.64602 4.63748 3.76333 
2.64602 4.53221 4.40219 
3.72037 3.09796 2.51964 
3.72037 3.35084 3.55888 
3.72037 1.54793 4.81711 
3.72037 1.45336 2.30786 
3.72037 1.45702 4.18513 
3.72037 2.57513 3.67288 
3.72037 4.20381 4.39633 
3.72037 3.68326 1.32376 
3.72037 4.63748 3.21701 
3.72037 4.53221 4.05273 
3.09796 1.54793 4.59773 
3.09796 1.45336 2.50136 
3.09796 1.45702 2.58846 
3.09796 4.62262 3.47465 
3.09796 4.35924 3.73798 
3.09796 2.57513 1.3954 
3.09796 4.20381 3.35916 
3.09796 3.68326 3.56205 
3.09796 4.63748 3.80513 
3.09796 4.53221 3.83313 
3.35084 1.54793 3.17687 
3.35084 1.45336 2.65357 
3.35084 1.45702 4.73557 
3.35084 4.35924 4.83329 
3.35084 3.68326 2.40329 
3.35084 4.63748 4.72348 
4.61356 1.54793 4.88347 
4.61356 1.45702 4.41363 
4.61356 4.35924 3.85302 
4.61356 4.55137 1.269 
4.61356 4.20381 4.59147 
1.54793 4.02367 2.62453 
1.54793 1.45336 2.55587 
1.54793 4.98844 3.66743 
1.54793 1.45702 2.71823 
1.54793 2.57513 4.04525 
1.54793 3.68326 4.41711 
1.54793 4.92238 3.47794 
4.02367 4.98844 1.37714 
4.02367 1.45702 4.79245 
4.02367 4.92238 1.36203 
1.45336 1.45702 2.36404 
1.45336 4.35924 4.59733 
1.45336 2.57513 2.7093 
1.45336 4.20381 4.05386 
1.45336 3.68326 2.2696 
1.45336 4.63748 3.79593 
1.45336 4.53221 4.0731 
4.98844 4.63748 4.73751 
4.98844 4.92238 2.1975 
4.98844 4.53221 4.62891 
1.45702 4.62262 3.26396 
1.45702 4.35924 3.73087 
1.45702 4.55137 4.50628 
1.45702 2.57513 1.49927 
1.45702 4.20381 3.91938 
1.45702 3.68326 4.56755 
1.45702 4.63748 4.99173 
1.45702 4.53221 4.63468 
4.62262 2.57513 2.5903 
4.35924 4.55137 3.21003 
4.35924 2.57513 3.30318 
4.35924 4.20381 1.31197 
4.35924 4.63748 3.75901 
4.35924 4.53221 2.58687 
4.55137 4.20381 3.72391 
4.55137 4.53221 4.26591 
2.57513 4.20381 3.39695 
2.57513 3.68326 4.46265 
2.57513 4.63748 4.53058 
2.57513 4.53221 4.20642 
4.20381 3.68326 4.93992 
4.20381 4.63748 2.45665 
4.20381 4.53221 1.31643 
3.68326 4.63748 3.44643 
3.68326 4.53221 4.39102 
4.63748 4.53221 1.31608 
2.34045 3.73235 2.51964 
2.34045 1.32754 3.55888 
2.34045 3.10196 4.81711 
2.34045 3.8618 1.54183 
2.34045 1.53544 2.30786 
2.34045 3.84049 4.18513 
2.34045 3.42028 3.45043 
2.34045 4.48454 4.50322 
2.34045 3.1237 3.08258 
2.34045 4.19829 3.67288 
2.34045 4.80894 4.39633 
2.34045 2.56056 2.37602 
2.34045 1.43009 1.32376 
2.34045 3.9763 4.46655 
2.34045 4.89227 3.19208 
2.34045 3.76333 3.21701 
2.34045 4.40219 4.05273 
2.34045 4.65561 2.54387 
3.73235 3.10196 4.59773 
3.73235 3.8618 2.96406 
3.73235 1.53544 2.50136 
3.73235 3.84049 2.58846 
3.73235 4.48454 4.31589 
3.73235 4.19829 1.3954 
3.73235 4.80894 3.35916 
3.73235 2.56056 4.79633 
3.73235 1.43009 3.56205 
3.73235 4.89227 4.99091 
3.73235 3.76333 3.80513 
3.73235 4.40219 3.83313 
3.73235 4.65561 4.17663 
1.32754 3.10196 3.17687 
1.32754 1.53544 2.65357 
1.32754 3.84049 4.73557 
1.32754 3.42028 3.47023 
1.32754 3.51636 2.49538 
1.32754 4.48454 4.34877 
1.32754 3.1237 3.59224 
1.32754 4.87189 4.66893 
1.32754 2.56056 3.03411 
1.32754 1.43009 2.40329 
1.32754 3.9763 4.02182 
1.32754 3.76333 4.72348 
3.10196 1.53544 2.55587 
3.10196 3.84049 2.71823 
3.10196 4.19829 4.04525 
3.10196 1.43009 4.41711 
3.8618 1.53544 3.74499 
3.8618 3.42028 4.0144 
3.8618 4.48454 4.90962 
3.8618 3.1237 3.68072 
3.8618 4.19829 4.34186 
3.8618 4.80894 4.85072 
3.8618 2.56056 3.0961 
3.8618 1.43009 2.65487 
3.8618 4.89227 2.57056 
3.8618 3.76333 3.62752 
3.8618 4.40219 4.5103 
3.8618 4.65561 1.42491 
1.53544 3.84049 2.36404 
1.53544 3.42028 4.69014 
1.53544 3.1237 4.12459 
1.53544 4.19829 2.7093 
1.53544 4.80894 4.05386 
1.53544 2.56056 3.68638 
1.53544 1.43009 2.2696 
1.53544 3.76333 3.79593 
1.53544 4.40219 4.0731 
1.53544 4.65561 4.76498 
3.84049 3.51636 4.90851 
3.84049 4.19829 1.49927 
3.84049 4.80894 3.91938 
3.84049 1.43009 4.56755 
3.84049 3.76333 4.99173 
3.84049 4.40219 4.63468 
3.42028 3.51636 2.95547 
3.42028 4.48454 1.29043 
3.42028 3.1237 2.67111 
3.42028 4.80894 4.44237 
3.42028 4.87189 4.13124 
3.42028 2.56056 1.43131 
3.42028 1.43009 2.50838 
3.42028 3.9763 3.26814 
3.42028 4.89227 3.64012 
3.42028 3.76333 4.99913 
3.42028 4.65561 3.86072 
3.51636 4.48454 3.34306 
3.51636 3.1237 3.87774 
3.51636 4.19829 4.64902 
3.51636 4.80894 3.71557 
3.51636 4.87189 3.83013 
3.51636 2.56056 3.37607 
3.51636 1.43009 3.81082 
3.51636 3.9763 3.61874 
3.51636 4.40219 4.94933 
4.48454 3.1237 3.90145 
4.48454 4.19829 4.12384 
4.48454 4.80894 3.77023 
4.48454 4.87189 4.99359 
4.48454 2.56056 2.7097 
4.48454 1.43009 3.63796 
4.48454 3.9763 4.30708 
4.48454 4.89227 3.84035 
4.48454 4.40219 4.86105 
4.48454 4.65561 4.41758 
3.1237 4.80894 4.95183 
3.1237 4.87189 2.63799 
3.1237 2.56056 1.52555 
3.1237 1.43009 2.45318 
3.1237 3.9763 1.44089 
3.1237 4.89227 4.90458 
3.1237 3.76333 2.62669 
3.1237 4.40219 3.86077 
3.1237 4.65561 4.33409 
4.19829 4.80894 3.39695 
4.19829 1.43009 4.46265 
4.19829 3.76333 4.53058 
4.19829 4.40219 4.20642 
4.80894 1.43009 4.93992 
4.80894 3.76333 2.45665 
4.80894 4.40219 1.31643 
4.87189 2.56056 3.71068 
4.87189 1.43009 4.7342 
4.87189 3.9763 1.19865 
4.87189 3.76333 4.42519 
2.56056 1.43009 1.49516 
2.56056 3.9763 2.60712 
2.56056 4.89227 3.68466 
2.56056 3.76333 3.58543 
2.56056 4.40219 4.78168 
2.56056 4.65561 3.4311 
1.43009 3.9763 3.64508 
1.43009 4.89227 3.61149 
1.43009 3.76333 3.44643 
1.43009 4.40219 4.39102 
1.43009 4.65561 3.31166 
3.9763 3.76333 3.50342 
3.9763 4.40219 4.5756 
4.89227 4.65561 1.32316 
3.76333 4.40219 1.31608 
3.76333 4.65561 4.881 
3.73262 2.38518 1.40939 
3.73262 1.54154 4.65879 
3.73262 4.92587 1.269 
3.73262 3.55154 4.44301 
4.66266 3.71155 4.55625 
4.66266 2.71981 4.77109 
4.66266 1.54154 3.87693 
4.66266 4.93604 4.63741 
4.66266 3.62128 1.36203 
4.66266 2.57585 2.53167 
3.71155 2.38518 4.96872 
3.71155 2.71981 1.15467 
3.71155 1.54154 4.56324 
3.71155 4.93604 1.33579 
3.71155 3.62128 4.4422 
3.71155 2.57585 4.44938 
2.38518 4.01095 4.70254 
2.38518 2.71981 3.91985 
2.38518 1.54154 3.50417 
2.38518 4.28136 4.60519 
2.38518 4.92587 2.65381 
2.38518 3.55154 4.01284 
2.38518 2.57585 4.55444 
4.66013 4.01095 2.46078 
4.66013 4.32845 1.24723 
4.66013 2.71981 4.93012 
4.66013 4.28136 3.88424 
4.01095 4.32845 1.31785 
4.01095 1.54154 4.53704 
4.01095 4.28136 1.44696 
4.32845 4.28136 2.76112 
2.71981 1.54154 3.81087 
2.71981 4.93604 2.48894 
2.71981 3.62128 4.34098 
2.71981 2.57585 4.02202 
1.54154 4.28136 4.56489 
1.54154 4.66616 3.62061 
1.54154 3.62128 2.62892 
1.54154 3.55154 2.64709 
1.54154 2.57585 1.39047 
4.28136 3.55154 4.84067 
4.92587 3.55154 4.97505 
4.93604 3.62128 4.87299 
4.66616 3.62128 4.86154 
4.66616 3.55154 1.26695 
4.66616 2.57585 3.91492 
3.62128 3.55154 4.47398 
3.62128 2.57585 1.28075 
3.55154 2.57585 3.32438 
2.51964 4.81711 4.59773 
2.51964 1.54183 2.96406 
2.51964 2.30786 2.50136 
2.51964 4.18513 2.58846 
2.51964 4.07651 4.00099 
2.51964 4.50322 4.31589 
2.51964 3.67288 1.3954 
2.51964 4.39633 3.35916 
2.51964 2.37602 4.79633 
2.51964 1.32376 3.56205 
2.51964 3.19208 4.99091 
2.51964 3.21701 3.80513 
2.51964 4.05273 3.83313 
2.51964 2.54387 4.17663 
3.55888 4.81711 3.17687 
3.55888 2.30786 2.65357 
3.55888 4.18513 4.73557 
3.55888 3.45043 3.47023 
3.55888 4.50322 4.34877 
3.55888 3.08258 3.59224 
3.55888 2.37602 3.03411 
3.55888 1.32376 2.40329 
3.55888 4.46655 4.02182 
3.55888 3.21701 4.72348 
4.81711 2.30786 2.55587 
4.81711 4.18513 2.71823 
4.81711 3.67288 4.04525 
4.81711 1.32376 4.41711 
1.54183 2.30786 3.74499 
1.54183 3.45043 4.0144 
1.54183 4.07651 2.8055 
1.54183 4.50322 4.90962 
1.54183 3.08258 3.68072 
1.54183 3.67288 4.34186 
1.54183 4.39633 4.85072 
1.54183 2.37602 3.0961 
1.54183 1.32376 2.65487 
1.54183 3.19208 2.57056 
1.54183 3.21701 3.62752 
1.54183 3.81372 3.61082 
1.54183 4.05273 4.5103 
1.54183 2.54387 1.42491 
2.30786 4.18513 2.36404 
2.30786 3.45043 4.69014 
2.30786 3.08258 4.12459 
2.30786 3.67288 2.7093 
2.30786 4.39633 4.05386 
2.30786 2.37602 3.68638 
2.30786 1.32376 2.2696 
2.30786 3.21701 3.79593 
2.30786 4.05273 4.0731 
2.30786 2.54387 4.76498 
4.18513 3.67288 1.49927 
4.18513 4.39633 3.91938 
4.18513 1.32376 4.56755 
4.18513 3.21701 4.99173 
4.18513 4.05273 4.63468 
3.45043 4.50322 1.29043 
3.45043 3.08258 2.67111 
3.45043 4.39633 4.44237 
3.45043 2.37602 1.43131 
3.45043 1.32376 2.50838 
3.45043 4.46655 3.26814 
3.45043 3.19208 3.64012 
3.45043 3.21701 4.99913 
3.45043 3.81372 3.64303 
3.45043 2.54387 3.86072 
4.07651 4.50322 4.92786 
4.07651 4.39633 4.87843 
4.07651 3.19208 4.73587 
4.07651 3.21701 4.31728 
4.07651 4.05273 4.7697 
4.07651 2.54387 3.45094 
4.50322 3.08258 3.90145 
4.50322 3.67288 4.12384 
4.50322 4.39633 3.77023 
4.50322 2.37602 2.7097 
4.50322 1.32376 3.63796 
4.50322 4.46655 4.30708 
4.50322 3.19208 3.84035 
4.50322 3.81372 3.52064 
4.50322 4.05273 4.86105 
4.50322 2.54387 4.41758 
3.08258 4.39633 4.95183 
3.08258 2.37602 1.52555 
3.08258 1.32376 2.45318 
3.08258 4.46655 1.44089 
3.08258 3.19208 4.90458 
3.08258 3.21701 2.62669 
3.08258 4.05273 3.86077 
3.08258 2.54387 4.33409 
3.67288 4.39633 3.39695 
3.67288 1.32376 4.46265 
3.67288 3.21701 4.53058 
3.67288 4.05273 4.20642 
4.39633 1.32376 4.93992 
4.39633 3.21701 2.45665 
4.39633 4.05273 1.31643 
2.37602 1.32376 1.49516 
2.37602 4.46655 2.60712 
2.37602 3.19208 3.68466 
2.37602 3.21701 3.58543 
2.37602 3.81372 4.05046 
2.37602 4.05273 4.78168 
2.37602 2.54387 3.4311 
1.32376 4.46655 3.64508 
1.32376 3.19208 3.61149 
1.32376 3.21701 3.44643 
1.32376 3.81372 3.92279 
1.32376 4.05273 4.39102 
1.32376 2.54387 3.31166 
4.46655 3.21701 3.50342 
4.46655 4.05273 4.5756 
3.19208 3.81372 1.26695 
3.19208 2.54387 1.32316 
3.21701 4.05273 1.31608 
3.21701 2.54387 4.881 
3.81372 2.54387 2.54806 
4.59773 2.50136 2.55587 
4.59773 2.58846 2.71823 
4.59773 1.3954 4.04525 
4.59773 3.56205 4.41711 
2.96406 2.50136 3.74499 
2.96406 4.00099 2.8055 
2.96406 4.31589 4.90962 
2.96406 1.3954 4.34186 
2.96406 3.35916 4.85072 
2.96406 4.79633 3.0961 
2.96406 3.56205 2.65487 
2.96406 4.99091 2.57056 
2.96406 3.80513 3.62752 
2.96406 3.83313 4.5103 
2.96406 4.17663 1.42491 
2.50136 2.58846 2.36404 
2.50136 3.73798 4.59733 
2.50136 1.3954 2.7093 
2.50136 3.35916 4.05386 
2.50136 4.79633 3.68638 
2.50136 3.56205 2.2696 
2.50136 3.80513 3.79593 
2.50136 3.83313 4.0731 
2.50136 4.17663 4.76498 
2.58846 4.6054 4.11928 
2.58846 3.47465 3.26396 
2.58846 3.73798 3.73087 
2.58846 1.3954 1.49927 
2.58846 3.35916 3.91938 
2.58846 3.56205 4.56755 
2.58846 3.80513 4.99173 
2.58846 3.83313 4.63468 
3.65695 4.00099 3.67455 
3.65695 3.47465 4.3278 
3.65695 3.73798 3.66322 
3.65695 4.31589 1.33751 
3.65695 1.3954 3.87603 
3.65695 3.35916 3.7978 
3.65695 4.79633 3.92705 
3.65695 3.56205 4.85723 
3.65695 4.99091 4.1544 
3.65695 3.83313 4.66426 
3.65695 4.17663 4.93962 
4.00099 4.6054 4.6896 
4.00099 4.31589 4.92786 
4.00099 3.35916 4.87843 
4.00099 4.99091 4.73587 
4.00099 3.80513 4.31728 
4.00099 3.83313 4.7697 
4.00099 4.17663 3.45094 
4.6054 3.47465 1.44696 
4.6054 1.3954 3.77313 
3.47465 4.31589 4.37023 
3.47465 1.3954 2.5903 
3.73798 4.31589 3.20762 
3.73798 1.3954 3.30318 
3.73798 3.35916 1.31197 
3.73798 4.79633 4.69678 
3.73798 3.80513 3.75901 
3.73798 3.83313 2.58687 
4.31589 1.3954 4.12384 
4.31589 3.35916 3.77023 
4.31589 4.79633 2.7097 
4.31589 3.56205 3.63796 
4.31589 4.99091 3.84035 
4.31589 3.83313 4.86105 
4.31589 4.17663 4.41758 
1.3954 3.35916 3.39695 
1.3954 3.56205 4.46265 
1.3954 3.80513 4.53058 
1.3954 3.83313 4.20642 
3.35916 3.56205 4.93992 
3.35916 3.80513 2.45665 
3.35916 3.83313 1.31643 
4.79633 3.56205 1.49516 
4.79633 4.99091 3.68466 
4.79633 3.80513 3.58543 
4.79633 3.83313 4.78168 
4.79633 4.17663 3.4311 
3.56205 4.99091 3.61149 
3.56205 3.80513 3.44643 
3.56205 3.83313 4.39102 
3.56205 4.17663 3.31166 
4.99091 4.17663 1.32316 
3.80513 3.83313 1.31608 
3.80513 4.17663 4.881 
3.17687 2.65357 2.55587 
3.17687 4.73557 2.71823 
3.17687 2.40329 4.41711 
3.17687 4.98014 4.01533 
2.65357 4.73557 2.36404 
2.65357 3.47023 4.69014 
2.65357 4.83329 4.59733 
2.65357 3.59224 4.12459 
2.65357 3.03411 3.68638 
2.65357 2.40329 2.2696 
2.65357 4.72348 3.79593 
4.73557 2.49538 4.90851 
4.73557 4.83329 3.73087 
4.73557 2.40329 4.56755 
4.73557 4.72348 4.99173 
3.47023 2.49538 2.95547 
3.47023 4.83329 3.64147 
3.47023 4.34877 1.29043 
3.47023 3.59224 2.67111 
3.47023 4.66893 4.13124 
3.47023 3.03411 1.43131 
3.47023 2.40329 2.50838 
3.47023 4.02182 3.26814 
3.47023 4.72348 4.99913 
2.49538 4.83329 2.42317 
2.49538 4.34877 3.34306 
2.49538 3.59224 3.87774 
2.49538 4.66893 3.83013 
2.49538 3.03411 3.37607 
2.49538 2.40329 3.81082 
2.49538 4.02182 3.61874 
4.83329 4.34877 3.20762 
4.83329 4.66893 4.71346 
4.83329 3.03411 4.69678 
4.83329 4.02182 4.76935 
4.83329 4.72348 3.75901 
4.34877 3.59224 3.90145 
4.34877 4.66893 4.99359 
4.34877 3.03411 2.7097 
4.34877 2.40329 3.63796 
4.34877 4.02182 4.30708 
3.59224 4.66893 2.63799 
3.59224 3.03411 1.52555 
3.59224 2.40329 2.45318 
3.59224 4.02182 1.44089 
3.59224 4.72348 2.62669 
4.66893 3.03411 3.71068 
4.66893 2.40329 4.7342 
4.66893 4.02182 1.19865 
4.66893 4.72348 4.42519 
3.03411 2.40329 1.49516 
3.03411 4.02182 2.60712 
3.03411 4.72348 3.58543 
2.40329 4.02182 3.64508 
2.40329 4.72348 3.44643 
4.02182 4.72348 3.50342 
4.88347 4.41363 2.71823 
1.40939 4.41363 4.76224 
1.40939 3.79751 4.01075 
1.40939 2.55866 3.94626 
1.40939 4.65879 3.50417 
1.40939 3.85302 4.69339 
1.40939 1.269 2.65381 
1.40939 4.44301 4.01284 
4.41363 3.79751 4.90851 
4.41363 3.85302 3.73087 
4.41363 1.269 4.50628 
4.41363 4.59147 3.91938 
4.66402 4.98151 3.67455 
4.66402 3.79751 4.46413 
4.66402 2.55866 4.41783 
4.66402 3.85302 3.66322 
4.66402 1.269 4.58507 
4.66402 3.71266 4.46813 
4.66402 4.59147 3.7978 
4.66402 4.9506 4.89086 
4.66402 4.44301 3.6942 
4.98151 2.55866 3.05744 
4.98151 1.269 4.1518 
4.98151 3.71266 2.11163 
4.98151 4.59147 4.87843 
4.98151 4.9506 1.59131 
3.79751 2.55866 4.54235 
3.79751 3.85302 2.42317 
3.79751 1.269 3.73115 
3.79751 4.59147 3.71557 
2.55866 3.85302 3.57992 
2.55866 1.269 1.35454 
2.55866 3.71266 1.23291 
2.55866 4.59147 3.69829 
2.55866 4.9506 2.53066 
4.65879 4.44301 2.64709 
3.85302 1.269 3.21003 
3.85302 3.71266 4.45892 
3.85302 4.59147 1.31197 
1.269 3.71266 2.57107 
1.269 4.59147 3.72391 
1.269 4.9506 3.85486 
1.269 4.44301 4.97505 
3.71266 4.59147 4.29163 
3.71266 4.9506 1.3006 
2.62453 3.66743 1.37714 
2.62453 2.71823 4.79245 
2.62453 4.75237 2.48611 
2.62453 3.47794 1.36203 
2.62453 4.01533 2.53167 
2.55587 2.71823 2.36404 
2.55587 4.04525 2.7093 
2.55587 4.41711 2.2696 
3.66743 4.75237 1.15924 
3.66743 3.47794 2.1975 
3.66743 4.01533 3.42155 
2.71823 4.04525 1.49927 
2.71823 4.41711 4.56755 
4.04525 4.41711 4.46265 
4.75237 3.47794 3.10104 
4.75237 4.01533 4.29492 
3.47794 4.01533 1.28075 
4.55625 1.37714 4.49304 
4.55625 4.77109 1.15467 
4.55625 3.87693 4.56324 
4.55625 4.63741 1.33579 
4.55625 1.36203 4.4422 
4.55625 2.53167 4.44938 
1.37714 4.77109 4.92128 
1.37714 3.87693 4.65776 
1.37714 4.83636 3.52326 
1.37714 4.63741 4.29333 
1.37714 2.48611 1.15924 
1.37714 3.87702 2.59673 
1.37714 1.36203 2.1975 
1.37714 2.53167 3.42155 
4.77109 3.87693 3.81087 
4.77109 4.63741 2.48894 
4.77109 1.36203 4.34098 
4.77109 2.53167 4.02202 
3.87693 1.36203 2.62892 
3.87693 2.53167 1.39047 
4.83636 2.48611 2.41138 
4.83636 3.87702 1.3006 
4.63741 2.48611 4.73847 
4.63741 1.36203 4.87299 
2.48611 3.87702 1.44341 
2.48611 1.36203 3.10104 
2.48611 2.53167 4.29492 
3.87702 1.36203 4.31988 
1.36203 2.53167 1.28075 
3.74499 4.0144 4.69014 
3.74499 3.68072 4.12459 
3.74499 4.34186 2.7093 
3.74499 4.85072 4.05386 
3.74499 3.0961 3.68638 
3.74499 2.65487 2.2696 
3.74499 3.62752 3.79593 
3.74499 4.5103 4.0731 
3.74499 1.42491 4.76498 
4.0144 4.90962 1.29043 
4.0144 3.68072 2.67111 
4.0144 4.85072 4.44237 
4.0144 3.0961 1.43131 
4.0144 2.65487 2.50838 
4.0144 2.57056 3.64012 
4.0144 3.62752 4.99913 
4.0144 3.61082 3.64303 
4.0144 1.42491 3.86072 
2.8055 4.74853 3.05744 
2.8055 4.90962 4.92786 
2.8055 4.08864 2.11163 
2.8055 4.85072 4.87843 
2.8055 4.61062 2.86533 
2.8055 2.57056 4.73587 
2.8055 3.62752 4.31728 
2.8055 3.623 1.59131 
2.8055 4.5103 4.7697 
2.8055 1.42491 3.45094 
4.74853 4.08864 1.23291 
4.74853 4.85072 3.69829 
4.74853 4.61062 3.54318 
4.74853 3.62752 4.82217 
4.74853 3.623 2.53066 
4.74853 4.5103 3.84571 
4.74853 1.42491 4.81486 
4.90962 3.68072 3.90145 
4.90962 4.34186 4.12384 
4.90962 4.85072 3.77023 
4.90962 3.0961 2.7097 
4.90962 2.65487 3.63796 
4.90962 2.57056 3.84035 
4.90962 3.61082 3.52064 
4.90962 4.5103 4.86105 
4.90962 1.42491 4.41758 
4.08864 4.85072 4.29163 
4.08864 4.61062 2.41138 
4.08864 3.62752 4.87538 
4.08864 3.623 1.3006 
4.08864 4.5103 4.07206 
4.08864 1.42491 4.1489 
3.68072 4.85072 4.95183 
3.68072 3.0961 1.52555 
3.68072 2.65487 2.45318 
3.68072 2.57056 4.90458 
3.68072 3.62752 2.62669 
3.68072 4.5103 3.86077 
3.68072 1.42491 4.33409 
4.34186 4.85072 3.39695 
4.34186 2.65487 4.46265 
4.34186 3.62752 4.53058 
4.34186 4.5103 4.20642 
4.85072 2.65487 4.93992 
4.85072 3.62752 2.45665 
4.85072 4.5103 1.31643 
3.0961 2.65487 1.49516 
3.0961 2.57056 3.68466 
3.0961 3.62752 3.58543 
3.0961 3.61082 4.05046 
3.0961 4.5103 4.78168 
3.0961 1.42491 3.4311 
4.61062 3.62752 4.71684 
4.61062 3.623 1.44341 
4.61062 4.5103 4.38318 
4.61062 1.42491 4.34389 
2.65487 2.57056 3.61149 
2.65487 3.62752 3.44643 
2.65487 3.61082 3.92279 
2.65487 4.5103 4.39102 
2.65487 1.42491 3.31166 
2.57056 3.623 4.7538 
2.57056 3.61082 1.26695 
2.57056 1.42491 1.32316 
3.62752 4.5103 1.31608 
3.62752 1.42491 4.881 
3.623 4.5103 4.67961 
3.623 1.42491 3.6512 
3.61082 1.42491 2.54806 
4.49304 1.15467 4.92128 
4.49304 4.56324 4.65776 
4.49304 1.33579 4.29333 
4.49304 2.49687 4.65724 
4.49304 4.4422 2.1975 
4.49304 4.44938 3.42155 
4.96872 4.54839 4.01075 
4.96872 1.15467 3.91985 
4.96872 4.56324 3.50417 
4.96872 4.93085 4.69339 
4.96872 4.44938 4.55444 
4.54839 4.93085 2.42317 
4.54839 3.93111 3.87774 
4.54839 1.33579 3.83013 
4.54839 4.935 3.37607 
4.54839 2.49687 3.61874 
1.15467 4.56324 3.81087 
1.15467 1.33579 2.48894 
1.15467 2.49687 3.64814 
1.15467 4.4422 4.34098 
1.15467 4.44938 4.02202 
4.56324 4.4422 2.62892 
4.56324 4.44938 1.39047 
4.93085 1.33579 4.71346 
4.93085 4.935 4.69678 
4.93085 2.49687 4.76935 
3.93111 1.33579 2.63799 
3.93111 4.935 1.52555 
3.93111 2.49687 1.44089 
1.33579 4.935 3.71068 
1.33579 2.49687 1.19865 
1.33579 4.4422 4.87299 
4.935 2.49687 2.60712 
4.4422 4.44938 1.28075 
2.36404 4.59733 3.73087 
2.36404 2.7093 1.49927 
2.36404 4.05386 3.91938 
2.36404 2.2696 4.56755 
2.36404 3.79593 4.99173 
2.36404 4.0731 4.63468 
4.69014 4.59733 3.64147 
4.69014 4.12459 2.67111 
4.69014 4.05386 4.44237 
4.69014 3.68638 1.43131 
4.69014 2.2696 2.50838 
4.69014 3.79593 4.99913 
4.69014 4.76498 3.86072 
4.59733 2.7093 3.30318 
4.59733 4.05386 1.31197 
4.59733 3.68638 4.69678 
4.59733 3.79593 3.75901 
4.59733 4.0731 2.58687 
4.12459 4.05386 4.95183 
4.12459 3.68638 1.52555 
4.12459 2.2696 2.45318 
4.12459 3.79593 2.62669 
4.12459 4.0731 3.86077 
4.12459 4.76498 4.33409 
2.7093 4.05386 3.39695 
2.7093 2.2696 4.46265 
2.7093 3.79593 4.53058 
2.7093 4.0731 4.20642 
4.05386 2.2696 4.93992 
4.05386 3.79593 2.45665 
4.05386 4.0731 1.31643 
3.68638 2.2696 1.49516 
3.68638 3.79593 3.58543 
3.68638 4.0731 4.78168 
3.68638 4.76498 3.4311 
2.2696 3.79593 3.44643 
2.2696 4.0731 4.39102 
2.2696 4.76498 3.31166 
3.79593 4.0731 1.31608 
3.79593 4.76498 4.881 
4.7489 3.92671 2.46681 
4.7489 4.59022 4.35012 
4.7489 4.92128 4.93012 
4.7489 3.52326 3.60643 
4.7489 1.15924 3.99152 
4.7489 4.73751 4.87532 
4.7489 2.59673 3.24928 
4.7489 4.62891 4.84615 
3.92671 4.59022 3.05744 
3.92671 3.52326 2.11163 
3.92671 1.15924 2.86533 
3.92671 4.73751 4.31728 
3.92671 2.59673 1.59131 
3.92671 4.62891 4.7697 
4.59022 3.52326 1.23291 
4.59022 1.15924 3.54318 
4.59022 4.73751 4.82217 
4.59022 2.59673 2.53066 
4.59022 4.62891 3.84571 
4.92128 4.65776 3.81087 
4.92128 4.29333 2.48894 
4.92128 4.65724 3.64814 
4.92128 2.1975 4.34098 
4.92128 3.42155 4.02202 
4.65776 2.1975 2.62892 
4.65776 3.42155 1.39047 
3.52326 1.15924 2.41138 
3.52326 4.73751 4.87538 
3.52326 2.59673 1.3006 
3.52326 4.62891 4.07206 
4.29333 1.15924 4.73847 
4.29333 4.65724 1.19865 
4.29333 4.73751 4.42519 
4.29333 2.1975 4.87299 
1.15924 4.73751 4.71684 
1.15924 2.59673 1.44341 
1.15924 2.1975 3.10104 
1.15924 4.62891 4.38318 
1.15924 3.42155 4.29492 
4.65724 4.73751 3.50342 
4.65724 4.62891 4.5756 
4.73751 4.62891 1.31608 
2.59673 2.1975 4.31988 
2.59673 4.62891 4.67961 
2.1975 3.42155 1.28075 
4.76224 4.70254 4.11928 
4.76224 4.01075 4.90851 
4.76224 4.60519 3.26396 
4.76224 4.69339 3.73087 
4.76224 2.65381 4.50628 
4.70254 3.50417 4.53704 
4.70254 4.60519 1.44696 
4.01075 3.94626 4.54235 
4.01075 4.69339 2.42317 
4.01075 2.65381 3.73115 
3.94626 4.69339 3.57992 
3.94626 2.65381 1.35454 
3.91985 3.50417 3.81087 
3.91985 4.55444 4.02202 
3.50417 4.60519 4.56489 
3.50417 4.01284 2.64709 
3.50417 4.55444 1.39047 
4.60519 4.01284 4.84067 
4.69339 2.65381 3.21003 
2.65381 4.01284 4.97505 
4.01284 4.55444 3.32438 
3.37432 2.46681 3.67455 
3.37432 1.24723 4.01961 
3.37432 4.35012 4.41783 
3.37432 3.88424 4.3278 
3.37432 4.26177 1.33751 
3.37432 3.60643 4.46813 
3.37432 4.83038 3.7978 
3.37432 3.24928 4.89086 
3.37432 4.84615 4.66426 
2.46681 2.46078 4.6896 
2.46681 1.24723 3.5923 
2.46681 4.35012 3.05744 
2.46681 4.26177 4.92786 
2.46681 3.60643 2.11163 
2.46681 4.83038 4.87843 
2.46681 3.99152 2.86533 
2.46681 4.87532 4.31728 
2.46681 3.24928 1.59131 
2.46681 4.84615 4.7697 
2.46078 1.24723 1.31785 
2.46078 3.88424 1.44696 
1.24723 3.88424 2.76112 
1.24723 4.26177 4.59241 
1.24723 3.60643 4.83165 
1.24723 4.83038 4.90614 
1.24723 3.99152 4.92022 
1.24723 3.24928 4.37853 
1.24723 4.84615 4.84876 
4.35012 3.60643 1.23291 
4.35012 4.83038 3.69829 
4.35012 3.99152 3.54318 
4.35012 4.87532 4.82217 
4.35012 3.24928 2.53066 
4.35012 4.84615 3.84571 
3.88424 4.26177 4.37023 
4.26177 4.83038 3.77023 
4.26177 4.84615 4.86105 
3.60643 4.83038 4.29163 
3.60643 3.99152 2.41138 
3.60643 4.87532 4.87538 
3.60643 3.24928 1.3006 
3.60643 4.84615 4.07206 
4.83038 4.87532 2.45665 
4.83038 4.84615 1.31643 
3.99152 4.87532 4.71684 
3.99152 3.24928 1.44341 
3.99152 4.84615 4.38318 
4.87532 4.84615 1.31608 
3.24928 4.84615 4.67961 
4.11928 3.26396 1.44696 
4.11928 1.49927 3.77313 
4.90851 3.73087 2.42317 
4.90851 4.50628 3.73115 
4.90851 1.49927 4.64902 
4.90851 3.91938 3.71557 
4.90851 4.56755 3.81082 
4.90851 4.63468 4.94933 
3.26396 1.49927 2.5903 
3.73087 4.50628 3.21003 
3.73087 1.49927 3.30318 
3.73087 3.91938 1.31197 
3.73087 4.99173 3.75901 
3.73087 4.63468 2.58687 
4.50628 3.91938 3.72391 
4.50628 4.63468 4.26591 
1.49927 3.91938 3.39695 
1.49927 4.56755 4.46265 
1.49927 4.99173 4.53058 
1.49927 4.63468 4.20642 
3.91938 4.56755 4.93992 
3.91938 4.99173 2.45665 
3.91938 4.63468 1.31643 
4.56755 4.99173 3.44643 
4.56755 4.63468 4.39102 
4.99173 4.63468 1.31608 
2.563 2.95547 4.46413 
2.563 3.64147 3.66322 
2.563 1.29043 1.33751 
2.563 4.44237 3.7978 
2.563 1.43131 3.92705 
2.563 2.50838 4.85723 
2.563 3.64012 4.1544 
2.563 3.64303 3.6942 
2.563 3.86072 4.93962 
2.95547 3.64147 2.42317 
2.95547 1.29043 3.34306 
2.95547 2.67111 3.87774 
2.95547 4.44237 3.71557 
2.95547 4.13124 3.83013 
2.95547 1.43131 3.37607 
2.95547 2.50838 3.81082 
2.95547 3.26814 3.61874 
3.64147 1.29043 3.20762 
3.64147 4.44237 1.31197 
3.64147 4.13124 4.71346 
3.64147 1.43131 4.69678 
3.64147 3.26814 4.76935 
3.64147 4.99913 3.75901 
1.29043 2.67111 3.90145 
1.29043 4.44237 3.77023 
1.29043 4.13124 4.99359 
1.29043 1.43131 2.7097 
1.29043 2.50838 3.63796 
1.29043 3.26814 4.30708 
1.29043 3.64012 3.84035 
1.29043 3.64303 3.52064 
1.29043 3.86072 4.41758 
2.67111 4.44237 4.95183 
2.67111 4.13124 2.63799 
2.67111 1.43131 1.52555 
2.67111 2.50838 2.45318 
2.67111 3.26814 1.44089 
2.67111 3.64012 4.90458 
2.67111 4.99913 2.62669 
2.67111 3.86072 4.33409 
4.44237 2.50838 4.93992 
4.44237 4.99913 2.45665 
4.13124 1.43131 3.71068 
4.13124 2.50838 4.7342 
4.13124 3.26814 1.19865 
4.13124 4.99913 4.42519 
1.43131 2.50838 1.49516 
1.43131 3.26814 2.60712 
1.43131 3.64012 3.68466 
1.43131 4.99913 3.58543 
1.43131 3.64303 4.05046 
1.43131 3.86072 3.4311 
2.50838 3.26814 3.64508 
2.50838 3.64012 3.61149 
2.50838 4.99913 3.44643 
2.50838 3.64303 3.92279 
2.50838 3.86072 3.31166 
3.26814 4.99913 3.50342 
3.64012 3.64303 1.26695 
3.64012 3.86072 1.32316 
4.99913 3.86072 4.881 
3.64303 3.86072 2.54806 
3.67455 4.01961 3.5923 
3.67455 4.41783 3.05744 
3.67455 1.33751 4.92786 
3.67455 4.58507 4.1518 
3.67455 4.46813 2.11163 
3.67455 3.7978 4.87843 
3.67455 4.1544 4.73587 
3.67455 4.89086 1.59131 
3.67455 4.66426 4.7697 
3.67455 4.93962 3.45094 
4.46413 4.41783 4.54235 
4.46413 3.66322 2.42317 
4.46413 1.33751 3.34306 
4.46413 4.58507 3.73115 
4.46413 3.87603 4.64902 
4.46413 3.7978 3.71557 
4.46413 3.92705 3.37607 
4.46413 4.85723 3.81082 
4.46413 4.66426 4.94933 
4.01961 4.3278 2.76112 
4.01961 1.33751 4.59241 
4.01961 4.46813 4.83165 
4.01961 3.87603 4.93771 
4.01961 3.7978 4.90614 
4.01961 4.89086 4.37853 
4.01961 4.66426 4.84876 
4.41783 3.66322 3.57992 
4.41783 4.58507 1.35454 
4.41783 4.46813 1.23291 
4.41783 3.7978 3.69829 
4.41783 4.89086 2.53066 
4.41783 4.66426 3.84571 
4.41783 4.93962 4.81486 
4.3278 1.33751 4.37023 
4.3278 3.87603 2.5903 
4.3278 3.6942 4.84067 
3.66322 1.33751 3.20762 
3.66322 4.58507 3.21003 
3.66322 4.46813 4.45892 
3.66322 3.87603 3.30318 
3.66322 3.7978 1.31197 
3.66322 3.92705 4.69678 
3.66322 4.66426 2.58687 
1.33751 3.87603 4.12384 
1.33751 3.7978 3.77023 
1.33751 3.92705 2.7097 
1.33751 4.85723 3.63796 
1.33751 4.1544 3.84035 
1.33751 3.6942 3.52064 
1.33751 4.66426 4.86105 
1.33751 4.93962 4.41758 
4.58507 4.46813 2.57107 
4.58507 3.7978 3.72391 
4.58507 4.89086 3.85486 
4.58507 3.6942 4.97505 
4.58507 4.66426 4.26591 
4.46813 3.7978 4.29163 
4.46813 4.89086 1.3006 
4.46813 4.66426 4.07206 
4.46813 4.93962 4.1489 
3.87603 3.7978 3.39695 
3.87603 4.85723 4.46265 
3.87603 4.66426 4.20642 
3.7978 4.85723 4.93992 
3.7978 4.66426 1.31643 
3.92705 4.85723 1.49516 
3.92705 4.1544 3.68466 
3.92705 3.6942 4.05046 
3.92705 4.66426 4.78168 
3.92705 4.93962 3.4311 
4.85723 4.1544 3.61149 
4.85723 3.6942 3.92279 
4.85723 4.66426 4.39102 
4.85723 4.93962 3.31166 
4.1544 4.89086 4.7538 
4.1544 3.6942 1.26695 
4.1544 4.93962 1.32316 
4.89086 4.66426 4.67961 
4.89086 4.93962 3.6512 
3.6942 4.93962 2.54806 
4.6896 3.5923 1.31785 
3.5923 4.92786 4.59241 
3.5923 2.11163 4.83165 
3.5923 4.87843 4.90614 
3.5923 2.86533 4.92022 
3.5923 1.59131 4.37853 
3.5923 4.7697 4.84876 
3.05744 4.1518 1.35454 
3.05744 2.11163 1.23291 
3.05744 4.87843 3.69829 
3.05744 2.86533 3.54318 
3.05744 4.31728 4.82217 
3.05744 1.59131 2.53066 
3.05744 4.7697 3.84571 
3.05744 3.45094 4.81486 
4.92786 4.87843 3.77023 
4.92786 4.73587 3.84035 
4.92786 4.7697 4.86105 
4.92786 3.45094 4.41758 
4.1518 2.11163 2.57107 
4.1518 4.87843 3.72391 
4.1518 2.86533 4.87997 
4.1518 1.59131 3.85486 
4.1518 4.7697 4.26591 
2.11163 4.87843 4.29163 
2.11163 2.86533 2.41138 
2.11163 4.31728 4.87538 
2.11163 1.59131 1.3006 
2.11163 4.7697 4.07206 
2.11163 3.45094 4.1489 
4.87843 4.31728 2.45665 
4.87843 4.7697 1.31643 
2.86533 4.31728 4.71684 
2.86533 1.59131 1.44341 
2.86533 4.7697 4.38318 
2.86533 3.45094 4.34389 
4.73587 1.59131 4.7538 
4.73587 3.45094 1.32316 
4.31728 4.7697 1.31608 
4.31728 3.45094 4.881 
1.59131 4.7697 4.67961 
1.59131 3.45094 3.6512 
1.31785 1.44696 2.76112 
1.31785 3.77313 4.93771 
4.53704 1.44696 4.56489 
1.44696 3.77313 2.5903 
4.54235 2.42317 3.57992 
4.54235 3.73115 1.35454 
4.54235 3.71557 3.69829 
4.54235 4.94933 3.84571 
2.42317 3.34306 3.20762 
2.42317 3.73115 3.21003 
2.42317 4.64902 3.30318 
2.42317 3.71557 1.31197 
2.42317 3.83013 4.71346 
2.42317 3.37607 4.69678 
2.42317 3.61874 4.76935 
2.42317 4.94933 2.58687 
3.34306 3.87774 3.90145 
3.34306 4.64902 4.12384 
3.34306 3.71557 3.77023 
3.34306 3.83013 4.99359 
3.34306 3.37607 2.7097 
3.34306 3.81082 3.63796 
3.34306 3.61874 4.30708 
3.34306 4.94933 4.86105 
3.73115 3.71557 3.72391 
3.73115 4.94933 4.26591 
3.87774 3.71557 4.95183 
3.87774 3.83013 2.63799 
3.87774 3.37607 1.52555 
3.87774 3.81082 2.45318 
3.87774 3.61874 1.44089 
3.87774 4.94933 3.86077 
4.64902 3.71557 3.39695 
4.64902 3.81082 4.46265 
4.64902 4.94933 4.20642 
3.71557 3.81082 4.93992 
3.71557 4.94933 1.31643 
3.83013 3.37607 3.71068 
3.83013 3.81082 4.7342 
3.83013 3.61874 1.19865 
3.37607 3.81082 1.49516 
3.37607 3.61874 2.60712 
3.37607 4.94933 4.78168 
3.81082 3.61874 3.64508 
3.81082 4.94933 4.39102 
3.61874 4.94933 4.5756 
2.76112 4.59241 4.37023 
2.76112 4.93771 2.5903 
4.59241 4.93771 4.12384 
4.59241 4.90614 3.77023 
4.59241 4.84876 4.86105 
4.83165 4.90614 4.29163 
4.83165 4.92022 2.41138 
4.83165 4.37853 1.3006 
4.83165 4.84876 4.07206 
4.93771 4.90614 3.39695 
4.93771 4.84876 4.20642 
4.90614 4.84876 1.31643 
4.92022 4.37853 1.44341 
4.92022 4.84876 4.38318 
4.37853 4.84876 4.67961 
3.57992 1.35454 3.21003 
3.57992 1.23291 4.45892 
3.57992 3.69829 1.31197 
3.57992 4.82217 3.75901 
3.57992 3.84571 2.58687 
1.35454 1.23291 2.57107 
1.35454 3.69829 3.72391 
1.35454 3.54318 4.87997 
1.35454 2.53066 3.85486 
1.35454 3.84571 4.26591 
1.23291 3.69829 4.29163 
1.23291 3.54318 2.41138 
1.23291 4.82217 4.87538 
1.23291 2.53066 1.3006 
1.23291 3.84571 4.07206 
1.23291 4.81486 4.1489 
3.69829 4.82217 2.45665 
3.69829 3.84571 1.31643 
3.54318 4.82217 4.71684 
3.54318 2.53066 1.44341 
3.54318 3.84571 4.38318 
3.54318 4.81486 4.34389 
4.82217 3.84571 1.31608 
4.82217 4.81486 4.881 
2.53066 3.84571 4.67961 
2.53066 4.81486 3.6512 
3.81087 4.34098 2.62892 
3.81087 4.02202 1.39047 
2.48894 3.64814 1.19865 
2.48894 4.34098 4.87299 
4.34098 4.02202 1.28075 
4.56489 2.64709 4.84067 
3.62061 2.62892 4.86154 
3.62061 2.64709 1.26695 
3.62061 4.69699 1.32316 
3.62061 1.39047 3.91492 
2.62892 2.64709 4.47398 
2.62892 1.39047 1.28075 
2.64709 4.69699 2.54806 
2.64709 1.39047 3.32438 
4.69699 1.39047 4.72464 
4.37023 2.5903 4.12384 
4.37023 4.84067 3.52064 
3.20762 3.30318 4.12384 
3.20762 1.31197 3.77023 
3.20762 4.71346 4.99359 
3.20762 4.69678 2.7097 
3.20762 4.76935 4.30708 
3.20762 2.58687 4.86105 
3.21003 4.45892 2.57107 
3.21003 1.31197 3.72391 
3.21003 2.58687 4.26591 
4.45892 1.31197 4.29163 
4.45892 3.75901 4.87538 
4.45892 2.58687 4.07206 
3.30318 1.31197 3.39695 
3.30318 3.75901 4.53058 
3.30318 2.58687 4.20642 
1.31197 3.75901 2.45665 
1.31197 2.58687 1.31643 
4.71346 4.69678 3.71068 
4.71346 4.76935 1.19865 
4.71346 3.75901 4.42519 
4.69678 4.76935 2.60712 
4.69678 3.75901 3.58543 
4.69678 2.58687 4.78168 
4.76935 3.75901 3.50342 
4.76935 2.58687 4.5756 
3.75901 2.58687 1.31608 
3.90145 3.77023 4.95183 
3.90145 4.99359 2.63799 
3.90145 2.7097 1.52555 
3.90145 3.63796 2.45318 
3.90145 4.30708 1.44089 
3.90145 3.84035 4.90458 
3.90145 4.86105 3.86077 
3.90145 4.41758 4.33409 
4.12384 3.77023 3.39695 
4.12384 3.63796 4.46265 
4.12384 4.86105 4.20642 
3.77023 3.63796 4.93992 
3.77023 4.86105 1.31643 
4.99359 2.7097 3.71068 
4.99359 3.63796 4.7342 
4.99359 4.30708 1.19865 
2.7097 3.63796 1.49516 
2.7097 4.30708 2.60712 
2.7097 3.84035 3.68466 
2.7097 3.52064 4.05046 
2.7097 4.86105 4.78168 
2.7097 4.41758 3.4311 
3.63796 4.30708 3.64508 
3.63796 3.84035 3.61149 
3.63796 3.52064 3.92279 
3.63796 4.86105 4.39102 
3.63796 4.41758 3.31166 
4.30708 4.86105 4.5756 
3.84035 3.52064 1.26695 
3.84035 4.41758 1.32316 
3.52064 4.41758 2.54806 
2.57107 3.72391 4.29163 
2.57107 4.87997 2.41138 
2.57107 3.85486 1.3006 
2.57107 4.26591 4.07206 
3.72391 4.26591 1.31643 
4.87997 3.85486 1.44341 
4.87997 4.26591 4.38318 
3.85486 4.26591 4.67961 
4.29163 4.87538 2.45665 
4.29163 4.07206 1.31643 
2.41138 4.87538 4.71684 
2.41138 1.3006 1.44341 
2.41138 4.07206 4.38318 
2.41138 4.1489 4.34389 
4.87538 4.07206 1.31608 
4.87538 4.1489 4.881 
1.3006 4.07206 4.67961 
1.3006 4.1489 3.6512 
4.95183 2.45318 4.93992 
4.95183 2.62669 2.45665 
4.95183 3.86077 1.31643 
2.63799 1.52555 3.71068 
2.63799 2.45318 4.7342 
2.63799 1.44089 1.19865 
2.63799 2.62669 4.42519 
1.52555 2.45318 1.49516 
1.52555 1.44089 2.60712 
1.52555 4.90458 3.68466 
1.52555 2.62669 3.58543 
1.52555 3.86077 4.78168 
1.52555 4.33409 3.4311 
2.45318 1.44089 3.64508 
2.45318 4.90458 3.61149 
2.45318 2.62669 3.44643 
2.45318 3.86077 4.39102 
2.45318 4.33409 3.31166 
1.44089 2.62669 3.50342 
1.44089 3.86077 4.5756 
4.90458 4.33409 1.32316 
2.62669 3.86077 1.31608 
2.62669 4.33409 4.881 
3.39695 4.46265 4.93992 
3.39695 4.53058 2.45665 
3.39695 4.20642 1.31643 
4.46265 4.53058 3.44643 
4.46265 4.20642 4.39102 
4.53058 4.20642 1.31608 
4.93992 2.45665 3.44643 
4.93992 1.31643 4.39102 
2.45665 1.31643 1.31608 
3.71068 4.7342 1.49516 
3.71068 1.19865 2.60712 
3.71068 4.42519 3.58543 
4.73847 4.42519 4.71684 
4.73847 4.87299 3.10104 
4.7342 1.19865 3.64508 
4.7342 4.42519 3.44643 
1.19865 4.42519 3.50342 
1.49516 2.60712 3.64508 
1.49516 3.68466 3.61149 
1.49516 3.58543 3.44643 
1.49516 4.05046 3.92279 
1.49516 4.78168 4.39102 
1.49516 3.4311 3.31166 
2.60712 3.58543 3.50342 
2.60712 4.78168 4.5756 
3.68466 4.05046 1.26695 
3.68466 3.4311 1.32316 
3.58543 4.78168 1.31608 
3.58543 3.4311 4.881 
4.05046 3.4311 2.54806 
4.71684 4.38318 1.31608 
4.71684 4.34389 4.881 
1.44341 3.10104 4.31988 
1.44341 4.38318 4.67961 
1.44341 4.34389 3.6512 
3.10104 4.29492 1.28075 
4.34389 4.29492 4.72464 
3.64508 3.44643 3.50342 
3.64508 4.39102 4.5756 
3.61149 3.92279 1.26695 
3.61149 3.31166 1.32316 
3.44643 4.39102 1.31608 
3.44643 3.31166 4.881 
3.92279 3.31166 2.54806 
3.50342 4.5756 1.31608 
4.7538 4.86154 4.31988 
4.7538 1.32316 3.6512 
4.86154 1.26695 4.47398 
4.86154 3.91492 1.28075 
1.26695 1.32316 2.54806 
1.26695 3.91492 3.32438 
1.32316 3.91492 4.72464 
4.47398 1.28075 3.32438 
2.54806 3.32438 4.72464 
