4.3664 1.43678 4.37879 
4.3664 4.35729 4.80305 
4.3664 3.74107 3.10697 
4.3664 1.48234 3.53 
4.3664 4.72774 1.2906 
4.3664 4.60923 4.97049 
4.3664 4.14346 1.28296 
4.3664 2.5491 2.99594 
4.3664 4.50478 4.87011 
4.3664 4.59376 2.53578 
4.3664 4.93272 3.74814 
3.57103 1.37887 3.38452 
3.57103 3.651 3.70637 
3.57103 2.31379 4.59833 
3.57103 4.18589 4.88902 
3.57103 2.57175 2.715 
3.57103 4.80911 4.44051 
3.57103 4.51969 2.50048 
3.57103 1.48234 4.62754 
3.57103 4.72577 3.85263 
3.57103 4.40546 1.27737 
3.57103 2.5491 4.89683 
3.57103 3.23922 1.49004 
1.43678 1.37887 2.33328 
1.43678 4.20639 4.39854 
1.43678 2.54331 1.41565 
1.43678 3.651 4.57862 
1.43678 2.31379 2.54047 
1.43678 4.18589 4.77925 
1.43678 2.57175 3.72213 
1.43678 4.35729 4.63504 
1.43678 3.71387 4.03285 
1.43678 3.88054 2.64971 
1.43678 3.74107 3.7021 
1.43678 1.48234 1.2539 
1.43678 2.79308 2.29902 
1.43678 4.72774 4.91005 
1.43678 4.72577 3.33721 
1.43678 4.60923 4.5006 
1.43678 4.14346 4.00122 
1.43678 2.5491 2.54314 
1.43678 4.50478 4.65984 
1.43678 4.96548 4.56701 
1.43678 3.23922 4.61186 
1.43678 4.59376 4.44698 
1.43678 4.64262 3.65236 
1.43678 4.28305 3.6714 
1.43678 4.93272 4.75817 
1.37887 2.54331 2.8463 
1.37887 3.651 2.44156 
1.37887 2.31379 1.3692 
1.37887 4.18589 2.84835 
1.37887 2.57175 1.48442 
1.37887 4.35729 4.56344 
1.37887 3.71387 2.46322 
1.37887 4.80911 3.72309 
1.37887 3.88054 4.0709 
1.37887 4.51969 3.90964 
1.37887 1.48234 2.7764 
1.37887 2.79308 2.49911 
1.37887 4.60923 4.28896 
1.37887 4.40546 4.22581 
1.37887 4.14346 4.6419 
1.37887 2.5491 3.85347 
1.37887 4.50478 4.37302 
1.37887 4.96548 4.59678 
1.37887 3.23922 2.68499 
1.37887 4.59376 4.72837 
1.37887 4.64262 4.52521 
1.37887 4.28305 3.90686 
1.37887 4.93272 4.75185 
1.37887 4.93498 3.72873 
4.20639 4.71624 1.38542 
4.20639 4.18589 4.99969 
4.20639 4.35729 3.21094 
4.20639 3.71387 4.84022 
4.20639 3.74107 4.42448 
4.20639 1.48234 4.06994 
4.20639 2.5491 4.11412 
4.20639 4.50478 4.42362 
4.20639 4.93498 3.62271 
4.71624 4.35729 2.34542 
4.71624 1.48234 4.966 
4.71624 4.72774 4.80993 
4.71624 4.60923 4.88684 
4.71624 4.50478 3.70835 
4.71624 4.93498 4.87581 
2.54331 3.651 4.90679 
2.54331 2.31379 2.28856 
2.54331 4.18589 4.66972 
2.54331 2.57175 4.2797 
2.54331 4.35729 4.6582 
2.54331 3.71387 3.62551 
2.54331 3.88054 1.35853 
2.54331 1.48234 2.65336 
2.54331 2.79308 1.3378 
2.54331 4.72577 2.43322 
2.54331 4.60923 3.77203 
2.54331 4.40546 4.66372 
2.54331 4.14346 4.86774 
2.54331 2.5491 3.90275 
2.54331 4.50478 4.31816 
2.54331 4.96548 3.50609 
2.54331 4.64262 2.23724 
2.54331 4.28305 2.41515 
2.54331 4.93498 4.4459 
3.651 2.31379 2.90451 
3.651 4.18589 1.46813 
3.651 2.57175 1.28204 
3.651 3.71387 2.44833 
3.651 4.80911 1.36882 
3.651 4.51969 2.6888 
3.651 3.74107 4.70425 
3.651 1.48234 4.88008 
3.651 2.79308 4.33034 
3.651 4.40546 4.6336 
3.651 3.23922 2.34848 
3.651 4.59376 4.91812 
3.651 4.93272 4.58697 
3.651 4.93498 3.5442 
2.31379 4.18589 2.56645 
2.31379 2.57175 2.43635 
2.31379 4.35729 4.51611 
2.31379 3.71387 1.5687 
2.31379 4.80911 4.1853 
2.31379 3.88054 3.25033 
2.31379 1.48234 3.46947 
2.31379 2.79308 1.439 
2.31379 4.72577 4.49523 
2.31379 4.60923 3.45421 
2.31379 2.5491 4.72241 
2.31379 4.50478 3.94414 
2.31379 4.96548 3.48565 
2.31379 3.23922 3.8791 
2.31379 4.64262 3.39087 
2.31379 4.28305 2.66205 
2.31379 4.93272 4.92509 
2.31379 4.93498 2.66212 
4.18589 2.57175 2.32514 
4.18589 3.71387 1.37897 
4.18589 4.80911 2.24277 
4.18589 4.51969 4.12581 
4.18589 3.74107 3.5843 
4.18589 2.79308 3.84359 
4.18589 2.5491 4.62049 
4.18589 3.23922 3.68595 
4.18589 4.28305 4.59176 
4.18589 4.93272 4.80389 
4.18589 4.93498 2.20921 
2.57175 3.71387 2.68653 
2.57175 4.80911 2.49202 
2.57175 4.51969 2.56994 
2.57175 1.48234 3.89984 
2.57175 2.79308 3.81142 
2.57175 4.40546 3.67782 
2.57175 2.5491 4.727 
2.57175 3.23922 1.56261 
2.57175 4.59376 4.93716 
2.57175 4.93272 4.88246 
2.57175 4.93498 3.914 
4.35729 4.51969 4.53859 
4.35729 2.79308 4.18508 
4.35729 4.72774 4.69601 
4.35729 4.60923 2.66528 
4.35729 4.50478 1.37927 
4.35729 4.96548 3.80842 
4.35729 4.28305 4.56197 
3.71387 4.80911 3.52277 
3.71387 3.88054 4.24756 
3.71387 3.74107 4.21019 
3.71387 1.48234 4.9117 
3.71387 2.79308 2.61137 
3.71387 4.60923 4.10407 
3.71387 4.50478 4.779 
3.71387 4.96548 3.97864 
3.71387 3.23922 4.21585 
3.71387 4.64262 4.06201 
3.71387 4.28305 3.22281 
3.71387 4.93498 1.36415 
4.80911 4.51969 2.60553 
4.80911 3.74107 4.43489 
4.80911 4.60923 4.50569 
4.80911 4.50478 4.74227 
4.80911 4.96548 4.76645 
4.80911 3.23922 2.99672 
4.80911 4.59376 4.99256 
4.80911 4.93272 4.56276 
4.80911 4.93498 4.43823 
3.88054 1.48234 3.7967 
3.88054 2.79308 2.06899 
3.88054 4.72577 1.38747 
3.88054 4.60923 4.22195 
3.88054 4.40546 3.80492 
3.88054 2.5491 4.9403 
3.88054 4.96548 3.56703 
3.88054 4.64262 1.38113 
3.88054 4.28305 2.30482 
3.88054 4.93498 4.79263 
4.51969 4.60923 4.69472 
4.51969 4.40546 3.51548 
4.51969 4.50478 4.14843 
4.51969 3.23922 1.45977 
3.74107 1.48234 2.5082 
3.74107 4.72774 2.57984 
3.74107 4.14346 3.90041 
3.74107 2.5491 1.21896 
3.74107 4.93498 3.80666 
1.48234 2.79308 3.50378 
1.48234 4.72774 3.82831 
1.48234 4.72577 4.22389 
1.48234 4.14346 3.49719 
1.48234 2.5491 1.31047 
1.48234 3.23922 4.38483 
1.48234 4.59376 4.26664 
1.48234 4.64262 4.88398 
1.48234 4.28305 4.90647 
1.48234 4.93272 4.87602 
2.79308 4.72577 3.42322 
2.79308 4.60923 2.78979 
2.79308 2.5491 4.80928 
2.79308 4.50478 3.52735 
2.79308 4.96548 2.53197 
2.79308 4.64262 2.09269 
2.79308 4.28305 1.50924 
2.79308 4.93498 3.25324 
4.72774 4.14346 2.56214 
4.72774 2.5491 2.89925 
4.72774 4.59376 3.79698 
4.72774 4.93272 4.99597 
4.72577 4.40546 2.58674 
4.72577 4.96548 4.81452 
4.72577 4.64262 2.45218 
4.72577 4.28305 3.61802 
4.60923 4.14346 4.6748 
4.60923 4.50478 1.37662 
4.60923 4.96548 1.25009 
4.60923 4.59376 4.17932 
4.60923 4.64262 3.52507 
4.60923 4.28305 2.37923 
4.60923 4.93272 4.32377 
4.60923 4.93498 4.02627 
4.40546 3.23922 2.64388 
4.40546 4.64262 4.75871 
4.14346 2.5491 3.43546 
4.14346 4.50478 4.89918 
4.14346 4.96548 4.56061 
4.14346 4.59376 1.31633 
4.14346 4.93272 2.50693 
2.5491 3.23922 4.83654 
2.5491 4.59376 4.51069 
2.5491 4.93498 4.47571 
4.50478 4.96548 2.60422 
4.50478 4.59376 4.75082 
4.50478 4.64262 4.62387 
4.50478 4.28305 3.57054 
4.50478 4.93498 4.91376 
4.96548 4.59376 3.78231 
4.96548 4.64262 2.56978 
4.96548 4.28305 1.48371 
4.96548 4.93272 3.70274 
4.96548 4.93498 3.73213 
4.59376 4.64262 4.64841 
4.59376 4.28305 4.61923 
4.59376 4.93272 1.23343 
4.64262 4.28305 1.34596 
4.64262 4.93272 4.65059 
4.64262 4.93498 4.20974 
4.28305 4.93272 4.56403 
4.28305 4.93498 3.23635 
2.65365 2.5895 4.88368 
2.65365 1.27624 3.80097 
2.65365 4.59645 4.80305 
2.65365 2.83952 3.10697 
2.65365 4.55017 3.53 
2.65365 1.39259 1.2906 
2.65365 3.89701 1.28296 
2.65365 3.44251 2.99594 
2.65365 3.23921 3.85465 
2.65365 3.8505 3.47155 
2.65365 3.07233 3.91551 
2.65365 3.22773 4.83523 
2.65365 3.23031 3.26768 
4.53753 4.41191 3.7193 
4.53753 4.12574 2.33884 
4.53753 4.86099 1.42185 
4.53753 4.53281 1.42833 
4.53753 4.0276 2.28517 
4.53753 1.27624 4.81141 
4.53753 4.59645 2.6452 
4.53753 4.08861 1.539 
4.53753 4.34742 3.55099 
4.53753 3.8505 4.78153 
4.53753 4.32518 4.64011 
4.41191 4.12574 1.38542 
4.41191 4.86099 4.96594 
4.41191 4.53281 3.61626 
4.41191 4.0276 2.29165 
4.41191 4.63106 4.99969 
4.41191 1.27624 4.95908 
4.41191 4.59645 3.21094 
4.41191 4.08861 2.67927 
4.41191 2.83952 4.42448 
4.41191 4.55017 4.06994 
4.41191 4.34742 2.73736 
4.41191 3.44251 4.11412 
4.41191 3.07233 4.95031 
4.41191 3.22773 4.90601 
4.41191 4.32518 1.3153 
4.12574 4.86099 3.60019 
4.12574 4.53281 2.44627 
4.12574 4.0276 1.50181 
4.12574 1.27624 4.6277 
4.12574 4.59645 2.34542 
4.12574 4.08861 1.4254 
4.12574 4.55017 4.966 
4.12574 1.39259 4.80993 
4.12574 4.34742 2.57147 
4.12574 4.32518 2.46132 
4.27952 4.97535 3.81443 
4.27952 2.5895 3.30525 
4.27952 4.63106 3.32762 
4.27952 1.27624 3.94681 
4.27952 3.95762 3.72272 
4.27952 2.83952 3.78412 
4.27952 1.39259 4.41438 
4.27952 3.89701 4.80198 
4.27952 3.44251 4.93098 
4.27952 3.23921 1.49218 
4.27952 3.8505 3.10129 
4.27952 3.07233 2.52328 
4.27952 3.22773 2.90471 
4.27952 3.23031 2.16023 
4.86099 4.53281 2.57811 
4.86099 4.93744 4.10788 
4.86099 4.0276 3.61505 
4.86099 4.59645 3.06991 
4.86099 4.08861 2.4323 
4.86099 4.34742 4.82724 
4.86099 3.89701 4.8536 
4.53281 4.0276 1.49366 
4.53281 1.27624 4.47624 
4.53281 4.59645 3.75604 
4.53281 4.08861 2.45744 
4.53281 4.34742 2.44851 
4.53281 3.8505 3.85469 
4.53281 4.32518 4.22171 
4.97535 4.93744 2.50565 
4.97535 2.5895 2.40134 
4.97535 4.63106 1.46813 
4.97535 1.27624 3.79226 
4.97535 3.95762 1.36882 
4.97535 2.83952 4.70425 
4.97535 4.55017 4.88008 
4.97535 3.23921 4.14494 
4.97535 3.07233 3.65994 
4.97535 3.22773 2.41224 
4.93744 2.5895 2.81032 
4.93744 4.63106 3.76968 
4.93744 1.27624 3.76182 
4.93744 4.59645 4.48127 
4.93744 3.95762 1.66849 
4.93744 4.34742 4.54884 
4.93744 3.22773 3.959 
2.5895 4.63106 2.41189 
2.5895 1.27624 1.40689 
2.5895 3.95762 1.43255 
2.5895 2.83952 3.19761 
2.5895 1.39259 3.651 
2.5895 4.34742 4.78093 
2.5895 3.44251 4.25992 
2.5895 3.23921 2.94313 
2.5895 3.8505 4.79461 
2.5895 3.07233 2.49585 
2.5895 3.22773 1.54796 
2.5895 3.23031 3.76104 
4.0276 1.27624 4.0973 
4.0276 4.59645 3.5724 
4.0276 4.08861 2.33221 
4.0276 4.34742 1.33373 
4.0276 4.32518 2.7367 
4.63106 1.27624 3.62051 
4.63106 3.95762 2.24277 
4.63106 2.83952 3.5843 
4.63106 3.44251 4.62049 
4.63106 3.23921 3.32784 
4.63106 3.07233 2.56304 
4.63106 3.22773 1.47777 
4.63106 3.23031 4.60322 
4.63106 4.32518 4.13832 
1.27624 3.95762 2.74097 
1.27624 4.08861 4.7167 
1.27624 2.83952 2.90096 
1.27624 4.55017 4.9657 
1.27624 1.39259 2.53333 
1.27624 4.34742 4.14036 
1.27624 3.44251 3.74198 
1.27624 3.23921 3.15888 
1.27624 3.8505 4.44709 
1.27624 3.07233 2.75791 
1.27624 3.22773 2.37402 
1.27624 3.23031 3.58812 
1.27624 4.32518 4.69686 
4.59645 4.08861 1.31863 
4.59645 1.39259 4.69601 
4.59645 4.34742 4.80938 
4.59645 4.32518 4.3911 
3.95762 2.83952 4.43489 
3.95762 3.23921 3.87572 
3.95762 3.07233 3.5217 
3.95762 3.22773 2.31441 
3.95762 3.23031 4.79321 
4.08861 1.39259 4.57505 
4.08861 4.34742 3.6261 
4.08861 4.32518 3.77415 
2.83952 4.55017 2.5082 
2.83952 1.39259 2.57984 
2.83952 3.89701 3.90041 
2.83952 3.44251 1.21896 
2.83952 3.23921 2.39839 
2.83952 3.8505 4.24035 
2.83952 3.07233 1.38454 
2.83952 3.22773 2.29538 
2.83952 3.23031 3.05558 
2.83952 4.32518 4.31944 
4.55017 1.39259 3.82831 
4.55017 3.89701 3.49719 
4.55017 3.44251 1.31047 
4.55017 3.23921 4.67453 
4.55017 3.07233 3.81845 
4.55017 3.22773 4.66254 
4.55017 3.23031 4.97874 
4.55017 4.32518 4.58699 
1.39259 3.89701 2.56214 
1.39259 3.44251 2.89925 
1.39259 3.23921 3.13264 
1.39259 3.8505 3.23424 
1.39259 3.07233 3.13749 
1.39259 3.22773 3.82032 
1.39259 3.23031 2.7695 
4.34742 4.32518 2.54677 
3.89701 3.44251 3.43546 
3.89701 3.23921 4.84473 
3.89701 3.8505 4.27089 
3.89701 3.07233 4.8697 
3.89701 3.23031 4.2091 
3.44251 3.23921 3.49855 
3.44251 3.8505 4.9509 
3.44251 3.07233 2.57882 
3.44251 3.22773 3.41389 
3.44251 3.23031 3.92718 
3.44251 4.32518 4.34198 
3.23921 3.8505 2.64672 
3.23921 3.07233 1.38837 
3.23921 3.22773 2.33545 
3.23921 3.23031 1.31842 
3.8505 3.07233 3.85171 
3.8505 3.22773 4.7879 
3.8505 3.23031 1.35111 
3.07233 3.22773 1.37348 
3.07233 3.23031 2.5141 
3.07233 4.32518 4.47585 
3.22773 3.23031 3.50882 
3.22773 4.32518 4.34368 
3.27098 1.26684 2.74895 
3.27098 1.19686 3.95976 
3.27098 4.99489 3.70637 
3.27098 3.29389 3.92585 
3.27098 4.65866 2.715 
3.27098 3.18538 4.86486 
3.27098 4.80081 4.44051 
3.27098 2.32958 2.50048 
3.27098 3.98533 1.27737 
3.27098 3.19815 1.49004 
1.26684 2.58764 3.81269 
1.26684 1.19686 2.42832 
1.26684 3.73028 4.98651 
1.26684 3.84792 3.48423 
1.26684 4.99489 4.01957 
1.26684 3.29389 2.42305 
1.26684 4.65866 3.81244 
1.26684 3.72387 4.44515 
1.26684 3.18538 2.66038 
1.26684 4.48554 4.27953 
1.26684 4.80081 3.83608 
1.26684 4.61001 4.83303 
1.26684 3.42226 4.43293 
1.26684 2.32958 1.36944 
1.26684 3.98533 3.4706 
1.26684 4.47542 4.79989 
1.26684 4.01231 4.35556 
1.26684 3.19815 2.42023 
1.26684 4.05824 4.14823 
1.26684 4.89004 4.34336 
1.26684 4.26536 4.3318 
1.26684 4.1644 3.90804 
2.58764 4.70574 2.33884 
2.58764 1.19686 1.42185 
2.58764 3.73028 1.42833 
2.58764 4.81137 2.28517 
2.58764 3.72387 2.6452 
2.58764 3.18538 4.73706 
2.58764 4.89815 3.63717 
2.58764 3.42226 1.539 
2.58764 2.32958 4.54126 
2.58764 4.33132 2.58785 
2.58764 4.01231 3.75668 
4.70574 1.19686 3.60019 
4.70574 3.73028 2.44627 
4.70574 4.81137 1.50181 
4.70574 3.72387 2.34542 
4.70574 4.89815 4.94656 
4.70574 3.42226 1.4254 
4.70574 4.33132 3.70654 
4.70574 4.01231 3.70835 
1.19686 3.73028 2.57811 
1.19686 3.84792 4.42326 
1.19686 3.29389 4.10788 
1.19686 4.81137 3.61505 
1.19686 3.72387 3.06991 
1.19686 3.18538 3.84721 
1.19686 4.48554 4.99575 
1.19686 4.89815 4.10588 
1.19686 4.61001 4.93755 
1.19686 3.42226 2.4323 
1.19686 2.32958 3.24818 
1.19686 4.33132 3.33699 
1.19686 3.98533 4.71549 
1.19686 4.47542 4.8536 
1.19686 4.01231 3.7483 
1.19686 3.19815 3.9575 
1.19686 4.05824 4.67679 
1.19686 4.26536 4.67684 
3.73028 3.84792 4.4714 
3.73028 4.81137 1.49366 
3.73028 3.72387 3.75604 
3.73028 4.48554 4.16419 
3.73028 4.89815 2.56081 
3.73028 3.42226 2.45744 
3.73028 4.33132 1.35428 
3.84792 4.99489 4.9797 
3.84792 3.29389 2.54818 
3.84792 4.81137 3.88182 
3.84792 3.72387 4.13137 
3.84792 3.18538 1.24842 
3.84792 4.48554 1.39972 
3.84792 4.89815 4.35679 
3.84792 4.80081 3.836 
3.84792 4.61001 3.80311 
3.84792 3.42226 4.91916 
3.84792 2.32958 3.52551 
3.84792 4.33132 3.98749 
3.84792 4.01231 3.29251 
3.84792 3.19815 4.95155 
3.84792 4.26536 2.64795 
4.99489 3.29389 2.50565 
4.99489 4.65866 1.28204 
4.99489 3.18538 3.8496 
4.99489 4.80081 1.36882 
4.99489 2.32958 2.6888 
4.99489 3.98533 4.6336 
4.99489 3.19815 2.34848 
4.99489 4.05824 4.91812 
4.99489 4.89004 4.21615 
4.99489 4.1644 4.58697 
3.29389 4.65866 3.05496 
3.29389 3.72387 4.48127 
3.29389 3.18538 1.37079 
3.29389 4.48554 3.85326 
3.29389 4.80081 1.66849 
3.29389 2.32958 1.49668 
3.29389 3.98533 4.92089 
3.29389 4.01231 3.67055 
3.29389 3.19815 2.6409 
3.29389 4.26536 4.74397 
4.81137 3.72387 3.5724 
4.81137 3.18538 4.70728 
4.81137 4.48554 3.69043 
4.81137 4.89815 3.66334 
4.81137 3.42226 2.33221 
4.81137 4.33132 2.44168 
4.81137 4.01231 4.94123 
4.65866 3.18538 4.38403 
4.65866 4.80081 2.49202 
4.65866 2.32958 2.56994 
4.65866 3.98533 3.67782 
4.65866 3.19815 1.56261 
4.65866 4.05824 4.93716 
4.65866 4.89004 4.7808 
4.65866 4.1644 4.88246 
3.72387 3.18538 3.80979 
3.72387 4.48554 4.81323 
3.72387 3.42226 1.31863 
3.72387 2.32958 4.53859 
3.72387 4.01231 1.37927 
3.18538 4.48554 2.59067 
3.18538 4.89815 4.95168 
3.18538 4.80081 2.8283 
3.18538 4.61001 4.60107 
3.18538 3.42226 4.5505 
3.18538 2.32958 2.38211 
3.18538 4.33132 4.67215 
3.18538 4.01231 2.95958 
3.18538 3.19815 3.76243 
3.18538 4.26536 3.56356 
4.48554 4.89815 3.91219 
4.48554 4.61001 2.75708 
4.48554 2.32958 4.65096 
4.48554 4.33132 3.63488 
4.48554 4.01231 4.18858 
4.48554 4.26536 1.56537 
4.89815 4.61001 4.85555 
4.89815 3.42226 4.96678 
4.89815 4.33132 1.25509 
4.89815 4.47542 4.75493 
4.89815 4.89004 4.41527 
4.89815 4.26536 4.33151 
4.80081 2.32958 2.60553 
4.80081 4.01231 4.74227 
4.80081 3.19815 2.99672 
4.80081 4.05824 4.99256 
4.80081 4.89004 4.11282 
4.80081 4.1644 4.56276 
4.61001 3.98533 4.82668 
4.61001 4.05824 4.47781 
4.61001 4.89004 4.60602 
4.61001 4.26536 1.19953 
4.61001 4.1644 4.24015 
3.42226 2.32958 4.7919 
3.42226 4.33132 3.78372 
3.42226 4.01231 2.64815 
2.32958 3.98533 3.51548 
2.32958 4.01231 4.14843 
2.32958 3.19815 1.45977 
4.33132 4.26536 4.45733 
3.98533 3.19815 2.64388 
3.98533 4.26536 4.89397 
4.47542 4.01231 4.89918 
4.47542 4.05824 1.31633 
4.47542 4.89004 3.67424 
4.47542 4.1644 2.50693 
4.01231 4.05824 4.75082 
4.01231 4.26536 4.86235 
4.05824 4.89004 2.45363 
4.05824 4.26536 4.99457 
4.05824 4.1644 1.23343 
4.89004 4.26536 4.821 
4.89004 4.1644 1.24659 
4.26536 4.1644 4.59713 
4.37879 4.80305 4.63504 
4.37879 3.10697 3.7021 
4.37879 3.53 1.2539 
4.37879 1.2906 4.91005 
4.37879 4.97049 4.5006 
4.37879 1.28296 4.00122 
4.37879 2.99594 2.54314 
4.37879 4.87011 4.65984 
4.37879 2.53578 4.44698 
4.37879 3.91551 4.94639 
4.37879 3.74814 4.75817 
4.88368 3.80097 1.40689 
4.88368 3.10697 3.19761 
4.88368 1.2906 3.651 
4.88368 4.97049 4.99332 
4.88368 2.99594 4.25992 
4.88368 3.85465 2.94313 
4.88368 3.47155 4.79461 
4.88368 3.91551 2.49585 
4.88368 4.83523 1.54796 
4.88368 3.26768 3.76104 
4.88368 4.90489 4.03398 
4.88368 3.74814 4.81253 
3.80097 3.10697 2.90096 
3.80097 3.53 4.9657 
3.80097 1.2906 2.53333 
3.80097 2.99594 3.74198 
3.80097 3.85465 3.15888 
3.80097 3.47155 4.44709 
3.80097 3.91551 2.75791 
3.80097 4.83523 2.37402 
3.80097 3.26768 3.58812 
3.80097 4.90489 4.76465 
4.80305 1.2906 4.69601 
4.80305 4.97049 2.66528 
4.80305 4.87011 1.37927 
4.22887 1.2906 4.28104 
4.22887 1.28296 4.75493 
4.22887 3.85465 3.91952 
4.22887 3.47155 1.34737 
4.22887 3.26768 2.64318 
4.22887 4.90489 4.41527 
3.10697 3.53 2.5082 
3.10697 1.2906 2.57984 
3.10697 1.28296 3.90041 
3.10697 2.99594 1.21896 
3.10697 3.85465 2.39839 
3.10697 3.47155 4.24035 
3.10697 3.91551 1.38454 
3.10697 4.83523 2.29538 
3.10697 3.26768 3.05558 
3.53 1.2906 3.82831 
3.53 1.28296 3.49719 
3.53 2.99594 1.31047 
3.53 3.85465 4.67453 
3.53 2.53578 4.26664 
3.53 3.91551 3.81845 
3.53 4.83523 4.66254 
3.53 3.26768 4.97874 
3.53 3.74814 4.87602 
1.2906 1.28296 2.56214 
1.2906 2.99594 2.89925 
1.2906 3.85465 3.13264 
1.2906 2.53578 3.79698 
1.2906 3.47155 3.23424 
1.2906 3.91551 3.13749 
1.2906 4.83523 3.82032 
1.2906 3.26768 2.7695 
1.2906 3.74814 4.99597 
4.97049 1.28296 4.6748 
4.97049 4.87011 1.37662 
4.97049 2.53578 4.17932 
4.97049 4.90489 4.71284 
4.97049 3.74814 4.32377 
1.28296 2.99594 3.43546 
1.28296 4.87011 4.89918 
1.28296 3.85465 4.84473 
1.28296 2.53578 1.31633 
1.28296 3.47155 4.27089 
1.28296 3.91551 4.8697 
1.28296 3.26768 4.2091 
1.28296 4.90489 3.67424 
1.28296 3.74814 2.50693 
2.99594 3.85465 3.49855 
2.99594 2.53578 4.51069 
2.99594 3.47155 4.9509 
2.99594 3.91551 2.57882 
2.99594 4.83523 3.41389 
2.99594 3.26768 3.92718 
4.87011 2.53578 4.75082 
3.85465 3.47155 2.64672 
3.85465 3.91551 1.38837 
3.85465 4.83523 2.33545 
3.85465 3.26768 1.31842 
3.85465 4.90489 2.74957 
3.85465 3.74814 3.9788 
2.53578 4.90489 2.45363 
2.53578 3.74814 1.23343 
3.47155 3.91551 3.85171 
3.47155 4.83523 4.7879 
3.47155 3.26768 1.35111 
3.47155 4.90489 3.57014 
3.47155 3.74814 4.59685 
3.91551 4.83523 1.37348 
3.91551 3.26768 2.5141 
3.91551 4.90489 3.80387 
3.91551 3.74814 4.94915 
4.83523 3.26768 3.50882 
4.83523 4.90489 3.95788 
4.83523 3.74814 4.89926 
3.26768 4.90489 3.05726 
3.26768 3.74814 4.25526 
4.90489 3.74814 1.24659 
2.74895 3.95976 2.42832 
2.74895 3.70637 4.01957 
2.74895 3.92585 2.42305 
2.74895 2.715 3.81244 
2.74895 4.86486 2.66038 
2.74895 4.44051 3.83608 
2.74895 2.50048 1.36944 
2.74895 2.59196 4.50171 
2.74895 1.27737 3.4706 
2.74895 1.49004 2.42023 
3.38452 3.70637 2.44156 
3.38452 4.59833 1.3692 
3.38452 3.92585 4.44013 
3.38452 4.88902 2.84835 
3.38452 2.715 1.48442 
3.38452 4.44051 3.72309 
3.38452 2.50048 3.90964 
3.38452 4.62754 2.7764 
3.38452 1.27737 4.22581 
3.38452 4.89683 3.85347 
3.38452 1.49004 2.68499 
3.95976 3.92585 4.10788 
3.95976 4.86486 3.84721 
3.95976 2.50048 3.24818 
3.95976 1.27737 4.71549 
3.95976 1.49004 3.9575 
3.70637 4.59833 2.90451 
3.70637 3.92585 2.50565 
3.70637 4.88902 1.46813 
3.70637 2.715 1.28204 
3.70637 4.86486 3.8496 
3.70637 4.44051 1.36882 
3.70637 2.50048 2.6888 
3.70637 4.62754 4.88008 
3.70637 1.27737 4.6336 
3.70637 1.49004 2.34848 
4.59833 4.88902 2.56645 
4.59833 2.715 2.43635 
4.59833 4.44051 4.1853 
4.59833 4.62754 3.46947 
4.59833 3.85263 4.49523 
4.59833 4.89683 4.72241 
4.59833 1.49004 3.8791 
3.92585 4.88902 3.76968 
3.92585 2.715 3.05496 
3.92585 4.86486 1.37079 
3.92585 4.44051 1.66849 
3.92585 2.50048 1.49668 
3.92585 1.27737 4.92089 
3.92585 1.49004 2.6409 
4.88902 2.715 2.32514 
4.88902 4.44051 2.24277 
4.88902 2.50048 4.12581 
4.88902 4.89683 4.62049 
4.88902 1.49004 3.68595 
2.715 4.86486 4.38403 
2.715 4.44051 2.49202 
2.715 2.50048 2.56994 
2.715 4.62754 3.89984 
2.715 2.59196 4.6987 
2.715 1.27737 3.67782 
2.715 4.89683 4.727 
2.715 1.49004 1.56261 
4.86486 4.44051 2.8283 
4.86486 2.50048 2.38211 
4.86486 1.49004 3.76243 
4.44051 2.50048 2.60553 
4.44051 1.49004 2.99672 
2.50048 2.59196 4.65819 
2.50048 1.27737 3.51548 
2.50048 1.49004 1.45977 
4.62754 2.59196 4.91978 
4.62754 3.85263 4.22389 
4.62754 4.89683 1.31047 
4.62754 1.49004 4.38483 
2.59196 3.85263 1.26938 
2.59196 1.27737 1.32935 
2.59196 1.49004 3.85231 
3.85263 1.27737 2.58674 
1.27737 1.49004 2.64388 
4.89683 1.49004 4.83654 
2.33328 1.41565 2.8463 
2.33328 4.57862 2.44156 
2.33328 2.54047 1.3692 
2.33328 4.77925 2.84835 
2.33328 3.72213 1.48442 
2.33328 4.63504 4.56344 
2.33328 4.03285 2.46322 
2.33328 2.64971 4.0709 
2.33328 1.2539 2.7764 
2.33328 2.29902 2.49911 
2.33328 4.5006 4.28896 
2.33328 4.00122 4.6419 
2.33328 2.54314 3.85347 
2.33328 4.65984 4.37302 
2.33328 4.56701 4.59678 
2.33328 4.61186 2.68499 
2.33328 4.44698 4.72837 
2.33328 3.65236 4.52521 
2.33328 3.6714 3.90686 
2.33328 4.75817 4.75185 
4.39854 4.77925 4.99969 
4.39854 4.63504 3.21094 
4.39854 4.03285 4.84022 
4.39854 3.7021 4.42448 
4.39854 1.2539 4.06994 
4.39854 2.54314 4.11412 
4.39854 4.65984 4.42362 
4.39854 4.94639 4.95031 
1.41565 4.57862 4.90679 
1.41565 2.54047 2.28856 
1.41565 4.77925 4.66972 
1.41565 3.72213 4.2797 
1.41565 4.63504 4.6582 
1.41565 4.03285 3.62551 
1.41565 4.98385 3.578 
1.41565 2.64971 1.35853 
1.41565 1.2539 2.65336 
1.41565 2.29902 1.3378 
1.41565 4.21735 3.51991 
1.41565 3.33721 2.43322 
1.41565 4.5006 3.77203 
1.41565 4.00122 4.86774 
1.41565 2.54314 3.90275 
1.41565 4.65984 4.31816 
1.41565 4.56701 3.50609 
1.41565 3.65236 2.23724 
1.41565 3.6714 2.41515 
4.57862 2.54047 2.90451 
4.57862 4.77925 1.46813 
4.57862 3.72213 1.28204 
4.57862 4.03285 2.44833 
4.57862 3.7021 4.70425 
4.57862 1.2539 4.88008 
4.57862 2.29902 4.33034 
4.57862 4.61186 2.34848 
4.57862 4.44698 4.91812 
4.57862 4.94639 3.65994 
4.57862 4.75817 4.58697 
2.54047 4.77925 2.56645 
2.54047 3.72213 2.43635 
2.54047 4.63504 4.51611 
2.54047 4.03285 1.5687 
2.54047 4.98385 4.70541 
2.54047 2.64971 3.25033 
2.54047 1.2539 3.46947 
2.54047 2.29902 1.439 
2.54047 3.33721 4.49523 
2.54047 4.5006 3.45421 
2.54047 2.54314 4.72241 
2.54047 4.65984 3.94414 
2.54047 4.56701 3.48565 
2.54047 4.61186 3.8791 
2.54047 4.94639 4.56812 
2.54047 3.65236 3.39087 
2.54047 3.6714 2.66205 
2.54047 4.75817 4.92509 
4.77925 3.72213 2.32514 
4.77925 4.03285 1.37897 
4.77925 3.7021 3.5843 
4.77925 2.29902 3.84359 
4.77925 2.54314 4.62049 
4.77925 4.61186 3.68595 
4.77925 4.94639 2.56304 
4.77925 3.6714 4.59176 
4.77925 4.75817 4.80389 
3.72213 4.03285 2.68653 
3.72213 1.2539 3.89984 
3.72213 2.29902 3.81142 
3.72213 4.21735 4.6987 
3.72213 2.54314 4.727 
3.72213 4.61186 1.56261 
3.72213 4.44698 4.93716 
3.72213 4.94639 4.75238 
3.72213 4.75817 4.88246 
4.63504 2.29902 4.18508 
4.63504 4.91005 4.69601 
4.63504 4.5006 2.66528 
4.63504 4.65984 1.37927 
4.63504 4.56701 3.80842 
4.63504 3.6714 4.56197 
4.03285 2.64971 4.24756 
4.03285 3.7021 4.21019 
4.03285 1.2539 4.9117 
4.03285 2.29902 2.61137 
4.03285 4.5006 4.10407 
4.03285 4.65984 4.779 
4.03285 4.56701 3.97864 
4.03285 4.61186 4.21585 
4.03285 4.94639 3.20014 
4.03285 3.65236 4.06201 
4.03285 3.6714 3.22281 
4.98385 2.64971 2.44479 
4.98385 2.29902 3.47524 
4.98385 4.21735 3.69768 
4.98385 3.33721 2.93098 
4.98385 4.5006 4.43164 
4.98385 4.56701 3.27942 
4.98385 4.44698 4.47781 
4.98385 3.65236 1.40872 
4.98385 3.6714 2.41136 
4.98385 4.75817 4.24015 
2.64971 1.2539 3.7967 
2.64971 2.29902 2.06899 
2.64971 4.21735 2.54889 
2.64971 3.33721 1.38747 
2.64971 4.5006 4.22195 
2.64971 2.54314 4.9403 
2.64971 4.56701 3.56703 
2.64971 3.65236 1.38113 
2.64971 3.6714 2.30482 
3.7021 1.2539 2.5082 
3.7021 4.91005 2.57984 
3.7021 4.00122 3.90041 
3.7021 2.54314 1.21896 
3.7021 4.94639 1.38454 
1.2539 2.29902 3.50378 
1.2539 4.21735 4.91978 
1.2539 4.91005 3.82831 
1.2539 3.33721 4.22389 
1.2539 4.00122 3.49719 
1.2539 2.54314 1.31047 
1.2539 4.61186 4.38483 
1.2539 4.44698 4.26664 
1.2539 4.94639 3.81845 
1.2539 3.65236 4.88398 
1.2539 3.6714 4.90647 
1.2539 4.75817 4.87602 
2.29902 4.21735 4.52534 
2.29902 3.33721 3.42322 
2.29902 4.5006 2.78979 
2.29902 2.54314 4.80928 
2.29902 4.65984 3.52735 
2.29902 4.56701 2.53197 
2.29902 3.65236 2.09269 
2.29902 3.6714 1.50924 
4.21735 3.33721 1.26938 
4.21735 4.61186 3.85231 
4.21735 3.65236 3.51669 
4.21735 3.6714 4.7342 
4.91005 4.00122 2.56214 
4.91005 2.54314 2.89925 
4.91005 4.44698 3.79698 
4.91005 4.94639 3.13749 
4.91005 4.75817 4.99597 
3.33721 4.56701 4.81452 
3.33721 3.65236 2.45218 
3.33721 3.6714 3.61802 
4.5006 4.00122 4.6748 
4.5006 4.65984 1.37662 
4.5006 4.56701 1.25009 
4.5006 4.44698 4.17932 
4.5006 3.65236 3.52507 
4.5006 3.6714 2.37923 
4.5006 4.75817 4.32377 
4.00122 2.54314 3.43546 
4.00122 4.65984 4.89918 
4.00122 4.56701 4.56061 
4.00122 4.44698 1.31633 
4.00122 4.94639 4.8697 
4.00122 4.75817 2.50693 
2.54314 4.61186 4.83654 
2.54314 4.44698 4.51069 
2.54314 4.94639 2.57882 
4.65984 4.56701 2.60422 
4.65984 4.44698 4.75082 
4.65984 3.65236 4.62387 
4.65984 3.6714 3.57054 
4.56701 4.44698 3.78231 
4.56701 3.65236 2.56978 
4.56701 3.6714 1.48371 
4.56701 4.75817 3.70274 
4.44698 3.65236 4.64841 
4.44698 3.6714 4.61923 
4.44698 4.75817 1.23343 
4.94639 4.75817 4.94915 
3.65236 3.6714 1.34596 
3.65236 4.75817 4.65059 
3.6714 4.75817 4.56403 
3.81269 2.42832 1.42185 
3.81269 4.98651 1.42833 
3.81269 4.44515 2.6452 
3.81269 2.66038 4.73706 
3.81269 4.43293 1.539 
3.81269 1.36944 4.54126 
3.81269 4.50171 4.9018 
3.81269 4.35556 3.75668 
2.42832 4.98651 2.57811 
2.42832 3.48423 4.42326 
2.42832 2.42305 4.10788 
2.42832 4.44515 3.06991 
2.42832 2.66038 3.84721 
2.42832 4.27953 4.99575 
2.42832 4.83303 4.93755 
2.42832 4.43293 2.4323 
2.42832 1.36944 3.24818 
2.42832 3.4706 4.71549 
2.42832 4.79989 4.8536 
2.42832 4.35556 3.7483 
2.42832 2.42023 3.9575 
2.42832 4.14823 4.67679 
2.42832 4.3318 4.67684 
4.98651 3.48423 4.4714 
4.98651 4.44515 3.75604 
4.98651 4.27953 4.16419 
4.98651 4.43293 2.45744 
3.48423 4.01957 4.9797 
3.48423 2.42305 2.54818 
3.48423 4.44515 4.13137 
3.48423 2.66038 1.24842 
3.48423 4.27953 1.39972 
3.48423 3.83608 3.836 
3.48423 4.83303 3.80311 
3.48423 4.43293 4.91916 
3.48423 1.36944 3.52551 
3.48423 4.35556 3.29251 
3.48423 2.42023 4.95155 
3.48423 4.3318 2.64795 
4.01957 2.42305 2.50565 
4.01957 3.81244 1.28204 
4.01957 2.66038 3.8496 
4.01957 3.83608 1.36882 
4.01957 1.36944 2.6888 
4.01957 3.4706 4.6336 
4.01957 2.42023 2.34848 
4.01957 4.14823 4.91812 
4.01957 4.34336 4.21615 
4.01957 3.90804 4.58697 
2.42305 3.81244 3.05496 
2.42305 4.44515 4.48127 
2.42305 2.66038 1.37079 
2.42305 4.27953 3.85326 
2.42305 3.83608 1.66849 
2.42305 1.36944 1.49668 
2.42305 3.4706 4.92089 
2.42305 4.35556 3.67055 
2.42305 2.42023 2.6409 
2.42305 4.3318 4.74397 
3.81244 2.66038 4.38403 
3.81244 3.83608 2.49202 
3.81244 1.36944 2.56994 
3.81244 4.50171 4.6987 
3.81244 3.4706 3.67782 
3.81244 2.42023 1.56261 
3.81244 4.14823 4.93716 
3.81244 4.34336 4.7808 
3.81244 3.90804 4.88246 
4.44515 2.66038 3.80979 
4.44515 4.27953 4.81323 
4.44515 4.43293 1.31863 
4.44515 1.36944 4.53859 
4.44515 4.35556 1.37927 
2.66038 4.27953 2.59067 
2.66038 3.83608 2.8283 
2.66038 4.83303 4.60107 
2.66038 4.43293 4.5505 
2.66038 1.36944 2.38211 
2.66038 4.35556 2.95958 
2.66038 2.42023 3.76243 
2.66038 4.3318 3.56356 
4.27953 4.83303 2.75708 
4.27953 1.36944 4.65096 
4.27953 4.50171 4.88637 
4.27953 4.35556 4.18858 
4.27953 4.3318 1.56537 
3.83608 1.36944 2.60553 
3.83608 4.35556 4.74227 
3.83608 2.42023 2.99672 
3.83608 4.14823 4.99256 
3.83608 4.34336 4.11282 
3.83608 3.90804 4.56276 
4.83303 4.50171 3.69768 
4.83303 3.4706 4.82668 
4.83303 4.14823 4.47781 
4.83303 4.34336 4.60602 
4.83303 4.3318 1.19953 
4.83303 3.90804 4.24015 
4.43293 1.36944 4.7919 
4.43293 4.50171 4.9112 
4.43293 4.35556 2.64815 
1.36944 4.50171 4.65819 
1.36944 3.4706 3.51548 
1.36944 4.35556 4.14843 
1.36944 2.42023 1.45977 
4.50171 3.4706 1.32935 
4.50171 2.42023 3.85231 
4.50171 4.3318 3.97294 
3.4706 2.42023 2.64388 
3.4706 4.3318 4.89397 
4.79989 4.35556 4.89918 
4.79989 4.14823 1.31633 
4.79989 4.34336 3.67424 
4.79989 3.90804 2.50693 
4.35556 4.14823 4.75082 
4.35556 4.3318 4.86235 
4.14823 4.34336 2.45363 
4.14823 4.3318 4.99457 
4.14823 3.90804 1.23343 
4.34336 4.3318 4.821 
4.34336 3.90804 1.24659 
4.3318 3.90804 4.59713 
2.8463 2.44156 4.90679 
2.8463 1.3692 2.28856 
2.8463 2.84835 4.66972 
2.8463 1.48442 4.2797 
2.8463 4.56344 4.6582 
2.8463 2.46322 3.62551 
2.8463 4.0709 1.35853 
2.8463 2.7764 2.65336 
2.8463 2.49911 1.3378 
2.8463 4.28896 3.77203 
2.8463 4.22581 4.66372 
2.8463 4.6419 4.86774 
2.8463 3.85347 3.90275 
2.8463 4.37302 4.31816 
2.8463 4.59678 3.50609 
2.8463 4.52521 2.23724 
2.8463 3.90686 2.41515 
2.8463 3.72873 4.4459 
4.67655 2.44156 3.81443 
4.67655 1.3692 4.34096 
4.67655 4.70735 3.30525 
4.67655 2.84835 3.32762 
4.67655 1.48442 4.60287 
4.67655 2.46322 3.72189 
4.67655 3.72309 3.72272 
4.67655 4.6419 4.80198 
4.67655 3.85347 4.93098 
4.67655 4.59678 4.78491 
4.67655 4.72837 3.67581 
4.67655 4.24162 2.90471 
4.67655 4.75944 1.3196 
4.67655 4.75185 2.52926 
4.67655 3.72873 4.37996 
2.44156 1.3692 2.90451 
2.44156 4.44013 2.50565 
2.44156 4.70735 2.40134 
2.44156 2.84835 1.46813 
2.44156 1.48442 1.28204 
2.44156 2.46322 2.44833 
2.44156 3.72309 1.36882 
2.44156 3.90964 2.6888 
2.44156 2.7764 4.88008 
2.44156 2.49911 4.33034 
2.44156 4.22581 4.6336 
2.44156 2.68499 2.34848 
2.44156 4.72837 4.91812 
2.44156 4.24162 2.41224 
2.44156 4.63432 4.17481 
2.44156 4.75944 4.21615 
2.44156 4.75185 4.58697 
2.44156 3.72873 3.5442 
1.3692 4.70735 4.80799 
1.3692 2.84835 2.56645 
1.3692 1.48442 2.43635 
1.3692 4.56344 4.51611 
1.3692 2.46322 1.5687 
1.3692 3.72309 4.1853 
1.3692 4.0709 3.25033 
1.3692 2.7764 3.46947 
1.3692 2.49911 1.439 
1.3692 4.28896 3.45421 
1.3692 3.85347 4.72241 
1.3692 4.37302 3.94414 
1.3692 4.59678 3.48565 
1.3692 2.68499 3.8791 
1.3692 4.52521 3.39087 
1.3692 4.24162 3.91725 
1.3692 4.63432 3.67847 
1.3692 4.75944 4.68214 
1.3692 3.90686 2.66205 
1.3692 4.75185 4.92509 
1.3692 3.72873 2.66212 
4.44013 4.70735 2.81032 
4.44013 2.84835 3.76968 
4.44013 1.48442 3.05496 
4.44013 4.56344 4.48127 
4.44013 2.46322 4.93911 
4.44013 3.72309 1.66849 
4.44013 3.90964 1.49668 
4.44013 4.28896 3.85839 
4.44013 4.22581 4.92089 
4.44013 4.37302 3.67055 
4.44013 4.59678 4.53598 
4.44013 2.68499 2.6409 
4.44013 4.24162 3.959 
4.70735 2.84835 2.41189 
4.70735 1.48442 3.6738 
4.70735 2.46322 3.74967 
4.70735 3.72309 1.43255 
4.70735 3.90964 3.97208 
4.70735 4.28896 4.99332 
4.70735 3.85347 4.25992 
4.70735 4.59678 4.97461 
4.70735 2.68499 4.39173 
4.70735 4.24162 1.54796 
4.70735 4.63432 4.68508 
4.70735 4.75944 4.03398 
4.70735 4.75185 4.81253 
4.70735 3.72873 4.32095 
2.84835 1.48442 2.32514 
2.84835 2.46322 1.37897 
2.84835 3.72309 2.24277 
2.84835 3.90964 4.12581 
2.84835 2.49911 3.84359 
2.84835 3.85347 4.62049 
2.84835 2.68499 3.68595 
2.84835 4.24162 1.47777 
2.84835 4.63432 2.87831 
2.84835 4.75944 4.12251 
2.84835 3.90686 4.59176 
2.84835 4.75185 4.80389 
2.84835 3.72873 2.20921 
1.48442 2.46322 2.68653 
1.48442 3.72309 2.49202 
1.48442 3.90964 2.56994 
1.48442 2.7764 3.89984 
1.48442 2.49911 3.81142 
1.48442 4.22581 3.67782 
1.48442 3.85347 4.727 
1.48442 2.68499 1.56261 
1.48442 4.72837 4.93716 
1.48442 4.24162 3.58099 
1.48442 4.63432 4.61899 
1.48442 4.75944 4.7808 
1.48442 4.75185 4.88246 
1.48442 3.72873 3.914 
4.56344 3.90964 4.53859 
4.56344 2.49911 4.18508 
4.56344 4.28896 2.66528 
4.56344 4.37302 1.37927 
4.56344 4.59678 3.80842 
4.56344 3.90686 4.56197 
2.46322 3.72309 3.52277 
2.46322 4.0709 4.24756 
2.46322 2.7764 4.9117 
2.46322 2.49911 2.61137 
2.46322 4.28896 4.10407 
2.46322 4.37302 4.779 
2.46322 4.59678 3.97864 
2.46322 2.68499 4.21585 
2.46322 4.52521 4.06201 
2.46322 4.24162 2.57349 
2.46322 4.63432 2.39244 
2.46322 4.75944 4.46931 
2.46322 3.90686 3.22281 
2.46322 3.72873 1.36415 
3.72309 3.90964 2.60553 
3.72309 4.28896 4.50569 
3.72309 4.37302 4.74227 
3.72309 4.59678 4.76645 
3.72309 2.68499 2.99672 
3.72309 4.72837 4.99256 
3.72309 4.24162 2.31441 
3.72309 4.63432 4.94073 
3.72309 4.75944 4.11282 
3.72309 4.75185 4.56276 
3.72309 3.72873 4.43823 
4.0709 2.7764 3.7967 
4.0709 2.49911 2.06899 
4.0709 4.28896 4.22195 
4.0709 4.22581 3.80492 
4.0709 3.85347 4.9403 
4.0709 4.59678 3.56703 
4.0709 4.52521 1.38113 
4.0709 3.90686 2.30482 
4.0709 3.72873 4.79263 
3.90964 4.28896 4.69472 
3.90964 4.22581 3.51548 
3.90964 4.37302 4.14843 
3.90964 2.68499 1.45977 
3.90964 4.24162 4.77588 
2.7764 2.49911 3.50378 
2.7764 4.6419 3.49719 
2.7764 3.85347 1.31047 
2.7764 2.68499 4.38483 
2.7764 4.72837 4.26664 
2.7764 4.52521 4.88398 
2.7764 4.24162 4.66254 
2.7764 4.63432 4.78456 
2.7764 3.90686 4.90647 
2.7764 4.75185 4.87602 
2.49911 4.28896 2.78979 
2.49911 3.85347 4.80928 
2.49911 4.37302 3.52735 
2.49911 4.59678 2.53197 
2.49911 4.52521 2.09269 
2.49911 4.63432 4.25552 
2.49911 3.90686 1.50924 
2.49911 3.72873 3.25324 
4.28896 4.6419 4.6748 
4.28896 4.37302 1.37662 
4.28896 4.59678 1.25009 
4.28896 4.72837 4.17932 
4.28896 4.52521 3.52507 
4.28896 4.63432 4.39452 
4.28896 4.75944 4.71284 
4.28896 3.90686 2.37923 
4.28896 4.75185 4.32377 
4.28896 3.72873 4.02627 
4.22581 2.68499 2.64388 
4.22581 4.52521 4.75871 
4.6419 3.85347 3.43546 
4.6419 4.37302 4.89918 
4.6419 4.59678 4.56061 
4.6419 4.72837 1.31633 
4.6419 4.75944 3.67424 
4.6419 4.75185 2.50693 
3.85347 2.68499 4.83654 
3.85347 4.72837 4.51069 
3.85347 4.24162 3.41389 
3.85347 4.63432 4.18725 
3.85347 3.72873 4.47571 
4.37302 4.59678 2.60422 
4.37302 4.72837 4.75082 
4.37302 4.52521 4.62387 
4.37302 3.90686 3.57054 
4.37302 3.72873 4.91376 
4.59678 4.72837 3.78231 
4.59678 4.52521 2.56978 
4.59678 4.63432 4.19973 
4.59678 4.75944 4.01636 
4.59678 3.90686 1.48371 
4.59678 4.75185 3.70274 
4.59678 3.72873 3.73213 
2.68499 4.24162 4.73631 
4.72837 4.52521 4.64841 
4.72837 4.75944 2.45363 
4.72837 3.90686 4.61923 
4.72837 4.75185 1.23343 
4.52521 3.90686 1.34596 
4.52521 4.75185 4.65059 
4.52521 3.72873 4.20974 
4.24162 4.63432 3.28781 
4.24162 4.75944 3.95788 
4.24162 4.75185 4.89926 
4.24162 3.72873 2.88381 
4.63432 3.90686 4.05163 
4.63432 3.72873 1.16985 
4.75944 3.90686 4.92787 
4.75944 4.75185 1.24659 
3.90686 4.75185 4.56403 
3.90686 3.72873 3.23635 
3.7193 2.33884 1.38542 
3.7193 1.42185 4.96594 
3.7193 1.42833 3.61626 
3.7193 2.28517 2.29165 
3.7193 4.81141 4.95908 
3.7193 2.6452 3.21094 
3.7193 1.539 2.67927 
3.7193 2.58785 4.72473 
3.7193 3.55099 2.73736 
3.7193 3.75668 4.42362 
3.7193 4.64011 1.3153 
3.7193 4.26944 3.91197 
2.33884 1.42185 3.60019 
2.33884 1.42833 2.44627 
2.33884 2.28517 1.50181 
2.33884 4.81141 4.6277 
2.33884 2.6452 2.34542 
2.33884 3.63717 4.94656 
2.33884 1.539 1.4254 
2.33884 2.58785 3.70654 
2.33884 3.55099 2.57147 
2.33884 3.75668 3.70835 
2.33884 4.64011 2.46132 
2.33884 4.26944 3.71334 
1.42185 1.42833 2.57811 
1.42185 2.28517 3.61505 
1.42185 2.6452 3.06991 
1.42185 4.73706 3.84721 
1.42185 3.63717 4.10588 
1.42185 1.539 2.4323 
1.42185 4.54126 3.24818 
1.42185 2.58785 3.33699 
1.42185 3.55099 4.82724 
1.42185 3.75668 3.7483 
1.42833 2.28517 1.49366 
1.42833 4.81141 4.47624 
1.42833 2.6452 3.75604 
1.42833 3.63717 2.56081 
1.42833 1.539 2.45744 
1.42833 2.58785 1.35428 
1.42833 3.55099 2.44851 
1.42833 4.78153 3.85469 
1.42833 4.64011 4.22171 
1.42833 4.26944 2.93095 
2.28517 4.81141 4.0973 
2.28517 2.6452 3.5724 
2.28517 4.73706 4.70728 
2.28517 3.63717 3.66334 
2.28517 1.539 2.33221 
2.28517 2.58785 2.44168 
2.28517 3.55099 1.33373 
2.28517 3.75668 4.94123 
2.28517 4.64011 2.7367 
2.28517 4.26944 2.33752 
4.81141 4.73706 4.18672 
4.81141 1.539 4.7167 
4.81141 2.58785 4.67488 
4.81141 3.55099 4.14036 
4.81141 4.78153 4.44709 
4.81141 4.64011 4.69686 
4.81141 4.26944 4.70846 
2.6452 4.73706 3.80979 
2.6452 1.539 1.31863 
2.6452 4.54126 4.53859 
2.6452 3.55099 4.80938 
2.6452 3.75668 1.37927 
2.6452 4.64011 4.3911 
4.73706 3.63717 4.95168 
4.73706 1.539 4.5505 
4.73706 4.54126 2.38211 
4.73706 2.58785 4.67215 
4.73706 3.55099 3.63501 
4.73706 3.75668 2.95958 
4.73706 4.26944 3.05023 
3.63717 1.539 4.96678 
3.63717 2.58785 1.25509 
3.63717 3.55099 3.81228 
3.63717 4.78153 1.34737 
3.63717 4.26944 3.36938 
1.539 4.54126 4.7919 
1.539 4.9018 4.9112 
1.539 2.58785 3.78372 
1.539 3.55099 3.6261 
1.539 3.75668 2.64815 
1.539 4.64011 3.77415 
1.539 4.26944 4.66287 
4.54126 4.9018 4.65819 
4.54126 3.75668 4.14843 
4.9018 4.81671 1.26938 
2.58785 3.55099 2.79825 
2.58785 4.78153 2.5923 
2.58785 4.26944 2.70677 
3.55099 4.64011 2.54677 
3.55099 4.26944 1.23092 
3.75668 4.26944 4.88164 
4.78153 4.26944 4.50376 
4.64011 4.26944 3.60676 
1.38542 4.96594 3.60019 
1.38542 3.61626 2.44627 
1.38542 2.29165 1.50181 
1.38542 4.95908 4.6277 
1.38542 3.21094 2.34542 
1.38542 2.67927 1.4254 
1.38542 4.06994 4.966 
1.38542 4.72473 3.70654 
1.38542 2.73736 2.57147 
1.38542 4.42362 3.70835 
1.38542 2.48452 3.71202 
1.38542 1.3153 2.46132 
1.38542 3.62271 4.87581 
1.38542 3.91197 3.71334 
4.96594 3.61626 2.57811 
4.96594 2.29165 3.61505 
4.96594 3.21094 3.06991 
4.96594 2.67927 2.4323 
4.96594 4.72473 3.33699 
4.96594 2.73736 4.82724 
4.96594 4.42362 3.7483 
3.61626 2.29165 1.49366 
3.61626 4.95908 4.47624 
3.61626 3.21094 3.75604 
3.61626 2.67927 2.45744 
3.61626 4.72473 1.35428 
3.61626 2.73736 2.44851 
3.61626 1.3153 4.22171 
3.61626 3.91197 2.93095 
2.29165 4.95908 4.0973 
2.29165 3.21094 3.5724 
2.29165 2.67927 2.33221 
2.29165 4.72473 2.44168 
2.29165 2.73736 1.33373 
2.29165 4.42362 4.94123 
2.29165 2.48452 3.82775 
2.29165 1.3153 2.7367 
2.29165 3.62271 4.94065 
2.29165 3.91197 2.33752 
4.99969 4.95908 3.62051 
4.99969 4.84022 1.37897 
4.99969 4.42448 3.5843 
4.99969 4.11412 4.62049 
4.99969 4.95031 2.56304 
4.99969 4.90601 1.47777 
4.99969 2.48452 2.87831 
4.99969 1.3153 4.13832 
4.99969 3.62271 2.20921 
4.95908 4.84022 4.89644 
4.95908 2.67927 4.7167 
4.95908 4.42448 2.90096 
4.95908 4.06994 4.9657 
4.95908 4.72473 4.67488 
4.95908 2.73736 4.14036 
4.95908 4.11412 3.74198 
4.95908 4.95031 2.75791 
4.95908 4.90601 2.37402 
4.95908 1.3153 4.69686 
4.95908 3.91197 4.70846 
3.21094 2.67927 1.31863 
3.21094 2.73736 4.80938 
3.21094 4.42362 1.37927 
3.21094 1.3153 4.3911 
4.84022 4.42448 4.21019 
4.84022 4.06994 4.9117 
4.84022 4.42362 4.779 
4.84022 4.95031 3.20014 
4.84022 4.90601 2.57349 
4.84022 2.48452 2.39244 
4.84022 1.3153 3.72068 
4.84022 3.62271 1.36415 
2.67927 4.72473 3.78372 
2.67927 2.73736 3.6261 
2.67927 4.42362 2.64815 
2.67927 1.3153 3.77415 
2.67927 3.91197 4.66287 
4.42448 4.06994 2.5082 
4.42448 4.11412 1.21896 
4.42448 4.95031 1.38454 
4.42448 4.90601 2.29538 
4.42448 2.48452 3.79343 
4.42448 1.3153 4.31944 
4.42448 3.62271 3.80666 
4.06994 4.11412 1.31047 
4.06994 4.95031 3.81845 
4.06994 4.90601 4.66254 
4.06994 2.48452 4.78456 
4.06994 1.3153 4.58699 
4.72473 2.73736 2.79825 
4.72473 3.91197 2.70677 
2.73736 2.48452 3.27228 
2.73736 1.3153 2.54677 
2.73736 3.62271 4.2398 
2.73736 3.91197 1.23092 
4.11412 4.95031 2.57882 
4.11412 4.90601 3.41389 
4.11412 2.48452 4.18725 
4.11412 1.3153 4.34198 
4.11412 3.62271 4.47571 
4.42362 3.62271 4.91376 
4.42362 3.91197 4.88164 
4.95031 4.90601 1.37348 
4.95031 2.48452 3.56937 
4.95031 1.3153 4.47585 
4.95031 3.62271 3.1737 
4.90601 2.48452 3.28781 
4.90601 1.3153 4.34368 
4.90601 3.62271 2.88381 
2.48452 1.3153 1.33423 
2.48452 3.62271 1.16985 
2.48452 3.91197 4.04118 
1.3153 3.62271 2.45546 
1.3153 3.91197 3.60676 
3.62271 3.91197 4.83318 
3.60019 2.44627 2.57811 
3.60019 1.50181 3.61505 
3.60019 2.34542 3.06991 
3.60019 4.94656 4.10588 
3.60019 1.4254 2.4323 
3.60019 3.70654 3.33699 
3.60019 2.57147 4.82724 
3.60019 3.70835 3.7483 
2.44627 1.50181 1.49366 
2.44627 4.6277 4.47624 
2.44627 2.34542 3.75604 
2.44627 4.94656 2.56081 
2.44627 1.4254 2.45744 
2.44627 3.70654 1.35428 
2.44627 2.57147 2.44851 
2.44627 2.46132 4.22171 
2.44627 3.71334 2.93095 
1.50181 4.6277 4.0973 
1.50181 2.34542 3.5724 
1.50181 4.94656 3.66334 
1.50181 1.4254 2.33221 
1.50181 3.70654 2.44168 
1.50181 2.57147 1.33373 
1.50181 3.70835 4.94123 
1.50181 3.71202 3.82775 
1.50181 2.46132 2.7367 
1.50181 4.87581 4.94065 
1.50181 3.71334 2.33752 
4.6277 1.4254 4.7167 
4.6277 4.966 4.9657 
4.6277 4.80993 2.53333 
4.6277 3.70654 4.67488 
4.6277 2.57147 4.14036 
4.6277 2.46132 4.69686 
4.6277 3.71334 4.70846 
2.34542 1.4254 1.31863 
2.34542 4.80993 4.69601 
2.34542 4.88684 2.66528 
2.34542 2.57147 4.80938 
2.34542 3.70835 1.37927 
2.34542 2.46132 4.3911 
4.94656 1.4254 4.96678 
4.94656 4.80993 4.28104 
4.94656 3.70654 1.25509 
4.94656 2.57147 3.81228 
4.94656 3.71334 3.36938 
1.4254 4.80993 4.57505 
1.4254 4.88684 3.95953 
1.4254 3.70654 3.78372 
1.4254 2.57147 3.6261 
1.4254 3.70835 2.64815 
1.4254 2.46132 3.77415 
1.4254 3.71334 4.66287 
4.966 4.80993 3.82831 
4.966 3.71202 4.78456 
4.966 2.46132 4.58699 
4.88684 2.57147 4.98412 
4.88684 3.70835 1.37662 
4.88684 3.71202 4.39452 
4.88684 2.46132 4.93549 
4.88684 4.87581 4.02627 
4.88684 3.71334 4.90249 
3.70654 2.57147 2.79825 
3.70654 3.71334 2.70677 
2.57147 3.71202 3.27228 
2.57147 2.46132 2.54677 
2.57147 4.87581 4.2398 
2.57147 3.71334 1.23092 
3.70835 4.87581 4.91376 
3.70835 3.71334 4.88164 
3.71202 2.46132 1.33423 
3.71202 4.87581 1.16985 
3.71202 3.71334 4.04118 
2.46132 4.87581 2.45546 
2.46132 3.71334 3.60676 
4.87581 3.71334 4.83318 
4.90679 2.28856 2.90451 
4.90679 4.66972 1.46813 
4.90679 4.2797 1.28204 
4.90679 3.62551 2.44833 
4.90679 2.65336 4.88008 
4.90679 1.3378 4.33034 
4.90679 4.66372 4.6336 
4.90679 4.4459 3.5442 
2.28856 4.66972 2.56645 
2.28856 4.2797 2.43635 
2.28856 4.6582 4.51611 
2.28856 3.62551 1.5687 
2.28856 3.578 4.70541 
2.28856 1.35853 3.25033 
2.28856 2.65336 3.46947 
2.28856 1.3378 1.439 
2.28856 2.43322 4.49523 
2.28856 3.77203 3.45421 
2.28856 3.90275 4.72241 
2.28856 4.31816 3.94414 
2.28856 3.50609 3.48565 
2.28856 2.23724 3.39087 
2.28856 2.41515 2.66205 
2.28856 4.4459 2.66212 
4.66972 4.2797 2.32514 
4.66972 3.62551 1.37897 
4.66972 1.3378 3.84359 
4.66972 3.90275 4.62049 
4.66972 2.41515 4.59176 
4.66972 4.4459 2.20921 
4.2797 3.62551 2.68653 
4.2797 2.65336 3.89984 
4.2797 1.3378 3.81142 
4.2797 3.51991 4.6987 
4.2797 4.66372 3.67782 
4.2797 3.90275 4.727 
4.2797 4.4459 3.914 
4.6582 1.3378 4.18508 
4.6582 3.77203 2.66528 
4.6582 4.31816 1.37927 
4.6582 3.50609 3.80842 
4.6582 2.41515 4.56197 
3.62551 1.35853 4.24756 
3.62551 2.65336 4.9117 
3.62551 1.3378 2.61137 
3.62551 3.77203 4.10407 
3.62551 4.31816 4.779 
3.62551 3.50609 3.97864 
3.62551 2.23724 4.06201 
3.62551 2.41515 3.22281 
3.62551 4.4459 1.36415 
3.578 1.35853 2.44479 
3.578 1.3378 3.47524 
3.578 3.51991 3.69768 
3.578 2.43322 2.93098 
3.578 3.77203 4.43164 
3.578 4.66372 4.82668 
3.578 3.50609 3.27942 
3.578 2.23724 1.40872 
3.578 2.41515 2.41136 
3.578 4.66446 1.19953 
1.35853 2.65336 3.7967 
1.35853 1.3378 2.06899 
1.35853 3.51991 2.54889 
1.35853 2.43322 1.38747 
1.35853 3.77203 4.22195 
1.35853 4.66372 3.80492 
1.35853 3.90275 4.9403 
1.35853 3.50609 3.56703 
1.35853 2.23724 1.38113 
1.35853 2.41515 2.30482 
1.35853 4.66446 3.42388 
1.35853 4.4459 4.79263 
2.65336 1.3378 3.50378 
2.65336 3.51991 4.91978 
2.65336 2.43322 4.22389 
2.65336 4.86774 3.49719 
2.65336 3.90275 1.31047 
2.65336 2.23724 4.88398 
2.65336 2.41515 4.90647 
1.3378 3.51991 4.52534 
1.3378 2.43322 3.42322 
1.3378 3.77203 2.78979 
1.3378 3.90275 4.80928 
1.3378 4.31816 3.52735 
1.3378 3.50609 2.53197 
1.3378 2.23724 2.09269 
1.3378 2.41515 1.50924 
1.3378 4.66446 4.62944 
1.3378 4.4459 3.25324 
3.51991 2.43322 1.26938 
3.51991 4.66372 1.32935 
3.51991 2.23724 3.51669 
3.51991 2.41515 4.7342 
3.51991 4.66446 3.97294 
2.43322 4.66372 2.58674 
2.43322 3.50609 4.81452 
2.43322 2.23724 2.45218 
2.43322 2.41515 3.61802 
2.43322 4.66446 3.54437 
3.77203 4.86774 4.6748 
3.77203 4.31816 1.37662 
3.77203 3.50609 1.25009 
3.77203 2.23724 3.52507 
3.77203 2.41515 2.37923 
3.77203 4.4459 4.02627 
4.66372 2.23724 4.75871 
4.66372 4.66446 4.89397 
4.86774 3.90275 3.43546 
4.86774 4.31816 4.89918 
4.86774 3.50609 4.56061 
3.90275 4.4459 4.47571 
4.31816 3.50609 2.60422 
4.31816 2.23724 4.62387 
4.31816 2.41515 3.57054 
4.31816 4.66446 4.86235 
4.31816 4.4459 4.91376 
3.50609 2.23724 2.56978 
3.50609 2.41515 1.48371 
3.50609 4.66446 4.33605 
3.50609 4.4459 3.73213 
2.23724 2.41515 1.34596 
2.23724 4.66446 2.57693 
2.23724 4.4459 4.20974 
2.41515 4.66446 3.55808 
2.41515 4.4459 3.23635 
3.81443 4.34096 2.90451 
3.81443 3.30525 2.40134 
3.81443 3.32762 1.46813 
3.81443 4.60287 1.28204 
3.81443 3.94681 3.79226 
3.81443 3.72189 2.44833 
3.81443 3.72272 1.36882 
3.81443 3.78412 4.70425 
3.81443 1.49218 4.14494 
3.81443 3.67581 4.91812 
3.81443 2.52328 3.65994 
3.81443 2.90471 2.41224 
3.81443 1.3196 4.21615 
3.81443 2.52926 4.58697 
3.81443 4.37996 3.5442 
4.34096 3.30525 4.80799 
4.34096 3.32762 2.56645 
4.34096 4.60287 2.43635 
4.34096 3.72189 1.5687 
4.34096 3.72272 4.1853 
4.34096 4.93098 4.72241 
4.34096 4.78491 3.48565 
4.34096 1.49218 4.95157 
4.34096 2.52328 4.56812 
4.34096 2.90471 3.91725 
4.34096 1.3196 4.68214 
4.34096 2.52926 4.92509 
4.34096 4.37996 2.66212 
3.30525 3.32762 2.41189 
3.30525 4.60287 3.6738 
3.30525 3.94681 1.40689 
3.30525 3.72189 3.74967 
3.30525 3.72272 1.43255 
3.30525 3.78412 3.19761 
3.30525 4.41438 3.651 
3.30525 4.93098 4.25992 
3.30525 4.78491 4.97461 
3.30525 1.49218 2.94313 
3.30525 3.10129 4.79461 
3.30525 2.52328 2.49585 
3.30525 2.90471 1.54796 
3.30525 2.16023 3.76104 
3.30525 1.3196 4.03398 
3.30525 2.52926 4.81253 
3.30525 4.37996 4.32095 
3.32762 4.60287 2.32514 
3.32762 3.94681 3.62051 
3.32762 3.72189 1.37897 
3.32762 3.72272 2.24277 
3.32762 3.78412 3.5843 
3.32762 4.93098 4.62049 
3.32762 1.49218 3.32784 
3.32762 2.52328 2.56304 
3.32762 2.90471 1.47777 
3.32762 2.16023 4.60322 
3.32762 1.3196 4.12251 
3.32762 2.52926 4.80389 
3.32762 4.37996 2.20921 
4.60287 3.72189 2.68653 
4.60287 3.72272 2.49202 
4.60287 4.93098 4.727 
4.60287 3.67581 4.93716 
4.60287 2.52328 4.75238 
4.60287 2.90471 3.58099 
4.60287 1.3196 4.7808 
4.60287 2.52926 4.88246 
4.60287 4.37996 3.914 
3.94681 3.72189 4.89644 
3.94681 3.72272 2.74097 
3.94681 3.78412 2.90096 
3.94681 4.41438 2.53333 
3.94681 4.93098 3.74198 
3.94681 1.49218 3.15888 
3.94681 3.10129 4.44709 
3.94681 2.52328 2.75791 
3.94681 2.90471 2.37402 
3.94681 2.16023 3.58812 
3.94681 1.3196 4.76465 
3.72189 3.72272 3.52277 
3.72189 3.78412 4.21019 
3.72189 4.78491 3.97864 
3.72189 1.49218 3.88449 
3.72189 2.52328 3.20014 
3.72189 2.90471 2.57349 
3.72189 1.3196 4.46931 
3.72189 4.37996 1.36415 
4.19493 4.41438 4.28104 
4.19493 4.80198 4.75493 
4.19493 1.49218 3.91952 
4.19493 3.10129 1.34737 
4.19493 2.16023 2.64318 
4.19493 1.3196 4.41527 
3.72272 3.78412 4.43489 
3.72272 4.78491 4.76645 
3.72272 1.49218 3.87572 
3.72272 3.67581 4.99256 
3.72272 2.52328 3.5217 
3.72272 2.90471 2.31441 
3.72272 2.16023 4.79321 
3.72272 1.3196 4.11282 
3.72272 2.52926 4.56276 
3.72272 4.37996 4.43823 
3.78412 4.41438 2.57984 
3.78412 4.80198 3.90041 
3.78412 4.93098 1.21896 
3.78412 1.49218 2.39839 
3.78412 3.10129 4.24035 
3.78412 2.52328 1.38454 
3.78412 2.90471 2.29538 
3.78412 2.16023 3.05558 
3.78412 4.37996 3.80666 
4.41438 4.80198 2.56214 
4.41438 4.93098 2.89925 
4.41438 1.49218 3.13264 
4.41438 3.67581 3.79698 
4.41438 3.10129 3.23424 
4.41438 2.52328 3.13749 
4.41438 2.90471 3.82032 
4.41438 2.16023 2.7695 
4.41438 2.52926 4.99597 
4.80198 4.93098 3.43546 
4.80198 4.78491 4.56061 
4.80198 1.49218 4.84473 
4.80198 3.67581 1.31633 
4.80198 3.10129 4.27089 
4.80198 2.52328 4.8697 
4.80198 2.16023 4.2091 
4.80198 1.3196 3.67424 
4.80198 2.52926 2.50693 
4.93098 1.49218 3.49855 
4.93098 3.67581 4.51069 
4.93098 3.10129 4.9509 
4.93098 2.52328 2.57882 
4.93098 2.90471 3.41389 
4.93098 2.16023 3.92718 
4.93098 4.37996 4.47571 
4.78491 3.67581 3.78231 
4.78491 1.3196 4.01636 
4.78491 2.52926 3.70274 
4.78491 4.37996 3.73213 
1.49218 3.10129 2.64672 
1.49218 2.52328 1.38837 
1.49218 2.90471 2.33545 
1.49218 2.16023 1.31842 
1.49218 1.3196 2.74957 
1.49218 2.52926 3.9788 
1.49218 4.37996 4.13246 
3.67581 1.3196 2.45363 
3.67581 2.52926 1.23343 
3.10129 2.52328 3.85171 
3.10129 2.90471 4.7879 
3.10129 2.16023 1.35111 
3.10129 1.3196 3.57014 
3.10129 2.52926 4.59685 
2.52328 2.90471 1.37348 
2.52328 2.16023 2.5141 
2.52328 1.3196 3.80387 
2.52328 2.52926 4.94915 
2.52328 4.37996 3.1737 
2.90471 2.16023 3.50882 
2.90471 1.3196 3.95788 
2.90471 2.52926 4.89926 
2.90471 4.37996 2.88381 
2.16023 1.3196 3.05726 
2.16023 2.52926 4.25526 
1.3196 2.52926 1.24659 
2.57811 4.42326 4.4714 
2.57811 3.61505 1.49366 
2.57811 3.06991 3.75604 
2.57811 4.99575 4.16419 
2.57811 4.10588 2.56081 
2.57811 2.4323 2.45744 
2.57811 3.33699 1.35428 
2.57811 4.82724 2.44851 
4.42326 4.10788 2.54818 
4.42326 3.61505 3.88182 
4.42326 3.06991 4.13137 
4.42326 3.84721 1.24842 
4.42326 4.99575 1.39972 
4.42326 4.10588 4.35679 
4.42326 4.93755 3.80311 
4.42326 2.4323 4.91916 
4.42326 3.24818 3.52551 
4.42326 3.33699 3.98749 
4.42326 4.82724 2.68452 
4.42326 3.7483 3.29251 
4.42326 3.9575 4.95155 
4.42326 4.67684 2.64795 
4.10788 3.06991 4.48127 
4.10788 3.84721 1.37079 
4.10788 4.99575 3.85326 
4.10788 3.24818 1.49668 
4.10788 4.82724 4.54884 
4.10788 4.71549 4.92089 
4.10788 3.7483 3.67055 
4.10788 3.9575 2.6409 
4.10788 4.67684 4.74397 
3.61505 3.06991 3.5724 
3.61505 3.84721 4.70728 
3.61505 4.99575 3.69043 
3.61505 4.10588 3.66334 
3.61505 2.4323 2.33221 
3.61505 3.33699 2.44168 
3.61505 4.82724 1.33373 
3.61505 3.7483 4.94123 
3.06991 3.84721 3.80979 
3.06991 4.99575 4.81323 
3.06991 2.4323 1.31863 
3.06991 3.24818 4.53859 
3.06991 4.82724 4.80938 
3.06991 3.7483 1.37927 
3.84721 4.99575 2.59067 
3.84721 4.10588 4.95168 
3.84721 4.93755 4.60107 
3.84721 2.4323 4.5505 
3.84721 3.24818 2.38211 
3.84721 3.33699 4.67215 
3.84721 4.82724 3.63501 
3.84721 3.7483 2.95958 
3.84721 3.9575 3.76243 
3.84721 4.67684 3.56356 
4.99575 4.10588 3.91219 
4.99575 4.93755 2.75708 
4.99575 3.24818 4.65096 
4.99575 3.33699 3.63488 
4.99575 4.82724 2.51462 
4.99575 3.7483 4.18858 
4.99575 4.67684 1.56537 
4.10588 4.93755 4.85555 
4.10588 2.4323 4.96678 
4.10588 3.33699 1.25509 
4.10588 4.82724 3.81228 
4.10588 4.8536 4.75493 
4.10588 4.67684 4.33151 
4.93755 4.71549 4.82668 
4.93755 4.67679 4.47781 
4.93755 4.67684 1.19953 
2.4323 3.24818 4.7919 
2.4323 3.33699 3.78372 
2.4323 4.82724 3.6261 
2.4323 3.7483 2.64815 
3.24818 4.71549 3.51548 
3.24818 3.7483 4.14843 
3.24818 3.9575 1.45977 
3.33699 4.82724 2.79825 
3.33699 4.67684 4.45733 
4.82724 4.67684 3.95527 
4.71549 3.9575 2.64388 
4.71549 4.67684 4.89397 
4.8536 3.7483 4.89918 
4.8536 4.67679 1.31633 
3.7483 4.67679 4.75082 
3.7483 4.67684 4.86235 
4.67679 4.67684 4.99457 
4.4714 1.49366 3.88182 
4.4714 4.47624 4.51001 
4.4714 3.75604 4.13137 
4.4714 4.16419 1.39972 
4.4714 2.56081 4.35679 
4.4714 2.45744 4.91916 
4.4714 1.35428 3.98749 
4.4714 2.44851 2.68452 
4.4714 4.22171 4.48386 
4.4714 2.93095 1.91243 
1.49366 4.47624 4.0973 
1.49366 3.75604 3.5724 
1.49366 4.16419 3.69043 
1.49366 2.56081 3.66334 
1.49366 2.45744 2.33221 
1.49366 1.35428 2.44168 
1.49366 2.44851 1.33373 
1.49366 4.22171 2.7367 
1.49366 2.93095 2.33752 
4.47624 2.45744 4.7167 
4.47624 1.35428 4.67488 
4.47624 2.44851 4.14036 
4.47624 3.85469 4.44709 
4.47624 4.22171 4.69686 
4.47624 2.93095 4.70846 
3.75604 4.16419 4.81323 
3.75604 2.45744 1.31863 
3.75604 2.44851 4.80938 
3.75604 4.22171 4.3911 
4.16419 2.56081 3.91219 
4.16419 1.35428 3.63488 
4.16419 2.44851 2.51462 
4.16419 3.85469 4.76578 
4.16419 4.22171 4.58829 
4.16419 2.93095 1.3532 
2.56081 2.45744 4.96678 
2.56081 1.35428 1.25509 
2.56081 2.44851 3.81228 
2.56081 3.85469 1.34737 
2.56081 2.93095 3.36938 
2.45744 1.35428 3.78372 
2.45744 2.44851 3.6261 
2.45744 4.22171 3.77415 
2.45744 2.93095 4.66287 
1.35428 2.44851 2.79825 
1.35428 3.85469 2.5923 
1.35428 2.93095 2.70677 
2.44851 4.22171 2.54677 
2.44851 2.93095 1.23092 
3.85469 2.93095 4.50376 
4.22171 2.93095 3.60676 
4.9797 2.54818 2.50565 
4.9797 4.31075 2.40134 
4.9797 4.51001 3.79226 
4.9797 1.24842 3.8496 
4.9797 3.836 1.36882 
4.9797 3.52551 2.6888 
4.9797 4.95155 2.34848 
4.9797 4.62633 4.17481 
2.54818 4.31075 2.81032 
2.54818 4.51001 3.76182 
2.54818 4.13137 4.48127 
2.54818 1.24842 1.37079 
2.54818 1.39972 3.85326 
2.54818 3.836 1.66849 
2.54818 3.52551 1.49668 
2.54818 3.57612 3.85839 
2.54818 2.68452 4.54884 
2.54818 3.29251 3.67055 
2.54818 4.44596 4.53598 
2.54818 4.95155 2.6409 
2.54818 2.64795 4.74397 
2.54818 1.91243 4.13135 
4.31075 4.51001 1.40689 
4.31075 1.24842 3.61683 
4.31075 3.836 1.43255 
4.31075 3.52551 3.97208 
4.31075 3.57612 4.99332 
4.31075 2.68452 4.78093 
4.31075 4.44596 4.97461 
4.31075 4.95155 4.39173 
4.31075 4.62633 4.68508 
3.88182 4.51001 4.0973 
3.88182 4.13137 3.5724 
3.88182 1.24842 4.70728 
3.88182 1.39972 3.69043 
3.88182 4.35679 3.66334 
3.88182 4.91916 2.33221 
3.88182 3.98749 2.44168 
3.88182 2.68452 1.33373 
3.88182 3.29251 4.94123 
3.88182 4.62633 3.82775 
3.88182 4.48386 2.7367 
3.88182 1.91243 2.33752 
4.51001 1.24842 4.18672 
4.51001 3.836 2.74097 
4.51001 4.91916 4.7167 
4.51001 3.98749 4.67488 
4.51001 2.68452 4.14036 
4.51001 4.48386 4.69686 
4.51001 1.91243 4.70846 
4.13137 1.24842 3.80979 
4.13137 1.39972 4.81323 
4.13137 4.91916 1.31863 
4.13137 3.52551 4.53859 
4.13137 3.57612 2.66528 
4.13137 2.68452 4.80938 
4.13137 3.29251 1.37927 
4.13137 4.44596 3.80842 
4.13137 4.48386 4.3911 
1.24842 1.39972 2.59067 
1.24842 4.35679 4.95168 
1.24842 3.836 2.8283 
1.24842 3.80311 4.60107 
1.24842 4.91916 4.5505 
1.24842 3.52551 2.38211 
1.24842 3.57612 3.28121 
1.24842 3.98749 4.67215 
1.24842 2.68452 3.63501 
1.24842 3.29251 2.95958 
1.24842 4.44596 4.15276 
1.24842 4.95155 3.76243 
1.24842 2.64795 3.56356 
1.24842 1.91243 3.05023 
1.39972 4.35679 3.91219 
1.39972 3.80311 2.75708 
1.39972 3.52551 4.65096 
1.39972 3.57612 4.57491 
1.39972 3.98749 3.63488 
1.39972 2.68452 2.51462 
1.39972 3.29251 4.18858 
1.39972 4.62633 4.70299 
1.39972 2.64795 1.56537 
1.39972 4.48386 4.58829 
1.39972 1.91243 1.3532 
4.35679 3.80311 4.85555 
4.35679 4.91916 4.96678 
4.35679 3.98749 1.25509 
4.35679 2.68452 3.81228 
4.35679 2.64795 4.33151 
4.35679 1.91243 3.36938 
3.836 3.52551 2.60553 
3.836 3.57612 4.50569 
3.836 3.29251 4.74227 
3.836 4.44596 4.76645 
3.836 4.95155 2.99672 
3.836 4.62633 4.94073 
3.80311 3.57612 4.43164 
3.80311 4.44596 3.27942 
3.80311 2.64795 1.19953 
3.80311 1.91243 3.85425 
4.91916 3.52551 4.7919 
4.91916 3.57612 3.95953 
4.91916 3.98749 3.78372 
4.91916 2.68452 3.6261 
4.91916 3.29251 2.64815 
4.91916 4.48386 3.77415 
4.91916 1.91243 4.66287 
3.52551 3.57612 4.69472 
3.52551 3.29251 4.14843 
3.52551 4.95155 1.45977 
3.57612 2.68452 4.98412 
3.57612 3.29251 1.37662 
3.57612 4.44596 1.25009 
3.57612 4.62633 4.39452 
3.57612 4.48386 4.93549 
3.57612 1.91243 4.90249 
3.98749 2.68452 2.79825 
3.98749 2.64795 4.45733 
3.98749 1.91243 2.70677 
2.68452 4.62633 3.27228 
2.68452 2.64795 3.95527 
2.68452 4.48386 2.54677 
2.68452 1.91243 1.23092 
3.29251 4.44596 2.60422 
3.29251 2.64795 4.86235 
3.29251 1.91243 4.88164 
4.44596 4.62633 4.19973 
4.44596 2.64795 4.33605 
4.44596 4.48386 4.73926 
4.62633 4.48386 1.33423 
4.62633 1.91243 4.04118 
2.64795 1.91243 2.74682 
4.48386 1.91243 3.60676 
2.90451 2.40134 4.80799 
2.90451 1.46813 2.56645 
2.90451 1.28204 2.43635 
2.90451 2.44833 1.5687 
2.90451 1.36882 4.1853 
2.90451 4.88008 3.46947 
2.90451 4.33034 1.439 
2.90451 4.14494 4.95157 
2.90451 2.34848 3.8791 
2.90451 3.65994 4.56812 
2.90451 2.41224 3.91725 
2.90451 4.17481 3.67847 
2.90451 4.21615 4.68214 
2.90451 4.58697 4.92509 
2.90451 3.5442 2.66212 
2.50565 2.40134 2.81032 
2.50565 1.46813 3.76968 
2.50565 1.28204 3.05496 
2.50565 3.79226 3.76182 
2.50565 3.8496 1.37079 
2.50565 2.44833 4.93911 
2.50565 1.36882 1.66849 
2.50565 2.6888 1.49668 
2.50565 4.6336 4.92089 
2.50565 2.34848 2.6409 
2.50565 2.41224 3.959 
2.40134 1.46813 2.41189 
2.40134 1.28204 3.6738 
2.40134 3.79226 1.40689 
2.40134 3.8496 3.61683 
2.40134 2.44833 3.74967 
2.40134 1.36882 1.43255 
2.40134 2.6888 3.97208 
2.40134 4.70425 3.19761 
2.40134 4.14494 2.94313 
2.40134 2.34848 4.39173 
2.40134 3.65994 2.49585 
2.40134 2.41224 1.54796 
2.40134 4.17481 4.68508 
2.40134 4.21615 4.03398 
2.40134 4.58697 4.81253 
2.40134 3.5442 4.32095 
1.46813 1.28204 2.32514 
1.46813 3.79226 3.62051 
1.46813 2.44833 1.37897 
1.46813 1.36882 2.24277 
1.46813 2.6888 4.12581 
1.46813 4.70425 3.5843 
1.46813 4.33034 3.84359 
1.46813 4.14494 3.32784 
1.46813 2.34848 3.68595 
1.46813 3.65994 2.56304 
1.46813 2.41224 1.47777 
1.46813 4.17481 2.87831 
1.46813 4.21615 4.12251 
1.46813 4.58697 4.80389 
1.46813 3.5442 2.20921 
1.28204 3.8496 4.38403 
1.28204 2.44833 2.68653 
1.28204 1.36882 2.49202 
1.28204 2.6888 2.56994 
1.28204 4.88008 3.89984 
1.28204 4.33034 3.81142 
1.28204 4.6336 3.67782 
1.28204 2.34848 1.56261 
1.28204 4.91812 4.93716 
1.28204 3.65994 4.75238 
1.28204 2.41224 3.58099 
1.28204 4.17481 4.61899 
1.28204 4.21615 4.7808 
1.28204 4.58697 4.88246 
1.28204 3.5442 3.914 
3.79226 3.8496 4.18672 
3.79226 2.44833 4.89644 
3.79226 1.36882 2.74097 
3.79226 4.70425 2.90096 
3.79226 4.88008 4.9657 
3.79226 4.14494 3.15888 
3.79226 3.65994 2.75791 
3.79226 2.41224 2.37402 
3.79226 4.21615 4.76465 
3.8496 1.36882 2.8283 
3.8496 2.6888 2.38211 
3.8496 2.34848 3.76243 
3.8496 2.41224 4.99902 
2.44833 1.36882 3.52277 
2.44833 4.70425 4.21019 
2.44833 4.88008 4.9117 
2.44833 4.33034 2.61137 
2.44833 4.14494 3.88449 
2.44833 2.34848 4.21585 
2.44833 3.65994 3.20014 
2.44833 2.41224 2.57349 
2.44833 4.17481 2.39244 
2.44833 4.21615 4.46931 
2.44833 3.5442 1.36415 
1.36882 2.6888 2.60553 
1.36882 4.70425 4.43489 
1.36882 4.14494 3.87572 
1.36882 2.34848 2.99672 
1.36882 4.91812 4.99256 
1.36882 3.65994 3.5217 
1.36882 2.41224 2.31441 
1.36882 4.17481 4.94073 
1.36882 4.21615 4.11282 
1.36882 4.58697 4.56276 
1.36882 3.5442 4.43823 
2.6888 4.6336 3.51548 
2.6888 2.34848 1.45977 
2.6888 2.41224 4.77588 
4.70425 4.88008 2.5082 
4.70425 4.14494 2.39839 
4.70425 3.65994 1.38454 
4.70425 2.41224 2.29538 
4.70425 4.17481 3.79343 
4.70425 3.5442 3.80666 
4.88008 4.33034 3.50378 
4.88008 4.14494 4.67453 
4.88008 2.34848 4.38483 
4.88008 4.91812 4.26664 
4.88008 3.65994 3.81845 
4.88008 2.41224 4.66254 
4.88008 4.17481 4.78456 
4.88008 4.58697 4.87602 
4.33034 4.17481 4.25552 
4.33034 3.5442 3.25324 
4.6336 2.34848 2.64388 
4.14494 3.65994 1.38837 
4.14494 2.41224 2.33545 
4.14494 4.17481 4.75246 
4.14494 4.21615 2.74957 
4.14494 4.58697 3.9788 
4.14494 3.5442 4.13246 
2.34848 2.41224 4.73631 
4.91812 4.21615 2.45363 
4.91812 4.58697 1.23343 
3.65994 2.41224 1.37348 
3.65994 4.17481 3.56937 
3.65994 4.21615 3.80387 
3.65994 4.58697 4.94915 
3.65994 3.5442 3.1737 
2.41224 4.17481 3.28781 
2.41224 4.21615 3.95788 
2.41224 4.58697 4.89926 
2.41224 3.5442 2.88381 
4.17481 3.5442 1.16985 
4.21615 4.58697 1.24659 
4.80799 2.56645 2.41189 
4.80799 2.43635 3.6738 
4.80799 1.5687 3.74967 
4.80799 4.1853 1.43255 
4.80799 3.45421 4.99332 
4.80799 4.72241 4.25992 
4.80799 3.48565 4.97461 
4.80799 4.95157 2.94313 
4.80799 3.8791 4.39173 
4.80799 4.56812 2.49585 
4.80799 3.91725 1.54796 
4.80799 3.67847 4.68508 
4.80799 4.68214 4.03398 
4.80799 4.92509 4.81253 
4.80799 2.66212 4.32095 
2.56645 2.43635 2.32514 
2.56645 1.5687 1.37897 
2.56645 4.1853 2.24277 
2.56645 1.439 3.84359 
2.56645 4.72241 4.62049 
2.56645 4.95157 3.32784 
2.56645 3.8791 3.68595 
2.56645 4.56812 2.56304 
2.56645 3.91725 1.47777 
2.56645 3.67847 2.87831 
2.56645 4.68214 4.12251 
2.56645 2.66205 4.59176 
2.56645 4.92594 4.13832 
2.56645 4.92509 4.80389 
2.56645 2.66212 2.20921 
2.43635 1.5687 2.68653 
2.43635 4.1853 2.49202 
2.43635 3.46947 3.89984 
2.43635 1.439 3.81142 
2.43635 4.72241 4.727 
2.43635 3.8791 1.56261 
2.43635 4.56812 4.75238 
2.43635 3.91725 3.58099 
2.43635 3.67847 4.61899 
2.43635 4.68214 4.7808 
2.43635 4.92509 4.88246 
2.43635 2.66212 3.914 
4.51611 1.439 4.18508 
4.51611 3.45421 2.66528 
4.51611 3.94414 1.37927 
4.51611 3.48565 3.80842 
4.51611 2.66205 4.56197 
4.51611 4.92594 4.3911 
1.5687 4.1853 3.52277 
1.5687 3.25033 4.24756 
1.5687 3.46947 4.9117 
1.5687 1.439 2.61137 
1.5687 3.45421 4.10407 
1.5687 3.94414 4.779 
1.5687 3.48565 3.97864 
1.5687 4.95157 3.88449 
1.5687 3.8791 4.21585 
1.5687 4.56812 3.20014 
1.5687 3.39087 4.06201 
1.5687 3.91725 2.57349 
1.5687 3.67847 2.39244 
1.5687 4.68214 4.46931 
1.5687 2.66205 3.22281 
1.5687 4.92594 3.72068 
1.5687 2.66212 1.36415 
4.1853 3.45421 4.50569 
4.1853 3.94414 4.74227 
4.1853 3.48565 4.76645 
4.1853 4.95157 3.87572 
4.1853 3.8791 2.99672 
4.1853 4.56812 3.5217 
4.1853 3.91725 2.31441 
4.1853 3.67847 4.94073 
4.1853 4.68214 4.11282 
4.1853 4.92509 4.56276 
4.1853 2.66212 4.43823 
4.70541 3.25033 2.44479 
4.70541 1.439 3.47524 
4.70541 4.49523 2.93098 
4.70541 3.45421 4.43164 
4.70541 3.48565 3.27942 
4.70541 3.39087 1.40872 
4.70541 4.68214 4.60602 
4.70541 2.66205 2.41136 
4.70541 4.92509 4.24015 
3.25033 3.46947 3.7967 
3.25033 1.439 2.06899 
3.25033 4.49523 1.38747 
3.25033 3.45421 4.22195 
3.25033 4.72241 4.9403 
3.25033 3.48565 3.56703 
3.25033 3.39087 1.38113 
3.25033 2.66205 2.30482 
3.25033 2.66212 4.79263 
3.46947 1.439 3.50378 
3.46947 4.49523 4.22389 
3.46947 4.72241 1.31047 
3.46947 4.95157 4.67453 
3.46947 3.8791 4.38483 
3.46947 4.56812 3.81845 
3.46947 3.39087 4.88398 
3.46947 3.91725 4.66254 
3.46947 3.67847 4.78456 
3.46947 2.66205 4.90647 
3.46947 4.92594 4.58699 
3.46947 4.92509 4.87602 
1.439 4.49523 3.42322 
1.439 3.45421 2.78979 
1.439 4.72241 4.80928 
1.439 3.94414 3.52735 
1.439 3.48565 2.53197 
1.439 3.39087 2.09269 
1.439 3.67847 4.25552 
1.439 2.66205 1.50924 
1.439 2.66212 3.25324 
4.49523 3.48565 4.81452 
4.49523 3.39087 2.45218 
4.49523 2.66205 3.61802 
3.45421 3.94414 1.37662 
3.45421 3.48565 1.25009 
3.45421 3.39087 3.52507 
3.45421 3.67847 4.39452 
3.45421 4.68214 4.71284 
3.45421 2.66205 2.37923 
3.45421 4.92594 4.93549 
3.45421 4.92509 4.32377 
3.45421 2.66212 4.02627 
4.72241 4.95157 3.49855 
4.72241 3.8791 4.83654 
4.72241 4.56812 2.57882 
4.72241 3.91725 3.41389 
4.72241 3.67847 4.18725 
4.72241 4.92594 4.34198 
4.72241 2.66212 4.47571 
3.94414 3.48565 2.60422 
3.94414 3.39087 4.62387 
3.94414 2.66205 3.57054 
3.94414 2.66212 4.91376 
3.48565 3.39087 2.56978 
3.48565 3.67847 4.19973 
3.48565 4.68214 4.01636 
3.48565 2.66205 1.48371 
3.48565 4.92594 4.73926 
3.48565 4.92509 3.70274 
3.48565 2.66212 3.73213 
4.95157 4.56812 1.38837 
4.95157 3.91725 2.33545 
4.95157 3.67847 4.75246 
4.95157 4.68214 2.74957 
4.95157 4.92509 3.9788 
4.95157 2.66212 4.13246 
3.8791 3.91725 4.73631 
4.56812 3.91725 1.37348 
4.56812 3.67847 3.56937 
4.56812 4.68214 3.80387 
4.56812 4.92594 4.47585 
4.56812 4.92509 4.94915 
4.56812 2.66212 3.1737 
3.39087 2.66205 1.34596 
3.39087 4.92509 4.65059 
3.39087 2.66212 4.20974 
3.91725 3.67847 3.28781 
3.91725 4.68214 3.95788 
3.91725 4.92594 4.34368 
3.91725 4.92509 4.89926 
3.91725 2.66212 2.88381 
3.67847 2.66205 4.05163 
3.67847 4.92594 1.33423 
3.67847 2.66212 1.16985 
4.68214 2.66205 4.92787 
4.68214 4.92509 1.24659 
2.66205 4.92594 4.89045 
2.66205 4.92509 4.56403 
2.66205 2.66212 3.23635 
4.92594 2.66212 2.45546 
2.81032 3.76968 2.41189 
2.81032 3.05496 3.6738 
2.81032 3.76182 1.40689 
2.81032 1.37079 3.61683 
2.81032 4.93911 3.74967 
2.81032 1.66849 1.43255 
2.81032 1.49668 3.97208 
2.81032 3.85839 4.99332 
2.81032 4.54884 4.78093 
2.81032 4.53598 4.97461 
2.81032 2.6409 4.39173 
2.81032 3.959 1.54796 
3.76968 3.05496 2.32514 
3.76968 3.76182 3.62051 
3.76968 4.93911 1.37897 
3.76968 1.66849 2.24277 
3.76968 1.49668 4.12581 
3.76968 2.6409 3.68595 
3.76968 3.959 1.47777 
3.05496 1.37079 4.38403 
3.05496 4.93911 2.68653 
3.05496 1.66849 2.49202 
3.05496 1.49668 2.56994 
3.05496 4.92089 3.67782 
3.05496 2.6409 1.56261 
3.05496 3.959 3.58099 
3.76182 1.37079 4.18672 
3.76182 4.93911 4.89644 
3.76182 1.66849 2.74097 
3.76182 4.54884 4.14036 
3.76182 3.959 2.37402 
3.76182 4.13135 4.70846 
4.48127 1.37079 3.80979 
4.48127 3.85326 4.81323 
4.48127 1.49668 4.53859 
4.48127 3.85839 2.66528 
4.48127 4.54884 4.80938 
4.48127 3.67055 1.37927 
4.48127 4.53598 3.80842 
1.37079 3.85326 2.59067 
1.37079 1.66849 2.8283 
1.37079 1.49668 2.38211 
1.37079 3.85839 3.28121 
1.37079 4.54884 3.63501 
1.37079 3.67055 2.95958 
1.37079 4.53598 4.15276 
1.37079 2.6409 3.76243 
1.37079 3.959 4.99902 
1.37079 4.74397 3.56356 
1.37079 4.13135 3.05023 
3.85326 1.49668 4.65096 
3.85326 3.85839 4.57491 
3.85326 4.54884 2.51462 
3.85326 3.67055 4.18858 
3.85326 4.74397 1.56537 
3.85326 4.13135 1.3532 
4.93911 1.66849 3.52277 
4.93911 3.85839 4.10407 
4.93911 3.67055 4.779 
4.93911 4.53598 3.97864 
4.93911 2.6409 4.21585 
4.93911 3.959 2.57349 
1.66849 1.49668 2.60553 
1.66849 3.85839 4.50569 
1.66849 3.67055 4.74227 
1.66849 4.53598 4.76645 
1.66849 2.6409 2.99672 
1.66849 3.959 2.31441 
1.49668 3.85839 4.69472 
1.49668 4.92089 3.51548 
1.49668 3.67055 4.14843 
1.49668 2.6409 1.45977 
1.49668 3.959 4.77588 
3.85839 4.54884 4.98412 
3.85839 3.67055 1.37662 
3.85839 4.53598 1.25009 
3.85839 4.13135 4.90249 
4.54884 4.74397 3.95527 
4.54884 4.13135 1.23092 
4.92089 2.6409 2.64388 
4.92089 4.74397 4.89397 
3.67055 4.53598 2.60422 
3.67055 4.74397 4.86235 
3.67055 4.13135 4.88164 
4.53598 4.74397 4.33605 
2.6409 3.959 4.73631 
4.74397 4.13135 2.74682 
2.41189 3.6738 2.32514 
2.41189 1.40689 3.62051 
2.41189 3.74967 1.37897 
2.41189 1.43255 2.24277 
2.41189 3.97208 4.12581 
2.41189 3.19761 3.5843 
2.41189 4.25992 4.62049 
2.41189 2.94313 3.32784 
2.41189 4.39173 3.68595 
2.41189 2.49585 2.56304 
2.41189 1.54796 1.47777 
2.41189 3.76104 4.60322 
2.41189 4.68508 2.87831 
2.41189 4.03398 4.12251 
2.41189 4.81253 4.80389 
2.41189 4.32095 2.20921 
3.6738 3.61683 4.38403 
3.6738 3.74967 2.68653 
3.6738 1.43255 2.49202 
3.6738 3.97208 2.56994 
3.6738 4.25992 4.727 
3.6738 4.39173 1.56261 
3.6738 2.49585 4.75238 
3.6738 1.54796 3.58099 
3.6738 4.68508 4.61899 
3.6738 4.03398 4.7808 
3.6738 4.81253 4.88246 
3.6738 4.32095 3.914 
1.40689 3.61683 4.18672 
1.40689 3.74967 4.89644 
1.40689 1.43255 2.74097 
1.40689 3.19761 2.90096 
1.40689 3.651 2.53333 
1.40689 4.78093 4.14036 
1.40689 4.25992 3.74198 
1.40689 2.94313 3.15888 
1.40689 4.79461 4.44709 
1.40689 2.49585 2.75791 
1.40689 1.54796 2.37402 
1.40689 3.76104 3.58812 
1.40689 4.03398 4.76465 
3.61683 1.43255 2.8283 
3.61683 3.97208 2.38211 
3.61683 4.99332 3.28121 
3.61683 4.78093 3.63501 
3.61683 4.97461 4.15276 
3.61683 4.39173 3.76243 
3.61683 1.54796 4.99902 
3.74967 1.43255 3.52277 
3.74967 3.19761 4.21019 
3.74967 4.99332 4.10407 
3.74967 4.97461 3.97864 
3.74967 2.94313 3.88449 
3.74967 4.39173 4.21585 
3.74967 2.49585 3.20014 
3.74967 1.54796 2.57349 
3.74967 4.68508 2.39244 
3.74967 4.03398 4.46931 
3.74967 4.32095 1.36415 
1.43255 3.97208 2.60553 
1.43255 3.19761 4.43489 
1.43255 4.99332 4.50569 
1.43255 4.97461 4.76645 
1.43255 2.94313 3.87572 
1.43255 4.39173 2.99672 
1.43255 2.49585 3.5217 
1.43255 1.54796 2.31441 
1.43255 3.76104 4.79321 
1.43255 4.68508 4.94073 
1.43255 4.03398 4.11282 
1.43255 4.81253 4.56276 
1.43255 4.32095 4.43823 
3.97208 4.99332 4.69472 
3.97208 4.39173 1.45977 
3.97208 1.54796 4.77588 
3.19761 3.651 2.57984 
3.19761 4.25992 1.21896 
3.19761 2.94313 2.39839 
3.19761 4.79461 4.24035 
3.19761 2.49585 1.38454 
3.19761 1.54796 2.29538 
3.19761 3.76104 3.05558 
3.19761 4.68508 3.79343 
3.19761 4.32095 3.80666 
3.651 4.25992 2.89925 
3.651 2.94313 3.13264 
3.651 4.79461 3.23424 
3.651 2.49585 3.13749 
3.651 1.54796 3.82032 
3.651 3.76104 2.7695 
3.651 4.81253 4.99597 
4.99332 4.78093 4.98412 
4.99332 4.97461 1.25009 
4.99332 4.68508 4.39452 
4.99332 4.03398 4.71284 
4.99332 4.81253 4.32377 
4.99332 4.32095 4.02627 
4.78093 4.68508 3.27228 
4.78093 4.32095 4.2398 
4.25992 2.94313 3.49855 
4.25992 4.39173 4.83654 
4.25992 4.79461 4.9509 
4.25992 2.49585 2.57882 
4.25992 1.54796 3.41389 
4.25992 3.76104 3.92718 
4.25992 4.68508 4.18725 
4.25992 4.32095 4.47571 
4.97461 4.68508 4.19973 
4.97461 4.03398 4.01636 
4.97461 4.81253 3.70274 
4.97461 4.32095 3.73213 
2.94313 4.79461 2.64672 
2.94313 2.49585 1.38837 
2.94313 1.54796 2.33545 
2.94313 3.76104 1.31842 
2.94313 4.68508 4.75246 
2.94313 4.03398 2.74957 
2.94313 4.81253 3.9788 
2.94313 4.32095 4.13246 
4.39173 1.54796 4.73631 
4.79461 2.49585 3.85171 
4.79461 1.54796 4.7879 
4.79461 3.76104 1.35111 
4.79461 4.03398 3.57014 
4.79461 4.81253 4.59685 
2.49585 1.54796 1.37348 
2.49585 3.76104 2.5141 
2.49585 4.68508 3.56937 
2.49585 4.03398 3.80387 
2.49585 4.81253 4.94915 
2.49585 4.32095 3.1737 
1.54796 3.76104 3.50882 
1.54796 4.68508 3.28781 
1.54796 4.03398 3.95788 
1.54796 4.81253 4.89926 
1.54796 4.32095 2.88381 
3.76104 4.03398 3.05726 
3.76104 4.81253 4.25526 
4.68508 4.32095 1.16985 
4.03398 4.81253 1.24659 
4.0973 4.70728 4.18672 
4.0973 2.33221 4.7167 
4.0973 2.44168 4.67488 
4.0973 1.33373 4.14036 
4.0973 2.7367 4.69686 
4.0973 2.33752 4.70846 
3.5724 4.70728 3.80979 
3.5724 3.69043 4.81323 
3.5724 2.33221 1.31863 
3.5724 1.33373 4.80938 
3.5724 4.94123 1.37927 
3.5724 2.7367 4.3911 
4.70728 3.69043 2.59067 
4.70728 3.66334 4.95168 
4.70728 2.33221 4.5505 
4.70728 2.44168 4.67215 
4.70728 1.33373 3.63501 
4.70728 4.94123 2.95958 
4.70728 2.33752 3.05023 
3.69043 3.66334 3.91219 
3.69043 2.44168 3.63488 
3.69043 1.33373 2.51462 
3.69043 4.94123 4.18858 
3.69043 3.82775 4.70299 
3.69043 2.7367 4.58829 
3.69043 2.33752 1.3532 
3.66334 2.33221 4.96678 
3.66334 2.44168 1.25509 
3.66334 1.33373 3.81228 
3.66334 2.33752 3.36938 
2.33221 2.44168 3.78372 
2.33221 1.33373 3.6261 
2.33221 4.94123 2.64815 
2.33221 2.7367 3.77415 
2.33221 2.33752 4.66287 
2.44168 1.33373 2.79825 
2.44168 2.33752 2.70677 
1.33373 3.82775 3.27228 
1.33373 2.7367 2.54677 
1.33373 4.94065 4.2398 
1.33373 2.33752 1.23092 
4.94123 4.94065 4.91376 
4.94123 2.33752 4.88164 
3.82775 2.7367 1.33423 
3.82775 4.94065 1.16985 
3.82775 2.33752 4.04118 
2.7367 4.94065 2.45546 
2.7367 2.33752 3.60676 
4.94065 2.33752 4.83318 
2.32514 1.37897 2.68653 
2.32514 2.24277 2.49202 
2.32514 4.12581 2.56994 
2.32514 3.84359 3.81142 
2.32514 4.62049 4.727 
2.32514 3.68595 1.56261 
2.32514 2.56304 4.75238 
2.32514 1.47777 3.58099 
2.32514 2.87831 4.61899 
2.32514 4.12251 4.7808 
2.32514 4.80389 4.88246 
2.32514 2.20921 3.914 
3.62051 1.37897 4.89644 
3.62051 2.24277 2.74097 
3.62051 3.5843 2.90096 
3.62051 4.62049 3.74198 
3.62051 3.32784 3.15888 
3.62051 2.56304 2.75791 
3.62051 1.47777 2.37402 
3.62051 4.60322 3.58812 
3.62051 4.12251 4.76465 
3.62051 4.13832 4.69686 
1.37897 2.24277 3.52277 
1.37897 3.5843 4.21019 
1.37897 3.84359 2.61137 
1.37897 3.32784 3.88449 
1.37897 3.68595 4.21585 
1.37897 2.56304 3.20014 
1.37897 1.47777 2.57349 
1.37897 2.87831 2.39244 
1.37897 4.12251 4.46931 
1.37897 4.59176 3.22281 
1.37897 4.13832 3.72068 
1.37897 2.20921 1.36415 
2.24277 4.12581 2.60553 
2.24277 3.5843 4.43489 
2.24277 3.32784 3.87572 
2.24277 3.68595 2.99672 
2.24277 2.56304 3.5217 
2.24277 1.47777 2.31441 
2.24277 4.60322 4.79321 
2.24277 2.87831 4.94073 
2.24277 4.12251 4.11282 
2.24277 4.80389 4.56276 
2.24277 2.20921 4.43823 
4.12581 3.68595 1.45977 
4.12581 1.47777 4.77588 
3.5843 4.62049 1.21896 
3.5843 3.32784 2.39839 
3.5843 2.56304 1.38454 
3.5843 1.47777 2.29538 
3.5843 4.60322 3.05558 
3.5843 2.87831 3.79343 
3.5843 4.13832 4.31944 
3.5843 2.20921 3.80666 
3.84359 4.62049 4.80928 
3.84359 2.87831 4.25552 
3.84359 4.59176 1.50924 
3.84359 2.20921 3.25324 
4.62049 3.32784 3.49855 
4.62049 3.68595 4.83654 
4.62049 2.56304 2.57882 
4.62049 1.47777 3.41389 
4.62049 4.60322 3.92718 
4.62049 2.87831 4.18725 
4.62049 4.13832 4.34198 
4.62049 2.20921 4.47571 
3.32784 2.56304 1.38837 
3.32784 1.47777 2.33545 
3.32784 4.60322 1.31842 
3.32784 2.87831 4.75246 
3.32784 4.12251 2.74957 
3.32784 4.80389 3.9788 
3.32784 2.20921 4.13246 
3.68595 1.47777 4.73631 
2.56304 1.47777 1.37348 
2.56304 4.60322 2.5141 
2.56304 2.87831 3.56937 
2.56304 4.12251 3.80387 
2.56304 4.13832 4.47585 
2.56304 4.80389 4.94915 
2.56304 2.20921 3.1737 
1.47777 4.60322 3.50882 
1.47777 2.87831 3.28781 
1.47777 4.12251 3.95788 
1.47777 4.13832 4.34368 
1.47777 4.80389 4.89926 
1.47777 2.20921 2.88381 
4.60322 4.12251 3.05726 
4.60322 4.80389 4.25526 
2.87831 4.59176 4.05163 
2.87831 4.13832 1.33423 
2.87831 2.20921 1.16985 
4.12251 4.59176 4.92787 
4.12251 4.80389 1.24659 
4.59176 4.13832 4.89045 
4.59176 4.80389 4.56403 
4.59176 2.20921 3.23635 
4.13832 2.20921 2.45546 
4.38403 2.49202 2.8283 
4.38403 2.56994 2.38211 
4.38403 1.56261 3.76243 
4.38403 3.58099 4.99902 
2.68653 2.49202 3.52277 
2.68653 3.89984 4.9117 
2.68653 3.81142 2.61137 
2.68653 1.56261 4.21585 
2.68653 4.75238 3.20014 
2.68653 3.58099 2.57349 
2.68653 4.61899 2.39244 
2.68653 4.7808 4.46931 
2.68653 3.914 1.36415 
2.49202 2.56994 2.60553 
2.49202 1.56261 2.99672 
2.49202 4.93716 4.99256 
2.49202 4.75238 3.5217 
2.49202 3.58099 2.31441 
2.49202 4.61899 4.94073 
2.49202 4.7808 4.11282 
2.49202 4.88246 4.56276 
2.49202 3.914 4.43823 
2.56994 4.6987 4.65819 
2.56994 3.67782 3.51548 
2.56994 1.56261 1.45977 
2.56994 3.58099 4.77588 
3.89984 3.81142 3.50378 
3.89984 4.6987 4.91978 
3.89984 4.727 1.31047 
3.89984 1.56261 4.38483 
3.89984 4.93716 4.26664 
3.89984 4.75238 3.81845 
3.89984 3.58099 4.66254 
3.89984 4.61899 4.78456 
3.89984 4.88246 4.87602 
3.81142 4.6987 4.52534 
3.81142 4.727 4.80928 
3.81142 4.61899 4.25552 
3.81142 3.914 3.25324 
4.6987 3.67782 1.32935 
4.6987 1.56261 3.85231 
3.67782 1.56261 2.64388 
4.727 1.56261 4.83654 
4.727 4.93716 4.51069 
4.727 4.75238 2.57882 
4.727 3.58099 3.41389 
4.727 4.61899 4.18725 
4.727 3.914 4.47571 
1.56261 3.58099 4.73631 
4.93716 4.7808 2.45363 
4.93716 4.88246 1.23343 
4.75238 3.58099 1.37348 
4.75238 4.61899 3.56937 
4.75238 4.7808 3.80387 
4.75238 4.88246 4.94915 
4.75238 3.914 3.1737 
3.58099 4.61899 3.28781 
3.58099 4.7808 3.95788 
3.58099 4.88246 4.89926 
3.58099 3.914 2.88381 
4.61899 3.914 1.16985 
4.7808 4.88246 1.24659 
4.18672 2.74097 2.8283 
4.18672 4.7167 4.5505 
4.18672 4.67488 4.67215 
4.18672 4.14036 3.63501 
4.18672 2.37402 4.99902 
4.18672 4.70846 3.05023 
4.89644 2.74097 3.52277 
4.89644 2.90096 4.21019 
4.89644 4.9657 4.9117 
4.89644 3.15888 3.88449 
4.89644 2.75791 3.20014 
4.89644 2.37402 2.57349 
4.89644 4.76465 4.46931 
4.89644 4.69686 3.72068 
2.74097 2.90096 4.43489 
2.74097 3.15888 3.87572 
2.74097 2.75791 3.5217 
2.74097 2.37402 2.31441 
2.74097 3.58812 4.79321 
2.74097 4.76465 4.11282 
4.7167 2.53333 4.57505 
4.7167 4.67488 3.78372 
4.7167 4.14036 3.6261 
4.7167 4.69686 3.77415 
4.7167 4.70846 4.66287 
2.90096 4.9657 2.5082 
2.90096 2.53333 2.57984 
2.90096 3.74198 1.21896 
2.90096 3.15888 2.39839 
2.90096 4.44709 4.24035 
2.90096 2.75791 1.38454 
2.90096 2.37402 2.29538 
2.90096 3.58812 3.05558 
2.90096 4.69686 4.31944 
4.9657 2.53333 3.82831 
4.9657 3.74198 1.31047 
4.9657 3.15888 4.67453 
4.9657 2.75791 3.81845 
4.9657 2.37402 4.66254 
4.9657 3.58812 4.97874 
4.9657 4.69686 4.58699 
2.53333 3.74198 2.89925 
2.53333 3.15888 3.13264 
2.53333 4.44709 3.23424 
2.53333 2.75791 3.13749 
2.53333 2.37402 3.82032 
2.53333 3.58812 2.7695 
4.67488 4.14036 2.79825 
4.67488 4.44709 2.5923 
4.67488 3.58812 3.8574 
4.67488 4.70846 2.70677 
4.14036 4.69686 2.54677 
4.14036 4.70846 1.23092 
3.74198 3.15888 3.49855 
3.74198 4.44709 4.9509 
3.74198 2.75791 2.57882 
3.74198 2.37402 3.41389 
3.74198 3.58812 3.92718 
3.74198 4.69686 4.34198 
3.15888 4.44709 2.64672 
3.15888 2.75791 1.38837 
3.15888 2.37402 2.33545 
3.15888 3.58812 1.31842 
3.15888 4.76465 2.74957 
4.44709 2.75791 3.85171 
4.44709 2.37402 4.7879 
4.44709 3.58812 1.35111 
4.44709 4.76465 3.57014 
4.44709 4.70846 4.50376 
2.75791 2.37402 1.37348 
2.75791 3.58812 2.5141 
2.75791 4.76465 3.80387 
2.75791 4.69686 4.47585 
2.37402 3.58812 3.50882 
2.37402 4.76465 3.95788 
2.37402 4.69686 4.34368 
3.58812 4.76465 3.05726 
4.69686 4.70846 3.60676 
3.80979 4.81323 2.59067 
3.80979 1.31863 4.5505 
3.80979 4.53859 2.38211 
3.80979 2.66528 3.28121 
3.80979 4.80938 3.63501 
3.80979 1.37927 2.95958 
3.80979 3.80842 4.15276 
4.81323 4.53859 4.65096 
4.81323 2.66528 4.57491 
4.81323 4.80938 2.51462 
4.81323 1.37927 4.18858 
4.81323 4.3911 4.58829 
1.31863 4.53859 4.7919 
1.31863 4.69601 4.57505 
1.31863 2.66528 3.95953 
1.31863 4.80938 3.6261 
1.31863 1.37927 2.64815 
1.31863 4.3911 3.77415 
4.53859 2.66528 4.69472 
4.53859 1.37927 4.14843 
4.18508 2.66528 2.78979 
4.18508 1.37927 3.52735 
4.18508 3.80842 2.53197 
4.18508 4.56197 1.50924 
2.66528 4.80938 4.98412 
2.66528 1.37927 1.37662 
2.66528 3.80842 1.25009 
2.66528 4.56197 2.37923 
2.66528 4.3911 4.93549 
4.80938 4.3911 2.54677 
1.37927 3.80842 2.60422 
1.37927 4.56197 3.57054 
3.80842 4.56197 1.48371 
3.80842 4.3911 4.73926 
4.56197 4.3911 4.89045 
2.59067 4.95168 3.91219 
2.59067 4.60107 2.75708 
2.59067 2.38211 4.65096 
2.59067 3.28121 4.57491 
2.59067 4.67215 3.63488 
2.59067 3.63501 2.51462 
2.59067 2.95958 4.18858 
2.59067 3.56356 1.56537 
2.59067 3.05023 1.3532 
4.95168 4.60107 4.85555 
4.95168 4.5505 4.96678 
4.95168 4.67215 1.25509 
4.95168 3.63501 3.81228 
4.95168 3.56356 4.33151 
4.95168 3.05023 3.36938 
2.8283 2.38211 2.60553 
2.8283 3.28121 4.50569 
2.8283 2.95958 4.74227 
2.8283 4.15276 4.76645 
2.8283 3.76243 2.99672 
2.8283 4.99902 2.31441 
4.60107 3.28121 4.43164 
4.60107 4.15276 3.27942 
4.60107 3.56356 1.19953 
4.60107 3.05023 3.85425 
4.5505 2.38211 4.7919 
4.5505 3.28121 3.95953 
4.5505 4.67215 3.78372 
4.5505 3.63501 3.6261 
4.5505 2.95958 2.64815 
4.5505 3.05023 4.66287 
2.38211 3.28121 4.69472 
2.38211 2.95958 4.14843 
2.38211 3.76243 1.45977 
2.38211 4.99902 4.77588 
3.28121 3.63501 4.98412 
3.28121 2.95958 1.37662 
3.28121 4.15276 1.25009 
3.28121 3.05023 4.90249 
4.67215 3.63501 2.79825 
4.67215 3.56356 4.45733 
4.67215 3.05023 2.70677 
3.63501 3.56356 3.95527 
3.63501 3.05023 1.23092 
2.95958 4.15276 2.60422 
2.95958 3.56356 4.86235 
2.95958 3.05023 4.88164 
4.15276 3.56356 4.33605 
3.76243 4.99902 4.73631 
3.56356 3.05023 2.74682 
3.91219 2.75708 4.85555 
3.91219 3.63488 1.25509 
3.91219 2.51462 3.81228 
3.91219 4.76578 1.34737 
3.91219 1.56537 4.33151 
3.91219 1.3532 3.36938 
2.75708 4.88269 2.44479 
2.75708 4.88637 3.69768 
2.75708 4.78328 2.93098 
2.75708 4.57491 4.43164 
2.75708 4.11763 1.40872 
2.75708 1.56537 1.19953 
2.75708 1.3532 3.85425 
4.88269 4.88637 2.54889 
4.88269 4.78328 1.38747 
4.88269 4.57491 4.22195 
4.88269 4.11763 1.38113 
4.88269 1.56537 3.42388 
4.65096 4.88637 4.65819 
4.65096 4.57491 4.69472 
4.65096 4.18858 4.14843 
4.88637 4.78328 1.26938 
4.88637 4.11763 3.51669 
4.88637 1.56537 3.97294 
4.78328 4.11763 2.45218 
4.78328 1.56537 3.54437 
4.57491 2.51462 4.98412 
4.57491 4.18858 1.37662 
4.57491 4.11763 3.52507 
4.57491 4.70299 4.39452 
4.57491 4.58829 4.93549 
4.57491 1.3532 4.90249 
3.63488 2.51462 2.79825 
3.63488 4.76578 2.5923 
3.63488 1.56537 4.45733 
3.63488 1.3532 2.70677 
2.51462 4.70299 3.27228 
2.51462 1.56537 3.95527 
2.51462 4.58829 2.54677 
2.51462 1.3532 1.23092 
4.18858 4.11763 4.62387 
4.18858 1.56537 4.86235 
4.18858 1.3532 4.88164 
4.76578 1.56537 4.80834 
4.76578 1.3532 4.50376 
4.11763 1.56537 2.57693 
4.70299 4.58829 1.33423 
4.70299 1.3532 4.04118 
1.56537 1.3532 2.74682 
4.58829 1.3532 3.60676 
3.52277 4.21019 4.43489 
3.52277 4.10407 4.50569 
3.52277 4.779 4.74227 
3.52277 3.97864 4.76645 
3.52277 3.88449 3.87572 
3.52277 4.21585 2.99672 
3.52277 3.20014 3.5217 
3.52277 2.57349 2.31441 
3.52277 2.39244 4.94073 
3.52277 4.46931 4.11282 
3.52277 1.36415 4.43823 
4.24756 4.9117 3.7967 
4.24756 2.61137 2.06899 
4.24756 4.10407 4.22195 
4.24756 3.97864 3.56703 
4.24756 4.06201 1.38113 
4.24756 3.22281 2.30482 
4.24756 1.36415 4.79263 
4.21019 4.9117 2.5082 
4.21019 3.88449 2.39839 
4.21019 3.20014 1.38454 
4.21019 2.57349 2.29538 
4.21019 2.39244 3.79343 
4.21019 3.72068 4.31944 
4.21019 1.36415 3.80666 
4.9117 2.61137 3.50378 
4.9117 3.88449 4.67453 
4.9117 4.21585 4.38483 
4.9117 3.20014 3.81845 
4.9117 4.06201 4.88398 
4.9117 2.57349 4.66254 
4.9117 2.39244 4.78456 
4.9117 3.22281 4.90647 
4.9117 3.72068 4.58699 
2.61137 4.10407 2.78979 
2.61137 4.779 3.52735 
2.61137 3.97864 2.53197 
2.61137 4.06201 2.09269 
2.61137 2.39244 4.25552 
2.61137 3.22281 1.50924 
2.61137 1.36415 3.25324 
4.10407 4.779 1.37662 
4.10407 3.97864 1.25009 
4.10407 4.06201 3.52507 
4.10407 2.39244 4.39452 
4.10407 4.46931 4.71284 
4.10407 3.22281 2.37923 
4.10407 3.72068 4.93549 
4.10407 1.36415 4.02627 
4.779 3.97864 2.60422 
4.779 4.06201 4.62387 
4.779 3.22281 3.57054 
4.779 1.36415 4.91376 
3.97864 4.06201 2.56978 
3.97864 2.39244 4.19973 
3.97864 4.46931 4.01636 
3.97864 3.22281 1.48371 
3.97864 3.72068 4.73926 
3.97864 1.36415 3.73213 
3.88449 3.20014 1.38837 
3.88449 2.57349 2.33545 
3.88449 2.39244 4.75246 
3.88449 4.46931 2.74957 
3.88449 1.36415 4.13246 
4.21585 2.57349 4.73631 
3.20014 2.57349 1.37348 
3.20014 2.39244 3.56937 
3.20014 4.46931 3.80387 
3.20014 3.72068 4.47585 
3.20014 1.36415 3.1737 
4.06201 3.22281 1.34596 
4.06201 1.36415 4.20974 
2.57349 2.39244 3.28781 
2.57349 4.46931 3.95788 
2.57349 3.72068 4.34368 
2.57349 1.36415 2.88381 
2.39244 3.22281 4.05163 
2.39244 3.72068 1.33423 
2.39244 1.36415 1.16985 
4.46931 3.22281 4.92787 
3.22281 3.72068 4.89045 
3.22281 1.36415 3.23635 
3.72068 1.36415 2.45546 
4.85555 4.41527 4.60602 
4.85555 4.33151 1.19953 
4.85555 3.36938 3.85425 
4.96678 4.28104 4.57505 
4.96678 1.25509 3.78372 
4.96678 3.81228 3.6261 
4.96678 3.36938 4.66287 
4.28104 4.75493 2.56214 
4.28104 3.91952 3.13264 
4.28104 1.34737 3.23424 
4.28104 2.64318 2.7695 
1.25509 3.81228 2.79825 
1.25509 1.34737 2.5923 
1.25509 2.64318 3.8574 
1.25509 4.33151 4.45733 
1.25509 3.36938 2.70677 
3.81228 4.33151 3.95527 
3.81228 3.36938 1.23092 
4.75493 3.91952 4.84473 
4.75493 1.34737 4.27089 
4.75493 2.64318 4.2091 
4.75493 4.41527 3.67424 
3.91952 1.34737 2.64672 
3.91952 2.64318 1.31842 
3.91952 4.41527 2.74957 
1.34737 2.64318 1.35111 
1.34737 4.41527 3.57014 
1.34737 4.33151 4.80834 
1.34737 3.36938 4.50376 
2.64318 4.41527 3.05726 
4.41527 4.33151 4.821 
4.33151 3.36938 2.74682 
2.60553 4.50569 4.69472 
2.60553 4.74227 4.14843 
2.60553 2.99672 1.45977 
2.60553 2.31441 4.77588 
4.43489 3.87572 2.39839 
4.43489 3.5217 1.38454 
4.43489 2.31441 2.29538 
4.43489 4.79321 3.05558 
4.43489 4.94073 3.79343 
4.43489 4.43823 3.80666 
4.50569 4.74227 1.37662 
4.50569 4.76645 1.25009 
4.50569 4.99256 4.17932 
4.50569 4.94073 4.39452 
4.50569 4.11282 4.71284 
4.50569 4.56276 4.32377 
4.50569 4.43823 4.02627 
4.74227 4.76645 2.60422 
4.74227 4.99256 4.75082 
4.74227 4.43823 4.91376 
4.76645 4.99256 3.78231 
4.76645 4.94073 4.19973 
4.76645 4.11282 4.01636 
4.76645 4.56276 3.70274 
4.76645 4.43823 3.73213 
3.87572 3.5217 1.38837 
3.87572 2.31441 2.33545 
3.87572 4.79321 1.31842 
3.87572 4.94073 4.75246 
3.87572 4.11282 2.74957 
3.87572 4.56276 3.9788 
3.87572 4.43823 4.13246 
2.99672 2.31441 4.73631 
4.99256 4.11282 2.45363 
4.99256 4.56276 1.23343 
3.5217 2.31441 1.37348 
3.5217 4.79321 2.5141 
3.5217 4.94073 3.56937 
3.5217 4.11282 3.80387 
3.5217 4.56276 4.94915 
3.5217 4.43823 3.1737 
2.31441 4.79321 3.50882 
2.31441 4.94073 3.28781 
2.31441 4.11282 3.95788 
2.31441 4.56276 4.89926 
2.31441 4.43823 2.88381 
4.79321 4.11282 3.05726 
4.79321 4.56276 4.25526 
4.94073 4.43823 1.16985 
4.11282 4.56276 1.24659 
2.44479 3.47524 2.06899 
2.44479 3.69768 2.54889 
2.44479 2.93098 1.38747 
2.44479 4.43164 4.22195 
2.44479 4.82668 3.80492 
2.44479 3.27942 3.56703 
2.44479 1.40872 1.38113 
2.44479 2.41136 2.30482 
2.44479 1.19953 3.42388 
3.47524 3.69768 4.52534 
3.47524 2.93098 3.42322 
3.47524 4.43164 2.78979 
3.47524 3.27942 2.53197 
3.47524 1.40872 2.09269 
3.47524 2.41136 1.50924 
3.47524 1.19953 4.62944 
3.69768 2.93098 1.26938 
3.69768 4.82668 1.32935 
3.69768 1.40872 3.51669 
3.69768 2.41136 4.7342 
3.69768 1.19953 3.97294 
2.93098 4.82668 2.58674 
2.93098 3.27942 4.81452 
2.93098 1.40872 2.45218 
2.93098 2.41136 3.61802 
2.93098 1.19953 3.54437 
4.43164 3.27942 1.25009 
4.43164 4.47781 4.17932 
4.43164 1.40872 3.52507 
4.43164 4.60602 4.71284 
4.43164 2.41136 2.37923 
4.43164 4.24015 4.32377 
4.43164 3.85425 4.90249 
4.82668 1.40872 4.75871 
4.82668 1.19953 4.89397 
3.27942 4.47781 3.78231 
3.27942 1.40872 2.56978 
3.27942 4.60602 4.01636 
3.27942 2.41136 1.48371 
3.27942 1.19953 4.33605 
3.27942 4.24015 3.70274 
4.47781 1.40872 4.64841 
4.47781 4.60602 2.45363 
4.47781 2.41136 4.61923 
4.47781 1.19953 4.99457 
4.47781 4.24015 1.23343 
1.40872 2.41136 1.34596 
1.40872 1.19953 2.57693 
1.40872 4.24015 4.65059 
4.60602 2.41136 4.92787 
4.60602 1.19953 4.821 
4.60602 4.24015 1.24659 
2.41136 1.19953 3.55808 
2.41136 4.24015 4.56403 
1.19953 4.24015 4.59713 
1.19953 3.85425 2.74682 
4.7919 4.9112 4.65819 
4.7919 3.95953 4.69472 
4.7919 2.64815 4.14843 
3.95953 3.6261 4.98412 
3.95953 2.64815 1.37662 
3.95953 3.77415 4.93549 
3.95953 4.66287 4.90249 
3.78372 3.6261 2.79825 
3.78372 4.66287 2.70677 
3.6261 3.77415 2.54677 
3.6261 4.66287 1.23092 
2.64815 4.66287 4.88164 
3.77415 4.66287 3.60676 
3.7967 2.06899 3.50378 
3.7967 2.54889 4.91978 
3.7967 1.38747 4.22389 
3.7967 4.9403 1.31047 
3.7967 1.38113 4.88398 
3.7967 2.30482 4.90647 
2.06899 2.54889 4.52534 
2.06899 1.38747 3.42322 
2.06899 4.22195 2.78979 
2.06899 4.9403 4.80928 
2.06899 3.56703 2.53197 
2.06899 1.38113 2.09269 
2.06899 2.30482 1.50924 
2.06899 3.42388 4.62944 
2.06899 4.79263 3.25324 
2.54889 1.38747 1.26938 
2.54889 3.80492 1.32935 
2.54889 1.38113 3.51669 
2.54889 2.30482 4.7342 
2.54889 3.42388 3.97294 
1.38747 3.80492 2.58674 
1.38747 3.56703 4.81452 
1.38747 1.38113 2.45218 
1.38747 2.30482 3.61802 
1.38747 3.42388 3.54437 
4.22195 3.56703 1.25009 
4.22195 1.38113 3.52507 
4.22195 2.30482 2.37923 
4.22195 4.79263 4.02627 
3.80492 1.38113 4.75871 
3.80492 3.42388 4.89397 
4.9403 4.79263 4.47571 
3.56703 1.38113 2.56978 
3.56703 2.30482 1.48371 
3.56703 3.42388 4.33605 
3.56703 4.79263 3.73213 
1.38113 2.30482 1.34596 
1.38113 3.42388 2.57693 
1.38113 4.79263 4.20974 
2.30482 3.42388 3.55808 
2.30482 4.79263 3.23635 
4.65819 3.51548 1.32935 
4.65819 1.45977 3.85231 
4.69472 4.14843 1.37662 
3.51548 1.45977 2.64388 
1.45977 4.77588 4.73631 
2.5082 2.57984 3.82831 
2.5082 3.90041 3.49719 
2.5082 1.21896 1.31047 
2.5082 2.39839 4.67453 
2.5082 1.38454 3.81845 
2.5082 2.29538 4.66254 
2.5082 3.05558 4.97874 
2.5082 3.79343 4.78456 
2.5082 4.31944 4.58699 
2.57984 3.90041 2.56214 
2.57984 1.21896 2.89925 
2.57984 2.39839 3.13264 
2.57984 4.24035 3.23424 
2.57984 1.38454 3.13749 
2.57984 2.29538 3.82032 
2.57984 3.05558 2.7695 
3.90041 1.21896 3.43546 
3.90041 2.39839 4.84473 
3.90041 4.24035 4.27089 
3.90041 1.38454 4.8697 
3.90041 3.05558 4.2091 
1.21896 2.39839 3.49855 
1.21896 4.24035 4.9509 
1.21896 1.38454 2.57882 
1.21896 2.29538 3.41389 
1.21896 3.05558 3.92718 
1.21896 3.79343 4.18725 
1.21896 4.31944 4.34198 
1.21896 3.80666 4.47571 
2.39839 4.24035 2.64672 
2.39839 1.38454 1.38837 
2.39839 2.29538 2.33545 
2.39839 3.05558 1.31842 
2.39839 3.79343 4.75246 
2.39839 3.80666 4.13246 
4.24035 1.38454 3.85171 
4.24035 2.29538 4.7879 
4.24035 3.05558 1.35111 
1.38454 2.29538 1.37348 
1.38454 3.05558 2.5141 
1.38454 3.79343 3.56937 
1.38454 4.31944 4.47585 
1.38454 3.80666 3.1737 
2.29538 3.05558 3.50882 
2.29538 3.79343 3.28781 
2.29538 4.31944 4.34368 
2.29538 3.80666 2.88381 
3.79343 4.31944 1.33423 
3.79343 3.80666 1.16985 
4.31944 3.80666 2.45546 
3.50378 4.91978 4.52534 
3.50378 4.22389 3.42322 
3.50378 1.31047 4.80928 
3.50378 4.88398 2.09269 
3.50378 4.78456 4.25552 
3.50378 4.90647 1.50924 
4.91978 4.22389 1.26938 
4.91978 4.38483 3.85231 
4.91978 4.88398 3.51669 
4.91978 4.90647 4.7342 
3.82831 3.49719 2.56214 
3.82831 1.31047 2.89925 
3.82831 4.67453 3.13264 
3.82831 4.26664 3.79698 
3.82831 3.81845 3.13749 
3.82831 4.66254 3.82032 
3.82831 4.97874 2.7695 
3.82831 4.87602 4.99597 
4.22389 4.88398 2.45218 
4.22389 4.90647 3.61802 
3.49719 1.31047 3.43546 
3.49719 4.67453 4.84473 
3.49719 4.26664 1.31633 
3.49719 3.81845 4.8697 
3.49719 4.97874 4.2091 
3.49719 4.87602 2.50693 
1.31047 4.67453 3.49855 
1.31047 4.38483 4.83654 
1.31047 4.26664 4.51069 
1.31047 3.81845 2.57882 
1.31047 4.66254 3.41389 
1.31047 4.97874 3.92718 
1.31047 4.78456 4.18725 
1.31047 4.58699 4.34198 
4.67453 3.81845 1.38837 
4.67453 4.66254 2.33545 
4.67453 4.97874 1.31842 
4.67453 4.78456 4.75246 
4.67453 4.87602 3.9788 
4.38483 4.66254 4.73631 
4.26664 4.88398 4.64841 
4.26664 4.90647 4.61923 
4.26664 4.87602 1.23343 
3.81845 4.66254 1.37348 
3.81845 4.97874 2.5141 
3.81845 4.78456 3.56937 
3.81845 4.58699 4.47585 
3.81845 4.87602 4.94915 
4.88398 4.90647 1.34596 
4.88398 4.87602 4.65059 
4.66254 4.97874 3.50882 
4.66254 4.78456 3.28781 
4.66254 4.58699 4.34368 
4.66254 4.87602 4.89926 
4.97874 4.87602 4.25526 
4.78456 4.90647 4.05163 
4.78456 4.58699 1.33423 
4.90647 4.58699 4.89045 
4.90647 4.87602 4.56403 
4.52534 3.42322 1.26938 
4.52534 2.09269 3.51669 
4.52534 1.50924 4.7342 
4.52534 4.62944 3.97294 
3.42322 2.53197 4.81452 
3.42322 2.09269 2.45218 
3.42322 1.50924 3.61802 
3.42322 4.62944 3.54437 
2.78979 3.52735 1.37662 
2.78979 2.53197 1.25009 
2.78979 2.09269 3.52507 
2.78979 4.25552 4.39452 
2.78979 1.50924 2.37923 
2.78979 3.25324 4.02627 
4.80928 4.25552 4.18725 
4.80928 3.25324 4.47571 
3.52735 2.53197 2.60422 
3.52735 2.09269 4.62387 
3.52735 1.50924 3.57054 
3.52735 4.62944 4.86235 
3.52735 3.25324 4.91376 
2.53197 2.09269 2.56978 
2.53197 4.25552 4.19973 
2.53197 1.50924 1.48371 
2.53197 4.62944 4.33605 
2.53197 3.25324 3.73213 
2.09269 1.50924 1.34596 
2.09269 4.62944 2.57693 
2.09269 3.25324 4.20974 
4.25552 1.50924 4.05163 
4.25552 3.25324 1.16985 
1.50924 4.62944 3.55808 
1.50924 3.25324 3.23635 
1.26938 1.32935 2.58674 
1.26938 3.51669 2.45218 
1.26938 4.7342 3.61802 
1.26938 3.97294 3.54437 
1.32935 3.85231 2.64388 
1.32935 3.51669 4.75871 
1.32935 3.97294 4.89397 
3.51669 4.7342 1.34596 
3.51669 3.97294 2.57693 
4.7342 3.97294 3.55808 
2.56214 2.89925 3.43546 
2.56214 3.13264 4.84473 
2.56214 3.79698 1.31633 
2.56214 3.23424 4.27089 
2.56214 3.13749 4.8697 
2.56214 2.7695 4.2091 
2.56214 4.99597 2.50693 
2.89925 3.13264 3.49855 
2.89925 3.79698 4.51069 
2.89925 3.23424 4.9509 
2.89925 3.13749 2.57882 
2.89925 3.82032 3.41389 
2.89925 2.7695 3.92718 
3.13264 3.23424 2.64672 
3.13264 3.13749 1.38837 
3.13264 3.82032 2.33545 
3.13264 2.7695 1.31842 
3.13264 4.99597 3.9788 
3.79698 4.99597 1.23343 
3.23424 3.13749 3.85171 
3.23424 3.82032 4.7879 
3.23424 2.7695 1.35111 
3.23424 4.99597 4.59685 
3.13749 3.82032 1.37348 
3.13749 2.7695 2.5141 
3.13749 4.99597 4.94915 
3.82032 2.7695 3.50882 
3.82032 4.99597 4.89926 
2.7695 4.99597 4.25526 
2.58674 2.45218 4.75871 
2.58674 3.54437 4.89397 
4.81452 2.45218 2.56978 
4.81452 3.61802 1.48371 
4.81452 3.54437 4.33605 
2.45218 3.61802 1.34596 
2.45218 3.54437 2.57693 
3.61802 3.54437 3.55808 
4.98412 4.39452 3.27228 
4.98412 4.93549 2.54677 
4.98412 4.02627 4.2398 
4.98412 4.90249 1.23092 
4.6748 1.37662 4.89918 
4.6748 1.25009 4.56061 
4.6748 4.17932 1.31633 
4.6748 4.71284 3.67424 
4.6748 4.32377 2.50693 
1.37662 1.25009 2.60422 
1.37662 4.17932 4.75082 
1.37662 3.52507 4.62387 
1.37662 2.37923 3.57054 
1.37662 4.02627 4.91376 
1.37662 4.90249 4.88164 
1.25009 4.17932 3.78231 
1.25009 3.52507 2.56978 
1.25009 4.39452 4.19973 
1.25009 4.71284 4.01636 
1.25009 2.37923 1.48371 
1.25009 4.93549 4.73926 
1.25009 4.32377 3.70274 
1.25009 4.02627 3.73213 
4.17932 3.52507 4.64841 
4.17932 4.71284 2.45363 
4.17932 2.37923 4.61923 
4.17932 4.32377 1.23343 
3.52507 2.37923 1.34596 
3.52507 4.32377 4.65059 
3.52507 4.02627 4.20974 
4.39452 2.37923 4.05163 
4.39452 4.93549 1.33423 
4.39452 4.02627 1.16985 
4.39452 4.90249 4.04118 
4.71284 2.37923 4.92787 
4.71284 4.32377 1.24659 
2.37923 4.93549 4.89045 
2.37923 4.32377 4.56403 
2.37923 4.02627 3.23635 
4.93549 4.02627 2.45546 
4.93549 4.90249 3.60676 
4.02627 4.90249 4.83318 
2.79825 4.45733 3.95527 
2.79825 2.70677 1.23092 
2.5923 3.8574 1.35111 
2.5923 4.45733 4.80834 
2.5923 2.70677 4.50376 
4.45733 2.70677 2.74682 
3.27228 2.54677 1.33423 
3.27228 4.2398 1.16985 
3.27228 1.23092 4.04118 
3.95527 1.23092 2.74682 
2.54677 4.2398 2.45546 
2.54677 1.23092 3.60676 
4.2398 1.23092 4.83318 
4.75871 4.89397 2.57693 
3.43546 4.84473 3.49855 
3.43546 1.31633 4.51069 
3.43546 4.27089 4.9509 
3.43546 4.8697 2.57882 
3.43546 4.2091 3.92718 
4.89918 4.56061 2.60422 
4.89918 1.31633 4.75082 
4.56061 1.31633 3.78231 
4.56061 3.67424 4.01636 
4.56061 2.50693 3.70274 
4.84473 4.27089 2.64672 
4.84473 4.8697 1.38837 
4.84473 4.2091 1.31842 
4.84473 3.67424 2.74957 
4.84473 2.50693 3.9788 
1.31633 3.67424 2.45363 
1.31633 2.50693 1.23343 
4.27089 4.8697 3.85171 
4.27089 4.2091 1.35111 
4.27089 3.67424 3.57014 
4.27089 2.50693 4.59685 
4.8697 4.2091 2.5141 
4.8697 3.67424 3.80387 
4.8697 2.50693 4.94915 
4.2091 3.67424 3.05726 
4.2091 2.50693 4.25526 
3.67424 2.50693 1.24659 
3.49855 4.9509 2.64672 
3.49855 2.57882 1.38837 
3.49855 3.41389 2.33545 
3.49855 3.92718 1.31842 
3.49855 4.18725 4.75246 
3.49855 4.47571 4.13246 
4.83654 3.41389 4.73631 
4.9509 2.57882 3.85171 
4.9509 3.41389 4.7879 
4.9509 3.92718 1.35111 
2.57882 3.41389 1.37348 
2.57882 3.92718 2.5141 
2.57882 4.18725 3.56937 
2.57882 4.34198 4.47585 
2.57882 4.47571 3.1737 
3.41389 3.92718 3.50882 
3.41389 4.18725 3.28781 
3.41389 4.34198 4.34368 
3.41389 4.47571 2.88381 
4.18725 4.34198 1.33423 
4.18725 4.47571 1.16985 
4.34198 4.47571 2.45546 
2.60422 4.75082 3.78231 
2.60422 4.62387 2.56978 
2.60422 3.57054 1.48371 
2.60422 4.86235 4.33605 
2.60422 4.91376 3.73213 
4.75082 4.62387 4.64841 
4.75082 3.57054 4.61923 
4.75082 4.86235 4.99457 
4.62387 3.57054 1.34596 
4.62387 4.86235 2.57693 
4.62387 4.91376 4.20974 
3.57054 4.86235 3.55808 
3.57054 4.91376 3.23635 
4.86235 4.88164 2.74682 
4.91376 4.88164 4.83318 
3.78231 2.56978 4.64841 
3.78231 4.01636 2.45363 
3.78231 1.48371 4.61923 
3.78231 4.33605 4.99457 
3.78231 3.70274 1.23343 
2.56978 1.48371 1.34596 
2.56978 4.33605 2.57693 
2.56978 3.70274 4.65059 
2.56978 3.73213 4.20974 
4.19973 1.48371 4.05163 
4.19973 4.73926 1.33423 
4.19973 3.73213 1.16985 
4.01636 1.48371 4.92787 
4.01636 4.33605 4.821 
4.01636 3.70274 1.24659 
1.48371 4.33605 3.55808 
1.48371 4.73926 4.89045 
1.48371 3.70274 4.56403 
1.48371 3.73213 3.23635 
4.33605 3.70274 4.59713 
4.73926 3.73213 2.45546 
2.64672 1.38837 3.85171 
2.64672 2.33545 4.7879 
2.64672 1.31842 1.35111 
2.64672 2.74957 3.57014 
2.64672 3.9788 4.59685 
1.38837 2.33545 1.37348 
1.38837 1.31842 2.5141 
1.38837 4.75246 3.56937 
1.38837 2.74957 3.80387 
1.38837 3.9788 4.94915 
1.38837 4.13246 3.1737 
2.33545 1.31842 3.50882 
2.33545 4.75246 3.28781 
2.33545 2.74957 3.95788 
2.33545 3.9788 4.89926 
2.33545 4.13246 2.88381 
1.31842 2.74957 3.05726 
1.31842 3.9788 4.25526 
4.75246 4.13246 1.16985 
2.74957 3.9788 1.24659 
4.64841 4.61923 1.34596 
4.64841 4.99457 2.57693 
4.64841 1.23343 4.65059 
2.45363 4.61923 4.92787 
2.45363 4.99457 4.821 
2.45363 1.23343 1.24659 
4.61923 4.99457 3.55808 
4.61923 1.23343 4.56403 
4.99457 1.23343 4.59713 
3.85171 4.7879 1.37348 
3.85171 1.35111 2.5141 
3.85171 3.57014 3.80387 
3.85171 4.59685 4.94915 
4.7879 1.35111 3.50882 
4.7879 3.57014 3.95788 
4.7879 4.59685 4.89926 
1.35111 3.57014 3.05726 
1.35111 4.59685 4.25526 
3.57014 4.80834 4.821 
3.57014 4.59685 1.24659 
4.80834 4.59685 4.59713 
4.80834 4.50376 2.74682 
1.37348 2.5141 3.50882 
1.37348 3.56937 3.28781 
1.37348 3.80387 3.95788 
1.37348 4.47585 4.34368 
1.37348 4.94915 4.89926 
1.37348 3.1737 2.88381 
2.5141 3.80387 3.05726 
2.5141 4.94915 4.25526 
3.56937 4.47585 1.33423 
3.56937 3.1737 1.16985 
3.80387 4.94915 1.24659 
4.47585 3.1737 2.45546 
1.34596 2.57693 3.55808 
1.34596 4.65059 4.56403 
1.34596 4.20974 3.23635 
2.57693 4.65059 4.59713 
3.50882 3.95788 3.05726 
3.50882 4.89926 4.25526 
3.28781 4.34368 1.33423 
3.28781 2.88381 1.16985 
3.95788 4.89926 1.24659 
4.34368 2.88381 2.45546 
3.05726 4.25526 1.24659 
4.05163 1.33423 4.89045 
4.05163 1.16985 3.23635 
1.33423 1.16985 2.45546 
1.33423 4.04118 3.60676 
1.16985 4.04118 4.83318 
4.92787 4.821 3.55808 
4.92787 1.24659 4.56403 
4.821 1.24659 4.59713 
3.55808 4.56403 4.59713 
4.89045 3.23635 2.45546 
2.45546 3.60676 4.83318 
