4.87635 4.45406 4.67455 
4.87635 4.80052 4.84244 
4.87635 4.42631 4.29554 
4.87635 4.77465 4.79837 
4.87635 4.09551 3.44712 
4.87635 1.46318 4.34439 
4.87635 4.42923 4.88404 
4.87635 4.47123 1.30895 
4.87635 2.76879 3.59301 
4.87635 4.20375 4.24825 
4.87635 4.4359 2.55854 
4.87635 4.68241 3.86341 
3.45091 1.37973 3.54677 
3.45091 4.80052 4.73046 
3.45091 3.61736 3.847 
3.45091 2.50765 4.74048 
3.45091 4.02363 4.99203 
3.45091 2.29862 2.69098 
3.45091 4.42631 4.90094 
3.45091 4.64151 4.27827 
3.45091 4.77465 4.56595 
3.45091 4.46007 2.44501 
3.45091 1.46318 4.16563 
3.45091 4.77586 3.79984 
3.45091 4.30598 1.23174 
3.45091 2.76879 4.79439 
3.45091 3.17059 1.43719 
1.6987 1.37973 2.64772 
1.6987 4.45406 4.36468 
1.6987 2.51228 1.48393 
1.6987 2.50765 3.11293 
1.6987 2.29862 3.88224 
1.6987 4.42631 4.72339 
1.6987 3.84404 4.58526 
1.6987 3.88114 2.56999 
1.6987 4.09551 3.80708 
1.6987 1.46318 1.47448 
1.6987 2.88729 2.68934 
1.6987 4.77586 3.22497 
1.6987 4.42923 4.51337 
1.6987 2.76879 2.64223 
1.6987 4.20375 4.33892 
1.6987 4.76718 4.59712 
1.6987 3.17059 4.86535 
1.6987 4.70346 3.71223 
1.6987 4.96853 4.36243 
1.6987 4.31678 3.79318 
1.6987 4.13967 3.76198 
1.37973 2.51228 2.73828 
1.37973 3.61736 2.44608 
1.37973 2.50765 1.41217 
1.37973 4.02363 2.66744 
1.37973 2.29862 1.40705 
1.37973 4.42631 4.76116 
1.37973 3.84404 2.53096 
1.37973 4.64151 3.60569 
1.37973 3.88114 4.08525 
1.37973 4.46007 4.01797 
1.37973 1.46318 2.8026 
1.37973 2.88729 2.42872 
1.37973 4.42923 4.1929 
1.37973 4.30598 4.51742 
1.37973 4.47123 4.68691 
1.37973 2.76879 4.03511 
1.37973 4.20375 4.31509 
1.37973 4.76718 4.38227 
1.37973 3.17059 2.85897 
1.37973 4.4359 4.30288 
1.37973 4.70346 4.58193 
1.37973 4.96853 4.99745 
1.37973 4.8963 4.17654 
1.37973 4.31678 3.9461 
1.37973 4.68241 4.2444 
4.45406 4.80052 1.53413 
4.45406 4.42631 3.57552 
4.45406 3.84404 4.84032 
4.45406 4.77465 2.7373 
4.45406 4.09551 4.80388 
4.45406 1.46318 3.85847 
4.45406 4.30598 4.89677 
4.45406 2.76879 4.15832 
4.45406 4.20375 4.36164 
4.45406 4.96853 2.68411 
4.45406 4.13967 1.30607 
4.80052 4.42631 2.65554 
4.80052 4.77465 1.3885 
4.80052 1.46318 4.64868 
4.80052 4.77586 4.73093 
4.80052 4.30598 4.2037 
4.80052 4.20375 3.74128 
4.80052 4.96853 4.20225 
4.80052 4.13967 2.80059 
2.51228 3.61736 4.96627 
2.51228 2.50765 2.45609 
2.51228 4.02363 4.60588 
2.51228 2.29862 4.14313 
2.51228 4.42631 4.91351 
2.51228 3.84404 3.81486 
2.51228 3.88114 1.39021 
2.51228 1.46318 2.89968 
2.51228 2.88729 1.53219 
2.51228 4.77586 2.55289 
2.51228 4.42923 3.91363 
2.51228 4.30598 4.75596 
2.51228 2.76879 4.0821 
2.51228 4.20375 4.16624 
2.51228 4.76718 3.61812 
2.51228 4.70346 2.32657 
2.51228 4.8963 4.93374 
2.51228 4.31678 2.46633 
2.51228 4.13967 4.99957 
3.61736 2.50765 2.84825 
3.61736 4.02363 1.43383 
3.61736 2.29862 1.51972 
3.61736 3.84404 2.54649 
3.61736 4.64151 1.2457 
3.61736 4.46007 2.81736 
3.61736 4.09551 4.75753 
3.61736 1.46318 4.90074 
3.61736 2.88729 4.3159 
3.61736 4.30598 4.94324 
3.61736 4.47123 4.84007 
3.61736 3.17059 2.53695 
3.61736 4.4359 4.15525 
3.61736 4.96853 4.69561 
3.61736 4.8963 3.78236 
3.61736 4.68241 3.96548 
2.50765 4.02363 2.29477 
2.50765 2.29862 2.44188 
2.50765 4.42631 4.95076 
2.50765 3.84404 1.48615 
2.50765 4.64151 4.07394 
2.50765 3.88114 3.53668 
2.50765 1.46318 3.81519 
2.50765 2.88729 1.4734 
2.50765 4.77586 4.81524 
2.50765 4.42923 3.63047 
2.50765 4.20375 4.17337 
2.50765 4.76718 3.46234 
2.50765 3.17059 4.03421 
2.50765 4.70346 3.64602 
2.50765 4.96853 3.78776 
2.50765 4.8963 4.08728 
2.50765 4.31678 2.86497 
2.50765 4.68241 4.56016 
4.02363 2.29862 2.44433 
4.02363 3.84404 1.38815 
4.02363 4.64151 2.30809 
4.02363 4.46007 4.23766 
4.02363 4.09551 3.55051 
4.02363 2.88729 3.6896 
4.02363 2.76879 4.55108 
4.02363 3.17059 3.82242 
4.02363 4.4359 4.67602 
4.02363 4.96853 3.42115 
4.02363 4.8963 3.43287 
4.02363 4.31678 4.84491 
4.02363 4.13967 4.58501 
4.02363 4.68241 4.06534 
2.29862 3.84404 2.90736 
2.29862 4.64151 2.50336 
2.29862 4.46007 2.66113 
2.29862 1.46318 3.60238 
2.29862 2.88729 3.71517 
2.29862 4.30598 3.79681 
2.29862 4.47123 4.60604 
2.29862 2.76879 4.60664 
2.29862 3.17059 1.64166 
2.29862 4.4359 4.24783 
2.29862 4.8963 4.41977 
2.29862 4.68241 4.36403 
4.42631 4.77465 1.51044 
4.42631 4.46007 4.50519 
4.42631 1.46318 4.94701 
4.42631 2.88729 4.555 
4.42631 4.77586 4.99558 
4.42631 4.42923 2.53025 
4.42631 4.30598 4.62654 
4.42631 4.47123 4.03218 
4.42631 4.20375 1.24658 
4.42631 4.76718 3.73492 
4.42631 4.4359 4.37559 
4.42631 4.31678 4.79185 
4.42631 4.13967 4.46941 
3.84404 4.64151 3.61977 
3.84404 3.88114 4.68424 
3.84404 4.09551 3.75038 
3.84404 2.88729 2.60304 
3.84404 4.42923 4.26889 
3.84404 2.76879 4.5919 
3.84404 4.76718 3.96795 
3.84404 3.17059 4.45017 
3.84404 4.70346 4.4729 
3.84404 4.96853 2.56167 
3.84404 4.8963 4.03719 
3.84404 4.31678 3.54802 
3.84404 4.13967 3.89089 
3.84404 4.68241 4.78915 
4.64151 4.46007 2.50156 
4.64151 4.09551 4.94957 
4.64151 4.42923 4.36582 
4.64151 4.47123 4.89002 
4.64151 4.20375 4.6523 
4.64151 4.76718 4.6752 
4.64151 3.17059 2.88269 
4.64151 4.4359 4.19943 
4.64151 4.8963 4.05653 
4.64151 4.68241 4.10892 
4.77465 4.77586 4.19589 
4.77465 4.42923 4.01485 
4.77465 4.30598 4.01153 
4.77465 4.47123 4.91394 
4.77465 4.20375 2.73357 
4.77465 4.13967 3.88888 
3.88114 1.46318 4.03858 
3.88114 2.88729 2.28818 
3.88114 4.77586 1.52704 
3.88114 4.42923 4.35645 
3.88114 4.30598 4.00393 
3.88114 4.20375 4.74985 
3.88114 4.76718 3.76086 
3.88114 4.70346 1.44446 
3.88114 4.31678 2.33691 
4.46007 4.30598 3.43488 
4.46007 4.47123 4.97539 
4.46007 4.20375 4.66937 
4.46007 3.17059 1.43022 
4.46007 4.4359 4.90996 
4.09551 1.46318 2.73163 
4.09551 4.47123 4.20985 
4.09551 2.76879 1.33614 
4.09551 4.96853 3.05126 
4.09551 4.8963 4.85774 
4.09551 4.13967 3.65969 
1.46318 2.88729 3.85002 
1.46318 4.77586 4.52538 
1.46318 4.30598 4.88887 
1.46318 4.47123 4.30954 
1.46318 2.76879 1.41041 
1.46318 4.20375 4.90304 
1.46318 3.17059 4.12087 
1.46318 4.4359 4.61171 
1.46318 4.96853 3.6884 
1.46318 4.13967 3.16774 
2.88729 4.77586 3.73748 
2.88729 4.42923 2.95654 
2.88729 4.20375 3.59304 
2.88729 4.76718 2.51822 
2.88729 4.70346 2.24722 
2.88729 4.96853 4.23205 
2.88729 4.8963 4.93679 
2.88729 4.31678 1.54847 
4.77586 4.30598 2.6486 
4.77586 4.70346 2.64694 
4.77586 4.31678 3.79628 
4.42923 4.47123 4.01236 
4.42923 4.20375 1.31285 
4.42923 4.76718 1.26855 
4.42923 4.4359 3.62021 
4.42923 4.70346 3.80955 
4.42923 4.96853 4.87365 
4.42923 4.8963 4.7914 
4.42923 4.31678 2.68029 
4.42923 4.68241 4.05228 
4.30598 3.17059 2.62895 
4.30598 4.70346 4.92352 
4.47123 2.76879 3.96991 
4.47123 4.20375 3.66177 
4.47123 4.76718 4.23121 
4.47123 3.17059 4.8431 
4.47123 4.4359 1.26165 
4.47123 4.70346 4.9262 
4.47123 4.8963 3.85355 
4.47123 4.31678 4.85327 
4.47123 4.68241 2.60931 
2.76879 3.17059 4.80982 
2.76879 4.4359 4.62505 
2.76879 4.96853 3.14034 
2.76879 4.13967 3.17673 
4.20375 4.76718 2.48934 
4.20375 4.4359 3.6879 
4.20375 4.70346 4.53962 
4.20375 4.31678 3.62425 
4.20375 4.68241 4.5125 
4.76718 4.4359 3.55359 
4.76718 4.70346 2.8789 
4.76718 4.96853 4.27063 
4.76718 4.8963 4.17942 
4.76718 4.31678 1.68327 
4.76718 4.68241 3.60187 
3.17059 4.4359 4.80896 
4.4359 4.70346 4.41671 
4.4359 4.8963 2.63329 
4.4359 4.31678 4.25768 
4.4359 4.68241 1.38092 
4.70346 4.8963 4.98215 
4.70346 4.31678 1.35856 
4.70346 4.68241 4.34168 
4.96853 4.31678 4.25929 
4.96853 4.13967 1.49047 
4.8963 4.31678 4.80513 
4.8963 4.68241 1.29296 
4.31678 4.68241 4.21395 
2.56986 4.04953 4.67455 
2.56986 4.41933 4.84244 
2.56986 2.4939 4.89851 
2.56986 1.34458 3.86352 
2.56986 4.34635 3.40595 
2.56986 4.97243 4.79837 
2.56986 3.28081 3.44712 
2.56986 1.3558 1.28985 
2.56986 3.83235 1.30895 
2.56986 4.06035 3.59301 
2.56986 3.35435 4.24762 
2.56986 3.90396 3.48209 
2.56986 2.69636 3.78618 
2.56986 2.80318 4.69183 
2.56986 3.68169 3.93921 
4.04953 4.41933 1.53413 
4.04953 4.65725 2.66828 
4.04953 1.34458 4.45419 
4.04953 4.97243 2.7373 
4.04953 3.28081 4.80388 
4.04953 1.3558 4.12311 
4.04953 4.74214 2.89869 
4.04953 4.06035 4.15832 
4.04953 4.49701 1.30607 
4.41933 4.65725 1.6699 
4.41933 1.34458 4.73923 
4.41933 4.97243 1.3885 
4.41933 1.3558 4.29166 
4.41933 4.74214 2.5563 
4.41933 4.49701 2.80059 
3.97737 4.65151 3.96957 
3.97737 2.4939 3.54547 
3.97737 4.29562 3.20542 
3.97737 1.34458 3.98407 
3.97737 4.34635 4.49127 
3.97737 4.01133 4.24601 
3.97737 3.28081 3.69149 
3.97737 1.3558 4.77086 
3.97737 4.69436 4.76806 
3.97737 3.35435 1.37791 
3.97737 3.90396 3.31883 
3.97737 2.69636 2.43279 
3.97737 2.80318 2.70536 
3.97737 3.68169 2.16046 
3.97737 4.68336 1.30742 
4.65151 4.90258 2.42473 
4.65151 2.4939 2.2352 
4.65151 4.29562 1.43383 
4.65151 1.34458 3.57792 
4.65151 4.01133 1.2457 
4.65151 3.28081 4.75753 
4.65151 3.83235 4.84007 
4.65151 3.35435 4.34432 
4.65151 2.69636 3.71206 
4.65151 2.80318 2.28918 
4.65151 4.68336 3.78236 
4.90258 2.4939 2.68471 
4.90258 4.29562 3.71673 
4.90258 1.34458 3.57043 
4.90258 4.01133 1.46503 
4.90258 3.83235 4.82119 
4.90258 4.69436 4.61729 
4.90258 2.80318 3.81112 
2.4939 4.29562 2.38371 
2.4939 1.34458 1.34383 
2.4939 4.01133 1.53736 
2.4939 3.28081 3.77673 
2.4939 1.3558 3.6981 
2.4939 4.06035 4.75929 
2.4939 4.69436 4.3752 
2.4939 3.35435 3.52288 
2.4939 2.69636 2.7071 
2.4939 2.80318 1.46107 
2.4939 3.68169 4.54318 
2.4939 4.68336 3.76168 
4.65725 1.34458 4.5063 
4.65725 4.34635 3.64653 
4.65725 4.97243 2.45988 
4.65725 1.3558 4.86066 
4.65725 4.74214 1.30355 
4.65725 3.90396 4.54676 
4.65725 4.49701 3.90332 
4.29562 1.34458 3.5627 
4.29562 4.01133 2.30809 
4.29562 3.28081 3.55051 
4.29562 4.06035 4.55108 
4.29562 3.35435 3.29795 
4.29562 2.69636 2.6105 
4.29562 2.80318 1.51096 
4.29562 3.68169 4.65772 
4.29562 4.68336 3.43287 
4.29562 4.49701 4.58501 
1.34458 4.01133 2.76226 
1.34458 3.28081 3.74717 
1.34458 1.3558 2.59805 
1.34458 4.74214 4.32006 
1.34458 4.06035 4.60565 
1.34458 4.69436 4.25217 
1.34458 3.35435 3.69295 
1.34458 3.90396 4.88236 
1.34458 2.69636 2.89243 
1.34458 2.80318 2.26281 
1.34458 3.68169 4.38263 
1.34458 4.68336 4.3981 
1.34458 4.49701 4.99148 
4.34635 4.97243 4.9054 
4.34635 3.28081 4.65942 
4.34635 1.3558 3.96702 
4.34635 4.74214 4.15662 
4.34635 3.83235 3.98094 
4.34635 3.35435 3.76255 
4.34635 3.90396 1.3004 
4.34635 2.69636 4.4903 
4.34635 3.68169 2.49975 
4.01133 3.28081 4.94957 
4.01133 3.83235 4.89002 
4.01133 4.69436 4.6752 
4.01133 3.35435 4.56569 
4.01133 2.69636 3.86642 
4.01133 2.80318 2.38715 
4.01133 4.68336 4.05653 
4.97243 1.3558 4.49647 
4.97243 4.74214 3.65331 
4.97243 3.83235 4.91394 
4.97243 4.49701 3.88888 
3.28081 1.3558 3.15782 
3.28081 3.83235 4.20985 
3.28081 4.06035 1.33614 
3.28081 3.35435 2.44354 
3.28081 3.90396 3.69789 
3.28081 2.69636 1.43462 
3.28081 2.80318 2.64154 
3.28081 3.68169 3.13356 
3.28081 4.68336 4.85774 
3.28081 4.49701 3.65969 
1.3558 3.83235 2.49263 
1.3558 4.06035 3.56758 
1.3558 3.35435 3.82984 
1.3558 3.90396 3.7599 
1.3558 2.69636 3.1513 
1.3558 2.80318 3.71659 
1.3558 3.68169 3.86914 
1.3558 4.49701 4.63385 
4.74214 3.90396 4.82098 
4.74214 4.49701 3.88418 
3.83235 4.06035 3.96991 
3.83235 4.69436 4.23121 
3.83235 3.90396 4.27918 
3.83235 2.69636 4.85293 
3.83235 3.68169 4.90631 
3.83235 4.68336 3.85355 
4.06035 3.35435 3.74192 
4.06035 3.90396 4.56877 
4.06035 2.69636 2.7463 
4.06035 2.80318 3.76193 
4.06035 3.68169 4.2433 
4.06035 4.49701 3.17673 
4.69436 4.68336 4.17942 
3.35435 3.90396 2.52011 
3.35435 2.69636 1.4343 
3.35435 2.80318 2.43913 
3.35435 3.68169 1.3703 
3.35435 4.68336 2.66818 
3.90396 2.69636 3.40017 
3.90396 2.80318 4.61385 
3.90396 3.68169 1.22211 
3.90396 4.68336 4.41635 
2.69636 2.80318 1.49424 
2.69636 3.68169 2.5271 
2.69636 4.68336 3.5032 
2.69636 4.49701 4.51451 
2.80318 3.68169 3.6713 
2.80318 4.68336 3.27046 
2.80318 4.49701 4.82008 
3.68169 4.68336 3.34933 
4.94641 1.56377 4.62376 
4.94641 4.52661 4.29554 
4.94641 3.36047 3.40595 
4.94641 4.26529 4.79837 
4.94641 2.763 4.28058 
4.94641 4.57422 1.30895 
4.94641 4.31338 2.55854 
4.94641 4.01703 3.48209 
4.94641 4.05222 3.86341 
3.58095 1.32338 2.79671 
3.58095 1.56377 4.96306 
3.58095 3.8382 3.92161 
3.58095 4.52661 4.90094 
3.58095 3.73348 4.84164 
3.58095 4.26529 4.56595 
3.58095 2.77977 2.44501 
3.58095 4.43501 2.62282 
3.58095 3.88013 1.23174 
3.58095 3.6319 1.43719 
1.32338 2.89467 3.48237 
1.32338 1.56377 2.62557 
1.32338 3.50331 4.35178 
1.32338 4.06037 3.50463 
1.32338 3.8382 2.62421 
1.32338 4.52661 4.26427 
1.32338 3.73348 2.8171 
1.32338 3.36047 4.62104 
1.32338 4.47369 4.81664 
1.32338 4.26529 4.44461 
1.32338 2.77977 1.45749 
1.32338 4.43501 4.30564 
1.32338 2.763 3.90622 
1.32338 3.88013 3.44067 
1.32338 3.6319 2.45941 
1.32338 4.51418 4.76718 
1.32338 4.05222 4.65237 
2.89467 1.56377 1.64108 
2.89467 3.50331 1.32954 
2.89467 4.06037 4.17907 
2.89467 3.8382 4.9091 
2.89467 4.76179 2.2865 
2.89467 4.52661 2.72778 
2.89467 3.73348 4.31214 
2.89467 3.36047 3.34303 
2.89467 4.47369 4.25332 
2.89467 4.26529 1.68708 
2.89467 2.77977 4.54671 
2.89467 4.43501 4.17448 
2.89467 2.763 1.99368 
2.89467 3.88013 4.64636 
2.89467 4.01703 4.47636 
1.56377 3.50331 2.08038 
1.56377 4.06037 4.27493 
1.56377 3.8382 4.73651 
1.56377 4.76179 3.43978 
1.56377 4.52661 3.99499 
1.56377 3.73348 4.29801 
1.56377 3.36047 2.44902 
1.56377 4.47369 4.04191 
1.56377 4.26529 3.27712 
1.56377 2.77977 4.00058 
1.56377 2.763 1.42207 
1.56377 4.57422 4.48089 
1.56377 3.6319 4.92781 
1.56377 4.31338 4.48023 
1.56377 4.01703 3.49703 
1.56377 4.05222 4.56223 
3.50331 4.76179 1.40978 
3.50331 4.52661 3.80414 
3.50331 3.36047 2.56368 
3.50331 4.26529 2.46764 
3.50331 4.43501 4.40068 
3.50331 2.763 1.3857 
3.50331 3.88013 4.99255 
3.50331 4.01703 3.65347 
4.06037 3.8382 2.53357 
4.06037 4.76179 4.76109 
4.06037 4.52661 3.4546 
4.06037 3.73348 1.28011 
4.06037 4.47369 3.10172 
4.06037 4.26529 4.27379 
4.06037 2.77977 3.49694 
4.06037 3.6319 4.87818 
3.8382 4.52661 4.08487 
3.8382 3.73348 1.26421 
3.8382 2.77977 1.58377 
3.8382 3.88013 4.96137 
3.8382 4.57422 4.82119 
3.8382 3.6319 2.63634 
3.8382 4.31338 4.43895 
3.8382 4.05222 4.75749 
4.76179 4.52661 3.91291 
4.76179 3.36047 3.64653 
4.76179 4.26529 2.45988 
4.76179 4.43501 4.58532 
4.76179 2.763 2.70691 
4.76179 3.88013 4.87355 
4.76179 4.01703 4.54676 
4.52661 3.73348 3.4561 
4.52661 4.26529 1.51044 
4.52661 2.77977 4.50519 
4.52661 4.43501 4.91951 
4.52661 2.763 4.69646 
4.52661 3.88013 4.62654 
4.52661 4.57422 4.03218 
4.52661 4.31338 4.37559 
3.73348 4.47369 4.17455 
3.73348 4.26529 4.41967 
3.73348 2.77977 2.39776 
3.73348 3.6319 3.70027 
3.73348 4.31338 4.95434 
3.36047 4.26529 4.9054 
3.36047 2.763 1.35244 
3.36047 4.57422 3.98094 
3.36047 4.31338 4.64732 
3.36047 4.01703 1.3004 
4.47369 4.26529 4.93715 
4.47369 4.43501 4.11008 
4.47369 2.763 4.94019 
4.47369 3.88013 4.90994 
4.47369 4.31338 4.58607 
4.47369 4.51418 4.59333 
4.47369 4.05222 4.17911 
4.26529 4.43501 4.08643 
4.26529 2.763 3.57906 
4.26529 3.88013 4.01153 
4.26529 4.57422 4.91394 
2.77977 4.43501 4.54365 
2.77977 3.88013 3.43488 
2.77977 4.57422 4.97539 
2.77977 3.6319 1.43022 
2.77977 4.31338 4.90996 
4.43501 3.88013 1.41834 
4.43501 3.6319 3.94613 
2.763 4.57422 4.53757 
2.763 4.31338 4.91138 
2.763 4.01703 2.55308 
3.88013 3.6319 2.62895 
4.57422 3.6319 4.8431 
4.57422 4.31338 1.26165 
4.57422 4.01703 4.27918 
4.57422 4.51418 3.85355 
4.57422 4.05222 2.60931 
3.6319 4.31338 4.80896 
4.31338 4.51418 2.63329 
4.31338 4.05222 1.38092 
4.01703 4.51418 4.41635 
4.51418 4.05222 1.29296 
4.67455 4.84244 1.53413 
4.67455 3.86352 4.45419 
4.67455 4.29554 3.57552 
4.67455 4.79837 2.7373 
4.67455 3.44712 4.80388 
4.67455 4.34439 3.85847 
4.67455 1.28985 4.12311 
4.67455 3.59301 4.15832 
4.67455 4.24825 4.36164 
4.84244 4.62376 4.01476 
4.84244 3.86352 4.73923 
4.84244 4.29554 2.65554 
4.84244 4.79837 1.3885 
4.84244 4.34439 4.64868 
4.84244 1.28985 4.29166 
4.84244 4.28058 3.82989 
4.84244 4.24825 3.74128 
4.62376 4.29554 3.99499 
4.62376 3.40595 2.44902 
4.62376 4.79837 3.27712 
4.62376 4.28058 1.42207 
4.62376 1.30895 4.48089 
4.62376 2.55854 4.48023 
4.62376 3.48209 3.49703 
4.62376 3.93921 4.69094 
4.62376 3.86341 4.56223 
4.89851 3.86352 1.34383 
4.89851 3.44712 3.77673 
4.89851 1.28985 3.6981 
4.89851 4.88404 4.4211 
4.89851 3.59301 4.75929 
4.89851 4.24762 3.52288 
4.89851 2.55854 4.65517 
4.89851 3.78618 2.7071 
4.89851 4.69183 1.46107 
4.89851 3.93921 4.54318 
4.89851 3.86341 4.16074 
3.86352 3.44712 3.74717 
3.86352 1.28985 2.59805 
3.86352 4.88404 4.46461 
3.86352 3.59301 4.60565 
3.86352 4.24762 3.69295 
3.86352 3.48209 4.88236 
3.86352 3.78618 2.89243 
3.86352 4.69183 2.26281 
3.86352 3.93921 4.38263 
3.86352 3.86341 4.85848 
4.29554 4.79837 1.51044 
4.29554 4.34439 4.94701 
4.29554 1.28985 4.4106 
4.29554 4.88404 2.53025 
4.29554 4.28058 4.69646 
4.29554 1.30895 4.03218 
4.29554 4.24825 1.24658 
4.29554 2.55854 4.37559 
3.40595 4.79837 4.9054 
3.40595 3.44712 4.65942 
3.40595 1.28985 3.96702 
3.40595 4.28058 1.35244 
3.40595 1.30895 3.98094 
3.40595 4.24762 3.76255 
3.40595 2.55854 4.64732 
3.40595 3.48209 1.3004 
3.40595 3.78618 4.4903 
3.40595 3.93921 2.49975 
4.79837 1.28985 4.49647 
4.79837 4.88404 4.01485 
4.79837 4.28058 3.57906 
4.79837 1.30895 4.91394 
4.79837 4.24825 2.73357 
3.44712 4.34439 2.73163 
3.44712 1.28985 3.15782 
3.44712 1.30895 4.20985 
3.44712 3.59301 1.33614 
3.44712 4.24762 2.44354 
3.44712 3.48209 3.69789 
3.44712 3.78618 1.43462 
3.44712 4.69183 2.64154 
3.44712 3.93921 3.13356 
4.34439 1.28985 4.56425 
4.34439 1.30895 4.30954 
4.34439 3.59301 1.41041 
4.34439 4.24825 4.90304 
4.34439 2.55854 4.61171 
4.34439 3.78618 4.15217 
1.28985 1.30895 2.49263 
1.28985 3.59301 3.56758 
1.28985 4.24825 4.71472 
1.28985 4.24762 3.82984 
1.28985 2.55854 3.74818 
1.28985 3.48209 3.7599 
1.28985 3.78618 3.1513 
1.28985 4.69183 3.71659 
1.28985 3.93921 3.86914 
4.88404 1.30895 4.01236 
4.88404 4.24825 1.31285 
4.88404 2.55854 3.62021 
4.88404 3.86341 4.05228 
4.28058 1.30895 4.53757 
4.28058 2.55854 4.91138 
4.28058 3.48209 2.55308 
4.28058 3.93921 3.75244 
1.30895 3.59301 3.96991 
1.30895 4.24825 3.66177 
1.30895 2.55854 1.26165 
1.30895 3.48209 4.27918 
1.30895 3.78618 4.85293 
1.30895 3.93921 4.90631 
1.30895 3.86341 2.60931 
3.59301 4.24762 3.74192 
3.59301 2.55854 4.62505 
3.59301 3.48209 4.56877 
3.59301 3.78618 2.7463 
3.59301 4.69183 3.76193 
3.59301 3.93921 4.2433 
4.24825 2.55854 3.6879 
4.24825 3.86341 4.5125 
4.24762 3.48209 2.52011 
4.24762 3.78618 1.4343 
4.24762 4.69183 2.43913 
4.24762 3.93921 1.3703 
4.24762 3.86341 3.90386 
2.55854 4.69183 4.86163 
2.55854 3.86341 1.38092 
3.48209 3.78618 3.40017 
3.48209 4.69183 4.61385 
3.48209 3.93921 1.22211 
3.78618 4.69183 1.49424 
3.78618 3.93921 2.5271 
3.78618 3.86341 4.59548 
4.69183 3.93921 3.6713 
4.69183 3.86341 4.05688 
3.93921 3.86341 4.51779 
2.79671 4.96306 2.62557 
2.79671 3.847 4.27278 
2.79671 3.92161 2.62421 
2.79671 2.69098 3.9727 
2.79671 4.90094 4.26427 
2.79671 4.84164 2.8171 
2.79671 4.27827 3.85374 
2.79671 4.56595 4.44461 
2.79671 2.44501 1.45749 
2.79671 2.62282 4.30564 
2.79671 1.23174 3.44067 
2.79671 1.43719 2.45941 
3.54677 3.847 2.44608 
3.54677 4.74048 1.41217 
3.54677 3.92161 4.38872 
3.54677 4.99203 2.66744 
3.54677 2.69098 1.40705 
3.54677 4.90094 4.76116 
3.54677 4.27827 3.60569 
3.54677 2.44501 4.01797 
3.54677 4.16563 2.8026 
3.54677 1.23174 4.51742 
3.54677 4.79439 4.03511 
3.54677 1.43719 2.85897 
4.73046 4.96306 4.01476 
4.73046 4.90094 2.65554 
4.73046 4.56595 1.3885 
4.73046 4.16563 4.64868 
4.73046 2.62282 4.36983 
4.73046 3.79984 4.73093 
4.73046 1.23174 4.2037 
4.96306 3.92161 4.73651 
4.96306 4.90094 3.99499 
4.96306 4.84164 4.29801 
4.96306 4.56595 3.27712 
4.96306 2.44501 4.00058 
4.96306 3.79984 4.31235 
4.96306 1.43719 4.92781 
3.847 4.74048 2.84825 
3.847 3.92161 2.42473 
3.847 4.99203 1.43383 
3.847 2.69098 1.51972 
3.847 4.84164 3.63393 
3.847 4.27827 1.2457 
3.847 2.44501 2.81736 
3.847 4.16563 4.90074 
3.847 1.23174 4.94324 
3.847 1.43719 2.53695 
4.74048 4.99203 2.29477 
4.74048 2.69098 2.44188 
4.74048 4.90094 4.95076 
4.74048 4.27827 4.07394 
4.74048 4.16563 3.81519 
4.74048 3.79984 4.81524 
4.74048 1.43719 4.03421 
3.92161 4.99203 3.71673 
3.92161 2.69098 3.0893 
3.92161 4.90094 4.08487 
3.92161 4.84164 1.26421 
3.92161 4.27827 1.46503 
3.92161 2.44501 1.58377 
3.92161 1.23174 4.96137 
3.92161 1.43719 2.63634 
4.99203 2.69098 2.44433 
4.99203 4.84164 4.83283 
4.99203 4.27827 2.30809 
4.99203 2.44501 4.23766 
4.99203 4.79439 4.55108 
4.99203 1.43719 3.82242 
2.69098 4.84164 4.33368 
2.69098 4.27827 2.50336 
2.69098 2.44501 2.66113 
2.69098 4.16563 3.60238 
2.69098 1.23174 3.79681 
2.69098 4.79439 4.60664 
2.69098 1.43719 1.64166 
4.90094 4.84164 3.4561 
4.90094 4.56595 1.51044 
4.90094 2.44501 4.50519 
4.90094 4.16563 4.94701 
4.90094 2.62282 4.91951 
4.90094 3.79984 4.99558 
4.90094 1.23174 4.62654 
4.84164 4.27827 2.52538 
4.84164 4.56595 4.41967 
4.84164 2.44501 2.39776 
4.84164 1.43719 3.70027 
4.27827 2.44501 2.50156 
4.27827 1.43719 2.88269 
4.56595 2.62282 4.08643 
4.56595 3.79984 4.19589 
4.56595 1.23174 4.01153 
2.44501 2.62282 4.54365 
2.44501 1.23174 3.43488 
2.44501 1.43719 1.43022 
4.16563 2.62282 4.9415 
4.16563 3.79984 4.52538 
4.16563 1.23174 4.88887 
4.16563 4.79439 1.41041 
4.16563 1.43719 4.12087 
2.62282 3.79984 1.3455 
2.62282 1.23174 1.41834 
2.62282 1.43719 3.94613 
3.79984 1.23174 2.6486 
1.23174 1.43719 2.62895 
4.79439 1.43719 4.80982 
2.64772 1.48393 2.73828 
2.64772 3.11293 1.41217 
2.64772 3.88224 1.40705 
2.64772 4.72339 4.76116 
2.64772 4.58526 2.53096 
2.64772 2.56999 4.08525 
2.64772 1.47448 2.8026 
2.64772 2.68934 2.42872 
2.64772 4.51337 4.1929 
2.64772 2.64223 4.03511 
2.64772 4.33892 4.31509 
2.64772 4.59712 4.38227 
2.64772 4.86535 2.85897 
2.64772 3.71223 4.58193 
2.64772 4.36243 4.99745 
2.64772 3.79318 3.9461 
4.36468 4.72339 3.57552 
4.36468 4.58526 4.84032 
4.36468 3.80708 4.80388 
4.36468 1.47448 3.85847 
4.36468 2.64223 4.15832 
4.36468 4.33892 4.36164 
4.36468 4.36243 2.68411 
4.36468 3.76198 1.30607 
1.48393 3.11293 2.45609 
1.48393 3.88224 4.14313 
1.48393 4.72339 4.91351 
1.48393 4.58526 3.81486 
1.48393 4.9666 3.63341 
1.48393 2.56999 1.39021 
1.48393 1.47448 2.89968 
1.48393 2.68934 1.53219 
1.48393 3.88426 3.4887 
1.48393 3.22497 2.55289 
1.48393 4.51337 3.91363 
1.48393 2.64223 4.0821 
1.48393 4.33892 4.16624 
1.48393 4.59712 3.61812 
1.48393 3.71223 2.32657 
1.48393 3.79318 2.46633 
1.48393 3.76198 4.99957 
3.11293 3.88224 2.44188 
3.11293 4.72339 4.95076 
3.11293 4.58526 1.48615 
3.11293 4.9666 4.95885 
3.11293 2.56999 3.53668 
3.11293 1.47448 3.81519 
3.11293 2.68934 1.4734 
3.11293 3.22497 4.81524 
3.11293 4.51337 3.63047 
3.11293 4.33892 4.17337 
3.11293 4.59712 3.46234 
3.11293 4.86535 4.03421 
3.11293 3.71223 3.64602 
3.11293 4.36243 3.78776 
3.11293 3.79318 2.86497 
3.88224 4.58526 2.90736 
3.88224 1.47448 3.60238 
3.88224 2.68934 3.71517 
3.88224 2.64223 4.60664 
3.88224 4.86535 1.64166 
4.72339 1.47448 4.94701 
4.72339 2.68934 4.555 
4.72339 3.88426 4.91951 
4.72339 3.22497 4.99558 
4.72339 4.51337 2.53025 
4.72339 4.33892 1.24658 
4.72339 4.59712 3.73492 
4.72339 3.79318 4.79185 
4.72339 3.76198 4.46941 
4.58526 2.56999 4.68424 
4.58526 3.80708 3.75038 
4.58526 2.68934 2.60304 
4.58526 4.51337 4.26889 
4.58526 2.64223 4.5919 
4.58526 4.59712 3.96795 
4.58526 4.86535 4.45017 
4.58526 3.71223 4.4729 
4.58526 4.36243 2.56167 
4.58526 3.79318 3.54802 
4.58526 3.76198 3.89089 
4.9666 2.56999 2.45783 
4.9666 2.68934 3.61554 
4.9666 3.88426 4.11008 
4.9666 3.22497 3.02859 
4.9666 4.51337 4.83342 
4.9666 4.59712 3.76827 
4.9666 3.71223 1.40613 
4.9666 3.79318 2.48401 
2.56999 1.47448 4.03858 
2.56999 2.68934 2.28818 
2.56999 3.88426 2.75001 
2.56999 3.22497 1.52704 
2.56999 4.51337 4.35645 
2.56999 4.33892 4.74985 
2.56999 4.59712 3.76086 
2.56999 3.71223 1.44446 
2.56999 3.79318 2.33691 
3.80708 1.47448 2.73163 
3.80708 2.64223 1.33614 
3.80708 4.36243 3.05126 
3.80708 3.76198 3.65969 
1.47448 2.68934 3.85002 
1.47448 3.88426 4.9415 
1.47448 3.22497 4.52538 
1.47448 2.64223 1.41041 
1.47448 4.33892 4.90304 
1.47448 4.86535 4.12087 
1.47448 4.36243 3.6884 
1.47448 3.76198 3.16774 
2.68934 3.88426 4.74767 
2.68934 3.22497 3.73748 
2.68934 4.51337 2.95654 
2.68934 4.33892 3.59304 
2.68934 4.59712 2.51822 
2.68934 3.71223 2.24722 
2.68934 4.36243 4.23205 
2.68934 3.79318 1.54847 
3.88426 3.22497 1.3455 
3.88426 4.86535 3.94613 
3.88426 3.71223 3.86675 
3.88426 3.79318 4.9956 
3.22497 3.71223 2.64694 
3.22497 3.79318 3.79628 
4.51337 4.33892 1.31285 
4.51337 4.59712 1.26855 
4.51337 3.71223 3.80955 
4.51337 4.36243 4.87365 
4.51337 3.79318 2.68029 
2.64223 4.86535 4.80982 
2.64223 4.36243 3.14034 
2.64223 3.76198 3.17673 
4.33892 4.59712 2.48934 
4.33892 3.71223 4.53962 
4.33892 3.79318 3.62425 
4.59712 3.71223 2.8789 
4.59712 4.36243 4.27063 
4.59712 3.79318 1.68327 
3.71223 3.79318 1.35856 
4.36243 3.79318 4.25929 
4.36243 3.76198 1.49047 
3.48237 2.62557 1.64108 
3.48237 4.35178 1.32954 
3.48237 3.50463 4.17907 
3.48237 2.62421 4.9091 
3.48237 4.26427 2.72778 
3.48237 2.8171 4.31214 
3.48237 4.65984 4.85188 
3.48237 4.62104 3.34303 
3.48237 4.81664 4.25332 
3.48237 4.44461 1.68708 
3.48237 1.45749 4.54671 
3.48237 4.30564 4.17448 
3.48237 3.90622 1.99368 
3.48237 3.44067 4.64636 
3.48237 4.79967 3.92937 
2.62557 4.35178 2.08038 
2.62557 3.50463 4.27493 
2.62557 2.62421 4.73651 
2.62557 4.26427 3.99499 
2.62557 2.8171 4.29801 
2.62557 4.62104 2.44902 
2.62557 4.81664 4.04191 
2.62557 4.44461 3.27712 
2.62557 1.45749 4.00058 
2.62557 3.90622 1.42207 
2.62557 2.45941 4.92781 
2.62557 4.65237 4.56223 
4.35178 4.26427 3.80414 
4.35178 4.65984 4.82411 
4.35178 4.62104 2.56368 
4.35178 4.44461 2.46764 
4.35178 4.30564 4.40068 
4.35178 3.90622 1.3857 
4.35178 3.44067 4.99255 
3.50463 4.27278 4.87197 
3.50463 2.62421 2.53357 
3.50463 4.26427 3.4546 
3.50463 2.8171 1.28011 
3.50463 4.65984 1.33554 
3.50463 3.85374 3.70764 
3.50463 4.81664 3.10172 
3.50463 4.44461 4.27379 
3.50463 1.45749 3.49694 
3.50463 4.79967 3.43988 
3.50463 2.45941 4.87818 
4.27278 2.62421 2.42473 
4.27278 3.9727 1.51972 
4.27278 2.8171 3.63393 
4.27278 3.85374 1.2457 
4.27278 1.45749 2.81736 
4.27278 3.44067 4.94324 
4.27278 2.45941 2.53695 
4.27278 4.76718 3.78236 
4.27278 4.65237 3.96548 
2.62421 3.9727 3.0893 
2.62421 4.26427 4.08487 
2.62421 2.8171 1.26421 
2.62421 4.65984 3.79507 
2.62421 3.85374 1.46503 
2.62421 1.45749 1.58377 
2.62421 3.44067 4.96137 
2.62421 4.79967 3.88398 
2.62421 2.45941 2.63634 
2.62421 4.65237 4.75749 
3.9727 2.8171 4.33368 
3.9727 3.85374 2.50336 
3.9727 1.45749 2.66113 
3.9727 3.44067 3.79681 
3.9727 2.45941 1.64166 
3.9727 4.76718 4.41977 
3.9727 4.65237 4.36403 
4.26427 2.8171 3.4561 
4.26427 4.65984 4.21071 
4.26427 4.44461 1.51044 
4.26427 1.45749 4.50519 
4.26427 4.30564 4.91951 
4.26427 3.90622 4.69646 
4.26427 3.44067 4.62654 
4.26427 4.79967 1.24658 
2.8171 4.65984 2.57634 
2.8171 3.85374 2.52538 
2.8171 4.81664 4.17455 
2.8171 4.44461 4.41967 
2.8171 1.45749 2.39776 
2.8171 4.79967 3.33157 
2.8171 2.45941 3.70027 
4.65984 3.85374 4.82952 
4.65984 4.81664 2.52982 
4.65984 4.44461 4.90156 
4.65984 1.45749 4.77425 
4.65984 4.79967 4.18103 
4.62104 4.44461 4.9054 
4.62104 3.90622 1.35244 
3.85374 1.45749 2.50156 
3.85374 4.79967 4.6523 
3.85374 2.45941 2.88269 
3.85374 4.76718 4.05653 
3.85374 4.65237 4.10892 
4.81664 4.44461 4.93715 
4.81664 4.30564 4.11008 
4.81664 3.90622 4.94019 
4.81664 3.44067 4.90994 
4.81664 4.76718 4.59333 
4.81664 4.65237 4.17911 
4.44461 4.30564 4.08643 
4.44461 3.90622 3.57906 
4.44461 3.44067 4.01153 
4.44461 4.79967 2.73357 
1.45749 4.30564 4.54365 
1.45749 3.44067 3.43488 
1.45749 4.79967 4.66937 
1.45749 2.45941 1.43022 
4.30564 3.44067 1.41834 
4.30564 2.45941 3.94613 
3.44067 2.45941 2.62895 
4.79967 4.65237 4.5125 
4.76718 4.65237 1.29296 
2.73828 2.44608 4.96627 
2.73828 1.41217 2.45609 
2.73828 2.66744 4.60588 
2.73828 1.40705 4.14313 
2.73828 4.76116 4.91351 
2.73828 2.53096 3.81486 
2.73828 4.08525 1.39021 
2.73828 2.8026 2.89968 
2.73828 2.42872 1.53219 
2.73828 4.1929 3.91363 
2.73828 4.51742 4.75596 
2.73828 4.03511 4.0821 
2.73828 4.31509 4.16624 
2.73828 4.38227 3.61812 
2.73828 4.58193 2.32657 
2.73828 4.17654 4.93374 
2.73828 3.9461 2.46633 
2.73828 3.87352 4.72748 
4.63183 2.44608 3.96957 
4.63183 1.41217 4.17766 
4.63183 4.53912 3.54547 
4.63183 2.66744 3.20542 
4.63183 1.40705 4.86733 
4.63183 2.53096 3.71101 
4.63183 3.60569 4.24601 
4.63183 4.38227 4.76806 
4.63183 4.30288 3.8958 
4.63183 4.0728 2.70536 
4.63183 4.17654 1.30742 
4.63183 4.2444 2.57541 
4.63183 3.87352 4.17803 
2.44608 1.41217 2.84825 
2.44608 4.38872 2.42473 
2.44608 4.53912 2.2352 
2.44608 2.66744 1.43383 
2.44608 1.40705 1.51972 
2.44608 2.53096 2.54649 
2.44608 3.60569 1.2457 
2.44608 4.01797 2.81736 
2.44608 2.8026 4.90074 
2.44608 2.42872 4.3159 
2.44608 4.51742 4.94324 
2.44608 4.68691 4.84007 
2.44608 2.85897 2.53695 
2.44608 4.30288 4.15525 
2.44608 4.0728 2.28918 
2.44608 4.99745 4.69561 
2.44608 4.17654 3.78236 
2.44608 4.2444 3.96548 
2.44608 3.87352 3.65899 
1.41217 4.53912 4.59209 
1.41217 2.66744 2.29477 
1.41217 1.40705 2.44188 
1.41217 4.76116 4.95076 
1.41217 2.53096 1.48615 
1.41217 3.60569 4.07394 
1.41217 4.08525 3.53668 
1.41217 2.8026 3.81519 
1.41217 2.42872 1.4734 
1.41217 4.1929 3.63047 
1.41217 4.31509 4.17337 
1.41217 4.38227 3.46234 
1.41217 2.85897 4.03421 
1.41217 4.58193 3.64602 
1.41217 4.0728 3.7031 
1.41217 4.99745 3.78776 
1.41217 4.17654 4.08728 
1.41217 3.9461 2.86497 
1.41217 4.2444 4.56016 
1.41217 3.87352 2.68021 
4.38872 4.53912 2.68471 
4.38872 2.66744 3.71673 
4.38872 1.40705 3.0893 
4.38872 4.76116 4.08487 
4.38872 2.53096 4.95245 
4.38872 3.60569 1.46503 
4.38872 4.01797 1.58377 
4.38872 4.1929 3.9276 
4.38872 4.51742 4.96137 
4.38872 4.68691 4.82119 
4.38872 4.31509 3.88398 
4.38872 4.38227 4.61729 
4.38872 2.85897 2.63634 
4.38872 4.30288 4.43895 
4.38872 4.0728 3.81112 
4.38872 4.2444 4.75749 
4.53912 2.66744 2.38371 
4.53912 1.40705 3.73618 
4.53912 2.53096 3.73327 
4.53912 3.60569 1.53736 
4.53912 4.01797 3.99061 
4.53912 4.1929 4.4211 
4.53912 4.03511 4.75929 
4.53912 4.38227 4.3752 
4.53912 2.85897 4.39671 
4.53912 4.30288 4.65517 
4.53912 4.0728 1.46107 
4.53912 4.17654 3.76168 
4.53912 4.2444 4.16074 
4.53912 3.87352 4.29887 
2.66744 1.40705 2.44433 
2.66744 2.53096 1.38815 
2.66744 3.60569 2.30809 
2.66744 4.01797 4.23766 
2.66744 2.42872 3.6896 
2.66744 4.03511 4.55108 
2.66744 2.85897 3.82242 
2.66744 4.30288 4.67602 
2.66744 4.0728 1.51096 
2.66744 4.99745 3.42115 
2.66744 4.17654 3.43287 
2.66744 3.9461 4.84491 
2.66744 4.2444 4.06534 
2.66744 3.87352 2.34224 
1.40705 2.53096 2.90736 
1.40705 3.60569 2.50336 
1.40705 4.01797 2.66113 
1.40705 2.8026 3.60238 
1.40705 2.42872 3.71517 
1.40705 4.51742 3.79681 
1.40705 4.68691 4.60604 
1.40705 4.03511 4.60664 
1.40705 2.85897 1.64166 
1.40705 4.30288 4.24783 
1.40705 4.0728 3.68689 
1.40705 4.17654 4.41977 
1.40705 4.2444 4.36403 
1.40705 3.87352 4.20846 
4.76116 4.01797 4.50519 
4.76116 2.8026 4.94701 
4.76116 2.42872 4.555 
4.76116 4.1929 2.53025 
4.76116 4.51742 4.62654 
4.76116 4.68691 4.03218 
4.76116 4.31509 1.24658 
4.76116 4.38227 3.73492 
4.76116 4.30288 4.37559 
4.76116 3.9461 4.79185 
2.53096 3.60569 3.61977 
2.53096 4.08525 4.68424 
2.53096 2.42872 2.60304 
2.53096 4.1929 4.26889 
2.53096 4.03511 4.5919 
2.53096 4.38227 3.96795 
2.53096 2.85897 4.45017 
2.53096 4.58193 4.4729 
2.53096 4.0728 2.61634 
2.53096 4.99745 2.56167 
2.53096 4.17654 4.03719 
2.53096 3.9461 3.54802 
2.53096 4.2444 4.78915 
2.53096 3.87352 1.38124 
3.60569 4.01797 2.50156 
3.60569 4.1929 4.36582 
3.60569 4.68691 4.89002 
3.60569 4.31509 4.6523 
3.60569 4.38227 4.6752 
3.60569 2.85897 2.88269 
3.60569 4.30288 4.19943 
3.60569 4.0728 2.38715 
3.60569 4.17654 4.05653 
3.60569 4.2444 4.10892 
3.60569 3.87352 4.54778 
4.08525 2.8026 4.03858 
4.08525 2.42872 2.28818 
4.08525 4.1929 4.35645 
4.08525 4.51742 4.00393 
4.08525 4.31509 4.74985 
4.08525 4.38227 3.76086 
4.08525 4.58193 1.44446 
4.08525 3.9461 2.33691 
4.01797 4.51742 3.43488 
4.01797 4.68691 4.97539 
4.01797 4.31509 4.66937 
4.01797 2.85897 1.43022 
4.01797 4.30288 4.90996 
4.01797 4.0728 4.81994 
2.8026 2.42872 3.85002 
2.8026 4.51742 4.88887 
2.8026 4.68691 4.30954 
2.8026 4.03511 1.41041 
2.8026 4.31509 4.90304 
2.8026 2.85897 4.12087 
2.8026 4.30288 4.61171 
2.8026 4.99745 3.6884 
2.8026 3.87352 4.47235 
2.42872 4.1929 2.95654 
2.42872 4.31509 3.59304 
2.42872 4.38227 2.51822 
2.42872 4.58193 2.24722 
2.42872 4.99745 4.23205 
2.42872 4.17654 4.93679 
2.42872 3.9461 1.54847 
2.42872 3.87352 3.34373 
4.1929 4.68691 4.01236 
4.1929 4.31509 1.31285 
4.1929 4.38227 1.26855 
4.1929 4.30288 3.62021 
4.1929 4.58193 3.80955 
4.1929 4.99745 4.87365 
4.1929 4.17654 4.7914 
4.1929 3.9461 2.68029 
4.1929 4.2444 4.05228 
4.1929 3.87352 4.53707 
4.51742 2.85897 2.62895 
4.51742 4.58193 4.92352 
4.68691 4.03511 3.96991 
4.68691 4.31509 3.66177 
4.68691 4.38227 4.23121 
4.68691 2.85897 4.8431 
4.68691 4.30288 1.26165 
4.68691 4.58193 4.9262 
4.68691 4.17654 3.85355 
4.68691 3.9461 4.85327 
4.68691 4.2444 2.60931 
4.03511 2.85897 4.80982 
4.03511 4.30288 4.62505 
4.03511 4.0728 3.76193 
4.03511 4.99745 3.14034 
4.03511 3.87352 3.58583 
4.31509 4.38227 2.48934 
4.31509 4.30288 3.6879 
4.31509 4.58193 4.53962 
4.31509 3.9461 3.62425 
4.31509 4.2444 4.5125 
4.38227 4.30288 3.55359 
4.38227 4.58193 2.8789 
4.38227 4.99745 4.27063 
4.38227 4.17654 4.17942 
4.38227 3.9461 1.68327 
4.38227 4.2444 3.60187 
4.38227 3.87352 4.01105 
2.85897 4.30288 4.80896 
2.85897 4.0728 4.81252 
4.30288 4.58193 4.41671 
4.30288 4.0728 4.86163 
4.30288 4.17654 2.63329 
4.30288 3.9461 4.25768 
4.30288 4.2444 1.38092 
4.58193 4.17654 4.98215 
4.58193 3.9461 1.35856 
4.58193 4.2444 4.34168 
4.58193 3.87352 4.74137 
4.0728 4.99745 3.82269 
4.0728 4.17654 3.27046 
4.0728 4.2444 4.05688 
4.0728 3.87352 2.99992 
4.99745 3.9461 4.25929 
4.99745 3.87352 1.20609 
4.17654 3.9461 4.80513 
4.17654 4.2444 1.29296 
4.17654 3.87352 4.85264 
3.9461 4.2444 4.21395 
3.9461 3.87352 3.74128 
3.94772 2.43536 1.53413 
3.94772 1.32954 3.82968 
3.94772 2.2865 2.66828 
3.94772 2.72778 3.57552 
3.94772 1.68708 2.7373 
3.94772 3.57102 2.89869 
3.94772 4.64636 4.89677 
3.94772 3.92937 4.36164 
3.94772 4.5937 3.9725 
2.43536 1.64108 4.01476 
2.43536 1.32954 2.47087 
2.43536 2.2865 1.6699 
2.43536 2.72778 2.65554 
2.43536 1.68708 1.3885 
2.43536 4.17448 4.36983 
2.43536 3.79063 4.73093 
2.43536 1.99368 3.82989 
2.43536 3.57102 2.5563 
2.43536 4.64636 4.2037 
2.43536 3.92937 3.74128 
2.43536 4.5937 3.80765 
1.64108 1.32954 2.08038 
1.64108 4.17907 4.27493 
1.64108 4.9091 4.73651 
1.64108 2.2865 3.43978 
1.64108 2.72778 3.99499 
1.64108 4.31214 4.29801 
1.64108 3.34303 2.44902 
1.64108 4.25332 4.04191 
1.64108 1.68708 3.27712 
1.64108 4.6671 4.68955 
1.64108 4.54671 4.00058 
1.64108 3.79063 4.31235 
1.64108 1.99368 1.42207 
1.64108 3.57102 4.55695 
1.64108 4.47636 3.49703 
1.64108 4.91828 4.65819 
1.64108 4.67419 4.74109 
1.32954 2.2865 1.40978 
1.32954 2.72778 3.80414 
1.32954 4.85188 4.82411 
1.32954 3.34303 2.56368 
1.32954 1.68708 2.46764 
1.32954 4.17448 4.40068 
1.32954 3.79063 4.09924 
1.32954 1.99368 1.3857 
1.32954 3.57102 2.51209 
1.32954 4.64636 4.99255 
1.32954 4.47636 3.65347 
1.32954 4.5937 3.38625 
4.17907 4.9091 2.53357 
4.17907 2.2865 4.76109 
4.17907 2.72778 3.4546 
4.17907 4.31214 1.28011 
4.17907 4.85188 1.33554 
4.17907 4.25332 3.10172 
4.17907 1.68708 4.27379 
4.17907 4.54671 3.49694 
4.17907 3.57102 3.64474 
4.17907 3.92937 3.43988 
4.17907 4.91828 4.50331 
4.17907 4.67419 2.34435 
4.17907 4.5937 2.47876 
4.9091 2.72778 4.08487 
4.9091 4.31214 1.26421 
4.9091 4.85188 3.79507 
4.9091 4.54671 1.58377 
4.9091 4.64636 4.96137 
4.9091 3.92937 3.88398 
4.9091 4.67419 4.80838 
4.9091 4.5937 4.4608 
2.2865 2.72778 3.91291 
2.2865 4.85188 3.96321 
2.2865 3.34303 3.64653 
2.2865 1.68708 2.45988 
2.2865 4.17448 4.58532 
2.2865 3.79063 4.68918 
2.2865 1.99368 2.70691 
2.2865 3.57102 1.30355 
2.2865 4.64636 4.87355 
2.2865 4.47636 4.54676 
2.2865 4.67419 4.68982 
2.2865 4.5937 2.4609 
2.72778 4.31214 3.4561 
2.72778 4.85188 4.21071 
2.72778 1.68708 1.51044 
2.72778 4.54671 4.50519 
2.72778 4.17448 4.91951 
2.72778 3.79063 4.99558 
2.72778 1.99368 4.69646 
2.72778 4.64636 4.62654 
2.72778 3.92937 1.24658 
2.72778 4.67419 4.66001 
4.31214 4.85188 2.57634 
4.31214 4.25332 4.17455 
4.31214 1.68708 4.41967 
4.31214 4.54671 2.39776 
4.31214 3.57102 4.44396 
4.31214 3.92937 3.33157 
4.31214 4.67419 3.59108 
4.31214 4.5937 3.43167 
4.85188 4.25332 2.52982 
4.85188 1.68708 4.90156 
4.85188 4.6671 4.72962 
4.85188 4.54671 4.77425 
4.85188 3.79063 4.76158 
4.85188 3.57102 2.74804 
4.85188 3.92937 4.18103 
4.85188 4.91828 3.84114 
4.85188 4.67419 1.35335 
4.85188 4.5937 1.50426 
3.34303 1.68708 4.9054 
3.34303 1.99368 1.35244 
3.34303 3.57102 4.15662 
3.34303 4.47636 1.3004 
3.34303 4.5937 4.30973 
4.25332 1.68708 4.93715 
4.25332 4.6671 2.45783 
4.25332 4.17448 4.11008 
4.25332 3.79063 3.02859 
4.25332 1.99368 4.94019 
4.25332 3.57102 4.77272 
4.25332 4.64636 4.90994 
4.25332 4.91828 1.40613 
4.25332 4.67419 1.34432 
4.25332 4.5937 3.61522 
1.68708 4.17448 4.08643 
1.68708 3.79063 4.19589 
1.68708 1.99368 3.57906 
1.68708 3.57102 3.65331 
1.68708 4.64636 4.01153 
1.68708 3.92937 2.73357 
1.68708 4.67419 4.95624 
1.68708 4.5937 4.87771 
4.6671 4.17448 2.75001 
4.6671 3.79063 1.52704 
4.6671 1.99368 4.90359 
4.6671 4.64636 4.00393 
4.6671 3.92937 4.74985 
4.6671 4.91828 1.44446 
4.6671 4.67419 3.45463 
4.54671 4.17448 4.54365 
4.54671 4.64636 3.43488 
4.54671 3.92937 4.66937 
4.17448 3.79063 1.3455 
4.17448 4.64636 1.41834 
4.17448 4.91828 3.86675 
4.17448 4.67419 4.4838 
3.79063 1.99368 4.37412 
3.79063 4.64636 2.6486 
3.79063 4.91828 2.64694 
3.79063 4.67419 3.71543 
1.99368 3.57102 3.56765 
1.99368 4.47636 2.55308 
1.99368 4.5937 4.11131 
3.57102 4.47636 4.82098 
3.57102 4.67419 3.52382 
3.57102 4.5937 1.27708 
4.64636 4.91828 4.92352 
4.64636 4.67419 4.91884 
3.92937 4.91828 4.53962 
3.92937 4.67419 4.92556 
4.47636 4.5937 4.66439 
4.91828 4.67419 2.5259 
4.91828 4.5937 4.75433 
4.67419 4.5937 2.37422 
1.53413 3.82968 2.47087 
1.53413 2.66828 1.6699 
1.53413 4.45419 4.73923 
1.53413 3.57552 2.65554 
1.53413 2.7373 1.3885 
1.53413 3.85847 4.64868 
1.53413 4.12311 4.29166 
1.53413 2.89869 2.5563 
1.53413 4.89677 4.2037 
1.53413 4.36164 3.74128 
1.53413 2.68411 4.20225 
1.53413 1.30607 2.80059 
1.53413 3.9725 3.80765 
3.82968 2.66828 1.40978 
3.82968 3.57552 3.80414 
3.82968 2.7373 2.46764 
3.82968 2.89869 2.51209 
3.82968 4.89677 4.99255 
3.82968 3.9725 3.38625 
2.66828 4.45419 4.5063 
2.66828 3.57552 3.91291 
2.66828 2.7373 2.45988 
2.66828 4.12311 4.86066 
2.66828 2.89869 1.30355 
2.66828 4.89677 4.87355 
2.66828 1.30607 3.90332 
2.66828 3.9725 2.4609 
4.45419 4.84032 4.82126 
4.45419 4.80388 3.74717 
4.45419 4.12311 2.59805 
4.45419 2.89869 4.32006 
4.45419 4.15832 4.60565 
4.45419 1.30607 4.99148 
4.45419 3.9725 4.35358 
3.57552 2.7373 1.51044 
3.57552 3.85847 4.94701 
3.57552 4.12311 4.4106 
3.57552 4.89677 4.62654 
3.57552 4.36164 1.24658 
3.57552 1.30607 4.46941 
4.84032 4.80388 3.75038 
4.84032 4.15832 4.5919 
4.84032 2.68411 2.56167 
4.84032 1.30607 3.89089 
4.84032 3.71756 1.38124 
2.7373 4.12311 4.49647 
2.7373 2.89869 3.65331 
2.7373 4.89677 4.01153 
2.7373 4.36164 2.73357 
2.7373 1.30607 3.88888 
2.7373 3.9725 4.87771 
4.80388 3.85847 2.73163 
4.80388 4.12311 3.15782 
4.80388 4.15832 1.33614 
4.80388 2.68411 3.05126 
4.80388 1.30607 3.65969 
4.80388 3.71756 3.02778 
3.85847 4.12311 4.56425 
3.85847 4.89677 4.88887 
3.85847 4.15832 1.41041 
3.85847 4.36164 4.90304 
3.85847 2.68411 3.6884 
3.85847 1.30607 3.16774 
3.85847 3.71756 4.47235 
4.12311 4.15832 3.56758 
4.12311 4.36164 4.71472 
4.12311 1.30607 4.63385 
2.89869 2.68411 4.69948 
2.89869 1.30607 3.88418 
2.89869 3.9725 1.27708 
4.15832 2.68411 3.14034 
4.15832 1.30607 3.17673 
4.15832 3.71756 3.58583 
2.68411 1.30607 1.49047 
2.68411 3.71756 1.20609 
1.30607 3.71756 2.62453 
1.30607 3.9725 4.78859 
4.01476 2.47087 2.08038 
4.01476 1.6699 3.43978 
4.01476 2.65554 3.99499 
4.01476 1.3885 3.27712 
4.01476 4.73093 4.31235 
4.01476 3.82989 1.42207 
4.01476 2.5563 4.55695 
2.47087 1.6699 1.40978 
2.47087 2.65554 3.80414 
2.47087 1.3885 2.46764 
2.47087 4.36983 4.40068 
2.47087 4.73093 4.09924 
2.47087 3.82989 1.3857 
2.47087 2.5563 2.51209 
2.47087 4.2037 4.99255 
2.47087 3.80765 3.38625 
1.6699 4.73923 4.5063 
1.6699 2.65554 3.91291 
1.6699 1.3885 2.45988 
1.6699 4.36983 4.58532 
1.6699 4.29166 4.86066 
1.6699 4.73093 4.68918 
1.6699 3.82989 2.70691 
1.6699 2.5563 1.30355 
1.6699 4.2037 4.87355 
1.6699 2.80059 3.90332 
1.6699 3.80765 2.4609 
4.73923 4.29166 2.59805 
4.73923 2.5563 4.32006 
4.73923 2.80059 4.99148 
4.73923 3.80765 4.35358 
2.65554 1.3885 1.51044 
2.65554 4.64868 4.94701 
2.65554 4.36983 4.91951 
2.65554 4.29166 4.4106 
2.65554 4.73093 4.99558 
2.65554 3.82989 4.69646 
2.65554 4.2037 4.62654 
2.65554 3.74128 1.24658 
2.65554 2.80059 4.46941 
1.3885 4.36983 4.08643 
1.3885 4.29166 4.49647 
1.3885 4.73093 4.19589 
1.3885 3.82989 3.57906 
1.3885 2.5563 3.65331 
1.3885 4.2037 4.01153 
1.3885 3.74128 2.73357 
1.3885 2.80059 3.88888 
1.3885 3.80765 4.87771 
4.64868 4.36983 4.9415 
4.64868 4.29166 4.56425 
4.64868 4.73093 4.52538 
4.64868 4.2037 4.88887 
4.64868 3.74128 4.90304 
4.64868 4.20225 3.6884 
4.64868 2.80059 3.16774 
4.36983 4.73093 1.3455 
4.36983 4.2037 1.41834 
4.29166 3.74128 4.71472 
4.29166 2.80059 4.63385 
4.73093 3.82989 4.37412 
4.73093 4.2037 2.6486 
3.82989 2.5563 3.56765 
3.82989 3.80765 4.11131 
2.5563 4.20225 4.69948 
2.5563 2.80059 3.88418 
2.5563 3.80765 1.27708 
4.20225 2.80059 1.49047 
2.80059 3.80765 4.78859 
4.96627 2.45609 2.84825 
4.96627 4.60588 1.43383 
4.96627 4.14313 1.51972 
4.96627 3.81486 2.54649 
4.96627 2.89968 4.90074 
4.96627 1.53219 4.3159 
4.96627 4.75596 4.94324 
4.96627 4.93374 3.78236 
4.96627 4.72748 3.65899 
2.45609 4.60588 2.29477 
2.45609 4.14313 2.44188 
2.45609 4.91351 4.95076 
2.45609 3.81486 1.48615 
2.45609 3.63341 4.95885 
2.45609 1.39021 3.53668 
2.45609 2.89968 3.81519 
2.45609 1.53219 1.4734 
2.45609 2.55289 4.81524 
2.45609 3.91363 3.63047 
2.45609 4.16624 4.17337 
2.45609 3.61812 3.46234 
2.45609 2.32657 3.64602 
2.45609 4.93374 4.08728 
2.45609 2.46633 2.86497 
2.45609 4.72748 2.68021 
4.60588 4.14313 2.44433 
4.60588 3.81486 1.38815 
4.60588 1.53219 3.6896 
4.60588 4.0821 4.55108 
4.60588 4.93374 3.43287 
4.60588 2.46633 4.84491 
4.60588 4.99957 4.58501 
4.60588 4.72748 2.34224 
4.14313 3.81486 2.90736 
4.14313 2.89968 3.60238 
4.14313 1.53219 3.71517 
4.14313 4.75596 3.79681 
4.14313 4.0821 4.60664 
4.14313 4.93374 4.41977 
4.14313 4.72748 4.20846 
4.91351 2.89968 4.94701 
4.91351 1.53219 4.555 
4.91351 3.4887 4.91951 
4.91351 2.55289 4.99558 
4.91351 3.91363 2.53025 
4.91351 4.75596 4.62654 
4.91351 4.16624 1.24658 
4.91351 3.61812 3.73492 
4.91351 2.46633 4.79185 
4.91351 4.60854 4.66001 
4.91351 4.99957 4.46941 
3.81486 1.39021 4.68424 
3.81486 1.53219 2.60304 
3.81486 3.91363 4.26889 
3.81486 4.0821 4.5919 
3.81486 3.61812 3.96795 
3.81486 2.32657 4.4729 
3.81486 4.93374 4.03719 
3.81486 2.46633 3.54802 
3.81486 4.99957 3.89089 
3.81486 4.72748 1.38124 
3.63341 1.39021 2.45783 
3.63341 1.53219 3.61554 
3.63341 3.4887 4.11008 
3.63341 2.55289 3.02859 
3.63341 3.91363 4.83342 
3.63341 4.75596 4.90994 
3.63341 3.61812 3.76827 
3.63341 2.32657 1.40613 
3.63341 4.93374 4.59333 
3.63341 2.46633 2.48401 
3.63341 4.60854 1.34432 
1.39021 2.89968 4.03858 
1.39021 1.53219 2.28818 
1.39021 3.4887 2.75001 
1.39021 2.55289 1.52704 
1.39021 3.91363 4.35645 
1.39021 4.75596 4.00393 
1.39021 4.16624 4.74985 
1.39021 3.61812 3.76086 
1.39021 2.32657 1.44446 
1.39021 2.46633 2.33691 
1.39021 4.60854 3.45463 
2.89968 1.53219 3.85002 
2.89968 3.4887 4.9415 
2.89968 2.55289 4.52538 
2.89968 4.75596 4.88887 
2.89968 4.0821 1.41041 
2.89968 4.16624 4.90304 
2.89968 4.99957 3.16774 
2.89968 4.72748 4.47235 
1.53219 3.4887 4.74767 
1.53219 2.55289 3.73748 
1.53219 3.91363 2.95654 
1.53219 4.16624 3.59304 
1.53219 3.61812 2.51822 
1.53219 2.32657 2.24722 
1.53219 4.93374 4.93679 
1.53219 2.46633 1.54847 
1.53219 4.60854 4.52063 
1.53219 4.72748 3.34373 
3.4887 2.55289 1.3455 
3.4887 4.75596 1.41834 
3.4887 2.32657 3.86675 
3.4887 2.46633 4.9956 
3.4887 4.60854 4.4838 
2.55289 4.75596 2.6486 
2.55289 2.32657 2.64694 
2.55289 2.46633 3.79628 
2.55289 4.60854 3.71543 
3.91363 4.16624 1.31285 
3.91363 3.61812 1.26855 
3.91363 2.32657 3.80955 
3.91363 4.93374 4.7914 
3.91363 2.46633 2.68029 
3.91363 4.72748 4.53707 
4.75596 2.32657 4.92352 
4.75596 4.60854 4.91884 
4.0821 4.99957 3.17673 
4.0821 4.72748 3.58583 
4.16624 3.61812 2.48934 
4.16624 2.32657 4.53962 
4.16624 2.46633 3.62425 
4.16624 4.60854 4.92556 
3.61812 2.32657 2.8789 
3.61812 4.93374 4.17942 
3.61812 2.46633 1.68327 
3.61812 4.60854 4.78953 
3.61812 4.72748 4.01105 
2.32657 4.93374 4.98215 
2.32657 2.46633 1.35856 
2.32657 4.60854 2.5259 
2.32657 4.72748 4.74137 
4.93374 2.46633 4.80513 
4.93374 4.72748 4.85264 
2.46633 4.60854 3.4694 
2.46633 4.72748 3.74128 
4.99957 4.72748 2.62453 
3.96957 4.17766 2.84825 
3.96957 3.54547 2.2352 
3.96957 3.20542 1.43383 
3.96957 4.86733 1.51972 
3.96957 3.98407 3.57792 
3.96957 3.71101 2.54649 
3.96957 4.24601 1.2457 
3.96957 3.69149 4.75753 
3.96957 1.37791 4.34432 
3.96957 3.8958 4.15525 
3.96957 2.43279 3.71206 
3.96957 2.70536 2.28918 
3.96957 1.30742 3.78236 
3.96957 2.57541 3.96548 
3.96957 4.17803 3.65899 
4.17766 3.54547 4.59209 
4.17766 3.20542 2.29477 
4.17766 4.86733 2.44188 
4.17766 3.71101 1.48615 
4.17766 4.24601 4.07394 
4.17766 4.76806 3.46234 
4.17766 1.37791 4.5926 
4.17766 2.43279 4.38104 
4.17766 2.70536 3.7031 
4.17766 1.30742 4.08728 
4.17766 2.57541 4.56016 
4.17766 4.17803 2.68021 
3.54547 3.20542 2.38371 
3.54547 4.86733 3.73618 
3.54547 3.98407 1.34383 
3.54547 3.71101 3.73327 
3.54547 4.24601 1.53736 
3.54547 3.69149 3.77673 
3.54547 4.77086 3.6981 
3.54547 4.76806 4.3752 
3.54547 1.37791 3.52288 
3.54547 3.8958 4.65517 
3.54547 2.43279 2.7071 
3.54547 2.70536 1.46107 
3.54547 2.16046 4.54318 
3.54547 1.30742 3.76168 
3.54547 2.57541 4.16074 
3.54547 4.17803 4.29887 
3.20542 4.86733 2.44433 
3.20542 3.98407 3.5627 
3.20542 3.71101 1.38815 
3.20542 4.24601 2.30809 
3.20542 3.69149 3.55051 
3.20542 1.37791 3.29795 
3.20542 3.8958 4.67602 
3.20542 2.43279 2.6105 
3.20542 2.70536 1.51096 
3.20542 2.16046 4.65772 
3.20542 1.30742 3.43287 
3.20542 2.57541 4.06534 
3.20542 4.17803 2.34224 
4.86733 3.71101 2.90736 
4.86733 4.24601 2.50336 
4.86733 3.8958 4.24783 
4.86733 2.43279 4.9896 
4.86733 2.70536 3.68689 
4.86733 1.30742 4.41977 
4.86733 2.57541 4.36403 
4.86733 4.17803 4.20846 
3.98407 3.71101 4.82126 
3.98407 4.24601 2.76226 
3.98407 3.69149 3.74717 
3.98407 4.77086 2.59805 
3.98407 4.76806 4.25217 
3.98407 1.37791 3.69295 
3.98407 3.31883 4.88236 
3.98407 2.43279 2.89243 
3.98407 2.70536 2.26281 
3.98407 2.16046 4.38263 
3.98407 1.30742 4.3981 
3.98407 2.57541 4.85848 
3.71101 4.24601 3.61977 
3.71101 3.69149 3.75038 
3.71101 4.76806 3.96795 
3.71101 1.37791 3.70626 
3.71101 2.43279 3.16343 
3.71101 2.70536 2.61634 
3.71101 1.30742 4.03719 
3.71101 2.57541 4.78915 
3.71101 4.17803 1.38124 
4.49127 3.69149 4.65942 
4.49127 4.77086 3.96702 
4.49127 1.37791 3.76255 
4.49127 3.8958 4.64732 
4.49127 3.31883 1.3004 
4.49127 2.43279 4.4903 
4.49127 2.16046 2.49975 
4.24601 3.69149 4.94957 
4.24601 4.76806 4.6752 
4.24601 1.37791 4.56569 
4.24601 3.8958 4.19943 
4.24601 2.43279 3.86642 
4.24601 2.70536 2.38715 
4.24601 1.30742 4.05653 
4.24601 2.57541 4.10892 
4.24601 4.17803 4.54778 
3.69149 4.77086 3.15782 
3.69149 1.37791 2.44354 
3.69149 3.31883 3.69789 
3.69149 2.43279 1.43462 
3.69149 2.70536 2.64154 
3.69149 2.16046 3.13356 
3.69149 1.30742 4.85774 
3.69149 4.17803 3.02778 
4.77086 1.37791 3.82984 
4.77086 3.8958 3.74818 
4.77086 3.31883 3.7599 
4.77086 2.43279 3.1513 
4.77086 2.70536 3.71659 
4.77086 2.16046 3.86914 
4.76806 3.8958 3.55359 
4.76806 1.30742 4.17942 
4.76806 2.57541 3.60187 
4.76806 4.17803 4.01105 
1.37791 3.31883 2.52011 
1.37791 2.43279 1.4343 
1.37791 2.70536 2.43913 
1.37791 2.16046 1.3703 
1.37791 1.30742 2.66818 
1.37791 2.57541 3.90386 
1.37791 4.17803 3.71778 
3.8958 2.70536 4.86163 
3.8958 1.30742 2.63329 
3.8958 2.57541 1.38092 
3.31883 2.43279 3.40017 
3.31883 2.70536 4.61385 
3.31883 2.16046 1.22211 
3.31883 1.30742 4.41635 
2.43279 2.70536 1.49424 
2.43279 2.16046 2.5271 
2.43279 1.30742 3.5032 
2.43279 2.57541 4.59548 
2.43279 4.17803 2.99928 
2.70536 2.16046 3.6713 
2.70536 1.30742 3.27046 
2.70536 2.57541 4.05688 
2.70536 4.17803 2.99992 
2.16046 1.30742 3.34933 
2.16046 2.57541 4.51779 
2.16046 4.17803 4.94338 
1.30742 2.57541 1.29296 
1.30742 4.17803 4.85264 
2.08038 3.43978 1.40978 
2.08038 3.99499 3.80414 
2.08038 2.44902 2.56368 
2.08038 3.27712 2.46764 
2.08038 4.31235 4.09924 
2.08038 1.42207 1.3857 
2.08038 4.55695 2.51209 
2.08038 3.49703 3.65347 
2.08038 4.69094 4.75695 
4.27493 4.73651 2.53357 
4.27493 3.43978 4.76109 
4.27493 3.99499 3.4546 
4.27493 4.29801 1.28011 
4.27493 4.04191 3.10172 
4.27493 3.27712 4.27379 
4.27493 4.00058 3.49694 
4.27493 4.55695 3.64474 
4.27493 4.92781 4.87818 
4.27493 4.65819 4.50331 
4.27493 4.74109 2.34435 
4.73651 3.99499 4.08487 
4.73651 4.29801 1.26421 
4.73651 4.00058 1.58377 
4.73651 4.48089 4.82119 
4.73651 4.92781 2.63634 
4.73651 4.48023 4.43895 
4.73651 4.74109 4.80838 
4.73651 4.56223 4.75749 
3.43978 3.99499 3.91291 
3.43978 2.44902 3.64653 
3.43978 3.27712 2.45988 
3.43978 4.31235 4.68918 
3.43978 1.42207 2.70691 
3.43978 4.55695 1.30355 
3.43978 3.49703 4.54676 
3.43978 4.74109 4.68982 
3.99499 4.29801 3.4561 
3.99499 3.27712 1.51044 
3.99499 4.00058 4.50519 
3.99499 4.31235 4.99558 
3.99499 1.42207 4.69646 
3.99499 4.48089 4.03218 
3.99499 4.48023 4.37559 
3.99499 4.74109 4.66001 
4.29801 4.04191 4.17455 
4.29801 3.27712 4.41967 
4.29801 4.00058 2.39776 
4.29801 4.55695 4.44396 
4.29801 4.92781 3.70027 
4.29801 4.48023 4.95434 
4.29801 4.74109 3.59108 
2.44902 3.27712 4.9054 
2.44902 1.42207 1.35244 
2.44902 4.55695 4.15662 
2.44902 4.48089 3.98094 
2.44902 4.48023 4.64732 
2.44902 3.49703 1.3004 
2.44902 4.69094 2.49975 
4.04191 3.27712 4.93715 
4.04191 4.68955 2.45783 
4.04191 4.31235 3.02859 
4.04191 1.42207 4.94019 
4.04191 4.55695 4.77272 
4.04191 4.48023 4.58607 
4.04191 4.65819 1.40613 
4.04191 4.74109 1.34432 
4.04191 4.56223 4.17911 
3.27712 4.31235 4.19589 
3.27712 1.42207 3.57906 
3.27712 4.55695 3.65331 
3.27712 4.48089 4.91394 
3.27712 4.74109 4.95624 
4.68955 4.31235 1.52704 
4.68955 1.42207 4.90359 
4.68955 4.65819 1.44446 
4.68955 4.74109 3.45463 
4.00058 4.48089 4.97539 
4.00058 4.92781 1.43022 
4.00058 4.48023 4.90996 
4.31235 1.42207 4.37412 
4.31235 4.65819 2.64694 
4.31235 4.74109 3.71543 
1.42207 4.55695 3.56765 
1.42207 4.48089 4.53757 
1.42207 4.48023 4.91138 
1.42207 3.49703 2.55308 
1.42207 4.69094 3.75244 
4.55695 3.49703 4.82098 
4.55695 4.74109 3.52382 
4.48089 4.92781 4.8431 
4.48089 4.48023 1.26165 
4.48089 3.49703 4.27918 
4.48089 4.65819 4.9262 
4.48089 4.69094 4.90631 
4.48089 4.56223 2.60931 
4.92781 4.48023 4.80896 
4.48023 4.65819 4.41671 
4.48023 4.56223 1.38092 
3.49703 4.69094 1.22211 
4.65819 4.74109 2.5259 
4.65819 4.56223 4.34168 
4.69094 4.56223 4.51779 
1.40978 3.80414 3.91291 
1.40978 4.82411 3.96321 
1.40978 2.56368 3.64653 
1.40978 2.46764 2.45988 
1.40978 4.40068 4.58532 
1.40978 4.09924 4.68918 
1.40978 1.3857 2.70691 
1.40978 2.51209 1.30355 
1.40978 4.99255 4.87355 
1.40978 3.65347 4.54676 
1.40978 3.38625 2.4609 
3.80414 4.82411 4.21071 
3.80414 2.46764 1.51044 
3.80414 4.40068 4.91951 
3.80414 4.09924 4.99558 
3.80414 1.3857 4.69646 
3.80414 4.99255 4.62654 
4.82411 2.46764 4.90156 
4.82411 4.09924 4.76158 
4.82411 2.51209 2.74804 
4.82411 3.38625 1.50426 
2.56368 2.46764 4.9054 
2.56368 1.3857 1.35244 
2.56368 2.51209 4.15662 
2.56368 3.65347 1.3004 
2.56368 4.75695 2.49975 
2.56368 3.38625 4.30973 
2.46764 4.40068 4.08643 
2.46764 4.09924 4.19589 
2.46764 1.3857 3.57906 
2.46764 2.51209 3.65331 
2.46764 4.99255 4.01153 
2.46764 3.38625 4.87771 
4.40068 4.09924 1.3455 
4.40068 4.99255 1.41834 
4.09924 1.3857 4.37412 
4.09924 4.99255 2.6486 
1.3857 2.51209 3.56765 
1.3857 3.65347 2.55308 
1.3857 4.75695 3.75244 
1.3857 3.38625 4.11131 
2.51209 3.65347 4.82098 
2.51209 3.38625 1.27708 
3.65347 4.75695 1.22211 
3.65347 3.38625 4.66439 
4.87197 2.53357 2.42473 
4.87197 4.19579 2.2352 
4.87197 4.31422 3.57792 
4.87197 1.28011 3.63393 
4.87197 3.70764 1.2457 
4.87197 3.49694 2.81736 
4.87197 4.87818 2.53695 
2.53357 4.19579 2.68471 
2.53357 4.31422 3.57043 
2.53357 3.4546 4.08487 
2.53357 1.28011 1.26421 
2.53357 1.33554 3.79507 
2.53357 3.70764 1.46503 
2.53357 3.49694 1.58377 
2.53357 3.55188 3.9276 
2.53357 3.43988 3.88398 
2.53357 4.52797 4.61729 
2.53357 4.87818 2.63634 
2.53357 2.34435 4.80838 
2.53357 2.47876 4.4608 
4.19579 4.31422 1.34383 
4.19579 1.28011 3.30297 
4.19579 3.70764 1.53736 
4.19579 3.49694 3.99061 
4.19579 3.55188 4.4211 
4.19579 4.52797 4.3752 
4.19579 4.87818 4.39671 
4.19579 2.47876 4.92128 
4.76109 4.31422 4.5063 
4.76109 3.4546 3.91291 
4.76109 1.33554 3.96321 
4.76109 4.27379 2.45988 
4.76109 3.64474 1.30355 
4.76109 2.34435 4.68982 
4.76109 2.47876 2.4609 
4.31422 1.28011 3.77654 
4.31422 1.33554 4.823 
4.31422 3.70764 2.76226 
4.31422 3.55188 4.46461 
4.31422 3.64474 4.32006 
4.31422 4.52797 4.25217 
4.31422 2.47876 4.35358 
3.4546 1.28011 3.4561 
3.4546 1.33554 4.21071 
3.4546 4.27379 1.51044 
3.4546 3.49694 4.50519 
3.4546 3.55188 2.53025 
3.4546 3.43988 1.24658 
3.4546 4.52797 3.73492 
3.4546 2.34435 4.66001 
1.28011 1.33554 2.57634 
1.28011 3.70764 2.52538 
1.28011 3.10172 4.17455 
1.28011 4.27379 4.41967 
1.28011 3.49694 2.39776 
1.28011 3.55188 3.42739 
1.28011 3.64474 4.44396 
1.28011 3.43988 3.33157 
1.28011 4.52797 4.30996 
1.28011 4.87818 3.70027 
1.28011 2.34435 3.59108 
1.28011 2.47876 3.43167 
1.33554 3.70764 4.82952 
1.33554 3.10172 2.52982 
1.33554 4.27379 4.90156 
1.33554 3.49694 4.77425 
1.33554 3.55188 4.16008 
1.33554 3.64474 2.74804 
1.33554 3.43988 4.18103 
1.33554 4.50331 3.84114 
1.33554 2.34435 1.35335 
1.33554 2.47876 1.50426 
3.70764 3.49694 2.50156 
3.70764 3.55188 4.36582 
3.70764 3.43988 4.6523 
3.70764 4.52797 4.6752 
3.70764 4.87818 2.88269 
3.10172 4.27379 4.93715 
3.10172 3.55188 4.83342 
3.10172 3.64474 4.77272 
3.10172 4.52797 3.76827 
3.10172 4.50331 1.40613 
3.10172 2.34435 1.34432 
3.10172 2.47876 3.61522 
4.27379 3.55188 4.01485 
4.27379 3.64474 3.65331 
4.27379 3.43988 2.73357 
4.27379 2.34435 4.95624 
4.27379 2.47876 4.87771 
3.49694 3.43988 4.66937 
3.49694 4.87818 1.43022 
3.55188 3.43988 1.31285 
3.55188 4.52797 1.26855 
3.55188 4.50331 3.80955 
3.55188 2.47876 4.78119 
3.64474 2.34435 3.52382 
3.64474 2.47876 1.27708 
3.43988 4.52797 2.48934 
3.43988 4.50331 4.53962 
3.43988 2.34435 4.92556 
4.52797 4.50331 2.8789 
4.52797 2.34435 4.78953 
4.50331 2.34435 2.5259 
4.50331 2.47876 4.75433 
2.34435 2.47876 2.37422 
2.84825 2.2352 4.59209 
2.84825 1.43383 2.29477 
2.84825 1.51972 2.44188 
2.84825 2.54649 1.48615 
2.84825 1.2457 4.07394 
2.84825 4.90074 3.81519 
2.84825 4.3159 1.4734 
2.84825 4.34432 4.5926 
2.84825 2.53695 4.03421 
2.84825 3.71206 4.38104 
2.84825 2.28918 3.7031 
2.84825 4.69561 3.78776 
2.84825 3.78236 4.08728 
2.84825 3.96548 4.56016 
2.84825 3.65899 2.68021 
2.42473 2.2352 2.68471 
2.42473 1.43383 3.71673 
2.42473 1.51972 3.0893 
2.42473 3.57792 3.57043 
2.42473 3.63393 1.26421 
2.42473 2.54649 4.95245 
2.42473 1.2457 1.46503 
2.42473 2.81736 1.58377 
2.42473 4.94324 4.96137 
2.42473 4.84007 4.82119 
2.42473 2.53695 2.63634 
2.42473 4.15525 4.43895 
2.42473 2.28918 3.81112 
2.42473 3.96548 4.75749 
2.2352 1.43383 2.38371 
2.2352 1.51972 3.73618 
2.2352 3.57792 1.34383 
2.2352 3.63393 3.30297 
2.2352 2.54649 3.73327 
2.2352 1.2457 1.53736 
2.2352 2.81736 3.99061 
2.2352 4.75753 3.77673 
2.2352 4.34432 3.52288 
2.2352 2.53695 4.39671 
2.2352 4.15525 4.65517 
2.2352 3.71206 2.7071 
2.2352 2.28918 1.46107 
2.2352 3.78236 3.76168 
2.2352 3.96548 4.16074 
2.2352 3.65899 4.29887 
1.43383 1.51972 2.44433 
1.43383 3.57792 3.5627 
1.43383 3.63393 4.83283 
1.43383 2.54649 1.38815 
1.43383 1.2457 2.30809 
1.43383 2.81736 4.23766 
1.43383 4.75753 3.55051 
1.43383 4.3159 3.6896 
1.43383 4.34432 3.29795 
1.43383 2.53695 3.82242 
1.43383 4.15525 4.67602 
1.43383 3.71206 2.6105 
1.43383 2.28918 1.51096 
1.43383 4.69561 3.42115 
1.43383 3.78236 3.43287 
1.43383 3.96548 4.06534 
1.43383 3.65899 2.34224 
1.51972 3.63393 4.33368 
1.51972 2.54649 2.90736 
1.51972 1.2457 2.50336 
1.51972 2.81736 2.66113 
1.51972 4.90074 3.60238 
1.51972 4.3159 3.71517 
1.51972 4.94324 3.79681 
1.51972 4.84007 4.60604 
1.51972 2.53695 1.64166 
1.51972 4.15525 4.24783 
1.51972 3.71206 4.9896 
1.51972 2.28918 3.68689 
1.51972 3.78236 4.41977 
1.51972 3.96548 4.36403 
1.51972 3.65899 4.20846 
3.57792 3.63393 3.77654 
3.57792 2.54649 4.82126 
3.57792 1.2457 2.76226 
3.57792 4.75753 3.74717 
3.57792 4.34432 3.69295 
3.57792 3.71206 2.89243 
3.57792 2.28918 2.26281 
3.57792 3.78236 4.3981 
3.57792 3.96548 4.85848 
3.63393 1.2457 2.52538 
3.63393 2.81736 2.39776 
3.63393 2.53695 3.70027 
3.63393 4.15525 4.95434 
3.63393 2.28918 4.64719 
2.54649 1.2457 3.61977 
2.54649 4.75753 3.75038 
2.54649 4.3159 2.60304 
2.54649 4.34432 3.70626 
2.54649 2.53695 4.45017 
2.54649 3.71206 3.16343 
2.54649 2.28918 2.61634 
2.54649 4.69561 2.56167 
2.54649 3.78236 4.03719 
2.54649 3.96548 4.78915 
2.54649 3.65899 1.38124 
1.2457 2.81736 2.50156 
1.2457 4.75753 4.94957 
1.2457 4.84007 4.89002 
1.2457 4.34432 4.56569 
1.2457 2.53695 2.88269 
1.2457 4.15525 4.19943 
1.2457 3.71206 3.86642 
1.2457 2.28918 2.38715 
1.2457 3.78236 4.05653 
1.2457 3.96548 4.10892 
1.2457 3.65899 4.54778 
2.81736 4.94324 3.43488 
2.81736 4.84007 4.97539 
2.81736 2.53695 1.43022 
2.81736 4.15525 4.90996 
2.81736 2.28918 4.81994 
4.75753 4.90074 2.73163 
4.75753 4.84007 4.20985 
4.75753 4.34432 2.44354 
4.75753 3.71206 1.43462 
4.75753 2.28918 2.64154 
4.75753 4.69561 3.05126 
4.75753 3.78236 4.85774 
4.75753 3.65899 3.02778 
4.90074 4.3159 3.85002 
4.90074 4.94324 4.88887 
4.90074 4.84007 4.30954 
4.90074 2.53695 4.12087 
4.90074 4.15525 4.61171 
4.90074 3.71206 4.15217 
4.90074 4.69561 3.6884 
4.90074 3.65899 4.47235 
4.3159 4.69561 4.23205 
4.3159 3.78236 4.93679 
4.3159 3.65899 3.34373 
4.94324 2.53695 2.62895 
4.84007 2.53695 4.8431 
4.84007 4.15525 1.26165 
4.84007 3.71206 4.85293 
4.84007 3.78236 3.85355 
4.84007 3.96548 2.60931 
4.34432 3.71206 1.4343 
4.34432 2.28918 2.43913 
4.34432 4.69561 4.37781 
4.34432 3.78236 2.66818 
4.34432 3.96548 3.90386 
4.34432 3.65899 3.71778 
2.53695 4.15525 4.80896 
2.53695 2.28918 4.81252 
4.15525 2.28918 4.86163 
4.15525 3.78236 2.63329 
4.15525 3.96548 1.38092 
3.71206 2.28918 1.49424 
3.71206 4.69561 3.54746 
3.71206 3.78236 3.5032 
3.71206 3.96548 4.59548 
3.71206 3.65899 2.99928 
2.28918 4.69561 3.82269 
2.28918 3.78236 3.27046 
2.28918 3.96548 4.05688 
2.28918 3.65899 2.99992 
4.69561 3.65899 1.20609 
3.78236 3.96548 1.29296 
3.78236 3.65899 4.85264 
4.59209 2.29477 2.38371 
4.59209 2.44188 3.73618 
4.59209 1.48615 3.73327 
4.59209 4.07394 1.53736 
4.59209 3.63047 4.4211 
4.59209 3.46234 4.3752 
4.59209 4.5926 3.52288 
4.59209 4.03421 4.39671 
4.59209 4.38104 2.7071 
4.59209 3.7031 1.46107 
4.59209 4.08728 3.76168 
4.59209 4.56016 4.16074 
4.59209 2.68021 4.29887 
2.29477 2.44188 2.44433 
2.29477 1.48615 1.38815 
2.29477 4.07394 2.30809 
2.29477 1.4734 3.6896 
2.29477 4.5926 3.29795 
2.29477 4.03421 3.82242 
2.29477 4.38104 2.6105 
2.29477 3.7031 1.51096 
2.29477 3.78776 3.42115 
2.29477 4.08728 3.43287 
2.29477 2.86497 4.84491 
2.29477 4.56016 4.06534 
2.29477 2.68021 2.34224 
2.44188 1.48615 2.90736 
2.44188 4.07394 2.50336 
2.44188 3.81519 3.60238 
2.44188 1.4734 3.71517 
2.44188 4.03421 1.64166 
2.44188 4.38104 4.9896 
2.44188 3.7031 3.68689 
2.44188 4.08728 4.41977 
2.44188 4.56016 4.36403 
2.44188 2.68021 4.20846 
4.95076 3.81519 4.94701 
4.95076 1.4734 4.555 
4.95076 4.81524 4.99558 
4.95076 3.63047 2.53025 
4.95076 4.17337 1.24658 
4.95076 3.46234 3.73492 
4.95076 2.86497 4.79185 
1.48615 4.07394 3.61977 
1.48615 3.53668 4.68424 
1.48615 1.4734 2.60304 
1.48615 3.63047 4.26889 
1.48615 3.46234 3.96795 
1.48615 4.5926 3.70626 
1.48615 4.03421 4.45017 
1.48615 4.38104 3.16343 
1.48615 3.64602 4.4729 
1.48615 3.7031 2.61634 
1.48615 3.78776 2.56167 
1.48615 4.08728 4.03719 
1.48615 2.86497 3.54802 
1.48615 4.56016 4.78915 
1.48615 2.68021 1.38124 
4.07394 3.63047 4.36582 
4.07394 4.17337 4.6523 
4.07394 3.46234 4.6752 
4.07394 4.5926 4.56569 
4.07394 4.03421 2.88269 
4.07394 4.38104 3.86642 
4.07394 3.7031 2.38715 
4.07394 4.08728 4.05653 
4.07394 4.56016 4.10892 
4.07394 2.68021 4.54778 
4.95885 3.53668 2.45783 
4.95885 1.4734 3.61554 
4.95885 4.81524 3.02859 
4.95885 3.63047 4.83342 
4.95885 3.46234 3.76827 
4.95885 3.64602 1.40613 
4.95885 4.08728 4.59333 
4.95885 2.86497 2.48401 
4.95885 4.56016 4.17911 
3.53668 3.81519 4.03858 
3.53668 1.4734 2.28818 
3.53668 4.81524 1.52704 
3.53668 3.63047 4.35645 
3.53668 4.17337 4.74985 
3.53668 3.46234 3.76086 
3.53668 3.64602 1.44446 
3.53668 2.86497 2.33691 
3.81519 1.4734 3.85002 
3.81519 4.81524 4.52538 
3.81519 4.17337 4.90304 
3.81519 4.03421 4.12087 
3.81519 4.38104 4.15217 
3.81519 3.78776 3.6884 
3.81519 2.68021 4.47235 
1.4734 4.81524 3.73748 
1.4734 3.63047 2.95654 
1.4734 4.17337 3.59304 
1.4734 3.46234 2.51822 
1.4734 3.64602 2.24722 
1.4734 3.78776 4.23205 
1.4734 4.08728 4.93679 
1.4734 2.86497 1.54847 
1.4734 2.68021 3.34373 
4.81524 3.64602 2.64694 
4.81524 2.86497 3.79628 
3.63047 4.17337 1.31285 
3.63047 3.46234 1.26855 
3.63047 3.64602 3.80955 
3.63047 3.78776 4.87365 
3.63047 4.08728 4.7914 
3.63047 2.86497 2.68029 
3.63047 4.56016 4.05228 
3.63047 2.68021 4.53707 
4.17337 3.46234 2.48934 
4.17337 3.64602 4.53962 
4.17337 2.86497 3.62425 
4.17337 4.56016 4.5125 
3.46234 3.64602 2.8789 
3.46234 3.78776 4.27063 
3.46234 4.08728 4.17942 
3.46234 2.86497 1.68327 
3.46234 4.56016 3.60187 
3.46234 2.68021 4.01105 
4.5926 4.38104 1.4343 
4.5926 3.7031 2.43913 
4.5926 3.78776 4.37781 
4.5926 4.08728 2.66818 
4.5926 4.56016 3.90386 
4.5926 2.68021 3.71778 
4.03421 3.7031 4.81252 
4.38104 3.7031 1.49424 
4.38104 3.78776 3.54746 
4.38104 4.08728 3.5032 
4.38104 4.56016 4.59548 
4.38104 2.68021 2.99928 
3.64602 4.08728 4.98215 
3.64602 2.86497 1.35856 
3.64602 4.56016 4.34168 
3.64602 2.68021 4.74137 
3.7031 3.78776 3.82269 
3.7031 4.08728 3.27046 
3.7031 4.56016 4.05688 
3.7031 2.68021 2.99992 
3.78776 2.86497 4.25929 
3.78776 2.68021 1.20609 
4.08728 2.86497 4.80513 
4.08728 4.56016 1.29296 
4.08728 2.68021 4.85264 
2.86497 4.56016 4.21395 
2.86497 2.68021 3.74128 
2.68471 3.71673 2.38371 
2.68471 3.0893 3.73618 
2.68471 3.57043 1.34383 
2.68471 1.26421 3.30297 
2.68471 4.95245 3.73327 
2.68471 1.46503 1.53736 
2.68471 1.58377 3.99061 
2.68471 3.9276 4.4211 
2.68471 4.61729 4.3752 
2.68471 2.63634 4.39671 
2.68471 4.43895 4.65517 
2.68471 3.81112 1.46107 
2.68471 4.75749 4.16074 
2.68471 4.4608 4.92128 
3.71673 3.0893 2.44433 
3.71673 3.57043 3.5627 
3.71673 1.26421 4.83283 
3.71673 4.95245 1.38815 
3.71673 1.46503 2.30809 
3.71673 1.58377 4.23766 
3.71673 2.63634 3.82242 
3.71673 4.43895 4.67602 
3.71673 3.81112 1.51096 
3.71673 4.75749 4.06534 
3.0893 1.26421 4.33368 
3.0893 4.95245 2.90736 
3.0893 1.46503 2.50336 
3.0893 1.58377 2.66113 
3.0893 4.96137 3.79681 
3.0893 4.82119 4.60604 
3.0893 2.63634 1.64166 
3.0893 4.43895 4.24783 
3.0893 3.81112 3.68689 
3.0893 4.75749 4.36403 
3.57043 1.26421 3.77654 
3.57043 3.79507 4.823 
3.57043 4.95245 4.82126 
3.57043 1.46503 2.76226 
3.57043 3.9276 4.46461 
3.57043 4.61729 4.25217 
3.57043 3.81112 2.26281 
3.57043 4.75749 4.85848 
3.57043 4.4608 4.35358 
4.08487 1.26421 3.4561 
4.08487 3.79507 4.21071 
4.08487 1.58377 4.50519 
4.08487 3.9276 2.53025 
4.08487 4.96137 4.62654 
4.08487 4.82119 4.03218 
4.08487 3.88398 1.24658 
4.08487 4.61729 3.73492 
4.08487 4.43895 4.37559 
4.08487 4.80838 4.66001 
1.26421 3.79507 2.57634 
1.26421 1.46503 2.52538 
1.26421 1.58377 2.39776 
1.26421 3.9276 3.42739 
1.26421 3.88398 3.33157 
1.26421 4.61729 4.30996 
1.26421 2.63634 3.70027 
1.26421 4.43895 4.95434 
1.26421 3.81112 4.64719 
1.26421 4.80838 3.59108 
1.26421 4.4608 3.43167 
3.79507 1.46503 4.82952 
3.79507 1.58377 4.77425 
3.79507 3.9276 4.16008 
3.79507 3.88398 4.18103 
3.79507 4.80838 1.35335 
3.79507 4.4608 1.50426 
4.95245 1.46503 3.61977 
4.95245 3.9276 4.26889 
4.95245 4.61729 3.96795 
4.95245 2.63634 4.45017 
4.95245 3.81112 2.61634 
4.95245 4.75749 4.78915 
1.46503 1.58377 2.50156 
1.46503 3.9276 4.36582 
1.46503 4.82119 4.89002 
1.46503 3.88398 4.6523 
1.46503 4.61729 4.6752 
1.46503 2.63634 2.88269 
1.46503 4.43895 4.19943 
1.46503 3.81112 2.38715 
1.46503 4.75749 4.10892 
1.58377 4.96137 3.43488 
1.58377 4.82119 4.97539 
1.58377 3.88398 4.66937 
1.58377 2.63634 1.43022 
1.58377 4.43895 4.90996 
1.58377 3.81112 4.81994 
3.9276 4.82119 4.01236 
3.9276 3.88398 1.31285 
3.9276 4.61729 1.26855 
3.9276 4.43895 3.62021 
3.9276 4.75749 4.05228 
3.9276 4.4608 4.78119 
4.96137 2.63634 2.62895 
4.96137 4.80838 4.91884 
4.82119 3.88398 3.66177 
4.82119 4.61729 4.23121 
4.82119 2.63634 4.8431 
4.82119 4.43895 1.26165 
4.82119 4.75749 2.60931 
3.88398 4.61729 2.48934 
3.88398 4.43895 3.6879 
3.88398 4.80838 4.92556 
3.88398 4.75749 4.5125 
4.61729 4.43895 3.55359 
4.61729 4.80838 4.78953 
4.61729 4.75749 3.60187 
2.63634 4.43895 4.80896 
2.63634 3.81112 4.81252 
4.43895 3.81112 4.86163 
4.43895 4.75749 1.38092 
3.81112 4.75749 4.05688 
4.80838 4.4608 2.37422 
2.38371 3.73618 2.44433 
2.38371 1.34383 3.5627 
2.38371 3.30297 4.83283 
2.38371 3.73327 1.38815 
2.38371 1.53736 2.30809 
2.38371 3.99061 4.23766 
2.38371 3.77673 3.55051 
2.38371 4.75929 4.55108 
2.38371 3.52288 3.29795 
2.38371 4.39671 3.82242 
2.38371 4.65517 4.67602 
2.38371 2.7071 2.6105 
2.38371 1.46107 1.51096 
2.38371 4.54318 4.65772 
2.38371 3.76168 3.43287 
2.38371 4.16074 4.06534 
2.38371 4.29887 2.34224 
3.73618 3.30297 4.33368 
3.73618 3.73327 2.90736 
3.73618 1.53736 2.50336 
3.73618 3.99061 2.66113 
3.73618 4.75929 4.60664 
3.73618 4.39671 1.64166 
3.73618 4.65517 4.24783 
3.73618 2.7071 4.9896 
3.73618 1.46107 3.68689 
3.73618 3.76168 4.41977 
3.73618 4.16074 4.36403 
3.73618 4.29887 4.20846 
1.34383 3.30297 3.77654 
1.34383 3.73327 4.82126 
1.34383 1.53736 2.76226 
1.34383 3.77673 3.74717 
1.34383 3.6981 2.59805 
1.34383 4.4211 4.46461 
1.34383 4.75929 4.60565 
1.34383 4.3752 4.25217 
1.34383 3.52288 3.69295 
1.34383 2.7071 2.89243 
1.34383 1.46107 2.26281 
1.34383 4.54318 4.38263 
1.34383 3.76168 4.3981 
1.34383 4.16074 4.85848 
1.34383 4.92128 4.35358 
3.30297 1.53736 2.52538 
3.30297 3.99061 2.39776 
3.30297 4.4211 3.42739 
3.30297 4.3752 4.30996 
3.30297 4.39671 3.70027 
3.30297 4.65517 4.95434 
3.30297 1.46107 4.64719 
3.30297 4.92128 3.43167 
3.73327 1.53736 3.61977 
3.73327 3.77673 3.75038 
3.73327 4.4211 4.26889 
3.73327 4.75929 4.5919 
3.73327 4.3752 3.96795 
3.73327 3.52288 3.70626 
3.73327 4.39671 4.45017 
3.73327 2.7071 3.16343 
3.73327 1.46107 2.61634 
3.73327 3.76168 4.03719 
3.73327 4.16074 4.78915 
3.73327 4.29887 1.38124 
1.53736 3.99061 2.50156 
1.53736 3.77673 4.94957 
1.53736 4.4211 4.36582 
1.53736 4.3752 4.6752 
1.53736 3.52288 4.56569 
1.53736 4.39671 2.88269 
1.53736 4.65517 4.19943 
1.53736 2.7071 3.86642 
1.53736 1.46107 2.38715 
1.53736 3.76168 4.05653 
1.53736 4.16074 4.10892 
1.53736 4.29887 4.54778 
3.99061 4.39671 1.43022 
3.99061 4.65517 4.90996 
3.99061 1.46107 4.81994 
3.77673 3.6981 3.15782 
3.77673 4.75929 1.33614 
3.77673 3.52288 2.44354 
3.77673 2.7071 1.43462 
3.77673 1.46107 2.64154 
3.77673 4.54318 3.13356 
3.77673 3.76168 4.85774 
3.77673 4.29887 3.02778 
3.6981 4.75929 3.56758 
3.6981 3.52288 3.82984 
3.6981 4.65517 3.74818 
3.6981 2.7071 3.1513 
3.6981 1.46107 3.71659 
3.6981 4.54318 3.86914 
4.4211 4.3752 1.26855 
4.4211 4.65517 3.62021 
4.4211 3.76168 4.7914 
4.4211 4.16074 4.05228 
4.4211 4.29887 4.53707 
4.4211 4.92128 4.78119 
4.75929 3.52288 3.74192 
4.75929 4.39671 4.80982 
4.75929 4.65517 4.62505 
4.75929 2.7071 2.7463 
4.75929 1.46107 3.76193 
4.75929 4.54318 4.2433 
4.75929 4.29887 3.58583 
4.3752 4.65517 3.55359 
4.3752 3.76168 4.17942 
4.3752 4.16074 3.60187 
4.3752 4.29887 4.01105 
3.52288 2.7071 1.4343 
3.52288 1.46107 2.43913 
3.52288 4.54318 1.3703 
3.52288 3.76168 2.66818 
3.52288 4.16074 3.90386 
3.52288 4.29887 3.71778 
4.39671 4.65517 4.80896 
4.39671 1.46107 4.81252 
4.65517 1.46107 4.86163 
4.65517 3.76168 2.63329 
4.65517 4.16074 1.38092 
2.7071 1.46107 1.49424 
2.7071 4.54318 2.5271 
2.7071 3.76168 3.5032 
2.7071 4.16074 4.59548 
2.7071 4.29887 2.99928 
1.46107 4.54318 3.6713 
1.46107 3.76168 3.27046 
1.46107 4.16074 4.05688 
1.46107 4.29887 2.99992 
4.54318 3.76168 3.34933 
4.54318 4.16074 4.51779 
4.54318 4.29887 4.94338 
3.76168 4.16074 1.29296 
3.76168 4.29887 4.85264 
4.5063 3.96321 4.823 
4.5063 4.86066 2.59805 
4.5063 1.30355 4.32006 
4.5063 4.54676 4.88236 
4.5063 3.90332 4.99148 
4.5063 2.4609 4.35358 
3.91291 3.96321 4.21071 
3.91291 2.45988 1.51044 
3.91291 4.58532 4.91951 
3.91291 4.86066 4.4106 
3.91291 4.68918 4.99558 
3.91291 2.70691 4.69646 
3.91291 4.87355 4.62654 
3.91291 4.68982 4.66001 
3.91291 3.90332 4.46941 
3.96321 2.45988 4.90156 
3.96321 4.68918 4.76158 
3.96321 1.30355 2.74804 
3.96321 4.68982 1.35335 
3.96321 2.4609 1.50426 
3.64653 2.45988 4.9054 
3.64653 4.86066 3.96702 
3.64653 2.70691 1.35244 
3.64653 1.30355 4.15662 
3.64653 4.54676 1.3004 
3.64653 2.4609 4.30973 
2.45988 4.58532 4.08643 
2.45988 4.86066 4.49647 
2.45988 4.68918 4.19589 
2.45988 2.70691 3.57906 
2.45988 1.30355 3.65331 
2.45988 4.87355 4.01153 
2.45988 4.68982 4.95624 
2.45988 3.90332 3.88888 
2.45988 2.4609 4.87771 
4.58532 4.68918 1.3455 
4.58532 4.87355 1.41834 
4.58532 4.68982 4.4838 
4.86066 4.54676 3.7599 
4.86066 3.90332 4.63385 
4.68918 2.70691 4.37412 
4.68918 4.87355 2.6486 
4.68918 4.68982 3.71543 
2.70691 1.30355 3.56765 
2.70691 4.54676 2.55308 
2.70691 2.4609 4.11131 
1.30355 4.54676 4.82098 
1.30355 4.68982 3.52382 
1.30355 3.90332 3.88418 
1.30355 2.4609 1.27708 
4.87355 4.68982 4.91884 
4.54676 2.4609 4.66439 
4.68982 2.4609 2.37422 
3.90332 2.4609 4.78859 
2.44433 4.83283 4.33368 
2.44433 1.38815 2.90736 
2.44433 2.30809 2.50336 
2.44433 4.23766 2.66113 
2.44433 3.6896 3.71517 
2.44433 4.55108 4.60664 
2.44433 3.82242 1.64166 
2.44433 4.67602 4.24783 
2.44433 2.6105 4.9896 
2.44433 1.51096 3.68689 
2.44433 3.43287 4.41977 
2.44433 4.06534 4.36403 
2.44433 2.34224 4.20846 
3.5627 4.83283 3.77654 
3.5627 1.38815 4.82126 
3.5627 2.30809 2.76226 
3.5627 3.55051 3.74717 
3.5627 4.55108 4.60565 
3.5627 3.29795 3.69295 
3.5627 2.6105 2.89243 
3.5627 1.51096 2.26281 
3.5627 4.65772 4.38263 
3.5627 3.43287 4.3981 
3.5627 4.58501 4.99148 
3.5627 4.06534 4.85848 
4.83283 2.30809 2.52538 
4.83283 4.23766 2.39776 
4.83283 3.82242 3.70027 
4.83283 4.67602 4.95434 
4.83283 1.51096 4.64719 
1.38815 2.30809 3.61977 
1.38815 3.55051 3.75038 
1.38815 3.6896 2.60304 
1.38815 4.55108 4.5919 
1.38815 3.29795 3.70626 
1.38815 3.82242 4.45017 
1.38815 2.6105 3.16343 
1.38815 1.51096 2.61634 
1.38815 3.42115 2.56167 
1.38815 3.43287 4.03719 
1.38815 4.84491 3.54802 
1.38815 4.58501 3.89089 
1.38815 4.06534 4.78915 
1.38815 2.34224 1.38124 
2.30809 4.23766 2.50156 
2.30809 3.55051 4.94957 
2.30809 3.29795 4.56569 
2.30809 3.82242 2.88269 
2.30809 4.67602 4.19943 
2.30809 2.6105 3.86642 
2.30809 1.51096 2.38715 
2.30809 3.43287 4.05653 
2.30809 4.06534 4.10892 
2.30809 2.34224 4.54778 
4.23766 3.82242 1.43022 
4.23766 4.67602 4.90996 
4.23766 1.51096 4.81994 
3.55051 4.55108 1.33614 
3.55051 3.29795 2.44354 
3.55051 2.6105 1.43462 
3.55051 1.51096 2.64154 
3.55051 4.65772 3.13356 
3.55051 3.42115 3.05126 
3.55051 3.43287 4.85774 
3.55051 4.58501 3.65969 
3.55051 2.34224 3.02778 
3.6896 3.42115 4.23205 
3.6896 3.43287 4.93679 
3.6896 4.84491 1.54847 
3.6896 2.34224 3.34373 
4.55108 3.29795 3.74192 
4.55108 3.82242 4.80982 
4.55108 4.67602 4.62505 
4.55108 2.6105 2.7463 
4.55108 1.51096 3.76193 
4.55108 4.65772 4.2433 
4.55108 3.42115 3.14034 
4.55108 4.58501 3.17673 
4.55108 2.34224 3.58583 
3.29795 2.6105 1.4343 
3.29795 1.51096 2.43913 
3.29795 4.65772 1.3703 
3.29795 3.42115 4.37781 
3.29795 3.43287 2.66818 
3.29795 4.06534 3.90386 
3.29795 2.34224 3.71778 
3.82242 4.67602 4.80896 
3.82242 1.51096 4.81252 
4.67602 1.51096 4.86163 
4.67602 3.43287 2.63329 
4.67602 4.84491 4.25768 
4.67602 4.06534 1.38092 
2.6105 1.51096 1.49424 
2.6105 4.65772 2.5271 
2.6105 3.42115 3.54746 
2.6105 3.43287 3.5032 
2.6105 4.58501 4.51451 
2.6105 4.06534 4.59548 
2.6105 2.34224 2.99928 
1.51096 4.65772 3.6713 
1.51096 3.42115 3.82269 
1.51096 3.43287 3.27046 
1.51096 4.58501 4.82008 
1.51096 4.06534 4.05688 
1.51096 2.34224 2.99992 
4.65772 3.43287 3.34933 
4.65772 4.06534 4.51779 
4.65772 2.34224 4.94338 
3.42115 4.84491 4.25929 
3.42115 4.58501 1.49047 
3.42115 2.34224 1.20609 
3.43287 4.84491 4.80513 
3.43287 4.06534 1.29296 
3.43287 2.34224 4.85264 
4.84491 4.06534 4.21395 
4.84491 2.34224 3.74128 
4.58501 2.34224 2.62453 
4.33368 2.50336 2.52538 
4.33368 2.66113 2.39776 
4.33368 1.64166 3.70027 
4.33368 4.24783 4.95434 
4.33368 3.68689 4.64719 
2.90736 2.50336 3.61977 
2.90736 3.71517 2.60304 
2.90736 4.60664 4.5919 
2.90736 1.64166 4.45017 
2.90736 4.9896 3.16343 
2.90736 3.68689 2.61634 
2.90736 4.41977 4.03719 
2.90736 4.36403 4.78915 
2.90736 4.20846 1.38124 
2.50336 2.66113 2.50156 
2.50336 4.60604 4.89002 
2.50336 1.64166 2.88269 
2.50336 4.24783 4.19943 
2.50336 4.9896 3.86642 
2.50336 3.68689 2.38715 
2.50336 4.41977 4.05653 
2.50336 4.36403 4.10892 
2.50336 4.20846 4.54778 
2.66113 3.79681 3.43488 
2.66113 4.60604 4.97539 
2.66113 1.64166 1.43022 
2.66113 4.24783 4.90996 
2.66113 3.68689 4.81994 
3.60238 3.71517 3.85002 
3.60238 3.79681 4.88887 
3.60238 4.60604 4.30954 
3.60238 4.60664 1.41041 
3.60238 1.64166 4.12087 
3.60238 4.24783 4.61171 
3.60238 4.9896 4.15217 
3.60238 4.20846 4.47235 
3.71517 4.41977 4.93679 
3.71517 4.20846 3.34373 
3.79681 1.64166 2.62895 
4.60604 4.60664 3.96991 
4.60604 1.64166 4.8431 
4.60604 4.24783 1.26165 
4.60604 4.9896 4.85293 
4.60604 4.41977 3.85355 
4.60604 4.36403 2.60931 
4.60664 1.64166 4.80982 
4.60664 4.24783 4.62505 
4.60664 4.9896 2.7463 
4.60664 3.68689 3.76193 
4.60664 4.20846 3.58583 
1.64166 4.24783 4.80896 
1.64166 3.68689 4.81252 
4.24783 3.68689 4.86163 
4.24783 4.41977 2.63329 
4.24783 4.36403 1.38092 
4.9896 3.68689 1.49424 
4.9896 4.41977 3.5032 
4.9896 4.36403 4.59548 
4.9896 4.20846 2.99928 
3.68689 4.41977 3.27046 
3.68689 4.36403 4.05688 
3.68689 4.20846 2.99992 
4.41977 4.36403 1.29296 
4.41977 4.20846 4.85264 
3.77654 4.823 2.57634 
3.77654 2.76226 2.52538 
3.77654 4.46461 3.42739 
3.77654 4.32006 4.44396 
3.77654 4.25217 4.30996 
3.77654 2.26281 4.64719 
3.77654 4.35358 3.43167 
4.823 2.76226 4.82952 
4.823 4.46461 4.16008 
4.823 4.32006 2.74804 
4.823 4.35358 1.50426 
4.82126 2.76226 3.61977 
4.82126 3.74717 3.75038 
4.82126 4.46461 4.26889 
4.82126 4.60565 4.5919 
4.82126 4.25217 3.96795 
4.82126 3.69295 3.70626 
4.82126 2.89243 3.16343 
4.82126 2.26281 2.61634 
4.82126 4.3981 4.03719 
4.82126 4.99148 3.89089 
4.82126 4.85848 4.78915 
2.76226 3.74717 4.94957 
2.76226 4.46461 4.36582 
2.76226 4.25217 4.6752 
2.76226 3.69295 4.56569 
2.76226 2.89243 3.86642 
2.76226 2.26281 2.38715 
2.76226 4.3981 4.05653 
2.76226 4.85848 4.10892 
3.74717 2.59805 3.15782 
3.74717 4.60565 1.33614 
3.74717 3.69295 2.44354 
3.74717 4.88236 3.69789 
3.74717 2.89243 1.43462 
3.74717 2.26281 2.64154 
3.74717 4.38263 3.13356 
3.74717 4.3981 4.85774 
3.74717 4.99148 3.65969 
2.59805 4.60565 3.56758 
2.59805 3.69295 3.82984 
2.59805 4.88236 3.7599 
2.59805 2.89243 3.1513 
2.59805 2.26281 3.71659 
2.59805 4.38263 3.86914 
2.59805 4.99148 4.63385 
4.46461 4.25217 1.26855 
4.46461 4.3981 4.7914 
4.46461 4.85848 4.05228 
4.46461 4.35358 4.78119 
4.32006 4.88236 4.82098 
4.32006 4.99148 3.88418 
4.32006 4.35358 1.27708 
4.60565 3.69295 3.74192 
4.60565 4.88236 4.56877 
4.60565 2.89243 2.7463 
4.60565 2.26281 3.76193 
4.60565 4.38263 4.2433 
4.60565 4.99148 3.17673 
4.25217 4.3981 4.17942 
4.25217 4.85848 3.60187 
3.69295 4.88236 2.52011 
3.69295 2.89243 1.4343 
3.69295 2.26281 2.43913 
3.69295 4.38263 1.3703 
3.69295 4.3981 2.66818 
3.69295 4.85848 3.90386 
4.88236 2.89243 3.40017 
4.88236 2.26281 4.61385 
4.88236 4.38263 1.22211 
4.88236 4.3981 4.41635 
4.88236 4.35358 4.66439 
2.89243 2.26281 1.49424 
2.89243 4.38263 2.5271 
2.89243 4.3981 3.5032 
2.89243 4.99148 4.51451 
2.89243 4.85848 4.59548 
2.26281 4.38263 3.6713 
2.26281 4.3981 3.27046 
2.26281 4.99148 4.82008 
2.26281 4.85848 4.05688 
4.38263 4.3981 3.34933 
4.38263 4.85848 4.51779 
4.3981 4.85848 1.29296 
4.99148 4.35358 4.78859 
3.4561 4.21071 2.57634 
3.4561 1.51044 4.41967 
3.4561 4.50519 2.39776 
3.4561 2.53025 3.42739 
3.4561 1.24658 3.33157 
3.4561 3.73492 4.30996 
3.4561 4.37559 4.95434 
3.4561 4.66001 3.59108 
4.21071 1.51044 4.90156 
4.21071 4.50519 4.77425 
4.21071 4.99558 4.76158 
4.21071 2.53025 4.16008 
4.21071 1.24658 4.18103 
4.21071 4.79185 4.74591 
4.21071 4.66001 1.35335 
1.51044 4.91951 4.08643 
1.51044 4.4106 4.49647 
1.51044 4.99558 4.19589 
1.51044 2.53025 4.01485 
1.51044 4.69646 3.57906 
1.51044 4.62654 4.01153 
1.51044 4.03218 4.91394 
1.51044 1.24658 2.73357 
1.51044 4.66001 4.95624 
1.51044 4.46941 3.88888 
4.50519 4.91951 4.54365 
4.50519 4.62654 3.43488 
4.50519 4.03218 4.97539 
4.50519 1.24658 4.66937 
4.50519 4.37559 4.90996 
4.94701 4.555 3.85002 
4.94701 4.91951 4.9415 
4.94701 4.4106 4.56425 
4.94701 4.99558 4.52538 
4.94701 4.62654 4.88887 
4.94701 4.03218 4.30954 
4.94701 1.24658 4.90304 
4.94701 4.37559 4.61171 
4.94701 4.46941 3.16774 
4.555 4.91951 4.74767 
4.555 4.99558 3.73748 
4.555 2.53025 2.95654 
4.555 1.24658 3.59304 
4.555 3.73492 2.51822 
4.555 4.79185 1.54847 
4.555 4.66001 4.52063 
4.91951 4.99558 1.3455 
4.91951 4.62654 1.41834 
4.91951 4.79185 4.9956 
4.91951 4.66001 4.4838 
4.4106 4.03218 2.49263 
4.4106 1.24658 4.71472 
4.4106 4.37559 3.74818 
4.4106 4.46941 4.63385 
4.99558 4.69646 4.37412 
4.99558 4.62654 2.6486 
4.99558 4.79185 3.79628 
4.99558 4.66001 3.71543 
2.53025 4.03218 4.01236 
2.53025 1.24658 1.31285 
2.53025 3.73492 1.26855 
2.53025 4.37559 3.62021 
2.53025 4.79185 2.68029 
4.69646 4.03218 4.53757 
4.69646 4.37559 4.91138 
4.62654 4.66001 4.91884 
4.03218 1.24658 3.66177 
4.03218 3.73492 4.23121 
4.03218 4.37559 1.26165 
4.03218 4.79185 4.85327 
1.24658 3.73492 2.48934 
1.24658 4.37559 3.6879 
1.24658 4.79185 3.62425 
1.24658 4.66001 4.92556 
3.73492 4.37559 3.55359 
3.73492 4.79185 1.68327 
3.73492 4.66001 4.78953 
4.37559 4.79185 4.25768 
4.79185 4.66001 3.4694 
2.57634 2.52538 4.82952 
2.57634 4.17455 2.52982 
2.57634 4.41967 4.90156 
2.57634 2.39776 4.77425 
2.57634 3.42739 4.16008 
2.57634 4.44396 2.74804 
2.57634 3.33157 4.18103 
2.57634 3.59108 1.35335 
2.57634 3.43167 1.50426 
2.52538 2.39776 2.50156 
2.52538 3.42739 4.36582 
2.52538 3.33157 4.6523 
2.52538 4.30996 4.6752 
2.52538 3.70027 2.88269 
2.52538 4.95434 4.19943 
2.52538 4.64719 2.38715 
4.17455 4.41967 4.93715 
4.17455 3.42739 4.83342 
4.17455 4.44396 4.77272 
4.17455 4.30996 3.76827 
4.17455 4.95434 4.58607 
4.17455 3.59108 1.34432 
4.17455 3.43167 3.61522 
4.41967 3.42739 4.01485 
4.41967 4.44396 3.65331 
4.41967 3.33157 2.73357 
4.41967 3.59108 4.95624 
4.41967 3.43167 4.87771 
2.39776 3.33157 4.66937 
2.39776 3.70027 1.43022 
2.39776 4.95434 4.90996 
2.39776 4.64719 4.81994 
3.42739 3.33157 1.31285 
3.42739 4.30996 1.26855 
3.42739 4.95434 3.62021 
3.42739 3.43167 4.78119 
4.44396 3.59108 3.52382 
4.44396 3.43167 1.27708 
3.33157 4.30996 2.48934 
3.33157 4.95434 3.6879 
3.33157 3.59108 4.92556 
4.30996 4.95434 3.55359 
4.30996 3.59108 4.78953 
3.70027 4.95434 4.80896 
3.70027 4.64719 4.81252 
4.95434 4.64719 4.86163 
3.59108 3.43167 2.37422 
4.82952 4.77425 2.50156 
4.82952 4.16008 4.36582 
4.82952 4.18103 4.6523 
2.52982 4.90156 4.93715 
2.52982 4.72962 2.45783 
2.52982 4.76158 3.02859 
2.52982 4.16008 4.83342 
2.52982 2.74804 4.77272 
2.52982 3.84114 1.40613 
2.52982 4.74591 2.48401 
2.52982 1.35335 1.34432 
2.52982 1.50426 3.61522 
4.90156 4.76158 4.19589 
4.90156 4.16008 4.01485 
4.90156 2.74804 3.65331 
4.90156 4.18103 2.73357 
4.90156 1.35335 4.95624 
4.90156 1.50426 4.87771 
4.72962 4.76158 1.52704 
4.72962 4.16008 4.35645 
4.72962 4.18103 4.74985 
4.72962 3.84114 1.44446 
4.72962 4.74591 2.33691 
4.72962 1.35335 3.45463 
4.77425 4.18103 4.66937 
4.76158 3.84114 2.64694 
4.76158 4.74591 3.79628 
4.76158 1.35335 3.71543 
4.16008 4.18103 1.31285 
4.16008 3.84114 3.80955 
4.16008 4.74591 2.68029 
4.16008 1.50426 4.78119 
2.74804 1.35335 3.52382 
2.74804 1.50426 1.27708 
4.18103 3.84114 4.53962 
4.18103 4.74591 3.62425 
4.18103 1.35335 4.92556 
3.84114 4.74591 1.35856 
3.84114 1.35335 2.5259 
3.84114 1.50426 4.75433 
4.74591 1.35335 3.4694 
1.35335 1.50426 2.37422 
3.61977 3.75038 4.94957 
3.61977 4.26889 4.36582 
3.61977 3.96795 4.6752 
3.61977 3.70626 4.56569 
3.61977 4.45017 2.88269 
3.61977 3.16343 3.86642 
3.61977 2.61634 2.38715 
3.61977 4.03719 4.05653 
3.61977 4.78915 4.10892 
3.61977 1.38124 4.54778 
4.68424 2.60304 2.28818 
4.68424 4.26889 4.35645 
4.68424 3.96795 3.76086 
4.68424 4.4729 1.44446 
4.68424 3.54802 2.33691 
3.75038 4.5919 1.33614 
3.75038 3.70626 2.44354 
3.75038 3.16343 1.43462 
3.75038 2.61634 2.64154 
3.75038 2.56167 3.05126 
3.75038 4.03719 4.85774 
3.75038 3.89089 3.65969 
3.75038 1.38124 3.02778 
2.60304 4.26889 2.95654 
2.60304 3.96795 2.51822 
2.60304 4.4729 2.24722 
2.60304 2.56167 4.23205 
2.60304 4.03719 4.93679 
2.60304 3.54802 1.54847 
2.60304 1.38124 3.34373 
4.26889 3.96795 1.26855 
4.26889 4.4729 3.80955 
4.26889 2.56167 4.87365 
4.26889 4.03719 4.7914 
4.26889 3.54802 2.68029 
4.26889 4.78915 4.05228 
4.26889 1.38124 4.53707 
4.5919 3.70626 3.74192 
4.5919 4.45017 4.80982 
4.5919 3.16343 2.7463 
4.5919 2.61634 3.76193 
4.5919 2.56167 3.14034 
4.5919 3.89089 3.17673 
4.5919 1.38124 3.58583 
3.96795 4.4729 2.8789 
3.96795 2.56167 4.27063 
3.96795 4.03719 4.17942 
3.96795 3.54802 1.68327 
3.96795 4.78915 3.60187 
3.96795 1.38124 4.01105 
3.70626 3.16343 1.4343 
3.70626 2.61634 2.43913 
3.70626 2.56167 4.37781 
3.70626 4.03719 2.66818 
3.70626 4.78915 3.90386 
3.70626 1.38124 3.71778 
4.45017 2.61634 4.81252 
3.16343 2.61634 1.49424 
3.16343 2.56167 3.54746 
3.16343 4.03719 3.5032 
3.16343 3.89089 4.51451 
3.16343 4.78915 4.59548 
3.16343 1.38124 2.99928 
4.4729 4.03719 4.98215 
4.4729 3.54802 1.35856 
4.4729 4.78915 4.34168 
4.4729 1.38124 4.74137 
2.61634 2.56167 3.82269 
2.61634 4.03719 3.27046 
2.61634 3.89089 4.82008 
2.61634 4.78915 4.05688 
2.61634 1.38124 2.99992 
2.56167 3.54802 4.25929 
2.56167 3.89089 1.49047 
2.56167 1.38124 1.20609 
4.03719 3.54802 4.80513 
4.03719 4.78915 1.29296 
4.03719 1.38124 4.85264 
3.54802 4.78915 4.21395 
3.54802 1.38124 3.74128 
3.89089 1.38124 2.62453 
4.9054 3.96702 4.49647 
4.9054 1.35244 3.57906 
4.9054 4.15662 3.65331 
4.9054 3.98094 4.91394 
4.9054 4.30973 4.87771 
4.65942 3.96702 3.15782 
4.65942 3.98094 4.20985 
4.65942 3.76255 2.44354 
4.65942 1.3004 3.69789 
4.65942 4.4903 1.43462 
4.65942 2.49975 3.13356 
3.96702 3.98094 2.49263 
3.96702 3.76255 3.82984 
3.96702 4.64732 3.74818 
3.96702 1.3004 3.7599 
3.96702 4.4903 3.1513 
3.96702 2.49975 3.86914 
1.35244 4.15662 3.56765 
1.35244 3.98094 4.53757 
1.35244 4.64732 4.91138 
1.35244 1.3004 2.55308 
1.35244 2.49975 3.75244 
1.35244 4.30973 4.11131 
4.15662 1.3004 4.82098 
4.15662 4.30973 1.27708 
3.98094 4.64732 1.26165 
3.98094 1.3004 4.27918 
3.98094 4.4903 4.85293 
3.98094 2.49975 4.90631 
3.76255 1.3004 2.52011 
3.76255 4.4903 1.4343 
3.76255 2.49975 1.3703 
1.3004 4.4903 3.40017 
1.3004 2.49975 1.22211 
1.3004 4.30973 4.66439 
4.4903 2.49975 2.5271 
2.50156 4.89002 4.97539 
2.50156 4.6523 4.66937 
2.50156 2.88269 1.43022 
2.50156 4.19943 4.90996 
2.50156 2.38715 4.81994 
4.94957 4.89002 4.20985 
4.94957 4.56569 2.44354 
4.94957 3.86642 1.43462 
4.94957 2.38715 2.64154 
4.94957 4.05653 4.85774 
4.94957 4.54778 3.02778 
4.36582 4.89002 4.01236 
4.36582 4.6523 1.31285 
4.36582 4.6752 1.26855 
4.36582 4.19943 3.62021 
4.36582 4.05653 4.7914 
4.36582 4.10892 4.05228 
4.36582 4.54778 4.53707 
4.89002 4.6523 3.66177 
4.89002 4.6752 4.23121 
4.89002 2.88269 4.8431 
4.89002 4.19943 1.26165 
4.89002 3.86642 4.85293 
4.89002 4.05653 3.85355 
4.89002 4.10892 2.60931 
4.6523 4.6752 2.48934 
4.6523 4.19943 3.6879 
4.6523 4.10892 4.5125 
4.6752 4.19943 3.55359 
4.6752 4.05653 4.17942 
4.6752 4.10892 3.60187 
4.6752 4.54778 4.01105 
4.56569 3.86642 1.4343 
4.56569 2.38715 2.43913 
4.56569 4.05653 2.66818 
4.56569 4.10892 3.90386 
4.56569 4.54778 3.71778 
2.88269 4.19943 4.80896 
2.88269 2.38715 4.81252 
4.19943 2.38715 4.86163 
4.19943 4.05653 2.63329 
4.19943 4.10892 1.38092 
3.86642 2.38715 1.49424 
3.86642 4.05653 3.5032 
3.86642 4.10892 4.59548 
3.86642 4.54778 2.99928 
2.38715 4.05653 3.27046 
2.38715 4.10892 4.05688 
2.38715 4.54778 2.99992 
4.05653 4.10892 1.29296 
4.05653 4.54778 4.85264 
4.93715 4.11008 4.08643 
4.93715 3.02859 4.19589 
4.93715 4.83342 4.01485 
4.93715 4.94019 3.57906 
4.93715 4.77272 3.65331 
4.93715 4.90994 4.01153 
4.93715 1.34432 4.95624 
4.93715 3.61522 4.87771 
2.45783 3.61554 2.28818 
2.45783 4.11008 2.75001 
2.45783 3.02859 1.52704 
2.45783 4.83342 4.35645 
2.45783 4.94019 4.90359 
2.45783 4.90994 4.00393 
2.45783 3.76827 3.76086 
2.45783 1.40613 1.44446 
2.45783 2.48401 2.33691 
2.45783 1.34432 3.45463 
3.61554 4.11008 4.74767 
3.61554 3.02859 3.73748 
3.61554 4.83342 2.95654 
3.61554 3.76827 2.51822 
3.61554 1.40613 2.24722 
3.61554 4.59333 4.93679 
3.61554 2.48401 1.54847 
3.61554 1.34432 4.52063 
4.11008 3.02859 1.3455 
4.11008 4.90994 1.41834 
4.11008 1.40613 3.86675 
4.11008 2.48401 4.9956 
4.11008 1.34432 4.4838 
3.02859 4.94019 4.37412 
3.02859 4.90994 2.6486 
3.02859 1.40613 2.64694 
3.02859 2.48401 3.79628 
3.02859 1.34432 3.71543 
4.83342 3.76827 1.26855 
4.83342 4.58607 3.62021 
4.83342 1.40613 3.80955 
4.83342 4.59333 4.7914 
4.83342 2.48401 2.68029 
4.83342 4.17911 4.05228 
4.83342 3.61522 4.78119 
4.94019 4.77272 3.56765 
4.94019 4.58607 4.91138 
4.94019 3.61522 4.11131 
4.77272 1.34432 3.52382 
4.77272 3.61522 1.27708 
4.90994 1.40613 4.92352 
4.90994 1.34432 4.91884 
3.76827 4.58607 3.55359 
3.76827 1.40613 2.8789 
3.76827 4.59333 4.17942 
3.76827 2.48401 1.68327 
3.76827 1.34432 4.78953 
3.76827 4.17911 3.60187 
4.58607 1.40613 4.41671 
4.58607 4.59333 2.63329 
4.58607 2.48401 4.25768 
4.58607 4.17911 1.38092 
1.40613 4.59333 4.98215 
1.40613 2.48401 1.35856 
1.40613 1.34432 2.5259 
1.40613 4.17911 4.34168 
1.40613 3.61522 4.75433 
4.59333 2.48401 4.80513 
4.59333 4.17911 1.29296 
2.48401 1.34432 3.4694 
2.48401 4.17911 4.21395 
1.34432 3.61522 2.37422 
4.08643 4.19589 1.3455 
4.08643 4.01153 1.41834 
4.08643 4.95624 4.4838 
4.49647 4.91394 2.49263 
4.49647 2.73357 4.71472 
4.49647 3.88888 4.63385 
4.19589 3.57906 4.37412 
4.19589 4.01153 2.6486 
4.19589 4.95624 3.71543 
4.01485 4.91394 4.01236 
4.01485 2.73357 1.31285 
4.01485 4.87771 4.78119 
3.57906 3.65331 3.56765 
3.57906 4.91394 4.53757 
3.57906 4.87771 4.11131 
3.65331 4.95624 3.52382 
3.65331 3.88888 3.88418 
3.65331 4.87771 1.27708 
4.01153 4.95624 4.91884 
4.91394 2.73357 3.66177 
2.73357 4.95624 4.92556 
4.95624 4.87771 2.37422 
3.88888 4.87771 4.78859 
4.03858 2.28818 3.85002 
4.03858 2.75001 4.9415 
4.03858 1.52704 4.52538 
4.03858 4.00393 4.88887 
4.03858 4.74985 4.90304 
2.28818 2.75001 4.74767 
2.28818 1.52704 3.73748 
2.28818 4.35645 2.95654 
2.28818 4.74985 3.59304 
2.28818 3.76086 2.51822 
2.28818 1.44446 2.24722 
2.28818 2.33691 1.54847 
2.28818 3.45463 4.52063 
2.75001 1.52704 1.3455 
2.75001 4.00393 1.41834 
2.75001 1.44446 3.86675 
2.75001 2.33691 4.9956 
2.75001 3.45463 4.4838 
1.52704 4.90359 4.37412 
1.52704 4.00393 2.6486 
1.52704 1.44446 2.64694 
1.52704 2.33691 3.79628 
1.52704 3.45463 3.71543 
4.35645 4.74985 1.31285 
4.35645 3.76086 1.26855 
4.35645 1.44446 3.80955 
4.35645 2.33691 2.68029 
4.00393 1.44446 4.92352 
4.00393 3.45463 4.91884 
4.74985 3.76086 2.48934 
4.74985 1.44446 4.53962 
4.74985 2.33691 3.62425 
4.74985 3.45463 4.92556 
3.76086 1.44446 2.8789 
3.76086 2.33691 1.68327 
3.76086 3.45463 4.78953 
1.44446 2.33691 1.35856 
1.44446 3.45463 2.5259 
2.33691 3.45463 3.4694 
4.54365 3.43488 1.41834 
4.54365 1.43022 3.94613 
3.43488 1.43022 2.62895 
4.97539 4.66937 3.66177 
4.97539 1.43022 4.8431 
4.97539 4.90996 1.26165 
4.66937 4.90996 3.6879 
1.43022 4.90996 4.80896 
1.43022 4.81994 4.81252 
4.90996 4.81994 4.86163 
2.73163 3.15782 4.56425 
2.73163 4.20985 4.30954 
2.73163 1.33614 1.41041 
2.73163 1.43462 4.15217 
2.73163 3.05126 3.6884 
2.73163 3.65969 3.16774 
2.73163 3.02778 4.47235 
3.15782 4.20985 2.49263 
3.15782 1.33614 3.56758 
3.15782 2.44354 3.82984 
3.15782 3.69789 3.7599 
3.15782 1.43462 3.1513 
3.15782 2.64154 3.71659 
3.15782 3.13356 3.86914 
3.15782 3.65969 4.63385 
4.20985 1.33614 3.96991 
4.20985 3.69789 4.27918 
4.20985 1.43462 4.85293 
4.20985 3.13356 4.90631 
4.20985 4.85774 3.85355 
1.33614 2.44354 3.74192 
1.33614 3.69789 4.56877 
1.33614 1.43462 2.7463 
1.33614 2.64154 3.76193 
1.33614 3.13356 4.2433 
1.33614 3.05126 3.14034 
1.33614 3.65969 3.17673 
1.33614 3.02778 3.58583 
2.44354 3.69789 2.52011 
2.44354 1.43462 1.4343 
2.44354 2.64154 2.43913 
2.44354 3.13356 1.3703 
2.44354 3.05126 4.37781 
2.44354 4.85774 2.66818 
2.44354 3.02778 3.71778 
3.69789 1.43462 3.40017 
3.69789 2.64154 4.61385 
3.69789 3.13356 1.22211 
3.69789 4.85774 4.41635 
1.43462 2.64154 1.49424 
1.43462 3.13356 2.5271 
1.43462 3.05126 3.54746 
1.43462 4.85774 3.5032 
1.43462 3.65969 4.51451 
1.43462 3.02778 2.99928 
2.64154 3.13356 3.6713 
2.64154 3.05126 3.82269 
2.64154 4.85774 3.27046 
2.64154 3.65969 4.82008 
2.64154 3.02778 2.99992 
3.13356 4.85774 3.34933 
3.13356 3.02778 4.94338 
3.05126 3.65969 1.49047 
3.05126 3.02778 1.20609 
4.85774 3.02778 4.85264 
3.65969 3.02778 2.62453 
3.85002 4.9415 4.74767 
3.85002 4.52538 3.73748 
3.85002 4.90304 3.59304 
3.85002 3.6884 4.23205 
3.85002 4.47235 3.34373 
4.9415 4.52538 1.3455 
4.9415 4.88887 1.41834 
4.9415 4.12087 3.94613 
4.56425 4.30954 2.49263 
4.56425 1.41041 3.56758 
4.56425 4.90304 4.71472 
4.56425 4.61171 3.74818 
4.56425 4.15217 3.1513 
4.56425 3.16774 4.63385 
4.52538 4.88887 2.6486 
4.88887 4.12087 2.62895 
4.30954 1.41041 3.96991 
4.30954 4.90304 3.66177 
4.30954 4.12087 4.8431 
4.30954 4.61171 1.26165 
4.30954 4.15217 4.85293 
1.41041 4.12087 4.80982 
1.41041 4.61171 4.62505 
1.41041 4.15217 2.7463 
1.41041 3.6884 3.14034 
1.41041 3.16774 3.17673 
1.41041 4.47235 3.58583 
4.90304 4.61171 3.6879 
4.12087 4.61171 4.80896 
4.15217 3.6884 3.54746 
4.15217 3.16774 4.51451 
4.15217 4.47235 2.99928 
3.6884 3.16774 1.49047 
3.6884 4.47235 1.20609 
3.16774 4.47235 2.62453 
4.74767 3.73748 1.3455 
4.74767 2.24722 3.86675 
4.74767 1.54847 4.9956 
4.74767 4.52063 4.4838 
3.73748 2.24722 2.64694 
3.73748 1.54847 3.79628 
3.73748 4.52063 3.71543 
2.95654 3.59304 1.31285 
2.95654 2.51822 1.26855 
2.95654 2.24722 3.80955 
2.95654 4.23205 4.87365 
2.95654 4.93679 4.7914 
2.95654 1.54847 2.68029 
2.95654 3.34373 4.53707 
3.59304 2.51822 2.48934 
3.59304 2.24722 4.53962 
3.59304 1.54847 3.62425 
3.59304 4.52063 4.92556 
2.51822 2.24722 2.8789 
2.51822 4.23205 4.27063 
2.51822 4.93679 4.17942 
2.51822 1.54847 1.68327 
2.51822 4.52063 4.78953 
2.51822 3.34373 4.01105 
2.24722 4.93679 4.98215 
2.24722 1.54847 1.35856 
2.24722 4.52063 2.5259 
2.24722 3.34373 4.74137 
4.23205 1.54847 4.25929 
4.23205 3.34373 1.20609 
4.93679 1.54847 4.80513 
4.93679 3.34373 4.85264 
1.54847 4.52063 3.4694 
1.54847 3.34373 3.74128 
1.3455 1.41834 2.6486 
1.3455 3.86675 2.64694 
1.3455 4.9956 3.79628 
1.3455 4.4838 3.71543 
1.41834 3.94613 2.62895 
1.41834 3.86675 4.92352 
1.41834 4.4838 4.91884 
3.86675 4.9956 1.35856 
3.86675 4.4838 2.5259 
4.9956 4.4838 3.4694 
2.49263 3.56758 3.96991 
2.49263 4.71472 3.66177 
2.49263 3.74818 1.26165 
2.49263 3.7599 4.27918 
2.49263 3.1513 4.85293 
2.49263 3.86914 4.90631 
3.56758 3.82984 3.74192 
3.56758 3.74818 4.62505 
3.56758 3.7599 4.56877 
3.56758 3.1513 2.7463 
3.56758 3.71659 3.76193 
3.56758 3.86914 4.2433 
3.56758 4.63385 3.17673 
4.71472 3.74818 3.6879 
3.82984 3.7599 2.52011 
3.82984 3.1513 1.4343 
3.82984 3.71659 2.43913 
3.82984 3.86914 1.3703 
3.74818 3.71659 4.86163 
3.7599 3.1513 3.40017 
3.7599 3.71659 4.61385 
3.7599 3.86914 1.22211 
3.1513 3.71659 1.49424 
3.1513 3.86914 2.5271 
3.1513 4.63385 4.51451 
3.71659 3.86914 3.6713 
3.71659 4.63385 4.82008 
2.6486 2.64694 4.92352 
2.6486 3.71543 4.91884 
2.64694 3.79628 1.35856 
2.64694 3.71543 2.5259 
3.79628 3.71543 3.4694 
4.01236 1.31285 3.66177 
4.01236 1.26855 4.23121 
4.01236 3.62021 1.26165 
4.01236 3.80955 4.9262 
4.01236 4.7914 3.85355 
4.01236 2.68029 4.85327 
4.01236 4.05228 2.60931 
1.31285 1.26855 2.48934 
1.31285 3.62021 3.6879 
1.31285 3.80955 4.53962 
1.31285 2.68029 3.62425 
1.31285 4.05228 4.5125 
1.26855 3.62021 3.55359 
1.26855 3.80955 2.8789 
1.26855 4.87365 4.27063 
1.26855 4.7914 4.17942 
1.26855 2.68029 1.68327 
1.26855 4.05228 3.60187 
1.26855 4.53707 4.01105 
3.62021 3.80955 4.41671 
3.62021 4.7914 2.63329 
3.62021 2.68029 4.25768 
3.62021 4.05228 1.38092 
3.80955 4.7914 4.98215 
3.80955 2.68029 1.35856 
3.80955 4.05228 4.34168 
3.80955 4.53707 4.74137 
3.80955 4.78119 4.75433 
4.87365 2.68029 4.25929 
4.87365 4.53707 1.20609 
4.7914 2.68029 4.80513 
4.7914 4.05228 1.29296 
4.7914 4.53707 4.85264 
2.68029 4.05228 4.21395 
2.68029 4.53707 3.74128 
3.56765 2.55308 4.82098 
3.56765 4.11131 1.27708 
4.53757 4.91138 1.26165 
4.53757 2.55308 4.27918 
4.53757 3.75244 4.90631 
2.55308 3.75244 1.22211 
2.55308 4.11131 4.66439 
4.82098 1.27708 4.66439 
4.69948 3.88418 1.49047 
3.52382 1.27708 2.37422 
3.88418 1.27708 4.78859 
4.92352 4.91884 2.5259 
3.96991 4.8431 4.80982 
3.96991 1.26165 4.62505 
3.96991 4.27918 4.56877 
3.96991 4.85293 2.7463 
3.96991 4.90631 4.2433 
3.66177 4.23121 2.48934 
3.66177 1.26165 3.6879 
3.66177 4.9262 4.53962 
3.66177 4.85327 3.62425 
3.66177 2.60931 4.5125 
4.23121 1.26165 3.55359 
4.23121 4.9262 2.8789 
4.23121 3.85355 4.17942 
4.23121 4.85327 1.68327 
4.23121 2.60931 3.60187 
4.8431 1.26165 4.80896 
1.26165 4.9262 4.41671 
1.26165 3.85355 2.63329 
1.26165 4.85327 4.25768 
1.26165 2.60931 1.38092 
4.27918 4.85293 3.40017 
4.27918 4.90631 1.22211 
4.27918 3.85355 4.41635 
4.85293 4.90631 2.5271 
4.85293 3.85355 3.5032 
4.85293 2.60931 4.59548 
4.9262 3.85355 4.98215 
4.9262 4.85327 1.35856 
4.9262 2.60931 4.34168 
4.90631 3.85355 3.34933 
4.90631 2.60931 4.51779 
3.85355 4.85327 4.80513 
3.85355 2.60931 1.29296 
4.85327 2.60931 4.21395 
3.74192 4.56877 2.52011 
3.74192 2.7463 1.4343 
3.74192 3.76193 2.43913 
3.74192 4.2433 1.3703 
3.74192 3.14034 4.37781 
3.74192 3.58583 3.71778 
4.80982 4.62505 4.80896 
4.80982 3.76193 4.81252 
4.62505 3.76193 4.86163 
4.56877 2.7463 3.40017 
4.56877 3.76193 4.61385 
4.56877 4.2433 1.22211 
2.7463 3.76193 1.49424 
2.7463 4.2433 2.5271 
2.7463 3.14034 3.54746 
2.7463 3.17673 4.51451 
2.7463 3.58583 2.99928 
3.76193 4.2433 3.6713 
3.76193 3.14034 3.82269 
3.76193 3.17673 4.82008 
3.76193 3.58583 2.99992 
4.2433 3.58583 4.94338 
3.14034 3.17673 1.49047 
3.14034 3.58583 1.20609 
3.17673 3.58583 2.62453 
2.48934 3.6879 3.55359 
2.48934 4.53962 2.8789 
2.48934 3.62425 1.68327 
2.48934 4.92556 4.78953 
2.48934 4.5125 3.60187 
3.6879 4.53962 4.41671 
3.6879 3.62425 4.25768 
3.6879 4.5125 1.38092 
4.53962 3.62425 1.35856 
4.53962 4.92556 2.5259 
4.53962 4.5125 4.34168 
3.62425 4.92556 3.4694 
3.62425 4.5125 4.21395 
3.55359 2.8789 4.41671 
3.55359 4.17942 2.63329 
3.55359 1.68327 4.25768 
3.55359 3.60187 1.38092 
2.8789 4.17942 4.98215 
2.8789 1.68327 1.35856 
2.8789 4.78953 2.5259 
2.8789 3.60187 4.34168 
2.8789 4.01105 4.74137 
4.27063 1.68327 4.25929 
4.27063 4.01105 1.20609 
4.17942 1.68327 4.80513 
4.17942 3.60187 1.29296 
4.17942 4.01105 4.85264 
1.68327 4.78953 3.4694 
1.68327 3.60187 4.21395 
1.68327 4.01105 3.74128 
2.52011 1.4343 3.40017 
2.52011 2.43913 4.61385 
2.52011 1.3703 1.22211 
2.52011 2.66818 4.41635 
1.4343 2.43913 1.49424 
1.4343 1.3703 2.5271 
1.4343 4.37781 3.54746 
1.4343 2.66818 3.5032 
1.4343 3.90386 4.59548 
1.4343 3.71778 2.99928 
2.43913 1.3703 3.6713 
2.43913 4.37781 3.82269 
2.43913 2.66818 3.27046 
2.43913 3.90386 4.05688 
2.43913 3.71778 2.99992 
1.3703 2.66818 3.34933 
1.3703 3.90386 4.51779 
1.3703 3.71778 4.94338 
4.37781 3.71778 1.20609 
2.66818 3.90386 1.29296 
2.66818 3.71778 4.85264 
4.80896 4.81252 4.86163 
4.41671 2.63329 4.98215 
4.41671 4.25768 1.35856 
4.41671 1.38092 4.34168 
4.86163 2.63329 3.27046 
4.86163 1.38092 4.05688 
2.63329 4.25768 4.80513 
2.63329 1.38092 1.29296 
4.25768 1.38092 4.21395 
3.40017 4.61385 1.49424 
3.40017 1.22211 2.5271 
3.40017 4.41635 3.5032 
4.61385 1.22211 3.6713 
4.61385 4.41635 3.27046 
1.22211 4.41635 3.34933 
1.49424 2.5271 3.6713 
1.49424 3.54746 3.82269 
1.49424 3.5032 3.27046 
1.49424 4.51451 4.82008 
1.49424 4.59548 4.05688 
1.49424 2.99928 2.99992 
2.5271 3.5032 3.34933 
2.5271 4.59548 4.51779 
2.5271 2.99928 4.94338 
3.54746 4.51451 1.49047 
3.54746 2.99928 1.20609 
3.5032 4.59548 1.29296 
3.5032 2.99928 4.85264 
4.51451 2.99928 2.62453 
4.98215 1.35856 4.80513 
4.98215 4.34168 1.29296 
4.98215 4.74137 4.85264 
1.35856 2.5259 3.4694 
1.35856 4.34168 4.21395 
1.35856 4.74137 3.74128 
2.5259 4.75433 2.37422 
3.6713 3.27046 3.34933 
3.6713 4.05688 4.51779 
3.6713 2.99992 4.94338 
3.82269 4.82008 1.49047 
3.82269 2.99992 1.20609 
3.27046 4.05688 1.29296 
3.27046 2.99992 4.85264 
4.82008 2.99992 2.62453 
3.34933 4.51779 1.29296 
3.34933 4.94338 4.85264 
4.25929 1.20609 3.74128 
1.49047 1.20609 2.62453 
4.80513 1.29296 4.21395 
4.80513 4.85264 3.74128 
