4.04557 1.34601 3.27054 
4.04557 2.66385 3.46495 
4.04557 4.70552 1.25308 
4.04557 2.62481 4.64795 
4.04557 4.89989 3.84885 
4.04557 4.04504 2.52402 
4.04557 3.77113 1.30311 
4.04557 4.91031 4.93323 
1.34601 1.41517 1.89369 
1.34601 2.66385 1.38266 
1.34601 2.70706 2.60636 
1.34601 4.70552 3.6515 
1.34601 2.62481 1.87493 
1.34601 4.04504 4.10033 
1.34601 3.77113 3.43383 
1.41517 2.66385 2.64671 
1.41517 2.70706 1.39575 
1.41517 4.5893 4.63646 
1.41517 2.62481 1.87844 
1.41517 4.46235 4.89408 
1.41517 3.77113 4.94936 
4.9887 4.3245 2.56885 
4.9887 4.45452 1.2656 
4.9887 4.46235 3.81865 
4.9887 4.91031 4.43578 
2.66385 2.70706 2.62604 
2.66385 4.70552 3.34439 
2.66385 2.62481 1.37366 
2.66385 3.77113 4.08408 
4.3245 4.45452 1.30965 
4.3245 4.5893 2.56304 
4.3245 4.46235 1.25371 
4.3245 4.91031 4.71329 
2.70706 2.62481 1.31485 
4.45452 4.5893 3.84174 
4.45452 4.46235 2.56098 
4.45452 4.91031 4.30007 
4.70552 2.62481 4.60976 
4.70552 4.04504 3.76753 
4.70552 3.77113 2.55148 
4.5893 4.46235 1.35017 
4.89989 4.04504 1.35209 
4.89989 3.77113 2.56565 
4.89989 4.91031 1.38914 
4.04504 3.77113 1.22513 
4.04504 4.91031 2.44767 
3.77113 4.91031 3.63572 
4.97844 4.61087 2.67048 
4.97844 3.84885 3.42819 
4.97844 2.52402 3.77338 
4.97844 4.75433 1.32284 
4.97844 1.30311 4.26705 
4.97844 4.93323 4.26842 
3.27054 3.46495 1.38266 
3.27054 2.74692 4.83458 
3.27054 1.25308 3.6515 
3.27054 4.64795 1.87493 
3.27054 2.52402 4.10033 
3.27054 1.30311 3.43383 
3.46495 2.74692 4.16155 
3.46495 1.25308 3.34439 
3.46495 4.64795 1.37366 
3.46495 3.80138 4.23157 
3.46495 1.30311 4.08408 
3.46495 4.90381 4.71526 
4.35809 2.74692 2.55405 
4.35809 1.25308 3.57395 
4.35809 3.80138 3.3249 
4.35809 3.44314 1.24445 
4.35809 4.90381 4.26863 
2.74692 1.25308 1.53815 
2.74692 3.80138 1.33176 
2.74692 1.30311 4.0071 
2.74692 3.44314 1.35383 
2.74692 4.90381 2.55167 
4.61087 3.84885 1.55663 
4.61087 2.52402 2.50461 
4.61087 4.75433 1.36335 
4.61087 1.30311 3.49504 
4.61087 4.93323 2.48083 
1.25308 4.64795 4.60976 
1.25308 2.52402 3.76753 
1.25308 3.80138 2.55121 
1.25308 1.30311 2.55148 
1.25308 3.44314 2.48928 
1.25308 4.90381 3.67656 
3.84885 2.52402 1.35209 
3.84885 4.75433 2.39347 
3.84885 1.30311 2.56565 
3.84885 4.93323 1.38914 
2.52402 4.75433 3.0426 
2.52402 1.30311 1.22513 
2.52402 4.93323 2.44767 
4.75433 1.30311 3.80879 
4.75433 4.93323 3.27458 
3.80138 3.44314 2.27746 
3.80138 4.90381 1.22236 
1.30311 3.44314 4.52563 
1.30311 4.93323 3.63572 
3.44314 4.90381 3.35752 
1.30747 4.95901 4.77714 
1.30747 2.48617 3.77381 
1.30747 4.81951 4.84842 
1.30747 1.24119 2.54305 
1.30747 4.3678 4.49177 
1.30747 4.59613 3.82228 
1.30747 2.5622 1.2568 
1.30747 3.91334 2.6084 
1.30747 4.27015 4.0227 
1.30747 4.36121 3.84513 
4.95901 4.3678 1.39575 
4.95901 2.5622 4.8541 
4.95901 4.6964 1.87844 
2.48617 1.24119 1.25395 
2.48617 4.3678 4.67473 
2.48617 4.6964 4.60453 
2.48617 3.75017 1.28376 
4.81951 1.24119 4.99797 
4.81951 4.3678 4.78096 
4.81951 4.59613 3.86801 
4.81951 4.27015 1.36038 
4.81951 4.36121 2.58673 
1.24119 4.3678 4.45378 
1.24119 2.5622 3.79105 
1.24119 4.6964 4.58419 
1.24119 3.75017 2.50921 
1.24119 4.27015 4.74505 
4.3678 2.5622 4.864 
4.3678 4.6964 1.31485 
4.59613 2.5622 3.37326 
4.59613 3.91334 3.62351 
4.59613 4.27015 2.51481 
4.59613 4.36121 1.2859 
2.5622 3.91334 1.36659 
2.5622 4.27015 4.10621 
2.5622 4.36121 3.6807 
3.91334 4.27015 4.84282 
3.91334 4.36121 4.22276 
4.27015 4.36121 1.24532 
2.66369 3.91457 1.25395 
2.66369 1.45633 1.28376 
2.66369 1.31408 3.94896 
3.91457 1.45633 2.50921 
4.26289 4.10804 1.30992 
4.26289 4.64009 1.31747 
4.26289 4.78272 2.53007 
4.26289 1.45633 4.65234 
4.26289 1.31408 4.40342 
4.26289 2.59757 4.86143 
4.10804 4.64009 2.58929 
4.10804 4.78272 1.27027 
4.10804 1.45633 4.62876 
4.10804 1.31408 4.21102 
4.10804 2.59757 4.5685 
4.64009 4.78272 3.79909 
4.64009 1.45633 4.77109 
4.64009 1.31408 4.9194 
4.78272 1.31408 4.83284 
1.45633 1.31408 2.75396 
1.45633 2.59757 4.04903 
3.88329 1.31408 2.60552 
3.88329 2.59757 1.30682 
1.31408 2.59757 1.30284 
4.90711 3.70516 1.25303 
4.90711 4.84048 4.78096 
4.90711 2.67048 2.58489 
4.90711 3.42819 3.51621 
4.90711 3.77338 4.26896 
4.90711 1.32284 3.67607 
4.90711 4.26842 4.13639 
3.70516 4.84048 4.58159 
3.70516 2.67048 1.35059 
3.70516 3.42819 2.51825 
3.70516 1.28921 4.9933 
3.70516 3.77338 3.35174 
3.70516 1.32284 2.44283 
3.70516 4.26705 4.24144 
3.70516 4.26842 3.30428 
4.84048 1.32284 4.6419 
2.67048 3.42819 1.55663 
2.67048 1.28921 3.92637 
2.67048 3.77338 2.50461 
2.67048 1.32284 1.36335 
2.67048 4.26705 3.49504 
2.67048 4.26842 2.48083 
3.81753 2.51854 1.40284 
3.81753 1.28921 2.59243 
2.51854 1.28921 1.24151 
2.51854 1.32284 3.79901 
3.42819 1.28921 4.47443 
3.42819 3.77338 1.35209 
3.42819 1.32284 2.39347 
3.42819 4.26705 2.56565 
3.42819 4.26842 1.38914 
1.28921 3.77338 4.63838 
1.28921 1.32284 2.59535 
1.28921 4.26705 4.93696 
3.77338 1.32284 3.0426 
3.77338 4.26705 1.22513 
3.77338 4.26842 2.44767 
1.32284 4.26705 3.80879 
1.32284 4.26842 3.27458 
4.26705 4.26842 3.63572 
1.89369 1.38266 2.64671 
1.89369 2.60636 1.39575 
1.89369 1.87493 1.87844 
1.89369 3.43383 4.94936 
1.38266 2.60636 2.62604 
1.38266 4.83458 4.16155 
1.38266 3.6515 3.34439 
1.38266 1.87493 1.37366 
1.38266 3.43383 4.08408 
2.60636 1.87493 1.31485 
4.83458 3.6515 1.53815 
4.83458 3.43383 4.0071 
3.6515 1.87493 4.60976 
3.6515 4.10033 3.76753 
3.6515 3.43383 2.55148 
4.10033 3.43383 1.22513 
4.77714 4.49177 1.39575 
4.77714 1.2568 4.8541 
3.77381 2.54305 1.25395 
3.77381 4.49177 4.67473 
4.84842 2.54305 4.99797 
4.84842 4.49177 4.78096 
4.84842 3.82228 3.86801 
4.84842 4.0227 1.36038 
4.84842 3.84513 2.58673 
2.54305 4.49177 4.45378 
2.54305 1.2568 3.79105 
2.54305 4.0227 4.74505 
4.49177 1.2568 4.864 
3.82228 1.2568 3.37326 
3.82228 2.6084 3.62351 
3.82228 4.61138 1.31212 
3.82228 3.82257 4.19533 
3.82228 4.0227 2.51481 
3.82228 3.84513 1.2859 
1.2568 2.6084 1.36659 
1.2568 4.61138 4.05285 
1.2568 3.82257 2.5805 
1.2568 4.0227 4.10621 
1.2568 3.84513 3.6807 
2.6084 4.61138 4.04046 
2.6084 3.82257 1.21595 
2.6084 4.0227 4.84282 
2.6084 3.84513 4.22276 
4.61138 3.82257 4.39409 
4.61138 4.0227 3.76287 
4.61138 3.84513 2.5188 
3.82257 3.84513 4.93782 
4.0227 3.84513 1.24532 
2.64671 1.39575 2.62604 
2.64671 1.87844 1.37366 
2.64671 4.94936 4.08408 
1.39575 4.8541 4.864 
1.39575 1.87844 1.31485 
4.63646 4.89408 1.35017 
1.25395 4.67473 4.45378 
1.25395 4.60453 4.58419 
1.25395 1.28376 2.50921 
4.67473 4.60453 1.31485 
1.28376 3.94896 2.75396 
4.49973 4.76546 1.30965 
4.49973 2.52995 4.5938 
4.49973 4.64049 1.25371 
4.49973 1.4362 4.7552 
4.49973 1.23524 4.91975 
4.49973 3.74394 4.71329 
4.76546 2.52995 4.37158 
4.76546 4.64049 2.56098 
4.76546 1.4362 4.66945 
4.76546 3.74394 4.30007 
2.52995 4.85987 4.55066 
2.52995 2.43636 2.27403 
2.52995 3.49005 3.36057 
2.52995 1.4362 1.34365 
2.52995 1.23524 3.75785 
2.52995 3.74394 1.27266 
4.64049 4.85987 4.90906 
4.64049 1.23524 4.89236 
4.85987 2.43636 2.55759 
4.85987 3.49005 1.37854 
4.85987 1.4362 3.96452 
2.43636 2.5564 4.41493 
2.43636 3.49005 1.20457 
2.43636 1.4362 1.42815 
2.43636 1.23524 3.25879 
2.43636 3.74394 3.33436 
2.5564 1.4362 3.86048 
2.5564 1.23524 1.35982 
2.5564 3.84007 1.32124 
3.49005 1.4362 2.61478 
3.49005 1.23524 4.08502 
3.49005 3.74394 4.25823 
1.4362 1.23524 2.58613 
1.4362 3.74394 2.59571 
1.23524 3.84007 2.62251 
1.23524 3.74394 4.96518 
2.56885 1.2656 1.30965 
2.56885 2.56851 4.87753 
2.56885 4.68429 4.5938 
2.56885 1.31458 3.72857 
2.56885 3.81865 1.25371 
2.56885 4.43578 4.71329 
1.2656 2.56851 3.66413 
1.2656 3.79208 4.81441 
1.2656 4.68429 4.37158 
1.2656 1.31458 2.46785 
1.2656 3.81865 2.56098 
1.2656 4.43578 4.30007 
2.56851 3.79208 1.25278 
2.56851 1.31458 1.25885 
3.79208 1.31458 2.4967 
4.68429 4.43578 1.27266 
1.31458 3.81865 4.94233 
1.31458 4.43578 4.92944 
2.62604 1.37366 1.31485 
4.16155 3.34439 1.53815 
4.16155 4.23157 1.33176 
4.16155 4.08408 4.0071 
4.16155 4.71526 2.55167 
3.34439 1.37366 4.60976 
3.34439 4.23157 2.55121 
3.34439 4.08408 2.55148 
3.34439 4.71526 3.67656 
4.23157 4.71526 1.22236 
4.99797 4.78096 4.45378 
4.99797 1.36038 4.74505 
1.25303 4.78096 4.58159 
1.25303 2.58489 1.35059 
1.25303 4.47635 3.87735 
1.25303 3.51621 2.51825 
1.25303 4.26896 3.35174 
1.25303 3.67607 2.44283 
1.25303 1.36038 2.54803 
1.25303 2.58673 3.76675 
1.25303 4.13639 3.30428 
4.78096 3.67607 4.6419 
2.58489 4.47635 3.32977 
2.58489 3.51621 1.55663 
2.58489 4.26896 2.50461 
2.58489 3.67607 1.36335 
2.58489 1.36038 3.85461 
2.58489 4.13639 2.48083 
4.47635 3.51621 2.58073 
4.47635 4.26896 3.68231 
4.47635 3.67607 4.17601 
4.47635 4.13639 1.27266 
3.86801 1.36038 2.51481 
3.86801 2.58673 1.2859 
3.51621 4.26896 1.35209 
3.51621 3.67607 2.39347 
3.51621 1.36038 4.74746 
3.51621 4.13639 1.38914 
4.26896 3.67607 3.0426 
4.26896 4.13639 2.44767 
3.67607 1.36038 4.90163 
3.67607 4.13639 3.27458 
1.36038 2.58673 1.24532 
4.45378 3.79105 4.864 
4.45378 4.58419 1.31485 
3.79105 4.74505 4.10621 
1.30965 4.87753 3.66413 
1.30965 2.56304 3.84174 
1.30965 4.5938 4.37158 
1.30965 3.72857 2.46785 
1.30965 1.25371 2.56098 
1.30965 4.7552 4.66945 
1.30965 4.71329 4.30007 
4.87753 3.72857 1.25885 
2.56304 4.85446 2.51637 
2.56304 1.25371 1.35017 
2.56304 3.76672 1.26309 
4.5938 4.7552 1.34365 
4.5938 4.91975 3.75785 
4.5938 4.71329 1.27266 
3.72857 1.25371 4.94233 
3.72857 4.71329 4.92944 
4.85446 1.25371 3.73704 
4.85446 3.76672 1.33868 
1.25371 3.76672 2.5633 
1.25371 4.91975 4.89236 
4.7552 4.91975 2.58613 
4.7552 4.71329 2.59571 
4.91975 4.71329 4.96518 
3.83957 3.9268 4.58489 
3.83957 4.41079 4.98309 
3.83957 1.30992 2.59248 
3.83957 3.90453 4.53489 
3.83957 2.53007 1.32592 
3.9268 4.41079 2.53324 
3.9268 1.30992 4.06989 
3.9268 1.31747 4.31448 
3.9268 3.90453 1.28739 
3.9268 2.53007 4.11209 
3.9268 2.71417 4.95896 
3.9268 4.0636 2.63513 
3.9268 4.86241 3.93467 
3.9268 3.78106 1.31765 
4.41079 1.30992 4.52539 
4.41079 1.31747 4.53391 
4.41079 3.90453 1.25278 
4.41079 2.53007 4.59557 
4.41079 2.71417 4.99028 
4.41079 4.0636 4.9647 
4.41079 3.78106 3.69727 
1.30992 1.31747 2.58929 
1.30992 3.90453 4.0266 
1.30992 2.53007 1.27027 
1.30992 2.71417 3.98643 
1.30992 4.65234 4.62876 
1.30992 4.40342 4.21102 
1.30992 4.86143 4.5685 
1.30992 4.0636 4.5229 
1.30992 3.78106 4.12394 
1.31747 3.90453 4.1807 
1.31747 2.53007 3.79909 
1.31747 2.71417 1.40284 
1.31747 4.65234 4.77109 
1.31747 3.88388 2.59243 
1.31747 4.40342 4.9194 
1.31747 4.0636 4.34224 
1.31747 4.86241 4.94544 
1.31747 3.78106 4.10931 
3.90453 2.53007 4.08471 
3.90453 2.71417 4.77082 
3.90453 4.0636 3.77538 
3.90453 3.78106 2.48261 
2.53007 4.40342 4.83284 
2.53007 4.0636 4.88707 
2.53007 3.78106 4.3625 
2.71417 3.88388 1.24151 
2.71417 4.0636 4.85826 
2.71417 3.78106 4.69634 
4.65234 4.40342 2.75396 
4.65234 4.86143 4.04903 
4.40342 4.86143 1.30284 
4.0636 4.86241 1.35982 
4.0636 3.78106 1.32124 
4.86241 3.78106 2.62251 
4.58159 2.44283 4.6419 
1.35059 3.87735 3.32977 
1.35059 2.51825 1.55663 
1.35059 4.9933 3.92637 
1.35059 3.35174 2.50461 
1.35059 2.44283 1.36335 
1.35059 4.24144 3.49504 
1.35059 4.67741 4.43662 
1.35059 2.54803 3.85461 
1.35059 4.84207 4.43447 
1.35059 3.30428 2.48083 
3.87735 2.51825 2.58073 
3.87735 3.35174 3.68231 
3.87735 2.44283 4.17601 
3.87735 4.24144 4.86193 
3.87735 4.67741 2.27403 
3.87735 4.84207 1.34365 
3.87735 3.30428 1.27266 
2.51825 4.9933 4.47443 
2.51825 3.35174 1.35209 
2.51825 2.44283 2.39347 
2.51825 4.24144 2.56565 
2.51825 4.67741 4.39721 
2.51825 2.54803 4.74746 
2.51825 4.84207 3.89627 
2.51825 3.30428 1.38914 
4.9933 3.35174 4.63838 
4.9933 2.44283 2.59535 
4.9933 4.24144 4.93696 
3.35174 2.44283 3.0426 
3.35174 4.24144 1.22513 
3.35174 3.30428 2.44767 
2.44283 4.24144 3.80879 
2.44283 2.54803 4.90163 
2.44283 3.30428 3.27458 
4.24144 3.30428 3.63572 
4.67741 4.84207 1.42815 
4.67741 3.30428 3.33436 
2.54803 3.76675 1.24532 
4.84207 3.30428 2.59571 
2.55405 3.57395 1.53815 
2.55405 1.32592 3.8696 
2.55405 3.3249 1.33176 
2.55405 1.24445 1.35383 
2.55405 4.26863 2.55167 
4.58489 4.98309 2.53324 
4.58489 2.59248 4.06989 
4.58489 4.53489 1.28739 
4.58489 1.32592 4.11209 
3.57395 1.32592 4.81536 
3.57395 3.3249 2.55121 
3.57395 1.24445 2.48928 
3.57395 4.26863 3.67656 
4.98309 2.59248 4.52539 
4.98309 4.53489 1.25278 
4.98309 1.32592 4.59557 
2.59248 4.53489 4.0266 
2.59248 1.32592 1.27027 
2.59248 1.24445 3.78702 
4.53489 1.32592 4.08471 
1.32592 3.3249 4.58742 
1.32592 1.24445 2.53181 
3.3249 1.24445 2.27746 
3.3249 4.26863 1.22236 
1.24445 4.26863 3.35752 
1.53815 3.8696 4.81536 
1.53815 3.79785 4.92118 
1.53815 1.33176 2.55121 
1.53815 4.0071 2.55148 
1.53815 1.35383 2.48928 
1.53815 2.55167 3.67656 
3.8696 1.33176 4.58742 
3.8696 1.35383 2.53181 
3.79785 1.33176 2.4716 
3.79785 1.35383 4.48102 
3.79785 2.55167 1.26797 
1.33176 1.35383 2.27746 
1.33176 2.55167 1.22236 
4.0071 1.35383 4.52563 
1.35383 2.55167 3.35752 
3.66413 4.81441 1.25278 
3.66413 2.46785 1.25885 
4.81441 2.46785 2.4967 
3.84174 2.56098 1.35017 
4.37158 4.66945 1.34365 
4.37158 4.30007 1.27266 
2.46785 2.56098 4.94233 
2.46785 4.30007 4.92944 
4.66945 4.30007 2.59571 
2.53324 4.06989 4.52539 
2.53324 4.31448 4.53391 
2.53324 1.28739 1.25278 
2.53324 4.11209 4.59557 
2.53324 3.75659 1.25885 
2.53324 4.95896 4.99028 
2.53324 2.63513 4.9647 
2.53324 1.31765 3.69727 
4.06989 4.31448 2.58929 
4.06989 1.28739 4.0266 
4.06989 4.11209 1.27027 
4.06989 4.95896 3.98643 
4.06989 2.63513 4.5229 
4.06989 1.31765 4.12394 
4.31448 1.28739 4.1807 
4.31448 4.11209 3.79909 
4.31448 4.95896 1.40284 
4.31448 2.63513 4.34224 
4.31448 3.93467 4.94544 
4.31448 1.31765 4.10931 
1.28739 4.11209 4.08471 
1.28739 3.75659 2.4967 
1.28739 4.95896 4.77082 
1.28739 2.63513 3.77538 
1.28739 1.31765 2.48261 
4.11209 2.63513 4.88707 
4.11209 1.31765 4.3625 
3.75659 1.31765 4.91903 
4.95896 2.63513 4.85826 
4.95896 1.31765 4.69634 
2.63513 3.93467 1.35982 
2.63513 1.31765 1.32124 
3.93467 1.31765 2.62251 
3.32977 1.55663 2.58073 
3.32977 2.50461 3.68231 
3.32977 1.36335 4.17601 
3.32977 3.49504 4.86193 
3.32977 4.43662 2.27403 
3.32977 4.86166 3.36057 
3.32977 4.43447 1.34365 
3.32977 2.48083 1.27266 
1.55663 3.92637 4.47443 
1.55663 2.50461 1.35209 
1.55663 1.36335 2.39347 
1.55663 3.49504 2.56565 
1.55663 4.43662 4.39721 
1.55663 3.85461 4.74746 
1.55663 4.43447 3.89627 
1.55663 2.48083 1.38914 
3.92637 2.50461 4.63838 
3.92637 1.36335 2.59535 
3.92637 3.49504 4.93696 
2.50461 1.36335 3.0426 
2.50461 3.49504 1.22513 
2.50461 2.48083 2.44767 
1.36335 3.49504 3.80879 
1.36335 3.85461 4.90163 
1.36335 2.48083 3.27458 
3.49504 2.48083 3.63572 
4.43662 4.86166 1.20457 
4.43662 4.43447 1.42815 
4.43662 2.48083 3.33436 
4.86166 4.43447 2.61478 
4.86166 2.48083 4.25823 
4.43447 2.48083 2.59571 
4.81536 2.55121 4.58742 
4.81536 2.48928 2.53181 
4.92118 2.55121 2.4716 
4.92118 2.48928 4.48102 
4.92118 3.67656 1.26797 
3.76753 2.55148 1.22513 
2.55121 2.48928 2.27746 
2.55121 3.67656 1.22236 
2.55148 2.48928 4.52563 
2.48928 3.67656 3.35752 
4.52539 4.53391 2.58929 
4.52539 1.25278 4.0266 
4.52539 4.59557 1.27027 
4.52539 4.99028 3.98643 
4.52539 4.9647 4.5229 
4.52539 3.69727 4.12394 
4.53391 1.25278 4.1807 
4.53391 4.59557 3.79909 
4.53391 4.99028 1.40284 
4.53391 4.9647 4.34224 
4.53391 3.69727 4.10931 
1.25278 4.59557 4.08471 
1.25278 1.25885 2.4967 
1.25278 4.99028 4.77082 
1.25278 4.9647 3.77538 
1.25278 3.69727 2.48261 
4.59557 4.9647 4.88707 
4.59557 3.69727 4.3625 
1.25885 3.69727 4.91903 
4.99028 4.9647 4.85826 
4.99028 3.69727 4.69634 
4.9647 3.69727 1.32124 
2.58929 4.0266 4.1807 
2.58929 1.27027 3.79909 
2.58929 3.98643 1.40284 
2.58929 4.62876 4.77109 
2.58929 4.21102 4.9194 
2.58929 4.5229 4.34224 
2.58929 4.12394 4.10931 
4.0266 1.27027 4.08471 
4.0266 3.98643 4.77082 
4.0266 4.5229 3.77538 
4.0266 4.12394 2.48261 
1.27027 4.21102 4.83284 
1.27027 3.78702 2.53181 
1.27027 4.5229 4.88707 
1.27027 4.12394 4.3625 
3.98643 4.5229 4.85826 
3.98643 4.12394 4.69634 
4.62876 4.21102 2.75396 
4.62876 4.5685 4.04903 
4.21102 4.5685 1.30284 
4.5229 4.12394 1.32124 
4.1807 3.79909 4.08471 
4.1807 1.40284 4.77082 
4.1807 4.34224 3.77538 
4.1807 4.10931 2.48261 
3.79909 4.9194 4.83284 
3.79909 4.34224 4.88707 
3.79909 4.10931 4.3625 
1.40284 2.59243 1.24151 
1.40284 4.34224 4.85826 
1.40284 4.10931 4.69634 
4.77109 4.9194 2.75396 
4.34224 4.94544 1.35982 
4.34224 4.10931 1.32124 
4.94544 4.10931 2.62251 
4.08471 3.77538 4.88707 
4.08471 2.48261 4.3625 
2.4967 2.48261 4.91903 
4.77082 3.77538 4.85826 
4.77082 2.48261 4.69634 
3.77538 2.48261 1.32124 
2.51637 1.35017 3.73704 
2.51637 1.26309 1.33868 
2.51637 3.74999 1.25772 
1.35017 1.26309 2.5633 
1.35017 3.74999 4.90906 
1.26309 3.74999 2.58763 
4.58742 2.53181 2.27746 
4.88707 4.3625 1.32124 
2.58073 3.68231 1.35209 
2.58073 4.17601 2.39347 
2.58073 4.86193 2.56565 
2.58073 2.27403 4.39721 
2.58073 1.34365 3.89627 
2.58073 1.27266 1.38914 
4.55066 2.27403 2.55759 
4.55066 3.36057 1.37854 
4.55066 1.34365 3.96452 
3.68231 4.17601 3.0426 
3.68231 4.86193 1.22513 
3.68231 1.27266 2.44767 
4.17601 4.86193 3.80879 
4.17601 1.27266 3.27458 
4.86193 1.27266 3.63572 
2.27403 3.36057 1.20457 
2.27403 1.34365 1.42815 
2.27403 3.75785 3.25879 
2.27403 1.27266 3.33436 
3.36057 1.34365 2.61478 
3.36057 3.75785 4.08502 
3.36057 1.27266 4.25823 
1.34365 3.75785 2.58613 
1.34365 1.27266 2.59571 
3.75785 1.27266 4.96518 
3.37326 3.62351 1.36659 
3.37326 1.31212 4.05285 
3.37326 4.19533 2.5805 
3.37326 2.57318 4.88101 
3.37326 2.51481 4.10621 
3.37326 1.2859 3.6807 
3.62351 1.31212 4.04046 
3.62351 4.19533 1.21595 
3.62351 2.57318 4.57054 
3.62351 2.51481 4.84282 
3.62351 1.2859 4.22276 
1.31212 3.83934 2.60552 
1.31212 4.19533 4.39409 
1.31212 2.57318 1.30682 
1.31212 2.51481 3.76287 
1.31212 1.2859 2.5188 
3.83934 2.57318 1.30284 
4.19533 2.57318 4.63308 
4.19533 1.2859 4.93782 
2.57318 1.2859 3.78994 
2.51481 1.2859 1.24532 
3.86584 1.36659 2.50063 
3.86584 4.05285 4.98521 
3.86584 2.5805 1.30041 
3.86584 4.88101 4.90177 
1.36659 4.05285 4.04046 
1.36659 2.5805 1.21595 
1.36659 4.88101 4.57054 
1.36659 4.10621 4.84282 
1.36659 3.6807 4.22276 
4.05285 2.5805 4.39409 
4.05285 4.88101 1.30682 
4.05285 4.10621 3.76287 
4.05285 3.6807 2.5188 
2.5805 4.88101 4.63308 
2.5805 3.6807 4.93782 
4.88101 3.6807 3.78994 
4.10621 3.6807 1.24532 
2.50063 4.98521 4.04046 
2.50063 1.30041 1.21595 
2.50063 4.90177 4.57054 
2.50063 2.4716 4.9231 
2.50063 1.26797 3.73546 
4.98521 1.30041 4.39409 
4.98521 4.90177 1.30682 
1.30041 4.90177 4.63308 
1.30041 2.4716 3.74216 
1.30041 1.26797 2.53758 
2.4716 4.48102 2.27746 
2.4716 1.26797 1.22236 
4.48102 1.26797 3.35752 
4.04046 1.21595 4.39409 
4.04046 4.57054 1.30682 
4.04046 4.84282 3.76287 
4.04046 4.22276 2.5188 
1.21595 4.57054 4.63308 
1.21595 4.9231 3.74216 
1.21595 3.73546 2.53758 
1.21595 4.22276 4.93782 
4.57054 4.22276 3.78994 
4.9231 3.73546 1.22236 
4.84282 4.22276 1.24532 
1.24151 3.79901 2.59535 
4.85826 4.69634 1.32124 
2.75396 4.04903 1.30284 
2.60552 1.30682 1.30284 
4.39409 1.30682 4.63308 
4.39409 2.5188 4.93782 
1.30682 2.5188 3.78994 
3.76287 2.5188 1.24532 
3.73704 1.33868 2.5633 
3.73704 1.25772 4.90906 
1.33868 1.25772 2.58763 
1.33868 2.59932 3.92673 
1.25772 3.74289 2.55759 
1.25772 2.59932 1.37854 
3.74289 2.59932 1.20457 
2.5633 4.90906 2.58763 
4.47443 1.35209 4.63838 
4.47443 2.39347 2.59535 
4.47443 2.56565 4.93696 
1.35209 2.39347 3.0426 
1.35209 2.56565 1.22513 
1.35209 1.38914 2.44767 
2.39347 2.56565 3.80879 
2.39347 4.74746 4.90163 
2.39347 1.38914 3.27458 
2.56565 1.38914 3.63572 
4.39721 3.89627 1.42815 
4.39721 1.38914 3.33436 
3.89627 1.38914 2.59571 
4.63838 2.59535 3.0426 
4.63838 4.93696 1.22513 
2.59535 4.93696 3.80879 
4.63308 4.93782 3.78994 
3.74216 2.53758 1.22236 
2.58763 3.92673 1.37854 
2.55759 1.37854 1.20457 
2.55759 3.96452 1.42815 
1.37854 3.96452 2.61478 
3.0426 1.22513 3.80879 
3.0426 2.44767 3.27458 
1.22513 2.44767 3.63572 
3.80879 3.27458 3.63572 
2.27746 1.22236 3.35752 
4.41493 1.42815 3.86048 
4.41493 3.25879 1.35982 
1.20457 1.42815 2.61478 
1.20457 3.25879 4.08502 
1.20457 3.33436 4.25823 
1.42815 3.25879 2.58613 
1.42815 3.33436 2.59571 
3.25879 3.33436 4.96518 
3.86048 1.35982 2.58613 
1.35982 1.32124 2.62251 
2.61478 4.08502 2.58613 
2.61478 4.25823 2.59571 
4.08502 4.25823 4.96518 
2.58613 2.59571 4.96518 
