1.31023 1.36569 1.87771 
1.31023 3.80113 4.34543 
1.31023 2.5706 1.31112 
1.31023 3.2549 3.96234 
1.31023 2.55469 2.48706 
1.31023 3.25678 3.96128 
1.31023 2.56195 1.80523 
1.31023 3.71358 4.50033 
1.36569 2.5706 2.67056 
1.36569 3.2549 4.51746 
1.36569 2.55469 1.31695 
1.36569 3.25678 4.53339 
1.36569 2.56195 1.92759 
1.36569 3.71358 4.7716 
3.80113 3.2549 2.5088 
3.80113 3.25678 1.21355 
3.80113 4.55669 1.39027 
3.80113 3.71358 3.82291 
2.5706 2.55469 2.62882 
2.5706 2.56195 1.38655 
3.2549 3.25678 1.32162 
3.2549 4.48002 2.69945 
3.2549 4.55669 3.87932 
3.2549 3.71358 1.35646 
2.55469 2.56195 1.34649 
3.25678 4.48002 3.91481 
3.25678 4.55669 2.5623 
3.25678 3.71358 2.61372 
4.48002 3.71358 1.34721 
4.78118 4.6484 2.54897 
4.78118 3.96323 3.57451 
4.78118 2.56371 3.55459 
4.78118 4.59271 1.22653 
4.78118 1.27376 3.99953 
4.8742 2.63372 2.59053 
4.8742 1.2654 3.63766 
4.8742 3.37257 3.31661 
4.8742 3.75581 1.20027 
4.8742 4.50196 4.01558 
2.63372 1.2654 1.41104 
2.63372 3.37257 1.35498 
2.63372 1.27376 3.89506 
2.63372 3.75581 1.41831 
2.63372 4.50196 2.5668 
4.6484 3.96323 1.56461 
4.6484 2.56371 2.46673 
4.6484 4.59271 1.37327 
4.6484 1.27376 3.52107 
1.2654 2.56371 3.79216 
1.2654 3.37257 2.40098 
1.2654 1.27376 2.51564 
1.2654 3.75581 2.50455 
1.2654 4.50196 3.63024 
3.96323 2.56371 1.44529 
3.96323 4.59271 2.62144 
3.96323 1.27376 2.72069 
2.56371 4.59271 2.93215 
2.56371 1.27376 1.29638 
4.59271 1.27376 3.6431 
3.37257 1.27376 4.59482 
3.37257 3.75581 2.33847 
3.37257 4.50196 1.27033 
1.27376 3.75581 4.95739 
3.75581 4.50196 3.25312 
1.30191 2.52915 3.80691 
1.30191 4.1021 4.30672 
1.30191 1.32794 2.57593 
1.30191 3.93566 4.31885 
1.30191 4.5658 4.32741 
1.30191 2.62438 1.35326 
1.30191 3.85482 2.60391 
1.30191 3.98794 4.04016 
1.30191 4.05943 3.8739 
1.30191 4.65742 4.13956 
2.52915 4.1021 4.64294 
2.52915 1.32794 1.24098 
2.52915 3.93566 4.12709 
2.52915 4.82203 4.73155 
2.52915 4.74788 4.77934 
2.52915 4.52891 4.01646 
2.52915 3.81142 1.37842 
2.52915 3.98794 4.66238 
4.1021 1.32794 4.17989 
4.1021 4.82203 1.24196 
4.1021 2.62438 4.99917 
4.1021 4.05943 1.31908 
4.1021 4.65742 2.56991 
1.32794 3.93566 3.70861 
1.32794 4.82203 4.56719 
1.32794 4.74788 4.79467 
1.32794 4.52891 3.98699 
1.32794 4.5658 4.73746 
1.32794 2.62438 3.92437 
1.32794 3.81142 2.58168 
1.32794 3.98794 3.99898 
1.32794 4.05943 4.53921 
3.93566 4.52891 1.32162 
3.93566 4.5658 2.69945 
3.93566 3.98794 1.35646 
4.82203 3.81142 4.93751 
4.82203 4.05943 2.52682 
4.82203 4.65742 3.73503 
4.74788 3.81142 4.73551 
4.52891 4.5658 3.91481 
4.52891 3.81142 4.84662 
4.52891 3.98794 2.61372 
4.5658 2.62438 4.7729 
4.5658 3.98794 1.34721 
2.62438 3.85482 1.2631 
2.62438 3.98794 4.71 
2.62438 4.05943 4.23034 
2.62438 4.65742 4.07923 
3.85482 4.05943 4.71073 
3.85482 4.65742 4.21126 
4.05943 4.65742 1.26798 
4.3104 1.31131 4.66668 
4.3104 4.82135 1.30185 
4.3104 1.32199 4.05801 
4.3104 4.55771 1.22653 
4.3104 2.54274 4.6132 
2.68093 3.88865 1.24098 
2.68093 1.31131 1.37842 
2.68093 1.32199 3.96645 
2.68093 4.55771 4.96301 
3.88865 1.31131 2.58168 
3.73882 1.31131 4.42879 
3.73882 3.804 4.24652 
3.73882 1.32199 3.66091 
3.73882 4.2448 1.26312 
3.73882 2.54274 3.60611 
3.73882 4.74121 2.59871 
3.73882 4.13899 1.33437 
1.31131 1.32199 2.61386 
1.31131 4.55771 4.56366 
1.31131 2.54274 3.84848 
1.31131 4.74121 4.86783 
1.31131 4.13899 4.52585 
3.804 4.82135 4.74162 
3.804 1.32199 2.50576 
3.804 4.2448 3.53929 
3.804 2.54274 1.26481 
4.82135 1.32199 4.25238 
4.82135 4.55771 2.46607 
4.82135 2.54274 4.48218 
1.32199 4.2448 3.75589 
1.32199 4.55771 4.64464 
1.32199 2.54274 1.26134 
1.32199 4.13899 4.40741 
4.2448 2.54274 3.26853 
4.2448 4.74121 3.6658 
4.2448 4.13899 2.45209 
2.54274 4.13899 4.58801 
4.74121 4.13899 1.27033 
4.66217 3.52127 1.24196 
4.66217 2.54897 2.69055 
4.66217 3.57451 3.64961 
4.66217 3.55459 4.86595 
4.66217 1.22653 3.5475 
4.66217 4.80195 4.02156 
3.52127 2.54897 1.46448 
3.52127 4.66668 4.93751 
3.52127 3.57451 2.63552 
3.52127 1.30185 4.65376 
3.52127 3.55459 3.77937 
3.52127 1.22653 2.36384 
3.52127 3.99953 4.83377 
3.52127 4.80195 3.30147 
2.54897 2.50531 4.63155 
2.54897 3.57451 1.56461 
2.54897 1.30185 3.67968 
2.54897 3.55459 2.46673 
2.54897 1.22653 1.37327 
2.54897 3.99953 3.52107 
2.54897 4.80195 2.69037 
3.87157 2.50531 1.38275 
3.87157 1.30185 2.64498 
3.87157 1.22653 4.88408 
2.50531 1.30185 1.26249 
2.50531 1.22653 3.57443 
4.66668 4.05801 2.61386 
4.66668 1.22653 4.56366 
4.66668 4.6132 3.84848 
3.57451 1.30185 4.52881 
3.57451 3.55459 1.44529 
3.57451 1.22653 2.62144 
3.57451 3.99953 2.72069 
3.57451 4.80195 1.46434 
1.30185 4.05801 4.25238 
1.30185 3.55459 4.38964 
1.30185 1.22653 2.46607 
1.30185 4.6132 4.48218 
1.30185 3.99953 4.72107 
4.05801 1.22653 4.64464 
4.05801 4.6132 1.26134 
3.55459 1.22653 2.93215 
3.55459 3.99953 1.29638 
3.55459 4.80195 2.55458 
1.22653 3.99953 3.6431 
1.22653 4.80195 3.87684 
3.99953 4.80195 3.78172 
1.87771 1.31112 2.67056 
1.87771 3.96234 4.51746 
1.87771 2.48706 1.31695 
1.87771 3.96128 4.53339 
1.87771 1.80523 1.92759 
1.87771 4.50033 4.7716 
4.27074 1.31112 3.48693 
4.27074 4.91378 2.55196 
4.27074 1.80523 4.02522 
4.27074 4.68448 1.33194 
4.27074 4.73298 1.32873 
4.34543 3.96234 2.5088 
4.34543 3.96128 1.21355 
4.34543 4.50033 3.82291 
1.31112 2.48706 2.62882 
1.31112 4.91378 3.66627 
1.31112 1.80523 1.38655 
1.31112 4.68448 3.61319 
1.31112 4.73298 4.24703 
3.96234 3.96128 1.32162 
3.96234 4.50033 1.35646 
2.48706 1.80523 1.34649 
3.96128 4.50033 2.61372 
4.91378 1.80523 4.00827 
4.91378 4.68448 1.45451 
4.91378 4.73298 3.73111 
1.80523 4.68448 4.22952 
1.80523 4.73298 4.58227 
4.68448 4.73298 2.60178 
3.80691 4.30672 4.64294 
3.80691 2.57593 1.24098 
3.80691 4.31885 4.12709 
3.80691 4.04016 4.66238 
4.30672 2.57593 4.17989 
4.30672 4.45184 3.94504 
4.30672 1.35326 4.99917 
4.30672 3.8739 1.31908 
4.30672 4.13956 2.56991 
2.57593 4.31885 3.70861 
2.57593 4.32741 4.73746 
2.57593 1.35326 3.92437 
2.57593 4.04016 3.99898 
2.57593 3.8739 4.53921 
4.31885 4.32741 2.69945 
4.31885 4.04016 1.35646 
4.31885 4.9263 3.88958 
4.32741 1.35326 4.7729 
4.32741 4.04016 1.34721 
4.32741 4.9263 1.26471 
4.45184 1.35326 3.94838 
4.45184 2.60391 3.65781 
4.45184 4.91039 1.30663 
4.45184 3.87043 4.23383 
4.45184 3.8739 2.63019 
4.45184 4.13956 1.39882 
1.35326 2.60391 1.2631 
1.35326 4.91039 4.06337 
1.35326 4.04016 4.71 
1.35326 3.87043 2.51747 
1.35326 3.8739 4.23034 
1.35326 4.13956 4.07923 
2.60391 4.91039 3.37049 
2.60391 3.87043 1.30928 
2.60391 3.8739 4.71073 
2.60391 4.13956 4.21126 
4.91039 3.87043 3.53929 
4.91039 3.8739 3.89589 
4.91039 4.13956 2.69099 
4.04016 4.9263 2.56375 
3.8739 4.13956 1.26798 
2.67056 1.31695 2.62882 
2.67056 1.92759 1.38655 
4.51746 4.53339 1.32162 
4.51746 4.7716 1.35646 
1.31695 1.92759 1.34649 
4.53339 4.7716 2.61372 
4.15574 1.24098 4.42496 
4.15574 4.12709 2.5088 
4.15574 4.01646 1.21355 
4.15574 4.90301 1.39027 
4.15574 1.37842 4.69125 
4.15574 4.66238 3.82291 
4.64294 1.24098 4.17989 
4.64294 4.73155 1.24196 
4.64294 4.96301 3.5475 
1.24098 4.12709 3.70861 
1.24098 4.73155 4.56719 
1.24098 4.77934 4.79467 
1.24098 4.01646 3.98699 
1.24098 1.37842 2.58168 
1.24098 4.66238 3.99898 
4.12709 4.01646 1.32162 
4.12709 4.90301 3.87932 
4.12709 4.66238 1.35646 
4.73155 1.37842 4.93751 
4.73155 4.96301 2.36384 
4.77934 1.37842 4.73551 
4.01646 4.90301 2.5623 
4.01646 1.37842 4.84662 
4.01646 4.66238 2.61372 
1.37842 3.96645 2.61386 
1.37842 4.96301 4.56366 
3.96645 4.96301 4.64464 
3.48693 2.55196 3.66627 
3.48693 4.02522 1.38655 
3.48693 2.37377 4.69417 
3.48693 1.33194 3.61319 
3.48693 1.32873 4.24703 
3.48693 3.79794 3.98488 
4.91788 2.59328 2.50383 
4.91788 1.32873 3.83579 
4.91788 3.74547 1.32222 
2.55196 4.02522 4.00827 
2.55196 4.58758 4.61696 
2.55196 2.37377 2.34667 
2.55196 3.36039 3.41336 
2.55196 1.33194 1.45451 
2.55196 1.32873 3.73111 
2.55196 3.79794 1.30198 
4.02522 1.33194 4.22952 
4.02522 1.32873 4.58227 
4.02522 3.79794 4.23221 
4.58758 2.37377 2.48221 
4.58758 3.36039 1.29397 
4.58758 1.33194 3.86374 
2.37377 2.59328 4.51431 
2.37377 3.36039 1.192 
2.37377 1.33194 1.43393 
2.37377 1.32873 3.46638 
2.37377 3.79794 3.28701 
2.59328 1.33194 3.87232 
2.59328 1.32873 1.3662 
2.59328 3.74547 1.23551 
3.36039 1.33194 2.57794 
3.36039 1.32873 4.34613 
3.36039 3.79794 4.14405 
1.33194 1.32873 2.60178 
1.33194 3.79794 2.68069 
1.32873 3.74547 2.59081 
1.32873 3.79794 4.99235 
4.42496 2.5088 3.70861 
4.42496 1.21355 3.98699 
4.42496 4.69125 2.58168 
4.42496 3.82291 3.99898 
2.5088 1.21355 1.32162 
2.5088 1.39027 3.87932 
2.5088 3.82291 1.35646 
1.21355 2.57739 3.75054 
1.21355 3.84523 4.97348 
1.21355 1.39027 2.5623 
1.21355 4.69125 4.84662 
1.21355 3.82291 2.61372 
4.9246 2.57739 2.50717 
4.9246 3.84523 1.21085 
4.9246 1.39027 3.58655 
4.9246 4.36556 4.73881 
4.9246 4.47811 4.45559 
2.57739 3.84523 1.32456 
2.57739 1.39027 1.22094 
2.57739 4.36556 3.25241 
2.57739 4.47811 3.2548 
3.84523 1.39027 2.48092 
3.84523 4.36556 3.77474 
3.84523 4.47811 3.62328 
1.39027 4.36556 3.59329 
1.39027 4.47811 3.58788 
4.69125 4.36556 4.86783 
4.69125 4.47811 4.52585 
4.36556 4.47811 1.27033 
2.62882 1.38655 1.34649 
3.66627 1.38655 4.00827 
3.66627 4.87794 2.76006 
3.66627 4.93719 3.76051 
3.66627 4.69417 2.34667 
3.66627 3.61319 1.45451 
3.66627 4.24703 3.73111 
3.66627 3.98488 1.30198 
1.38655 4.87794 4.98881 
1.38655 4.93719 4.76546 
1.38655 3.61319 4.22952 
1.38655 4.24703 4.58227 
1.38655 3.98488 4.23221 
4.87794 4.93719 1.44529 
4.87794 4.69417 4.58185 
4.87794 3.61319 4.13392 
4.87794 3.98488 1.46434 
4.93719 3.98488 2.55458 
4.69417 3.61319 1.43393 
4.69417 4.24703 3.46638 
4.69417 3.98488 3.28701 
3.61319 4.24703 2.60178 
3.61319 3.98488 2.68069 
4.24703 3.98488 4.99235 
4.17989 1.24196 4.56719 
4.17989 4.99917 3.92437 
4.17989 1.31908 4.53921 
1.24196 2.69055 1.46448 
1.24196 4.65363 4.20296 
1.24196 3.64961 2.63552 
1.24196 4.86595 3.77937 
1.24196 3.5475 2.36384 
1.24196 1.31908 2.52682 
1.24196 2.56991 3.73503 
1.24196 4.02156 3.30147 
2.69055 4.65363 3.87924 
2.69055 3.64961 1.56461 
2.69055 4.86595 2.46673 
2.69055 3.5475 1.37327 
2.69055 1.31908 3.9322 
2.69055 4.02156 2.69037 
4.65363 3.64961 2.76006 
4.65363 4.86595 3.76051 
4.65363 4.02156 1.30198 
3.94504 4.99917 3.94838 
3.94504 1.31908 2.63019 
3.94504 2.56991 1.39882 
4.99917 1.31908 4.23034 
4.99917 2.56991 4.07923 
3.64961 4.86595 1.44529 
3.64961 3.5475 2.62144 
3.64961 1.31908 4.65759 
3.64961 4.02156 1.46434 
4.86595 3.5475 2.93215 
4.86595 4.02156 2.55458 
3.5475 1.31908 4.86319 
3.5475 4.02156 3.87684 
1.31908 2.56991 1.26798 
1.31908 4.02156 4.72255 
3.70861 3.98699 1.32162 
3.70861 4.73746 2.69945 
3.70861 3.99898 1.35646 
4.56719 2.58168 4.93751 
4.56719 4.53921 2.52682 
4.79467 2.58168 4.73551 
3.98699 4.73746 3.91481 
3.98699 2.58168 4.84662 
3.98699 3.99898 2.61372 
4.73746 3.92437 4.7729 
4.73746 3.99898 1.34721 
3.92437 3.99898 4.71 
3.92437 4.53921 4.23034 
1.32162 2.69945 3.91481 
1.32162 3.87932 2.5623 
1.32162 1.35646 2.61372 
2.69945 1.35646 1.34721 
2.69945 3.88958 1.26471 
1.35646 3.88958 2.56375 
3.83941 1.35487 2.53692 
3.83941 2.59512 1.32146 
3.83941 4.89557 1.20027 
1.35487 1.30021 2.61558 
1.35487 2.59512 1.27921 
1.35487 2.67658 3.95737 
1.35487 4.66739 4.77867 
1.35487 4.89557 3.59039 
1.35487 4.57852 4.82897 
1.30021 2.59512 3.87252 
1.30021 2.67658 1.38275 
1.30021 3.93788 2.64498 
2.59512 4.89557 2.45477 
2.67658 3.93788 1.26249 
4.66739 4.83602 2.48221 
4.66739 4.57852 1.29397 
4.83602 4.57852 1.192 
1.46448 4.20296 3.87924 
1.46448 2.63552 1.56461 
1.46448 4.65376 3.67968 
1.46448 3.77937 2.46673 
1.46448 2.36384 1.37327 
1.46448 4.83377 3.52107 
1.46448 2.52682 3.9322 
1.46448 3.30147 2.69037 
4.20296 2.63552 2.76006 
4.20296 3.77937 3.76051 
4.20296 4.83377 4.90881 
4.20296 3.30147 1.30198 
4.93751 2.36384 4.56366 
2.63552 4.65376 4.52881 
2.63552 3.77937 1.44529 
2.63552 2.36384 2.62144 
2.63552 4.83377 2.72069 
2.63552 2.52682 4.65759 
2.63552 3.30147 1.46434 
4.65376 3.77937 4.38964 
4.65376 2.36384 2.46607 
4.65376 4.83377 4.72107 
3.77937 2.36384 2.93215 
3.77937 4.83377 1.29638 
3.77937 3.30147 2.55458 
2.36384 4.83377 3.6431 
2.36384 2.52682 4.86319 
2.36384 3.30147 3.87684 
4.83377 3.30147 3.78172 
2.52682 3.73503 1.26798 
2.52682 3.30147 4.72255 
2.59053 3.63766 1.41104 
2.59053 3.91096 3.83098 
2.59053 2.53692 4.891 
2.59053 3.59652 4.26131 
2.59053 1.32146 3.83392 
2.59053 4.90113 4.29131 
2.59053 3.31661 1.35498 
2.59053 1.20027 1.41831 
2.59053 4.01558 2.5668 
4.04496 3.91096 2.50717 
4.04496 2.53692 4.92196 
4.04496 3.59652 1.21085 
4.04496 1.32146 4.34656 
4.04496 4.90113 3.58655 
4.04496 3.31661 4.73881 
4.04496 1.20027 4.56393 
4.04496 4.01558 4.45559 
4.04496 4.77071 1.32222 
3.63766 3.91096 4.88121 
3.63766 1.32146 4.71295 
3.63766 3.31661 2.40098 
3.63766 1.20027 2.50455 
3.63766 4.01558 3.63024 
3.91096 3.59652 1.32456 
3.91096 1.32146 4.65053 
3.91096 4.90113 1.22094 
3.91096 3.31661 3.25241 
3.91096 1.20027 3.83898 
3.91096 4.01558 3.2548 
3.91096 4.77071 3.79031 
2.53692 3.59652 4.8206 
2.53692 1.32146 1.27921 
2.53692 1.20027 3.59039 
3.59652 1.32146 4.14932 
3.59652 4.90113 2.48092 
3.59652 3.31661 3.77474 
3.59652 1.20027 3.86596 
3.59652 4.01558 3.62328 
3.59652 4.77071 2.51248 
1.32146 3.31661 4.61458 
1.32146 1.20027 2.45477 
1.32146 4.77071 4.76753 
4.90113 3.31661 3.59329 
4.90113 1.20027 4.63117 
4.90113 4.01558 3.58788 
4.90113 4.77071 4.83056 
3.31661 1.20027 2.33847 
3.31661 4.01558 1.27033 
1.20027 4.01558 3.25312 
1.41104 3.83098 4.88121 
1.41104 3.83392 4.71295 
1.41104 3.88166 4.90929 
1.41104 1.35498 2.40098 
1.41104 3.89506 2.51564 
1.41104 1.41831 2.50455 
1.41104 2.5668 3.63024 
3.83098 4.26131 1.32456 
3.83098 3.83392 4.65053 
3.83098 4.29131 1.22094 
3.83098 3.88166 3.87806 
3.83098 4.83953 4.94491 
3.83098 1.35498 3.25241 
3.83098 1.41831 3.83898 
3.83098 2.5668 3.2548 
4.891 4.26131 4.8206 
4.891 3.83392 1.27921 
4.891 1.41831 3.59039 
4.26131 3.83392 4.14932 
4.26131 4.29131 2.48092 
4.26131 3.88166 4.08598 
4.26131 4.83953 4.91954 
4.26131 1.35498 3.77474 
4.26131 1.41831 3.86596 
4.26131 2.5668 3.62328 
3.83392 1.35498 4.61458 
3.83392 1.41831 2.45477 
4.29131 3.88166 4.13088 
4.29131 1.35498 3.59329 
4.29131 1.41831 4.63117 
4.29131 2.5668 3.58788 
3.88166 4.83953 1.26312 
3.88166 1.35498 2.59871 
3.88166 1.41831 4.45721 
3.88166 2.5668 1.33437 
4.83953 1.35498 3.6658 
4.83953 2.5668 2.45209 
1.35498 3.89506 4.59482 
1.35498 1.41831 2.33847 
1.35498 2.5668 1.27033 
3.89506 1.41831 4.95739 
1.41831 2.5668 3.25312 
3.75054 4.97348 1.32456 
3.75054 2.5623 1.22094 
4.97348 2.5623 2.48092 
3.91481 2.61372 1.34721 
2.50717 1.21085 1.32456 
2.50717 4.34656 4.65053 
2.50717 3.58655 1.22094 
2.50717 4.71186 3.87806 
2.50717 4.73881 3.25241 
2.50717 4.56393 3.83898 
2.50717 4.45559 3.2548 
2.50717 2.50383 4.90784 
2.50717 1.32222 3.79031 
4.92196 1.21085 4.8206 
4.92196 4.34656 1.27921 
4.92196 4.56393 3.59039 
1.21085 4.34656 4.14932 
1.21085 3.58655 2.48092 
1.21085 4.71186 4.08598 
1.21085 4.73881 3.77474 
1.21085 4.56393 3.86596 
1.21085 4.45559 3.62328 
1.21085 2.50383 3.64103 
1.21085 3.83579 4.94357 
1.21085 1.32222 2.51248 
4.34656 4.73881 4.61458 
4.34656 4.56393 2.45477 
4.34656 1.32222 4.76753 
3.58655 4.71186 4.13088 
3.58655 4.73881 3.59329 
3.58655 4.56393 4.63117 
3.58655 4.45559 3.58788 
3.58655 1.32222 4.83056 
4.71186 4.73881 2.59871 
4.71186 4.56393 4.45721 
4.71186 4.45559 1.33437 
4.73881 4.56393 2.33847 
4.73881 4.45559 1.27033 
4.56393 4.45559 3.25312 
2.50383 3.83579 1.3662 
2.50383 1.32222 1.23551 
3.83579 1.32222 2.59081 
3.87924 1.56461 2.76006 
3.87924 2.46673 3.76051 
3.87924 3.52107 4.90881 
3.87924 2.69037 1.30198 
4.63155 3.67968 1.26249 
4.63155 1.37327 3.57443 
1.56461 3.67968 4.52881 
1.56461 2.46673 1.44529 
1.56461 1.37327 2.62144 
1.56461 3.52107 2.72069 
1.56461 3.9322 4.65759 
1.56461 2.69037 1.46434 
3.67968 2.46673 4.38964 
3.67968 1.37327 2.46607 
3.67968 3.52107 4.72107 
2.46673 1.37327 2.93215 
2.46673 3.52107 1.29638 
2.46673 2.69037 2.55458 
1.37327 3.52107 3.6431 
1.37327 3.9322 4.86319 
1.37327 2.69037 3.87684 
3.52107 2.69037 3.78172 
3.9322 2.69037 4.72255 
4.88121 4.71295 4.65053 
4.88121 4.90929 3.87806 
4.88121 2.40098 3.25241 
4.88121 2.50455 3.83898 
4.88121 3.63024 3.2548 
4.71295 2.40098 4.61458 
4.71295 2.50455 2.45477 
4.90929 2.40098 2.59871 
4.90929 2.50455 4.45721 
4.90929 3.63024 1.33437 
3.79216 2.51564 1.29638 
2.40098 2.51564 4.59482 
2.40098 2.50455 2.33847 
2.40098 3.63024 1.27033 
2.51564 2.50455 4.95739 
2.50455 3.63024 3.25312 
1.32456 4.65053 4.14932 
1.32456 1.22094 2.48092 
1.32456 3.87806 4.08598 
1.32456 4.94491 4.91954 
1.32456 3.25241 3.77474 
1.32456 3.83898 3.86596 
1.32456 3.2548 3.62328 
1.32456 4.90784 3.64103 
1.32456 3.79031 2.51248 
4.65053 3.25241 4.61458 
4.65053 3.83898 2.45477 
4.65053 3.79031 4.76753 
1.22094 3.87806 4.13088 
1.22094 3.25241 3.59329 
1.22094 3.83898 4.63117 
1.22094 3.2548 3.58788 
1.22094 3.79031 4.83056 
3.87806 4.94491 1.26312 
3.87806 3.25241 2.59871 
3.87806 3.83898 4.45721 
3.87806 3.2548 1.33437 
4.94491 3.25241 3.6658 
4.94491 3.2548 2.45209 
3.25241 3.83898 2.33847 
3.25241 3.2548 1.27033 
3.83898 3.2548 3.25312 
4.90784 3.79031 1.23551 
2.61558 1.27921 3.87252 
2.61558 3.95737 1.38275 
4.8206 1.27921 4.14932 
4.8206 3.59039 3.86596 
1.27921 3.59039 2.45477 
4.77867 4.82897 1.29397 
1.38275 2.64498 1.26249 
1.38275 4.88408 3.57443 
2.64498 4.88408 2.46607 
4.14932 3.77474 4.61458 
4.14932 3.86596 2.45477 
4.14932 2.51248 4.76753 
2.48092 4.08598 4.13088 
2.48092 3.77474 3.59329 
2.48092 3.86596 4.63117 
2.48092 3.62328 3.58788 
2.48092 2.51248 4.83056 
4.08598 4.91954 1.26312 
4.08598 3.77474 2.59871 
4.08598 3.86596 4.45721 
4.08598 3.62328 1.33437 
4.91954 3.77474 3.6658 
4.91954 3.62328 2.45209 
3.77474 3.86596 2.33847 
3.77474 3.62328 1.27033 
3.86596 3.62328 3.25312 
3.64103 4.94357 1.3662 
3.64103 2.51248 1.23551 
4.94357 2.51248 2.59081 
4.7729 1.34721 4.71 
2.5971 1.34721 3.91656 
2.5971 1.26471 1.42329 
2.5971 3.75513 1.31319 
2.5971 4.95304 2.59145 
1.34721 1.26471 2.56375 
1.26471 3.75513 2.65817 
1.26471 4.95304 3.88638 
3.75513 4.95304 1.29397 
4.61458 2.45477 2.33847 
4.00827 2.76006 4.98881 
4.00827 3.76051 4.76546 
4.00827 1.45451 4.22952 
4.00827 3.73111 4.58227 
4.00827 1.30198 4.23221 
2.76006 3.76051 1.44529 
2.76006 4.90881 2.72069 
2.76006 2.34667 4.58185 
2.76006 1.45451 4.13392 
2.76006 1.30198 1.46434 
4.61696 2.34667 2.48221 
4.61696 3.41336 1.29397 
4.61696 1.45451 3.86374 
3.76051 4.90881 1.29638 
3.76051 1.30198 2.55458 
4.90881 1.30198 3.78172 
2.34667 3.41336 1.192 
2.34667 1.45451 1.43393 
2.34667 3.73111 3.46638 
2.34667 1.30198 3.28701 
3.41336 1.45451 2.57794 
3.41336 3.73111 4.34613 
3.41336 1.30198 4.14405 
1.45451 3.73111 2.60178 
1.45451 1.30198 2.68069 
3.73111 1.30198 4.99235 
4.13088 3.59329 2.59871 
4.13088 4.63117 4.45721 
4.13088 3.58788 1.33437 
3.59329 4.63117 2.33847 
3.59329 3.58788 1.27033 
4.63117 3.58788 3.25312 
3.94838 3.65781 1.2631 
3.94838 1.30663 4.06337 
3.94838 4.23383 2.51747 
3.94838 2.55086 4.54583 
3.94838 2.63019 4.23034 
3.94838 1.39882 4.07923 
3.65781 1.30663 3.37049 
3.65781 3.77301 4.40758 
3.65781 4.23383 1.30928 
3.65781 2.55086 3.57631 
3.65781 2.63019 4.71073 
3.65781 1.39882 4.21126 
1.30663 3.77301 2.50576 
1.30663 4.23383 3.53929 
1.30663 2.55086 1.26481 
1.30663 2.63019 3.89589 
1.30663 1.39882 2.69099 
3.77301 4.23383 3.75589 
3.77301 2.55086 1.26134 
4.23383 2.55086 3.26853 
2.55086 1.39882 3.93904 
2.63019 1.39882 1.26798 
3.72608 1.2631 2.56443 
3.72608 4.06337 4.24652 
3.72608 2.51747 1.26312 
3.72608 4.54583 3.60611 
3.72608 4.80849 1.33437 
1.2631 4.06337 3.37049 
1.2631 2.51747 1.30928 
1.2631 4.54583 3.57631 
1.2631 4.80849 3.69873 
1.2631 4.23034 4.71073 
1.2631 4.07923 4.21126 
4.06337 2.51747 3.53929 
4.06337 4.54583 1.26481 
4.06337 4.23034 3.89589 
4.06337 4.07923 2.69099 
2.51747 4.54583 3.26853 
2.51747 4.80849 2.45209 
4.54583 4.80849 4.58801 
4.54583 4.07923 3.93904 
4.23034 4.07923 1.26798 
2.56443 4.24652 3.37049 
2.56443 3.66091 4.40758 
2.56443 1.26312 1.30928 
2.56443 3.60611 3.57631 
2.56443 2.59871 4.86568 
2.56443 1.33437 3.69873 
4.42879 3.66091 2.61386 
4.42879 3.60611 3.84848 
4.42879 2.59871 4.86783 
4.42879 1.33437 4.52585 
4.24652 3.66091 2.50576 
4.24652 1.26312 3.53929 
4.24652 3.60611 1.26481 
3.66091 1.26312 3.75589 
3.66091 3.60611 1.26134 
3.66091 1.33437 4.40741 
1.26312 3.60611 3.26853 
1.26312 2.59871 3.6658 
1.26312 1.33437 2.45209 
3.60611 1.33437 4.58801 
2.59871 4.45721 2.33847 
2.59871 1.33437 1.27033 
4.45721 1.33437 3.25312 
3.37049 4.40758 2.50576 
3.37049 1.30928 3.53929 
3.37049 3.57631 1.26481 
3.37049 4.71073 3.89589 
3.37049 4.21126 2.69099 
4.40758 1.30928 3.75589 
4.40758 3.57631 1.26134 
4.40758 3.69873 4.40741 
1.30928 3.57631 3.26853 
1.30928 4.86568 3.6658 
1.30928 3.69873 2.45209 
3.57631 3.69873 4.58801 
3.57631 4.21126 3.93904 
4.86568 3.69873 1.27033 
4.71073 4.21126 1.26798 
4.98881 4.76546 1.44529 
4.98881 4.22952 4.13392 
4.98881 4.23221 1.46434 
4.76546 4.23221 2.55458 
4.22952 4.58227 2.60178 
4.22952 4.23221 2.68069 
4.58227 4.23221 4.99235 
1.26249 3.57443 2.46607 
2.61386 4.56366 4.64464 
2.61386 3.84848 1.26134 
2.61386 4.52585 4.40741 
3.84848 4.52585 4.58801 
4.86783 4.52585 1.27033 
4.74162 2.50576 4.25238 
4.74162 1.26481 4.48218 
2.50576 3.53929 3.75589 
2.50576 1.26481 1.26134 
3.53929 1.26481 3.26853 
1.26481 2.69099 3.93904 
3.89589 2.69099 1.26798 
3.91656 1.42329 2.56375 
1.42329 1.31319 2.65817 
1.42329 2.59145 3.88638 
1.31319 3.77956 2.48221 
1.31319 2.59145 1.29397 
3.77956 2.59145 1.192 
4.52881 1.44529 4.38964 
4.52881 2.62144 2.46607 
4.52881 2.72069 4.72107 
1.44529 2.62144 2.93215 
1.44529 2.72069 1.29638 
1.44529 1.46434 2.55458 
2.62144 2.72069 3.6431 
2.62144 4.65759 4.86319 
2.62144 1.46434 3.87684 
2.72069 1.46434 3.78172 
4.58185 4.13392 1.43393 
4.58185 1.46434 3.28701 
4.65759 1.46434 4.72255 
4.13392 1.46434 2.68069 
4.25238 2.46607 4.64464 
4.25238 4.48218 1.26134 
4.38964 2.46607 2.93215 
4.38964 4.72107 1.29638 
2.46607 4.72107 3.6431 
3.75589 1.26134 3.26853 
3.75589 4.40741 2.45209 
1.26134 4.40741 4.58801 
3.26853 2.45209 4.58801 
3.6658 2.45209 1.27033 
2.65817 3.88638 1.29397 
2.48221 1.29397 1.192 
2.48221 3.86374 1.43393 
1.29397 3.86374 2.57794 
2.93215 1.29638 3.6431 
2.93215 2.55458 3.87684 
1.29638 2.55458 3.78172 
3.6431 3.87684 3.78172 
4.86319 3.87684 4.72255 
4.59482 2.33847 4.95739 
2.33847 1.27033 3.25312 
4.51431 1.43393 3.87232 
4.51431 3.46638 1.3662 
1.192 1.43393 2.57794 
1.192 3.46638 4.34613 
1.192 3.28701 4.14405 
1.43393 3.46638 2.60178 
1.43393 3.28701 2.68069 
3.46638 3.28701 4.99235 
3.87232 1.3662 2.60178 
1.3662 1.23551 2.59081 
2.57794 4.34613 2.60178 
2.57794 4.14405 2.68069 
4.34613 4.14405 4.99235 
2.60178 2.68069 4.99235 
