-0.952998
-0.418427
-0.607705
-0.367812
-0.598115
-0.405447
-0.585081
-0.73667
-0.923088
-0.962473
-0.803432
-0.84831
-0.399025
-0.866111
-0.421527
-0.850069
-0.936488
0.151049
-0.770929
-0.938338
-0.945931
-0.988624
-0.925403
-0.964926
-0.768973
-0.831976
-0.898131
0.402375
-0.356494
-0.836512
-0.379169
-0.801613
-0.987756
-0.946627
-0.905669
-0.59765
-0.916158
-0.600388
-0.435076
-0.957922
-0.932281
-0.562173
-0.758883
-0.933136
-0.962811
-0.995705
-0.916397
-0.952449
-0.998258
-0.990524
-0.948438
-0.902288
-0.965743
-0.924828
-0.781782
-0.828702
-0.386284
-0.861727
-0.919839
0.285599
-0.431467
-0.835256
-0.995517
-0.946836
-0.921492
-0.578975
-0.424474
-0.958294
-0.926397
-0.621135
-0.932338
-0.617031
-0.923335
-0.961196
-0.955818
-0.928849
-0.997718
-0.563815
-0.895837
-0.57922
-0.920637
-0.560803
-0.408306
-0.947041
-0.969434
-0.999435
-0.911513
0.22214
-0.91195
-0.857465
-0.928819
-0.850555
-0.93193
-0.83648
-0.569629
-0.294943
-0.58979
-0.384922
-0.567235
-0.378533
-0.832755
-0.757416
-0.846422
-0.402313
-0.850131
-0.399345
0.26906
-0.933084
-0.768817
-0.952431
-0.931738
-0.836515
-0.779817
0.362212
-0.925378
-0.853756
-0.376441
-0.808305
-0.413558
-0.607663
-0.603176
-0.935934
-0.96741
-0.410532
-0.621201
-0.920208
-0.990898
-0.95105
-0.914927
-0.784976
-0.963978
-0.917958
-0.929596
-0.957613
-0.996702
-0.840934
-0.777849
-0.848186
-0.410249
0.326069
-0.916286
-0.832649
-0.398387
-0.600941
-0.959786
-0.408028
-0.633978
-0.924605
-0.578544
-0.930566
-0.994112
-0.95703
-0.923667
-0.574931
-0.999099
-0.609368
-0.92048
-0.593755
-0.921631
-0.955256
-0.377337
0.308014
-0.843862
-0.932099
-0.861866
-0.92764
-0.83457
-0.914471
-0.954103
-0.907834
-0.996129
-0.922178
-0.946758
-0.947468
-0.925478
-0.792359
-0.954913
-0.918077
-0.929189
-0.957924
-0.991863
-0.99995
-0.961191
-0.930573
-0.953085
-0.928524
-0.55962
-0.417213
0.420919
-0.369759
0.308926
-0.394792
-0.762588
-0.841418
-0.927177
-0.544907
-0.400431
-0.960231
-0.827534
-0.777572
-0.932172
-0.95677
-0.654699
-0.923322
-0.951791
-0.789471
-0.959679
-0.952899
-0.962441
-0.922918
-0.998755
-0.993837
-0.933126
0.365048
-0.760608
0.256654
-0.441675
-0.600997
-0.391094
-0.562157
-0.925989
-0.950428
-0.995276
-0.608381
-0.937855
-0.818676
-0.382951
-0.5837
-0.994102
-0.962094
-0.942489
-0.847126
-0.32837
-0.734314
-0.843484
-0.395638
-0.931785
-0.897893
-0.526277
-0.365291
-0.987056
-0.94431
-0.915324
-0.898259
-0.992378
-0.908396
-0.813006
-0.910687
-0.996008
-0.916207
-0.914034
-0.935709
-0.986451
-0.528328
-0.293021
-0.894538
-0.805713
-0.922962
-0.81024
-0.924054
-0.909364
-0.918411
-0.93902
-0.862484
-0.805739
-0.616439
-0.939639
-0.968146
-0.862512
-0.936842
-0.955793
-0.637857
-0.999176
-0.9693
-0.868319
-0.942646
-0.965926
-0.944522
-0.873877
0.340863
-0.37996
0.286315
-0.346999
-0.804711
-0.714725
-0.935954
-0.893459
-0.544087
-0.451299
-0.843926
-0.819779
-0.660016
-0.940295
-0.980909
-0.462277
0.191222
-0.922071
0.313641
-0.788585
-0.601152
-0.386516
-0.566514
-0.354454
-0.541632
-0.938172
-0.997884
-0.900496
-0.835728
-0.975614
-0.925757
-0.626459
-0.999975
-0.870382
-0.94785
-0.456907
-0.962387
-0.909022
-0.960914
-0.756695
-0.950451
-0.94945
-0.986471
-0.924288
-0.831072
-0.779228
-0.558881
-0.943408
-0.899515
-0.940867
-0.982244
-0.999788
-0.851546
-0.924196
-0.585072
-0.956188
-0.998548
-0.839221
-0.899818
-0.808281
-0.965074
-0.91964
-0.988885
-0.375713
-0.843186
-0.805376
-0.961567
-0.424975
-0.650377
-0.918846
-0.998935
-0.906488
-0.838045
-0.457056
-0.968165
-0.948799
-0.938832
-0.971953
-0.923566
-0.619504
-0.462247
-0.892542
-0.924417
-0.916848
-0.943244
-0.945542
-0.879181
-0.939943
-0.945046
-0.920856
-0.999561
-0.941598
-0.592273
-0.3904
0.270686
-0.340084
-0.916182
-0.56195
-0.760718
-0.838033
-0.422761
-0.953074
-0.852194
-0.912172
-0.963178
-0.778994
-0.6158
-0.399323
-0.461147
-0.96708
-0.798313
-0.85068
-0.913575
-0.615641
-0.374762
-0.926256
-0.957232
-0.936421
-0.922767
-0.848651
-0.838776
-0.549188
-0.758238
-0.914146
-0.929235
-0.834986
-0.994798
-0.913336
-0.954587
-0.999115
-0.914207
-0.953565
-0.96853
-0.79033
-0.965762
-0.951413
-0.924702
-0.994909
-0.92565
-0.923299
-0.983257
-0.929939
0.299596
-0.375859
-0.615348
-0.77797
0.388344
-0.403134
-0.574724
-0.928641
-0.95684
-0.913781
-0.857252
-0.57286
-0.410364
-0.563571
-0.920965
-0.997214
-0.961647
-0.842628
-0.931103
-0.961485
-0.426682
-0.629217
-0.95002
-0.849377
-0.936368
-0.910571
-0.860827
-0.919076
-0.930746
-0.963294
-0.585386
-0.833144
-0.99696
-0.954162
-0.920088
-0.9371
-0.920512
-0.851961
0.30365
-0.371146
-0.822471
-0.947214
-0.917402
-0.742734
-0.590408
-0.392164
-0.606992
-0.940685
-0.863348
-0.795694
-0.971386
-0.480854
-0.848016
-0.623454
-0.782399
-0.948121
-0.928653
-0.956727
-0.997757
-0.848047
-0.932285
-0.384314
-0.94702
-0.398352
-0.841587
-0.783983
-0.564652
-0.904667
-0.921314
-0.983388
-0.827817
-0.405127
-0.932291
-0.969593
-0.998197
-0.917119
0.351658
-0.915609
-0.556222
-0.445726
0.26488
-0.743195
-0.557032
-0.354499
-0.567197
-0.91518
-0.955943
-0.993891
-0.818793
-0.96533
-0.918155
-0.850852
-0.92141
-0.591263
-0.989045
-0.38235
-0.586251
-0.857155
-0.963273
-0.999594
-0.924616
-0.84255
-0.95952
-0.91191
-0.951974
-0.909062
-0.36393
-0.536808
-0.996556
-0.827191
-0.903864
-0.901047
-0.952095
-0.922893
-0.91851
-0.849933
-0.911363
-0.95052
-0.929627
-0.960678
-0.948521
-0.784159
-0.969293
-0.996406
-0.998711
-0.92499
-0.926945
-0.999599
-0.937059
-0.575661
-0.904578
-0.971403
-0.94675
-0.944441
-0.776448
-0.961593
-0.93625
0.298065
-0.374581
-0.628998
-0.444344
-0.613696
-0.804183
0.249459
-0.397521
-0.444288
-0.959018
-0.924919
-0.597451
-0.757565
-0.842199
-0.918878
-0.925972
-0.954602
-0.402368
-0.930521
-0.859722
-0.995903
-0.611362
-0.838065
-0.570421
-0.917692
-0.958316
-0.751003
-0.989973
-0.580177
-0.847707
-0.931685
-0.94538
-0.369747
-0.913703
-0.624602
-0.408941
-0.94365
-0.752502
-0.831331
-0.917852
-0.988074
-0.933003
-0.954896
-0.929326
-0.840693
-0.389387
-0.997463
-0.587066
-0.39251
-0.934431
-0.930062
-0.954539
-0.91925
-0.921806
-0.932164
-0.927584
-0.833995
-0.832601
-0.90423
-0.991988
-0.95102
-0.926121
-0.840612
-0.922687
-0.96603
-0.602908
-0.799259
-0.998676
-0.590405
-0.922781
-0.855864
-0.997754
-0.96119
-0.929281
-0.851749
-0.927943
-0.954974
-0.956657
-0.855394
0.382083
-0.906282
-0.554473
-0.376671
-0.584348
-0.343375
0.338214
-0.767588
-0.950166
-0.921888
-0.954613
-0.964111
-0.936818
-0.810576
-0.847872
-0.61558
-0.970122
-0.922231
-0.793349
-0.584487
-0.843472
-0.918112
-0.965988
-0.992973
-0.999821
-0.363784
-0.942055
-0.37257
-0.589019
-0.922667
-0.836814
-0.726285
-0.946435
-0.912081
-0.383702
-0.846492
-0.893262
-0.560552
-0.921698
-0.996004
-0.825756
-0.945039
-0.927715
-0.593633
-0.741405
-0.567641
-0.910048
-0.831572
-0.940732
-0.988869
-0.990529
-0.952617
-0.990887
-0.833747
-0.906761
-0.803093
-0.979745
-0.905562
-0.951905
-0.460605
-0.618031
-0.942143
-0.970487
-0.404683
-0.859406
-0.79129
-0.978283
-0.9293
-0.858064
-0.94154
-0.429974
-0.619499
-0.995558
-0.921087
-0.863351
-0.941991
-0.952732
-0.938876
-0.440601
-0.930575
-0.933792
-0.965103
-0.922104
-0.918251
-0.919683
-0.862968
-0.940043
-0.951854
-0.392615
-0.572115
-0.399418
-0.579312
-0.374028
-0.592786
-0.776424
-0.90686
-0.962329
-0.988346
-0.922444
-0.959013
-0.747733
-0.924704
-0.944884
-0.994553
-0.995457
-0.56325
-0.904275
-0.537357
-0.372432
-0.951696
-0.914304
-0.514631
-0.755591
-0.840928
-0.92175
0.308079
-0.436557
-0.819462
-0.386108
-0.861965
-0.959343
-0.932785
-0.985033
-0.922537
-0.943361
-0.773119
-0.916468
-0.961695
-0.993977
-0.993041
-0.967871
-0.895455
-0.996596
-0.951636
-0.929394
-0.592888
-0.388955
-0.958702
-0.930046
-0.526105
-0.909907
-0.593159
-0.822726
-0.85536
-0.463325
-0.861645
-0.942971
0.233734
-0.405817
-0.851382
-0.960458
-0.941215
-0.961736
-0.919611
-0.919249
-0.96687
0.276847
-0.916867
-0.837042
-0.929452
-0.853197
-0.919752
-0.854235
-0.611419
-0.920902
-0.592301
-0.928199
-0.592823
-0.461895
-0.960787
-0.9586
-0.932013
-0.58357
-0.432984
-0.621954
-0.388761
-0.539046
-0.448219
-0.860787
-0.792511
-0.844752
-0.471147
-0.876292
-0.416611
0.217362
-0.91903
-0.994462
-0.94159
-0.929281
-0.853578
-0.774801
0.276552
-0.938915
-0.867243
-0.37982
-0.853153
-0.436427
-0.6206
-0.636313
-0.940614
-0.977811
-0.420477
-0.595118
-0.95112
-0.991266
-0.790177
-0.963634
-0.921133
-0.997138
-0.930137
-0.966841
-0.989774
-0.941814
-0.90417
-0.825725
-0.736973
-0.820156
-0.333919
0.401154
-0.905678
-0.825419
-0.379385
-0.582382
-0.998298
-0.956477
-0.381111
-0.594663
-0.904649
-0.543639
-0.931141
-0.964055
-0.903054
-0.552963
-0.993675
-0.531701
-0.926734
-0.593448
-0.908935
-0.934179
-0.348989
0.37697
-0.862837
-0.939535
-0.857796
-0.927057
-0.852979
-0.932143
-0.989832
-0.924188
-0.943708
-0.966755
-0.910599
-0.806396
-0.934746
-0.931522
-0.937522
-0.966874
-0.999952
-0.961344
-0.933375
-0.936748
-0.936867
-0.609548
-0.429533
0.283267
-0.363875
0.23849
-0.42639
-0.781615
-0.858953
-0.93236
-0.567648
-0.364153
-0.951576
-0.997858
-0.921018
-0.958469
-0.787452
-0.938361
-0.957952
-0.957121
-0.920261
-0.571808
-0.989909
-0.947114
-0.9157
-0.815847
-0.906475
0.298338
-0.757494
0.318252
-0.412509
-0.508638
-0.394963
-0.621674
-0.93982
-0.956042
-0.992831
-0.606902
-0.925784
-0.840916
-0.439025
-0.995499
-0.925444
-0.831103
-0.401837
-0.754617
-0.838624
-0.356746
-0.95864
-0.920417
-0.575641
-0.380281
-0.997716
-0.951953
-0.913678
-0.91728
-0.925136
-0.993857
-0.912936
-0.902755
-0.940221
-0.920976
-0.951666
-0.990277
-0.602641
-0.391182
-0.9199
-0.838085
-0.910596
-0.838037
-0.924034
-0.910298
-0.965764
-0.995194
-0.859943
-0.816732
-0.615635
-0.919478
-0.95743
-0.849587
-0.936961
-0.997383
-0.842868
-0.619736
-0.991763
-0.958369
-0.828996
-0.935498
-0.956804
-0.925261
0.293663
-0.449479
0.311375
-0.43314
-0.846759
-0.777887
-0.963927
-0.924607
-0.581865
-0.94553
-0.925589
-0.564753
-0.999486
-0.853759
-0.9156
-0.412671
0.379295
-0.925565
0.24205
-0.799666
-0.63156
-0.399189
-0.60942
-0.392789
-0.586887
-0.963579
-0.930441
-0.843114
-0.926421
-0.989076
-0.962114
-0.937983
-0.962087
-0.779083
-0.957534
-0.958772
-0.999272
-0.847677
-0.923016
-0.856589
-0.786396
-0.634195
-0.960133
-0.93536
-0.9627
-0.956963
-0.913919
-0.590532
-0.958532
-0.860788
-0.922496
-0.842917
-0.412011
-0.946245
-0.990384
-0.900958
-0.909374
-0.420779
-0.853174
-0.777991
-0.956785
-0.397298
-0.555686
-0.907084
-0.927169
-0.848178
-0.919476
-0.832308
-0.925358
-0.91921
-0.954124
-0.927801
-0.550307
-0.999303
-0.408475
-0.834899
-0.925349
-0.92652
-0.953855
-0.923058
-0.923466
-0.990712
-0.630816
-0.398172
0.295929
-0.387887
-0.916109
-0.589319
-0.779201
-0.837144
-0.367081
-0.942776
-0.922572
-0.856518
-0.359704
-0.425498
-0.970092
-0.804416
-0.844173
-0.932158
-0.584231
-0.377954
-0.927594
-0.964261
-0.920795
-0.958796
-0.9935
-0.860069
-0.58879
-0.765749
-0.927018
-0.965364
-0.839293
-0.994632
-0.935442
-0.933651
-0.959419
-0.961341
-0.787746
-0.944134
-0.963389
-0.927835
-0.994597
-0.925825
-0.917839
-0.602371
-0.910488
-0.996182
-0.937796
-0.824492
-0.936202
0.288051
-0.423441
-0.585179
-0.774197
0.334472
-0.337477
-0.54028
-0.921346
-0.968572
-0.919598
-0.8448
-0.5884
-0.409215
-0.915763
-0.955941
-0.918687
-0.962007
-0.362498
-0.990439
-0.609749
-0.923722
-0.849068
-0.931477
-0.917433
-0.845947
-0.922837
-0.841385
-0.577439
-0.831258
-0.991249
-0.94299
-0.92754
-0.955958
-0.920035
0.371573
-0.469746
-0.862012
-0.964592
-0.939475
-0.779474
-0.594138
-0.841296
-0.994473
-0.935652
-0.853686
-0.627099
-0.785496
-0.970438
-0.930145
-0.961706
-0.368469
-0.910297
-0.950963
-0.996008
-0.902474
-0.432995
-0.950376
-0.421318
-0.857792
-0.719718
-0.579888
-0.939458
-0.935764
-0.999223
-0.866332
-0.94397
-0.915834
-0.829016
-0.917956
-0.572503
-0.986297
-0.335568
0.375998
-0.917801
-0.56143
-0.380081
0.307971
-0.766808
-0.562158
-0.400227
-0.590821
-0.92398
-0.957196
-0.994442
-0.838872
-0.954824
-0.919165
-0.595795
-0.837018
-0.968354
-0.994678
-0.916308
-0.840369
-0.903663
-0.905569
-0.806789
-0.90008
-0.955282
-0.915602
-0.390094
-0.57918
-0.996926
-0.837451
-0.915134
-0.922379
-0.945283
-0.938806
-0.98984
-0.929337
-0.941772
-0.977639
-0.948119
-0.799818
-0.959472
-0.926758
-0.93767
-0.995098
-0.585244
-0.915921
-0.96221
-0.950324
-0.941694
-0.735448
-0.974557
-0.92885
-0.963588
-0.430254
-0.942763
-0.850114
-0.989855
-0.630949
-0.420761
-0.401505
-0.971236
-0.939869
-0.585954
-0.800709
-0.832764
-0.913475
-0.990646
-0.592263
-0.839903
-0.923332
-0.996923
-0.938803
-0.83907
-0.587001
-0.9232
-0.931914
-0.768733
-0.999361
-0.922654
-0.955989
-0.922828
-0.85706
-0.425068
-0.994767
-0.570129
-0.396589
-0.911253
-0.569114
-0.390205
-0.952246
-0.758992
-0.831865
-0.909173
-0.987365
-0.927214
-0.931416
-0.930712
-0.837034
-0.395442
-0.912235
-0.930363
-0.990893
-0.942101
-0.904872
-0.953334
-0.905809
-0.836976
-0.917499
-0.997863
-0.640223
-0.927127
-0.841077
-0.958328
-0.850005
-0.934005
-0.967632
-0.606194
-0.779972
-0.999449
-0.935314
-0.972943
-0.915039
-0.860502
-0.99986
-0.854679
-0.95519
0.368853
-0.924736
-0.563576
-0.411781
-0.583936
-0.368142
0.398233
-0.739459
-0.838585
-0.61424
-0.969866
-0.928256
-0.77344
-0.561624
-0.846148
-0.930933
-0.953054
-0.927663
-0.985975
-0.443897
-0.951823
-0.393845
-0.564099
-0.904392
-0.852194
-0.786492
-0.962422
-0.919492
-0.369491
-0.830044
-0.919854
-0.61321
-0.984269
-0.862285
-0.958828
-0.931861
-0.598302
-0.789075
-0.601956
-0.922924
-0.831849
-0.958542
-0.999179
-0.96397
-0.998281
-0.836113
-0.942771
-0.851664
-0.921778
-0.958202
-0.932479
-0.990814
-0.404729
-0.624287
-0.921545
-0.956843
-0.401283
-0.824721
-0.745744
-0.951447
-0.929497
-0.828122
-0.916609
-0.363706
-0.584102
-0.999005
-0.835043
-0.931717
-0.948515
-0.919519
-0.920539
-0.382524
-0.917378
-0.90235
-0.960898
-0.994271
-0.913987
-0.915378
-0.909198
-0.82866
-0.962238
-0.402622
-0.609465
-0.401221
-0.576896
-0.376485
-0.577733
-0.999983
-0.989584
-0.926946
-0.954533
-0.756745
-0.926546
-0.963333
-0.965462
-0.926751
-0.984435
-0.616993
-0.921685
-0.575038
-0.348814
-0.946102
-0.927922
-0.608416
-0.788586
-0.854301
-0.920009
0.32703
-0.388831
-0.848787
-0.440453
-0.830032
-0.919026
-0.961121
-0.78683
-0.916718
-0.963192
-0.993296
-0.949148
-0.93089
-0.999649
-0.959976
-0.930511
-0.997598
-0.973202
-0.941458
-0.584024
-0.446908
-0.949366
-0.922098
-0.576719
-0.903367
-0.56236
-0.765547
-0.855424
-0.387923
-0.83337
-0.924298
0.357942
-0.407869
-0.857513
-0.94667
-0.917674
-0.996047
-0.916648
-0.954553
-0.94928
-0.932525
0.335616
-0.905245
-0.841225
-0.911298
-0.810276
-0.924591
-0.842493
-0.994293
-0.586465
-0.901724
-0.577752
-0.915992
-0.565574
-0.370419
-0.952198
-0.544127
-0.451032
-0.628568
-0.404835
-0.625915
-0.372347
-0.618627
-0.633062
-0.933728
-0.964295
-0.44576
-0.607846
-0.929592
-0.994445
-0.957411
-0.931091
-0.850634
-0.784701
0.254829
-0.92453
-0.864994
-0.434401
-0.84302
-0.470673
-0.99446
-0.916174
-0.938267
-0.745863
-0.973201
-0.918672
-0.551912
-0.993372
-0.9435
-0.42788
-0.579109
-0.899697
-0.532307
-0.914314
-0.983963
-0.948018
-0.919485
-0.840584
-0.75851
-0.834591
-0.358871
0.382966
-0.895241
-0.826224
-0.37554
0.312966
-0.859313
-0.940722
-0.863825
-0.929227
-0.855865
-0.928131
-0.958218
-0.923846
-0.577175
-0.997638
-0.603121
-0.948439
-0.610099
-0.933264
-0.972843
-0.379763
-0.963951
-0.909368
-0.993607
-0.900459
-0.950384
-0.9339
-0.974347
-0.794014
-0.943651
-0.929205
-0.951548
-0.93622
-0.964551
-0.926248
-0.573033
-0.3412
0.36828
-0.369735
0.417129
-0.90373
-0.991709
-0.896315
-0.971889
-0.741309
-0.966377
-0.949469
-0.9517
-0.929918
-0.961511
-0.997446
-0.60201
-0.924342
-0.863008
-0.400189
-0.635104
-0.956295
-0.918844
-0.863336
-0.937379
0.22987
-0.777561
0.28271
-0.430023
-0.623393
-0.458034
-0.569523
-0.41123
-0.998129
-0.968993
-0.932369
-0.918033
-0.999568
-0.908368
-0.848607
-0.441594
-0.800276
-0.829296
-0.330783
-0.95246
-0.923117
-0.587908
-0.91442
-0.904114
-0.932472
-0.85409
-0.926521
-0.931366
-0.929919
-0.975372
-0.938211
-0.96515
-0.611069
-0.46601
-0.934486
-0.855609
-0.99561
-0.845075
-0.923884
-0.945967
-0.818395
-0.748513
-0.544916
-0.907677
-0.952179
-0.983068
-0.952305
-0.928017
-0.849396
-0.58103
-0.989147
-0.951256
-0.845957
-0.918333
0.235541
-0.432559
0.213916
-0.347636
-0.591239
-0.971108
-0.993958
-0.931722
-0.849898
-0.94985
-0.906861
-0.574749
-0.997695
-0.834804
-0.915383
-0.362377
0.456224
-0.920024
0.308487
-0.752043
-0.594217
-0.435716
-0.547886
-0.434933
-0.944741
-0.999449
-0.938774
-0.930723
-0.962275
-0.77971
-0.96181
-0.972075
-0.963548
-0.849938
-0.936639
-0.864478
-0.77979
-0.599014
-0.959587
-0.938276
-0.853739
-0.952794
-0.923009
-0.574591
-0.974348
-0.848865
-0.930339
-0.999875
-0.940864
-0.870082
-0.37439
-0.967509
-0.991417
-0.922048
-0.906744
-0.433018
-0.836709
-0.75992
-0.957169
-0.41302
-0.551172
-0.925205
-0.916015
-0.967206
-0.912288
-0.829896
-0.913545
-0.918677
-0.954725
-0.917025
-0.554294
-0.329013
-0.825914
-0.926029
-0.926596
-0.929477
-0.99888
-0.596326
-0.435544
0.448056
-0.407516
-0.945313
-0.997922
-0.967616
-0.930618
-0.929398
-0.851443
-0.390185
-0.423155
-0.956886
-0.798939
-0.872971
-0.924635
-0.633589
-0.839678
-0.995005
-0.915661
-0.96855
-0.990074
-0.845343
-0.562297
-0.761389
-0.930766
-0.940497
-0.923701
-0.999447
-0.933697
-0.948057
-0.960542
-0.772464
-0.955197
-0.963346
-0.933551
-0.924282
-0.916733
-0.949609
-0.919891
-0.85486
-0.990872
-0.618828
-0.443621
-0.58602
-0.933442
-0.993444
-0.955991
-0.824775
-0.91756
0.294922
-0.33213
-0.557263
-0.76123
0.345719
-0.348893
-0.570877
-0.928186
-0.926015
-0.843167
-0.945189
-0.925743
-0.961269
-0.918591
-0.961198
-0.370642
-0.997846
-0.578279
-0.927286
-0.854837
-0.95051
-0.919317
-0.838247
-0.571273
-0.831461
-0.988143
-0.945098
-0.914341
0.313216
-0.359801
-0.95823
-0.84239
-0.997129
-0.920086
-0.827015
-0.598949
-0.783796
-0.95022
-0.938729
-0.924771
-0.999074
-0.823591
-0.417237
-0.910734
-0.942673
-0.978906
-0.921296
-0.377721
-0.939347
-0.370307
-0.836674
-0.756863
-0.588239
-0.898249
-0.602164
-0.947435
-0.968847
-0.997087
-0.850064
-0.954801
-0.917177
-0.839225
-0.923794
-0.550369
-0.40982
0.286767
-0.935507
-0.622341
-0.40966
0.330054
-0.767867
-0.6008
-0.433999
-0.856705
-0.956146
-0.924512
-0.576502
-0.873607
-0.965749
-0.929721
-0.927522
-0.960554
-0.928026
-0.939691
-0.82457
-0.924009
-0.946815
-0.930589
-0.376151
-0.595222
-0.990259
-0.834812
-0.918679
-0.919643
-0.993407
-0.960523
-0.926214
-0.945732
-0.962921
-0.756381
-0.948726
-0.992594
-0.917955
-0.917059
-0.989282
-0.556084
-0.934263
-0.912634
-0.956151
-0.395184
-0.931203
-0.840004
-0.586662
-0.369373
-0.447469
-0.963649
-0.941856
-0.627681
-0.770884
-0.87748
-0.992877
-0.604613
-0.821281
-0.904034
-0.997116
-0.991528
-0.956246
-0.842891
-0.568861
-0.918294
-0.950733
-0.78063
-0.929941
-0.918183
-0.953514
-0.917955
-0.84308
-0.370365
-0.999427
-0.601718
-0.408781
-0.934522
-0.604768
-0.409324
-0.953146
-0.777397
-0.861725
-0.937873
-0.920604
-0.921767
-0.930341
-0.847348
-0.393101
-0.949191
-0.939255
-0.969139
-0.96549
-0.911397
-0.836283
-0.926988
-0.991841
-0.581492
-0.928733
-0.827806
-0.981981
-0.938839
-0.86468
-0.914087
-0.954047
-0.575642
-0.759592
-0.91244
-0.954941
-0.921017
-0.842316
-0.997766
-0.831012
-0.955026
-0.989396
-0.55537
-0.871425
-0.925283
-0.943411
-0.999672
-0.982807
-0.799947
-0.529022
-0.947343
-0.914495
-0.99986
-0.763443
-0.969617
-0.944518
-0.470859
-0.86946
-0.944495
-0.616752
-0.928979
-0.440335
-0.957021
-0.380524
-0.617121
-0.927282
-0.852493
-0.772837
-0.608891
-0.944544
-0.873524
-0.953037
-0.993376
-0.844644
-0.964521
-0.907126
-0.541046
-0.777069
-0.839094
-0.93501
-0.989979
-0.934818
-0.963855
-0.919421
-0.858507
-0.999534
-0.961547
-0.924866
-0.864026
-0.933795
-0.473499
-0.622555
-0.902061
-0.986572
-0.340412
-0.565006
-0.901028
-0.948564
-0.35071
-0.812368
-0.776265
-0.959698
-0.918443
-0.81503
-0.894075
-0.995306
-0.942472
-0.933019
-0.933936
-0.866141
-0.919521
-0.44115
-0.921036
-0.923789
-0.953301
-0.998203
-0.966649
-0.439818
-0.605385
-0.390039
-0.598645
-0.390381
-0.576853
-0.766733
-0.929126
-0.962002
-0.782015
-0.845355
-0.395198
-0.83168
-0.418854
-0.868828
-0.924635
0.297967
-0.779203
-0.930235
-0.946973
-0.992397
-0.940109
-0.973481
-0.992964
-0.966739
-0.926179
-0.954173
-0.920368
-0.778633
-0.930938
-0.95387
-0.995411
-0.997102
-0.9294
-0.959093
-0.99867
-0.999484
-0.561958
-0.916205
-0.597731
-0.916248
-0.592128
-0.424718
-0.950181
-0.957859
-0.924861
0.343144
-0.914343
-0.842651
-0.922852
-0.850308
-0.912251
-0.83359
-0.777302
-0.845181
-0.415733
-0.876172
-0.9209
0.311467
-0.48869
-0.837353
-0.9584
-0.907057
-0.999322
-0.616258
-0.415782
-0.973213
-0.923638
-0.580889
-0.930864
-0.602162
-0.929527
-0.957045
-0.957221
-0.942222
-0.567544
-0.44221
-0.619501
-0.411826
-0.582809
-0.405245
-0.872219
-0.780224
-0.842075
-0.395129
-0.842735
-0.398259
0.324126
-0.920651
-0.779338
-0.954345
-0.922912
-0.84685
-0.753489
0.20388
-0.924838
-0.839666
-0.387595
-0.854988
-0.456887
-0.60173
-0.980244
-0.558899
-0.914107
-0.958704
-0.425538
-0.55636
-0.914104
-0.962349
-0.937672
-0.925409
-0.955351
-0.950923
-0.92713
-0.858406
-0.782781
-0.850606
-0.372527
0.331053
-0.923
-0.840282
-0.338491
-0.576848
-0.988189
-0.954856
-0.375685
-0.593752
-0.931466
-0.577984
-0.915935
-0.994915
-0.962028
-0.930256
-0.598869
-0.989653
-0.579151
-0.914472
-0.590176
-0.912714
-0.938427
-0.346146
0.439558
-0.835922
-0.899592
-0.844521
-0.919195
-0.812688
-0.908524
-0.942348
-0.916795
-0.797012
-0.95421
-0.937617
-0.996302
-0.921176
-0.956213
-0.992597
-0.959227
-0.93031
-0.955338
-0.927312
-0.588888
-0.413131
0.367404
-0.316346
0.369604
-0.422094
-0.758886
-0.842454
-0.92513
-0.548829
-0.380128
-0.943339
-0.83081
-0.787283
-0.924741
-0.968437
-0.59258
-0.916303
-0.966379
-0.770891
-0.963706
-0.939434
-0.964099
-0.924214
-0.987958
-0.931979
-0.953302
-0.609521
-0.410626
-0.919551
-0.843337
-0.92811
-0.83284
-0.931908
-0.912152
-0.936455
-0.967734
-0.409376
-0.780705
-0.831849
-0.366993
-0.952576
-0.91725
-0.52518
-0.339516
-0.989164
-0.948799
-0.91879
-0.905134
-0.923947
-0.834492
-0.913761
-0.993075
-0.896437
-0.628551
-0.968943
-0.863135
-0.94372
-0.962165
-0.932454
-0.85766
-0.843185
-0.800664
-0.628049
-0.945476
-0.96097
-0.988176
-0.841858
-0.91114
-0.966108
-0.998756
0.329929
-0.391367
0.357711
-0.392805
-0.870361
-0.794838
-0.968328
-0.930046
-0.604289
-0.35377
-0.837738
-0.725034
-0.537841
-0.928125
-0.950678
-0.335839
0.395945
-0.919262
0.315929
-0.776011
-0.587684
-0.344996
-0.60146
-0.462849
-0.633144
-0.962437
-0.998558
-0.939691
-0.839946
-0.940342
-0.920299
-0.573479
-0.993116
-0.841959
-0.912593
-0.41843
-0.846255
-0.772609
-0.591368
-0.950474
-0.912939
-0.957042
-0.83387
-0.924509
-0.556522
-0.959932
-0.991081
-0.841328
-0.912571
-0.844464
-0.944068
-0.905572
-0.933589
-0.926707
-0.447385
-0.865719
-0.797325
-0.962221
-0.415939
-0.605667
-0.932221
-0.99818
-0.929813
-0.840031
-0.414605
-0.960827
-0.913774
-0.920331
-0.968065
-0.918237
-0.585745
-0.996849
-0.386423
-0.841801
-0.931119
-0.940476
-0.958627
-0.917184
-0.844159
-0.924116
-0.924627
-0.581439
-0.328704
0.285799
-0.476493
-0.93714
-0.636155
-0.810334
-0.857165
-0.432553
-0.96568
-0.824054
-0.914087
-0.928777
-0.731055
-0.525618
-0.333781
-0.386124
-0.95199
-0.761712
-0.822342
-0.925204
-0.629753
-0.458653
-0.934181
-0.973632
-0.921047
-0.916699
-0.991519
-0.84621
-0.924962
-0.94814
-0.955779
-0.778955
-0.947909
-0.949705
-0.927986
-0.993124
-0.912195
-0.995498
-0.923122
-0.621842
-0.841643
-0.960289
-0.926268
-0.972481
-0.937925
-0.833772
-0.913649
0.27367
-0.443829
-0.604431
-0.774289
0.31067
-0.389394
-0.606414
-0.937884
-0.968294
-0.92495
-0.845525
-0.619674
-0.380797
-0.567608
-0.921305
-0.986339
-0.942321
-0.823392
-0.928472
-0.946185
-0.390449
-0.990951
-0.56199
-0.908943
-0.846498
-0.920885
-0.930196
-0.866251
-0.918239
-0.919167
-0.950323
0.439849
-0.366772
-0.853504
-0.954177
-0.92643
-0.770192
-0.595253
-0.379016
-0.599917
-0.909112
-0.838494
-0.792676
-0.956288
-0.388536
-0.83401
-0.60641
-0.752062
-0.961275
-0.937169
-0.961231
-0.852937
-0.998382
-0.93417
-0.95959
-0.924994
-0.419636
-0.577544
-0.995058
-0.840759
-0.923613
-0.922733
-0.950525
-0.92702
-0.928606
-0.861548
-0.936727
0.264717
-0.929753
-0.616595
-0.415316
0.292722
-0.781319
-0.592707
-0.364908
-0.572086
-0.925011
-0.962772
-0.843993
-0.96232
-0.91924
-0.857494
-0.944708
-0.597573
-0.40179
-0.585596
-0.852875
-0.960362
-0.98688
-0.916146
-0.826678
-0.957066
-0.918476
-0.927713
-0.926328
-0.95148
-0.925699
-0.963469
-0.951498
-0.781374
-0.969223
-0.995735
-0.931887
-0.994972
-0.994744
-0.511904
-0.914161
-0.960521
-0.950494
-0.941634
-0.749522
-0.970918
-0.936901
0.243676
-0.414844
-0.593713
-0.41625
-0.645654
-0.799396
0.347488
-0.410943
-0.405831
-0.967826
-0.925398
-0.574428
-0.808477
-0.861344
-0.925003
-0.991119
-0.932477
-0.971125
-0.490545
-0.944866
-0.869365
-0.660628
-0.833223
-0.902612
-0.988219
-0.959438
-0.926885
-0.379005
-0.921019
-0.603784
-0.367045
-0.955122
-0.771167
-0.810032
-0.899419
-0.99293
-0.93397
-0.954767
-0.934599
-0.887122
-0.440767
-0.604215
-0.413667
-0.929767
-0.930637
-0.99125
-0.948288
-0.908851
-0.953427
-0.931773
-0.931996
-0.850652
-0.945505
-0.845826
-0.839579
-0.922727
-0.969265
-0.570994
-0.798895
-0.982245
-0.63582
-0.930826
-0.84863
-0.959504
-0.918279
-0.844079
-0.940993
-0.977071
0.169707
-0.929743
-0.611736
-0.441822
-0.627693
-0.407575
0.27673
-0.777971
-0.962651
-0.908636
-0.950552
-0.942968
-0.959773
-0.742038
-0.824277
-0.583272
-0.948178
-0.90573
-0.796303
-0.607362
-0.846071
-0.939763
-0.949565
-0.991869
-0.929532
-0.849677
-0.931953
-0.976009
-0.842614
-0.964257
-0.916287
-0.581117
-0.748441
-0.587353
-0.928978
-0.86014
-0.953301
-0.997066
-0.993246
-0.948117
-0.990077
-0.82869
-0.449204
-0.922529
-0.922958
-0.958586
-0.998351
-0.934153
-0.938085
-0.932294
-0.855792
-0.91462
-0.395293
-0.609005
-0.931003
-0.956375
-0.416189
-0.852271
-0.77988
-0.964686
-0.92848
-0.835124
-0.921936
-0.416179
-0.565585
-0.92222
-0.992412
-0.8434
-0.916798
-0.99813
-0.957411
-0.930084
-0.967491
-0.432772
-0.664292
-0.490724
-0.614464
-0.474816
-0.593789
-0.770366
-0.929966
-0.952215
-0.942119
-0.982138
-0.813495
-0.94225
-0.950165
-0.943041
-0.931399
-0.965334
-0.93903
-0.93817
-0.956787
-0.786984
-0.943467
-0.942283
-0.998206
0.323559
-0.902658
-0.822858
-0.911344
-0.812446
-0.906778
-0.811813
-0.994128
-0.57695
-0.907806
-0.578033
-0.910397
-0.54818
-0.333395
-0.930612
-0.94252
-0.914607
-0.989597
-0.611241
-0.376694
-0.968305
-0.921882
-0.617675
-0.935817
-0.582553
-0.764895
-0.859675
-0.318834
-0.852467
-0.912109
0.248365
-0.389738
-0.838822
-0.958892
-0.918867
-0.949796
-0.940441
-0.996091
-0.934708
-0.972853
-0.566169
-0.403233
-0.551413
-0.398339
-0.592878
-0.385022
-0.838486
-0.759483
-0.832014
-0.399925
-0.831198
-0.340184
0.372822
-0.916289
-0.970568
-0.942352
-0.848407
-0.755424
0.267416
-0.927711
-0.852739
-0.490866
-0.863171
-0.377843
-0.593956
-0.995316
-0.566239
-0.927651
-0.952655
-0.387833
-0.557257
-0.911302
-0.997082
-0.928339
-0.966173
-0.954359
-0.91851
-0.96006
-0.916935
-0.842752
-0.780008
-0.841823
-0.435915
0.362678
-0.935456
-0.839775
-0.413996
-0.587519
-0.990732
-0.962171
-0.391113
-0.559612
-0.918035
-0.582407
-0.926314
-0.945755
-0.934516
-0.616281
-0.645597
-0.939036
-0.630941
-0.939389
-0.961944
-0.45987
0.283645
-0.844366
-0.930931
-0.832037
-0.923182
-0.855488
-0.919566
-0.995741
-0.75891
-0.963712
-0.913889
-0.991688
-0.91116
-0.943664
-0.954589
-0.924211
-0.946137
-0.92234
-0.614173
-0.420245
0.356293
-0.417473
0.378693
-0.383296
-0.773007
-0.848287
-0.929428
-0.572289
-0.352537
-0.963414
-0.927054
-0.970139
-0.77347
-0.962173
-0.971624
-0.942793
-0.917385
-0.999209
-0.9256
-0.959215
-0.931623
-0.954378
-0.999508
-0.601222
-0.456436
-0.929049
-0.857585
-0.927584
-0.83872
-0.919588
-0.917688
-0.922656
-0.827777
-0.393127
-0.765195
-0.851569
-0.405034
-0.959749
-0.909393
-0.565912
-0.366164
-0.961385
-0.920023
-0.924141
-0.913304
-0.924283
-0.865219
-0.60525
-0.962772
-0.853363
-0.92017
-0.959195
-0.921527
-0.959538
-0.841531
-0.76078
-0.589598
-0.925403
-0.959586
-0.994122
-0.837801
-0.914979
-0.998629
0.305455
-0.416616
0.329206
-0.432631
-0.863906
-0.795553
-0.961918
-0.927381
-0.60614
-0.955634
-0.90736
-0.590936
-0.991575
-0.828601
-0.916662
-0.419738
0.347516
-0.889629
0.365633
-0.73763
-0.560833
-0.424259
-0.558442
-0.314519
-0.591234
-0.953019
-0.989733
-0.913289
-0.810884
-0.993048
-0.84398
-0.91162
-0.849496
-0.773316
-0.59628
-0.952817
-0.927173
-0.962745
-0.99618
-0.948438
-0.908134
-0.567082
-0.959587
-0.989282
-0.84544
-0.919405
-0.833722
-0.946701
-0.937673
-0.437237
-0.970122
-0.939927
-0.938399
-0.392556
-0.8516
-0.773342
-0.960118
-0.407825
-0.616491
-0.929644
-0.99776
-0.930227
-0.834311
-0.903861
-0.851764
-0.928966
-0.926591
-0.950573
-0.912621
-0.571704
-0.991552
-0.378505
-0.837026
-0.917004
-0.914242
-0.942767
-0.583538
-0.391607
0.293098
-0.44116
-0.923072
-0.586011
-0.773191
-0.84533
-0.378306
-0.957598
-0.925257
-0.993603
-0.854238
-0.389868
-0.997967
-0.377256
-0.940836
-0.746821
-0.853754
-0.916574
-0.496569
-0.325954
-0.913468
-0.981566
-0.942715
-0.891218
-0.99817
-0.925267
-0.954631
-0.955135
-0.766175
-0.957245
-0.954557
-0.921258
-0.992583
-0.913515
-0.996922
-0.91563
-0.880927
-0.628378
-0.871104
-0.971541
-0.937685
-0.968365
-0.927897
-0.608653
-0.939442
-0.973302
-0.86983
-0.934095
0.389104
-0.438017
-0.603157
-0.778276
0.266935
-0.461165
-0.608097
-0.946857
-0.943753
-0.922058
-0.840874
-0.995807
-0.592334
-0.352944
-0.936173
-0.961262
-0.916876
-0.94508
-0.380853
-0.99028
-0.570712
-0.917746
-0.833867
-0.924513
-0.908365
-0.821907
-0.901226
0.276098
-0.366727
-0.836058
-0.956268
-0.928931
-0.756158
-0.564895
-0.858357
-0.995776
-0.939157
-0.846154
-0.579002
-0.808873
-0.954485
-0.90939
-0.955297
-0.995995
-0.935266
-0.926389
-0.842209
-0.928109
-0.960685
-0.929426
-0.430095
-0.641613
-0.999047
-0.854282
-0.934022
-0.923603
-0.954409
-0.960714
-0.932068
-0.855126
-0.919552
-0.593485
-0.99961
-0.367032
0.316461
-0.921395
-0.594405
-0.438875
0.237021
-0.796015
-0.573351
-0.384276
-0.585032
-0.924724
-0.955003
-0.998658
-0.840886
-0.958919
-0.9245
-0.569813
-0.863642
-0.96269
-0.925109
-0.84116
-0.933019
-0.923322
-0.997893
-0.925976
-0.954053
-0.917162
-0.94425
-0.958637
-0.760566
-0.952315
-0.993388
-0.997672
-0.583125
-0.926384
-0.953728
-0.963429
-0.954175
-0.770259
-0.950987
-0.914994
-0.943625
-0.406613
-0.909194
-0.829146
-0.998921
-0.610628
-0.380978
-0.999607
-0.359896
-0.941813
-0.915513
-0.618368
-0.748434
-0.815963
-0.92053
-0.984802
-0.966045
-0.932003
-0.864085
-0.950464
-0.934332
-0.964864
-0.93711
-0.837585
-0.406392
-0.99872
-0.564608
-0.417893
-0.929571
-0.600413
-0.429357
-0.969899
-0.772135
-0.845028
-0.927665
-0.994267
-0.921995
-0.922758
-0.918723
-0.828497
-0.352226
-0.929377
-0.925547
-0.986904
-0.952406
-0.914945
-0.866864
-0.962299
-0.59121
-0.932298
-0.857988
-0.95991
-0.83348
-0.913886
-0.949235
-0.573001
-0.761693
-0.988856
-0.920007
-0.954304
-0.912182
-0.835978
-0.991468
0.294466
-0.928576
-0.599434
-0.447057
-0.626643
-0.428937
0.308058
-0.797078
-0.848641
-0.61455
-0.960629
-0.944738
-0.758465
-0.590758
-0.862982
-0.929551
-0.949866
-0.923525
-0.854467
-0.9213
-0.954633
-0.987149
-0.833415
-0.95179
-0.929055
-0.587137
-0.772217
-0.578043
-0.93883
-0.850845
-0.963196
-0.953124
-0.861925
-0.929839
-0.399297
-0.92295
-0.91976
-0.946644
-0.985317
-0.939117
-0.928105
-0.924639
-0.830625
-0.924981
-0.999528
-0.411712
-0.571406
-0.929352
-0.953241
-0.373374
-0.851212
-0.781165
-0.96904
-0.926615
-0.841284
-0.936432
-0.402763
-0.577724
-0.852951
-0.927694
-0.962362
-0.932984
-0.960915
-0.396301
-0.615729
-0.471407
-0.622675
-0.401749
-0.627321
-0.937408
-0.953256
-0.773771
-0.942115
-0.94254
-0.959556
-0.922048
-0.994761
-0.950435
-0.91165
-0.998005
-0.994491
-0.923745
-0.955095
-0.757317
-0.928604
-0.954909
-0.962243
-0.940139
0.342513
-0.925245
-0.840346
-0.917615
-0.834608
-0.908316
-0.814022
-0.996399
-0.626665
-0.910044
-0.597253
-0.929991
-0.578184
-0.343064
-0.955512
-0.953921
-0.943506
-0.994118
-0.62022
-0.404386
-0.969649
-0.922863
-0.594913
-0.935672
-0.61843
-0.798127
-0.854424
-0.391475
-0.876086
-0.931878
0.278182
-0.42535
-0.866193
-0.947137
-0.93901
-0.941179
-0.970365
-0.588678
-0.361678
-0.567746
-0.418084
-0.595698
-0.373536
-0.572978
-0.995531
-0.590639
-0.931597
-0.955658
-0.365718
-0.608265
-0.93208
-0.996915
-0.960864
-0.921987
-0.843713
-0.787039
0.263844
-0.933853
-0.85933
-0.419329
-0.835238
-0.431192
-0.956885
-0.918365
-0.997809
-0.924356
-0.96158
-0.583149
-0.958701
-0.42889
-0.581169
-0.924536
-0.575901
-0.913116
-0.947387
-0.931983
-0.852223
-0.759993
-0.855812
-0.469346
0.317461
-0.926858
-0.863505
-0.431133
0.34319
-0.857264
-0.921215
-0.853392
-0.907713
-0.825477
-0.916281
-0.952156
-0.941853
-0.637796
-0.98944
-0.589644
-0.932619
-0.584067
-0.933235
-0.967183
-0.393292
-0.999201
-0.917593
-0.96224
-0.995218
-0.785942
-0.957144
-0.917399
-0.947197
-0.915872
-0.998513
-0.957793
-0.934536
-0.571469
-0.417785
0.200877
-0.381996
0.240051
-0.919736
-0.916577
-0.950048
-0.798278
-0.952027
-0.961173
-0.966896
-0.918228
-0.857935
-0.922183
-0.914333
-0.925055
-0.963092
-0.929199
-0.958998
-0.586618
-0.396684
-0.920416
-0.852937
-0.400656
-0.96903
-0.930753
-0.930376
-0.995982
-0.9209
-0.851223
-0.396257
-0.803046
-0.879094
-0.420587
-0.967908
-0.943516
-0.601625
-0.923843
-0.941746
-0.961842
-0.936595
-0.846256
-0.602341
-0.991408
-0.955343
-0.845663
-0.91194
-0.836444
-0.939951
-0.956738
-0.9986
-0.850241
-0.768474
-0.565662
-0.922215
-0.961131
0.414581
-0.431072
0.216032
-0.347952
-0.5438
-0.940909
-0.997171
-0.902117
-0.841176
-0.966018
-0.924242
-0.643849
-0.859908
-0.947282
-0.414389
0.276688
-0.923569
0.288184
-0.787631
-0.588747
-0.415693
-0.577616
-0.383943
-0.996214
-0.948204
-0.997114
-0.843403
-0.932898
-0.848475
-0.79844
-0.575198
-0.965064
-0.926255
-0.819907
-0.971569
-0.945631
-0.641254
-0.954362
-0.834501
-0.913796
-0.927702
-0.926062
-0.999725
-0.998254
-0.898712
-0.83384
-0.418734
-0.964603
-0.926229
-0.931864
-0.361339
-0.837788
-0.787405
-0.949519
-0.380596
-0.584824
-0.919178
-0.898721
-0.955686
-0.940893
-0.861797
-0.932271
-0.944908
-0.976165
-0.914704
-0.577401
-0.997975
-0.441033
-0.847898
-0.923564
-0.639912
-0.424978
0.328495
-0.342593
-0.908329
-0.990532
-0.938481
-0.921486
-0.932862
-0.995555
-0.827969
-0.345622
-0.415071
-0.95195
-0.75816
-0.83845
-0.906167
-0.588384
-0.923904
-0.995128
-0.995432
-0.928421
-0.961653
-0.969965
-0.774223
-0.953414
-0.961983
-0.908205
-0.9366
-0.989092
-0.961623
-0.94142
-0.861125
-0.634597
-0.863451
-0.970426
-0.922549
-0.9266
-0.947981
-0.928145
-0.856281
-0.992581
-0.550046
-0.415015
-0.595479
-0.940169
-0.960438
-0.863636
-0.941137
0.368604
-0.438551
-0.626555
-0.769432
0.262562
-0.423189
-0.60437
-0.928262
-0.905589
-0.810921
-0.916188
-0.931742
-0.970335
-0.948762
-0.94355
-0.411354
-0.997566
-0.601304
-0.91768
-0.844143
0.337405
-0.482897
-0.964065
-0.995885
-0.846951
-0.918337
-0.853479
-0.629961
-0.779255
-0.947909
-0.938301
-0.927401
-0.9464
-0.898147
-0.912731
-0.838824
-0.92213
-0.957124
-0.915762
-0.357774
-0.594815
-0.982367
-0.817966
-0.929632
-0.593587
-0.937679
-0.964609
-0.999017
-0.842169
-0.94626
-0.910705
-0.812356
-0.915687
-0.535852
-0.988136
-0.352229
0.389973
-0.909714
-0.599506
-0.436505
0.329951
-0.759301
-0.587342
-0.407947
-0.844423
-0.960204
-0.927216
-0.610166
-0.841707
-0.951044
-0.996263
-0.922372
-0.93579
-0.947415
-0.930416
-0.998958
-0.930859
-0.942295
-0.968793
-0.950219
-0.790299
-0.964194
-0.60225
-0.924955
-0.928466
-0.953071
-0.442821
-0.934071
-0.8748
-0.588047
-0.429369
-0.449533
-0.968953
-0.93307
-0.613786
-0.76811
-0.857501
-0.952866
-0.924041
-0.830105
-0.915439
-0.987901
-0.91757
-0.996811
-0.913574
-0.956136
-0.911162
-0.848093
-0.358999
-0.987737
-0.580298
-0.3684
-0.931129
-0.624141
-0.390706
-0.954653
-0.780571
-0.850831
-0.920983
-0.92337
-0.939065
-0.937104
-0.867182
-0.458285
-0.927836
-0.923534
-0.959048
-0.842238
-0.964614
-0.989148
-0.598071
-0.920887
-0.835802
-0.961815
-0.852067
-0.921204
-0.968618
-0.580695
-0.769541
-0.932348
-0.962315
-0.930251
-0.865881
-0.547768
-0.830853
-0.902875
-0.958016
-0.999224
-0.992339
-0.828366
-0.612353
-0.954525
-0.923658
-0.784449
-0.933804
-0.957617
-0.931173
-0.858516
-0.599348
-0.92843
-0.841815
-0.957573
-0.990463
-0.856812
-0.972163
-0.946907
-0.603008
-0.786712
-0.830416
-0.971968
-0.992703
-0.914054
-0.926212
-0.932674
-0.865308
-0.934135
-0.437714
-0.930179
-0.938308
-0.954674
-0.998576
-0.956205
-0.911883
-0.846068
-0.932607
-0.349693
-0.614932
-0.990451
-0.924292
-0.394698
-0.604901
-0.936177
-0.951878
-0.391454
-0.848998
-0.776614
-0.944214
-0.903875
-0.851075
-0.929737
-0.997686
-0.95386
-0.350186
-0.605999
-0.408955
-0.557371
-0.437181
-0.600679
-0.785265
-0.916437
-0.951746
-0.756671
-0.849025
-0.400922
-0.844653
-0.423482
-0.840024
-0.913919
0.220994
-0.99275
-0.996355
-0.954714
-0.917111
-0.964635
-0.918819
-0.75259
-0.91721
-0.961788
-0.994697
-0.915401
-0.944514
-0.998011
-0.930493
-0.958724
-0.960437
-0.928847
-0.995857
-0.596124
-0.931572
-0.614626
-0.926704
-0.571709
-0.387382
-0.957965
-0.951919
-0.911113
0.257984
-0.929932
-0.854037
-0.917373
-0.840166
-0.924022
-0.840261
-0.801991
-0.840253
-0.365398
-0.852115
-0.9267
0.351856
-0.426481
-0.850477
-0.998488
-0.966511
-0.921388
-0.594535
-0.4187
-0.959098
-0.93363
-0.616116
-0.925206
-0.611973
-0.563391
-0.390973
-0.577112
-0.41563
-0.579444
-0.347829
-0.831747
-0.761877
-0.830804
-0.405895
-0.855239
-0.329492
0.379948
-0.930496
-0.777786
-0.960362
-0.921403
-0.5804
-0.998755
-0.586173
-0.936354
-0.627352
-0.91684
-0.953407
-0.392238
0.269617
-0.838802
-0.923562
-0.840966
-0.931793
-0.840072
-0.919924
-0.951196
-0.913846
-0.999822
-0.906064
-0.944829
-0.963584
-0.910072
-0.836054
-0.760554
-0.825928
-0.375445
0.450446
-0.923373
-0.818793
-0.328191
-0.594051
-0.994884
-0.947823
-0.352918
-0.606963
-0.928889
-0.582006
-0.914118
-0.995365
-0.955483
-0.909373
-0.95782
-0.917069
-0.937145
-0.929253
-0.774385
-0.953919
-0.927314
-0.921851
-0.963713
-0.560666
-0.333507
0.36973
-0.396778
0.278547
-0.398768
-0.775444
-0.830758
-0.925894
-0.621375
-0.354335
-0.956145
-0.840711
-0.767611
-0.922211
-0.953433
-0.591378
-0.912155
-0.994728
-0.923769
-0.936787
-0.974435
-0.60451
-0.429293
-0.927284
-0.842537
-0.930254
-0.85833
-0.939118
-0.938589
-0.928243
-0.968802
-0.40215
-0.793101
-0.834018
-0.395788
-0.956153
-0.905062
-0.574144
-0.427844
-0.946857
-0.937992
-0.919202
-0.995492
-0.916155
-0.831791
-0.989147
-0.599592
-0.954442
-0.8468
-0.919673
-0.95338
-0.913645
-0.846542
-0.815432
-0.744981
-0.558874
-0.910894
-0.951402
-0.991615
-0.845353
-0.91413
-0.94769
-0.99309
0.337144
-0.426579
0.254696
-0.337389
-0.837584
-0.763994
-0.958366
-0.915036
-0.563612
-0.431267
-0.845563
-0.783281
-0.630019
-0.929178
-0.962017
-0.413154
-0.57365
-0.952765
-0.858723
-0.916724
-0.846315
-0.948204
-0.914553
-0.997736
-0.844015
-0.766637
-0.559023
-0.947002
-0.909261
-0.96025
-0.98895
-0.99886
-0.851567
-0.916841
-0.956843
-0.912644
-0.580583
-0.367167
-0.840284
-0.915222
-0.915085
-0.951779
-0.907562
-0.844497
-0.924142
-0.925922
-0.92939
-0.995421
-0.933046
-0.377348
-0.823036
-0.767518
-0.95622
-0.409223
-0.604034
-0.921643
-0.98321
-0.923494
-0.841145
-0.434249
-0.954584
-0.93247
-0.923479
-0.580672
-0.423264
0.455446
-0.381069
-0.9193
-0.576991
-0.781667
-0.837523
-0.372057
-0.957144
-0.848522
-0.920889
-0.956311
-0.790178
-0.60271
-0.913654
-0.92684
-0.992664
-0.915184
-0.962064
-0.948642
-0.747983
-0.968395
-0.940239
-0.921612
-0.995519
-0.926597
-0.953464
-0.409642
-0.998925
-0.566724
-0.919001
-0.843643
-0.936003
-0.921091
-0.84117
-0.923053
-0.926537
-0.961327
-0.602992
-0.838271
-0.956834
-0.914052
-0.946958
-0.919342
-0.853406
-0.935336
0.346254
-0.360002
-0.588721
-0.779404
0.239386
-0.412314
-0.600338
-0.922055
-0.952923
-0.914682
-0.82363
-0.992699
-0.602494
-0.406416
-0.610513
-0.923947
-0.962534
-0.847199
0.289105
-0.411923
-0.843471
-0.95359
-0.926937
-0.784026
-0.575689
-0.42637
-0.554479
-0.926998
-0.855237
-0.765774
-0.949822
-0.390226
-0.59844
-0.848395
-0.973508
-0.998073
-0.93003
-0.857711
-0.96116
-0.915087
-0.952355
-0.935356
-0.371153
-0.557367
-0.99521
-0.825832
-0.907085
-0.921841
-0.961979
-0.91167
-0.926806
-0.831572
-0.925283
0.381305
-0.925894
-0.60184
-0.40996
0.236004
-0.768308
-0.549014
-0.375783
-0.597281
-0.912948
-0.969374
-0.842429
-0.96122
-0.917812
-0.826957
-0.925786
-0.581277
-0.357029
-0.997619
-0.925688
-0.992196
-0.922716
-0.946713
-0.920683
-0.943614
-0.961161
-0.764183
-0.957639
-0.925185
-0.998812
-0.59802
-0.933669
-0.953694
-0.959172
-0.957874
-0.765178
-0.957641
-0.92806
0.369447
-0.382927
-0.589718
-0.453982
-0.577346
-0.763145
0.296482
-0.324472
-0.906352
-0.926411
-0.984455
-0.946952
-0.921105
-0.915116
-0.912773
-0.895826
-0.803445
-0.844054
-0.924188
-0.993079
-0.959444
-0.925272
-0.377166
-0.924049
-0.545958
-0.3649
-0.946793
-0.729086
-0.824007
-0.928866
-0.992366
-0.928694
-0.94032
-0.907277
-0.826462
-0.358924
-0.994417
-0.538615
-0.930412
-0.845514
-0.923832
-0.951957
-0.97121
-0.866762
-0.849494
-0.92076
-0.962386
-0.607805
-0.79859
-0.608685
-0.924939
-0.858788
-0.999004
-0.963842
0.267922
-0.904241
-0.607125
-0.332987
-0.590249
-0.426342
0.402487
-0.778506
-0.969715
-0.921394
-0.959621
-0.96007
-0.953805
-0.787453
-0.943594
-0.988003
-0.838007
-0.928173
-0.859495
-0.998582
-0.932529
-0.969939
-0.850077
-0.961738
-0.912478
-0.562828
-0.757808
-0.622129
-0.911749
-0.861931
-0.953072
-0.999539
-0.992665
-0.81645
-0.8902
-0.983616
-0.94831
-0.903405
-0.467949
-0.92593
-0.940145
-0.960212
-0.929342
-0.918457
-0.929527
-0.855749
-0.936406
-0.301171
-0.578613
-0.905521
-0.947656
-0.416795
-0.831597
-0.774041
-0.952416
-0.912608
-0.835961
-0.89996
-0.408137
-0.572181
-0.991343
-0.917578
-0.995879
-0.935686
-0.392812
-0.543243
-0.369984
-0.605019
-0.377088
-0.551161
-0.778122
-0.907593
-0.968828
-0.997349
-0.950574
-0.925654
-0.998482
-0.956607
-0.925635
-0.998603
-0.915612
-0.945595
-0.772373
-0.930678
-0.94378
-0.993287
-0.971828
-0.915042
-0.915821
-0.945945
0.191582
-0.940178
-0.851613
-0.936229
-0.866944
-0.929333
-0.865183
-0.582309
-0.924802
-0.572257
-0.92751
-0.583518
-0.430789
-0.956832
-0.968703
-0.913196
-0.54318
-0.428863
-0.950092
-0.917264
-0.623235
-0.920778
-0.603627
-0.763939
-0.825113
-0.360868
-0.824845
-0.908452
0.321571
-0.379416
-0.824763
-0.991357
-0.946
-0.906781
-0.525188
-0.382562
-0.579164
-0.265466
-0.576018
-0.402558
-0.853654
-0.77985
-0.821896
-0.441723
-0.848102
-0.370931
0.282059
-0.908197
-0.962882
-0.922421
-0.599466
-0.998099
-0.577929
-0.930662
-0.574655
-0.93626
-0.964287
-0.412978
0.274216
-0.853716
-0.93019
-0.846172
-0.925052
-0.855717
-0.928299
-0.989291
-0.8951
-0.93236
-0.959635
-0.899807
-0.992457
-0.942751
-0.904198
-0.828552
-0.773838
-0.821827
-0.446356
0.405301
-0.92369
-0.838255
-0.374426
-0.528782
-0.995859
-0.947769
-0.413992
-0.593295
-0.905126
-0.56385
-0.920913
-0.975964
-0.93214
-0.955232
-0.927984
-0.986512
-0.993684
-0.791602
-0.956681
-0.90409
-0.998449
-0.999357
-0.919833
-0.952718
-0.57425
-0.425248
0.262181
-0.399027
0.316049
-0.468634
-0.776736
-0.849759
-0.923709
-0.58514
-0.362321
-0.953359
-0.92099
-0.987581
-0.909464
-0.912296
-0.938509
-0.915659
-0.948973
-0.994886
-0.562138
-0.365624
-0.909116
-0.84609
-0.929281
-0.836358
-0.923467
-0.913126
-0.988296
-0.914175
-0.822759
-0.370492
-0.773949
-0.836936
-0.413706
-0.95654
-0.908745
-0.587151
-0.376405
-0.995986
-0.955195
-0.915767
-0.915646
-0.860274
-0.601721
-0.961074
-0.840375
-0.934736
-0.964537
-0.923226
-0.952179
-0.857282
-0.779782
-0.596342
-0.934321
-0.966123
-0.99674
-0.853691
-0.923126
0.292478
-0.345463
0.269648
-0.425113
-0.861463
-0.771675
-0.950504
-0.921038
-0.60016
-0.96765
-0.922543
-0.620554
-0.953467
-0.99862
-0.83682
-0.921458
-0.837441
-0.991844
-0.995457
-0.827489
-0.909802
-0.848289
-0.785704
-0.619839
-0.958177
-0.924967
-0.949901
-0.997389
-0.92958
-0.838483
-0.907506
-0.918448
-0.973616
-0.926819
-0.627369
-0.415198
-0.835818
-0.919106
-0.916997
-0.964105
-0.926222
-0.915394
-0.989853
-0.389539
-0.951141
-0.993037
-0.93172
-0.924814
-0.404686
-0.823719
-0.764439
-0.949635
-0.356686
-0.613775
-0.919123
-0.996109
-0.915799
-0.835518
-0.602832
-0.459287
0.270799
-0.435436
-0.917851
-0.56656
-0.74589
-0.842488
-0.397559
-0.943282
-0.938917
-0.993194
-0.919748
-0.996924
-0.997361
-0.933518
-0.947983
-0.968613
-0.804961
-0.945744
-0.966264
-0.924819
-0.995618
-0.921051
-0.952211
-0.942465
-0.953265
-0.438239
-0.590311
-0.913345
-0.836074
-0.912266
-0.913512
-0.821009
-0.926064
-0.855577
-0.569032
-0.832075
-0.947837
-0.932194
-0.944227
-0.911051
-0.58875
-0.928355
-0.99616
-0.97051
-0.852018
-0.915438
0.348416
-0.347838
-0.589039
-0.754541
0.400885
-0.439953
-0.574259
-0.914381
-0.943174
-0.899774
-0.827114
-0.989843
-0.552251
-0.346137
0.366381
-0.428663
-0.875095
-0.956857
-0.919698
-0.771723
-0.568439
-0.944966
-0.89889
-0.53849
-0.804181
-0.922171
-0.992212
-0.890553
-0.803775
-0.934685
-0.917691
-0.853085
-0.924303
-0.968342
-0.923676
-0.41649
-0.626741
-0.856815
-0.942478
-0.918869
-0.954237
-0.961199
-0.905093
-0.834617
-0.909101
-0.562761
-0.997868
-0.360395
0.198152
-0.905776
-0.596081
-0.32102
0.332168
-0.782526
-0.548695
-0.379879
-0.572874
-0.913456
-0.949252
-0.987846
-0.824017
-0.999863
-0.991907
-0.945151
-0.932397
-0.914268
-0.959625
-0.924333
-0.958844
-0.950984
-0.779785
-0.964866
-0.999344
-0.627845
-0.94555
-0.952562
-0.965312
-0.961903
-0.791392
-0.954229
-0.910188
-0.916503
-0.930382
-0.832948
-0.416392
-0.917829
-0.916465
-0.99473
-0.953979
-0.920821
-0.939445
-0.908032
-0.831369
-0.921981
-0.994954
-0.911902
-0.947192
-0.908013
-0.824191
-0.328037
-0.980461
-0.530667
-0.402168
-0.920713
-0.575329
-0.456064
-0.962205
-0.762175
-0.844796
-0.918503
-0.995652
-0.921875
-0.944369
-0.941381
-0.854835
-0.996992
-0.855758
-0.959754
-0.999244
-0.582927
-0.91735
-0.85071
-0.996031
-0.962298
-0.860244
-0.921034
-0.955788
-0.602242
-0.795902
0.274787
-0.928462
-0.572738
-0.432149
-0.578961
-0.404989
0.307924
-0.755735
-0.971435
-0.852265
-0.917815
-0.823039
-0.996971
-0.921276
-0.951634
-0.995482
-0.847391
-0.963728
-0.942148
-0.639465
-0.799655
-0.593722
-0.932923
-0.844893
-0.96135
-0.996582
-0.876621
-0.934932
-0.959697
-0.922948
-0.922838
-0.325669
-0.912388
-0.898501
-0.956397
-0.99021
-0.91241
-0.910997
-0.912434
-0.813208
-0.92328
-0.449271
-0.55185
-0.931836
-0.95287
-0.359752
-0.858259
-0.780454
-0.957435
-0.918414
-0.815996
-0.921687
-0.382946
-0.572945
-0.995991
-0.963371
-0.414184
-0.613264
-0.380303
-0.613518
-0.411267
-0.577477
-0.950312
-0.921554
-0.998302
-0.967466
-0.9233
-0.999626
-0.993144
-0.947364
-0.976946
-0.804572
-0.926313
-0.952984
-0.948534
-0.94652
-0.997195
-0.925849
-0.955419
-0.963017
-0.904713
0.418686
-0.917867
-0.8436
-0.918858
-0.823884
-0.934357
-0.829335
-0.999198
-0.538258
-0.908742
-0.550715
-0.902156
-0.554059
-0.315395
-0.945607
-0.992357
-0.937657
-0.922397
-0.993354
-0.631528
-0.396432
-0.970901
-0.923458
-0.593802
-0.937847
-0.618267
-0.784909
-0.831171
-0.317479
-0.83771
-0.917263
0.31498
-0.386001
-0.834305
-0.564571
-0.423489
-0.626137
-0.393056
-0.592486
-0.369903
0.369497
-0.83011
-0.934723
-0.85593
-0.90781
-0.826605
-0.920099
-0.957472
-0.914032
-0.584733
-0.992465
-0.582909
-0.90898
-0.536584
-0.905258
-0.950189
-0.32777
-0.950607
-0.925437
-0.991211
-0.920816
-0.957514
-0.583597
-0.994358
-0.960192
-0.38226
-0.584817
-0.918683
-0.560822
-0.915516
-0.997219
-0.949392
-0.932312
-0.847462
-0.757706
-0.825674
-0.369075
0.312641
-0.915552
-0.840412
-0.363445
-0.948475
-0.930565
-0.994856
-0.956418
-0.920871
-0.923037
-0.966087
-0.785623
-0.951815
-0.929631
-0.582046
-0.410064
0.385674
-0.324097
0.336607
-0.90684
-0.909003
-0.989349
-0.932307
-0.853389
-0.92564
-0.919277
-0.911165
-0.96528
-0.935779
-0.945764
-0.611605
-0.412148
-0.929594
-0.866749
-0.356813
-0.944384
-0.918149
-0.899472
-0.917758
-0.856454
-0.430789
-0.755548
-0.831787
-0.327392
-0.950771
-0.919215
-0.546656
-0.995492
-0.960388
-0.934747
-0.842799
-0.623812
-0.96657
-0.856564
-0.927595
-0.992514
-0.831648
-0.929887
-0.96214
-0.999038
-0.83495
-0.775912
-0.615203
-0.919902
-0.962085
0.334699
-0.426956
0.222596
-0.34863
-0.845214
-0.948737
-0.927219
-0.611513
-0.966
-0.995184
-0.826327
-0.92186
-0.957097
-0.999473
-0.858168
-0.94315
-0.859259
-0.786923
-0.613075
-0.963405
-0.925113
-0.930111
-0.961317
-0.917225
-0.86479
-0.921032
-0.914038
-0.94981
-0.915885
-0.555684
-0.987196
-0.340007
-0.836394
-0.923453
-0.913442
-0.921597
-0.990314
-0.996001
-0.909871
-0.8473
-0.408032
-0.946747
-0.9992
-0.90558
-0.927987
-0.362505
-0.812774
-0.756527
-0.948602
-0.376088
-0.560497
-0.91402
-0.60484
-0.395499
0.31361
-0.928308
-0.928865
-0.992046
-0.926501
-0.935385
-0.950494
-0.962583
-0.78662
-0.948851
-0.958217
-0.915559
-0.93083
-0.860769
-0.929575
-0.932589
-0.952944
-0.913383
-0.951986
-0.374391
-0.991078
-0.556917
-0.920589
-0.850354
-0.95466
-0.910784
-0.820742
-0.584133
-0.822653
-0.987583
-0.954978
-0.911266
-0.921942
-0.960472
-0.908036
-0.847994
-0.998071
-0.567892
-0.422788
-0.582923
-0.907316
-0.990184
-0.936876
-0.848541
-0.926791
0.362229
-0.31078
-0.555513
-0.758759
0.380409
-0.345156
-0.566783
0.385434
-0.3643
-0.837664
-0.950337
-0.913728
-0.575119
-0.839398
-0.942738
-0.992451
-0.907884
-0.93119
-0.953153
-0.92556
-0.91753
-0.824479
-0.932834
-0.964959
-0.913659
-0.397199
-0.589208
-0.995764
-0.844811
-0.938415
-0.573372
-0.918585
-0.957674
-0.989296
-0.831532
-0.958325
-0.924202
-0.853422
-0.938767
-0.58578
-0.45236
0.26546
-0.908379
-0.574414
-0.407324
0.366482
-0.766439
-0.596626
-0.383987
-0.993385
-0.916684
-0.927316
-0.99769
-0.99127
-0.933247
-0.992055
-0.945991
-0.920462
-0.949523
-0.953553
-0.783472
-0.953365
-0.534239
-0.923659
-0.936899
-0.924116
-0.919123
-0.849832
-0.421779
-0.928483
-0.917712
-0.954246
-0.945377
-0.900007
-0.825515
-0.910544
-0.989664
-0.909361
-0.993203
-0.922867
-0.961056
-0.923455
-0.873272
-0.424157
-0.61487
-0.367101
-0.912053
-0.603233
-0.386334
-0.94801
-0.774332
-0.832283
-0.949613
-0.966675
-0.925719
-0.845957
-0.818728
-0.948866
-0.986172
-0.626808
-0.910581
-0.824752
-0.962454
-0.839696
-0.901617
-0.956866
-0.577317
-0.765097
-0.820432
-0.9442
-0.999013
-0.980823
-0.932123
-0.96334
-0.930632
-0.850115
-0.575506
-0.912189
-0.839314
-0.939376
-0.992214
-0.851273
-0.947828
-0.911179
-0.548677
-0.748647
-0.959752
-0.921328
-0.832482
-0.90442
-0.998779
-0.939831
-0.938246
-0.933262
-0.85613
-0.915826
-0.45664
-0.929399
-0.931247
-0.95839
-0.969966
-0.923358
-0.839017
-0.926688
-0.394544
-0.612736
-0.921545
-0.370522
-0.58346
-0.916975
-0.959512
-0.413814
-0.832683
-0.783525
-0.958073
-0.386393
-0.633818
-0.430635
-0.574068
-0.392602
-0.588139
-0.768482
-0.916008
-0.95696
-0.784074
-0.846626
-0.433255
-0.839125
-0.381336
-0.833868
-0.926013
0.367349
-0.770124
-0.939182
-0.951966
-0.994108
-0.92794
-0.94746
-0.766268
-0.84259
-0.922342
0.314632
-0.369377
-0.850958
-0.391955
-0.830844
-0.999685
-0.941304
-0.924873
-0.997907
-0.605759
-0.910912
-0.579878
-0.409402
-0.955412
-0.926236
-0.568004
-0.77838
-0.925595
-0.953166
-0.984521
-0.918819
-0.957192
-0.989962
-0.963168
-0.930705
-0.95567
-0.926094
-0.596334
-0.341841
-0.552119
-0.396042
-0.588847
-0.408936
-0.833372
-0.803647
-0.853915
-0.412666
-0.861581
-0.369801
0.330573
-0.930148
-0.758365
-0.959903
-0.924732
-0.840677
-0.77529
0.358701
-0.925399
-0.853854
-0.385654
-0.848851
-0.472916
-0.615905
-0.997713
-0.617397
-0.938125
-0.97129
-0.4131
-0.606361
-0.921733
-0.998967
-0.944487
-0.907392
-0.769304
-0.963472
-0.923433
-0.996864
-0.918627
-0.964844
-0.843951
-0.747234
-0.82984
-0.321429
0.355449
-0.910244
-0.804014
-0.385571
-0.543214
-0.995562
-0.936386
-0.399683
-0.591183
-0.914636
-0.597748
-0.91711
-0.984875
-0.943841
-0.90382
-0.552527
-0.99147
-0.545861
-0.930131
-0.579646
-0.91951
-0.956239
-0.373156
0.257078
-0.840902
-0.931874
-0.836913
-0.929894
-0.838333
-0.921823
-0.964679
-0.91015
-0.997828
-0.912133
-0.955579
-0.960535
-0.909537
-0.59697
-0.400998
0.351851
-0.386783
0.274408
-0.380943
-0.790716
-0.850141
-0.930243
-0.621297
-0.398202
-0.961089
-0.831609
-0.76195
-0.919111
-0.943611
-0.552112
-0.918244
-0.959143
-0.791707
-0.942167
-0.961701
-0.970887
-0.9346
-0.990725
-0.917366
0.314639
-0.750706
0.347783
-0.382949
-0.607395
-0.367556
-0.580414
-0.928993
-0.959301
-0.990778
-0.552217
-0.926054
-0.854538
-0.428932
-0.581961
-0.983501
-0.945522
-0.916778
-0.82442
-0.37454
-0.775784
-0.841497
-0.406193
-0.953653
-0.901426
-0.61582
-0.332801
-0.986497
-0.961598
-0.936328
-0.934231
-0.995491
-0.904501
-0.826782
-0.924774
-0.993703
-0.934694
-0.90569
-0.96041
-0.99322
-0.576779
-0.4038
-0.91125
-0.832453
-0.927231
-0.836226
-0.924272
-0.917537
-0.916368
-0.944742
0.324846
-0.363098
0.335344
-0.412248
-0.845625
-0.764457
-0.965749
-0.913204
-0.544026
-0.365728
-0.86133
-0.782823
-0.644869
-0.913853
-0.959611
-0.46581
0.29128
-0.91181
0.333114
-0.771131
-0.595701
-0.357558
-0.577546
-0.404147
-0.588732
-0.951177
-0.997202
-0.914014
-0.831143
-0.962073
-0.912424
-0.572788
-0.843741
-0.92997
-0.329141
-0.955313
-0.920852
-0.95491
-0.792966
-0.959006
-0.965616
-0.993393
-0.939146
-0.999347
-0.846507
-0.731669
-0.548261
-0.933459
-0.917374
-0.932145
-0.988507
-0.990657
-0.826819
-0.90557
-0.535041
-0.934337
-0.990377
-0.807793
-0.896121
-0.829003
-0.949375
-0.902139
-0.995043
-0.551071
-0.352897
0.331556
-0.411257
-0.923024
-0.565039
-0.787741
-0.834951
-0.329733
-0.956741
-0.82588
-0.929735
-0.952395
-0.783622
-0.596565
-0.36631
-0.389664
-0.951058
-0.769597
-0.828757
-0.916394
-0.571403
-0.383624
-0.913759
-0.947945
-0.907893
-0.914073
-0.993769
-0.810395
-0.837245
-0.604921
-0.772806
-0.925141
-0.955793
-0.836871
-0.933712
-0.963674
-0.920187
-0.969244
-0.937861
-0.750287
-0.964999
-0.952302
-0.891418
-0.990695
-0.986869
-0.905195
-0.984073
-0.909766
-0.999009
0.34277
-0.392376
-0.826256
-0.962444
-0.921974
-0.781868
-0.569901
-0.362548
-0.569259
-0.912606
-0.837554
-0.750405
-0.951391
-0.356257
-0.827253
-0.601129
-0.784325
-0.961895
-0.937748
-0.959729
-0.819593
-0.899886
-0.409593
-0.949446
-0.387082
-0.834881
-0.794054
-0.59894
-0.920528
-0.906193
-0.853386
-0.428711
-0.908063
-0.951884
-0.992116
-0.913779
0.276508
-0.920748
-0.618366
-0.423193
0.272069
-0.791085
-0.557663
-0.459397
-0.555829
-0.934143
-0.966605
-0.869904
-0.956741
-0.91628
-0.847591
-0.913406
-0.546542
-0.371897
-0.604111
-0.844323
-0.955234
-0.923353
-0.865923
-0.957509
-0.924406
-0.947462
-0.936829
-0.419922
-0.613286
-0.842812
-0.92083
-0.916121
-0.958204
-0.928853
-0.923743
-0.838868
-0.914331
-0.58566
-0.913534
-0.94305
-0.955421
-0.957149
-0.757214
-0.954838
-0.92385
0.313657
-0.41148
-0.574446
-0.405909
-0.561751
-0.771851
0.297452
-0.361673
-0.439117
-0.964097
-0.928695
-0.619621
-0.791482
-0.861793
-0.924923
-0.917396
-0.96119
-0.36992
-0.918797
-0.864323
-0.536367
-0.844879
-0.588771
-0.915399
-0.965082
-0.786407
-0.628585
-0.828064
-0.923643
-0.994845
-0.951743
-0.430528
-0.931772
-0.607008
-0.40943
-0.966854
-0.766229
-0.860882
-0.905546
-0.929277
-0.95681
-0.929422
-0.841643
-0.381224
-0.997943
-0.581697
-0.434964
-0.924155
-0.921148
-0.955489
-0.936948
-0.905412
-0.928601
-0.93121
-0.850146
-0.853926
-0.931913
-0.998771
-0.961568
-0.922177
0.393081
-0.92975
-0.594165
-0.392836
-0.595717
-0.417065
0.353585
-0.773461
-0.952088
-0.919591
-0.959445
-0.958449
-0.955634
-0.768281
-0.839743
-0.61372
-0.962577
-0.927443
-0.79313
-0.607135
-0.84707
-0.924223
-0.955359
-0.991628
-0.988237
-0.387104
-0.946169
-0.394696
-0.560591
-0.933956
-0.837507
-0.760623
-0.960958
-0.920562
-0.358033
-0.838971
-0.929742
-0.611598
-0.990242
-0.929623
-0.99224
-0.84586
-0.95612
-0.916948
-0.594264
-0.784185
-0.526083
-0.921061
-0.847876
-0.961883
-0.9995
-0.992264
-0.955366
-0.995569
-0.847925
-0.920609
-0.846671
-0.993041
-0.917819
-0.954811
-0.951687
-0.368155
-0.572049
-0.383877
-0.585549
-0.360682
-0.575847
-0.766901
-0.917263
-0.947768
-0.99466
-0.924535
-0.958836
-0.782742
-0.917306
-0.946212
-0.992656
-0.996827
-0.547237
-0.905629
-0.570039
-0.35886
-0.958424
-0.907209
-0.556489
-0.788034
-0.831496
-0.908908
0.383507
-0.408668
-0.847452
-0.400766
-0.831281
-0.990033
-0.95648
-0.910511
-0.990849
-0.913064
-0.949598
-0.715019
-0.915553
-0.968555
-0.989666
-0.990621
-0.964608
-0.912957
-0.994831
-0.947263
-0.914817
-0.589909
-0.407773
-0.574256
-0.393357
-0.634468
-0.384033
-0.828381
-0.754885
-0.822332
-0.357784
-0.832608
-0.34884
0.42553
-0.915582
-0.960774
-0.93796
-0.856089
-0.786579
0.271081
-0.938735
-0.852383
-0.410144
-0.844644
-0.380142
-0.57479
-0.997586
-0.558598
-0.924207
-0.950222
-0.400118
-0.604354
-0.91122
-0.764242
-0.972827
-0.932148
-0.994415
-0.902945
-0.938208
-0.969642
-0.930347
-0.855529
-0.773765
-0.828972
-0.407308
0.342165
-0.926982
-0.853423
-0.387377
-0.569886
-0.998976
-0.948549
-0.387952
-0.580165
-0.921395
-0.587337
-0.91181
-0.957233
-0.939361
-0.595364
-0.641494
-0.947887
-0.596901
-0.940068
-0.974675
-0.42892
0.378672
-0.831282
-0.934329
-0.853171
-0.92958
-0.859445
-0.926526
-0.991385
-0.93003
-0.954353
-0.966034
-0.916149
-0.587438
-0.345871
0.198104
-0.438252
0.378081
-0.363036
-0.765587
-0.840105
-0.918426
-0.597304
-0.405677
-0.954966
-0.931708
-0.950777
-0.778847
-0.940901
-0.954652
-0.951534
-0.917935
-0.590419
-0.986155
-0.957025
-0.918064
-0.840089
-0.924382
0.338933
-0.738981
0.250491
-0.320276
-0.600338
-0.433442
-0.542064
-0.900151
-0.953798
-0.992536
-0.576059
-0.921117
-0.811788
-0.335355
-0.996962
-0.930801
-0.850081
-0.400268
-0.743588
-0.839934
-0.431624
-0.956698
-0.925776
-0.624028
-0.380905
-0.999101
-0.956643
-0.927523
-0.934413
-0.923449
-0.917283
-0.922047
-0.953424
-0.920864
-0.949011
-0.993825
-0.615507
-0.401458
-0.921796
-0.824674
-0.891546
-0.841842
-0.912341
-0.925833
0.228921
-0.371732
0.29932
-0.41363
-0.840219
-0.773027
-0.956915
-0.918573
-0.57387
-0.956489
-0.924165
-0.587668
-0.996479
-0.850191
-0.920569
-0.417781
0.25839
-0.921193
0.321121
-0.798815
-0.626696
-0.397345
-0.566347
-0.366429
-0.5861
-0.963623
-0.925624
-0.84511
-0.917865
-0.996478
-0.953116
-0.918653
-0.96907
-0.779979
-0.948416
-0.963811
-0.993136
-0.987651
-0.842804
-0.919961
-0.818568
-0.7542
-0.559268
-0.954826
-0.918093
-0.951544
-0.997606
-0.955791
-0.919155
-0.56003
-0.95834
-0.833191
-0.916987
-0.835613
-0.994022
-0.58577
-0.43848
0.393818
-0.325373
-0.908481
-0.565506
-0.749662
-0.816954
-0.346908
-0.948878
-0.937732
-0.866453
-0.474511
-0.416576
-0.978185
-0.814039
-0.855828
-0.927099
-0.591062
-0.384187
-0.930829
-0.964491
-0.937781
-0.94986
-0.988238
-0.821318
-0.59397
-0.732004
-0.923704
-0.937142
-0.808382
-0.988301
-0.890831
-0.905438
-0.964982
-0.94986
-0.758543
-0.962298
-0.953348
-0.906009
-0.993951
-0.921589
-0.998812
-0.911363
-0.9897
0.29335
-0.414693
-0.850335
-0.958738
-0.922376
-0.78688
-0.591746
-0.829097
-0.990643
-0.927891
-0.847759
-0.572389
-0.738171
-0.943313
-0.908311
-0.953368
-0.996032
-0.424474
-0.930855
-0.962057
-0.934998
-0.420606
-0.952732
-0.444438
-0.844522
-0.798402
-0.649984
-0.922788
-0.930278
-0.992163
-0.842233
-0.958402
-0.905327
-0.830621
-0.903972
-0.57936
-0.985263
-0.99977
-0.372216
0.336792
-0.908327
-0.513193
-0.321562
0.347086
-0.751195
-0.55694
-0.388302
-0.584425
-0.916579
-0.960655
-0.993676
-0.845426
-0.937219
-0.907614
-0.544207
-0.827561
-0.936953
-0.995451
-0.910892
-0.828284
-0.923955
-0.915651
-0.849863
-0.922971
-0.962751
-0.910454
-0.402494
-0.602105
-0.995347
-0.844219
-0.91651
-0.925321
-0.960442
-0.617109
-0.927712
-0.944447
-0.96423
-0.966616
-0.789135
-0.948455
-0.911721
-0.954615
-0.3733
-0.923239
-0.833057
-0.995843
-0.611821
-0.420061
-0.433129
-0.967665
-0.938696
-0.591435
-0.766992
-0.840075
-0.928641
-0.5764
-0.834707
-0.911262
-0.992654
-0.951884
-0.850107
-0.588507
-0.919233
-0.962397
-0.793742
-0.994705
-0.918183
-0.947993
-0.915038
-0.817344
-0.380165
-0.978871
-0.58637
-0.333601
-0.903052
-0.585367
-0.423017
-0.953981
-0.780797
-0.851917
-0.927753
-0.907958
-0.908144
-0.91705
-0.835479
-0.395218
-0.928575
-0.918642
-0.997856
-0.959185
-0.930994
-0.946923
-0.920304
-0.839085
-0.924202
-0.99539
0.358434
-0.92725
-0.58017
-0.407285
-0.589426
-0.376181
0.300044
-0.777523
-0.859537
-0.599831
-0.96914
-0.9238
-0.776049
-0.593388
-0.860884
-0.939986
-0.972079
-0.99979
-0.916545
-0.991222
-0.371048
-0.938058
-0.441112
-0.530009
-0.921516
-0.848717
-0.747566
-0.937279
-0.919578
-0.354313
-0.840724
-0.894484
-0.528114
-0.993945
-0.996084
-0.831675
-0.937454
-0.914536
-0.583941
-0.784063
-0.565878
-0.922245
-0.84729
-0.959824
-0.99712
-0.952255
-0.830765
-0.925501
-0.835725
-0.98645
-0.99734
-0.916634
-0.943205
-0.960887
-0.414168
-0.585128
-0.387714
-0.572058
-0.400159
-0.596173
-0.999829
-0.919694
-0.953408
-0.764227
-0.935455
-0.939779
-0.995269
-0.959331
-0.928121
-0.995827
-0.583489
-0.909681
-0.628084
-0.331374
-0.957873
-0.923907
-0.577186
-0.7469
-0.842612
-0.912124
0.354609
-0.412451
-0.816892
-0.35071
-0.842083
-0.996606
-0.992109
-0.920238
-0.964621
-0.76598
-0.923999
-0.95718
-0.988317
-0.963142
-0.922952
-0.98111
-0.954876
-0.91499
-0.592036
-0.418155
-0.624902
-0.370326
-0.597621
-0.433131
-0.582613
-0.999878
-0.596094
-0.936104
-0.962724
-0.431521
-0.622349
-0.936223
-0.956097
-0.928652
-0.852592
-0.790478
0.39189
-0.938666
-0.847733
-0.46052
-0.872972
-0.362918
-0.993837
-0.92195
-0.96283
-0.999752
-0.794531
-0.967739
-0.913909
-0.591104
-0.987189
-0.954344
-0.396396
-0.563016
-0.928094
-0.566199
-0.923193
-0.995202
-0.95253
-0.926478
-0.850297
-0.76595
-0.838214
-0.388323
0.348406
-0.92601
-0.835369
-0.349749
0.249823
-0.835838
-0.938472
-0.833993
-0.916423
-0.853402
-0.913864
-0.964149
-0.929919
-0.550527
-0.995801
-0.590181
-0.938832
-0.615397
-0.92556
-0.966157
-0.410926
-0.963083
-0.920395
-0.995595
-0.92394
-0.949587
-0.591137
-0.422052
0.384715
-0.412097
0.301793
-0.926807
-0.995993
-0.923043
-0.944901
-0.777982
-0.938513
-0.970729
-0.952069
-0.921007
-0.954767
-0.997303
-0.599181
-0.926413
-0.839403
-0.430886
-0.586946
-0.990387
-0.970433
-0.905952
-0.840554
-0.912512
0.31689
-0.743245
0.365554
-0.416192
-0.53657
-0.36753
-0.584634
-0.373663
-0.999054
-0.962686
-0.920599
-0.916139
-0.991347
-0.920103
-0.855359
-0.383531
-0.768953
-0.830876
-0.368308
-0.95205
-0.922243
-0.579893
-0.936279
-0.90449
-0.994671
-0.901634
-0.847667
-0.9257
-0.915205
-0.923169
-0.952882
-0.907232
-0.948096
-0.98685
-0.571144
-0.347603
-0.920121
-0.822306
0.28925
-0.350069
0.348027
-0.42298
-0.584329
-0.966388
-0.936969
-0.863378
-0.95753
-0.932726
-0.580837
-0.844456
-0.921773
-0.405929
0.321693
-0.931588
0.194842
-0.810201
-0.601111
-0.472272
-0.651453
-0.400913
-0.995283
-0.923234
-0.967533
-0.929193
-0.970499
-0.746177
-0.955434
-0.944714
-0.956677
-0.992685
-0.833785
-0.92815
-0.844821
-0.779749
-0.59841
-0.957401
-0.919317
-0.859069
-0.958047
-0.928535
-0.553368
-0.959023
-0.86538
-0.931934
-0.997936
-0.563803
-0.406396
0.25187
-0.426958
-0.946697
-0.975616
-0.945854
-0.922877
-0.99935
-0.850906
-0.392812
-0.481093
-0.980852
-0.794882
-0.881232
-0.951711
-0.60586
-0.839082
-0.990121
-0.922751
-0.95798
-0.984727
-0.852857
-0.540564
-0.763483
-0.910568
-0.945589
-0.927681
-0.996723
-0.926926
-0.953827
-0.962827
-0.785166
-0.946582
-0.959074
-0.941731
-0.914715
-0.993669
0.327733
-0.364713
-0.943007
-0.999066
-0.836599
-0.991763
-0.912941
-0.826383
-0.551401
-0.789078
-0.963932
-0.902486
-0.917268
-0.997812
-0.856744
-0.436823
-0.940963
-0.941695
-0.920312
-0.426289
-0.948929
-0.355833
-0.840944
-0.754213
-0.573425
-0.92137
-0.584637
-0.929904
-0.94895
-0.849682
-0.970399
-0.928024
-0.85429
-0.920685
-0.603411
-0.475495
0.204917
-0.928372
-0.617219
-0.393323
0.313251
-0.794247
-0.623046
-0.415761
-0.855771
-0.970105
-0.930358
-0.544856
-0.842048
-0.962124
-0.930262
-0.930762
-0.961452
-0.929242
-0.946659
-0.861794
-0.933679
-0.95282
-0.927709
-0.443493
-0.581529
-0.998703
-0.865566
-0.920075
-0.608043
-0.918887
-0.922247
-0.956904
-0.372351
-0.920912
-0.829694
-0.987752
-0.562431
-0.370435
-0.408177
-0.962962
-0.920316
-0.618216
-0.791862
-0.835094
-0.603011
-0.866153
-0.90805
-0.953702
-0.858188
-0.571301
-0.928362
-0.944643
-0.758813
-0.926273
-0.92654
-0.954481
-0.914447
-0.830122
-0.382423
-0.995834
-0.6135
-0.417273
-0.927806
-0.592487
-0.425928
-0.961073
-0.783285
-0.848185
-0.935347
-0.910441
-0.934302
-0.915118
-0.846082
-0.339518
-0.921439
-0.93337
-0.963965
-0.966489
-0.92851
-0.851689
-0.918514
-0.609471
-0.872055
-0.943192
-0.975489
-0.851574
-0.626556
-0.968007
-0.950344
-0.776321
-0.941718
-0.913131
-0.356434
-0.820299
-0.914759
-0.565902
-0.985872
-0.925071
-0.995357
-0.39543
-0.933494
-0.336296
-0.566625
-0.903475
-0.828934
-0.739322
-0.577678
-0.931621
-0.843477
-0.952326
-0.847476
-0.95848
-0.925593
-0.586172
-0.769315
-0.867661
-0.948883
-0.922368
-0.953936
-0.921965
-0.827107
-0.986988
-0.963915
-0.44126
-0.625491
-0.437813
-0.606955
-0.424341
-0.601564
-0.77432
-0.930035
-0.959374
-0.775476
-0.842418
-0.413149
-0.873344
-0.405668
-0.859022
-0.942451
0.384048
-0.782422
-0.937014
-0.954009
-0.99509
-0.928797
-0.958733
-0.997546
-0.948956
-0.917254
-0.959014
-0.916104
-0.763635
-0.91647
-0.961265
-0.99997
-0.985449
-0.925912
-0.950538
-0.996363
-0.563286
-0.399918
-0.60292
-0.375166
-0.59393
-0.429241
-0.846068
-0.747504
-0.845547
-0.407921
-0.855048
-0.413723
0.216792
-0.919981
-0.78442
-0.935688
-0.928485
-0.868117
-0.775101
0.260921
-0.931443
-0.874131
-0.413152
-0.844674
-0.472738
-0.602883
-0.992175
-0.570747
-0.908639
-0.958289
-0.367599
-0.559921
-0.909577
-0.995299
-0.960487
-0.933456
-0.989145
-0.9061
-0.955069
-0.953459
-0.916416
-0.823479
-0.736632
-0.829324
-0.340591
0.310779
-0.914348
-0.817906
-0.36512
-0.569514
-0.993348
-0.947052
-0.334125
-0.566313
-0.908492
-0.55182
-0.90366
-0.994575
-0.954412
-0.909307
-0.60757
-0.99084
-0.603466
-0.921039
-0.573439
-0.923222
-0.94836
-0.375897
0.340967
-0.832559
-0.916818
-0.83156
-0.922346
-0.816754
-0.896666
-0.930578
-0.926838
-0.593849
-0.429339
0.36514
-0.412659
0.1983
-0.420717
-0.769659
-0.847113
-0.932619
-0.571649
-0.385366
-0.945685
-0.842184
-0.772709
-0.929702
-0.966407
-0.576206
-0.930564
-0.958507
-0.776879
-0.966781
-0.939221
-0.958154
-0.912979
-0.994586
-0.999067
-0.932877
-0.936613
-0.993814
-0.53245
-0.381195
-0.902266
-0.839814
-0.903419
-0.827388
-0.911398
-0.920617
-0.920241
-0.947194
-0.342571
-0.735143
-0.83265
-0.326318
-0.943944
-0.909143
-0.525423
-0.366603
-0.987192
-0.945757
-0.902554
-0.9007
-0.997159
-0.920029
-0.821689
-0.919179
-0.997022
-0.913088
0.353225
-0.410603
0.295355
-0.371934
-0.833683
-0.752162
-0.955231
-0.926491
-0.591406
-0.406436
-0.8639
-0.814116
-0.624245
-0.939088
-0.978099
-0.4639
0.23876
-0.9055
0.325048
-0.755193
-0.594921
-0.317129
-0.535829
-0.346848
-0.540042
-0.941567
-0.973196
-0.908001
-0.799926
-0.97357
-0.905946
-0.601529
-0.844072
-0.941176
-0.405448
-0.99377
-0.837417
-0.749262
-0.571326
-0.943782
-0.915063
-0.954979
-0.987179
-0.852076
-0.91848
-0.5686
-0.956375
-0.993984
-0.824784
-0.907911
-0.834363
-0.962265
-0.924932
-0.595876
-0.394537
0.383684
-0.390496
-0.92449
-0.584492
-0.785587
-0.857109
-0.403141
-0.950064
-0.837879
-0.93122
-0.971242
-0.780643
-0.601178
-0.400014
-0.400714
-0.947602
-0.777583
-0.818998
-0.899895
-0.562533
-0.338607
-0.918803
-0.997114
-0.951494
-0.898731
-0.91998
-0.992997
-0.833833
-0.915858
-0.961998
-0.947688
-0.766723
-0.963758
-0.952641
-0.922943
-0.994532
-0.997924
-0.915725
-0.990914
-0.922689
0.263016
-0.438487
-0.84292
-0.956191
-0.922091
-0.771732
-0.601255
-0.417597
-0.587421
-0.937815
-0.851035
-0.796984
-0.97423
-0.397599
-0.854117
-0.601639
-0.739564
-0.948603
-0.926215
-0.948346
-0.988707
-0.851729
-0.927736
-0.967557
-0.907515
-0.360586
-0.58663
-0.999433
-0.83397
-0.924478
-0.920912
-0.960746
-0.919379
-0.929037
-0.851476
-0.917362
0.385252
-0.903827
-0.562987
-0.394838
0.448186
-0.756316
-0.561961
-0.339014
-0.59498
-0.910847
-0.944965
-0.994169
-0.816017
-0.953903
-0.915895
-0.854677
-0.932303
-0.593033
-0.998876
-0.363326
-0.593519
-0.846004
-0.9465
-0.992879
-0.913685
-0.83505
-0.968092
-0.925792
-0.602994
-0.922343
-0.9635
-0.954843
-0.962984
-0.789656
-0.96678
-0.937623
0.352927
-0.423216
-0.616205
-0.398795
-0.616345
-0.80524
0.254503
-0.392302
-0.414259
-0.946601
-0.926552
-0.508453
-0.73939
-0.836676
-0.911631
-0.982404
-0.929804
-0.933755
-0.390239
-0.911304
-0.85857
-0.576959
-0.841906
-0.927427
-0.9989
-0.965054
-0.933576
-0.390344
-0.923481
-0.572288
-0.367829
-0.951656
-0.750344
-0.835575
-0.931132
-0.990602
-0.921153
-0.950184
-0.933266
-0.846491
-0.401618
-0.572789
-0.361606
-0.923227
-0.910467
-0.989348
-0.94774
-0.92143
-0.938703
-0.933312
-0.922058
-0.841496
0.370774
-0.91298
-0.601738
-0.392607
-0.590686
-0.455281
0.311156
-0.752444
-0.952786
-0.927687
-0.962488
-0.956836
-0.942595
-0.771076
-0.841379
-0.593124
-0.956706
-0.913187
-0.764742
-0.523924
-0.842394
-0.917876
-0.936967
-0.98676
-0.994394
-0.926945
-0.867498
-0.933121
-0.959149
-0.848368
-0.963258
-0.927781
-0.611958
-0.790152
-0.617647
-0.929889
-0.843725
-0.963918
-0.996288
-0.999055
-0.961189
-0.998853
-0.851744
-0.950512
-0.404246
-0.605948
-0.431134
-0.607964
-0.361438
-0.560656
-0.7699
-0.916238
-0.948433
-0.996846
-0.922319
-0.954411
-0.747198
-0.93036
-0.964811
-0.993529
-0.964524
-0.928793
-0.991046
-0.954994
-0.920359
-0.992411
-0.920995
-0.954763
-0.768086
-0.918069
-0.953757
-0.997459
-0.99843
-0.585521
-0.364669
-0.564508
-0.383963
-0.54345
-0.420576
-0.861172
-0.786521
-0.855192
-0.350297
-0.84792
-0.368228
0.440998
-0.937963
-0.994043
-0.941136
-0.925906
-0.833229
-0.769016
0.303954
-0.919566
-0.829582
-0.367478
-0.827656
-0.374345
-0.568447
-0.991553
-0.630931
-0.932966
-0.957528
-0.425235
-0.609753
-0.937703
-0.995313
-0.91603
-0.9456
-0.952089
-0.935156
-0.990211
-0.954736
-0.921167
-0.818387
-0.780672
-0.854585
-0.403925
0.283326
-0.915625
-0.853471
-0.373949
-0.620942
-0.995027
-0.960571
-0.386069
-0.615703
-0.933665
-0.601198
-0.932278
-0.957615
-0.9197
-0.563834
-0.994508
-0.602745
-0.933416
-0.594773
-0.921304
-0.949488
-0.38497
0.378886
-0.852986
-0.921151
-0.848331
-0.922003
-0.845836
-0.932147
-0.617005
-0.413172
0.303816
-0.364752
0.40771
-0.389414
-0.777762
-0.839882
-0.918055
-0.581917
-0.3841
-0.955795
-0.99886
-0.918131
-0.955655
-0.799122
-0.963165
-0.957157
-0.955804
-0.920037
-0.930572
-0.958595
-0.919839
-0.953712
-0.98779
-0.576208
-0.361608
-0.926592
-0.837862
-0.921551
-0.848257
-0.928825
-0.922939
-0.995363
-0.930049
-0.851798
-0.368429
-0.792747
-0.864179
-0.386177
-0.962916
-0.934821
-0.581069
-0.389115
-0.994561
-0.958875
-0.930048
-0.928779
-0.928281
-0.920272
0.255406
-0.463122
0.318376
-0.429769
-0.863643
-0.749036
-0.956451
-0.9175
-0.54681
-0.959811
-0.910647
-0.561022
-0.992123
-0.845616
-0.919642
-0.393341
0.377746
-0.907678
0.319275
-0.739194
-0.565837
-0.37669
-0.52724
-0.337954
-0.546026
-0.958534
-0.995465
-0.910961
-0.83108
-0.99963
-0.989151
-0.851152
-0.927576
-0.8415
-0.772607
-0.602808
-0.961857
-0.917044
-0.964459
-0.989727
-0.946155
-0.91664
-0.585669
-0.957001
-0.99604
-0.833132
-0.90232
-0.801299
-0.625126
-0.38089
0.317599
-0.412692
-0.929286
-0.548094
-0.751762
-0.831075
-0.345204
-0.957116
-0.92406
-0.850527
-0.38894
-0.432977
-0.951122
-0.768406
-0.845576
-0.911994
-0.567793
-0.337771
-0.917478
-0.985052
-0.946702
-0.915841
-0.994307
-0.920016
-0.951256
-0.961461
-0.776908
-0.955452
-0.950118
-0.919896
-0.995907
-0.927373
-0.996881
-0.898115
0.272479
-0.388682
-0.850726
-0.954356
-0.916285
-0.749641
-0.5522
-0.856921
-0.945293
-0.854135
-0.629728
-0.77977
-0.956134
-0.924331
-0.95621
-0.912083
-0.906135
-0.843415
-0.913597
-0.945655
-0.904587
-0.337592
-0.525161
-0.987214
-0.831405
-0.898857
-0.917411
-0.943589
-0.948468
-0.913716
-0.827915
-0.926524
-0.611422
-0.998614
-0.397752
0.458627
-0.923606
-0.567191
-0.432381
0.399363
-0.762099
-0.596356
-0.32878
-0.583266
-0.917659
-0.95716
-0.994913
-0.833061
-0.972717
-0.932487
-0.608559
-0.854699
-0.961718
-0.916432
-0.830776
-0.538115
-0.913545
-0.967444
-0.936381
-0.939069
-0.719458
-0.960324
-0.938253
-0.961737
-0.435334
-0.940796
-0.857195
-0.998239
-0.63024
-0.376444
-0.397821
-0.947618
-0.921136
-0.589731
-0.758792
-0.822298
-0.902335
-0.99513
-0.950738
-0.928161
-0.836639
-0.9059
-0.919876
-0.955566
-0.92411
-0.851537
-0.449536
-0.999263
-0.605506
-0.37579
-0.923116
-0.601794
-0.374642
-0.957856
-0.787545
-0.821992
-0.919996
-0.99415
-0.939538
-0.947081
-0.928363
-0.858048
-0.43691
-0.930399
-0.924267
-0.996039
-0.944291
-0.896624
0.268591
-0.930869
-0.626193
-0.446907
-0.608238
-0.418292
0.232744
-0.796356
-0.8382
-0.646059
-0.963268
-0.928696
-0.794282
-0.617696
-0.871436
-0.938041
-0.970016
-0.908802
-0.816624
-0.99205
-0.927263
-0.961672
-0.995809
-0.815157
-0.962674
-0.9337
-0.588298
-0.765666
-0.574474
-0.928329
-0.862913
-0.963579
-0.958997
-0.999573
-0.846812
-0.964527
-0.472048
-0.65652
-0.431919
-0.63573
-0.487356
-0.61691
-0.998053
-0.948753
-0.971475
-0.805785
-0.943515
-0.942008
-0.953192
-0.913578
-0.996553
-0.961734
-0.928433
-0.991394
-0.929527
-0.96055
-0.762372
-0.940618
-0.94841
-0.587053
-0.372617
-0.566782
-0.399589
-0.609284
-0.415866
-0.578695
-0.993445
-0.609538
-0.914902
-0.96046
-0.31453
-0.56436
-0.922239
-0.996179
-0.960108
-0.923583
-0.838475
-0.730489
0.343229
-0.921056
-0.825274
-0.441841
-0.850319
-0.394091
-0.943971
-0.926451
-0.936161
-0.966234
-0.591176
-0.996177
-0.963548
-0.406874
-0.586146
-0.922069
-0.563878
-0.92359
-0.962494
-0.928567
-0.848619
-0.772821
-0.863485
-0.410085
0.299667
-0.935247
-0.861469
-0.40054
0.350505
-0.848202
-0.925933
-0.838833
-0.921934
-0.838994
-0.919916
-0.96043
-0.935153
-0.639253
-0.994387
-0.629674
-0.918313
-0.595197
-0.926944
-0.959014
-0.419007
-0.644909
-0.440306
0.230322
-0.487729
0.309862
-0.932082
-0.940862
-0.96252
-0.796694
-0.950993
-0.969242
-0.965126
-0.916197
-0.821405
-0.90465
-0.904064
-0.91169
-0.95178
-0.922015
-0.943073
-0.988479
-0.554961
-0.36049
-0.905304
-0.811754
-0.357587
-0.98577
-0.955254
-0.904278
-0.907137
-0.921369
-0.837593
-0.310536
-0.745213
-0.844865
-0.394272
-0.948147
-0.922935
-0.547896
-0.916649
-0.936187
0.170973
-0.388528
0.314228
-0.509283
-0.614856
-0.971014
-0.994985
-0.903012
-0.830575
-0.946383
-0.899759
-0.569394
-0.99208
-0.814524
-0.904587
-0.365879
0.329738
-0.889592
0.328492
-0.76055
-0.558082
-0.347075
-0.556677
-0.413244
-0.961452
-0.994818
-0.990556
-0.832166
-0.909089
-0.838494
-0.733204
-0.583023
-0.950748
-0.919842
-0.821104
-0.943073
-0.901538
-0.522676
-0.949238
-0.981537
-0.818428
-0.912038
-0.597629
-0.449753
0.221054
-0.391803
-0.93475
-0.939162
-0.910547
-0.935315
-0.996318
-0.859115
-0.442332
-0.40643
-0.960747
-0.759766
-0.853454
-0.93084
-0.588061
-0.998852
-0.918882
-0.992675
-0.998333
-0.91129
-0.963061
-0.951857
-0.775446
-0.953734
-0.951039
-0.911437
-0.923702
-0.997266
0.28102
-0.442779
-0.960196
-0.983967
-0.843552
-0.987287
-0.915843
-0.839288
-0.603943
-0.7763
-0.955243
-0.927702
-0.932927
-0.966132
-0.913805
-0.911089
-0.831052
-0.922369
-0.967503
-0.931383
-0.433332
-0.638343
-0.835048
-0.927314
-0.621561
-0.929578
-0.953158
-0.990654
-0.834136
-0.939202
-0.912217
-0.851879
-0.921225
-0.553274
-0.99037
-0.358931
0.35848
-0.905392
-0.586181
-0.369231
0.302394
-0.769684
-0.575583
-0.409042
-0.834956
-0.951749
-0.913253
-0.586235
-0.843803
-0.949019
-0.988926
-0.919317
-0.661874
-0.934602
-0.999019
-0.904702
-0.941701
-0.375439
-0.904645
-0.81258
-0.98068
-0.558515
-0.382234
-0.449356
-0.957272
-0.918205
-0.587622
-0.768146
-0.860517
-0.945351
-0.911534
-0.862926
-0.943865
-0.995943
-0.940053
-0.99621
-0.896725
-0.949259
-0.927158
-0.829869
-0.348756
-0.994894
-0.55452
-0.413458
-0.928625
-0.563363
-0.440785
-0.960678
-0.770717
-0.857852
-0.921966
-0.899992
-0.913904
-0.909249
-0.819113
-0.34133
-0.925235
-0.91686
-0.989072
-0.958265
-0.624498
-0.866466
-0.910252
-0.956908
-0.877776
-0.637342
-0.963762
-0.947212
-0.800967
-0.905528
-0.940778
-0.918167
-0.829277
-0.98339
-0.551415
-0.923937
-0.826029
-0.947028
-0.987511
-0.998829
-0.822116
-0.953637
-0.930567
-0.603927
-0.756199
-0.844529
-0.973597
-0.956091
-0.453691
-0.580605
-0.430682
-0.568689
-0.344824
-0.584392
-0.77675
-0.916363
-0.966049
-0.787239
-0.825792
-0.38025
-0.84584
-0.367275
-0.85669
-0.930938
0.361992
-0.99372
-0.995578
-0.951545
-0.927118
-0.957828
-0.925319
-0.762558
-0.927894
-0.947646
-0.928781
-0.960384
-0.54544
-0.393179
-0.587719
-0.449313
-0.58047
-0.402437
-0.845967
-0.766818
-0.819353
-0.312062
-0.83162
-0.407063
0.296177
-0.9056
-0.776733
-0.949833
-0.916947
-0.584724
-0.993965
-0.595383
-0.922903
-0.594561
-0.918025
-0.941014
-0.425608
0.414947
-0.816592
-0.923817
-0.857869
-0.922562
-0.852507
-0.929694
-0.952783
-0.918541
-0.995803
-0.89837
-0.959425
-0.961083
-0.912171
-0.834729
-0.783548
-0.843359
-0.387996
0.304863
-0.931773
-0.834063
-0.380414
-0.596889
-0.993502
-0.954557
-0.377946
-0.579473
-0.928775
-0.575957
-0.906358
-0.959339
-0.917738
-0.576929
-0.431931
0.3405
-0.363937
0.322995
-0.372707
-0.739862
-0.789875
-0.912346
-0.550061
-0.287654
-0.934067
-0.83111
-0.781927
-0.927929
-0.972561
-0.607068
-0.911528
-0.99339
-0.898047
-0.920536
-0.94666
-0.999318
-0.549096
-0.419043
-0.909524
-0.844508
-0.925308
-0.821894
-0.91957
-0.917571
-0.92861
-0.954307
-0.404609
-0.780314
-0.836132
-0.354512
-0.95792
-0.913477
-0.553427
-0.385437
-0.991934
-0.941109
-0.904749
-0.899455
-0.998398
-0.933747
-0.84959
0.340904
-0.422883
0.364336
-0.370115
-0.846691
-0.733411
-0.957744
-0.928824
-0.58681
-0.406012
-0.824544
-0.769961
-0.588719
-0.925357
-0.960392
-0.367871
-0.588043
-0.961935
-0.847073
-0.933322
-0.815951
-0.949596
-0.923045
-0.984783
-0.827058
-0.78461
-0.605624
-0.954261
-0.918352
-0.961962
-0.993535
-0.849697
-0.920556
-0.625629
-0.370333
0.331638
-0.437569
-0.9222
-0.526922
-0.781871
-0.863498
-0.402087
-0.949997
-0.845127
-0.921794
-0.957461
-0.777818
-0.585867
-0.922226
-0.996527
-0.904494
-0.924497
-0.943705
-0.96284
-0.790659
-0.951906
-0.96008
-0.939313
-0.999772
0.33073
-0.434104
-0.844848
-0.953225
-0.910696
-0.788684
-0.595502
-0.368919
-0.521484
-0.919811
-0.830944
-0.773694
-0.956112
-0.36434
-0.594289
-0.868751
-0.967975
-0.943986
-0.851871
-0.964282
-0.932606
-0.934063
-0.919758
-0.296971
-0.571159
-0.990292
-0.79753
-0.917745
-0.918002
-0.953512
-0.913375
-0.905139
-0.808972
-0.896657
0.462716
-0.93585
-0.598535
-0.454718
0.200417
-0.786439
-0.585226
-0.418443
-0.620662
-0.928616
-0.963027
-0.84704
-0.960401
-0.926995
-0.842207
-0.922239
-0.596933
-0.995704
-0.382508
-0.54828
-0.909343
-0.96945
-0.927829
-0.952853
-0.750041
-0.965473
-0.921581
0.264436
-0.349729
-0.604406
-0.382923
-0.622737
-0.797594
0.385593
-0.4256
-0.93836
-0.930211
-0.999694
-0.968572
-0.907796
-0.939094
-0.944372
-0.927169
-0.86614
-0.819674
-0.918964
-0.985363
-0.954214
-0.918363
-0.360238
-0.92476
-0.634469
-0.427444
-0.965109
-0.788478
-0.838031
-0.924899
-0.99387
-0.938359
-0.967925
-0.934922
-0.866754
-0.463535
-0.611868
0.303297
-0.923833
-0.59102
-0.313104
-0.59135
-0.459179
0.351389
-0.758407
-0.945667
-0.917738
-0.949442
-0.950496
-0.955816
-0.758171
-0.954144
-0.831669
-0.914617
-0.862331
-0.930014
-0.970751
-0.845093
-0.970901
-0.928744
-0.60658
-0.787294
-0.63959
-0.931047
-0.855076
-0.957583
-0.993349
-0.957813
-0.407114
-0.579395
-0.449396
-0.614705
-0.380409
-0.580825
-0.755388
-0.924913
-0.951665
-0.994442
-0.962361
-0.921103
-0.990296
-0.95371
-0.924748
-0.994174
-0.922425
-0.955288
-0.783374
-0.92825
-0.959071
-0.980821
-0.543283
-0.426422
-0.539682
-0.394802
-0.59934
-0.355646
-0.823196
-0.776097
-0.844062
-0.42234
-0.852521
-0.340492
0.36396
-0.933369
-0.95605
-0.917356
-0.599652
-0.994717
-0.545623
-0.913231
-0.604389
-0.917162
-0.949267
-0.449321
0.350795
-0.85004
-0.91912
-0.8493
-0.919874
-0.857503
-0.93266
-0.995159
-0.912904
-0.963004
-0.948784
-0.902796
-0.994532
-0.949087
-0.916276
-0.833246
-0.753244
-0.832451
-0.438824
0.311502
-0.911821
-0.835957
-0.35898
-0.52067
-0.99411
-0.947455
-0.398041
-0.575348
-0.912957
-0.595066
-0.921517
-0.551458
-0.362066
0.407739
-0.323404
0.396022
-0.384115
-0.795075
-0.849034
-0.924477
-0.56874
-0.385411
-0.966839
-0.906621
-0.979097
-0.902663
-0.924681
-0.958351
-0.918349
-0.955448
-0.573441
-0.443047
-0.927929
-0.839507
-0.940962
-0.827344
-0.932255
-0.924629
-0.998037
-0.902318
-0.824452
-0.362111
-0.765145
-0.835919
-0.355633
-0.947534
-0.900407
-0.526955
-0.288506
-0.994898
-0.945108
-0.914795
-0.913558
0.268935
-0.40271
0.391918
-0.395808
-0.837818
-0.811887
-0.973444
-0.919753
-0.605604
-0.948068
-0.914355
-0.525786
-0.937208
-0.993598
-0.857225
-0.937994
-0.850743
-0.986793
-0.981472
-0.810277
-0.900349
-0.827093
-0.770227
-0.589073
-0.940892
-0.908204
-0.935119
-0.594803
-0.392724
0.397601
-0.341178
-0.91287
-0.564357
-0.761056
-0.804761
-0.320331
-0.951916
-0.90395
-0.991026
-0.898728
-0.99946
-0.992677
-0.919243
-0.971685
-0.953509
-0.757634
-0.964078
-0.934441
-0.88086
-0.983778
0.287228
-0.368527
-0.831359
-0.962565
-0.93519
-0.75866
-0.596422
-0.950861
-0.922687
-0.597819
-0.817162
-0.966122
-0.992759
-0.933673
-0.835043
-0.904396
-0.895522
-0.841915
-0.91765
-0.945415
-0.915319
-0.329054
-0.595409
-0.985966
-0.837974
-0.907121
-0.903153
-0.947696
-0.953726
-0.9128
-0.842282
-0.913488
-0.564811
-0.998035
-0.363418
0.386625
-0.907592
-0.558398
-0.410573
0.337922
-0.758444
-0.543921
-0.303452
-0.496916
-0.917769
-0.952034
-0.988349
-0.836026
-0.548042
-0.904675
-0.953439
-0.965273
-0.947919
-0.771674
-0.946045
-0.921304
-0.925602
-0.932846
-0.859137
-0.397144
-0.910624
-0.942571
-0.972008
-0.925407
-0.927928
-0.914405
-0.820806
-0.923394
-0.994525
-0.908952
-0.95826
-0.920697
-0.837897
-0.376365
-0.989926
-0.563028
-0.380247
-0.918961
-0.607564
-0.408859
-0.958188
-0.75993
-0.819331
-0.890748
0.327465
-0.914253
-0.613634
-0.441498
-0.617696
-0.361794
0.322179
-0.802133
-0.943119
-0.999917
-0.822854
-0.909823
-0.845373
-0.989668
-0.90365
-0.958625
-0.986512
-0.823085
-0.947709
-0.921113
-0.566451
-0.737702
-0.501305
-0.91337
-0.835458
-0.950492
-0.996923
-0.940237
-0.409842
-0.588308
-0.387648
-0.561588
-0.373632
-0.608906
-0.985926
-0.958499
-0.921652
-0.997042
-0.941958
-0.925149
-0.990238
-0.989223
-0.915048
-0.942463
-0.729349
-0.913807
-0.967827
-0.50517
-0.375828
-0.568024
-0.334807
-0.571359
-0.355619
0.276639
-0.863215
-0.945438
-0.858717
-0.940508
-0.853442
-0.939874
-0.948675
-0.941818
-0.603934
-0.621354
-0.927025
-0.60062
-0.930736
-0.967228
-0.455803
-0.977919
-0.893537
-0.995988
-0.988002
-0.893096
-0.935505
-0.513055
-0.944014
-0.443821
-0.600696
-0.918193
-0.581303
-0.913568
-0.996445
-0.958031
-0.924963
-0.830257
-0.776042
-0.821829
-0.40578
0.381503
-0.913751
-0.846558
-0.338108
-0.58288
-0.347622
0.235151
-0.426522
0.328926
-0.901892
-0.915514
-0.997236
-0.925291
-0.833574
-0.919453
-0.908575
-0.940258
-0.964018
-0.935166
-0.952588
-0.582465
-0.422031
-0.937394
-0.846107
-0.341334
-0.994087
-0.955056
-0.915832
-0.915282
-0.933546
-0.859488
-0.444231
-0.787173
-0.834776
-0.387195
-0.95612
-0.92721
-0.585771
0.264723
-0.376899
0.285503
-0.417714
-0.831347
-0.954724
-0.935428
-0.581208
-0.958613
-0.989727
-0.82787
-0.920851
-0.990674
-0.947062
-0.859595
-0.92757
-0.834075
-0.775062
-0.581893
-0.962812
-0.921472
-0.577432
-0.417982
0.366168
-0.919285
-0.925059
-0.995966
-0.993686
-0.90536
-0.914122
-0.956485
-0.958072
-0.773332
-0.957695
-0.954185
0.366781
-0.451109
-0.827932
-0.944612
-0.924723
-0.53632
-0.842408
-0.941466
-0.98937
-0.922925
-0.931218
-0.954196
-0.926413
-0.924205
-0.86138
-0.927832
-0.97139
-0.926186
-0.377722
-0.620026
-0.859417
-0.935379
-0.596094
-0.934147
-0.964955
-0.998371
-0.851207
-0.948681
-0.91093
-0.844027
-0.929559
-0.577613
-0.990577
-0.403841
0.308829
-0.916081
-0.605657
-0.357121
0.334338
-0.769298
-0.586312
-0.427536
-0.627242
-0.917122
-0.919561
-0.906802
-0.917198
-0.854261
-0.353729
-0.925425
-0.913785
-0.998348
-0.958944
-0.957085
-0.938044
-0.829175
-0.930371
-0.919119
-0.920398
-0.947685
-0.924255
-0.85821
-0.412493
-0.994047
-0.583886
-0.350549
-0.923315
-0.580194
-0.392818
-0.952786
-0.780749
-0.848707
-0.834284
-0.960909
-0.915426
-0.957807
-0.923135
-0.851398
-0.997586
-0.566907
-0.931611
-0.848268
-0.958037
-0.995159
-0.861757
-0.967005
-0.92992
-0.615745
-0.786146
-0.953049
-0.428568
-0.631878
-0.413522
-0.617421
-0.383364
-0.619151
-0.752496
-0.937757
-0.96427
-0.77746
-0.838069
-0.407695
-0.836151
-0.368352
-0.847494
-0.924811
0.297625
-0.803942
-0.926836
-0.932259
-0.990215
-0.927071
-0.966567
-0.740445
-0.850725
-0.90484
0.294033
-0.403404
-0.837062
-0.369555
-0.827451
-0.996131
-0.942015
-0.914998
-0.996417
-0.586408
-0.90651
-0.583888
-0.368561
-0.948746
-0.922729
-0.53939
-0.55287
-0.339151
-0.55909
-0.328731
-0.52843
-0.346452
-0.843524
-0.789688
-0.835052
-0.432039
-0.846391
-0.403272
0.289368
-0.910844
-0.730693
-0.964596
-0.903252
-0.822519
-0.775097
0.392039
-0.935452
-0.834534
-0.416436
-0.857319
-0.380192
-0.60119
-0.56943
-0.930342
-0.9501
-0.462966
-0.574215
-0.926829
-0.997749
-0.951532
-0.909561
-0.779992
-0.966747
-0.906788
-0.99601
-0.904351
-0.95717
-0.997128
-0.600651
-0.392824
0.392544
-0.350055
0.349516
-0.397098
-0.736945
-0.842064
-0.925782
-0.560003
-0.393149
-0.946517
-0.822741
-0.784833
-0.917625
-0.962213
-0.594135
-0.92811
-0.957147
-0.759565
-0.94364
-0.959332
-0.950212
-0.927923
-0.987367
-0.998659
-0.927244
0.294445
-0.75449
0.330278
-0.414499
-0.612273
-0.406452
-0.576591
-0.920887
-0.945054
-0.989592
-0.515747
-0.909525
-0.840702
-0.380852
-0.620735
-0.997146
-0.963753
-0.93224
-0.842299
0.380349
-0.442193
0.311513
-0.395338
-0.825558
-0.767365
-0.949449
-0.915589
-0.602918
-0.399223
-0.859504
-0.784335
-0.600369
-0.94194
-0.960215
-0.406091
0.323493
-0.909306
0.399316
-0.794711
-0.543082
-0.397486
-0.62199
-0.32409
-0.588234
-0.939506
-0.991055
-0.922299
-0.811246
-0.954434
-0.924368
-0.621472
-0.845551
-0.928433
-0.398669
-0.961138
-0.933559
-0.960005
-0.782318
-0.963161
-0.963577
-0.984442
-0.939911
-0.576228
-0.305628
0.264653
-0.361712
-0.905555
-0.609864
-0.787662
-0.841275
-0.44473
-0.954705
-0.81862
-0.918886
-0.947023
-0.747611
-0.547565
-0.382871
-0.364598
-0.968173
-0.766558
-0.8445
-0.931849
-0.575863
-0.448542
-0.92037
-0.993599
-0.966621
-0.917886
-0.920791
-0.996294
-0.834389
-0.853578
-0.574758
-0.781196
-0.916973
-0.951422
-0.825063
-0.995397
-0.922063
-0.957888
-0.995478
0.264592
-0.350723
-0.830072
-0.932218
-0.918107
-0.736311
-0.567001
-0.391979
-0.622875
-0.931251
-0.853471
-0.807798
-0.966566
-0.438889
-0.861149
-0.580334
-0.787555
-0.978467
-0.915251
-0.959923
-0.997901
-0.862346
-0.936289
-0.363188
-0.93691
-0.380172
-0.84012
-0.770483
-0.597109
-0.90868
-0.884288
-0.988036
-0.822874
-0.460451
-0.93855
-0.96458
-0.920216
-0.537584
-0.894965
-0.969504
-0.948665
-0.941202
-0.762786
-0.967889
-0.935477
0.284996
-0.418295
-0.603121
-0.391226
-0.643958
-0.789854
0.358511
-0.411827
-0.366572
-0.973504
-0.910913
-0.598445
-0.815544
-0.820361
-0.92045
-0.98468
-0.924714
-0.965484
-0.449373
-0.931178
-0.861004
-0.616113
-0.835253
-0.551554
-0.911787
-0.951246
-0.766511
-0.993645
-0.986406
-0.612765
-0.855527
-0.919216
-0.945191
0.294976
-0.914625
-0.518091
-0.394425
-0.599955
-0.352568
0.318712
-0.75391
-0.950346
-0.906811
-0.959611
-0.952411
-0.958668
-0.769183
-0.847746
-0.560398
-0.954843
-0.92662
-0.76439
-0.605286
-0.82481
-0.929157
-0.94953
-0.994349
-0.997464
-0.410473
-0.949738
-0.386887
-0.606115
-0.930384
-0.840916
-0.766829
-0.956595
-0.907721
-0.321748
-0.830913
-0.917183
-0.58246
-0.986754
-0.930971
-0.995581
-0.967683
-0.396218
-0.600876
-0.457532
-0.627982
-0.441017
-0.636311
-0.789188
-0.948765
-0.941392
-0.988785
-0.912055
-0.951373
-0.772232
-0.930117
-0.954745
-0.99093
-0.63328
-0.924569
-0.552514
-0.374633
-0.96721
-0.913492
-0.588621
-0.780483
-0.860976
-0.931792
0.239862
-0.4231
-0.865947
-0.444035
-0.845003
-0.989742
-0.969785
-0.943293
-0.602784
-0.383755
-0.57482
-0.403033
-0.558955
-0.322643
-0.841928
-0.795131
-0.834203
-0.392368
-0.850926
-0.403285
0.36767
-0.92427
-0.997339
-0.952822
-0.925791
-0.831945
-0.783156
0.332576
-0.932871
-0.826059
-0.422015
-0.853241
-0.406418
-0.603861
-0.995166
-0.561064
-0.934691
-0.957832
-0.39639
-0.584151
-0.93254
-0.76694
-0.963889
-0.92154
-0.9957
-0.922122
-0.955796
-0.545444
-0.377787
0.310418
-0.318096
0.352551
-0.374555
-0.795874
-0.842835
-0.930503
-0.620406
-0.465159
-0.970352
-0.984984
-0.904957
-0.96152
-0.763558
-0.945123
-0.963868
-0.956083
-0.918263
-0.996903
-0.579127
-0.991942
-0.934518
-0.902554
-0.826757
-0.907223
0.240447
-0.760841
0.408918
-0.334777
-0.57274
-0.400028
-0.575093
-0.908489
-0.965325
-0.994545
-0.606841
-0.92088
-0.85239
-0.441439
0.400436
-0.395945
0.282717
-0.319424
-0.831019
-0.767641
-0.957717
-0.918932
-0.582892
-0.955199
-0.925402
-0.591393
-0.852532
-0.93908
-0.426818
0.32924
-0.932064
0.324472
-0.797186
-0.549785
-0.454413
-0.613467
-0.381999
-0.592358
-0.946142
-0.92478
-0.841703
-0.932334
-0.995299
-0.957143
-0.911825
-0.966768
-0.759291
-0.948387
-0.95994
-0.993726
-0.60052
-0.402537
0.310597
-0.412586
-0.924823
-0.577617
-0.783023
-0.847324
-0.420012
-0.959118
-0.914256
-0.995224
-0.83922
-0.350538
-0.398451
-0.960264
-0.733717
-0.851092
-0.923055
-0.565274
-0.360079
-0.910288
-0.997091
-0.954922
-0.91862
-0.968272
-0.842842
-0.623177
-0.787473
-0.936871
-0.958237
-0.852504
-0.99513
-0.933709
0.424557
-0.352018
-0.839469
-0.955715
-0.922435
-0.771206
-0.611677
-0.831515
-0.92019
-0.841103
-0.562516
-0.79221
-0.954573
-0.924717
-0.960743
-0.998434
-0.406977
-0.910683
-0.953208
-0.919424
-0.3817
-0.946153
-0.357449
-0.830208
-0.756446
-0.605564
-0.915513
-0.922822
-0.993077
-0.842823
-0.528039
-0.912994
-0.950965
-0.951091
-0.945183
-0.767016
-0.958815
-0.930253
-0.956649
-0.405258
-0.930702
-0.864986
-0.604748
-0.432998
-0.342173
-0.965065
-0.911344
-0.615345
-0.77438
-0.838341
-0.926374
-0.993652
-0.603082
-0.841328
-0.927907
-0.998495
-0.953566
-0.817151
-0.541231
-0.910773
-0.945531
-0.77641
-0.991392
0.201368
-0.926313
-0.602911
-0.368392
-0.618478
-0.384483
0.304127
-0.795262
-0.989811
-0.818633
-0.55189
-0.936688
-0.915253
-0.758124
-0.562869
-0.82203
-0.912036
-0.948971
-0.922256
-0.999742
-0.37663
-0.95637
-0.444054
-0.616019
-0.915577
-0.855173
-0.789727
-0.957345
-0.924413
-0.448272
-0.853194
-0.922142
-0.622193
-0.963141
-0.421762
-0.584598
-0.425494
-0.593204
-0.443015
-0.622664
-0.992415
-0.930319
-0.962606
-0.761481
-0.922102
-0.937279
-0.991388
-0.966231
-0.929141
-0.990796
-0.563593
-0.911318
-0.616488
-0.384168
-0.943481
-0.921385
-0.573712
-0.741038
-0.840268
-0.906808
0.301449
-0.367736
-0.828663
-0.406971
-0.835862
-0.563671
-0.414969
-0.591222
-0.437449
-0.587654
-0.361993
-0.600564
-0.993745
-0.570774
-0.945032
-0.948975
-0.372575
-0.653003
-0.90863
-0.974117
-0.943075
-0.854621
-0.790669
0.239035
-0.950848
-0.855383
-0.432929
-0.870099
-0.441782
-0.990768
-0.909285
-0.949486
-0.766408
-0.977395
-0.924363
-0.551731
-0.383381
0.366255
-0.392795
0.242985
-0.933787
-0.995683
-0.998732
-0.911961
-0.956035
-0.754325
-0.948149
-0.949254
-0.961752
-0.923187
-0.959268
-0.988703
-0.61092
-0.930887
-0.83645
-0.427947
-0.58949
-0.994988
-0.969247
-0.927642
-0.862293
-0.931199
0.334513
-0.750102
0.267113
-0.405547
-0.577318
-0.417298
-0.579515
0.296111
-0.393321
0.400798
-0.359834
-0.619263
-0.955979
-0.915636
-0.865237
-0.951989
-0.936382
-0.633978
-0.847218
-0.933304
-0.45393
0.299453
-0.924718
0.343204
-0.81662
-0.625874
-0.425825
-0.63219
-0.452808
-0.994005
-0.912519
-0.979265
-0.912525
-0.975
-0.762878
-0.942228
-0.952265
-0.606331
-0.416334
0.400247
-0.442954
-0.91823
-0.992676
-0.952773
-0.938449
-0.944038
-0.866547
-0.383264
-0.409951
-0.976125
-0.799288
-0.856299
-0.941174
-0.622323
-0.834563
-0.993719
-0.915048
-0.955234
-0.834855
-0.589792
-0.749604
-0.926092
-0.94091
0.288019
-0.437548
-0.971851
-0.999863
-0.851889
-0.934492
-0.847738
-0.588196
-0.779065
-0.964618
-0.94131
-0.927804
-0.990535
-0.848723
-0.374245
-0.927894
-0.951144
-0.982755
-0.923016
-0.37988
-0.934375
-0.389462
-0.831954
-0.747053
-0.571277
-0.911456
-0.59556
-0.927292
-0.999746
-0.917139
-0.953413
-0.410472
-0.908788
-0.848124
-0.588606
-0.381134
-0.318773
-0.961329
-0.919435
-0.554028
-0.763071
-0.845814
-0.605221
-0.868969
-0.932993
-0.966674
-0.842806
-0.615029
-0.922578
-0.955704
-0.7941
-0.594482
-0.828144
-0.914091
-0.964743
-0.986889
-0.823641
-0.570075
-0.955685
-0.919245
-0.773633
-0.953863
-0.926751
-0.413341
-0.849762
-0.924626
-0.606337
-0.993321
-0.932179
-0.431344
-0.952416
-0.445689
-0.599102
-0.927593
-0.863215
-0.768938
-0.941931
-0.371056
-0.603596
-0.317237
-0.564534
-0.40146
-0.535718
-0.777766
-0.898652
-0.966988
-0.773465
-0.836095
-0.446067
-0.862801
-0.404937
-0.85291
-0.936675
0.334654
-0.772475
-0.921109
-0.962755
-0.990427
-0.938332
-0.957807
-0.589024
-0.382469
-0.575638
-0.402136
-0.567228
-0.385228
-0.839419
-0.781928
-0.828594
-0.347873
-0.833814
-0.371987
0.427789
-0.91471
-0.780623
-0.949102
-0.90755
-0.853529
-0.76418
0.271928
-0.91754
-0.829187
-0.427975
-0.835661
-0.403423
-0.556268
-0.997651
-0.584081
-0.91658
-0.948101
-0.454853
-0.575756
-0.91066
-0.998848
-0.962398
-0.922979
-0.645252
-0.386933
0.213739
-0.467912
0.372791
-0.412654
-0.745606
-0.84431
-0.910298
-0.605921
-0.353343
-0.949491
-0.858132
-0.79031
-0.922851
-0.958618
-0.582342
-0.939164
-0.958668
-0.80391
-0.948616
-0.963346
-0.962433
-0.92167
0.297514
-0.451757
0.307491
-0.426197
-0.862743
-0.745281
-0.952168
-0.927995
-0.566453
-0.437043
-0.880975
-0.793408
-0.590299
-0.940516
-0.970789
-0.420859
0.303472
-0.902883
0.34162
-0.73988
-0.510786
-0.37793
-0.538526
-0.32659
-0.550561
-0.949684
-0.978879
-0.926893
-0.804476
-0.97746
-0.911743
-0.631145
-0.991138
-0.839704
-0.929855
-0.386633
-0.578377
-0.352853
0.326278
-0.428475
-0.922224
-0.596875
-0.778442
-0.850903
-0.386115
-0.954845
-0.839169
-0.924681
-0.958421
-0.753609
-0.536008
-0.428247
-0.458538
-0.95895
-0.771148
-0.850901
-0.918142
-0.607527
-0.430989
-0.933541
-0.999035
-0.971764
-0.918823
-0.935067
-0.849741
0.257298
-0.402872
-0.864924
-0.954194
-0.923758
-0.794068
-0.561694
-0.378263
-0.583203
-0.925537
-0.821357
-0.748439
-0.951404
-0.346543
-0.853369
-0.598924
-0.763201
-0.949395
-0.925431
-0.955896
-0.8505
-0.996809
-0.921561
-0.583986
-0.935942
-0.954705
-0.94431
-0.961324
-0.744845
-0.962713
-0.928864
0.343702
-0.480004
-0.59565
-0.342815
-0.616376
-0.78583
0.329182
-0.36452
-0.345323
-0.939127
-0.89612
-0.533404
-0.732308
-0.8193
-0.908823
-0.981788
-0.938941
-0.938317
-0.411284
-0.908714
-0.839227
-0.989079
-0.550434
0.25603
-0.936651
-0.583881
-0.428393
-0.58476
-0.433519
0.326447
-0.773971
-0.971036
-0.922542
-0.957138
-0.947988
-0.9591
-0.744584
-0.85709
-0.636682
-0.952963
-0.92896
-0.787649
-0.597651
-0.861761
-0.941439
-0.954365
-0.995242
-0.957818
-0.372589
-0.599212
-0.317011
-0.605075
-0.407891
-0.543229
-0.768912
-0.912895
-0.959311
-0.944242
-0.961013
-0.769659
-0.92716
-0.950609
-0.986597
-0.615716
-0.433153
-0.611382
-0.382663
-0.638013
-0.422637
-0.875406
-0.756315
-0.846592
-0.404436
-0.843867
-0.421218
0.362711
-0.930242
-0.993012
-0.968373
-0.932324
-0.839837
-0.769165
0.272329
-0.932029
-0.842122
-0.390709
-0.848486
-0.422708
-0.619144
-0.987617
-0.56804
-0.914003
-0.954029
-0.375617
-0.561882
-0.92371
-0.623791
-0.3912
0.334658
-0.406801
0.216703
-0.497122
-0.781924
-0.871019
-0.940805
-0.62006
-0.427008
-0.975169
-0.920351
-0.949687
-0.796018
-0.950907
-0.962099
-0.962379
-0.939672
0.200721
-0.397359
0.230782
-0.423295
-0.884525
-0.77898
-0.967021
-0.939958
-0.603391
-0.95568
-0.90243
-0.59755
-0.985162
-0.814401
-0.920543
-0.367932
0.437845
-0.912127
0.288133
-0.763238
-0.561177
-0.394269
-0.536497
-0.350775
-0.569242
-0.958027
-0.993167
-0.920075
-0.835665
-0.566237
-0.430413
0.426313
-0.430971
-0.917317
-0.598667
-0.786895
-0.850669
-0.400559
-0.962235
-0.940308
-0.997262
-0.857796
-0.410805
-0.457528
-0.972119
-0.795024
-0.859335
-0.92577
-0.603586
-0.414171
-0.931174
-0.960019
-0.930196
0.299541
-0.394267
-0.870847
-0.952649
-0.922219
-0.775659
-0.556342
-0.856052
-0.99855
-0.922999
-0.828144
-0.578817
-0.769761
-0.946567
-0.911505
-0.953337
-0.991323
-0.611142
-0.950808
-0.947432
-0.968442
-0.971284
-0.788964
-0.934898
-0.926012
-0.949885
-0.426584
-0.914222
-0.841481
-0.988484
-0.603739
-0.398697
-0.459941
-0.962043
-0.928338
-0.636581
-0.770119
-0.84971
-0.930359
0.164431
-0.919925
-0.59891
-0.428781
-0.608497
-0.446044
0.274927
-0.798445
-0.997201
-0.826991
-0.60836
-0.953049
-0.923895
-0.771421
-0.603956
-0.855469
-0.924365
-0.952644
-0.957263
-0.390366
-0.64592
-0.434303
-0.631163
-0.481111
-0.608201
-0.999495
-0.950722
-0.972521
-0.81508
-0.94449
-0.950243
-0.599419
-0.395763
-0.543894
-0.385575
-0.57405
-0.374045
-0.604189
-0.996533
-0.572982
-0.924593
-0.953895
-0.371163
-0.588797
-0.923931
-0.998103
-0.953542
-0.932697
-0.868199
-0.762493
0.291536
-0.913951
-0.841685
-0.410931
-0.832996
-0.401964
-0.646092
-0.424654
0.32741
-0.423101
0.181911
-0.939402
-0.949208
-0.953979
-0.811036
-0.953768
-0.96554
-0.969288
0.281109
-0.478964
0.210617
-0.457019
-0.583865
-0.953136
-0.996432
-0.912681
-0.83673
-0.944202
-0.910469
-0.586308
-0.998748
-0.826444
-0.910869
-0.394128
0.23392
-0.905221
0.279953
-0.734525
-0.55227
-0.375948
-0.547032
-0.391473
-0.602098
-0.429866
0.332905
-0.372558
-0.912391
-0.990989
-0.941628
-0.910986
-0.930308
-0.856947
-0.478738
-0.421792
-0.947176
-0.768859
-0.837018
-0.917669
-0.582528
0.247882
-0.43708
-0.966044
-0.990942
-0.863327
-0.941738
-0.884157
-0.627794
-0.791714
-0.958704
-0.93438
-0.629733
-0.931993
-0.999894
-0.913418
-0.9529
-0.405615
-0.921747
-0.831721
-0.994286
-0.605875
-0.469955
-0.42297
-0.951155
-0.926351
-0.584718
-0.761039
-0.855837
-0.585303
-0.83228
-0.908793
-0.948084
-0.989939
-0.880237
-0.630518
-0.956879
-0.928409
-0.776413
-0.95849
-0.430121
-0.592775
-0.38679
-0.606699
-0.386493
-0.593375
-0.789235
-0.917283
-0.965214
-0.801154
-0.839147
-0.444215
-0.831515
-0.390313
-0.849022
-0.922718
0.297439
-0.543642
-0.378387
-0.585933
-0.416888
-0.576967
-0.381718
-0.832165
-0.761873
-0.820578
-0.335845
-0.828233
-0.378385
0.320578
-0.906874
-0.786936
-0.951995
-0.917758
-0.547251
-0.367004
0.392762
-0.311296
0.276995
-0.435016
-0.787308
-0.828727
-0.921466
-0.632092
-0.362325
-0.95186
-0.818361
-0.767083
-0.9192
-0.948994
-0.562359
0.304
-0.404753
0.330942
-0.355094
-0.838536
-0.722891
-0.942916
-0.921558
-0.545944
-0.422074
-0.844721
-0.790436
-0.620985
-0.928496
-0.965325
-0.395776
-0.600522
-0.373502
0.419911
-0.381956
-0.912512
-0.544097
-0.752913
-0.846644
-0.342746
-0.935589
-0.849778
-0.925234
-0.960998
-0.790679
-0.582551
0.361852
-0.432622
-0.853765
-0.961738
-0.919087
-0.811253
-0.605542
-0.373306
-0.557862
-0.913752
-0.84247
-0.760575
-0.94752
-0.370985
-0.554969
-0.914955
-0.965222
-0.934694
-0.959349
-0.74905
-0.973223
-0.942311
0.266261
-0.387293
-0.600895
-0.418124
-0.608862
-0.788047
0.359236
0.308807
-0.918831
-0.594087
-0.361076
-0.568783
-0.45001
0.389992
-0.749217
-0.941571
-0.921533
-0.958596
-0.957561
-0.95752
-0.764526
-0.945545
-0.376584
-0.583093
-0.370969
-0.591831
-0.345449
-0.524243
-0.725564
-0.915133
-0.958892
-0.554251
-0.396182
-0.553577
-0.336173
-0.596968
-0.392285
-0.833056
-0.770083
-0.822916
-0.381841
-0.834071
-0.386161
0.337605
-0.922007
-0.589167
-0.370769
0.3881
-0.370149
0.357331
-0.397804
-0.763987
-0.830324
-0.919741
-0.568587
-0.360806
-0.959324
0.256309
-0.383897
0.375649
-0.408077
-0.839475
-0.800818
-0.966836
-0.928945
-0.630598
-0.559198
-0.360337
0.423604
-0.327591
-0.916064
-0.590129
-0.774546
-0.832779
-0.404755
-0.960199
0.253375
-0.352644
-0.827584
-0.939512
-0.907125
-0.743793
-0.541927
-0.554852
-0.905102
-0.956841
-0.958845
-0.956251
-0.780906
-0.946525
0.351966
-0.929233
-0.610172
-0.417292
-0.610252
-0.431677
0.233452
-0.802935
-0.960333
-0.477772
-0.575429
-0.418251
-0.617478
-0.407917
-0.646449
-0.525964
-0.375505
-0.574737
-0.361584
-0.568341
-0.355187
-0.534688
-0.384208
0.413332
-0.3321
0.288936
0.369857
-0.354454
0.306046
-0.369886
-0.576737
-0.402341
0.305068
0.412346
-0.402814
-0.590933
