4.57204
2.4575
2.97449
2.43427
2.98504
2.53906
2.89937
3.40066
4.27186
4.50284
3.45883
3.88712
2.51812
4.05409
2.57893
3.86133
4.37185
1.58705
3.62294
4.34767
4.48507
4.37107
4.7169
3.41574
3.72027
4.24226
1.40944
2.44308
3.75838
2.45794
3.87703
4.98314
4.63529
4.24584
2.96556
4.30699
2.94124
2.35392
4.52012
4.33964
2.90871
3.68855
4.35155
4.46028
4.99025
4.39248
4.7057
4.97017
4.87309
4.65353
4.31442
4.43601
4.27026
3.38941
3.82209
2.46927
3.7282
4.19756
1.49086
2.55026
3.79484
4.91517
4.5593
4.31306
4.95985
2.98716
2.46179
4.55802
4.37601
2.92131
4.38945
2.92267
4.9635
4.3016
4.62259
4.46084
4.30262
4.87926
2.86114
4.40339
2.83158
4.1375
3.10738
2.49794
4.46452
4.4855
4.28252
1.42148
4.24996
3.7669
4.18927
3.74438
4.26077
3.72845
2.83452
2.45357
2.80707
2.49665
2.86486
2.49451
3.79935
3.60124
3.94915
2.63914
3.92191
2.57984
1.55843
4.4618
3.48274
4.65907
4.3189
3.82636
3.45262
1.51705
4.19669
3.72409
2.48006
3.72199
2.3708
2.92782
4.91775
3.01249
4.25457
4.41392
2.41684
2.84664
4.22809
4.89687
4.47852
4.19809
3.59708
4.48188
4.34378
4.31646
4.61788
4.91379
3.78324
3.57743
3.83289
2.46328
1.49527
4.37296
3.82326
2.51157
2.97193
4.71926
2.44805
3.02599
4.4406
3.04364
4.41761
4.93781
4.5157
4.2938
2.90202
4.91625
2.93459
4.23146
2.90924
4.27782
4.45842
2.46873
1.57539
3.73598
4.27374
3.83155
4.32836
3.7595
4.40584
4.6902
4.21449
4.39541
4.55289
4.45588
4.41157
3.3705
4.73688
4.17379
4.2466
4.48144
4.8463
4.87659
4.47794
4.21398
4.6178
4.327
4.97343
2.82445
2.33561
1.42971
2.3583
1.50555
2.42325
3.69207
3.85244
4.38558
2.97277
2.4398
4.73129
3.72888
3.45738
4.19377
4.41611
2.87251
4.26333
4.69113
3.43537
4.64301
4.4828
4.40012
4.26398
4.94784
4.83221
4.2724
1.56618
3.63831
1.62823
2.56382
2.95747
2.52747
3.16033
4.51665
4.68405
3.0748
4.43285
3.87137
2.61199
2.86438
4.51706
4.16582
3.84438
2.49373
3.48081
3.63685
2.42629
4.62246
4.24973
2.86666
2.57666
4.40933
4.38921
4.28354
4.99313
4.23732
3.81521
4.14164
4.82681
4.25123
4.29449
4.5735
2.98064
2.54166
4.32368
3.99275
4.47091
3.90871
4.46843
4.37601
4.20334
4.54868
3.7142
3.52757
2.78904
4.28698
4.48705
3.83119
4.24649
4.4468
4.90626
4.86671
2.95082
4.55409
4.17073
4.34797
4.69983
4.43193
3.77073
1.47884
2.51128
1.42807
2.55664
3.87515
3.64379
4.77113
4.38975
2.93958
2.35128
3.72866
3.4246
2.79052
4.08714
4.43571
2.47479
1.56365
4.31811
1.51002
3.52374
2.93795
2.46606
2.86804
2.48303
3.07333
4.72549
4.32287
3.85585
4.4926
4.28259
2.78249
4.74969
3.7582
4.20611
2.43236
4.52508
4.31193
4.56385
3.5236
4.65051
4.53234
4.23997
4.93889
3.82848
3.42607
2.86736
4.52262
4.27281
4.62695
4.89728
4.89146
3.69913
4.27049
2.81293
4.56087
4.95534
3.83478
4.29258
3.88042
4.46667
4.19419
2.49974
3.89429
3.44973
4.48593
2.44863
2.92088
4.36009
4.38819
3.94025
2.39423
4.49769
4.79494
4.18092
4.25299
4.50011
4.36963
2.95148
4.89359
2.49784
3.77539
4.3658
4.4032
4.61864
4.30461
3.70682
4.25831
4.23347
4.40439
4.94994
4.22054
2.82521
2.29784
1.52079
2.54809
4.4592
2.96784
3.73444
3.84081
2.42781
4.82301
3.64714
4.13716
4.48444
3.37186
4.94339
2.8097
2.48378
2.40475
4.52645
3.45972
3.76041
4.22769
2.85313
2.60004
4.39875
4.93513
4.49806
4.28578
4.13629
4.87873
3.75744
3.72725
2.84943
3.58988
4.21073
4.68972
3.93782
4.29528
4.42586
4.77844
4.2311
4.66008
4.37652
3.38274
4.52511
4.44904
4.2888
4.7936
4.13942
4.92508
4.28451
4.87667
4.25594
1.59535
2.561
2.87756
3.47699
1.45095
2.52384
3.00441
4.46078
4.74648
4.53954
4.02249
3.04962
2.64968
2.84111
4.23416
4.4215
3.80334
4.28439
4.60267
2.53442
2.92035
4.27485
3.90202
4.39259
4.48011
3.94479
4.36706
4.23078
4.51019
3.02815
3.81581
4.96704
4.85295
4.35744
4.76793
4.42767
3.71911
1.57345
2.51849
3.74938
4.6715
4.42427
3.56845
2.93109
2.54308
2.91922
4.38982
3.82616
3.42385
4.5382
2.57133
3.93575
2.97615
3.57036
4.56236
4.27386
4.64746
4.90401
3.84713
4.36473
2.47968
4.55293
2.53533
3.81791
3.46922
2.88214
4.41898
4.3573
4.8856
3.83717
2.4186
4.30461
4.44218
4.89311
4.24092
1.49769
4.25078
2.83644
2.3712
1.53578
3.58032
2.91122
2.42097
2.94321
4.15811
4.64257
4.99826
3.82441
4.48804
4.26754
3.86675
4.34158
2.93974
4.89567
2.50387
2.87313
3.76104
4.58898
4.92757
4.31169
3.85079
4.54085
4.27157
4.47
4.26203
2.52695
2.86338
4.95329
3.78462
4.31957
4.28575
4.58068
4.34092
4.17978
3.71648
4.24422
4.60144
4.2665
4.60635
4.68909
3.46189
4.62539
4.96766
4.29197
4.93442
4.30927
4.26044
2.89436
4.2083
4.5956
4.6108
4.60173
3.47328
4.39573
4.19105
1.53266
2.46487
2.95987
2.42005
2.81139
3.48659
1.57322
2.51048
2.46194
4.58881
4.2939
2.92887
3.49421
3.75219
4.34216
4.93673
4.30692
4.61441
2.4743
4.30623
3.86688
2.94747
3.81291
2.8982
4.29984
4.54608
3.4868
4.96894
2.90531
3.8504
4.18854
4.99193
4.52497
2.56581
4.28966
2.86022
2.47935
4.69699
3.57141
3.80371
4.35034
4.26857
4.55906
4.39692
3.89523
2.49655
4.92594
2.99412
2.4323
4.30986
4.31558
4.93772
4.57764
4.32198
4.29305
4.3341
4.34256
3.8229
3.94655
4.31062
4.99744
4.48276
4.26403
3.72553
4.29198
4.41376
2.80031
3.47649
4.94615
2.82086
4.22638
3.74453
4.9898
4.49451
4.24693
3.79426
4.89729
4.15019
4.57944
4.55453
3.73521
1.45553
4.39437
3.03658
2.50535
3.00111
2.50683
1.49173
3.67506
4.66504
4.30499
4.54738
4.52939
4.60189
3.54457
3.90129
2.95198
4.49064
4.3547
3.44785
2.91906
3.84624
4.20158
4.54225
4.90768
4.9847
2.44283
4.58319
2.52213
2.95673
4.26028
3.83475
3.62894
4.65866
4.37439
2.53032
3.87313
4.24336
2.90901
4.28037
4.96779
3.87408
4.54685
4.24325
2.92562
3.50458
2.95279
4.22816
3.90879
4.606
4.94328
4.55136
4.96077
3.86438
4.36372
3.80561
4.35552
4.62788
2.42093
2.87859
4.19496
4.40235
2.39278
3.86708
3.39847
4.56557
4.33477
3.89775
4.28114
2.45113
2.84183
4.28234
4.94878
3.78724
4.2975
4.92753
4.56063
4.33783
2.47921
4.23224
4.56406
4.55496
4.94471
4.37771
4.32556
4.33161
3.85193
4.24099
4.67897
2.58982
2.91052
2.63191
2.8574
2.43189
3.12057
3.68522
4.36469
4.50875
4.31423
4.52401
3.54062
4.30777
4.5228
4.81185
2.71129
4.21897
2.84562
2.47032
4.38777
4.20829
2.90872
3.55739
3.84313
4.28627
1.5644
2.56307
3.68568
2.35732
3.8856
4.66717
4.3759
4.90745
4.23342
4.46225
3.44738
4.34663
4.64822
4.9674
4.66526
4.15225
4.98229
4.52636
4.25122
4.94298
2.95839
2.46206
4.52967
4.24017
2.85065
4.37373
2.85647
3.61036
3.9373
2.66594
3.91346
4.50539
1.64059
2.50095
3.9903
4.68624
4.38356
4.54195
4.32412
4.95773
4.41494
4.68004
1.49725
4.46735
3.77687
4.27214
3.9865
4.21306
3.82835
3.07285
4.34709
3.01075
4.48355
2.95155
2.53828
4.71839
4.47156
4.36114
2.90968
2.70424
3.00514
2.47039
3.02543
2.55578
3.94875
3.46633
3.88379
2.52138
3.89865
2.51442
1.62351
4.37249
4.93667
4.68496
4.36012
3.90636
3.38105
1.5121
4.27802
3.85026
2.37803
3.85048
2.48431
2.96956
4.9436
2.93265
4.28991
4.6304
2.48736
2.99305
4.34624
3.64482
4.53916
4.24879
4.47523
4.7036
4.90813
4.5652
4.28885
3.76738
3.38388
3.77486
2.51357
1.3929
4.24393
3.80843
2.46505
2.95459
4.80762
4.52915
2.40306
2.82766
4.14534
2.71232
4.2802
4.40497
4.24079
2.91269
4.9004
2.64318
4.26024
2.77425
4.20001
4.43738
2.3971
1.47236
3.83708
4.23559
3.83924
4.25071
3.80035
4.2143
4.93496
4.33317
4.60377
4.44399
4.25356
3.65733
4.39972
4.32718
4.96368
4.39673
4.71246
4.9201
4.56181
4.49459
4.49008
4.38528
2.98352
2.47128
1.51544
2.59482
1.48645
2.46792
3.39403
3.80714
4.21202
2.88056
2.36962
4.40889
4.31786
4.66603
3.40928
4.57734
4.41552
4.46754
4.19268
4.83368
3.02528
4.76031
4.43933
3.9756
4.44244
1.52525
3.55013
1.47987
2.49658
2.93845
2.57902
2.94195
4.32867
4.50223
4.9552
2.8926
4.32072
3.80778
2.51013
4.40226
3.89328
2.51536
3.45154
3.81223
2.50496
4.56384
4.31704
2.74457
2.42655
4.85446
4.49107
4.16034
4.17506
4.3437
4.78292
4.24997
4.33184
4.72824
4.51082
4.58957
4.90948
2.98336
2.47597
4.26555
3.85197
4.32262
3.72698
4.31086
4.27935
4.61
3.79657
3.53588
2.90477
4.2456
4.55797
4.85831
3.75884
4.26584
4.90941
3.90335
2.9029
4.5652
3.867
4.39322
4.57157
4.23126
1.47814
2.5602
1.6079
2.60333
3.86137
3.49132
4.53041
4.40164
3.00142
4.64195
4.36805
3.04869
4.94531
3.7184
4.46669
2.49175
1.41443
4.31085
1.62422
3.55722
2.77052
2.52013
2.97465
2.41992
2.80401
4.57559
4.95609
4.40096
3.9132
4.37379
4.44046
4.45266
4.62486
3.44121
4.54198
4.58311
3.94538
4.43786
3.92501
3.67756
3.06126
4.78873
4.43371
4.7165
4.75097
4.43147
3.11196
4.54187
3.91539
4.5015
3.98825
2.33335
4.43268
4.81608
4.90406
4.19631
4.04684
2.40134
3.73924
3.24884
4.43133
2.27502
2.65629
4.17058
4.72628
4.24037
3.69743
4.17716
3.71206
4.26433
4.17309
4.34394
4.14355
2.68716
4.8202
4.9891
2.44272
3.72395
4.16314
4.91459
4.20967
4.4189
4.25888
4.28422
4.84845
2.86879
2.53632
1.5948
2.49871
4.19822
2.87005
3.43604
3.78729
2.44818
4.42972
4.44234
4.94935
3.89168
2.5119
2.42546
4.6412
3.49033
3.7545
4.35097
2.87225
2.37719
4.19598
4.92107
4.54425
4.31026
4.58124
3.85874
2.83986
3.51527
4.30174
4.60093
3.85776
4.98967
4.34407
4.304
4.60849
4.58678
3.50691
4.55388
4.4942
4.29602
4.84545
4.37482
4.92271
4.29324
4.94327
3.01559
4.33291
4.91301
4.62578
3.75934
4.36788
1.49063
2.49309
2.8357
3.55999
1.49149
2.43342
2.89338
4.21011
4.42884
4.18872
3.67494
4.89793
2.8497
2.41819
4.38627
4.62444
4.27044
4.47434
2.44032
4.92299
3.0341
4.36359
3.85168
4.24858
4.05212
3.76098
4.24524
3.9056
2.93485
3.82625
4.56439
4.31284
4.49622
4.2697
1.58314
2.47571
3.82022
4.52153
4.26128
3.55214
2.85389
3.9174
4.24621
3.79184
2.82734
3.35008
4.52144
4.1668
4.44272
4.94993
2.58427
4.40953
4.58757
4.98649
4.39727
2.55677
4.55987
2.37692
3.78513
3.49959
2.94314
4.29534
4.32765
3.87915
4.58594
4.31479
3.8758
4.31933
2.98931
2.55689
1.5425
4.38033
2.96417
2.46345
1.59205
3.58954
2.97805
2.43988
2.96062
4.29289
4.49867
4.93629
3.78354
4.56918
4.30969
2.94768
3.68294
4.47038
4.93622
4.2942
3.83808
4.36511
4.38118
3.81781
4.45012
4.73128
4.40199
2.58251
2.99641
3.86455
4.40474
4.30554
4.62072
4.2194
4.89949
4.624
4.25409
4.53114
4.57798
3.39101
4.41582
4.9012
4.9978
4.26866
4.26398
4.93855
3.06234
4.40025
4.55626
4.59124
4.688
3.58265
4.57621
4.3279
4.52486
2.51369
4.17706
3.86996
4.92141
2.81256
2.43754
2.51009
4.54275
4.15943
2.80084
3.46647
3.74473
4.25094
2.95065
3.8602
4.31819
4.96413
4.66857
3.96875
2.88518
4.32748
4.5496
3.53344
4.29613
4.60557
4.31388
3.80716
2.49584
4.98965
2.94498
2.52985
4.41516
2.90301
2.59861
4.68078
3.61605
3.88861
4.43935
4.98776
4.31358
4.3234
4.34562
3.82693
2.54043
4.18402
4.28094
4.91336
4.65084
4.40668
4.63677
4.27804
3.93778
4.42305
2.76514
4.22097
3.69058
4.94251
4.38901
3.84751
4.3263
4.45273
2.80508
3.36305
4.9471
4.20505
4.49589
4.21641
3.8409
4.90594
3.79457
4.61554
4.95874
1.52192
4.0905
2.73741
2.48601
2.81814
2.37754
1.41388
3.32482
3.92374
2.86048
4.60477
4.23523
3.51363
2.86666
3.68801
4.26367
4.59306
4.91994
4.38192
2.48428
4.57762
2.4357
2.93743
4.29231
3.88017
3.54889
4.60815
4.19999
2.47528
3.8121
4.22428
2.92812
4.85998
3.83858
4.48461
4.3504
2.91181
3.37469
2.82965
4.2256
3.64308
4.39966
4.86362
4.65462
4.95046
3.78224
4.35148
3.76696
4.94006
4.13956
4.50305
4.45943
4.97809
2.5358
2.98606
4.30918
4.6998
2.56813
3.85887
3.56345
4.56111
4.15986
3.72792
4.20279
2.4327
2.9537
4.88457
3.85184
4.4996
4.33413
4.28823
4.43295
2.51655
4.35105
4.3427
4.66048
4.19342
4.27887
4.29894
3.80417
4.43001
2.35653
3.03441
2.45744
2.89397
2.47347
2.74892
4.86663
4.25495
4.61102
3.5142
4.226
4.62601
4.93775
4.39386
4.18173
2.91286
4.33347
2.86429
2.49454
4.56261
4.32201
2.97687
3.58716
3.78948
4.28498
1.52072
2.49128
3.76982
2.51629
3.76851
4.98254
4.3425
4.46702
3.48203
4.21958
4.66086
4.97703
4.52455
4.22216
4.9628
4.45595
4.27054
4.84374
4.4782
4.2081
2.93127
2.49631
4.53588
4.40506
2.98404
4.2914
2.93381
3.51862
3.74926
2.39153
3.78046
4.32355
1.49728
2.53219
3.77424
4.62082
4.32716
4.13894
4.58182
4.63971
4.40347
1.52171
4.30343
3.81151
4.39221
3.82819
4.34301
3.92927
2.8227
4.27983
2.8863
4.21105
2.90789
2.45895
4.47347
2.88632
2.38645
2.78611
2.34145
2.83111
2.50474
2.85993
4.98194
2.87397
4.30787
4.56518
2.4607
2.83222
4.23213
4.87979
4.42272
4.2661
3.74904
3.52555
1.45013
4.14068
3.7729
2.4704
3.8182
2.43524
4.30176
4.54713
4.98738
3.51845
4.48604
4.32336
2.98381
4.60179
2.50815
2.93426
4.47895
3.02045
4.32374
4.94916
4.47052
4.31911
3.79639
3.53714
3.94664
2.54209
1.50271
4.27445
3.77283
2.57523
1.46031
3.89351
4.34188
3.82454
4.4148
3.83072
4.35384
4.60254
4.29373
2.86209
4.94156
2.97992
4.30234
2.94612
4.44135
4.58653
2.4989
4.61406
4.47049
4.24199
4.57086
4.8506
4.19079
4.47124
4.86473
3.3467
4.61321
4.17416
4.73948
4.22062
4.94311
4.30793
4.24192
4.86253
3.02075
2.43901
1.53347
2.44259
1.46832
4.27303
4.92567
4.862
4.26704
4.57764
3.47492
4.65911
4.60062
4.59314
4.27021
4.53865
4.98268
2.87558
4.27628
3.85773
2.4703
2.92868
4.97037
4.4088
4.20776
3.83003
4.35216
1.60146
3.55988
1.53751
2.41795
2.91078
2.52854
2.88078
2.65087
4.97746
4.46653
4.31291
4.3642
4.91973
4.31577
3.78575
2.47493
3.59926
3.90848
2.51987
4.56464
4.29267
3.02481
4.1831
4.31457
4.2998
3.95246
4.37584
4.37058
4.23179
4.58149
4.37084
4.68812
2.87482
2.52767
4.32337
3.89939
4.98378
3.75065
4.25327
4.49731
4.85273
3.73433
3.41616
2.82395
4.29382
4.50565
4.76553
4.7922
4.39923
3.69934
2.83749
4.94097
4.48603
3.77568
4.19927
1.6236
2.49436
1.59522
2.61573
2.83726
4.4668
4.92641
4.17346
3.69945
4.48985
4.10414
2.74868
4.85896
3.78486
4.16067
2.41581
1.45404
4.21608
1.39308
3.2653
2.81849
2.387
2.80142
2.44463
4.45778
4.91161
4.32718
4.44738
4.39962
3.7627
4.72656
4.77012
4.72173
4.89361
3.75959
4.31557
3.90457
3.50004
2.86061
4.44684
4.38293
3.6689
4.9952
4.39611
4.23432
2.822
4.55613
4.84067
3.74164
4.19463
4.99948
4.97627
4.91235
4.37237
3.84668
2.49199
4.60823
4.8336
4.28767
4.33589
2.44927
3.9207
3.39052
4.65154
2.59264
3.03936
4.3496
4.24218
4.4628
4.10351
3.69169
4.34899
4.29158
4.53278
4.2447
2.703
4.8379
4.9478
2.43018
3.74722
4.25116
4.40801
4.4101
2.83095
2.47516
1.48358
2.40962
4.19253
4.94025
4.47661
4.24944
4.19999
3.87909
2.49585
2.40077
4.41581
3.49935
3.82676
4.30712
2.94176
3.77699
4.28624
4.59683
4.95052
3.85228
3.01262
3.52784
4.37621
4.60161
4.38974
4.89784
4.92028
4.2794
4.6456
4.56961
3.43498
4.6368
4.59384
4.1503
4.2665
4.95503
4.96425
4.22287
4.5017
4.35594
3.71947
4.90453
2.89826
2.44556
2.88834
4.25571
4.97884
4.53711
3.79154
4.30304
1.45625
2.48183
2.81195
3.57699
1.51909
2.57062
2.89596
4.25511
4.25873
3.78234
4.25858
4.23075
4.62293
4.30452
4.58068
2.32855
4.79119
2.93249
4.31312
3.79707
4.57748
4.49517
3.81537
2.89668
3.82904
4.94563
4.59458
4.34167
1.47567
2.4263
4.43999
4.80009
3.73661
4.88499
4.26227
3.76335
2.79373
3.47197
4.56823
4.22893
4.24714
4.99126
3.80066
2.6465
4.23974
4.57837
4.39554
2.51267
4.6556
2.59941
3.84143
3.59399
3.06609
4.28637
2.9495
4.10705
4.45415
3.79035
4.60193
4.33983
3.85238
4.45589
2.95331
2.51548
1.60673
4.19409
2.96455
2.49537
1.4292
3.47451
2.87198
2.48994
3.57715
4.49912
4.2723
2.8793
3.83992
4.52952
4.96745
4.17057
4.37579
4.60032
4.3995
4.45409
3.89727
4.43509
4.71707
4.383
2.48375
3.01372
3.89932
4.40609
4.84683
4.278
4.94303
4.6423
4.14401
4.4941
4.51418
3.45979
4.58445
4.92948
4.91855
4.28575
4.25079
2.88595
4.25411
4.91708
4.31863
4.50964
2.42074
4.34837
3.7674
2.94305
2.49063
2.46435
4.51643
4.34542
2.9643
3.60637
3.87424
4.91132
2.95735
3.67588
4.25202
4.94748
4.57104
3.82643
2.98981
4.30951
4.53828
3.5671
4.3483
4.95754
4.24037
4.55562
4.24284
3.9219
2.44824
4.99729
2.86028
2.46698
4.28928
2.92711
2.39913
4.4636
3.40008
3.83134
4.14798
4.36195
4.17092
4.25897
3.85345
2.50484
4.36846
4.36252
4.52139
4.59443
4.25192
3.73365
4.32082
4.93185
4.91989
2.94744
4.27911
3.77254
4.87979
4.54814
3.75757
4.25108
4.44492
2.8974
3.57013
4.24004
4.71521
4.11211
3.86961
4.99019
3.7988
4.51744
4.92882
2.95992
3.85898
4.35937
4.60417
4.95325
3.83075
2.92668
4.60267
4.38094
3.61791
4.49543
4.28683
2.44424
3.83686
4.28983
2.88359
4.27861
4.92833
2.51531
4.55599
2.46647
2.77653
4.23346
3.81742
3.47078
3.08346
4.27901
3.88644
4.65847
4.99171
4.92696
3.79044
4.65412
4.39829
2.95047
3.63693
3.79749
4.58827
4.43761
4.61924
4.22178
3.7982
4.98283
4.41342
4.28217
3.85331
4.17336
2.43096
2.88749
4.97541
4.2245
4.82227
2.43454
2.79281
4.15751
4.55928
2.36375
3.81755
3.43913
4.55147
4.32092
3.68234
4.33213
4.92725
4.32032
4.25258
4.54407
3.90378
4.14007
2.35855
4.17861
4.19461
4.44534
4.86506
4.6118
2.48235
2.96215
2.53713
2.93587
2.52117
2.93688
3.64907
4.34389
4.56575
3.4622
3.87528
2.42127
3.61341
2.39735
3.79246
4.22433
1.52327
3.51765
4.32609
4.59363
4.85564
4.24901
4.55838
4.5827
4.3227
4.57399
4.25123
3.50882
4.35259
4.47747
4.89524
4.27042
4.55217
4.96861
4.85502
2.92842
4.36466
2.8321
4.2107
2.92658
2.44327
4.63729
4.44263
4.42161
1.42895
4.25221
3.61588
4.27639
3.73998
4.2793
3.74435
3.39082
3.90245
2.49967
3.7121
4.32952
1.51309
2.39003
3.85021
4.59942
4.30935
4.84458
2.88892
2.34185
4.44203
4.06155
2.84473
4.22881
2.79305
4.9088
4.17727
4.31182
4.51539
4.1644
2.90937
2.433
2.94942
2.52353
2.93049
2.51126
3.86642
3.50214
3.91737
2.39487
3.68977
2.56532
1.48951
4.21019
3.51236
4.57927
4.24394
3.67218
3.49391
1.51651
4.35075
3.71255
2.47171
3.85384
2.41392
2.90609
4.93966
2.89808
4.4087
4.56422
2.50258
2.95108
4.25719
4.95146
4.52738
4.25293
4.37526
4.48992
4.64658
4.25126
3.93851
3.48415
3.94726
2.52874
1.58232
4.38009
3.84838
2.44383
2.8768
4.4214
2.4035
2.9554
4.35331
2.84104
4.36023
4.92832
4.49226
4.3008
2.86576
4.93069
2.96867
4.25418
2.95572
4.42699
4.57925
2.54015
1.47436
3.87114
4.32043
3.86511
4.32197
3.77626
4.32402
4.56249
4.20898
4.86994
3.49613
4.54829
4.28831
4.91139
4.30978
4.58594
4.97799
4.88306
4.57703
4.27374
4.63708
4.29495
2.83656
2.42309
1.54324
2.4088
1.45785
2.57291
3.67425
3.86031
4.18405
2.95296
2.47754
4.53727
3.79009
3.43336
4.97879
4.20181
4.48542
2.80627
4.14897
4.628
3.46847
4.59776
4.52385
4.45194
4.25543
4.84988
4.31102
4.66531
4.97826
2.94038
2.47807
4.32506
3.85486
4.37331
3.81216
4.40405
4.44033
4.24493
4.58063
2.50398
3.60534
3.83158
2.52488
4.61937
4.25577
2.94071
2.56953
4.88965
4.55607
4.37202
4.26722
4.88315
4.2113
3.77241
4.25005
4.99236
4.25071
2.80308
4.95599
4.43329
3.73317
4.25375
4.55234
4.28955
3.70971
3.78796
3.45046
2.8299
4.15411
4.5449
4.97639
3.86132
4.27902
4.5003
4.82136
4.81273
4.94787
1.60263
2.46579
1.63628
2.46156
3.85093
3.47953
4.37427
4.30565
2.83157
2.56316
3.88311
3.47772
2.95854
4.32446
4.57504
2.48195
1.43394
4.18772
1.47167
3.5009
2.78606
2.45293
2.94493
2.41613
2.89939
4.52578
4.22431
3.79565
4.6242
4.3245
2.94553
4.90575
3.75902
4.29004
2.52002
3.89935
3.582
2.89264
4.59591
4.23936
4.51222
4.83621
4.97687
3.79751
4.32138
2.86855
4.5864
4.94254
3.87022
4.32011
3.74663
4.50879
4.24604
4.21983
4.95455
4.30941
2.49678
3.83043
3.54095
4.5845
2.4826
2.86333
4.34085
4.9185
4.22446
3.79305
2.54517
4.59526
4.98243
4.37942
4.29041
4.54498
4.20922
2.90724
2.37675
3.7265
4.27762
4.30495
4.60214
4.32543
3.81193
4.2529
4.18951
2.97455
2.64036
1.48962
2.43771
4.32659
2.97015
3.31326
3.82625
2.45426
4.44137
3.96998
4.34599
4.52809
3.55963
2.94896
2.53021
2.56206
4.64443
3.50487
3.89362
4.43048
2.89148
2.47726
4.33895
4.58364
4.35413
4.392
4.97063
3.96031
4.89666
4.38749
4.552
4.69498
3.59845
4.46503
4.54974
4.28745
4.98099
4.99519
4.34806
4.33137
2.76259
3.74968
4.76438
4.47925
4.25062
4.48474
4.22405
3.81607
4.17756
1.51721
2.41092
2.87555
3.47983
1.50448
2.44434
2.87746
4.26305
4.48399
4.2136
3.75506
4.85448
2.77208
2.39125
2.98803
4.34438
4.88255
4.62954
3.77571
4.26176
4.5393
2.3934
4.9665
2.75046
4.20137
3.82191
4.20131
4.32332
3.86316
4.36886
4.31199
4.49645
1.41144
2.5045
3.9548
4.74459
4.33809
3.6055
2.93879
2.41783
2.85605
4.11598
3.76013
3.40857
4.47189
2.37633
3.68529
2.90163
3.50591
4.53543
4.264
4.59227
3.69789
4.84618
4.18913
4.54311
4.41221
2.54722
2.89421
3.82762
4.31296
4.26912
4.68773
4.23927
4.2401
3.74661
4.28512
1.57422
4.30948
3.02566
2.49291
1.53905
3.59238
2.86379
2.52774
2.97912
4.28959
4.66112
3.80367
4.428
4.19488
3.70598
4.19534
2.78673
2.41038
2.87147
3.84846
4.62745
4.32197
3.76941
4.33978
4.17434
4.24132
4.91245
4.20767
4.64234
4.33719
4.56221
4.57731
3.48438
4.45204
4.28025
4.92635
4.83023
2.92963
4.41004
4.52285
4.61856
4.60211
3.50785
4.60188
4.31947
1.52807
2.45563
2.81175
2.51347
2.826
3.45702
1.46172
2.4774
2.52154
4.61328
4.2641
2.95094
3.56155
3.87385
4.39821
4.27133
4.58623
2.4433
4.27005
3.77017
4.89101
2.91305
3.79382
4.19176
4.89438
4.4722
4.17072
2.4457
4.32157
2.93048
2.42067
4.59447
3.45494
3.76845
4.26673
4.86163
4.17648
4.48228
4.1672
3.73944
2.35528
4.86503
2.82229
2.45381
4.29644
4.39791
4.97048
4.58002
4.23296
4.23241
4.10674
4.23033
3.73647
4.51788
4.96237
3.78712
3.94903
4.34982
4.62891
2.94845
3.49563
3.00683
4.2444
3.86953
4.5666
4.3666
3.80483
4.96009
4.28143
4.51215
1.58134
4.33501
3.02392
2.605
2.82444
2.50969
1.55494
3.48604
4.56473
4.31932
4.50145
4.51696
4.65193
3.44725
3.75871
2.94469
4.52361
4.30874
3.46697
2.93474
3.93188
4.38511
4.64085
4.97709
4.27052
3.71523
4.88185
4.22917
4.52899
3.83697
4.60899
4.33471
2.97152
3.4736
2.90857
4.28916
3.88082
4.4915
4.91162
4.53002
3.84781
2.35927
4.22035
4.18528
4.51607
4.87726
4.38504
4.28674
4.21945
3.7785
4.22567
2.50737
2.88143
4.26083
4.58022
2.46232
3.75987
3.55449
4.58116
4.3172
3.82897
4.33191
2.53275
2.9575
4.98902
4.30778
4.8834
3.75932
4.14272
4.68818
4.38572
4.53451
2.52622
3.01228
2.34781
2.89717
2.52326
2.83787
3.4303
4.31894
4.62031
4.9632
4.34773
4.47664
3.45065
4.35904
4.50317
4.85875
4.53868
4.31149
4.96348
4.55468
4.29295
4.43033
4.58549
3.57581
4.31502
4.4606
1.47113
4.25889
3.80441
4.1325
3.80393
4.35524
3.72112
4.95578
2.91555
4.31036
2.81717
4.28498
2.81539
2.39699
4.54086
4.60984
4.23341
4.9098
2.87924
2.48928
4.49685
4.29353
2.97325
4.30719
2.91473
3.45389
3.74179
2.40463
3.78624
4.20527
1.51717
2.47206
3.76992
4.87409
4.49636
4.21635
4.59123
4.1674
4.99831
4.8199
4.33292
4.56334
2.87746
2.38438
2.90885
2.50552
2.92716
2.41031
3.78408
3.52918
3.81033
2.61327
3.86657
2.41298
1.50786
4.26977
4.57727
4.23425
3.79498
3.51801
1.54539
4.37847
3.8381
2.60431
3.88991
2.47021
2.84205
2.95528
4.31809
4.68703
2.60502
2.93595
4.30912
4.77601
4.29694
4.35741
4.6457
4.18353
4.99082
4.88649
4.6197
4.22764
3.75728
3.53076
3.62565
2.49949
1.47398
4.31907
3.75978
2.46183
2.81774
4.55164
2.50277
2.92245
4.36933
2.92771
4.28099
4.63927
4.36269
3.00217
2.82387
4.3765
2.89083
4.26662
4.45564
2.45357
1.53342
3.85558
4.41753
3.96861
4.31733
3.92766
4.39364
4.97384
4.92111
3.46501
4.55198
4.3618
4.29593
4.55905
4.96543
4.61171
4.27872
4.53046
4.34669
2.97141
2.45559
1.53593
2.60147
1.41737
2.37505
3.43443
3.81779
4.28465
2.89703
2.5406
4.51889
4.28228
4.57889
3.58553
4.39902
4.69234
4.54969
4.18398
4.94939
4.33218
4.57332
4.23348
4.5316
4.94868
2.98128
2.38194
4.38087
3.80442
4.27236
3.77309
4.15603
4.15763
4.48846
3.89009
2.58569
3.34374
3.91225
2.49738
4.63218
4.31461
2.98485
2.48104
4.5921
4.33474
4.40827
4.39363
4.99008
4.28561
3.81269
2.90229
4.91838
4.44118
3.69896
4.19597
4.98529
4.47196
4.2523
4.56808
3.74271
3.39034
3.04389
4.38733
4.5435
4.70084
3.77301
4.25266
1.52671
2.49718
1.5163
2.45052
3.85578
3.59514
4.60177
4.23935
2.85167
4.49249
4.16728
2.88512
4.9992
3.78754
4.20195
2.34842
1.52211
4.1533
1.46007
3.56929
2.91769
2.377
2.84353
2.4264
2.83689
4.53672
4.89051
4.27079
3.73668
4.90256
4.91959
3.83344
4.17384
3.75772
4.92023
3.33871
2.82226
4.37398
4.26351
4.50194
4.88242
4.47217
4.25362
2.84987
4.3755
4.87144
3.65176
4.95287
4.13835
3.70027
4.35271
4.44272
2.54371
4.69531
4.41165
4.51706
2.5219
3.86975
3.61154
4.69289
2.6386
3.12084
4.38185
4.34207
3.88786
4.25764
3.92557
4.29381
4.39673
4.59749
4.29835
3.06306
4.96822
2.52377
3.93331
4.44468
4.36417
4.51061
2.83651
2.37817
1.54521
2.54709
4.37392
3.07892
3.67133
3.88163
2.52819
4.69332
4.18061
4.84989
3.61398
2.30903
2.52986
4.63766
3.54968
3.80197
4.23737
2.9677
2.5168
4.43139
4.67003
4.32839
4.82717
4.91012
4.19558
4.64815
4.47259
3.4596
4.58519
4.59668
4.30807
4.27014
4.87529
4.30462
3.70934
3.00565
3.7316
4.98639
4.45102
4.19517
4.53806
4.37746
2.7401
4.22293
4.90846
4.4654
3.8368
4.31297
1.58357
2.41821
2.89987
3.55866
1.52509
2.50174
2.96873
4.34725
4.73269
4.29635
3.91966
4.93171
3.02657
2.58976
4.15864
4.96946
4.52621
4.17368
4.60033
2.58722
4.97174
2.87966
4.30774
3.94754
4.49254
4.41263
3.98929
4.31578
1.59996
2.37914
3.7575
4.5511
4.40564
3.53342
3.01159
3.90693
4.28156
3.83628
3.01445
3.69227
4.69808
4.33562
4.5003
4.31732
4.30892
3.7092
4.18111
4.38413
4.2252
2.41539
2.72461
4.92046
3.81484
4.25756
4.23845
4.40366
4.64447
4.30404
3.88435
4.34861
3.04818
4.97843
2.47178
1.47087
4.45623
2.69773
2.57377
1.5816
3.55919
2.89426
2.56209
2.92222
4.39782
4.6583
3.9784
4.66467
4.43049
3.00633
3.91944
4.65319
4.36723
3.88606
4.1691
4.29752
4.78159
4.29612
4.97181
4.58699
4.25828
4.4385
4.60231
3.58261
4.61928
4.95603
2.86354
4.30325
4.53926
4.69185
4.60781
3.58079
4.48756
4.15507
4.52139
2.46083
4.20383
3.77834
4.97364
2.79735
2.44704
2.53643
4.68788
4.33492
2.96351
3.5424
3.82955
4.23903
4.97922
4.57832
4.21325
3.79393
4.23966
4.35685
4.50082
4.36984
3.82156
2.53218
4.92559
2.85026
2.46014
4.12988
2.87144
2.53051
4.60349
3.42424
3.91745
4.3585
4.22108
4.32287
4.31501
3.86992
2.48107
4.32004
4.31111
4.88219
4.57363
4.32346
3.73917
4.64767
4.9182
2.87487
4.29089
3.81082
4.88983
4.61795
3.80323
4.2557
4.54796
2.96599
3.55996
4.96729
4.2604
4.44762
4.37907
3.83791
1.5735
4.38296
2.95957
2.5544
3.03429
2.51393
1.57239
3.61039
4.79071
3.69729
2.91593
4.5447
4.30305
3.48914
2.8462
3.88394
4.35319
4.52083
4.27367
3.67178
4.93831
4.27197
4.48713
4.84419
3.7515
4.31097
4.24187
2.8153
3.51479
2.88621
4.31139
3.88481
4.5993
4.97572
4.53726
4.86321
3.77783
4.23769
2.56719
4.19445
4.20085
4.45936
4.98886
4.32375
4.22599
4.34982
3.91123
4.19432
2.43919
2.81769
4.28862
4.58807
2.57715
3.88036
3.56489
4.58605
4.42672
3.7426
4.32989
2.5778
2.97224
3.87813
4.24618
4.59023
4.36467
4.63585
2.4718
2.86549
2.54532
2.93844
2.50218
2.99141
4.85102
4.33528
4.55302
3.44554
4.33159
4.6535
4.54727
4.19702
4.95754
4.56042
4.21966
4.88247
4.95809
4.247
4.59233
3.49541
4.34236
4.45461
4.93077
4.53701
4.25855
1.5113
4.24734
3.66164
4.27604
3.71808
4.17211
3.78377
4.90466
2.892
4.27764
2.77291
4.32227
2.9123
2.52427
4.52171
4.94792
4.57324
4.3122
4.91965
2.84332
2.34324
4.53477
4.28376
2.98848
4.33772
2.94099
3.48689
3.90487
2.3281
3.80931
4.13165
1.56834
2.49999
3.85446
4.55531
4.31539
4.27907
4.57847
2.98621
2.502
2.99135
2.45905
2.91574
2.48069
2.87591
4.91773
2.91466
4.31044
4.47849
2.51381
2.91568
4.34196
4.8778
4.55852
4.25751
3.8106
3.50309
1.487
4.20941
3.7889
2.43049
3.75094
2.42216
4.61826
4.34102
4.87331
4.26187
4.50413
2.95025
4.92262
4.61862
2.50866
2.82389
4.38369
2.90966
4.26012
4.88047
4.54921
4.29648
3.77214
3.4869
3.74872
2.4138
1.41847
4.40288
3.75127
2.4685
1.50048
3.79466
4.24564
3.89002
4.32209
3.80386
4.2669
4.45067
4.17538
2.87011
4.97345
2.73294
4.26139
2.83165
4.18029
4.51124
2.38715
4.96128
4.3318
4.54159
4.95638
3.60376
4.72467
4.38219
4.52937
4.34148
4.99342
4.54734
4.26167
2.81902
2.49918
1.57953
2.53636
1.54022
4.31113
4.97423
4.99269
4.21357
4.5568
3.5075
4.61806
4.58807
4.55799
4.34083
3.80801
4.25502
4.33677
4.22014
4.58679
4.28694
4.52427
2.94963
2.41385
4.2111
3.86005
2.41279
4.625
4.27495
4.31816
4.89756
4.28366
3.87799
2.47512
3.57407
3.86811
2.55496
4.72066
4.36639
2.93048
4.3705
4.29219
4.89391
4.48341
4.21526
3.7904
2.78399
4.88227
4.35236
3.74865
4.31351
4.9177
3.77421
4.21337
4.47223
4.81402
3.86158
3.29485
2.91301
4.2857
4.48901
4.87914
1.40343
2.42402
1.47138
2.32143
2.90121
4.49568
4.93488
4.31314
3.84928
4.58477
4.36275
3.06897
3.88666
4.48164
2.59231
1.53657
4.41439
1.57987
3.51671
2.99625
2.5896
2.97963
2.49766
4.90969
4.44631
3.90426
4.38621
3.7808
3.56143
2.87975
4.63024
4.26498
3.83076
4.57921
4.339
2.99587
4.55595
3.9277
4.35166
4.26415
4.10874
4.70616
4.87738
4.12888
3.64146
2.46556
4.41382
4.95707
4.39279
4.23503
2.41253
3.5994
3.40995
4.29237
2.38761
2.87574
4.15936
4.19976
4.55463
4.29857
3.85881
4.30787
4.35593
4.58388
4.35251
2.80225
4.99695
2.47184
3.76097
4.10383
2.93249
2.46333
1.52992
2.55062
4.28743
4.88855
4.57355
4.31208
4.35881
4.92316
3.83249
2.46271
2.51036
4.4663
3.51873
3.83062
4.25315
2.94951
4.91215
4.28072
4.93252
4.98595
4.30007
4.5002
4.58416
3.51666
4.44055
4.57732
4.30749
4.30317
4.97284
4.49689
4.22689
3.84189
2.86573
3.6659
4.9583
4.55537
4.35727
4.1929
4.60753
4.26949
3.77117
4.97279
2.85425
2.3869
2.87479
4.19443
4.97057
4.64881
3.81194
4.24019
1.52854
2.39147
2.83928
3.29012
1.54012
2.49826
2.85363
4.28631
4.23775
3.66018
4.23918
4.26953
4.53779
4.28892
4.58045
2.38008
4.88572
2.84362
4.19006
3.63551
1.56536
2.46739
4.5227
4.9702
3.79796
4.19946
3.68803
2.83363
3.47533
4.44084
4.21089
4.29578
4.58324
4.2268
4.46113
3.7552
4.39442
4.61167
4.23112
2.48742
2.86467
4.89376
3.73295
4.32719
2.83868
4.29788
4.46314
3.80257
4.60791
4.2873
3.75172
4.36134
2.87221
2.51345
1.50322
4.2839
2.95252
2.45378
1.53853
3.63601
2.92938
2.46451
3.83862
4.45128
4.17077
2.82497
3.70252
4.53249
4.88137
4.26025
4.35028
4.23639
4.97638
4.92669
4.20544
4.60713
4.32199
4.39471
4.71786
3.53699
4.55898
4.88768
2.88829
4.26785
4.90067
4.18489
4.42563
2.46034
4.17237
3.8638
4.92797
2.7755
2.26732
2.41472
4.39102
4.256
2.88281
3.36835
3.72568
4.74278
4.27985
3.88168
4.28771
4.92794
4.27387
4.3882
4.63068
4.24883
3.90747
2.52682
4.99294
3.04131
2.54755
4.40341
2.94643
2.52945
4.75421
3.61419
3.86751
4.31511
4.39139
4.23249
4.16933
3.73609
2.43494
4.26657
4.30047
4.99659
4.56466
3.88174
4.49188
4.84963
2.76378
4.17159
3.91451
4.51066
3.7915
4.11907
4.43321
2.88592
3.45025
4.2366
4.42182
4.1516
3.7053
4.74891
2.87571
3.76002
4.25119
4.51625
4.89788
4.90857
3.75807
2.83844
4.49281
4.22798
3.45882
4.27516
4.50082
4.30606
3.77533
2.85646
4.29426
3.74312
4.5119
4.90246
4.98005
3.78675
4.53247
4.24729
2.85115
3.46219
3.76608
4.48914
4.86616
4.24957
4.2726
4.31909
3.83931
4.3426
2.48225
4.19908
4.33616
4.68063
4.9693
4.51313
4.32977
3.83519
4.25285
2.46016
2.8444
4.98835
4.24828
2.5115
2.85373
4.26656
4.3981
2.55073
3.86847
3.49922
4.4784
4.09991
3.73919
4.20634
4.7906
4.32642
2.32173
2.7976
2.34197
2.73629
2.40292
2.82279
3.49252
4.1728
4.6269
3.64943
3.7745
2.47669
3.76229
2.44722
3.75002
4.2755
1.5621
4.98981
4.92255
4.50665
4.14622
4.69769
4.17339
3.32471
4.21625
4.58736
4.78717
4.93743
4.16573
4.40307
4.33822
4.5478
4.60837
4.36755
4.99352
2.95291
4.34554
3.08129
4.41295
2.92921
2.52924
4.65283
4.67692
4.2787
1.66492
4.42474
3.9634
4.34919
3.95329
4.47094
3.92455
3.6323
3.7457
2.58938
3.93852
4.32494
1.49894
2.49189
3.85896
4.57303
4.35881
2.98176
2.59801
4.65951
4.37977
2.94048
4.34562
2.91629
2.85592
2.46835
2.73402
2.40425
2.85948
2.46652
3.80586
3.56448
3.77568
2.47844
3.76282
2.4117
1.47998
4.24886
3.44935
4.96311
4.59624
4.17927
2.95059
3.01417
4.28232
3.02982
4.48738
4.65854
2.59637
1.69782
3.96136
4.29345
4.00552
4.45743
3.9255
4.31726
4.67572
4.39393
4.38388
4.56323
4.64952
4.26868
3.74234
3.59904
3.94725
2.55222
1.50836
4.45005
3.882
2.63516
2.99571
4.63427
2.60144
3.04199
4.48788
2.99654
4.4235
4.44357
4.24888
4.86364
4.44774
4.1402
4.67218
4.20475
4.87927
3.33757
4.72369
4.38831
4.92357
4.20968
4.49709
4.82914
2.95385
2.37181
1.48106
2.51287
1.52376
2.54113
3.52252
3.97637
4.34296
2.89028
2.52177
4.5567
3.81844
3.48553
4.16947
4.49756
2.87634
4.38126
4.99004
4.39208
4.38101
4.53529
2.98118
2.48561
4.3328
3.78
4.26662
3.73738
4.34897
4.22565
4.21121
4.55523
2.401
3.56218
3.80551
2.54125
4.66738
4.31516
2.97808
2.46731
4.99852
4.58218
4.35014
4.26543
4.84052
4.19586
3.73568
4.98673
2.93965
4.97056
4.61497
3.81521
4.23
4.54509
4.32631
3.83401
3.76264
3.58461
2.93983
4.20969
4.56057
3.86613
4.38036
4.5555
4.91878
1.50704
2.48234
1.5354
2.65215
3.95278
3.69808
4.66246
4.29989
2.98235
2.49206
3.82174
3.42358
2.69846
4.22366
4.51536
2.45135
3.07214
4.61664
4.90484
3.90675
4.35447
3.97495
4.59833
4.40699
3.7786
3.62595
3.01103
4.62668
4.44719
4.65748
4.89473
3.74786
4.28802
4.43267
4.27412
2.90226
4.81571
2.39233
3.82498
4.23736
4.34315
4.55433
4.24917
3.72466
4.18893
4.24971
4.34996
4.23931
2.46158
3.99038
3.44898
4.44277
2.72204
2.85778
4.26847
4.38234
3.89586
2.36099
4.4872
4.84512
4.15956
4.16848
2.73945
2.43397
1.53912
2.54653
4.27119
3.08193
3.59883
3.68956
2.4157
4.57843
3.77425
4.23586
4.49587
3.3632
2.88883
4.35528
4.98549
4.3267
4.85629
4.10437
4.69702
4.507
3.44027
4.55248
4.54562
4.24542
4.93572
4.80017
4.37663
4.65731
2.6156
2.98408
4.4643
3.89146
4.41104
4.45927
3.9514
4.39168
4.35485
4.69248
2.92517
3.96419
4.99991
4.5077
4.23801
4.56494
4.30752
3.77514
4.30814
1.57434
2.68953
3.01864
3.5493
1.74941
2.45933
2.97325
4.39467
4.68025
4.36878
3.95516
3.0026
2.64085
2.9375
4.29186
4.97738
4.476
3.81396
1.52566
2.48301
3.83755
4.50166
4.35837
3.42728
2.89005
2.48164
2.92223
4.23906
3.68784
3.49417
4.54903
2.40028
2.99783
3.85256
4.60417
4.29542
3.88164
4.65006
4.39184
4.68794
4.3237
2.61756
2.90023
3.9502
4.28392
4.19577
4.51835
4.40979
4.32876
3.79503
4.3685
1.49709
4.27623
2.99757
2.49258
1.59621
3.65076
2.97936
2.53135
2.85335
4.27757
4.60295
3.82984
4.6251
4.43352
3.80321
4.30381
2.84801
4.97238
2.46564
4.86982
4.29086
4.93441
4.30125
4.62117
4.17795
4.62437
4.66081
3.59061
4.48816
4.9361
4.252
4.87803
3.04598
4.42075
4.49653
4.71088
4.52575
3.55472
4.53278
4.33377
1.49961
2.4896
2.82901
2.34014
2.83309
3.4658
1.45957
2.59258
4.28832
4.32614
4.98019
4.54231
4.38511
4.2199
4.32353
4.32475
3.88114
3.92529
4.28116
4.52419
4.21993
2.41923
4.35206
2.94334
2.55516
4.6259
3.52237
3.88393
4.30097
4.99114
4.30447
4.6315
4.24384
3.73704
2.36983
4.91444
2.8622
4.3474
3.78209
4.99975
4.26343
4.50769
4.64929
4.92623
3.84552
3.81315
4.47784
4.59673
3.13897
3.54783
2.8851
4.28214
3.74797
4.8749
4.46862
1.49642
4.27398
2.83678
2.66137
2.9195
2.38529
1.5453
3.44773
4.42713
4.39949
4.61359
4.51681
4.53178
3.59517
4.74638
3.95732
4.36839
3.81115
4.85673
4.16193
4.51269
3.77957
4.6256
4.37182
2.98887
3.61119
2.92315
4.34859
3.81751
4.51216
4.94144
4.94441
3.91188
4.38752
4.95363
4.62169
4.38273
2.41707
4.36835
4.25
4.4971
4.97084
4.19197
4.19117
4.15154
3.77132
4.3176
2.47304
3.01199
4.37331
4.551
2.60223
3.78388
3.49439
4.50324
4.31332
3.79286
4.29317
2.4582
2.98042
4.98045
4.39262
4.9446
4.53673
2.49489
3.10049
2.54199
2.89325
2.52328
2.90437
3.40528
4.28572
4.67157
4.59949
4.35628
4.90547
4.48527
4.28227
4.94185
4.37174
4.67927
3.58372
4.27566
4.52472
4.92256
4.46792
4.37936
4.36088
4.667
1.48153
4.29007
3.91056
4.30184
3.84024
4.29841
3.87696
4.99294
2.82814
4.1743
2.83209
4.24098
2.78761
2.48243
4.42396
4.6106
4.17963
4.94924
2.92496
2.56473
4.64943
4.34273
2.93557
4.22755
2.94106
3.44865
3.8548
2.48969
3.81888
4.30807
1.54907
2.58063
3.85727
4.57416
4.20924
2.81348
2.37241
2.80708
2.44224
2.90236
2.38152
3.74882
3.5339
3.7778
2.47503
3.83752
2.44936
1.49898
4.19389
4.65192
4.39516
2.9367
2.89248
4.41826
3.0817
4.35728
4.62457
2.43326
1.59173
3.823
4.41704
3.88922
4.33205
3.89111
4.3692
4.92787
4.26265
4.55028
4.68038
4.23592
4.96446
4.49981
4.37111
3.9332
3.59823
3.6942
2.55659
1.41997
4.33424
3.72639
2.45936
2.88099
4.6046
2.48192
2.97945
4.30961
2.92351
4.33569
4.54023
4.28793
4.6257
4.30242
4.89839
4.92244
3.43451
4.55183
4.20497
4.92946
4.2529
4.42913
2.95139
2.47731
1.51127
2.47413
1.48425
2.44063
3.53345
3.79278
4.41804
2.94544
2.44458
4.54918
4.29431
4.86361
4.28287
4.35839
4.49951
4.27659
4.55055
4.78832
2.84332
2.48974
4.21012
3.84643
4.2751
3.80294
4.29022
4.30422
4.9687
4.237
3.85036
2.55122
3.36862
3.80036
2.34574
4.48948
4.11184
2.81241
2.43256
4.96042
4.55319
4.36318
4.29912
4.98891
3.83411
2.93602
4.93497
4.58915
3.92946
4.439
4.60139
4.34403
4.51665
3.81265
3.60041
2.90716
4.37058
4.68835
4.97696
3.88844
4.23336
1.53925
2.44694
1.57411
2.49589
3.83351
3.42881
4.58879
4.25819
2.8696
4.59034
4.28211
2.88793
4.44919
4.83779
3.78618
4.07536
3.72804
4.95694
3.84618
4.44281
4.00619
3.50285
2.83111
4.4703
4.27044
4.54086
4.84418
4.30733
3.90199
4.35316
4.2311
4.63307
4.20332
2.91882
4.89418
2.44701
3.74297
4.27886
4.20318
4.4578
4.43843
4.37393
2.56113
4.86849
4.61732
4.41761
2.45758
3.90526
3.52035
4.67086
2.56309
3.0383
4.42144
4.91678
4.3127
3.73911
2.8363
2.44269
1.52254
2.46902
4.26482
2.83897
3.58011
3.76828
2.42553
4.50542
4.29086
4.24643
4.96484
4.93071
4.40253
4.56898
4.5577
3.37247
4.62624
4.47738
4.23623
4.95225
4.34829
4.50992
4.38251
4.54398
2.51186
2.97013
4.27252
3.86308
4.3164
4.24011
3.81532
4.28174
3.85611
2.94738
3.84554
4.57782
4.42602
4.52853
4.28447
2.94051
4.48502
4.70906
3.9006
4.34482
1.51042
2.52193
2.89596
3.59989
1.52815
2.56147
3.03356
4.3991
4.52778
4.26899
3.82784
4.89706
2.93035
2.4002
1.46533
2.43064
3.77427
4.62592
4.28718
3.61939
2.92332
4.54492
4.29087
2.9046
3.80512
4.64461
4.97294
4.18921
3.86843
4.30636
4.34309
3.90399
4.31652
4.59441
4.43899
2.51196
3.05092
3.85345
4.43059
4.40044
4.69361
4.4714
4.24821
3.89701
4.20876
2.82533
2.56882
1.69205
4.4379
2.93972
2.50118
1.53866
3.58664
2.80583
2.56635
2.99732
4.38198
4.71706
3.94216
4.88569
4.25393
4.28047
4.14974
4.98742
4.67194
4.2328
4.56602
4.58335
3.4328
4.53729
4.99244
2.87912
4.24025
4.55765
4.54827
4.61297
3.52294
4.5589
4.3605
4.34044
4.37026
3.86882
2.55839
4.3209
4.41198
4.97915
4.47667
4.34854
4.66943
4.37719
3.80604
4.38499
4.96876
4.2603
4.5664
4.41593
3.84969
2.49199
3.06161
2.62989
4.31055
2.97388
2.52245
4.66641
3.48159
3.88466
4.33161
4.25372
4.49138
4.27992
3.77541
4.85157
3.81041
4.53256
2.79749
4.41445
3.95229
4.86511
4.5108
3.79027
4.28917
4.47755
2.86195
3.50873
4.84119
1.52346
4.33413
2.90809
2.46427
3.05404
2.45314
1.47386
3.50378
4.54665
4.81455
3.80019
4.21652
3.7796
4.92924
4.21595
4.46758
4.99098
3.89185
4.37143
4.28628
2.73299
3.38481
2.82607
4.24595
3.8468
4.52201
4.94925
3.87548
4.37278
4.59648
4.36918
4.28134
2.51706
4.31917
4.34262
4.67917
4.95471
4.32524
4.31478
4.296
3.8537
4.29492
2.49675
2.9783
4.28455
4.64305
2.46481
3.8939
3.66786
4.70613
4.36525
3.84918
4.38374
2.56438
2.87919
4.90864
4.64605
2.49745
2.90697
2.68243
2.88649
2.4482
2.98695
4.96386
4.56956
4.191
4.8147
4.46895
4.18921
4.93495
4.98723
4.12948
4.42456
3.41528
4.32568
4.69597
4.5251
4.33309
4.40434
4.67618
4.45736
4.29428
1.49262
4.15511
3.79787
4.34948
3.80044
4.35083
3.77555
4.91808
2.96195
4.21588
2.93333
4.2024
2.86431
2.48662
4.58442
4.63662
4.4814
4.89223
2.92
2.49496
4.51459
4.33315
2.837
4.31447
3.04263
3.6559
3.97055
2.53841
3.96015
4.3597
1.65389
2.48315
3.80436
2.95842
2.51471
2.87057
2.47494
2.96116
2.43745
1.60284
3.75347
4.13528
3.80491
4.37184
3.81503
4.2176
4.58035
4.25325
2.87846
4.91313
2.93241
4.3592
2.96239
4.27076
4.55775
2.52593
4.43124
4.35733
4.28799
4.50194
2.86137
4.8888
4.55531
2.49719
2.92033
4.28961
2.88897
4.27796
4.97743
4.50026
4.29085
3.89057
3.55682
3.8297
2.40695
1.45978
4.27411
3.79514
2.47136
4.59825
4.25514
4.94276
4.56514
4.30673
4.9451
4.54628
4.66743
4.91508
3.51803
4.61568
4.30114
2.85769
2.50481
1.48865
2.44819
1.4825
4.42058
4.28478
4.97076
4.26036
3.85113
4.18563
4.29728
4.29725
4.55972
4.21818
4.58492
4.88449
2.85108
2.36974
4.24251
3.78122
2.43755
4.94127
4.56266
4.36898
4.30563
4.82294
4.18457
3.73433
2.46121
3.40977
3.81313
2.46526
4.49058
4.29235
2.87278
4.98676
4.52967
4.24401
3.82933
2.96116
4.89277
4.55829
3.85632
4.34703
3.89134
4.36327
4.49741
4.98417
3.87991
3.49738
2.896
4.23404
4.4534
1.49643
2.39391
1.51909
2.39123
3.96121
4.66852
4.25219
2.92552
4.58962
3.89079
4.39462
4.88024
4.45501
3.7118
4.24083
3.79154
3.45077
2.89461
4.54439
4.27187
4.30047
4.59588
4.36421
3.79914
4.34453
4.31375
4.58533
4.33788
2.89311
4.98161
2.53793
3.92698
4.33884
4.26506
4.20493
4.88128
4.99065
4.42097
3.92643
2.40297
4.4954
4.88094
4.21226
4.3415
2.45686
3.75392
3.4969
4.46807
2.40736
2.81406
4.16957
2.87258
2.53821
1.4906
4.34413
4.27892
4.93633
4.87195
4.15973
4.89317
4.89996
4.33073
4.51008
4.47843
3.44298
4.6645
4.48243
4.23974
4.26587
3.73763
4.27688
4.33407
4.60699
4.40721
4.53033
2.48957
2.94287
4.38691
3.85775
4.63273
4.23816
3.97007
2.88835
3.88941
4.93297
4.61381
4.41212
4.32968
4.44375
4.35615
3.82547
4.85511
2.97062
2.54483
2.93155
4.39056
4.6181
3.99283
4.42209
1.48644
2.53072
2.9779
3.49512
1.5843
2.53973
2.82955
1.47641
2.34401
3.89072
4.51605
4.22288
2.89977
3.817
4.60005
4.9968
4.34201
4.32742
4.60932
4.31771
4.41649
3.90858
4.36634
4.5424
4.41135
2.48691
2.85862
3.83263
4.30914
2.88063
4.28987
4.58813
4.96618
3.82921
4.75161
4.38987
3.75042
4.38804
2.84524
2.46743
1.59363
4.34598
2.9223
2.48799
1.54807
3.50919
2.94941
2.49758
4.92965
4.2907
4.28814
4.97369
4.2023
4.91311
4.52785
4.25704
4.49514
4.639
3.45485
4.43553
2.83526
4.42437
4.33021
4.25243
4.43448
3.75739
2.5158
4.30449
4.37068
4.64465
4.54768
4.28695
3.75295
4.18451
4.89737
4.24535
4.96896
4.42546
4.62977
4.14999
3.89114
2.36374
4.84585
2.84705
2.44688
4.28574
2.89545
2.5294
4.53201
3.51346
3.83329
4.3037
4.60634
4.29303
3.87336
3.79423
4.52376
4.93113
2.86108
4.2822
3.75979
4.98619
4.63875
3.83897
4.25183
4.57534
2.89142
3.41592
3.88246
4.45194
4.9622
4.29082
4.44771
4.17837
3.67087
4.89024
2.75589
4.2368
3.82194
4.47505
4.92193
4.81059
3.7495
4.38872
4.15795
2.75526
3.36679
4.67878
4.33213
3.88304
4.32375
4.42567
4.48558
4.33184
3.84942
4.34613
2.5766
4.37114
4.36433
4.65559
4.68933
4.32827
4.02605
4.44951
2.68694
3.0487
4.22743
2.5717
2.9833
4.37508
4.60599
2.48484
3.81134
3.50027
4.36409
2.3288
2.69269
2.4432
2.88704
2.39064
2.77668
3.51357
4.94829
4.16845
4.56254
3.51294
3.71475
2.50927
3.86359
2.56579
3.74976
4.27962
1.51825
3.3887
4.08506
4.64758
4.89269
4.96544
4.24576
4.46621
3.53071
3.70699
4.30942
1.55198
2.49809
3.78024
2.43955
3.81766
4.95508
4.48083
4.30187
2.91697
4.34415
2.8631
2.4879
4.54189
4.26392
2.94064
3.46974
4.2954
4.58956
4.82896
4.96042
4.20714
4.4816
4.92416
4.93306
4.44128
4.2141
4.66075
4.31763
2.78605
2.55511
2.90504
2.32418
2.85308
2.41275
3.72873
3.58946
3.8533
2.40655
3.83513
2.45261
1.47659
4.3367
3.55058
4.56413
4.20963
3.93545
3.58593
1.50999
4.30941
3.92061
2.43332
3.81611
2.60819
2.94629
2.97593
4.38987
4.61031
2.47309
3.00409
4.34912
4.86535
4.48322
4.33298
3.45241
4.62805
4.23311
4.90794
4.20292
4.55784
4.9043
3.75114
3.59896
3.72624
2.57575
1.50827
4.31257
3.83487
2.49659
2.84616
4.9817
4.58641
2.63578
2.9332
4.31345
2.98974
4.34704
4.56782
4.25772
2.97731
2.94618
4.24733
2.9891
4.36553
4.67572
2.4706
1.535
3.9823
4.42849
3.84862
4.27096
3.83415
4.37114
4.60765
4.33453
4.97191
4.13772
4.43296
4.58495
4.33455
2.80361
2.50064
1.57082
2.45964
1.4977
2.49876
3.60088
3.67248
4.36598
2.95412
2.41508
4.55161
3.84031
3.56494
4.33985
4.55485
2.87859
4.24804
4.64627
3.34484
4.63867
4.41636
4.53889
4.26315
4.90789
4.89831
4.29818
1.58042
3.59525
1.51886
2.45136
2.95934
2.48562
2.94715
4.33591
4.64631
2.89353
4.44416
3.99269
2.6324
2.97903
4.5057
4.21558
3.8179
2.58444
3.53692
3.85434
2.59514
4.66222
4.35136
3.0426
2.50133
4.68259
4.36518
4.40625
4.32611
3.88181
4.33851
4.9463
4.1931
4.33508
4.67309
2.92039
2.5483
4.33222
3.88756
4.51583
3.99441
4.44809
4.3346
4.37631
4.75534
1.42851
2.49475
1.46553
2.39563
3.77929
3.40036
4.61105
4.37118
2.96136
2.48292
3.81013
3.48819
2.84969
4.18514
4.47623
2.35403
1.55953
4.39357
1.5702
3.56156
2.98004
2.55929
2.91417
2.59428
2.94823
4.55084
4.34361
3.87296
4.49253
4.24397
2.85265
4.99111
3.8676
4.38333
2.49697
4.68049
4.29023
4.65169
3.49014
4.4314
4.45976
4.92051
4.27506
4.78721
3.81812
3.66798
3.08575
4.59726
4.46514
4.57987
3.81928
4.2985
3.0708
4.64888
4.95183
3.93728
4.3282
3.92287
4.74283
4.39786
4.90042
3.01043
2.49437
1.53238
2.54971
4.43161
2.76533
3.58816
3.92961
2.54408
4.61172
3.81302
4.39728
4.56479
3.51869
2.92878
2.44035
2.40391
4.46008
3.46167
3.75187
4.16573
2.86989
2.45456
4.18705
4.90907
4.49927
4.19525
4.21191
4.90854
3.74142
3.91171
3.04236
3.53242
4.34905
4.68352
3.89784
4.43749
4.67047
4.92214
4.40305
4.43651
4.66938
3.68716
4.45834
4.73209
4.37103
4.9828
4.37553
4.92659
4.28556
1.57869
2.51264
3.88641
4.63256
4.1479
3.49681
2.84402
2.5466
3.05739
4.39406
3.99164
3.56592
4.66037
2.54458
3.87672
2.74385
3.34227
4.44031
4.30453
4.54894
4.7947
3.81392
4.94717
4.30135
2.52834
4.64855
2.61337
3.89418
3.52388
2.98726
4.3489
4.28897
3.98096
2.58164
4.36694
4.62869
4.41597
1.56538
4.2455
2.83523
2.40306
1.51843
3.50034
2.86156
2.52281
2.85989
4.33321
4.55549
4.93279
3.82188
4.62864
4.30707
3.8638
4.37349
2.96146
4.94155
2.49242
2.90527
3.6932
4.47933
4.87147
4.09899
3.66433
4.64167
4.24114
4.61253
4.30624
2.41481
2.88877
3.86708
4.29323
4.38326
4.51449
4.27952
4.31938
3.91371
4.47615
2.88091
4.32949
4.53865
4.39845
4.59949
3.49514
4.61879
4.28378
1.51469
2.57018
2.9458
2.56031
2.8764
3.52232
1.48885
2.45752
2.34672
4.47644
4.24731
2.81316
3.38552
3.82279
4.27208
4.89154
4.28419
4.382
2.4398
4.32993
3.82213
4.92856
2.87198
3.86545
3.00974
4.31111
4.54795
3.53021
2.97049
3.79553
4.30033
4.92863
4.61895
2.50866
4.31055
2.94308
2.59123
4.63246
3.49454
3.96341
4.30764
4.32753
4.62966
4.35513
3.94149
2.49041
4.97139
2.91923
2.53477
4.26205
4.26927
4.44226
4.25559
4.32652
4.45027
4.3346
3.81934
3.80515
4.29019
4.57059
4.36213
1.54195
4.43263
3.0424
2.35414
3.00878
2.57856
1.52781
3.5522
4.66265
4.2941
4.60796
4.56619
4.6042
3.47587
3.7985
2.79009
4.54364
4.18029
3.4949
2.89753
3.76046
4.22365
4.49092
4.97716
4.88872
2.53968
4.64479
2.50112
2.8558
4.34404
3.81262
3.58596
4.64997
4.4178
2.52662
3.98803
4.48467
3.02789
4.35425
4.92868
3.89915
4.57497
4.37293
3.04609
3.64305
2.96297
4.45014
3.90123
4.68793
4.99778
4.60933
4.87957
3.76231
4.28293
3.88228
4.47239
4.72872
4.60035
2.47101
2.76562
2.51836
2.89875
2.42248
2.7923
3.51873
4.23204
4.62577
4.98864
4.20534
4.52839
3.48783
4.13285
4.56539
4.94657
4.98535
2.91662
4.42362
2.96581
2.47827
4.66844
4.34707
3.04435
3.65539
3.87039
4.31431
1.53102
2.58664
3.95373
2.50405
3.90955
4.55285
4.32235
4.40359
4.61781
3.48854
4.26056
4.50133
4.92706
4.83586
4.55513
4.37919
4.63456
4.35958
3.08046
2.653
2.91648
2.61319
3.02384
2.69852
3.92834
3.415
3.86399
2.40778
3.81172
2.49128
1.57105
4.26772
4.85795
4.59834
4.31506
3.84354
3.39143
1.62467
4.27003
3.682
2.40045
3.79808
2.31419
2.86604
4.79376
2.92628
4.17546
4.51711
2.27858
2.81347
4.19159
3.61077
4.44457
4.44294
4.39661
4.67223
4.64224
4.38322
3.99897
3.50704
3.95646
2.5113
1.55698
4.42954
3.9233
2.62195
2.99601
4.97529
4.64763
2.57777
2.85561
4.40105
2.9285
4.28728
4.50356
4.28171
2.87375
4.88531
2.9826
4.23316
2.76508
4.26196
4.51617
2.44685
1.4603
3.82029
4.16784
3.65896
4.20992
3.71965
4.23522
4.96461
4.47594
4.81261
4.41506
4.41704
3.00095
2.57362
1.59431
2.53792
1.46698
2.44566
3.37734
3.82116
4.26704
2.88135
2.52699
4.48607
4.99132
4.38644
4.52042
3.5625
4.55109
4.55251
4.55607
4.33767
2.98089
4.58103
4.25588
3.88126
4.3804
1.52235
3.45395
1.5289
2.52025
3.00581
2.48865
2.94024
4.27388
4.48162
2.87354
4.315
3.84167
2.42546
4.43773
3.9004
2.55624
3.55458
3.92529
2.53822
4.69073
4.40124
2.97328
2.46223
4.95898
4.68959
4.22599
4.25537
4.26501
4.35898
4.39792
4.60062
4.3999
4.66411
4.93324
2.98264
2.54736
4.27637
3.80352
4.26515
3.82014
4.25537
4.40755
1.57073
2.51753
1.49076
2.64367
3.96702
3.65835
4.67607
4.38088
3.01068
4.50407
4.21481
2.79211
4.82597
3.80113
4.12903
2.41315
1.46398
4.48531
1.51496
3.55834
2.9324
2.48306
2.8625
2.62616
3.11362
4.84787
4.4562
4.06918
4.24902
4.85365
4.48449
4.37263
4.66052
3.49734
4.64522
4.54234
4.97975
3.80612
4.30272
3.81107
3.63109
2.95469
4.62967
4.43737
4.63479
4.47582
4.21877
2.86659
4.74511
3.86539
4.42845
3.99801
2.98392
2.55766
1.58609
2.58044
4.29401
2.84739
3.43409
3.76704
2.39003
4.54428
4.30046
3.79732
2.48679
2.2782
4.4983
3.33915
3.74186
4.1983
2.8102
2.42916
4.34072
4.93591
4.49688
4.28898
4.66377
4.99653
3.92263
3.05703
3.6681
4.39517
4.73525
3.86199
4.38429
4.38072
4.55874
4.61427
3.47621
4.50502
4.6207
4.33082
4.88105
4.2325
4.86445
4.29039
1.52167
2.52818
3.85988
4.47323
4.29161
3.48473
2.95381
3.8013
4.88332
4.37357
3.88239
2.97619
3.43672
4.58755
4.27948
4.61338
4.88443
2.53167
4.30697
4.51592
4.986
4.32877
2.45556
4.56644
2.47317
3.93554
3.61452
2.97361
4.38805
4.3267
3.81921
4.63219
4.39978
3.78963
4.38259
2.96315
2.48553
1.5379
4.24789
2.92313
2.53587
1.54022
3.56034
2.94823
2.51507
2.84288
4.35982
4.47868
4.97349
3.72731
4.58198
4.25156
2.80213
3.91498
4.50171
4.93275
4.33798
3.83582
4.354
4.25152
3.84554
4.29123
4.6634
4.37485
2.53533
3.00762
4.97896
3.75387
4.29639
4.28073
4.62872
2.96427
4.35528
4.59863
4.58239
4.53641
3.53101
4.53107
4.4018
4.55927
2.45376
4.39569
3.74778
4.91792
2.99972
2.55739
2.50335
4.62919
4.31884
2.86821
3.54047
3.87028
4.39944
2.88261
3.79676
4.19439
4.898
4.54203
3.81359
2.86586
4.38518
4.63234
3.52353
4.96191
4.30062
4.63977
4.22052
3.89836
2.53378
4.99138
2.93059
2.44131
4.32052
3.01683
2.49385
4.59204
3.56643
3.87577
4.25093
4.89713
4.35649
4.30229
4.30788
3.76582
2.41474
4.42482
4.28021
4.92894
4.61488
4.34774
4.44536
4.24382
3.87495
4.37097
4.86552
1.47164
4.32724
2.88007
2.58875
2.93562
2.50666
1.62741
3.52137
3.91619
2.98548
4.57585
4.3663
3.59158
3.02568
4.03243
4.39962
4.74152
4.29108
4.95147
2.48964
4.43089
2.4432
2.83956
4.33554
3.73481
3.49125
4.51227
4.31488
2.42629
3.84241
4.32868
2.85182
4.9964
3.85665
4.60967
4.41925
2.96286
3.60899
2.96316
4.55759
3.85331
4.60476
4.57219
3.99465
4.34173
3.85935
4.94098
4.35256
4.59082
4.49382
2.42893
2.96325
2.48185
2.87438
2.49399
2.89638
4.80441
4.28967
4.576
3.56011
4.3877
4.53527
4.92552
4.57841
4.2728
2.95463
4.22336
3.00007
2.48122
4.63794
4.25912
2.95381
3.55317
3.82467
4.37907
1.44756
2.5227
3.84941
2.46526
3.85989
4.95764
4.28461
4.57828
3.54378
4.24476
4.53086
4.50331
4.31654
4.92373
4.57555
4.32874
2.94454
2.40472
2.88636
2.40952
2.86249
2.38793
2.84654
4.9728
2.84888
4.20208
4.47216
2.45798
2.78922
4.31629
4.85973
4.59694
4.17481
3.72431
3.33439
1.40648
4.22508
3.79832
2.41287
3.72291
2.40653
4.3913
4.58769
4.88608
3.55393
4.39174
4.24436
2.94126
4.67101
2.59843
3.05499
4.45805
2.95705
4.5195
4.93374
4.45191
4.25206
3.8276
3.65637
3.92734
2.61675
1.54624
4.36971
3.86359
2.52809
1.6294
3.88001
4.17575
3.86103
4.35467
3.91697
4.27322
4.62252
4.32511
2.90877
4.98528
3.12639
4.2997
2.91783
4.32171
4.58141
2.53031
4.55602
4.34978
4.33099
4.62202
2.98603
2.61584
1.50474
2.53148
1.58152
4.27559
4.91623
4.99589
4.32957
4.70805
3.6043
4.5222
4.54048
4.5819
4.33789
4.61513
4.99824
3.02697
4.3892
3.79755
2.51965
2.79429
4.82237
4.52941
4.23461
3.79924
4.32145
1.55242
3.60525
1.47258
2.51426
2.89261
2.35897
2.99132
2.53064
4.58024
4.44114
4.289
4.83282
4.19469
3.72499
2.45613
3.52557
3.95746
2.47031
4.5484
4.23524
2.93198
4.38872
4.33085
4.33624
3.86042
4.30403
4.38321
4.20172
4.46268
4.19575
4.56389
4.99864
2.86746
2.494
4.35983
3.94309
1.55067
2.40692
1.42784
2.50774
2.8153
4.51657
4.91257
4.30906
3.73788
4.57384
4.23451
2.87575
4.9946
3.72397
4.2712
2.39928
1.48535
4.18603
1.59403
3.46244
2.94869
2.47406
2.87873
2.43424
4.29989
4.45758
4.37653
4.40909
3.52198
4.66395
4.5781
4.58835
4.91279
3.72521
4.29092
3.84571
3.65193
2.86486
4.53426
4.29773
3.87185
4.50018
4.29604
2.92003
4.6795
4.9381
3.85744
4.30746
2.88812
2.42973
1.62237
2.32607
4.26
4.88541
4.575
4.20771
4.24073
4.83981
3.75664
2.40506
2.52918
4.50318
3.50486
3.86278
4.27815
2.84
4.00804
4.40312
4.59377
4.96069
3.97144
2.90077
3.59409
4.32654
4.69483
4.4127
4.9003
4.37575
4.42776
4.75834
3.52948
4.48266
4.63409
4.40699
4.35306
1.54357
2.39327
4.3954
4.86283
3.84793
4.88128
4.15879
3.74267
2.89687
3.36401
4.48799
4.1863
4.37131
4.96602
3.88223
2.47852
4.33121
4.60199
4.40769
2.53386
4.78234
2.50914
3.89303
3.66698
2.92901
4.43081
2.93052
4.26332
4.62209
3.8007
4.6076
4.26038
3.83688
4.23098
2.84401
2.49021
1.61527
4.36656
3.03308
2.62188
1.46824
3.60926
2.91624
2.51716
3.81456
4.58508
4.32158
2.89585
3.87654
4.458
4.93814
4.26843
4.37747
4.79288
4.43072
4.32214
3.93083
4.4024
4.64468
4.4071
2.59909
3.03108
4.05905
4.51634
2.8804
4.12693
4.84427
4.26423
4.51038
2.46977
4.13176
3.77197
4.91966
2.7636
2.38103
2.54112
4.47447
4.27089
2.83926
3.47315
3.72844
2.98556
3.8898
4.37048
4.70097
3.91862
2.9527
4.40031
4.73908
3.57656
4.35867
4.9783
4.39506
4.59558
4.39534
3.85116
2.47185
3.02499
2.60404
4.44965
3.1345
2.4924
4.71304
3.57461
3.8936
4.34643
4.23922
4.41151
4.24088
3.88786
2.54251
4.43145
4.27901
4.97361
4.59585
4.67184
4.47161
3.96915
4.4409
2.80684
3.68269
4.19386
4.41572
4.94455
4.90625
3.80618
2.88195
4.5878
4.25238
3.4365
4.6056
4.30537
2.60687
3.8869
4.2898
2.93833
4.25282
2.52915
4.67316
2.44068
2.95191
4.32893
3.78408
3.59657
2.91139
4.26443
3.8999
4.48181
4.87749
3.81978
4.56207
4.38428
2.83136
3.46737
3.82945
4.54482
4.91315
4.26515
4.54143
4.27463
3.87178
4.67183
2.59136
3.01281
2.56112
3.04863
2.51015
3.03112
3.58861
4.35752
4.47446
3.36466
3.79426
2.39052
3.80955
2.48236
3.90374
4.24325
1.50504
3.6372
4.41284
4.6081
4.97117
4.91713
4.18795
4.99938
4.57872
4.96328
4.70882
4.47388
4.41247
4.24773
3.64626
4.4098
4.5367
4.96328
4.49284
4.64397
2.99135
2.4156
2.8782
2.52612
2.93411
2.44761
3.73116
3.58584
3.77926
2.39292
3.79714
2.47042
1.50011
4.25071
3.45122
4.5873
4.31562
3.84302
3.50267
1.50411
4.22492
3.83682
2.60028
3.84857
2.39508
2.76467
3.00573
4.26748
4.61503
2.44775
2.92192
4.30895
4.47546
4.2447
4.417
4.54424
4.56298
4.36185
3.84006
3.56111
3.87422
2.53289
1.51794
4.3637
3.93735
2.51538
3.01743
4.63573
2.53647
2.88188
4.19857
2.8855
4.24181
4.99844
4.7099
4.34007
2.89774
2.84995
4.39466
3.03595
4.15609
4.46675
2.55359
1.57684
3.88034
4.36233
3.81748
4.4064
3.8774
4.29577
4.61
4.41284
2.95036
2.59148
1.48946
2.46576
1.6652
2.50814
3.50205
3.90328
4.38613
2.91207
2.54901
4.6391
3.72092
3.37437
4.33612
4.5901
2.92385
4.44121
4.48447
3.60153
4.49744
4.74115
4.64002
4.29939
4.87452
4.17419
4.59037
4.84751
2.95536
2.46151
4.2226
3.84138
4.22651
3.94495
4.29487
4.35406
4.22605
4.44774
2.50291
3.49045
3.75801
2.53291
4.5696
4.38676
2.85641
2.51541
4.67897
4.32335
4.26572
4.41546
3.82545
4.34092
4.83793
4.37204
1.44801
2.51843
1.51324
2.4176
3.75082
3.40213
4.58084
4.24846
2.80404
2.40009
3.67438
3.49814
2.87959
4.36868
4.47292
2.48055
1.63432
4.2645
1.49645
3.49442
3.03879
2.57174
2.956
2.46222
2.79908
4.63688
4.97128
4.29263
3.8488
4.59679
4.37116
2.77301
3.81128
4.22383
2.44712
4.99366
3.7847
3.42425
2.81702
4.57011
4.19872
4.5839
4.94949
4.986
3.9723
4.26433
2.85733
4.40559
3.88052
4.28058
3.86293
4.62607
4.36704
2.94309
2.39622
1.53327
2.51801
4.25216
2.89357
3.62687
3.88879
2.44324
4.69086
3.66694
4.11619
4.43442
3.36729
2.82546
2.40447
2.4681
4.45788
3.55249
3.88554
4.25163
2.90729
2.41165
4.43078
4.58254
4.28463
4.04896
4.80485
3.65603
4.3092
4.61074
4.47379
3.4686
4.56612
4.52911
4.40643
4.21552
4.36183
1.58368
2.516
3.7702
4.49136
4.27747
3.41232
2.898
2.43285
2.82925
4.39697
3.93133
3.60125
4.56941
2.578
4.01433
2.96453
3.67701
4.69618
4.32081
4.49093
4.96882
3.82006
4.99656
4.38538
4.42007
4.2384
2.47862
2.80853
4.90333
3.71303
4.27061
4.3233
4.54547
4.31112
4.32282
3.78678
4.18243
1.49582
4.30268
2.82251
2.39659
1.52947
3.47292
2.99492
2.34888
2.88279
4.32132
4.48265
4.78326
3.69855
4.59161
4.31393
4.00912
4.40408
3.07676
4.97715
2.50362
2.98587
3.67074
4.70185
4.72974
4.36811
3.85419
4.6362
4.39383
2.8727
4.20963
4.51361
4.49012
4.50785
3.45496
4.52919
4.22714
1.46263
2.30476
2.93338
2.48467
2.98244
3.44418
1.50574
2.62683
2.50349
4.58866
4.44276
3.05686
3.62441
3.82247
4.19139
4.33919
4.6836
2.40888
4.34279
3.81424
2.95756
3.85329
4.26829
4.86425
4.57507
4.21157
2.45169
4.26359
2.86481
2.47571
4.5447
3.59266
3.75572
4.33197
4.88092
4.28124
4.55865
4.47742
3.90835
2.67554
2.92359
2.55306
4.20347
4.42668
4.93688
4.63092
4.38514
4.27606
4.37722
4.4332
3.94107
1.46933
4.4309
2.83051
2.42308
2.90228
2.51188
1.44939
3.54882
4.60707
4.18202
4.45472
4.50981
4.68012
3.50039
3.80663
2.90002
4.56888
4.39782
3.46364
2.76476
3.9033
4.25465
4.50519
4.95617
4.85935
4.46634
3.94285
4.46475
4.59385
3.91158
4.62804
4.25224
2.91572
3.51455
3.02273
4.3815
3.83553
4.54388
4.99762
4.53094
3.8356
4.6549
2.32226
2.86713
2.45548
2.88932
2.3738
2.9638
3.59125
4.42059
4.51106
4.9184
4.26236
4.51722
3.40263
4.31909
4.60743
4.93318
4.49192
4.3847
4.99863
4.66657
4.29397
4.23794
4.49148
3.51744
4.26792
4.6506
4.90096
3.06104
2.67993
3.00163
2.67068
3.10119
2.50389
3.84058
3.5112
3.81459
2.46769
3.83278
2.4594
1.49691
4.27437
4.98737
4.67317
4.37149
3.93321
3.54007
1.5861
4.32625
3.86023
2.42415
3.8028
2.47031
2.90152
4.86034
2.91446
4.34445
4.58051
2.40004
2.91009
4.29558
4.97042
4.32874
4.53276
4.56419
4.28729
4.96663
4.63169
4.42756
3.98203
3.55081
3.87748
2.54475
1.63889
4.27411
3.90319
2.4365
2.87795
4.84666
4.5807
2.41256
2.84947
4.20869
2.85591
4.25313
4.52524
4.35714
2.88505
4.93926
2.87926
4.23579
2.77556
4.29976
4.53619
2.36372
1.43896
3.75729
4.26094
3.74033
4.27893
3.8051
4.1869
2.89214
2.29962
1.60744
2.4553
1.42907
2.43085
3.68526
3.85593
4.35048
3.02777
2.62865
4.58586
4.92349
4.15083
4.60113
3.5361
4.53168
4.4805
4.48609
4.20528
4.37154
4.66773
4.39378
4.75364
3.12045
2.56867
4.49435
4.02179
4.37955
4.10842
4.37083
4.45513
4.30745
3.90398
2.58244
3.81246
3.98497
2.59443
4.68408
4.4153
3.12807
2.69426
4.72176
4.44611
4.47269
4.2558
4.41313
1.61612
2.60648
1.49196
2.59711
3.90908
3.64372
4.69746
4.45544
3.09616
4.43187
4.21332
2.86152
4.7996
3.72594
4.32808
2.40718
1.41236
4.44322
1.62852
3.48983
2.93478
2.44886
2.77892
2.5385
2.97112
4.73783
4.41838
3.96364
4.92426
3.76131
4.31434
3.94043
3.59356
3.00366
4.56226
4.35185
4.65517
4.60086
4.29728
2.91513
4.61997
4.98823
3.80083
4.31565
3.93681
2.96613
2.4712
1.53358
2.43637
4.33456
2.94863
3.54972
3.88041
2.56702
4.54003
4.37034
3.9055
2.55974
2.49646
4.63441
3.53552
3.80754
4.24442
2.90886
2.47926
4.33568
4.58666
4.40831
4.85875
4.9481
4.33663
4.49016
4.61808
3.5279
4.64129
4.54082
4.29014
4.30009
4.92172
4.31268
1.62422
2.51563
3.88925
4.68957
4.42219
3.529
3.07221
3.84655
4.31875
3.82309
3.09202
3.49122
4.58853
4.38739
4.63112
4.30705
4.32389
3.72297
4.22055
4.49785
4.27435
2.46339
2.80752
4.90637
3.7965
4.28732
4.33948
4.49509
4.51502
4.26204
3.78877
4.22488
2.86084
4.95444
2.42729
1.49546
4.36768
2.98337
2.56739
1.53817
3.4059
2.87078
2.49386
2.92214
4.36452
4.58867
4.94601
3.83674
4.40562
4.35127
2.85579
3.9044
4.55776
4.33654
3.95367
2.93473
4.32147
4.43015
4.63292
4.6286
3.64936
4.50528
4.24181
4.5476
2.4683
4.27926
3.92422
4.94653
2.85564
2.34248
2.626
4.56335
4.34532
2.90626
3.48444
3.86145
4.29792
4.69414
4.3266
3.96527
4.30872
4.31988
4.63036
4.37468
3.82214
2.48102
2.96457
2.62882
4.48233
3.05975
2.56554
4.55012
3.55593
3.89106
4.36688
4.25348
4.22482
4.41744
3.90786
2.53332
4.42542
4.31657
4.61574
4.42587
1.54157
4.29797
2.95464
2.51137
2.98889
2.49256
1.5895
3.49379
4.99892
3.87351
2.89045
4.55353
4.20273
3.46174
2.89504
3.80004
4.25739
4.61253
4.27262
3.7018
4.934
4.34668
4.44372
4.94219
3.82177
4.58801
4.30442
2.87943
3.46493
2.87555
4.28345
3.85661
4.50663
4.95461
4.46716
4.86546
3.77948
4.50902
2.54287
2.88725
2.50725
2.98035
2.52919
2.84951
4.97479
4.99579
4.24186
4.45405
3.42762
4.18863
4.53731
4.60263
4.25414
4.98438
4.70918
4.24428
4.99389
4.99473
4.31358
4.59544
3.56031
4.38755
4.56162
4.91218
2.72581
2.55413
2.91949
2.52145
2.86224
2.44297
3.03577
4.97847
2.83438
4.33683
4.67044
2.53447
3.03818
4.22089
4.6122
4.38792
3.93915
3.6615
1.58344
4.51471
3.9431
2.56384
3.97523
2.59808
4.75281
4.20624
4.99473
4.90054
4.23502
4.41733
2.74072
4.93753
4.41769
2.37597
2.79441
4.17986
2.89005
4.13868
4.66944
4.30887
3.78163
3.4606
3.92426
2.59146
1.67488
4.25712
3.88537
2.4051
1.58315
3.69665
4.45038
3.88738
4.10313
3.82278
4.29682
4.57657
4.35885
2.95891
3.00548
4.47008
3.10032
4.38177
4.72235
2.60753
2.89674
2.51481
1.60564
2.49026
1.43364
4.2923
4.8064
4.94572
4.26693
4.61374
3.34072
4.59506
4.4484
4.47547
4.27374
3.80907
4.31072
4.22257
4.31279
4.61942
4.37384
4.60961
3.07664
2.4792
4.36416
3.80271
2.45388
4.87222
4.3471
4.19401
4.28629
4.37115
3.91383
2.58269
3.68343
3.83458
2.53684
4.54793
4.33493
2.89205
4.22697
4.23982
4.92452
1.51709
2.62693
1.49863
2.49427
2.95276
4.50926
4.92455
4.29394
3.83084
4.66691
4.3606
2.83348
4.99844
3.76524
4.25243
2.4091
1.50808
4.30926
1.47008
3.55802
2.92499
2.42765
2.9325
2.49415
4.5792
4.9278
3.90345
4.31172
3.8533
3.57408
3.09128
4.59543
4.34487
3.86304
4.45766
4.23342
2.85914
4.60968
3.87332
4.35405
3.11228
2.51139
1.55291
2.46762
4.23318
4.9742
4.56977
4.27302
4.22659
4.86438
3.73224
2.44567
2.34121
4.55267
3.44612
3.75092
4.29612
2.83974
4.98865
4.38108
4.95312
4.39314
4.55425
4.64392
3.73929
4.58433
4.64001
4.31477
4.2527
1.57177
2.61442
4.77496
3.84787
4.87434
4.32696
3.91893
2.97582
3.51904
4.65727
4.43772
4.27697
4.40502
4.14042
4.12991
3.64311
4.16748
4.43659
4.23619
2.42626
2.78321
4.86421
3.70087
4.16188
2.89722
4.22365
4.60605
4.88652
3.8282
4.498
4.24784
3.72222
4.26036
2.88337
4.85581
2.39871
1.40336
4.22937
2.94018
2.46991
1.54613
3.37004
2.83207
2.46619
3.91293
4.48776
4.21684
2.89139
3.80226
4.62168
4.94437
4.28527
2.88567
4.31169
4.89959
4.40255
4.57989
2.45772
4.27482
3.74057
4.88873
2.8402
2.45311
2.39357
4.58329
4.29212
2.79114
3.49651
3.79092
4.58843
4.27274
3.88233
4.23594
4.97026
4.24936
4.92323
4.41286
4.58859
4.36331
3.86528
2.55196
2.90838
2.49461
4.38299
2.87344
2.49691
4.48708
3.48059
3.79527
4.25463
4.23719
4.25844
4.14787
3.70374
2.38358
4.24194
4.23946
4.94777
4.47089
3.00289
3.82425
4.39626
4.61976
4.94164
4.9023
3.81524
2.79883
4.56518
4.25727
3.51163
4.39104
4.64477
4.4185
3.79254
4.93387
2.98755
4.24725
3.85085
4.66828
4.92546
3.8642
4.78285
4.38369
3.12228
3.58045
3.88305
4.52822
4.50467
2.51086
2.84803
2.50772
3.02274
2.52257
2.86364
3.36547
4.29346
4.53851
3.56529
3.92071
2.44381
3.83578
2.40331
3.82344
4.32295
1.47511
4.63021
4.339
4.5512
4.5976
3.58389
4.37065
4.56092
4.96011
4.43281
4.74752
2.88946
2.39293
2.82013
2.45885
2.86082
2.39377
3.76562
3.56904
3.8606
2.40919
3.91933
2.56569
1.60815
4.35898
3.546
4.59476
4.22514
3.02137
2.94127
4.36796
3.02689
4.41969
4.68087
2.59368
1.53529
3.93327
4.44189
3.93896
4.43872
3.94437
4.40744
4.56952
4.39882
4.98231
4.40875
4.52015
4.4958
4.28974
3.76962
3.60408
3.91681
2.48178
1.55003
4.33619
3.77331
2.47995
3.03597
4.56251
2.62456
3.00887
4.38397
2.90707
4.31709
4.60244
4.42688
2.85523
2.56784
1.60471
2.48122
1.49458
2.42091
3.64446
3.84804
4.45032
2.95659
2.55778
4.65598
3.86098
3.37952
4.22214
4.4561
2.83085
4.40102
4.96267
4.28768
4.25499
4.53935
4.93653
2.88705
2.41144
4.30847
3.79286
4.39022
3.84225
4.29314
4.21161
4.4065
4.52248
2.38859
3.40326
3.85077
2.54946
4.35801
4.1491
2.90555
2.581
4.98278
4.63876
4.33484
4.29307
4.96093
4.32782
3.88637
1.48282
2.43094
1.47503
2.39525
3.72559
3.43469
4.62512
4.31019
2.91171
2.56821
3.79261
3.51447
2.85342
4.25951
4.53123
2.43183
3.01637
4.52951
3.95862
4.38472
3.75824
4.63631
4.37366
4.98247
3.75725
3.47264
2.86594
4.49937
4.22441
4.6215
4.98051
3.88652
4.41964
3.01364
2.51908
1.55606
2.46456
4.30386
2.81679
3.54225
3.86403
2.43811
4.56854
3.93126
4.3078
4.56581
3.46637
2.90862
4.40664
4.21596
4.97715
4.32279
4.49619
4.55817
3.55743
4.77264
4.55637
4.41891
4.95544
1.49969
2.49478
3.83983
4.7452
4.31504
3.61589
3.06441
2.43523
2.87722
4.28317
3.77437
3.40219
4.46997
2.47471
2.92101
3.76167
4.56975
4.93775
4.31144
3.77895
4.50417
4.28106
4.57119
4.31554
2.56473
2.94985
4.94873
3.84509
4.35862
4.34997
4.52709
4.19406
4.29699
3.94389
4.30831
1.44991
4.26202
2.88438
2.43869
1.51142
3.32909
2.7184
2.47429
3.08598
4.38255
4.64115
3.81472
4.43614
4.23455
3.80377
4.21281
2.87438
4.85812
2.51728
2.85345
4.22149
4.55197
4.50592
4.61567
3.58429
4.56013
4.36289
1.58273
2.51749
2.92326
2.44289
2.88649
3.4773
1.54056
2.56459
4.29099
4.36927
4.97614
4.6336
4.24621
4.36554
4.34558
4.3249
3.87722
3.91133
4.29509
4.62684
4.47322
2.49479
4.32139
2.92129
2.47143
4.4993
3.48128
3.81344
4.42879
4.9534
4.24303
4.58817
4.37102
3.84027
2.56009
3.06774
1.52563
4.40948
2.97918
2.50958
3.08032
2.50834
1.50174
3.60991
4.61823
4.30949
4.41337
4.44255
4.65895
3.38887
4.62023
4.98469
3.76941
4.25995
3.71783
4.90824
4.26714
4.53806
3.69767
4.44513
4.24374
2.91373
3.43979
2.95825
4.33212
3.82393
4.47488
4.91683
4.74217
2.54645
2.99773
2.65863
2.92472
2.41203
3.03733
3.61586
4.46974
4.37015
4.95172
4.57973
4.14965
4.97083
4.54993
4.28391
4.80944
4.32639
4.5131
3.51761
4.30567
4.63583
2.9754
2.56582
3.0644
2.60746
2.96458
2.64883
3.9427
3.43066
4.01146
2.57284
3.93983
2.57525
1.56554
4.40738
4.47676
4.24119
2.92007
4.83226
2.82193
4.24128
2.87313
4.31502
4.51328
2.41021
1.45242
3.7502
4.32304
3.71438
4.24309
3.67742
4.2149
4.33697
4.67973
4.52847
4.32234
4.98554
4.6494
4.33436
3.92128
3.51241
3.78718
2.43174
1.563
4.29479
3.75428
2.46579
2.93503
4.91428
4.58339
2.42998
2.86274
4.32142
2.97828
4.31451
2.89386
2.43703
1.54239
2.43272
1.41997
2.36326
3.52383
3.81304
4.27598
2.877
2.46403
4.53251
4.32734
4.9993
4.3228
4.39786
4.7212
4.4944
4.70545
3.04528
2.6089
4.42087
3.82888
4.30092
3.84669
4.32635
4.32616
4.4778
3.94724
2.5911
3.57349
3.86286
2.4328
4.67594
4.34595
2.88661
2.48301
4.99412
4.57796
4.26418
4.39333
1.68109
2.54982
1.41798
2.59056
3.88723
3.59702
4.71229
4.37938
2.97627
4.60893
4.28873
2.8503
4.55864
3.83594
4.33583
3.83915
4.95023
4.88798
3.83274
4.25575
3.89207
3.52734
2.92796
4.46207
4.26074
4.5677
4.99476
3.03926
2.48236
1.53894
2.42331
4.34809
2.91381
3.53512
3.85419
2.53119
4.56721
4.39944
4.38457
4.44434
4.42421
4.68041
3.57044
4.44702
4.56549
4.29838
1.59211
2.5348
3.80223
4.63761
4.40866
3.52994
2.96946
4.61533
4.38006
2.98807
3.89175
4.71098
4.40269
3.89321
4.24173
4.35598
3.76163
4.2835
4.58424
4.29917
2.40502
2.8363
4.78247
3.75363
4.11788
4.21593
4.43569
4.52229
4.36067
3.81378
4.36939
3.04877
4.89855
2.50426
1.52042
4.37949
2.83546
2.54281
1.51218
3.53041
2.89121
2.4108
2.87814
4.33373
4.5293
4.99736
3.87048
2.87195
4.19226
4.72499
4.54456
4.55152
3.48322
4.55304
4.5273
4.40749
4.49121
3.97113
2.551
4.39531
4.39829
4.64916
4.30166
4.71703
4.30863
3.84425
4.29124
4.97674
4.33918
4.70869
4.40747
3.94547
2.67382
4.98587
3.00144
2.62502
4.30441
3.03998
2.51957
4.67005
3.55269
3.79695
4.27439
1.45853
4.31563
2.96461
2.57187
2.97735
2.50543
1.61754
3.54546
4.63561
3.94411
4.34748
3.877
4.90279
4.32434
4.62991
3.88236
4.5663
4.3596
2.91037
3.48826
2.88662
4.37979
3.87617
4.70708
4.63417
2.52821
3.01337
2.60012
2.92435
2.56495
2.99655
4.49028
4.33548
4.94306
4.61313
4.45008
4.9494
4.23522
4.50546
3.47342
4.39138
4.53192
3.02461
2.53085
2.96304
2.46497
2.84482
2.59128
1.54996
3.82363
4.24736
3.90115
4.31919
3.78798
4.40586
4.56053
4.1879
2.91271
4.97146
2.88369
4.37329
2.91147
4.24
4.49132
2.48478
4.59883
4.39817
4.86328
4.30199
4.65444
2.93439
4.98119
4.62478
2.48376
2.88607
4.28571
2.91786
4.30137
4.87487
4.46467
4.21365
3.73454
3.46644
3.83943
2.41261
1.51421
4.24247
3.84989
2.5834
3.07819
2.52351
1.60176
2.62227
1.53559
4.44975
4.5307
4.20067
3.7847
4.20503
4.32407
4.43074
4.58074
4.27765
4.54593
3.03387
2.64603
4.38358
3.81338
2.51316
4.8985
4.67178
4.30715
4.34455
4.34327
3.89609
2.52354
3.63753
4.00299
2.67094
4.69404
4.51788
3.06222
1.56985
2.59265
1.57534
2.57368
3.86394
4.55821
4.33195
3.01622
4.64349
3.80122
4.3341
4.65067
3.87645
4.34612
3.86774
3.59806
3.03108
4.76577
4.48301
2.93874
2.54612
1.51371
4.34791
4.42188
4.97921
4.30427
4.91426
4.98846
4.28814
4.50816
4.6272
3.60794
4.52132
4.69463
1.55906
2.50721
3.8673
4.58161
4.3602
3.05779
3.901
4.6243
4.38067
4.27713
4.53323
4.40498
4.33635
3.90488
4.24532
4.4991
4.22414
2.50607
2.95047
4.91494
3.83493
4.2659
2.91222
4.34894
4.50475
4.86792
3.86068
4.56512
4.36899
3.81784
4.29463
2.88433
4.99966
2.47587
1.46758
4.36672
2.95852
2.57374
1.5702
3.57698
3.05767
2.52466
2.97473
4.26062
4.31699
4.2551
4.28804
3.80083
2.50837
4.28359
4.23256
4.88844
4.52916
4.60823
4.41282
3.86616
4.40555
4.98578
4.32633
4.99732
4.35517
4.58936
4.27588
3.79345
2.44583
4.92177
2.8706
2.45985
4.34173
2.90503
2.47135
4.60121
3.61425
3.87178
3.94424
4.71547
4.31712
4.50736
4.4075
4.03842
2.9343
4.35212
3.82444
4.5655
4.93992
4.9827
3.81867
4.66737
4.39986
3.05674
3.67841
4.54474
2.48904
2.80224
2.51146
2.91255
2.41193
3.02379
3.54922
4.36867
4.42459
3.50059
3.79064
2.45303
3.82074
2.47078
3.73511
4.2267
1.48268
3.4845
4.20674
4.76435
4.88328
4.92614
4.27802
4.47716
3.59024
3.88032
4.48881
1.52998
2.50005
3.95975
2.56313
3.88467
4.72961
4.35614
4.93999
2.8649
4.37072
2.85865
2.51415
4.53202
4.34022
3.06603
2.93085
2.48901
2.84375
2.46133
2.96927
2.51969
3.94782
3.59632
3.97825
2.60921
3.99191
2.51533
1.6247
4.4419
3.51094
4.59504
4.30791
3.81321
3.46568
1.53289
4.19091
3.87588
2.4714
3.80345
2.5133
2.96313
4.93437
3.01178
4.34117
4.56547
2.482
2.89947
4.37148
4.94666
4.59609
4.26161
3.59896
4.36678
4.27071
4.4483
4.61566
4.92088
2.85412
2.39539
1.59937
2.60194
1.47705
2.44847
3.56426
3.85714
4.35059
2.92713
2.4844
4.58494
3.91259
3.58889
4.40492
4.59069
2.99673
4.3124
4.60296
3.47938
4.74227
4.58163
4.47274
4.17196
4.99669
4.30513
1.58086
3.72885
1.48598
2.41415
3.1597
2.52777
2.89696
4.39851
4.62639
4.95702
2.9734
4.38274
3.8733
2.48516
2.95374
4.58621
4.33022
3.92877
1.49855
2.42754
1.42143
2.5746
3.86975
3.68911
4.69142
4.31469
3.02029
2.46361
3.75421
3.4647
2.92782
4.18535
4.5282
2.38444
1.56142
4.34559
1.5096
3.41679
3.02792
2.47344
2.96149
2.48736
2.99221
4.69934
4.26039
3.81054
4.54939
4.30711
2.98914
4.97981
3.81342
4.27108
2.47427
4.60564
4.31624
4.40896
3.3913
4.47305
4.5767
4.17145
4.86182
2.87418
2.46635
1.5705
2.50759
4.32932
2.97183
3.55693
3.77229
2.48011
4.59607
3.83183
4.32286
4.6061
3.59993
2.9271
2.51841
2.35572
4.36394
3.4889
3.74295
4.28389
2.74623
2.37568
4.31742
4.86235
4.38673
4.1417
4.39978
4.97451
3.7933
3.82908
2.83557
3.49671
4.33055
4.55509
3.92318
4.25023
4.50993
1.64253
2.54569
3.89588
4.67516
4.3977
3.53161
2.97025
2.51919
2.95202
4.3019
3.95397
3.49043
4.63328
2.5568
3.85031
2.89493
3.5101
4.57002
4.27003
4.53932
4.94012
3.84625
4.30164
2.54143
4.80127
2.50378
3.81103
3.80724
3.03337
4.33468
4.42919
3.88931
2.46014
4.31115
4.58449
4.94738
4.3802
3.07392
4.3985
4.43081
4.73557
4.67804
3.67402
4.41534
4.24226
1.52968
2.4762
2.80308
2.48672
2.84164
3.48253
1.47016
2.417
2.47163
4.38489
4.31658
2.89246
3.47899
3.78384
4.31635
4.92444
4.22163
4.53039
2.44326
4.13059
3.77116
4.91151
2.8226
3.98149
2.9348
4.29584
4.87663
3.69214
2.90548
3.77269
4.28003
4.99261
4.66086
1.53309
4.19319
2.8844
2.51936
2.95122
2.41315
1.50214
3.49037
4.43631
4.42923
4.67451
4.74987
4.39389
3.65199
3.95108
2.93154
4.62823
4.35627
3.46881
2.823
3.84331
4.22149
4.50317
4.94918
2.48256
4.7278
2.46442
2.90631
4.47205
3.85644
3.48186
4.65774
4.28756
2.51224
3.90035
4.25781
2.81951
4.93503
4.33065
4.5777
2.57681
3.01987
2.59904
3.02504
2.56304
3.01187
3.49452
4.26369
4.61518
4.32893
4.52516
3.41824
4.43297
4.52911
4.89761
2.97493
4.41399
2.83955
2.44927
4.64142
4.22777
2.87585
3.59812
3.95192
4.2743
1.64046
2.6003
3.86877
2.42477
3.8515
4.99966
4.5862
4.37298
2.86679
2.34838
2.89096
2.43442
2.83761
2.42255
3.70847
3.43735
3.738
2.32725
3.75641
2.45155
1.47001
4.18387
4.95677
4.62328
4.3581
3.78833
3.49018
1.47656
4.33014
3.804
2.62415
3.90925
2.5385
2.85964
4.98921
2.71978
4.26344
4.36351
2.47085
2.90922
4.26718
4.99852
3.52244
4.62349
4.25306
4.89532
4.22374
4.55186
2.91207
2.57306
1.64253
2.49943
1.51322
2.37933
3.38787
3.78487
4.21859
2.8638
2.37751
4.4504
4.24517
4.59821
3.56633
4.53999
4.64776
4.63018
4.29353
4.803
3.01416
4.60091
4.36917
3.87183
4.3663
1.56299
3.46424
1.51036
2.57006
2.91761
2.48258
2.93767
4.29873
4.4714
4.91371
2.81996
4.16263
3.8165
2.44429
1.54382
2.45091
1.56477
2.46257
3.70774
3.39095
4.41811
4.21294
2.73802
4.69536
4.26758
3.02108
4.95297
3.91701
4.41095
2.54896
1.54696
4.1917
1.51649
3.52466
2.83164
2.40827
2.90619
2.43214
2.81888
4.35335
4.85053
4.98423
4.13707
3.68998
4.39086
4.98126
4.45432
4.3283
4.55461
3.57489
4.6911
4.53982
4.88778
3.0324
2.57014
1.59654
2.41747
4.28658
2.92034
3.39239
3.86874
2.41068
4.47632
4.3757
4.9661
3.82041
2.39262
2.57396
4.55814
3.4063
3.83364
4.29344
2.91947
2.42092
4.21593
4.7982
4.49497
4.23274
4.71538
3.97657
3.02546
3.67695
4.33055
4.64583
3.83319
4.93935
4.43528
1.44194
2.55987
3.82012
4.52965
4.25123
3.51906
2.8606
3.82974
4.9856
4.27874
3.75037
2.90134
3.51389
4.52921
4.32772
4.55569
4.90147
2.56766
4.30674
4.60866
4.36791
2.5972
4.60763
2.57499
4.01624
3.5717
2.96363
4.43958
4.32785
3.87708
2.92666
4.20723
4.68503
4.4881
4.50226
3.38808
4.66939
4.40029
4.54833
2.56146
4.38914
3.91707
2.94555
2.46327
2.51367
4.59856
4.25763
2.88687
3.50993
3.84224
4.27437
4.89322
2.95791
3.8111
4.3064
4.56285
3.84717
2.96215
4.41907
4.5425
3.47174
4.93882
1.42333
4.23439
2.82623
2.47703
2.82231
2.4591
1.40248
3.40096
3.78211
2.97083
4.5359
4.36603
3.58698
2.9164
3.70621
4.25144
4.5364
4.9175
4.39125
2.5479
4.5323
2.49857
3.02586
4.31561
3.8102
3.5574
4.57562
4.23616
2.42564
3.74094
4.3254
2.97411
4.94801
4.55891
2.49978
2.96949
2.4507
2.91847
2.38048
2.90731
4.96767
4.80295
4.2757
4.5755
3.49659
4.24721
4.63363
4.62815
4.48943
2.94331
4.26983
2.8277
2.53328
4.5429
4.21219
2.95732
3.56928
3.86057
4.40417
1.56484
2.52213
3.91233
2.62611
3.94203
2.92247
2.40122
3.01398
2.44267
2.96709
2.48949
2.92596
2.93411
4.2196
4.65315
2.47853
2.91778
4.32063
4.89041
4.46031
4.34337
3.83719
3.53524
1.47132
4.28471
3.70435
2.48334
3.84024
2.49605
4.32801
4.75129
4.91954
3.48573
4.50437
4.29277
2.92886
2.56283
1.47936
2.48037
1.56947
4.32088
4.94497
4.92332
4.32568
4.52653
3.45944
4.58269
4.56009
4.56066
4.37297
4.61818
2.97686
4.27543
4.02205
2.68982
2.83223
4.89705
4.44319
4.29817
3.85164
4.31288
1.51408
3.56555
1.50155
2.46395
2.90931
2.51643
2.96892
1.63367
2.44401
1.5021
2.46596
2.92192
4.49591
4.80926
4.1878
3.76367
4.53402
4.16604
2.82295
4.92531
3.80744
4.26407
2.50954
1.58029
4.20157
1.40891
3.43753
2.7705
2.32343
2.82516
2.44974
4.31995
4.97261
4.53473
4.27903
4.43937
3.55839
4.63136
4.6753
2.96228
2.48189
1.54499
2.52042
4.3185
4.58244
4.34924
4.26545
4.89734
3.84817
2.4596
2.58584
4.53498
3.42987
3.82273
4.29277
2.92502
3.88176
4.96866
4.51407
4.58878
4.97895
3.8854
2.92087
3.53935
4.42108
4.71281
1.593
2.45243
4.5336
4.91965
3.80938
4.39299
3.85723
2.78461
3.52569
4.5801
4.2856
4.30629
4.00025
2.47747
4.25182
4.63436
4.9391
4.38037
2.4442
4.60034
2.47612
3.78388
3.53757
2.95555
4.30925
2.88443
4.31255
4.18186
4.54227
2.45057
4.25334
3.88681
4.97856
2.9821
2.47666
2.43288
4.56299
4.17687
2.95636
3.53634
3.86681
2.92549
3.71979
4.31746
4.85655
4.57206
3.84171
2.8734
4.24194
4.6003
3.5514
2.87552
3.76864
4.24745
4.52689
4.8668
4.96692
3.78706
2.88529
4.41825
4.24503
3.44165
4.65878
4.40961
2.54123
3.83068
4.55547
3.12753
4.27097
2.51341
4.67308
2.48014
2.94627
4.34401
3.91826
3.66625
4.53039
2.42125
2.70654
2.48566
2.83121
2.46552
2.81841
3.55453
4.17983
4.56982
3.51038
3.7459
2.6218
3.79817
2.45977
3.76989
4.28857
1.45986
3.46951
4.05818
4.53143
4.83632
4.93751
4.88923
4.22515
4.46388
2.94108
2.56433
2.94354
2.54351
2.95961
2.55513
3.88607
3.44249
3.76834
2.42244
3.75853
2.33518
1.48099
4.18836
3.58516
4.44787
4.32348
3.82386
3.47964
1.50344
4.38437
3.86492
2.35533
3.71817
2.5036
2.84285
4.96937
2.92258
4.2786
4.53375
2.50638
2.96766
4.29367
4.61946
4.31442
2.79864
2.52625
1.54811
2.50271
1.51924
2.52503
3.61108
3.88166
4.28273
2.86661
2.45446
4.58924
3.84025
3.59586
4.24622
4.57075
2.86894
4.274
4.61547
3.33457
4.46472
4.28715
4.60405
4.25988
4.93604
1.45914
2.39769
1.49822
2.40766
3.82951
3.54859
4.5183
4.14831
2.82333
2.47559
3.87264
3.52656
2.87458
4.25251
4.5744
2.35981
1.54729
4.42947
1.48554
3.73761
3.0722
2.33429
2.90322
2.62269
2.99995
4.66964
4.47027
4.00327
4.52172
4.48057
2.96564
3.92585
4.32224
2.55751
2.9645
2.58698
1.5199
2.5806
4.37875
2.93173
3.45578
3.71023
2.40744
4.51296
3.84654
4.51403
4.62135
3.60822
2.94335
2.44226
2.31147
4.62698
3.5613
3.57884
4.15821
2.92839
2.45621
4.34294
4.93148
4.63194
4.33063
4.34101
3.85264
1.47186
2.52827
3.91013
4.64991
4.34554
3.48284
2.89986
2.47574
2.94446
4.26221
3.70642
3.50483
4.56748
2.42172
3.7939
2.76996
3.23188
4.41137
4.32905
4.54866
3.75563
4.87049
4.17626
2.96045
4.42596
4.53468
4.60649
4.47375
3.46849
4.57178
4.29877
1.46248
2.59288
2.91851
2.44049
2.89753
3.543
1.53473
2.52075
2.36543
4.64535
4.33513
2.60773
3.38129
3.86436
4.35336
4.28185
4.57924
2.43453
4.29925
3.73878
4.90746
2.81494
1.56185
4.38556
3.02689
2.59021
2.90538
2.43507
1.5323
3.53344
4.56016
4.32214
4.67176
4.55124
4.58128
3.46041
3.78558
2.77321
4.66166
4.08554
3.59825
2.88889
3.97072
4.44351
4.67845
4.96286
4.62004
2.58073
3.05109
2.49278
2.85776
2.51821
2.93413
3.48386
4.29473
4.60632
4.21571
4.7005
3.52688
4.43297
4.51703
2.79805
2.4953
2.97436
2.46594
2.99665
2.43982
3.78171
3.51673
3.72737
2.48277
3.70221
2.41105
1.50172
4.30794
4.9556
4.55231
4.34654
3.75934
3.532
1.59706
4.27184
3.84006
2.46538
3.86972
2.59365
3.06272
2.9204
4.39635
4.58654
2.56483
2.90124
4.23733
2.93521
2.48806
1.5242
2.54258
1.55104
2.4747
3.34054
3.74471
4.11765
2.78007
2.3808
4.51699
4.84805
4.1895
4.63613
3.51312
4.64691
4.51293
4.51908
4.34033
4.86183
1.55208
2.3806
1.55271
2.41913
3.79937
3.47368
4.47447
4.23919
2.85307
4.51069
4.24697
2.82655
4.97998
3.87893
4.13012
2.48284
1.39008
4.29504
1.51955
3.44382
2.83606
2.47031
2.88051
2.45574
2.98353
4.53611
4.97237
4.33428
3.78309
2.80884
2.46556
1.45512
2.4404
4.31342
2.94949
3.4885
3.79008
2.473
4.60947
4.17239
3.84318
2.35262
2.52771
4.54883
3.46103
3.85835
4.30761
2.92501
2.59975
4.35153
4.66502
4.3594
1.45064
2.45971
3.79464
4.51008
4.26644
3.55473
2.89782
3.59459
4.67845
4.20068
3.58201
2.92037
3.46565
4.50836
4.26718
4.60298
2.90812
4.29041
4.51843
4.58933
4.59061
3.53227
4.46562
4.17688
4.54148
2.3072
4.31281
3.58829
4.7605
2.91122
2.35499
2.61139
4.56224
4.28861
3.00821
3.56839
3.89201
4.4275
4.99576
1.53159
4.28689
2.93433
2.4243
2.78481
2.45683
1.46603
3.55234
4.90161
3.60826
2.84621
4.37433
4.21203
3.39964
2.89576
3.77388
4.28335
4.46598
4.84794
4.52027
2.51661
2.86587
2.37831
2.84063
2.43292
2.92026
4.9914
4.79053
4.24975
4.46011
3.47845
4.24364
4.58221
2.96667
2.43814
2.76101
2.51934
2.95158
2.45931
2.88364
4.92087
2.87566
4.33658
4.50172
2.29014
2.81126
4.28688
4.85035
4.50586
4.25468
3.78157
3.5224
1.42456
4.25858
3.73526
2.39655
3.73191
2.28016
2.96246
2.46562
1.41435
2.48359
1.69598
4.48086
4.95522
4.91966
4.37423
4.47499
3.52178
4.50305
4.53914
4.55181
1.45035
2.41081
1.50199
2.50733
3.01373
4.54461
4.16685
3.84903
4.43202
4.23904
2.83639
4.84417
3.70869
4.21542
2.42629
1.54111
4.35555
1.51724
3.54849
2.92306
2.47579
2.88637
2.4238
2.68591
2.3436
1.4585
2.62438
4.21159
4.31624
4.25568
4.16312
4.83632
3.72325
2.44853
2.40321
4.59995
3.58244
3.72842
4.24962
2.8817
1.50262
2.47441
4.59339
4.80316
3.77899
4.87312
4.24593
3.81493
2.84387
3.48026
4.46122
4.15561
2.96066
4.39604
4.12158
4.51141
2.43821
4.17463
3.74647
4.90958
2.87506
2.52877
2.48461
4.59509
4.28995
2.94559
3.45833
3.74882
2.93806
3.66976
4.01919
4.46369
4.978
4.93166
3.81858
2.88913
4.57639
4.27129
3.43603
4.53215
2.39505
2.97336
2.45355
2.71036
2.38526
2.86435
3.53646
4.28909
4.58128
3.51557
3.89643
2.5731
3.89078
2.56317
3.85257
4.38901
1.62177
3.08455
2.5039
2.89682
2.65239
2.8544
2.46905
3.88365
3.584
3.8102
2.55578
3.93463
2.49371
1.5619
4.35845
3.52165
4.53274
4.32969
3.13018
2.58674
1.45081
2.45832
1.61265
2.45728
3.56233
3.97809
4.3771
3.07315
2.68355
4.61623
4.02584
3.53634
4.36288
4.57181
2.94359
1.45417
2.66489
1.58529
2.49776
3.97359
3.58123
4.63559
4.37565
2.92676
2.53509
3.95574
3.54355
2.97347
4.34034
4.66162
2.65799
2.8634
2.32048
1.54266
2.6897
4.35205
3.01854
3.63182
3.91048
2.48666
4.62553
3.78134
4.31862
4.50251
3.50158
2.98486
1.4992
2.41178
3.73254
4.53474
4.4172
3.59403
3.04031
2.72565
2.8211
4.37484
3.79936
3.47181
4.58784
2.36264
2.75447
4.23532
4.63972
4.54758
4.50413
3.44674
4.65456
4.31915
1.72089
2.53143
3.05019
2.53476
2.96123
3.65166
1.52816
1.61869
4.36919
2.93806
2.5161
2.9516
2.55694
1.53109
3.53717
4.63464
4.32587
4.59936
4.58134
4.56172
3.5667
4.60869
2.40741
2.97446
2.48004
2.92926
2.51729
2.84779
3.49399
4.27557
4.71185
2.8842
2.47842
3.01509
2.46313
2.95162
2.57823
3.87596
3.43703
3.76815
2.46365
3.73214
2.45421
1.44951
4.18872
2.79936
2.38822
1.51963
2.47225
1.49587
2.51858
3.45686
3.78754
4.1912
2.93232
2.38575
4.42559
1.57803
2.44506
1.45723
2.42347
3.78644
3.41877
4.41595
4.25159
2.83306
2.93866
2.48386
1.43018
2.39988
4.24102
2.91622
3.41469
3.84758
2.53047
4.47776
1.59778
2.5265
3.8821
4.48559
4.26802
3.50121
2.7985
2.91301
4.32053
4.63316
4.5071
4.59615
3.45286
4.65474
1.51066
4.36203
2.91936
2.52164
2.83779
2.58784
1.60646
3.44683
4.60491
2.51191
2.94173
2.42764
2.99357
2.56798
2.8527
2.99056
2.48463
2.89468
2.48862
2.93324
2.51011
2.97592
2.50572
1.48741
2.47365
1.4341
1.47766
2.52639
1.63262
2.52404
2.86327
2.49853
1.59786
1.50155
2.34505
2.88274
