4.56033
2.51279
2.7634
2.27234
3.05774
2.4561
2.79853
3.25581
4.33417
4.73766
3.69124
3.7825
2.66091
3.8472
2.51064
3.95897
4.3861
1.56198
3.34326
4.20037
4.76279
4.83546
4.95147
4.25952
4.46875
3.67679
3.83131
4.45118
1.6365
2.48087
3.89707
2.6896
3.88148
4.98422
4.48679
4.27816
3.12926
4.54255
3.09124
2.63189
4.82332
4.52028
3.08957
3.65822
4.43413
4.5035
4.99484
4.35188
4.64223
4.88872
4.67474
4.4641
4.5196
4.46691
3.53881
3.63452
2.28756
3.56272
4.17365
1.43713
2.27898
3.69556
4.83173
4.32914
4.0658
2.76322
2.51047
4.40316
4.33344
2.93172
4.298
2.926
4.85757
4.20597
4.45381
4.63317
4.03261
4.96713
2.61856
4.30272
2.82742
4.17778
3.04864
2.5242
4.48379
4.78006
4.95729
4.14065
1.5715
4.41366
3.88773
4.34644
4.09717
4.47747
3.81527
3.05284
2.55594
2.98332
2.58016
3.01858
2.40442
3.87701
3.43778
3.74176
2.58126
3.80678
2.46819
1.36093
4.16636
3.54561
4.4805
4.36213
3.79598
3.46811
1.50309
4.24694
3.74603
2.5725
3.96967
2.49043
2.91821
4.85409
2.89864
4.21864
4.48674
2.41105
2.8478
4.16097
4.68241
4.36682
3.58151
4.49106
4.59543
4.86739
4.23399
4.48622
3.90795
3.50834
3.84105
2.51221
1.44934
4.29919
3.93033
2.58378
2.92112
4.87796
4.52049
2.3549
2.84428
4.26378
3.04246
4.27643
4.99704
4.6843
4.41915
2.97049
2.92251
4.33815
3.03879
4.19485
4.63014
2.56551
1.49563
3.76478
4.2376
3.72094
4.26247
3.91742
4.27656
4.52888
4.44928
4.9033
4.513
4.70888
4.45724
4.39115
3.47032
4.5087
4.30846
4.75784
4.23988
4.48027
4.89651
4.89925
4.65311
4.31444
4.58084
4.27344
4.92206
2.93684
2.61622
1.56737
2.41971
1.62341
2.52159
3.55982
3.9943
4.34527
2.97731
2.72723
4.59371
3.74631
3.48681
4.3719
4.53281
2.84084
4.30403
4.50252
3.57716
4.51933
4.67164
4.75516
4.49069
4.97428
4.23047
1.45328
3.51317
1.69388
2.49751
2.76821
2.4025
2.95014
4.28058
4.50904
4.93298
2.96991
4.28652
3.70906
2.41778
2.93004
4.94079
4.52447
4.25002
3.69759
2.40751
3.39705
3.74782
2.61004
4.3792
4.2111
2.93103
2.5115
4.95829
4.51792
4.37332
4.38383
4.91654
4.17321
3.70466
4.26902
4.99905
4.40679
4.11285
4.41403
4.85545
2.82817
2.44644
4.32788
3.82303
4.29475
3.87429
4.15504
4.24555
4.26451
4.4439
3.95414
3.60654
3.06247
4.36981
4.73174
3.8761
4.38601
4.52757
4.98894
2.83635
4.94323
4.6481
3.91929
4.28429
4.55567
4.34892
3.81192
1.62378
2.42272
1.42197
2.43786
3.86303
3.76081
4.70365
4.35134
2.99437
2.2276
3.69536
3.3684
2.90542
4.12458
4.40651
2.3519
1.50008
4.36299
1.59013
3.52444
2.97492
2.48409
2.95325
2.72619
3.12997
4.79009
4.49241
4.05927
4.49936
4.37398
2.78869
4.88814
3.7381
4.11523
2.43011
4.60068
4.25364
4.52048
3.64155
4.58824
4.42376
4.96687
4.15839
4.8231
3.65897
3.29247
2.8694
4.39393
4.27949
4.54641
4.88049
4.72163
3.68161
4.13437
2.6982
4.44778
4.92297
3.88185
4.37251
3.88677
4.93929
4.43359
4.18208
4.92014
2.62936
3.86907
3.69974
4.80691
2.48157
3.04195
4.49836
4.38676
3.9233
2.36633
4.57682
4.9282
4.26815
4.42533
4.71269
4.44126
3.14573
2.65284
3.94401
4.52226
4.48613
4.721
4.43218
3.80881
4.26336
4.47225
4.23371
4.21334
3.0208
2.49328
1.53407
2.46908
4.35911
3.0078
3.53299
3.90123
2.63285
4.57677
3.72679
4.29048
4.49534
3.52159
2.85008
2.33616
2.47485
4.519
3.44926
3.8755
4.37389
3.02724
2.5648
4.42721
4.92028
4.71434
4.43377
4.26296
4.79584
3.7516
3.85238
3.0751
3.5806
4.31756
4.6401
3.8147
4.93137
4.2599
4.60011
4.90036
4.30786
4.59025
4.48657
3.56588
4.63957
4.65638
4.34219
4.95358
4.22618
4.38929
4.37811
1.52994
2.43997
2.9068
3.6124
1.40081
2.45961
2.97117
4.33405
4.49229
4.26517
3.83388
4.97892
2.89994
2.44276
2.73981
4.28106
4.53028
3.86333
4.29765
4.58441
2.60335
2.93074
4.26778
3.87999
4.2733
4.36317
3.8624
4.30368
4.17361
4.57796
2.83154
3.79869
4.92632
4.67126
4.27983
4.53052
4.29353
3.73151
1.49003
2.47508
3.86811
4.55602
4.45932
3.52562
3.0033
2.40282
2.99298
4.33861
3.96727
3.54697
4.56164
2.51198
3.85218
2.94553
3.55218
4.59464
4.42796
4.68654
4.98239
3.84567
4.89159
4.36942
2.49877
4.66285
2.76693
3.90986
3.49636
2.89303
4.42332
4.34579
4.90768
3.8093
2.55718
4.36979
4.62722
4.24358
1.45529
4.23461
2.77627
2.31863
1.64845
3.29722
2.77076
2.44373
2.94182
4.11715
4.52601
4.86247
3.81038
4.68094
4.16342
3.81679
4.19006
2.80873
4.96595
2.37806
2.82975
3.76735
4.60516
4.77606
4.36314
3.83389
4.43126
4.29184
4.49446
4.11003
2.50703
2.98404
4.94934
3.87445
4.35257
4.28466
4.51921
4.23369
4.37837
3.90753
4.2981
4.32828
4.37298
4.66891
4.31957
3.66769
4.69097
4.99006
4.29185
4.2491
4.98488
4.39223
2.79075
4.20383
4.5963
4.69808
4.53833
3.5482
4.61846
4.34411
1.47865
2.45579
2.9613
2.60236
2.89452
3.51592
1.48124
2.56809
2.58057
4.60382
4.32511
3.0303
3.61443
4.0024
4.40619
4.41449
4.76078
2.55505
4.35959
3.83484
3.0475
3.73373
3.00246
4.22857
4.40019
3.34246
4.83076
2.80629
3.77618
4.21852
4.94929
4.36387
2.371
4.1814
2.80514
2.59275
4.41232
3.43898
3.80622
4.2745
4.99787
4.39366
4.45703
4.27071
3.75998
2.46133
4.78353
2.84712
2.45213
4.29737
4.41236
4.69555
4.35552
4.35357
4.21279
4.35245
3.87691
3.79654
4.28288
4.95366
4.55636
4.24155
3.85059
4.2658
4.64052
2.93898
3.59943
4.93314
2.89963
4.34119
3.85841
4.69675
4.44184
3.96194
4.30056
4.68916
4.36017
4.95209
3.77488
1.63275
4.36291
2.96503
2.50439
2.90991
2.49407
1.63508
3.51915
4.59444
4.10665
4.53796
4.56822
4.61032
3.4054
3.64728
2.75835
4.42659
4.2373
3.51163
2.94647
3.82206
4.28498
4.52859
4.8529
4.84951
2.49152
4.71004
2.70009
3.06496
4.28858
3.86431
3.67102
4.6471
4.27844
2.52985
3.85696
4.27207
2.89223
4.35348
4.96444
3.76498
4.45074
4.11028
2.8182
3.5002
2.88143
4.20365
3.85816
4.61582
4.96191
4.85076
4.38725
4.96496
3.7849
4.30971
3.88946
4.43533
4.46305
2.48743
2.99609
4.32913
4.74144
2.49641
3.83054
3.64931
4.69846
4.22933
3.88398
4.33218
2.51814
2.92903
4.13763
3.96508
4.27706
4.60418
4.32408
2.51786
4.39241
4.50034
4.59677
4.35232
4.40548
4.34231
3.95304
4.27892
4.79972
2.65429
2.94593
2.49602
3.02734
2.74223
3.04261
3.60345
4.4834
4.39892
4.8052
4.2659
4.66714
3.62402
4.3949
4.59885
4.87924
2.89063
4.31936
2.89621
2.46499
4.45937
4.27883
2.90594
3.43873
3.87672
4.38182
1.55129
2.47204
3.75837
2.41108
3.84256
4.98656
4.67145
4.32379
4.9251
4.32162
4.64826
3.5356
4.50696
4.50758
4.51556
4.30443
4.7961
4.20852
4.9662
2.94974
2.40274
4.48219
4.36379
2.81732
4.17251
2.90103
3.51299
3.86568
2.49383
3.88995
4.36008
1.54411
2.4921
3.94264
4.89389
4.66848
4.35883
4.41265
4.45679
4.9661
4.41608
4.67156
1.4274
4.16748
3.72201
4.22179
3.81358
4.10125
3.73157
4.7593
2.9381
4.36272
2.89967
4.29463
2.80327
2.44189
4.55789
4.37013
4.22355
2.85933
2.70135
3.20292
2.4347
2.87132
2.55033
3.89598
3.58019
3.78688
2.65794
3.94069
2.3758
1.59681
4.38345
4.58244
4.42938
4.06808
3.67973
1.59277
4.4584
4.17545
2.45243
3.82348
2.75568
3.24844
2.97375
4.51911
4.82824
2.59126
3.068
4.51139
4.93967
3.40864
4.6808
4.26013
4.73262
4.27054
4.48367
4.7924
4.32224
4.20467
3.63749
3.3031
3.68159
2.50571
1.41714
4.1069
3.77767
2.39482
2.77997
4.71626
4.33877
2.32907
2.90121
4.07272
2.54568
4.21464
4.52207
4.28823
2.88951
4.92697
2.78328
4.39311
2.84989
4.20304
4.67779
2.53757
1.56509
3.58143
4.14525
3.79234
4.23535
3.76672
4.1709
4.73879
4.27446
4.41595
4.68379
4.05114
4.92178
3.68513
4.26427
4.48774
4.8449
4.4416
4.73491
4.75483
4.6256
4.44791
4.69924
2.8333
2.44061
1.44682
2.5404
1.49538
2.49684
3.49788
3.86331
4.27254
2.87661
2.46375
4.61715
4.87137
4.35063
4.53828
3.35868
4.61218
4.46446
4.47355
4.35395
4.90306
2.90955
4.71107
4.42532
3.94838
4.30906
1.45135
3.59728
1.52323
2.46874
2.87434
2.40475
2.94996
4.36216
4.4258
4.89677
2.92454
4.31608
3.73037
2.44759
4.86717
4.16974
3.80071
2.34792
3.58259
3.82797
2.50524
4.57657
4.35065
2.85883
2.41604
4.87221
4.52541
4.2706
4.14548
4.27003
4.93057
4.36506
4.29936
4.64561
4.41967
4.54717
4.95283
3.06877
2.35115
4.36744
3.73883
4.21862
3.67514
4.16307
4.24904
4.5947
3.77895
3.59995
2.9485
4.33212
4.65312
3.8108
4.27371
4.97013
3.93068
2.96946
4.71646
3.79242
4.44493
4.59109
4.23282
1.4258
2.5405
1.58255
2.30244
3.60603
3.42982
4.36057
4.19332
2.86724
4.55081
4.47535
3.00919
3.904
4.52487
2.63227
1.61729
4.41798
1.60476
3.57828
2.91956
2.70666
3.04349
2.36679
2.83916
4.45936
4.90953
4.37471
3.76171
4.34773
4.67291
4.19422
4.60401
3.32868
4.33639
4.41935
4.77536
3.84646
4.47748
3.82829
3.72019
3.07514
4.84873
4.42286
4.53538
4.89718
4.55471
3.12631
4.72502
3.91304
4.55277
3.97484
2.47844
4.51395
4.23561
4.24625
2.18239
3.64441
3.2914
4.45305
2.33863
2.76677
4.15626
4.8807
4.13023
3.59965
4.3955
3.97818
4.3835
4.29341
4.46143
4.29427
2.75584
4.9859
2.52457
3.81444
4.14411
4.91503
4.97505
4.35562
4.44707
4.26051
4.1063
4.86292
2.91222
2.54685
1.4839
2.35544
4.27014
3.04546
3.49156
3.82088
2.59216
4.64917
4.28257
3.92423
2.59454
2.54394
4.67204
3.63971
3.99161
4.39666
2.94046
2.62751
4.36731
4.75558
4.37544
4.49264
4.95735
3.72945
2.68002
3.27601
4.08825
4.41266
3.7149
4.83751
4.13909
4.87266
4.19637
4.51029
4.71953
3.6774
4.44323
4.67036
4.32505
4.41666
4.53448
4.77537
2.94483
4.22676
4.44099
3.76966
4.22353
1.51254
2.36485
2.85637
3.54054
1.4333
2.43301
2.88476
4.15388
4.71773
4.26313
3.92595
2.89498
2.42833
4.48278
4.63385
4.31149
4.70379
2.54837
3.08378
4.39775
3.85691
4.21317
4.25645
4.07857
4.38942
3.79183
2.75965
3.77103
4.84103
4.28009
4.21808
4.39896
4.05431
1.57553
2.41132
3.77655
4.51975
4.32822
3.4729
2.89903
3.7921
4.3544
3.91261
2.8599
3.46748
4.52278
4.26604
4.63345
2.50933
4.49224
4.64047
4.9801
4.39332
2.39986
4.56432
2.4338
3.73418
3.45032
2.79948
4.26724
4.25547
4.84966
3.75234
4.56295
4.33136
3.77407
4.27916
2.81506
4.87162
2.52424
1.43233
4.29353
2.96561
2.52139
1.57305
3.55528
3.04289
2.47208
2.82612
4.3184
4.57189
4.96817
3.75291
4.59107
4.40034
2.95611
3.85184
4.50824
4.40009
3.92497
4.23683
4.37966
3.86509
4.405
4.63589
4.29615
2.632
2.81723
3.92791
4.1699
4.14722
4.49341
4.32621
4.98462
4.50264
4.20998
4.57146
4.47638
3.50277
4.55182
4.92199
4.30644
4.27527
4.8727
2.89131
4.32057
4.47844
4.5383
4.50778
3.49133
4.60743
4.20422
4.39818
2.3384
4.16743
3.77584
2.85014
2.50563
2.37182
4.40336
4.19827
2.74876
3.34007
3.6433
4.29372
4.75745
3.06631
4.19625
4.56384
4.83323
3.83175
3.00199
4.36097
4.62827
3.56716
4.9864
4.35828
4.45551
4.26266
3.70489
2.33782
4.93702
2.95761
2.50265
4.31994
2.77836
2.45603
4.51819
3.57413
3.82122
4.2617
4.8166
4.20174
4.17312
4.28968
3.75596
2.35113
4.17062
4.07923
4.94725
4.50411
4.26517
4.72786
4.48342
4.01358
4.29003
2.95146
4.4672
3.91949
4.7439
3.70242
4.40602
4.54449
3.00589
3.55725
4.95418
4.46183
4.55761
4.27256
3.82397
4.89501
3.9815
4.6501
1.53859
4.36861
2.92425
2.55278
2.91382
2.46014
1.54341
3.61887
4.92378
3.83157
2.7208
4.57682
4.22081
3.41378
2.97005
3.79488
4.33137
4.49891
4.25938
2.43847
4.63691
2.37433
2.83964
4.22561
3.69719
3.51926
4.59492
4.19745
2.47996
3.82986
4.22787
2.86013
4.87288
4.93549
3.67653
4.65094
4.35077
2.96857
3.5439
2.93108
4.2791
3.86726
4.3948
4.51963
3.91846
4.45155
3.69705
4.88135
4.20302
4.45128
4.30025
4.9974
2.45994
2.99485
4.26926
4.67881
2.51163
3.83032
3.59381
4.54995
4.42326
3.89451
4.38507
2.51273
2.90071
3.81285
4.3594
4.92328
4.46255
4.46194
4.38995
2.53733
4.43996
4.19077
4.66127
4.93116
4.37078
4.29199
4.32864
3.76044
4.59949
2.49803
2.94645
2.44541
2.9025
2.48338
3.00693
4.94135
4.1029
4.43233
3.49518
4.25426
4.63047
4.99709
4.55657
4.29694
4.91078
2.9011
4.40827
2.81644
2.41796
4.50456
4.20266
2.92249
3.53652
3.77276
4.27882
1.51585
2.48271
3.76135
2.43532
3.78602
4.84429
4.37861
4.60515
3.57163
4.31577
4.49767
4.52738
4.18315
4.93375
4.5076
4.1977
4.68116
4.30821
4.97556
2.89354
2.54218
4.5145
4.36691
2.90633
4.28929
2.91436
3.45023
3.92756
2.51065
3.81571
4.42481
1.45782
2.40002
3.90001
4.58479
4.25425
4.84099
4.11415
4.63312
4.67742
4.40504
1.56707
4.37932
3.95528
4.28362
3.69455
4.38745
3.74872
2.97995
4.33007
2.87012
4.23246
2.93491
2.41145
4.52964
2.91523
2.50044
2.95756
2.51946
2.94788
2.44244
2.89989
4.95812
2.91396
4.22214
4.45612
2.49178
2.85991
4.33955
4.47203
4.42401
3.93335
3.64084
1.57561
4.37876
3.86789
2.49327
3.94129
2.55648
4.89284
4.38045
4.40102
3.41664
4.66402
4.27365
2.84273
4.93764
4.49719
2.39038
2.98527
4.24095
2.90621
4.27954
4.68483
4.50368
3.99625
3.44107
3.89441
2.49429
1.66179
4.39321
3.74042
2.5348
1.46574
3.80665
4.32798
3.82435
4.22348
3.87532
4.37479
4.54638
4.47906
3.00131
4.96996
2.86841
4.28611
2.96363
4.38598
4.64248
2.52612
4.61868
4.35588
4.94616
4.37697
4.58515
4.8555
4.22158
4.5602
3.40082
4.4609
4.30911
4.59418
4.27891
4.50419
4.3975
4.89653
2.918
2.47764
1.52337
2.43421
1.52349
4.33154
4.75382
4.3261
4.46693
3.47082
4.64198
4.53479
4.61004
4.24941
4.57548
4.98666
2.93742
4.2375
3.77125
2.38467
2.94884
4.50726
4.25372
3.85937
4.34407
1.43373
3.48588
1.491
2.43869
2.95226
2.49375
2.73939
2.54663
4.99515
4.53298
4.54956
4.28648
4.35537
3.87933
2.5885
3.50826
3.78532
2.41751
4.64906
4.13991
2.91627
4.28281
4.36363
4.8815
4.22475
3.85318
4.39819
4.38108
4.2786
4.52727
4.26317
4.57225
4.92023
2.91806
2.42801
4.29049
3.82485
4.94295
3.92356
4.29178
4.57057
3.81561
3.49795
2.83108
4.24217
4.64609
4.79455
4.58973
4.32124
3.87788
2.92125
4.94354
4.51648
3.90015
4.25541
1.52308
2.46522
1.57893
2.54713
2.97656
4.6015
4.89263
4.29401
3.70391
4.58877
4.36314
2.75582
4.90849
3.91179
4.25607
2.46204
1.57874
4.28424
1.43465
3.43052
2.86105
2.47422
2.8625
2.4939
4.34735
4.92584
4.58117
4.20505
4.53113
3.48894
4.52295
4.56816
4.56262
4.88981
3.94118
4.46112
3.95327
3.4734
3.02018
4.40473
4.34535
3.75392
4.45636
4.44755
2.98376
4.42554
4.81091
3.73617
4.22365
4.96293
4.93209
4.27815
3.853
2.54198
4.6782
4.90894
4.39874
4.36345
2.48689
3.87363
3.54279
4.69076
2.54458
2.92871
4.34759
4.30531
4.53062
4.2869
3.78101
4.38875
4.22147
4.46951
4.34655
2.81512
4.93044
2.58545
3.81392
4.33869
4.38951
4.28118
4.94822
2.88646
2.47771
1.6314
2.60677
4.4266
4.98319
4.6692
4.3275
4.10123
4.99199
3.75554
2.45328
2.47784
4.49059
3.4368
3.84735
4.27518
2.97215
3.90112
4.95623
4.26306
4.55069
4.86336
3.77391
2.83137
3.42189
4.24494
4.46377
4.35556
4.40044
4.6579
4.53698
3.59262
4.46812
4.61584
4.30006
4.38276
4.95161
4.90222
4.3552
4.60142
4.2583
3.80624
2.95707
2.52306
2.93973
4.33194
4.56278
3.78265
4.29721
1.59825
2.47933
2.84822
3.62008
1.4928
2.41792
2.95734
4.36234
4.35345
3.93811
4.32942
4.21039
4.44108
4.18161
4.67164
2.31795
4.90821
2.94621
4.27953
3.88523
4.52921
4.34139
3.8333
2.85543
3.74955
4.88247
4.56729
4.23098
1.43009
2.49467
4.59654
3.60025
4.8129
4.26016
3.85737
2.84835
3.47054
4.53113
4.34883
4.35671
4.9328
3.71171
2.53247
4.24369
4.50127
4.9755
4.34126
2.3678
4.53432
2.45889
3.79159
3.56877
2.93343
4.12498
2.95805
4.28727
4.79997
4.97465
3.83266
4.45488
4.34685
3.99075
4.43406
2.95549
2.5865
1.66477
4.2739
2.93323
2.45406
1.51041
3.60394
2.75631
2.54558
3.81501
4.58344
4.38697
2.96402
3.73654
4.52167
4.2806
4.37177
4.62048
4.35864
4.46413
3.84926
4.25309
4.52614
4.3138
2.49827
2.90084
4.94823
3.81985
4.3455
4.25607
4.97121
4.68936
4.26848
4.55053
4.47381
3.44451
4.48888
4.33634
4.30246
2.9483
4.39582
4.87197
4.37303
4.65055
2.32052
4.42757
3.76245
4.86698
2.92869
2.60601
2.44025
4.57758
4.34568
2.93558
3.512
3.90899
4.81565
2.89031
3.76237
4.23567
4.86782
4.56628
3.64656
2.85008
4.2372
4.50509
3.45892
4.26763
4.91475
4.19229
4.56537
4.39648
3.96742
2.56375
2.99772
2.51803
4.23261
2.86064
2.51255
4.56006
3.31271
3.82491
4.25649
4.30663
4.32372
4.20654
3.95987
2.57677
4.15868
4.24821
4.97919
4.49427
4.71148
4.23514
3.72355
4.17994
4.87665
4.9985
2.94058
4.40212
3.90491
4.64146
3.87334
4.33019
4.63304
2.92268
3.51714
4.30326
4.69155
4.2255
4.01093
3.88201
4.55287
4.8937
2.94418
3.84685
4.34635
4.57089
3.91503
2.91488
4.53081
4.30426
3.56732
4.50853
4.21313
2.4932
3.73238
4.16029
2.79147
4.92505
4.36563
2.40147
4.5357
2.47654
2.85982
4.33157
3.84924
3.36638
2.87535
4.19163
3.95391
4.49691
4.95289
3.95798
4.54384
4.2518
2.88943
3.47093
3.75806
4.6473
4.96501
4.26359
4.5684
4.30799
3.76147
4.90514
4.68729
4.27547
3.76158
4.28228
2.52931
2.94111
4.44126
2.49526
2.96683
4.31449
4.75106
2.52548
3.88246
3.64435
4.63619
4.37842
3.73634
4.39842
4.06098
4.28696
4.32075
3.83871
4.4322
2.45683
4.32634
4.40526
4.60415
4.89259
4.54285
2.44822
2.8868
2.38061
2.92161
2.56745
2.92261
3.41706
4.40358
4.69281
3.61677
3.97614
2.57513
3.85169
2.46577
3.88337
4.41704
1.54766
3.53792
4.17618
4.6509
4.94799
4.43915
4.7736
4.9376
4.45702
4.28577
4.67449
4.42495
3.44184
4.32099
4.69231
4.9349
4.32743
4.58177
4.95228
2.75184
4.15777
2.93466
4.30624
2.73646
2.54143
4.51687
4.76237
4.11988
1.44001
4.36567
3.85956
4.44324
3.94538
4.41736
3.88054
3.53076
3.76455
2.37261
3.84763
4.40069
1.51712
2.51692
3.78727
4.84213
4.43903
4.20213
3.05482
2.57393
4.65144
4.33695
2.96802
4.42511
3.04728
4.96763
4.98531
4.29097
4.48543
4.48708
4.39323
2.92319
2.47818
2.91286
2.46993
3.06556
2.43426
3.83285
3.42556
4.00313
2.52056
3.86323
2.59427
1.57495
4.33288
3.68612
4.50147
4.3192
3.83567
3.49491
1.57503
4.27322
3.83604
2.57499
3.95551
2.5076
2.95683
4.90019
2.79096
4.41658
4.60576
2.46204
3.03028
4.26587
4.72068
4.40236
4.86999
4.28731
4.41023
4.57906
4.27018
3.83515
3.55282
3.73101
2.48183
1.56637
4.15743
3.78462
2.43853
2.89762
4.91224
4.55088
2.34885
2.98329
4.24351
2.91858
4.31952
4.98854
4.62799
4.36521
2.94351
4.97703
2.87864
4.16857
2.825
4.39899
4.67092
2.40289
1.4765
3.86894
4.26817
3.70919
4.3467
3.69231
4.28131
4.46979
4.27579
4.92376
3.43945
4.42382
4.26821
4.31781
4.50854
4.96577
4.60007
4.38347
4.65139
4.40141
2.89289
2.41591
1.62842
2.66777
1.56914
2.46751
3.58742
3.80615
4.21949
2.97977
2.56119
4.44719
4.05587
3.62097
4.32794
4.57469
2.97016
4.32237
4.54573
3.45772
4.76446
4.63127
4.50267
4.32221
4.83279
4.29901
4.52447
4.91741
2.87098
2.40895
4.35074
3.86452
4.26352
3.71906
4.25999
4.39643
4.41789
4.62974
2.49318
3.4818
3.87776
2.61366
4.44479
4.34642
2.99867
2.48695
4.93481
4.50195
4.28126
4.38811
4.97214
4.39029
3.93776
4.36699
4.97432
4.25575
2.82391
4.91338
4.65253
3.74116
4.37763
4.99432
4.47009
4.18059
3.72738
3.78041
3.54619
2.92142
4.34847
4.54505
4.89136
3.79014
4.22806
4.67397
4.98682
1.53224
2.38029
1.58279
2.46621
3.80615
3.57959
4.52501
4.44396
3.08475
2.54009
3.82451
3.5124
2.93019
4.21496
4.58891
2.40386
1.55377
4.26895
1.40615
3.38982
2.8946
2.43917
3.05348
2.44168
2.99293
4.48773
4.22799
3.93534
4.66518
4.41817
3.00945
3.93769
4.35491
2.65362
4.84422
3.71232
3.42895
2.84344
4.4262
4.26161
4.53115
4.82623
4.91341
3.76106
4.22278
2.78772
4.48522
4.79855
3.75309
4.21752
3.79749
4.51966
4.16739
4.23253
4.18455
2.44629
3.74069
3.64908
4.7239
2.43043
2.97953
4.29432
4.2924
3.81128
2.55284
4.69106
4.25183
4.425
4.62401
4.29527
2.99438
2.54723
3.87246
4.34487
4.45413
4.61456
4.43646
3.89535
4.49901
4.34697
2.84978
2.59533
1.48567
2.43295
4.4475
2.96849
3.44129
3.98394
2.65788
4.50482
3.91911
4.28537
4.51004
3.4307
2.79997
2.54089
2.40946
4.43301
3.5137
3.80816
4.45292
2.84894
2.56912
4.24377
4.49942
4.41518
4.39202
4.01262
4.82261
4.18
4.62016
4.51217
3.52256
4.72725
4.54959
4.27701
4.99763
4.91402
4.2195
4.89735
4.30598
2.82161
3.96081
4.37603
4.35404
4.47065
4.20801
3.67776
4.2936
1.54733
2.40351
3.04653
3.67489
1.44624
2.53435
2.90736
4.27923
4.63483
4.3047
3.90057
2.89362
2.47835
2.96759
4.38713
4.45713
3.9294
4.37261
4.60869
2.57174
2.94045
4.31451
3.87217
4.33173
4.31697
4.00717
4.36184
4.34733
4.61245
1.55943
2.55199
3.888
4.75368
4.33077
3.6336
3.0375
2.60575
2.97777
4.3384
3.86022
3.43359
4.62537
2.5158
3.74644
2.78952
3.49994
4.59501
4.22461
4.58874
4.92745
3.90001
4.34472
4.57443
4.26554
2.4666
2.9121
4.96538
3.88647
4.3894
4.22662
4.67864
4.19959
4.26411
3.95962
4.39212
1.50824
4.402
2.8576
2.44248
1.51846
3.35805
2.85843
2.55249
2.96326
4.21812
4.61972
4.94004
3.84927
4.52265
4.24745
3.77296
4.25905
2.91238
4.9336
2.50563
2.8856
3.76617
4.43076
4.96284
4.15675
3.72722
4.47126
4.17395
4.28533
4.93946
4.21044
4.52198
4.22701
4.57876
4.45749
3.50191
4.58749
4.99371
4.35192
4.9875
4.92627
3.12357
4.46838
4.474
4.77494
4.84892
3.84538
4.52486
4.2401
1.53003
2.43469
2.84195
2.4961
2.70838
3.42677
1.49688
2.45928
2.48553
4.44645
4.29882
2.93429
3.58995
3.88715
4.49422
4.30728
4.61037
2.47852
4.34884
3.76939
4.93169
2.97969
3.78339
4.33768
4.96141
4.99523
4.40176
4.36236
2.41136
4.26093
2.89691
2.52722
4.42302
3.40176
3.94914
4.4384
4.1202
4.46131
4.11601
3.64904
2.31958
4.84241
2.79395
2.40412
4.29769
4.27941
4.9667
4.53969
4.35888
4.22843
4.09813
4.17945
3.64609
4.63094
3.74123
3.90101
4.34444
4.70533
2.98177
3.59672
2.98356
4.37367
3.78073
4.93165
4.69116
4.42183
3.8693
4.9977
4.31562
4.65592
1.53317
4.18074
3.03887
2.39188
2.77853
2.60614
1.58288
3.38562
4.53516
4.48766
4.69178
4.57249
4.38486
3.54932
3.84468
2.81469
4.47884
4.28865
3.36624
2.85913
3.63324
4.16613
4.57215
4.81024
4.29935
3.77698
4.29387
4.60238
3.84818
4.52147
4.29587
3.01268
3.55078
2.93602
4.17632
3.78205
4.62378
4.54322
4.83714
3.75635
2.49312
4.50423
4.28314
4.73114
4.15585
4.20144
4.32795
3.79945
4.27021
2.40977
2.99195
4.39011
4.68257
2.51567
3.89615
3.50133
4.5361
4.24788
3.773
4.2795
2.44586
2.8263
4.9186
4.38571
3.81957
4.27229
4.9038
4.43379
4.33995
4.55804
2.6188
2.865
2.35619
3.08441
2.55063
2.78801
3.51004
4.18712
4.52126
4.97239
4.24256
4.44927
3.48555
4.21364
4.5227
4.87291
4.53492
4.26016
4.99551
4.64987
4.432
4.95766
4.44429
4.65496
3.59208
4.30655
4.50751
4.98537
1.50703
4.31411
3.9422
4.43114
3.74707
4.37274
3.87003
4.98854
2.78152
4.28807
2.77543
4.30833
2.94286
2.42697
4.60401
4.45535
4.27656
4.95021
2.88823
2.5651
4.58055
4.34464
2.89304
4.29158
2.86266
3.43974
3.79224
2.42725
3.79622
4.24834
1.48338
2.39456
3.76721
4.81603
4.67787
4.22055
4.61321
4.26628
4.88147
4.16368
4.63145
3.0275
2.42541
3.08934
2.45991
2.69719
2.68304
3.96168
3.43006
3.92248
2.67407
4.077
2.63206
1.62813
4.44346
4.89005
4.57136
4.28977
3.79796
3.47167
1.46804
4.3525
3.87779
2.48431
3.83027
2.52615
3.02126
4.92673
2.86767
4.35484
4.64288
2.35881
2.93187
4.27011
4.42797
4.61906
4.44632
4.38226
4.94682
4.5912
4.19668
3.7846
3.516
3.86904
2.43846
1.51523
4.2677
3.87182
2.59818
2.95359
4.9749
4.54457
2.40085
2.91349
4.39722
3.00524
4.26464
4.57352
4.21389
2.90856
4.92969
2.85595
4.27787
2.81184
4.35273
4.46844
2.51447
1.49503
3.70942
4.16319
3.6883
4.22885
3.8239
4.24307
4.96927
4.9042
3.58137
4.51597
4.36373
4.51068
4.61498
4.98646
4.58345
4.34076
4.44869
4.36417
3.03474
2.66814
1.66362
2.54891
1.51142
2.46773
3.33452
3.82172
4.31612
2.89248
2.41167
4.51237
4.49028
4.38865
3.59667
4.38423
4.75227
4.67169
4.37484
4.89682
4.96364
4.1793
4.61714
4.19134
4.52626
4.94408
3.04654
2.4785
4.45281
3.84024
4.16866
3.71372
4.25277
4.08965
4.61022
3.97889
2.59258
3.55463
3.989
2.50656
4.63495
4.57576
3.06722
2.47895
4.75921
4.39847
4.16396
4.34418
4.48715
4.37267
3.89648
2.74612
4.90706
4.46265
3.80624
4.28627
4.42789
4.17246
4.72791
3.91342
3.45619
3.07844
4.39266
4.51035
4.82823
3.93998
4.2852
1.52262
2.62391
1.51467
2.45906
3.80047
3.46202
4.62766
4.33634
2.78299
4.65503
4.31565
3.01405
4.97417
3.92525
4.38879
2.53049
1.58112
4.2534
1.45949
3.63967
3.00042
2.45847
3.03602
2.42166
2.84743
4.40166
4.97304
4.05846
3.76007
3.94752
4.29648
3.82522
3.45717
2.9393
4.65945
4.39191
4.55849
4.81784
4.5367
4.31711
3.02212
4.59432
3.67936
4.32177
3.74341
4.26069
4.18094
4.80176
2.48698
4.5704
4.27999
4.24081
2.49476
3.7271
3.54569
4.5653
2.47564
2.85888
4.25216
4.97216
4.3857
3.77398
4.42735
3.89057
4.42252
4.34642
4.49922
4.28477
2.89573
2.61194
3.94817
4.27994
4.20478
4.48025
3.13709
2.49036
1.59679
2.5415
4.41177
2.9731
3.68064
4.06713
2.54281
4.7024
4.3149
4.9617
3.77909
2.44261
2.59334
4.67357
3.62885
3.87761
4.40519
2.96296
2.51822
4.34634
4.50399
4.36682
4.37673
4.41798
4.65194
3.64888
4.41302
4.85914
4.50662
4.46141
4.93238
4.97996
4.43286
3.69916
2.82663
3.55235
4.91274
4.53471
4.15604
4.64374
4.28536
2.8273
4.19928
4.8563
4.41008
3.60971
4.12787
1.55038
2.29898
2.81938
3.39925
1.41068
2.29264
2.78991
4.13382
4.65339
4.37242
3.81647
4.92322
3.09051
2.44255
4.2053
4.46314
4.11414
4.56575
2.36133
4.86156
2.98051
4.31574
3.77372
4.33672
4.34464
3.80638
4.27884
1.54367
2.57344
3.92287
4.45895
4.36384
3.48011
2.84881
4.0008
4.46507
4.03202
2.91155
3.64248
4.79264
4.39172
4.66352
4.81495
4.13506
4.28235
3.60994
4.27045
4.44862
4.10667
2.41076
2.79519
4.78707
3.83439
4.26267
4.16301
4.33275
4.61707
4.39627
3.72867
4.37599
3.1193
4.79584
2.45773
1.45243
4.17926
2.75628
2.46128
1.40924
3.36867
2.98854
2.41303
2.79918
4.9376
4.04142
4.38289
4.87905
3.72168
4.57141
4.28104
2.96679
3.8068
4.54426
4.99646
4.34057
3.77025
4.40917
4.25481
4.92394
4.45909
4.45886
4.45217
4.61096
4.39807
3.71953
4.69315
2.81138
4.25121
4.87515
4.45005
4.45618
3.27664
4.71986
4.49918
4.57046
2.63455
4.43652
3.99051
2.99798
2.60658
2.28021
4.68088
4.36105
2.84607
3.64302
3.72371
4.20964
4.85984
4.83191
4.56604
4.14774
3.74639
4.2107
4.3783
4.6016
4.21211
3.88673
2.6514
4.994
2.87065
2.41269
4.1688
2.72326
2.3418
4.41534
3.51535
3.73404
4.15752
4.86962
4.83607
4.41829
4.27842
4.2593
3.75486
2.45323
4.21073
4.0958
4.81537
4.45525
4.08186
3.88674
4.41396
4.97203
3.01339
4.46949
3.96993
4.65056
3.83463
4.25709
4.67238
2.9845
3.56084
4.90793
4.48492
4.77651
4.30702
3.98884
1.49806
4.35624
2.95063
2.54529
3.035
2.68729
1.56992
3.61532
4.98077
3.83983
3.00894
4.71879
4.41549
3.61154
2.9927
3.88796
4.29215
4.67997
4.46913
3.91764
4.38453
4.75787
3.85004
4.69042
4.42897
2.9766
3.7943
3.08184
4.31267
3.88387
4.76436
4.7107
3.99562
4.1668
2.28711
4.01859
4.20192
4.39003
4.86224
4.31033
4.28496
4.25664
3.70214
4.2719
4.81848
2.49177
2.68
4.27976
4.48214
2.43756
3.71418
3.33907
4.34137
4.38438
3.77894
4.27746
2.62232
2.84513
4.9602
3.76375
4.41266
4.943
4.59951
4.34305
4.58541
2.51478
2.82868
2.45527
3.0523
2.47324
2.95695
4.91532
4.97739
4.35692
4.58722
3.5118
4.30082
4.52572
4.47072
4.48903
4.63847
4.50678
4.98655
4.31417
4.82572
3.69299
4.29985
4.42872
4.57019
4.29014
1.50883
4.3252
3.66506
4.33297
3.87933
4.27921
3.80072
4.93794
2.94309
4.29319
2.89626
4.31097
2.95272
2.43181
4.50141
4.90399
4.56138
4.24087
4.91742
2.87503
2.34883
4.56674
4.24359
2.96116
4.27492
2.74452
3.30869
3.85525
2.37817
3.72302
4.17274
1.61925
2.39989
3.78371
4.57821
4.21214
4.96568
4.27075
4.53588
3.00709
2.52545
3.05688
2.41992
2.90771
2.59416
2.8356
4.9849
2.93742
4.16731
4.5003
2.51538
2.90066
4.35237
4.86565
4.47248
4.24387
3.83804
3.49643
1.49051
4.24944
3.82297
2.42553
3.7652
2.42037
4.55419
4.41793
4.90414
4.29991
4.78786
3.03585
4.64137
2.57157
2.97881
4.32562
2.91318
4.48583
4.92723
4.38378
4.28919
3.73618
3.51084
3.80205
2.38574
1.49338
4.28888
3.79066
2.50072
1.51371
3.896
4.13248
3.83506
4.32152
3.82321
4.32076
4.62881
4.23684
2.83696
4.91238
2.73929
4.17779
2.75849
4.12492
4.47394
2.31496
4.95406
4.97921
4.35493
4.62562
4.87983
3.55237
4.57348
4.33491
4.58656
4.30747
4.54523
4.35893
2.94317
2.54074
1.51031
2.51759
1.63596
4.27857
4.9115
4.39424
4.4392
3.58562
4.47016
4.58083
4.68557
4.27026
3.80065
4.43403
4.32192
4.33373
4.69079
4.37759
4.46426
4.9837
2.86464
2.61846
4.13439
3.88049
2.47469
4.9897
4.62313
4.3431
4.34049
4.99928
4.19572
3.95812
2.50159
3.41313
3.75045
2.4747
4.62267
4.34954
2.9017
4.35051
4.412
4.90944
4.50344
4.33443
3.81714
2.84253
4.95615
4.54931
3.81581
4.26357
4.93492
3.8591
4.32223
4.5614
4.86016
3.92973
3.47287
2.99774
4.30171
4.63633
1.57537
2.62233
1.6021
2.46623
2.81026
4.51538
4.82323
4.33591
3.92928
4.53109
4.43639
3.06225
3.92057
4.41694
2.58286
1.56025
4.42259
1.60316
3.62818
2.98977
2.52666
3.0392
2.57518
4.6082
3.90129
4.55679
3.92148
3.60948
2.98781
4.79122
4.35173
3.88241
4.62682
4.53816
3.10808
4.60928
3.83739
4.35911
4.20168
4.17205
4.86605
4.84397
4.18479
3.69424
2.36722
4.3393
4.8886
4.24991
4.07238
4.95771
2.38828
3.79003
3.43017
4.38548
2.38788
2.75649
4.19156
4.97828
4.16803
4.51422
4.33736
3.73518
4.29262
4.14102
4.50124
4.37634
2.79254
4.90435
2.48382
3.79374
4.14197
3.06457
2.6327
1.48371
2.47624
4.24064
4.87804
4.61029
4.48595
4.53227
4.02218
2.65993
2.67213
4.75323
3.68899
3.93763
4.49273
3.16548
4.30655
4.43948
4.41197
4.65797
3.60109
4.35223
4.62184
4.35918
4.53314
4.42552
4.9409
4.19682
3.84219
2.73551
3.70889
4.86425
4.53278
4.23202
4.08808
4.44685
4.00394
3.69716
4.91667
2.76277
2.32719
2.9512
4.18614
4.94057
4.63611
3.68216
4.12606
1.53216
2.44116
2.89121
3.35866
1.40648
2.46298
2.79536
4.12817
4.22051
3.70691
4.29737
4.34102
4.55153
4.32853
4.71114
2.48104
4.98101
3.06594
4.44617
3.76415
1.67207
2.5492
4.47102
4.92393
3.91993
4.43706
3.98704
2.92853
3.52098
4.67467
4.3246
4.19237
4.50882
4.33644
4.51191
3.89724
4.4711
4.6409
4.1084
2.42699
3.03631
4.93592
3.68828
4.31969
2.8179
4.2379
4.43345
4.84514
3.73825
4.59238
4.36886
3.8882
4.43348
2.87221
2.63147
1.51209
4.21305
2.7387
2.34198
1.39834
3.52405
2.94517
2.31549
3.78519
4.5777
4.45434
3.0298
3.68846
4.48977
4.89991
4.18311
4.3502
4.25606
4.99245
4.93784
4.39401
4.64943
4.37618
4.59786
4.50941
3.68489
4.63146
2.99859
4.25487
4.23168
4.60711
2.48601
4.36468
3.86868
2.94807
2.53029
2.48918
4.64989
4.39287
2.86362
3.57504
3.87889
4.70403
4.33991
3.8797
4.51034
4.90178
4.3609
4.24819
4.6782
4.3727
3.87852
2.43824
3.10368
2.54019
4.28429
2.8846
2.50484
4.71218
3.66108
3.83057
4.35816
4.36531
4.34866
4.28446
3.98229
2.59369
4.27192
4.24896
4.56454
3.71247
4.53597
4.90048
4.95691
2.85642
4.1077
3.77924
4.83396
4.40458
3.86782
4.30652
4.56536
2.99941
3.43988
4.21963
4.56994
4.2974
3.85571
4.94451
2.81093
3.68699
4.27287
4.62923
4.83696
3.90495
2.99036
4.61896
4.32392
3.62097
4.29294
4.64054
4.34827
4.04228
2.91671
4.3347
3.84757
4.59088
3.92595
4.54741
4.29923
2.94487
3.55471
3.81198
4.69117
4.89941
4.18536
4.28879
4.17283
3.85072
4.38376
2.36267
4.2726
4.3695
4.5884
4.96078
4.4833
4.17978
3.66648
4.23599
2.3911
2.83226
4.88388
4.28992
4.8664
2.49633
2.92174
4.29456
4.48099
2.47195
3.82467
3.52534
4.48327
4.15321
3.79616
4.38102
4.88341
4.49522
2.38212
2.69661
2.41428
2.76879
2.54102
2.85279
3.59185
4.36504
4.55585
3.53262
3.83517
2.45459
3.82083
2.51862
3.74342
4.26189
1.63903
4.94812
4.86226
4.46288
4.22247
4.66249
4.17763
3.3086
4.22376
4.58452
4.95437
4.89906
4.13117
4.36609
4.41859
4.76942
4.49338
4.30955
4.97545
2.90532
4.19289
3.05463
4.47505
2.87896
2.55646
4.58148
4.51036
4.32619
1.51986
4.47706
3.97239
4.38093
3.73772
4.32668
3.94447
3.57214
3.7695
2.57593
3.99886
4.45755
1.5497
2.53918
3.882
4.70424
4.32296
3.01418
2.52623
4.6408
4.43642
3.05705
4.41091
2.94562
2.97433
2.58108
2.89348
2.471
2.9162
2.53289
3.77791
3.45318
3.78369
2.51744
3.76497
2.41004
1.46347
4.25481
3.6381
4.51031
4.23027
2.92648
2.90021
4.27388
3.01205
4.2046
4.53939
2.54202
1.60079
3.88121
4.27184
3.87176
4.38652
3.93348
4.25083
4.482
4.24211
4.88702
4.27254
4.49827
4.62903
4.19327
3.76767
3.49836
3.82607
2.4922
1.55728
4.42791
3.98841
2.58935
2.9753
4.62821
2.59044
2.80912
4.421
2.95493
4.24364
4.65657
4.30336
4.97461
4.57486
4.35717
4.56044
4.24354
4.80797
3.39996
4.54539
4.36206
4.91152
4.24658
4.55914
4.93487
2.85636
2.47373
1.54715
2.60835
1.56869
2.55287
3.51131
4.02418
4.40853
2.94626
2.68883
4.59756
3.97532
3.55548
4.31813
4.63589
2.93876
4.37923
4.43573
4.20436
4.61501
4.85226
2.87319
2.4375
4.19424
3.80472
4.29788
3.77163
4.45247
4.33398
4.24062
4.50728
2.39051
3.51844
3.74147
2.49143
4.67127
4.43212
2.95191
2.57498
4.67842
4.26603
4.28574
4.88781
4.31454
3.74646
2.77492
4.80353
4.58579
3.66183
4.23624
4.53133
4.20956
3.74326
3.81617
3.489
2.93883
4.24607
4.54563
3.96112
4.35795
4.60669
4.90488
1.37167
2.35964
1.52039
2.4438
3.75457
3.63165
4.56297
4.24447
2.97012
2.60109
3.73602
3.44927
2.75684
4.29361
4.5131
2.29475
3.06461
4.67448
4.18426
4.52215
4.03123
4.57281
4.35575
4.8983
3.65687
3.5666
3.01788
4.73224
4.39832
4.62952
3.79734
4.23852
4.64826
4.46856
2.93845
4.97567
2.6931
3.83855
4.40842
4.34487
4.64877
4.33021
3.74461
4.2213
4.38436
4.05776
4.8266
4.99174
4.02879
4.99148
2.30049
3.64246
3.47558
4.47325
2.38465
2.72955
4.1606
4.9019
4.26652
3.74246
2.37077
4.3492
4.86528
4.26979
4.05319
2.78276
2.52453
1.52216
2.5272
4.34083
3.0563
3.59946
3.75825
2.55406
4.57753
3.86261
4.2643
4.48607
3.41829
2.88084
4.29244
4.35646
4.90593
4.12152
4.68502
4.46188
3.49322
4.51479
4.58765
4.38365
4.84268
4.86787
4.46501
4.6824
2.60718
3.0831
4.27093
3.97648
4.4496
4.35896
3.88425
4.41088
4.2395
4.66165
2.81489
3.8477
4.97502
4.41399
4.23604
4.5877
4.24953
3.67296
4.26104
1.49744
2.44795
3.00291
3.59631
1.57004
2.37823
2.92501
4.23564
4.60612
4.40608
3.87441
3.01545
2.53745
2.85062
4.19692
4.99483
4.60172
3.71481
1.47991
2.48417
3.84096
4.5342
4.37933
3.51233
2.99309
2.56698
2.95609
4.26406
3.77785
3.62555
4.57898
2.35806
2.92571
3.8511
4.71901
4.87462
4.32686
3.91978
4.53832
4.99138
4.18497
4.61078
4.37617
2.54049
2.90687
4.96829
3.81404
4.36417
4.2761
4.61721
4.39673
4.38482
3.86559
4.34697
1.47619
4.34421
2.99672
2.37086
1.55193
3.65584
3.06855
2.57067
2.98902
4.34671
4.51319
3.81201
4.58592
4.35467
3.81805
4.35254
2.94054
4.90522
2.4524
4.15639
4.8616
4.2203
4.69154
4.12425
4.49667
4.58562
3.48725
4.44958
4.99801
4.25704
3.0496
4.45911
4.5107
4.70248
4.57116
3.63127
4.58855
4.39349
1.49286
2.54246
2.88128
2.51986
2.95558
3.49675
1.4641
2.4095
4.21581
4.433
4.98303
4.78186
4.53713
4.37163
4.24001
4.1352
4.02297
3.60854
3.81947
4.28961
4.87902
4.5781
4.30587
2.36819
4.29098
2.74466
2.51774
4.5496
3.52108
3.86728
4.38294
4.89792
4.24604
4.45335
4.16655
3.73344
2.35609
4.85147
2.77627
4.40726
4.00445
4.95713
4.30734
4.45839
4.60041
3.88834
3.76308
4.42727
4.71279
3.09037
3.59983
2.99897
4.37306
4.00664
4.5807
1.47882
4.31844
2.91655
2.65208
2.96682
2.45084
1.69194
3.493
4.54068
4.46079
4.62465
4.55333
4.55869
3.55938
4.6433
3.92955
4.29359
3.82706
4.94586
4.24158
4.69383
3.75794
4.58679
4.27243
2.94144
3.59642
3.04943
4.47942
3.73607
4.6003
4.93238
3.90673
4.44883
4.5674
4.30948
2.27528
4.9856
4.281
4.11368
4.47209
4.77269
4.33184
4.23482
4.20457
3.66834
4.186
2.4667
2.81351
4.35461
4.60738
2.50209
3.71585
3.43336
4.38585
4.28749
3.81913
4.30204
2.52376
2.91729
4.95041
4.29353
4.85601
4.4691
2.45811
2.96155
2.49416
2.80393
2.52875
2.80501
3.42446
4.95652
4.19348
4.71617
4.9281
4.46883
4.38991
4.49274
4.38855
4.93721
4.25791
4.57681
3.61883
4.09613
4.41266
4.88956
4.54156
4.38297
4.252
4.49753
1.48222
4.25241
3.93378
4.35566
3.78973
4.34806
3.74437
4.93423
2.93919
4.25978
2.90908
4.30465
2.89211
2.42222
4.57038
4.58
4.27793
2.96117
2.50393
4.65709
4.43125
2.99782
4.24604
2.90285
3.39946
3.73689
2.46186
3.82618
4.25121
1.59366
2.51574
3.79711
4.42334
4.16371
2.93777
2.42541
2.82971
2.44333
2.7854
2.49307
3.86804
3.4511
3.77671
2.51963
3.84844
2.45027
1.53384
4.17761
4.67017
4.25421
2.76709
4.99812
3.07356
4.34631
2.94165
4.39346
4.60872
2.45114
1.5147
3.8203
4.33779
3.81696
4.40999
3.76288
4.37166
4.24393
4.64055
4.66591
4.38797
4.93544
4.48618
4.34227
3.89908
3.58133
3.82107
2.6365
1.44666
4.43842
3.90384
2.44627
2.8606
4.55047
2.41905
2.85046
4.31902
2.9515
4.3565
4.89761
4.57046
4.24834
4.62858
4.2309
4.96869
4.96577
3.50271
4.61054
4.18384
4.32101
4.44519
3.05776
2.62764
1.48042
2.53267
1.63122
2.60689
3.47714
3.96668
4.44515
2.78816
2.55367
4.58194
4.25134
4.27374
4.2595
4.40197
4.19107
4.53857
4.93505
2.77835
2.48356
4.27585
3.87496
4.28247
3.75901
4.26865
4.36263
4.85559
4.17164
3.75818
2.50243
3.48436
3.89603
2.35264
4.63504
4.23274
2.93655
2.43907
4.86507
4.46969
4.19606
4.33066
3.74007
3.01418
4.88415
4.61259
3.82489
4.22551
4.73749
4.35511
4.66342
4.95853
3.92558
3.58547
3.00413
4.44456
4.60232
3.9113
4.32856
1.46855
2.48801
1.5279
2.4918
3.85061
3.47809
4.53666
4.1756
2.84683
4.52111
4.33386
2.86837
4.68393
4.95144
3.85907
4.26166
3.77199
4.98663
3.90006
4.46966
4.05815
3.73018
2.79211
4.68017
4.31972
4.54629
4.84391
4.25273
3.86093
4.30697
4.29355
4.57043
4.13247
2.845
4.88689
2.36157
3.75346
4.262
4.17385
4.40524
4.30043
4.38997
4.99085
2.55237
4.598
4.46656
4.3284
2.39975
3.92531
3.547
4.52766
2.44054
2.99841
4.25127
4.85905
4.23896
3.66416
2.84125
2.42919
1.51588
2.52487
4.25171
2.89855
3.52813
3.66787
2.39412
4.53544
4.18131
4.97387
4.23833
4.92729
4.45886
4.52594
4.70062
3.32045
4.47275
4.56237
4.27495
4.79896
4.33587
4.5468
4.33133
4.4567
2.46234
4.96955
2.82314
4.26623
3.80975
4.14658
4.26974
3.71313
4.17611
3.83982
3.03437
3.88229
4.62422
4.31448
4.73857
4.39585
3.02181
4.32393
4.67134
3.866
4.20783
1.45568
2.625
3.0085
3.50589
1.47523
2.60164
2.90197
4.44598
4.62281
4.36177
3.77607
4.88275
2.87695
2.37421
1.47071
2.44317
3.82642
4.48996
4.31042
3.40458
2.88947
4.52563
4.27951
2.86535
3.9598
4.57198
4.21081
3.75372
4.35657
4.30868
3.8657
4.28821
4.60087
4.43064
2.50081
3.1149
3.93521
4.45777
4.36608
4.77046
4.53186
4.35731
3.85812
4.22445
2.82863
2.56349
1.70753
4.40495
3.07588
2.61294
1.43261
3.7456
2.97365
2.57356
2.91586
4.2168
4.47415
3.92987
4.84544
4.11794
4.30079
4.92474
4.20801
4.9519
4.74934
4.2136
4.51108
4.67594
3.42661
4.53127
4.90588
2.8733
4.30574
4.71889
4.51506
4.39011
3.42029
4.63668
4.30363
4.23723
4.26798
3.78629
2.40113
4.32889
4.24718
4.97436
4.41279
4.15167
4.63838
4.40761
3.81078
4.50584
4.334
4.54146
4.3625
3.79627
2.50258
3.04245
2.6897
4.39673
3.00967
2.29677
4.71844
3.54289
3.8012
4.24062
4.95323
4.32491
4.59387
4.22755
3.69928
4.88767
3.79194
4.64124
4.95077
2.87296
4.33144
3.97037
4.92239
4.56646
3.73447
4.36062
4.56557
2.90554
3.55739
4.80331
1.54764
4.29668
2.87788
2.5537
2.97523
2.35927
1.51972
3.50721
4.48554
4.94123
3.84015
4.2867
3.91136
4.34066
4.59059
3.95056
4.61113
4.46313
2.79305
3.58383
2.92892
4.25047
3.72422
4.64072
4.98396
3.83079
4.2547
4.95475
4.54334
4.21545
4.19142
2.47675
4.24103
4.25542
4.43763
4.90034
4.31762
4.39118
4.38623
3.81347
4.35803
4.90549
2.46151
2.88721
4.36186
4.47387
2.37963
3.87057
3.3942
4.62
4.40348
3.83849
4.24881
2.46374
2.80521
4.91206
4.61674
2.50967
2.99166
2.56922
2.83452
2.51174
3.01485
4.42951
4.37011
4.61099
4.35244
4.99413
4.22812
4.99799
4.68594
3.59158
4.22847
4.56351
4.53669
4.30663
4.79586
4.25588
4.46568
4.49269
4.30952
1.43523
4.1511
3.74133
4.20919
3.77347
4.17938
3.70631
4.84869
2.93101
4.43789
2.95031
4.25999
2.95362
2.43046
4.57262
4.84566
4.51312
4.34741
4.76967
2.89853
2.39528
4.61825
4.17109
2.83483
4.3407
2.74649
3.51194
3.93095
2.46813
3.76798
4.20344
1.48023
2.41674
3.75278
2.94824
2.42666
2.9056
2.57839
2.89018
2.34896
1.61116
3.90622
4.25395
4.10336
4.24723
3.75242
4.40863
4.7648
4.18146
2.86136
4.8992
2.82647
4.13517
2.65822
4.29565
4.29744
2.36917
4.49589
4.39074
4.39904
4.61698
2.93141
4.99559
4.68041
2.54402
3.11878
4.39124
3.03977
4.47125
4.9066
4.48531
4.21184
3.77605
3.50956
3.79751
2.44141
1.50151
4.19743
3.74642
2.51771
4.44745
4.44708
4.8927
4.52985
4.16263
4.97912
4.88075
4.42482
4.6156
4.95868
3.55642
4.57728
4.40631
2.91681
2.53143
1.44584
2.4532
1.51649
4.38264
4.24634
4.8834
4.37532
3.91311
4.33825
4.30983
4.19785
4.61316
4.25317
4.61899
4.94184
2.89245
2.48476
4.34865
3.82835
2.48976
4.49518
4.38868
4.37917
4.85111
4.18579
3.81599
2.44689
3.41117
3.75739
2.35251
4.4679
4.28803
2.85186
4.92194
4.58846
4.35211
3.74733
2.94554
4.64753
3.85013
4.27195
3.84729
4.33746
4.54523
4.90292
3.91812
3.50925
2.9876
4.26304
4.506
1.51221
2.47907
1.53968
2.39937
3.88718
4.61861
4.31905
2.97731
4.53494
4.91227
3.7478
4.28627
4.52035
4.95999
3.7782
4.32635
3.83972
3.48293
2.81536
4.59435
4.30633
4.39173
4.49764
4.26717
3.88791
4.29838
4.27711
4.48015
4.29454
2.86437
4.88241
2.3375
3.71755
4.34661
4.33192
4.28578
4.94955
4.9635
4.30783
3.86888
2.53488
4.63431
4.21785
4.20713
2.51992
3.83929
3.45299
4.4943
2.56493
2.86419
4.22433
2.89903
2.48899
1.56561
4.3451
4.34864
4.85416
4.24553
4.90316
4.33611
4.51936
4.53658
3.40808
4.61806
4.53455
4.36925
4.25892
3.92334
4.19127
4.36403
4.51409
4.22495
4.53466
2.39215
2.75215
4.1906
3.86015
4.59876
4.35145
3.85267
2.90798
4.00387
4.59128
4.3675
4.23918
4.36646
4.30533
3.82517
4.91781
2.89961
2.50713
2.96347
4.36742
4.93093
4.49939
3.73438
4.3675
1.55389
2.50616
2.8673
3.47039
1.66857
2.50727
2.8309
1.47326
2.36119
4.04104
4.72182
4.25165
2.92681
3.89678
4.51565
4.39492
4.46939
4.65916
4.38838
4.22735
3.74206
4.33507
4.49058
4.49484
2.59131
2.96092
3.95234
4.3394
3.02844
4.40843
4.77466
4.03895
4.52502
4.39968
3.76387
4.35487
2.82667
2.51759
1.48794
4.4818
2.96771
2.5379
1.54386
3.57983
3.03025
2.62527
4.81124
4.12427
4.23501
4.91427
4.95653
4.19906
4.7381
4.56613
4.35066
4.46113
4.73762
3.46865
4.38478
2.81453
4.41967
4.1832
4.48213
4.34092
3.80586
2.5103
4.30277
4.2449
4.87572
4.60018
4.56162
4.38074
3.93403
4.35846
4.32178
4.41151
4.65461
4.32777
3.98827
2.41418
2.96622
2.49993
4.30438
2.88818
2.40494
4.5931
3.59585
3.88078
4.27942
4.48359
4.23962
3.6843
4.83492
3.79551
4.54232
4.94139
4.99413
2.86549
4.27436
3.68418
4.99352
4.40204
3.87813
4.27469
4.46204
2.91232
3.37212
3.71517
4.41605
4.95054
4.8788
4.70934
4.25519
4.53799
4.23009
3.78376
4.91956
2.73262
4.06501
3.77214
4.49102
4.92308
4.84859
3.72223
4.34241
4.09771
2.62898
3.28744
4.6479
4.46051
3.81526
4.15568
4.38076
4.52847
4.42343
4.02957
4.33799
2.63254
4.57067
4.40643
4.69345
4.68182
4.20963
3.99113
4.46521
2.62442
3.03843
4.33754
4.93925
2.59117
3.05715
4.35916
4.68751
2.69609
3.90545
3.58763
4.57535
2.44951
2.82072
2.67156
2.77827
2.37433
2.89995
3.58907
4.28663
4.61558
3.63842
3.77133
2.51597
3.7432
2.31713
3.88821
4.16008
1.41171
3.45427
4.30722
4.56665
4.97103
4.95662
4.20777
4.55775
3.49892
3.71987
4.31676
1.58603
2.59013
3.85592
2.58429
3.89985
4.98332
4.52439
4.26934
2.91497
4.33082
3.0521
2.64037
4.51607
4.30975
2.98019
3.35274
4.1316
4.65405
4.88673
4.18582
4.46268
4.98644
4.47185
4.15643
4.6131
4.34916
2.98649
2.54832
2.82154
2.57967
2.99184
2.52458
3.91296
3.43063
3.74374
2.29848
3.72809
2.42995
1.49755
4.30097
3.55504
4.65298
4.36833
3.85055
3.63224
1.52468
4.26033
3.79653
2.37733
3.8445
2.43384
2.84513
4.8589
2.82274
4.26335
4.48313
2.41362
2.87043
4.17222
4.89834
4.61612
4.37485
3.50786
4.48153
4.53827
4.99937
4.99077
4.31496
4.74504
3.87761
3.56581
3.85572
2.5522
1.58047
4.25504
3.88419
2.49007
2.92214
4.93597
4.51539
2.56484
2.80857
4.3314
2.9547
4.32131
4.98939
4.58879
4.34103
2.93586
2.97128
4.24712
2.87135
4.34817
4.54682
2.53967
1.48813
3.89377
4.24466
3.75127
4.23514
3.8514
4.32333
4.49661
4.29576
4.32151
4.56313
4.58283
4.26229
2.89776
2.52172
1.43485
2.45282
1.4243
2.51943
3.36299
3.62916
4.18201
2.86615
2.40488
4.41246
3.89075
3.63045
4.18653
4.66755
2.87071
4.29275
4.39718
3.56951
4.5521
4.51221
4.6229
4.27177
4.90657
4.98469
4.3174
1.4248
3.52843
1.66012
2.52353
3.01533
2.61903
2.98583
4.2643
4.51762
4.98951
2.77347
4.27753
3.82782
2.49296
3.01105
4.75199
4.4941
3.9276
2.49899
3.54439
3.77725
2.44667
4.60615
4.30678
2.89217
2.4387
4.87256
4.70689
4.18285
4.36319
4.32197
3.86512
4.3994
4.32909
4.40769
4.64562
2.91753
2.41655
4.36133
3.87339
4.30301
3.66836
4.31497
4.22752
4.45503
4.65462
1.50386
2.49976
1.59082
2.49811
3.85002
3.34636
4.49573
4.25629
2.97076
2.48851
3.935
3.4645
2.88976
4.37867
4.49065
2.51076
1.51178
4.55364
1.61418
3.56626
2.94736
2.45859
3.01842
2.61016
2.9214
4.56771
4.98104
4.34306
3.91793
4.50858
4.32035
2.93365
4.96643
3.86897
4.31591
2.58366
4.65207
4.19627
4.60206
3.64715
4.61474
4.6243
4.94074
4.32463
3.74205
3.55307
2.83242
4.62584
4.29358
4.52111
4.94242
3.78924
4.27719
3.01943
4.63801
4.99939
3.89443
4.46383
3.89476
4.6134
4.33449
4.91505
2.91263
2.60614
1.54562
2.49433
4.96674
4.13875
2.5588
3.29971
3.68204
2.43496
4.38931
3.88178
4.5899
4.65965
3.67193
3.11291
2.52096
2.40847
4.50579
3.48451
3.65635
4.31987
2.85596
2.30047
4.08385
4.73956
4.38422
4.22545
4.3739
3.94678
3.75008
3.22241
3.73041
4.58369
4.75441
3.82058
4.88269
4.39512
4.75794
4.3118
4.50171
4.5228
3.38597
4.64463
4.46593
4.1889
4.70007
4.34728
4.84993
4.19091
4.93455
1.50421
2.34879
3.79645
4.34372
4.07139
3.3984
2.78592
2.62818
3.01509
4.29197
3.71089
3.61597
4.57303
2.43124
3.84501
3.0118
3.56439
4.69953
4.37432
4.52491
4.99143
3.91228
4.40526
2.3026
4.47529
2.51137
3.76804
3.45552
2.87347
4.25426
4.08799
4.85804
3.74334
2.50656
4.43829
4.67218
4.93772
4.32043
1.50128
4.43591
2.91562
2.49982
1.48592
3.58663
2.99962
2.48028
2.82853
4.44726
4.44226
4.96538
3.8932
4.78069
4.4841
3.93261
4.29958
2.99807
2.56275
3.10373
4.01643
4.69636
4.49816
3.87491
4.61641
4.40721
4.56019
4.32247
2.42116
2.72022
3.87968
4.26659
4.09872
4.43958
4.31072
4.40985
3.9075
4.3243
2.89527
4.35412
4.63555
4.39959
4.48684
3.49775
4.62893
4.36476
1.57135
2.54212
2.882
2.40818
2.9447
3.44901
1.506
2.55465
2.60664
4.65745
4.36657
2.9586
3.66088
3.96988
4.35046
4.27575
4.58146
2.53446
4.38632
3.84653
4.96609
3.02848
3.67723
2.99212
4.32253
4.48948
3.46848
4.93694
2.85092
3.91057
4.37355
4.8862
4.56695
2.29964
4.21561
2.8543
2.34393
4.51378
3.50194
3.77969
4.22428
4.98075
4.44572
4.6713
4.30038
3.75714
2.41317
2.8171
2.61464
4.36142
4.40846
4.72008
4.34164
4.41319
4.30417
4.33266
3.84857
3.68996
4.09242
4.95596
4.56027
4.26657
1.59719
4.23954
2.7978
2.35592
2.86979
2.42213
1.54466
3.43453
4.45322
4.30922
4.64699
4.51017
4.58011
3.48951
3.86692
2.97724
4.69352
4.21904
3.63572
2.97007
3.81406
4.32849
4.69618
4.99299
2.31968
4.52271
2.60438
2.97313
4.34265
3.91859
3.59124
4.56594
4.24455
2.44344
3.81033
4.28982
2.95084
4.82189
4.31844
3.73528
4.49207
4.23478
2.81641
3.39489
2.78088
4.41087
3.67709
4.56395
4.90477
4.90888
4.60997
3.85671
4.19832
3.68962
4.93322
4.10633
4.53246
4.5031
2.4673
2.83091
2.39674
2.96747
2.57768
2.76057
3.31718
4.22259
4.59969
4.99841
4.37598
4.66086
3.51755
4.26999
4.47754
4.97282
2.92495
4.36357
3.07344
2.59751
4.76532
4.53979
3.08525
3.59406
3.80453
4.31771
1.61439
2.38901
3.93933
2.62378
3.6817
4.81557
4.34582
4.2152
4.32918
4.56253
3.50482
4.20573
4.47378
4.88904
4.50219
4.34559
4.49379
4.33669
2.86044
2.5369
2.8229
2.42618
2.85704
2.55627
3.83517
3.56037
3.86696
2.60309
3.92041
2.45771
1.70675
4.42489
4.51538
4.23981
3.76417
3.55076
1.49026
4.42021
3.76169
2.50299
3.91273
2.41513
2.91713
4.9623
2.97816
4.25925
4.61671
2.59983
2.89904
4.31773
4.87875
3.49079
4.58954
4.2911
4.94098
4.31376
4.49569
4.9551
4.5716
4.18958
3.73482
3.55909
3.77111
2.48068
1.46845
4.29488
3.81823
2.42145
2.96123
4.58366
2.57455
2.89364
4.36017
2.93888
4.23364
4.64551
4.29677
2.9199
4.94174
2.95049
4.32536
2.91303
4.26853
4.60406
2.52053
1.57378
3.82072
4.19002
3.82902
4.28873
3.82535
4.29129
4.91269
4.28124
4.55953
4.58454
4.25348
2.88191
2.46814
1.47715
2.36072
1.48692
2.53997
3.55616
3.94644
4.3856
2.96404
2.59432
4.71596
4.97816
4.90033
4.26541
4.57408
3.46709
4.54994
4.53581
4.56797
4.40674
4.99208
2.77954
4.9054
4.55106
4.28009
3.8929
4.36226
1.54262
3.51816
1.52778
2.73018
2.93455
2.58874
2.89217
4.34328
4.6031
2.96511
4.42749
3.91086
2.53246
4.83877
4.19782
3.6168
2.29408
3.36035
3.85253
2.34116
4.44749
4.23087
2.80601
2.43193
4.96416
4.57495
4.30235
4.24742
4.24987
4.95996
4.28313
4.20021
4.50149
4.20565
4.4355
4.95904
2.76494
2.46063
4.17129
3.82847
4.30705
3.80665
4.23461
4.24189
1.5586
2.39217
1.49769
2.63339
3.88793
3.73371
4.79379
4.3737
3.0638
4.42718
4.44418
2.74935
4.90393
3.86209
4.03921
2.42895
1.46547
4.38579
1.61208
3.63019
2.96761
2.50749
3.03754
2.64155
3.13074
4.66691
4.98154
4.52203
3.96133
4.0963
4.9592
4.52112
4.31236
4.68056
3.53719
4.60173
4.62304
4.97707
4.83671
3.6459
4.09887
3.65313
3.55642
2.79554
4.50816
4.27996
4.6051
4.42555
4.27305
2.88017
4.63759
4.97394
3.85231
4.41483
3.94675
4.83288
2.84208
2.5029
1.5663
2.47408
4.24102
2.94164
3.58862
3.7761
2.37353
4.62427
4.23232
3.82133
2.45589
2.42642
4.61957
3.42388
3.78714
4.41198
2.95956
2.58013
4.2033
4.94495
4.60262
4.27423
4.42532
4.98974
3.76971
3.00046
3.52858
4.39238
4.43
3.73156
4.92624
4.20949
4.86452
4.14387
4.5886
4.56761
3.32933
4.66728
4.42512
4.25227
4.81352
4.26682
4.89176
4.2865
4.92254
1.36791
2.47953
3.82998
4.59785
4.39306
3.53675
3.07099
3.7822
4.80558
4.25838
3.76939
2.84495
3.47925
4.58871
4.23348
4.59718
2.45439
4.40428
4.6246
4.44763
2.56165
4.63789
2.49808
4.03889
3.59695
3.11596
4.28884
4.32709
3.87598
4.53042
4.27702
3.78601
4.21027
2.88605
4.84347
2.35427
1.45288
4.28656
2.84724
2.56279
1.40475
3.48641
2.90764
2.48881
2.9098
4.3737
4.58251
3.82716
4.60507
4.29863
2.87508
3.86597
4.50333
4.89071
4.29544
3.7898
4.40267
4.24263
3.81326
4.36218
4.55331
4.26564
2.44847
3.01815
4.89063
3.8152
4.38734
4.31631
4.54811
2.92939
4.27735
4.54135
4.6766
4.51256
3.61267
4.54663
4.37694
4.79263
2.54461
4.46847
3.73084
3.04154
2.60423
2.51003
4.71202
4.36795
2.95651
3.67373
3.87949
4.42688
2.73543
3.95285
4.3702
4.64779
3.76342
2.89914
4.38888
4.51704
3.59282
4.89146
4.1851
4.48782
4.1416
3.73509
2.37075
4.98759
4.8433
2.69278
2.27594
4.09453
2.94695
2.28245
4.42581
3.42013
3.7214
4.19223
4.89035
4.28403
4.30065
4.28927
3.8642
2.47913
4.31986
4.29737
4.98879
4.59009
4.27849
4.39293
4.13459
3.60451
4.24472
4.78385
1.45718
4.3818
2.85715
2.66281
3.01256
2.50771
1.57165
3.62033
3.88569
3.01728
4.60555
4.42328
3.6917
3.1334
3.90414
4.49338
4.68679
4.1398
4.91351
2.35175
4.35011
2.43068
2.87033
4.20846
3.81841
3.24544
4.36341
4.21944
2.34566
3.75592
4.163
2.71536
4.93736
4.82653
3.67093
4.44636
4.41545
2.85554
3.41161
2.86846
4.35493
3.79046
4.57167
4.88226
4.64949
3.95528
4.16922
3.69627
4.838
4.20391
4.37725
4.62086
2.45898
2.98209
2.52512
2.97828
2.38166
3.0253
4.92797
4.30533
4.65731
3.64069
4.30382
4.5954
4.94739
4.64829
4.31344
4.93191
2.85245
4.13637
2.9222
2.42836
4.54714
4.30075
2.72041
3.37645
3.81642
4.22904
1.41806
2.45495
3.73351
2.36418
3.8579
4.88058
4.83257
4.23237
4.46685
3.52293
4.24999
4.58662
4.61959
4.21914
4.82275
4.53928
4.21917
3.04619
2.39222
2.85097
2.53576
2.89207
2.54354
2.86484
2.93219
4.23602
4.43717
2.49295
2.90522
4.31354
4.96655
4.52892
4.17896
3.65833
3.38254
1.48394
4.17269
3.75163
2.37929
3.6834
2.4038
4.92959
4.46517
4.60365
3.56281
4.48617
4.42555
2.88432
4.57405
2.48113
2.84099
4.33694
3.01898
4.34972
4.65713
4.3251
4.05478
3.70401
3.96174
2.46147
1.51374
4.47442
3.95889
2.49008
1.60397
3.84174
4.23642
3.86848
4.43251
3.84736
4.40891
4.56044
4.28092
2.98736
2.96806
4.16583
2.8356
4.21725
4.58257
2.45316
4.5147
4.29796
4.39697
4.61968
2.92709
2.36955
1.61838
2.42911
1.57405
4.40112
4.97112
4.32216
4.56747
3.56113
4.60639
4.63438
4.65937
4.24891
4.56212
4.97615
2.99049
4.38769
3.767
2.42969
2.86058
4.77513
4.52921
4.34284
3.66806
4.17693
1.49417
3.46162
1.55748
2.53371
2.79303
2.34424
2.93111
2.42438
4.98491
4.53291
4.29105
4.3345
4.98167
4.33523
3.76699
2.58043
3.53617
3.81124
2.50167
4.61311
4.35015
2.90761
4.48962
4.39044
4.9282
4.2589
3.80399
4.18915
4.36965
4.23613
4.47924
4.16214
4.5489
4.91522
2.92403
2.41999
4.33963
3.83258
1.5631
2.51211
1.44327
2.52228
2.88342
4.55436
4.9649
4.28754
3.85786
4.57721
4.41329
3.00435
3.75208
4.40834
2.57144
1.5107
4.25639
1.42417
3.4276
2.89981
2.57092
2.93438
2.42126
4.33852
4.68058
4.23456
4.52756
3.52389
4.56155
4.50047
4.38135
4.86516
3.89414
4.29496
3.97673
3.52686
2.78165
4.64959
4.17627
3.84552
4.6302
4.38642
3.07394
4.58208
4.86744
3.82321
4.24198
4.96667
2.89676
2.3299
1.44071
2.57174
4.35886
4.57778
4.45506
4.41685
4.99592
4.03
2.64809
2.48086
4.62395
3.67363
3.95315
4.42222
3.0341
3.75196
4.90295
4.14601
4.49546
4.94532
4.99895
3.64155
2.81737
3.38349
4.98809
4.12097
4.41767
4.01365
4.75211
4.98581
4.35029
4.5805
4.51245
3.3405
4.56617
4.36971
4.36325
4.45326
4.78778
1.57275
2.59378
4.63627
3.78107
4.95941
4.23688
3.80772
2.9161
3.48798
4.46943
4.31321
4.44094
4.93604
3.81646
2.49471
4.32984
4.75161
4.25798
2.48461
4.65304
2.61905
3.9923
3.54701
2.89654
4.44646
2.83107
4.17308
4.47656
4.96066
3.77155
4.51448
4.33133
3.81055
4.29948
2.91694
4.95262
2.36534
1.6423
4.39658
2.88784
2.37169
1.4468
3.49514
2.86701
2.37779
3.89439
4.53515
4.22525
2.87698
3.66027
4.47256
4.85084
4.22926
4.24034
4.62941
4.26039
4.36106
3.83134
4.26361
4.54963
4.23728
2.45663
2.84777
4.8804
3.82977
4.31339
2.86811
4.21905
4.9933
4.26804
4.6715
2.55733
4.17261
3.97436
2.89867
2.37938
2.41287
4.43554
4.22213
3.01705
3.49732
3.72917
4.85622
2.98006
3.89518
4.35853
4.42333
3.75549
2.8339
4.22481
4.54843
3.43031
4.17084
4.38464
4.82857
4.45877
4.06933
2.65823
3.02382
2.69022
4.40679
3.04578
2.45233
4.75445
3.71214
3.78172
4.37357
4.4978
4.53487
4.42162
3.99628
2.68424
4.36233
4.31814
4.57273
4.72968
4.40752
3.8918
4.23211
2.98659
3.92803
4.33589
4.71268
3.9063
2.96106
4.66653
4.39591
3.63083
4.42785
4.14312
2.4875
3.81954
4.1966
2.8466
4.93001
4.33378
4.88637
2.41316
4.4997
2.5754
2.95473
4.20089
3.76645
3.47937
2.7228
4.21996
3.68779
4.54232
4.90924
4.95669
3.99037
4.56756
4.2834
2.86387
3.43234
3.95775
4.72231
4.99116
4.16815
4.3348
4.32297
3.78773
4.93623
4.77097
2.51601
2.97117
2.49898
2.87824
2.57015
3.03376
3.54213
4.36456
4.64149
3.47665
3.85695
2.47905
3.82531
2.53193
3.87464
4.33629
1.6235
3.59099
4.34056
4.69431
4.89267
4.30839
4.53069
4.85394
4.58512
4.19424
4.38305
4.2291
3.57468
4.32896
4.48765
4.36405
4.56489
3.0625
2.54662
2.97811
2.60517
2.99464
2.57373
3.98424
3.45547
3.9751
2.5143
4.00341
2.58631
1.51417
4.32758
3.55163
4.63914
4.49294
3.93498
3.40432
1.4606
4.07233
3.67138
2.44094
3.74593
2.30647
2.79372
4.80319
2.95224
4.01044
4.55543
2.29533
2.60754
4.24626
4.88456
4.62551
4.28908
4.5582
4.72736
4.38725
4.38849
3.88733
3.55843
3.81265
2.46129
1.49935
4.32873
3.84725
2.52593
3.04074
4.92627
4.67596
2.40613
2.94615
4.26192
2.9661
4.44311
4.91173
4.63237
4.3659
2.94737
4.86202
2.81864
4.17874
2.83235
4.14474
4.37378
2.30068
1.48511
3.70068
4.02
3.6555
4.22209
3.58071
4.2699
4.52776
4.26165
2.87235
2.42327
1.38877
2.50672
1.50157
2.43832
3.47064
3.76268
4.27039
2.87337
2.44922
4.4851
3.78249
3.57048
4.33862
4.5205
2.99823
4.33816
4.52443
3.44251
4.79558
4.55004
4.36829
4.10591
4.98504
4.96332
4.3007
4.62733
4.97716
3.00139
2.46283
4.38279
3.83238
4.29383
3.91038
4.21259
4.34481
4.30628
4.57697
2.52007
3.5271
3.78486
2.445
4.64155
4.32029
2.99201
2.49153
4.52994
4.26251
4.36755
4.30786
3.82896
4.33514
4.96959
4.37092
1.39633
2.43045
1.47337
2.48743
3.85077
3.43697
4.67096
4.28558
2.86109
2.50832
3.86428
3.59093
2.98363
4.27223
4.56568
2.54734
1.60777
4.32257
1.50749
3.32804
2.81916
2.52237
2.93427
2.36832
2.80165
4.65547
4.85595
4.30518
3.65821
4.64374
4.32202
2.91881
3.90825
4.23749
2.43982
3.77808
3.46394
2.83049
4.57135
4.30997
4.55652
4.94039
4.93724
3.8723
4.26603
2.98107
4.57424
4.98041
3.83179
4.28506
3.9315
4.67498
4.37867
2.72127
2.34732
1.6034
2.61881
4.39112
2.88292
3.69056
3.84174
2.52036
4.67154
3.70951
4.23492
4.49488
3.47998
2.90455
2.42528
2.36744
4.29603
3.34271
3.77994
4.23548
2.74184
2.40162
4.40691
4.92053
4.56605
4.09798
4.16361
4.91958
3.65123
4.88025
4.19947
4.53174
4.42296
3.35065
4.57381
4.54701
4.31265
4.97107
4.88279
4.25491
4.9024
4.37685
1.57457
2.34556
3.67648
4.43977
4.18139
3.41416
2.75531
2.52773
3.01051
4.37057
3.86899
3.51787
4.57214
2.53656
3.88433
2.87379
3.54055
4.55626
4.12057
4.32732
4.88897
4.99354
3.91498
4.29296
4.5084
4.36826
2.61622
2.82848
4.91425
3.95342
4.26306
4.30284
4.55175
4.45192
4.34257
3.84941
4.30561
1.57846
4.48454
2.90582
2.54622
1.57182
3.68366
3.06027
2.56991
2.84441
4.28974
4.51099
4.94499
3.92293
4.73995
4.46306
4.05489
4.37323
3.03142
4.94374
2.60118
3.04333
3.93136
4.67019
4.98704
4.31528
3.91491
4.70228
4.47333
2.93877
4.32561
4.62315
4.49118
4.559
3.44536
4.54594
4.21775
1.48722
2.58047
2.94139
2.53098
2.89425
3.48776
1.59522
2.51586
2.43946
4.33562
4.16887
2.84685
3.4188
3.66821
4.14254
4.75847
4.35281
4.5309
2.45808
4.31115
3.74916
4.9748
2.8148
3.93778
4.2713
4.59115
4.29425
2.49363
4.2316
2.85648
2.47506
4.64302
3.54904
3.88851
4.31598
4.44627
4.5826
4.48699
3.78076
2.53712
2.91091
2.49777
4.31613
4.28465
4.93811
4.51687
4.38116
4.2248
4.30888
4.37244
3.88699
1.55977
4.16862
2.87085
2.37727
2.90097
2.38859
1.4891
3.44453
4.55364
4.29205
4.64738
4.67606
4.51025
3.6633
3.90465
2.82698
4.4094
4.31482
3.31534
2.72972
3.79793
4.20662
4.31572
4.91022
4.92719
4.36827
3.79563
4.92383
4.30467
4.44313
3.82135
4.50033
4.22566
2.7755
3.48887
2.87807
4.18443
3.71561
4.55537
4.97595
4.94426
4.6017
4.87021
3.84879
4.50983
2.44842
2.90505
2.44163
2.8725
2.59783
2.91606
3.52761
4.28445
4.67072
4.2768
4.45111
3.43804
4.32784
4.64621
4.92973
4.57257
4.23086
4.87894
4.5968
4.15793
4.95776
4.21358
4.57986
3.5099
4.24001
4.63627
4.96166
2.9331
2.5653
2.94134
2.44529
2.88122
2.38966
3.79587
3.54996
3.91936
2.5538
3.90587
2.5918
1.59048
4.3057
4.50714
4.23942
3.77737
3.49875
1.46239
4.19762
3.98029
2.463
3.77176
2.57385
2.978
4.97175
2.94876
4.27379
4.60005
2.53871
2.97771
4.3552
4.99259
4.2028
4.55372
4.45166
4.40924
4.434
4.19172
3.79848
3.4456
3.80065
2.41859
1.46924
4.2153
3.81541
2.53211
2.97906
4.96947
4.70626
2.42264
2.97003
4.24327
2.90039
4.28189
4.524
4.28149
2.89226
4.90986
2.82471
4.30378
2.84727
4.2678
4.54428
2.51827
1.49734
3.84035
4.31665
3.79964
4.15921
3.85821
4.35568
3.0439
2.46106
1.53756
2.61445
1.48166
2.50494
3.50653
3.7514
4.31925
3.01448
2.49671
4.52104
4.9615
4.2672
4.53908
3.56538
4.59572
4.59618
4.69282
4.37995
4.93707
4.28921
4.4555
4.20643
4.56764
4.8864
2.90706
2.37925
4.2847
3.76448
4.31916
3.88446
4.21599
4.30329
4.98203
4.23712
3.82426
2.49436
3.54283
3.83067
2.46539
4.49766
4.35073
2.96165
2.51339
4.96146
4.4272
4.27944
4.27009
4.4006
4.88519
4.28936
1.69125
2.55105
1.59341
2.58
3.90201
3.52114
4.61054
4.50708
3.08822
4.51724
4.30254
2.82287
4.76667
3.62578
4.35975
2.3242
1.35447
4.29923
1.64228
3.3848
2.88944
2.55923
2.75668
2.53676
2.90834
4.5541
4.84914
4.35384
3.87461
4.95567
3.71545
4.31348
3.90147
3.54343
2.99247
4.67688
4.49572
4.73599
4.98482
4.60263
4.31712
3.03602
4.58492
4.91167
3.82465
4.43478
3.86296
2.91296
2.67509
1.51212
2.3553
4.13785
2.7383
3.37939
3.84246
2.49698
4.37136
4.39656
3.90406
2.61888
2.58836
4.66278
3.61275
4.00503
4.35418
3.07057
2.49999
4.16752
4.8673
4.54236
4.3906
4.83816
4.9323
4.32714
4.60476
4.59049
3.5007
4.61267
4.60728
4.31311
4.9085
4.49149
4.24384
1.53991
2.3814
3.82214
4.59687
4.23188
3.61687
2.91496
3.7837
4.18009
3.70942
2.9371
3.46758
4.42381
4.35399
4.56926
4.98115
4.31937
4.39314
3.86401
4.2659
4.53984
4.33064
2.48801
2.89083
3.8451
4.33101
4.43897
4.62417
4.51971
4.39946
3.83056
4.29202
2.83533
4.96087
2.46933
1.54532
4.2792
2.98628
2.46896
1.50315
3.46152
2.97115
2.58752
2.94476
4.19801
4.55688
4.9859
3.81338
4.5524
4.2794
2.97497
3.73458
4.50564
4.35481
3.82244
2.97882
4.43282
4.46648
4.55954
4.72345
3.61776
4.62205
4.33088
4.51453
2.35098
4.97381
4.14269
3.78088
4.89785
2.73113
2.37345
2.54792
4.38645
4.33985
2.81954
3.27948
3.87178
4.33889
4.97414
4.61809
4.29813
3.8347
4.3032
4.96122
4.19809
4.55027
4.18059
3.68771
2.26266
4.85173
2.81726
2.48517
4.34609
2.79466
2.45451
4.4388
3.48181
3.9273
4.38345
4.93337
4.25616
4.1666
4.25796
3.68109
2.46972
4.15382
4.18489
4.7839
4.56935
4.27176
1.58751
4.19294
2.84025
2.35304
2.94176
2.4731
1.45037
3.44205
4.89489
3.83005
2.85329
4.6353
4.27708
3.60916
3.00114
3.70474
4.20678
4.57165
4.91001
4.18343
3.69016
4.83397
4.23388
4.38233
4.84698
3.75309
4.45046
4.16348
2.74387
3.41203
2.86393
4.03054
3.70234
4.39247
4.7784
4.55086
4.98974
4.90475
3.64854
4.40714
2.29251
2.67509
2.36651
2.88392
2.40368
2.74547
4.91828
4.97111
4.24284
4.62523
3.53113
4.11159
4.58879
4.62086
4.25272
4.49911
4.10716
4.87591
4.99712
4.22803
4.53216
3.542
4.95197
4.17356
4.77373
4.80517
2.92467
2.57935
2.96338
2.36428
2.84282
2.45078
3.04847
2.96688
4.24524
4.58554
2.46139
2.8978
4.2699
4.47756
4.39815
3.91544
3.59798
1.63617
4.41206
3.97517
2.49763
3.91807
2.55489
4.663
4.29615
4.95876
4.23397
4.43213
2.77529
4.36178
2.4112
2.90347
4.29043
2.88517
4.2833
4.90355
4.53233
4.24304
3.84719
3.48807
3.93851
2.42949
1.52021
4.09706
3.8164
2.37616
1.5417
3.85418
4.39614
3.8794
4.22662
3.87905
4.30062
4.64856
4.3145
2.8564
2.92209
4.41368
3.06468
4.29914
4.72841
2.60313
2.84296
2.4573
1.59149
2.43977
1.47469
4.37289
4.93683
4.37031
4.53106
3.51991
4.57677
4.59282
4.53553
4.1952
3.85828
4.2178
4.39303
4.3525
4.55516
4.46012
4.77473
2.96711
2.41567
4.42859
3.77239
2.59001
4.98098
4.58986
4.40912
4.40979
4.34318
3.89955
2.65965
3.66111
3.79061
2.55777
4.5422
4.4024
2.95323
4.37008
4.31562
1.47253
2.50472
1.52031
2.38411
3.02415
4.68035
4.97314
4.37256
3.9134
4.53432
4.41904
2.84759
3.93363
4.41095
2.63254
1.606
4.44979
1.56058
3.59772
2.99172
2.56531
3.08006
2.56306
4.96895
4.53706
4.99044
4.97017
3.79662
4.32743
3.89376
3.50269
2.9973
4.60819
4.26925
3.92379
4.62039
4.42943
2.89952
4.67102
3.99739
4.50653
2.97631
2.52556
1.49592
2.55279
4.37346
4.97759
4.60399
4.33851
4.24553
4.99721
3.9319
2.56221
2.43478
4.56632
3.49679
3.80664
4.37757
2.87338
4.8721
4.32454
4.9687
4.44407
4.56192
4.51462
3.5854
4.58821
4.54144
4.37289
4.24508
1.51297
2.43583
4.63043
4.82345
3.85216
4.46532
3.96633
2.9045
3.51363
4.65214
4.2738
4.17983
4.50489
4.38721
4.31154
3.91636
4.2891
4.69657
4.32747
2.47347
2.79807
3.871
4.14461
2.80322
4.97098
4.13346
4.51261
4.91273
3.71832
4.66735
4.24501
3.84828
4.37349
2.97208
4.98282
2.50448
1.64532
4.23809
2.92677
2.29889
1.40515
3.33255
2.88953
2.3068
3.7036
4.53149
4.34564
2.88493
3.77747
4.57336
4.86774
4.2958
2.8232
4.37959
4.89186
4.36711
4.61517
2.50345
4.49663
3.92285
3.10349
2.63865
2.44727
4.58145
4.34685
2.91758
3.62661
3.82893
4.4761
4.24412
3.78831
4.12904
4.93607
4.19737
4.8816
4.30616
4.47004
4.24948
3.82244
2.44943
4.99642
2.88765
2.49628
4.31
2.73084
2.4129
4.37805
3.44106
3.66893
4.21
4.38377
4.23661
4.30663
3.87653
2.40689
4.25551
4.30576
4.58545
2.9856
3.88261
4.31105
4.54228
4.9156
3.85244
2.83687
4.5422
4.22044
3.43445
4.34739
4.50094
4.26776
3.72446
4.89275
2.9425
4.27728
3.88301
4.59665
4.93664
3.91189
4.65732
4.1801
2.90965
3.46398
3.8635
4.44771
4.60264
2.57095
2.73941
2.43031
3.02676
2.58025
2.90025
3.47999
4.21244
4.62052
3.5634
3.88233
2.50199
3.86379
2.49876
3.79642
4.34578
1.46615
4.95747
4.61433
4.32757
4.47614
4.44393
3.66138
4.33103
4.47074
4.93396
4.44863
4.72826
2.97286
2.47609
2.8997
2.61149
2.9659
2.5814
3.82897
3.53013
3.9428
2.31174
3.9219
2.55866
1.59974
4.26363
3.52824
4.58053
4.36219
2.90222
2.94869
4.15974
2.85078
4.31515
4.47007
2.43186
1.51036
3.77854
4.42137
3.7324
4.30498
3.87384
4.32103
4.46667
4.27519
4.39711
4.56268
4.53246
4.36351
3.95375
3.65201
3.91726
2.48924
1.55369
4.40729
3.83897
2.61389
2.99324
4.9547
4.70306
2.38313
3.01157
4.35639
2.90968
4.44662
4.9334
4.67574
4.36232
2.79101
2.41155
1.64887
2.55299
1.41524
2.35404
3.59032
3.68902
4.30801
2.90258
2.31927
4.52922
3.89106
3.58285
4.45321
4.5328
2.94576
4.34509
4.31695
4.22767
4.66107
4.83644
2.90141
2.37436
4.31897
3.78564
4.26834
3.78872
4.28761
4.34626
4.35876
4.5495
2.60127
3.5365
3.87682
2.54086
4.54071
4.29646
2.9204
2.57652
4.94905
4.43757
4.29622
4.21729
4.98059
4.45993
3.91746
1.49199
2.46115
1.58711
2.44499
3.70127
3.46748
4.51749
4.29585
2.84814
2.54221
3.74584
3.6351
3.00065
4.17969
4.53018
2.41091
2.92246
4.63126
3.89155
4.37887
3.87772
4.6263
4.36418
4.85507
4.98637
3.79946
3.51673
2.80773
4.57949
4.28434
4.5424
4.84751
3.90379
4.32081
3.00016
2.65452
1.50758
2.39476
4.30584
2.87442
3.40833
3.84131
2.38793
4.45173
3.91529
4.30925
4.73568
3.67846
2.92924
4.30289
4.96789
4.29279
4.78522
4.35737
4.47744
4.56763
3.46612
4.63205
4.54977
4.31541
4.95336
1.47893
2.58485
3.86352
4.76799
4.27746
3.58517
2.92165
2.45337
2.92477
4.36581
3.96982
3.36392
4.49236
2.52916
2.90729
3.83762
4.56134
4.33123
3.91018
4.43697
4.25856
4.43299
4.34518
2.40486
2.8567
4.89258
3.75236
4.25749
4.32853
4.60396
4.1445
4.21895
3.7847
4.20498
1.49068
4.29817
2.88581
2.46683
1.53073
3.40112
2.80476
2.49686
3.02518
4.21445
4.66721
3.7418
4.38349
4.19188
3.68725
4.25289
2.92917
4.86282
2.41507
3.02983
4.35141
4.48019
4.5716
4.6181
3.52199
4.5012
4.2894
1.46346
2.4615
3.00102
2.67289
2.73153
3.43054
1.61116
2.398
4.26669
4.26226
4.8492
4.57072
4.34533
4.28183
4.17453
4.23234
3.7448
3.72164
4.21006
4.87574
4.47348
4.26153
2.42532
4.2462
2.83591
2.37701
4.4394
3.42912
3.80423
4.36123
4.84123
4.09969
4.43049
4.15463
3.76366
2.44934
4.95583
2.84356
1.4294
4.35598
2.98267
2.49099
2.97793
2.54949
1.45998
3.50595
4.50124
4.36756
4.55003
4.70299
4.60825
3.50345
4.60228
3.89155
4.21309
3.60555
4.81976
4.20879
4.49323
3.86558
4.52528
4.33391
2.9456
3.51234
2.95495
4.22364
3.86565
4.49298
4.99836
4.58095
2.54504
2.92733
2.53144
2.95986
2.36669
2.9616
3.50951
4.35268
4.48917
4.93976
4.52793
4.04796
4.85334
4.43786
4.21245
4.95498
4.27382
4.49612
3.52813
4.27554
4.73222
4.90704
2.85488
2.42741
3.12616
2.51184
3.02753
2.41773
3.80315
3.48513
3.86133
2.47104
3.88467
2.52768
1.50649
4.38033
4.51607
4.24531
2.89444
2.88476
4.41075
2.91511
4.30033
4.6194
2.43254
1.4276
3.8131
4.29488
3.83594
4.28792
3.80509
4.26694
4.93531
4.24762
4.54806
4.54806
4.3589
4.61048
4.33047
3.76514
3.45685
3.85607
2.51853
1.51721
4.19036
3.8345
2.48651
2.89623
4.96725
4.55355
2.46315
2.79441
4.16005
2.89889
4.31425
2.84416
2.62051
1.64267
2.51588
1.50743
2.40638
3.37192
3.65196
4.17424
2.82402
2.43346
4.46746
4.32869
4.91856
4.13209
4.27623
4.55619
4.35256
4.51077
4.98468
2.90432
2.47947
4.3795
3.88809
4.33673
3.71449
4.25889
4.26213
4.46731
3.91521
2.59636
3.47914
3.81792
2.43721
4.55654
4.31831
2.9396
2.36452
4.88992
4.48953
4.13298
4.98341
4.26375
1.72248
2.42201
1.48475
2.39147
3.78944
3.45518
4.5796
4.27535
2.88673
4.47132
4.11866
2.73347
4.37966
3.71749
4.2023
3.7088
4.76208
4.79588
3.6681
4.15636
3.67045
3.27581
2.79422
4.34211
4.23397
4.44867
4.88787
3.19819
2.63861
1.60202
2.44039
4.35839
2.88502
3.4633
3.97826
2.66185
4.64992
4.41026
4.45022
4.48259
4.41031
4.6962
3.71879
4.34851
4.82437
4.42331
1.56742
2.57456
3.89953
4.6127
4.30297
3.60052
3.00416
4.54034
4.23452
2.90737
3.72222
4.54338
4.88281
4.27311
3.70141
4.25256
4.24171
3.66236
4.12964
4.49532
4.21009
2.34074
2.87282
4.80656
3.74492
4.33228
4.28468
4.51189
4.59051
4.33891
3.71605
4.2655
2.95692
4.8773
2.41228
1.42003
4.16456
2.8183
2.36695
1.47932
3.37482
2.77472
2.51046
2.92795
4.27693
4.47603
4.75426
3.74738
2.89486
4.25558
4.5524
4.55325
4.65308
3.59804
4.49208
4.30567
4.36274
4.38204
3.87064
2.5762
4.33085
4.39055
4.68276
4.31439
4.446
4.04588
4.99146
3.71745
4.23112
4.90522
4.26989
4.69258
4.22054
3.81139
2.46759
4.87126
2.88824
2.42809
4.30836
2.87371
2.56951
4.53911
3.45712
3.9415
4.32561
4.99763
1.54947
4.2533
2.91346
2.31455
2.84813
2.4815
1.50247
3.54539
4.47016
4.84817
3.70371
4.29639
3.87929
4.33599
4.68973
4.98293
3.86311
4.57592
4.24549
2.86269
3.56769
2.88036
4.28274
3.75978
4.58743
4.55556
2.43102
2.78623
2.37524
2.87348
2.49351
2.90576
4.91117
4.57007
4.30927
4.55263
4.412
4.99841
4.99999
4.26167
4.61609
3.44071
4.3031
4.61251
2.99127
2.59346
3.07409
2.43892
2.86758
2.60015
1.47635
3.82412
4.16863
3.77658
4.37169
3.76193
4.33546
4.59656
4.21427
2.97069
2.88082
4.16865
2.88455
4.27626
4.53552
2.44942
4.64873
4.30232
4.91116
4.37566
4.63716
2.9316
4.93366
4.5911
2.46244
2.8207
4.29754
2.97548
4.32451
4.97057
4.52286
4.23949
3.75825
3.48092
3.81359
2.50874
1.55729
4.26597
3.91096
2.5249
2.92249
2.49682
1.51023
2.52437
1.50953
4.3734
4.35573
4.27934
3.86218
4.35381
4.39936
4.2898
4.60045
4.3969
4.64601
2.96253
2.60236
4.38047
3.83909
2.57361
4.67645
4.34374
4.45551
4.30841
3.89815
2.4345
3.62335
3.97355
2.63925
4.60477
4.50867
3.11296
1.57493
2.4594
1.44117
2.59309
3.86406
4.55444
4.26709
3.00225
4.65076
4.99024
3.86768
4.35998
4.63806
4.97929
3.78717
4.30883
3.74782
3.60943
2.96518
4.66601
4.44161
2.91376
2.51354
1.62847
4.37583
4.44142
4.45137
4.98937
4.26001
4.52287
4.72605
3.66861
4.51598
4.77476
1.5443
2.45538
3.80218
4.67589
4.31849
2.93009
3.84738
4.58674
4.99442
4.31629
4.24131
4.58155
4.34355
4.35354
3.86541
4.36804
4.64798
4.30675
2.56874
2.98657
4.91226
3.90832
4.27611
2.83995
4.2924
4.45653
4.91022
3.90473
4.60419
4.39121
3.92459
4.4733
2.95998
2.57494
1.50843
4.3706
2.96624
2.58919
1.52697
3.50123
3.10513
2.5599
2.97862
4.21835
4.27161
4.28905
4.26266
3.74372
2.42215
4.26557
4.23833
4.92088
4.4953
4.5643
4.33824
3.8989
4.41372
4.28483
4.31284
4.5362
4.35039
3.87151
2.48157
4.99991
2.95815
2.46168
4.32583
2.92006
2.41543
4.46359
3.57478
3.88474
3.87759
4.69489
4.29089
4.52018
4.33505
3.89975
4.93051
2.99359
4.38548
3.83227
4.68121
3.77176
4.62383
4.45353
3.07874
3.67314
4.67686
2.56562
2.77393
2.42547
3.05917
2.46837
2.9882
3.55941
4.38558
4.48927
3.59333
3.93132
2.54404
3.6541
2.42817
3.88251
4.30494
1.52818
3.54062
4.41515
4.65743
4.96664
4.89495
4.14499
4.50461
3.5875
3.90476
4.42142
1.57709
2.42302
3.99118
2.65948
3.9291
4.48427
4.30667
4.95005
2.97483
4.37422
2.97396
2.54947
4.66601
4.44223
2.99966
2.92362
2.5847
3.0854
2.36984
2.95691
2.57757
3.90039
3.43068
3.81887
2.48272
3.87085
2.50837
1.50257
4.39791
3.37756
4.58025
4.37
3.84078
3.5147
1.66906
4.301
3.91467
2.46605
3.79098
2.52758
2.90454
4.96676
2.96647
4.31609
4.5731
2.4666
2.8925
4.33001
4.96517
4.51993
4.33431
3.54282
4.53242
4.32246
4.96413
4.32812
4.6083
4.91399
2.75709
2.52089
1.50563
2.34333
1.56801
2.54494
3.47023
3.90165
4.27625
2.89252
2.48396
4.63635
3.71066
3.4596
4.98309
4.29318
4.49363
2.91317
4.28188
4.61367
3.60945
4.65571
4.5605
4.60901
4.26152
4.74842
4.35358
1.54132
3.56988
1.52165
2.48648
3.05978
2.47658
2.98807
4.28116
4.55335
2.85654
4.38651
3.86757
2.48912
2.82293
4.96447
4.55897
4.35514
3.80642
1.48371
2.31046
1.46424
2.45588
3.76895
3.63329
4.53537
4.29927
2.92468
2.46009
3.73539
3.32483
2.83433
4.26678
4.51787
2.33795
1.58142
4.52163
1.69917
3.614
3.13121
2.67986
3.0075
2.72339
2.97783
4.74215
4.4009
4.00896
4.52129
4.43768
2.86027
4.92755
3.80379
4.17142
2.53385
4.65912
4.19658
4.71449
3.31854
4.34718
4.46808
4.81729
4.1064
4.84842
2.91502
2.48963
1.61477
2.52737
4.33313
3.12845
3.51871
3.95106
2.63796
4.69876
3.84428
4.30306
4.37059
3.42396
2.85894
2.46249
2.65418
4.53605
3.56214
3.95062
4.29783
3.08243
2.5431
4.51303
4.65313
4.4343
4.22057
4.84889
3.77802
3.94464
2.86532
3.42827
4.33938
4.63887
3.79832
4.32651
4.50914
4.97216
1.42693
2.49254
3.83347
4.45595
4.2309
3.41388
2.7839
2.35067
3.00784
4.15337
3.90337
3.56726
4.5807
2.58426
3.76995
2.88595
3.43381
4.41648
4.23588
4.41154
4.83397
3.62107
4.82311
4.22421
2.43009
4.67816
2.54733
3.84323
3.75721
3.06103
4.38788
4.21623
4.99213
3.82987
2.54533
4.4063
4.69333
4.38357
2.91557
4.26174
4.69609
4.61826
4.50517
3.47683
4.52752
4.38252
1.59405
2.46149
2.80891
2.56291
2.93863
3.53544
1.51307
2.58595
2.59938
4.6135
4.46393
3.07391
3.58121
3.96702
4.29804
4.29671
4.70574
2.40575
4.29174
3.79398
2.99901
3.66441
2.77345
4.12784
4.56145
3.47249
4.82985
2.76678
3.77962
4.23678
4.96634
4.4473
1.48769
4.25778
2.8189
2.57004
2.81543
2.4875
1.57342
3.52256
4.42705
4.29474
4.60842
4.60013
4.53255
3.56804
3.86118
3.08968
4.60351
4.3831
3.60052
2.87915
3.90374
4.30472
4.60084
4.9717
4.98151
2.59631
4.5926
2.48417
2.87597
4.44649
3.85485
3.55925
4.48258
4.24852
2.37091
3.8439
4.25621
2.89198
4.98927
4.28124
4.98741
4.56622
2.43455
3.04414
2.40405
2.9423
2.56404
2.93586
3.40119
4.29556
4.58442
4.98255
4.45073
4.63742
3.50609
4.38773
4.57398
4.89451
3.09607
4.35294
2.92749
2.50971
4.69116
4.30352
3.00632
3.48421
3.80933
4.42604
1.44907
2.55342
3.81726
2.50928
3.90916
4.54142
4.25944
2.9439
2.37355
3.04229
2.4769
2.85214
2.58018
3.9044
3.73291
3.94779
2.70238
4.03017
2.62332
1.61857
4.40688
4.95033
4.61008
4.25187
3.81204
3.49807
1.46441
4.33335
3.85828
2.46409
3.78361
2.46879
2.88178
2.94675
4.29337
4.60781
2.67754
2.93481
4.42203
3.52501
4.47439
4.38714
4.31803
4.51697
2.93823
2.50846
1.50979
2.47442
1.59306
2.40305
3.61315
3.92701
4.43159
2.99988
2.50048
4.64562
4.26543
4.61744
3.55772
4.51914
4.57902
4.54622
4.23105
4.8813
3.01873
4.90159
4.48897
4.27421
3.80242
4.14152
1.54537
3.61196
1.5794
2.48257
2.77633
2.49874
2.916
4.39556
4.68587
2.92967
4.23939
3.80535
2.4421
1.62947
2.5326
1.57725
2.57356
3.88297
3.59921
4.59292
4.3408
2.89982
4.59633
4.28065
3.01191
4.94201
3.83074
4.26718
2.4787
1.55086
4.1476
1.47809
3.43441
2.83029
2.33087
2.84461
2.4084
2.79501
4.45065
4.75784
4.26437
3.67516
4.465
4.52254
4.30941
4.33613
3.63318
4.72376
4.67667
4.96835
2.99419
2.53973
1.6151
2.53361
4.42265
3.09549
3.59823
3.99033
2.61135
4.6012
4.39602
4.91518
3.84536
2.4681
2.62404
4.59229
3.50879
3.86187
4.35804
2.98265
2.49561
4.32677
4.97528
4.68327
4.34237
4.69891
4.91182
3.86866
2.93483
3.55807
4.3212
4.59844
3.85926
4.90692
4.30971
1.5373
2.58733
3.77148
4.62719
4.44332
3.57332
2.93217
3.99309
4.97428
4.3656
3.84596
2.99723
3.57656
4.59946
4.33224
4.51082
2.53937
4.2663
4.55591
4.29401
2.45643
4.6404
2.52711
3.85165
3.36924
2.92723
4.28651
4.279
4.90652
3.7238
3.0208
4.29243
4.41749
4.70566
4.6304
3.53294
4.58779
4.2911
4.57325
2.6041
4.33598
3.79335
4.90352
2.94562
2.47762
2.54859
4.56691
4.30001
2.87756
3.49681
3.84601
4.23988
4.93283
2.99364
3.82938
4.32858
4.95623
4.64168
3.82385
2.95754
4.40703
4.50356
3.56197
4.91232
1.43659
4.44944
2.91073
2.50862
2.92632
2.52706
1.51973
3.45073
3.88078
2.99439
4.56957
4.36737
3.49799
2.82319
3.68411
4.34835
4.55107
4.93325
4.51306
2.49498
4.65444
2.61128
2.92769
4.20169
3.91681
3.47689
4.57183
4.28314
2.39976
3.66544
4.21678
2.85143
4.91519
4.80212
2.53617
3.00245
2.67108
2.94214
2.50723
3.00301
4.99571
4.36095
4.60176
3.57446
4.25254
4.59088
4.93229
4.60559
4.42024
4.74399
2.79589
4.22285
2.87953
2.34873
4.29869
4.2083
2.7514
3.42852
3.8497
4.25064
1.4819
2.38023
3.662
2.38645
3.82897
3.04519
2.56715
3.1522
2.65391
3.08094
2.60865
2.99031
4.88003
2.81016
4.25823
4.65544
2.45187
2.8749
4.29236
4.99364
4.63493
4.33136
3.91168
3.55937
1.52191
4.31179
3.84403
2.48449
3.90795
2.58718
4.76645
4.26588
4.63093
3.47465
4.58702
4.39963
2.86446
2.63048
1.51955
2.49408
1.61252
4.41688
4.99691
4.27835
4.4521
3.35017
4.66606
4.59013
4.60981
4.21849
4.39572
4.92358
2.86396
4.18298
3.79837
2.52523
2.96674
4.72363
4.28636
3.72635
4.29322
1.46335
3.46023
1.49246
2.40715
2.89122
2.5066
2.82257
1.47266
2.54605
1.62789
2.29562
2.87118
4.41311
4.88266
4.31425
3.7893
4.71533
4.37016
3.03295
3.94941
4.45747
2.54698
1.56541
4.37413
1.4021
3.45366
2.86381
2.48327
2.99904
2.43144
4.76411
4.33396
4.65184
4.15319
4.62039
3.42106
4.40348
4.51982
3.1069
2.62119
1.51458
2.53819
4.3282
4.70283
4.32081
4.35131
4.9417
3.79057
2.4736
2.44779
4.42204
3.41222
3.80496
4.31893
2.88705
3.79985
4.85049
4.44729
4.69098
3.88088
2.98367
3.50226
4.41974
4.6119
1.55847
2.56114
4.70361
3.88318
4.31673
3.82597
2.80635
3.64022
4.63855
4.41101
4.24784
4.91266
3.84159
2.48425
4.44454
4.543
4.78524
4.17312
2.40169
4.47755
2.4075
3.71993
3.42935
2.81792
4.1873
2.91418
4.40929
4.34629
4.57472
2.50488
4.35338
3.88091
2.90013
2.44177
2.38149
4.51397
4.30204
2.9934
3.54055
3.88492
2.8707
3.9142
4.28921
4.99815
4.4676
3.77153
2.83182
4.18499
4.47408
3.4121
2.93435
3.88317
4.39929
4.52978
4.8425
3.72804
2.71933
4.41973
4.20803
3.45503
4.58732
4.27324
2.47028
3.7387
4.424
3.05599
4.38983
4.92523
2.5151
4.61458
2.51457
2.91257
4.38579
3.92544
3.54158
4.5825
2.39117
2.78093
2.49184
2.95171
2.41902
2.9466
3.46503
4.29542
4.50986
3.57503
3.80948
2.55133
3.69613
2.39388
3.65739
4.29061
1.4548
3.42162
4.23851
4.55697
4.96403
4.88868
4.24457
4.52998
2.87517
2.62045
3.07392
2.43008
2.94638
2.49916
3.89043
3.58732
3.89488
2.58546
3.94364
2.49382
1.56427
4.42912
3.47604
4.61181
4.40121
3.90001
3.49063
1.54832
4.39085
3.99315
2.4301
3.72936
2.49767
2.93501
4.8953
2.93052
4.29467
4.59028
2.59318
2.90358
4.38088
4.93924
4.54212
4.29434
2.74439
2.46681
1.44204
2.30143
1.53413
2.48868
3.66264
3.79346
4.30968
2.92716
2.46101
4.67036
3.69501
3.45602
4.12044
4.30476
2.81948
4.13071
4.70612
3.36259
4.64295
4.31222
4.38317
4.2235
4.85353
4.78637
1.56473
2.49288
1.5173
2.46552
3.79057
3.55221
4.60757
4.30168
2.98341
2.46429
3.95385
3.48311
2.863
4.10335
4.53897
2.45366
1.49283
4.34561
1.60425
3.60785
3.00928
2.44212
2.8871
2.48767
2.96811
4.6023
4.91314
4.463
3.80221
4.48188
4.34895
2.87932
3.91168
4.35267
2.49113
3.04025
2.58997
1.56743
2.4531
4.38212
2.8689
3.46717
3.81341
2.56977
4.63402
3.90971
4.52369
4.60462
3.57283
3.00732
2.54106
2.52742
4.60267
3.55664
3.79499
4.26521
2.84582
2.48153
4.229
4.87016
4.64566
4.2054
4.35299
3.89027
1.52534
2.49316
3.79926
4.58485
4.27695
3.45151
2.8613
2.49988
3.04899
4.32119
3.83848
3.41487
4.59801
2.60682
3.8008
2.85986
3.35481
4.46235
4.2042
4.52227
3.81165
4.27254
2.90744
4.25033
4.51147
4.56562
4.5212
3.51538
4.48235
4.2967
1.55026
2.63473
2.91918
2.46925
2.74251
3.52341
1.57401
2.45099
2.49769
4.64757
4.37551
2.80337
3.48804
3.78386
4.31536
4.90104
4.30328
4.62668
2.48578
4.3933
3.89719
2.92544
1.52838
4.23495
2.95875
2.39793
2.86565
2.38146
1.48099
3.54904
4.5075
4.28717
4.68235
4.57576
4.48521
3.57712
3.83595
2.83508
4.60516
4.16192
3.38442
2.85713
3.65323
4.30155
4.42092
4.92782
4.94715
4.54321
2.56947
2.90426
2.48447
2.84223
2.51257
2.99686
3.50617
4.27991
4.53072
4.98165
4.26761
4.51112
3.55622
4.19322
4.54557
4.99586
2.82382
2.52148
2.9049
2.50198
2.9129
2.4244
3.73015
3.48338
3.91138
2.47932
3.77681
2.51955
1.47473
4.26455
4.61043
4.35399
3.77084
3.52485
1.50264
4.42537
3.79021
2.57741
3.95931
2.45178
2.97434
2.88432
4.27999
4.47975
2.37874
2.90422
4.23624
2.95314
2.50909
1.50549
2.51619
1.48977
2.39132
3.45468
3.69542
4.23057
2.92881
2.38558
4.51008
4.98789
4.32159
4.57365
3.37811
4.67896
4.61988
4.54758
4.32572
4.91212
1.54813
2.46633
1.57188
2.59028
3.83556
3.51143
4.58907
4.38927
2.93996
4.61262
4.40398
2.90801
3.94028
4.29719
2.46573
1.45048
4.24004
1.46142
3.48755
2.84348
2.55135
2.90505
2.53202
2.97632
4.58849
4.94083
4.16909
3.79036
2.88142
2.54902
1.6205
2.48351
4.39451
2.83349
3.50668
3.83909
2.48187
4.52638
4.32563
3.85568
2.52753
2.42123
4.59438
3.47741
3.90162
4.33773
2.98018
2.51155
4.31732
4.91576
4.44329
4.32925
1.43745
2.48121
3.73628
4.62039
4.26169
3.67957
2.89656
3.78155
4.91227
4.23283
3.7372
2.79659
3.59769
4.55173
4.28954
4.61141
4.87509
2.99915
4.28853
4.53887
4.55055
4.66457
3.5035
4.62187
4.36554
4.59204
2.47223
4.45024
3.77202
4.87055
2.89128
2.48729
2.3966
4.54097
4.27401
2.98447
3.48819
3.86841
4.39543
4.90149
1.4427
4.26213
2.88781
2.35253
2.84984
2.4026
1.43775
3.42318
3.92119
2.85772
4.57567
4.39963
3.56907
2.97775
3.79824
4.18321
4.60607
4.95202
4.58332
2.45277
2.78228
2.48775
2.7871
2.41864
2.8851
4.95595
4.19823
4.60196
3.55268
4.31676
4.47995
3.16017
2.55969
2.93008
2.43333
2.96077
2.57965
2.80049
4.80129
2.86925
4.29899
4.53603
2.30381
2.82442
4.19981
4.97953
4.55509
4.21601
3.84203
3.51277
1.47714
4.27606
3.82247
2.53431
3.88788
2.38727
3.02204
2.59328
1.51728
2.61727
1.70176
4.43356
4.96628
4.49877
4.29525
3.73012
4.34401
4.76102
4.78379
1.44283
2.35154
1.51222
2.3978
2.85743
4.62585
4.28694
3.97713
4.53143
4.44747
2.93481
3.84919
4.38079
2.55039
1.56804
4.51078
1.66713
3.67494
3.02083
2.56951
3.14902
2.61006
2.71825
2.48238
1.41931
2.47199
4.332
4.47278
4.36017
4.28633
4.98146
3.86786
2.50095
2.52678
4.67284
3.63635
3.83084
4.46661
3.0174
1.51724
2.34419
4.32101
4.73276
3.82612
4.26317
3.8082
2.82685
3.49091
4.6085
4.16851
2.92505
4.23359
4.27126
4.58799
2.43462
4.2768
3.88223
2.92368
2.56785
2.52694
4.6057
4.31476
2.87405
3.59092
3.85269
2.85811
3.87373
4.22437
4.57362
4.94102
4.93976
3.78775
2.94002
4.62236
4.34176
3.55072
4.54984
2.51708
2.97915
2.55524
2.81047
2.44799
2.93756
3.6252
4.24301
4.43753
3.38636
3.80251
2.37981
3.82705
2.55393
3.76229
4.35833
1.51617
2.89794
2.47831
2.99044
2.50362
2.73417
2.56319
3.82589
3.61512
4.04475
2.60917
4.01794
2.58953
1.65273
4.50058
3.2976
4.62114
4.16704
2.99439
2.59355
1.47844
2.3989
1.47189
2.43785
3.51277
3.74172
4.294
2.99234
2.40442
4.61743
3.82796
3.49509
4.41368
4.6566
2.90222
1.46986
2.60864
1.57073
2.54527
3.83475
3.38608
4.61508
4.36553
2.85655
2.44445
3.85492
3.53396
2.98854
4.39321
4.67315
2.50579
2.98018
2.42245
1.66796
2.59804
4.47414
2.82602
3.6277
3.95663
2.4712
4.75231
3.73964
4.27125
4.51924
3.5401
2.89615
1.4441
2.46545
3.76453
4.62642
4.29334
3.6505
2.9182
2.52319
2.78874
4.30243
3.85521
3.55965
4.61103
2.35587
2.80548
4.1853
4.70172
4.37369
4.51546
3.33272
4.55388
4.35618
1.57413
2.49346
3.03556
2.62399
3.04998
3.69924
1.49975
1.46019
4.26383
2.95768
2.42963
2.9614
2.535
1.45402
3.61639
4.66932
4.25123
4.49717
4.65618
4.51925
3.47757
4.37908
2.38106
2.74948
2.39869
2.82608
2.32042
2.91624
3.53947
4.95695
4.15967
4.58086
2.96426
2.57314
2.85642
2.3031
2.95189
2.39758
3.90138
3.63221
3.87466
2.4628
3.74961
2.45022
1.41357
4.30465
3.06546
2.50058
1.62049
2.62567
1.58857
2.57867
3.53513
3.87473
4.25465
2.81361
2.51432
4.57096
1.6033
2.45833
1.5053
2.62961
3.9822
3.62346
4.57019
4.32747
2.98146
2.82979
2.52288
1.53992
2.48696
4.27713
2.88472
3.37779
3.65323
2.43148
4.54409
1.58915
2.43522
3.90867
4.54693
4.16555
3.34087
2.7172
3.02779
4.44916
4.43513
4.61416
4.54933
3.51284
4.43436
1.62895
4.26815
2.8591
2.41201
2.77105
2.24613
1.44081
3.44749
4.6409
2.52732
2.95885
2.41182
2.86853
2.63959
2.93127
2.96824
2.50589
2.92772
2.6538
3.03553
2.44143
2.94197
2.50223
1.54992
2.60646
1.47635
1.47425
2.42505
1.56762
2.51585
2.8297
2.50867
1.63542
1.46696
2.4559
3.01394
