4.49525
2.41878
3.08804
2.62794
2.91158
2.52907
2.83534
3.43496
4.32056
4.45838
3.51775
3.79706
2.45654
3.69196
2.43634
3.85195
4.32993
1.53147
3.54131
4.39645
4.59588
4.84848
4.08393
4.55546
3.69124
3.7621
4.22217
1.49847
2.46091
3.71181
2.40693
3.81526
4.97548
4.41824
4.25125
2.7712
4.34266
2.83691
2.44941
4.57404
4.27664
2.97585
3.398
4.19797
4.77283
4.81285
4.90223
4.30329
4.48629
4.88269
4.90708
4.45708
4.2044
4.76113
4.18487
3.67742
3.86779
2.37267
4.08628
4.4377
1.55349
2.53397
3.88594
4.44123
4.25919
2.83558
2.67709
4.68164
4.33896
3.03145
4.32771
3.01133
4.42738
4.66819
4.59381
4.29794
2.69072
4.34015
2.87301
4.36289
2.9272
2.54579
4.48126
4.56959
4.13757
1.61753
4.28656
3.8849
4.36266
3.85072
4.31209
3.91217
2.97908
2.40113
2.82202
2.51385
2.91318
2.40679
3.81549
3.67316
3.75044
2.43448
3.85807
2.44612
1.53887
4.41428
3.50626
4.60348
4.27663
3.76622
3.28906
1.45572
4.07716
3.7604
2.47722
3.65619
2.346
2.82393
4.91327
2.88606
4.17261
4.47177
2.51989
2.73165
4.25637
4.89966
4.45603
4.19274
3.52264
4.50989
4.25472
4.96942
4.37836
4.68258
3.97412
3.6886
3.85906
2.48055
1.58756
4.2642
3.82043
2.65849
2.97196
4.7615
2.68223
3.08085
4.49864
3.13426
4.44127
4.93661
4.60088
4.38754
2.83773
3.06778
4.15424
2.77512
4.35452
4.5517
2.42902
1.58133
3.96337
4.46882
3.95338
4.40141
3.88854
4.32849
4.6887
4.21921
4.42443
4.67801
4.46265
4.40505
3.36446
4.99557
4.60598
4.17829
4.24645
4.41142
4.67325
4.77051
4.43842
4.19021
4.72909
4.24408
4.90139
3.12997
2.69228
1.58357
2.50196
1.52568
2.51026
3.4401
3.87764
4.39512
2.84758
2.64062
4.75155
3.79867
3.50201
4.26548
4.61496
2.89722
4.35867
4.66105
3.66626
4.53758
4.59764
4.64108
4.41267
4.82192
4.52953
1.48281
3.41584
1.43034
2.51096
2.90247
2.5127
2.94693
4.34834
4.44259
2.86427
4.26505
3.87168
2.51041
2.86341
4.53287
4.22907
3.94617
2.42216
3.40671
3.8187
2.43058
4.40962
4.20978
2.84232
2.39554
4.95302
4.71283
4.38399
4.48785
4.85883
4.30184
3.81535
4.24589
4.37174
4.35324
4.62015
4.96731
2.86018
2.42866
4.20483
3.75009
4.36938
3.7089
4.26773
4.45144
4.27473
4.47022
3.89824
3.40596
2.89536
4.27813
4.64624
4.8736
3.79086
4.31536
4.39359
2.79852
4.50066
3.89512
4.36983
4.44701
4.12926
3.86592
1.60752
2.62578
1.75803
2.57028
3.95256
3.61832
4.72225
4.29764
2.98954
2.51652
3.98627
3.45026
2.96221
4.49302
4.50017
2.64135
1.4518
4.01097
1.50347
3.27727
2.80067
2.35248
2.59237
2.40485
2.90627
4.57711
4.84598
4.36909
3.76278
4.40381
4.02049
2.69501
4.76864
3.55704
4.03662
2.29513
4.23275
4.4244
4.45486
3.68616
4.85217
4.76271
4.98376
4.40853
4.9368
4.00991
3.48097
2.93811
4.47925
4.4096
4.60748
4.79559
3.89445
4.35291
2.7718
4.64591
4.65863
3.58783
4.08092
3.80105
4.32121
4.12087
4.84777
2.46987
3.82332
3.60063
4.66519
2.59142
2.89662
4.37316
4.36062
3.79911
2.29054
4.71166
4.91271
4.34524
4.31112
4.65106
4.05615
2.90641
4.85485
2.40906
3.61352
4.30096
4.29512
4.55397
4.14322
3.66519
4.01494
4.13546
4.38365
4.92897
4.5158
3.07099
2.69187
1.61354
2.54822
4.21064
2.93776
3.5769
3.82341
2.48939
4.72319
3.88243
4.4432
4.47585
3.49071
3.04416
2.4848
4.90442
2.53732
4.39853
3.40342
3.7971
4.0789
2.82782
2.39499
4.26729
4.98272
4.78783
4.57036
4.15264
4.98134
4.10375
4.74773
3.69746
3.91427
3.1255
3.82106
4.50786
4.78729
3.93282
4.97493
4.49808
4.6612
4.45037
4.41285
4.56227
3.51599
4.66674
4.63357
4.31311
4.22167
4.76748
4.26504
4.406
1.38136
2.42403
2.92117
3.51394
1.56007
2.39083
2.89105
4.33257
4.62411
4.24194
3.7909
4.90739
2.86193
2.33776
2.65885
4.40556
4.8928
4.58744
3.78748
4.28189
4.25062
2.38207
4.92
2.80194
4.03668
3.75485
4.12449
4.19045
3.71012
4.16718
4.11376
4.96871
4.29295
2.98884
3.83742
4.85612
4.43886
4.57609
4.31698
3.96972
1.44287
2.45611
3.87955
4.50645
4.339
3.40956
3.04509
2.39441
2.9565
4.22889
3.84391
3.59408
4.54988
2.4857
3.81826
2.97458
3.45426
4.41023
4.31918
4.62924
3.69199
4.83039
4.28188
2.5404
4.5714
2.4372
3.90751
3.63255
3.00061
4.4166
4.31918
3.9226
2.50885
4.32867
4.55205
4.50215
1.55974
4.31323
2.83301
2.42113
1.44493
3.31997
2.75378
2.45783
2.87522
4.38408
4.63191
4.98962
3.9565
4.58677
4.18523
3.72177
4.10479
2.87689
4.82208
2.44176
2.79314
3.89418
4.46903
4.92674
4.14722
3.86011
4.51692
4.21765
4.70969
4.39895
2.47124
2.96544
4.89635
3.73977
4.2842
4.2105
4.71614
4.16372
4.36043
3.83586
4.26239
4.40856
4.33051
4.47349
4.47327
3.52129
4.54293
4.95725
4.14899
4.22809
4.43543
2.90357
4.35824
4.35607
4.69727
4.45828
3.63198
4.37504
4.26782
1.42786
2.46399
2.86657
2.57206
2.93752
3.43267
1.54924
2.57
2.61512
4.58793
4.46774
2.89209
3.42681
3.95449
4.45538
4.25082
4.47781
2.33959
4.26778
3.66222
4.90744
2.98182
3.80533
2.85471
4.37071
4.55047
3.47518
2.78441
3.75813
4.25467
4.90354
4.66855
2.40977
4.15871
2.83021
2.40276
4.29926
3.26727
3.77785
4.20838
4.21372
4.39151
4.05542
3.5656
2.38308
4.94532
4.80995
2.73281
2.36169
4.37084
4.25054
4.88088
4.39741
4.35023
4.10763
4.15999
4.16801
3.71857
3.70049
4.24945
4.72385
4.94326
4.48112
4.13987
3.94847
4.25759
4.84533
3.00448
3.59156
2.88933
4.47818
3.92441
4.6467
4.50507
4.02719
4.33582
4.46989
4.49331
3.97485
1.59476
4.40118
2.82438
2.53229
3.04366
2.43677
1.57039
3.73684
4.6764
4.21075
4.51128
4.44569
4.67093
3.45267
3.83799
2.9814
4.59537
4.26513
3.52019
2.98263
3.85814
4.31396
4.43055
4.8927
4.95172
4.85886
2.39416
4.50574
2.46791
3.06556
4.30331
3.85513
3.60352
4.69854
4.21865
2.55026
3.82615
4.36873
3.00233
4.21492
3.75957
4.41098
4.18441
2.769
3.41997
2.801
4.4169
3.90982
4.68151
4.8958
4.40026
4.82838
3.79877
4.24916
3.79125
4.93743
4.24913
4.57336
2.51976
2.81641
4.41361
4.65518
2.41549
3.74041
3.59089
4.61825
4.45035
3.80224
4.40366
2.50201
2.93012
4.03514
4.92215
3.87132
4.30997
4.6188
4.3557
2.49587
4.25152
4.46344
4.61471
4.334
4.31303
4.23282
3.76282
4.29702
4.62733
2.40635
2.93165
2.53806
2.96065
2.5175
3.11798
3.5925
4.41647
4.5341
4.42282
4.59672
3.57048
4.34129
4.74228
4.97054
2.84229
4.23391
2.95518
2.63663
4.54324
4.35059
2.96685
3.61686
3.72527
4.54967
1.55574
2.43308
3.84732
2.55328
3.819
4.98608
4.60721
4.29519
4.93109
4.23575
4.51024
3.44601
4.39848
4.40016
4.91808
4.98068
4.49146
4.28069
4.5615
4.30506
4.97772
2.94238
2.37539
4.62768
4.31966
2.82287
4.20219
2.93349
3.44805
3.8479
2.36599
3.84794
4.30416
1.43056
2.48077
3.92862
4.94137
4.659
4.42989
4.71344
4.31776
4.92211
4.26538
4.56945
1.56983
4.39733
3.71878
4.35208
3.99079
4.29843
3.84118
4.99284
2.90844
4.27577
2.81899
4.26143
2.77854
2.35677
4.56078
4.48965
4.39082
2.86709
2.44788
2.88299
2.61563
2.95163
2.37515
3.73219
3.37314
3.7482
2.4587
3.80221
2.4115
1.36699
4.15202
4.91213
4.95036
4.73846
4.40174
3.92325
3.39346
1.56546
4.2407
3.80671
2.44889
3.68291
2.54802
2.92306
4.76084
2.83489
4.23076
4.45077
2.40437
2.78896
4.22099
4.92057
3.4846
4.4464
4.44011
4.83915
4.20014
4.48245
4.66241
4.40102
3.88131
3.60255
4.06427
2.67432
1.6109
4.49927
3.9498
2.59701
2.90036
4.97847
4.42294
2.50237
2.8274
4.24023
2.91901
4.15133
4.47742
4.51674
3.01876
3.09774
4.49279
3.0189
4.4469
4.66737
2.48985
1.52021
3.76035
4.17304
3.71464
4.17037
3.74339
4.27854
4.44099
4.59358
4.36307
4.2529
3.54929
4.65271
4.37807
4.89694
4.24246
4.60725
4.88583
4.64686
4.37369
4.59794
4.1509
4.79283
2.67559
2.31355
1.57527
2.37092
1.59518
2.53864
3.60987
3.74233
4.33709
2.88046
2.58859
4.59449
4.92904
4.19543
4.88746
3.39753
4.76742
4.37196
4.3765
4.188
4.86752
2.77484
4.88476
4.47843
4.34696
3.85015
4.39068
1.56902
3.78489
1.6229
2.43339
3.00407
2.54859
3.02424
4.41946
4.6673
3.0449
4.40141
4.04825
2.59789
4.83868
4.16109
3.72041
2.42649
3.72601
3.93021
2.49648
4.7695
4.42505
3.11193
2.52168
4.98167
4.67379
4.37878
4.38106
4.21287
4.26015
4.28583
4.64789
4.41909
4.75566
3.03669
2.61359
4.5818
3.90573
4.60176
3.90371
4.34307
4.36381
4.42582
4.77752
3.69503
3.32909
2.7881
4.17991
4.55607
3.91206
4.33324
4.8426
3.80846
2.81419
4.95361
4.39384
3.65512
4.13277
4.54878
4.33993
1.56897
2.40609
1.36345
2.48015
3.76551
3.50548
4.59174
4.1909
2.80979
4.7657
4.14825
3.05863
4.98848
3.99617
4.44062
2.58816
1.67461
4.179
1.49501
3.41822
2.88223
2.45135
2.75672
2.37246
2.97702
4.48316
4.90583
4.18357
3.60166
4.15401
4.99529
4.54962
4.12391
4.47404
3.57145
4.41272
4.57984
4.86464
4.90103
3.76927
4.24333
3.69228
3.55761
2.89033
4.57926
4.30329
4.43217
4.94873
4.46054
4.2681
2.83787
4.57847
3.94133
4.21311
3.82228
4.91382
2.57948
4.53366
4.32359
4.36735
2.64299
3.77564
3.60335
4.54987
2.55709
2.96474
4.33408
4.27901
3.9693
4.31941
3.9272
4.41416
4.46098
4.60991
4.24199
3.0407
2.60507
3.99658
4.33003
4.35189
4.48055
4.39235
4.16504
4.94334
2.98621
2.44994
1.51667
2.38436
4.24138
2.82559
3.48944
3.74075
2.43509
4.49119
4.49229
3.94963
2.62647
2.53663
4.44846
3.43629
3.82666
4.17375
2.75456
2.43444
4.15525
4.92614
4.42125
4.06678
4.46575
3.67513
3.01638
3.3543
4.34763
4.44427
3.68939
4.90638
4.17887
4.96719
4.23841
4.54348
4.70672
3.56113
4.45358
4.66689
4.18911
4.94732
4.31093
4.31928
4.91773
3.04004
4.31903
4.59836
3.89658
4.27903
1.53649
2.42263
2.96111
3.4625
1.64992
2.59144
2.90977
4.368
4.63693
4.23864
3.85485
4.79827
2.84966
2.57095
4.39618
4.71232
4.34274
4.48936
2.53789
4.99779
2.99097
4.39727
3.78307
4.32586
4.31823
3.87258
4.16966
3.99409
2.74344
3.7809
4.93485
4.37742
4.28849
4.36222
4.29963
1.53577
2.70293
3.98165
4.70692
4.41427
3.54632
3.10299
3.81267
4.90988
4.24317
3.85101
2.91268
3.40724
4.31094
4.31231
4.6762
2.32127
4.19313
4.62712
4.98303
4.34259
2.53312
4.80797
2.62441
3.84369
3.60714
2.98684
4.43
4.47703
3.9327
4.47283
4.29173
3.59956
4.1133
2.73037
4.7234
2.31398
1.40303
4.40198
3.03749
2.57587
1.60747
3.61526
2.96899
2.62408
2.98914
4.48096
4.66452
3.89433
4.48946
4.20702
2.85056
3.86604
4.59689
4.94348
4.24358
3.88054
4.30441
4.23043
3.76674
4.29352
4.63262
4.39279
2.51349
2.99866
4.00287
4.31201
4.34599
4.53661
4.27512
4.85208
4.54046
4.42998
4.52994
4.63573
3.55628
4.56335
4.31305
4.31402
4.85843
2.99181
4.28747
4.62458
4.51751
4.49463
3.49645
4.63261
4.35817
4.3149
2.56249
4.28391
3.88572
4.8501
2.83432
2.40945
2.38181
4.33943
4.11289
2.83076
3.24972
3.64487
4.26029
4.69726
2.94306
3.90099
4.50173
4.70915
3.78471
3.03518
4.23878
4.70427
3.67792
4.96802
4.46499
4.71015
4.31738
3.84025
2.52561
4.98464
3.01454
2.53341
4.49171
3.07648
2.58904
4.7608
3.71352
3.95195
4.29821
4.27108
4.41911
4.16488
3.7839
2.46664
4.37859
4.35526
4.9682
4.48749
4.31058
4.71918
4.44371
3.93777
4.40159
2.82434
4.18786
3.78207
4.87605
4.53022
3.83255
4.16531
4.48849
2.85679
3.40029
4.97008
4.99082
4.23263
4.51495
4.22237
3.7315
4.91595
3.86684
4.45703
4.87317
1.48317
4.13156
2.80749
2.254
2.80595
2.3234
1.47611
3.35369
4.90277
3.95522
2.91319
4.43432
4.21774
4.9975
3.35371
2.75617
3.55291
4.06924
4.27414
4.8181
4.32587
2.4477
4.75893
2.7783
2.92169
4.36482
4.01019
3.53404
4.6174
4.15184
2.38949
3.7755
4.35459
2.87325
4.92941
3.8847
4.75975
4.45244
2.95219
3.64435
2.80685
4.99428
4.23317
3.73199
4.52014
4.79723
4.59002
4.8641
3.72429
4.44334
3.8824
4.92352
4.21025
4.37954
4.45072
2.40293
2.94981
4.35638
4.54977
2.68623
3.99044
3.58034
4.66939
4.23654
3.81701
4.29652
2.47358
2.97153
4.87491
3.86434
4.34614
4.86158
4.47184
4.19234
4.97999
4.59306
2.42076
4.33913
4.25165
4.65692
4.97319
4.31757
4.15348
4.22827
3.87407
4.51184
2.47883
2.69839
2.39665
2.86192
2.53588
2.87387
4.79778
4.29356
4.38582
3.31611
4.06121
4.68034
4.55119
4.24702
2.89488
4.44301
3.09283
2.4736
4.54841
4.38833
2.90446
3.58984
3.77242
4.37089
1.462
2.52406
3.91944
2.48463
3.86043
4.94081
4.95914
4.32508
4.72884
3.44693
4.3223
4.58663
4.9058
4.5156
4.32851
4.54042
4.21259
4.98637
4.52959
4.25056
4.89912
2.70125
2.48806
4.52829
4.24266
3.00035
4.38961
2.95003
3.58293
3.81843
2.52718
3.85339
4.14888
1.58322
2.46935
3.80178
4.70361
4.24859
4.86285
4.24041
4.50031
4.7803
4.28259
1.4583
4.40823
3.79296
4.28688
3.74544
4.35614
3.80362
4.86167
2.98946
4.19172
2.77959
4.26127
2.89343
2.523
4.54358
2.91306
2.54713
3.01186
2.57961
2.84039
2.45967
2.89154
4.97455
2.95181
4.32042
4.67663
2.46302
2.88811
4.37099
4.82951
4.562
4.42974
3.85189
3.50991
1.57661
4.36551
3.82308
2.44387
3.8735
2.60522
4.93357
4.17372
4.49383
4.97671
3.42481
4.59741
4.23399
2.926
4.96951
4.49374
2.49382
2.89714
4.1241
2.74653
4.31338
4.8874
4.47342
4.30763
3.81899
3.43817
3.66628
2.29254
1.48605
4.13386
3.74435
2.35989
1.52213
3.96246
4.2374
3.86357
4.30216
3.82913
4.16585
4.6265
4.25009
2.79564
4.93483
2.83912
4.22941
2.87938
4.15329
4.49737
2.48756
4.46997
4.21699
4.98781
4.8013
4.28217
4.42332
4.99789
4.97056
4.28397
4.53941
4.97411
3.47513
4.5956
4.34818
4.40808
4.42715
4.56558
4.18653
2.82582
2.50875
1.54267
2.59794
1.49669
4.26115
4.2366
4.5569
3.39746
4.56301
4.49985
4.61581
4.36513
4.62565
4.94733
2.82372
4.20959
3.80888
2.39222
2.95281
4.89925
4.67193
4.24259
3.77976
4.30618
1.43135
3.56672
1.49505
2.38641
2.95765
2.44202
2.94845
2.46286
4.65684
4.32426
4.27606
4.28475
3.95769
2.4457
3.38005
3.81595
2.54745
4.50011
4.32441
2.89724
4.32619
4.23905
4.27863
3.79742
4.30734
4.13055
4.26893
4.47992
4.38777
4.4548
2.89229
2.34673
4.30854
3.71355
4.8274
3.82369
4.29428
4.47521
4.95714
3.79792
3.64891
3.04634
4.35125
4.58169
4.96282
4.97178
4.44725
4.31392
3.73866
3.00279
4.76414
4.47889
3.71757
4.23949
1.46815
2.53303
1.41224
2.35697
2.75085
4.57076
4.28728
3.80718
4.66289
4.29991
3.04187
4.95422
3.8689
4.32512
2.5946
1.51846
4.2626
1.4683
3.6195
2.95626
2.47706
2.92521
2.57062
4.78315
4.21567
4.97604
4.7367
4.13253
4.57858
3.26899
4.36261
4.39801
4.53378
3.88186
4.45
3.78397
3.5556
2.98801
4.62273
4.24
3.87942
4.77725
4.42184
3.03604
4.60965
3.878
4.40706
4.92295
4.98813
4.97419
4.15281
3.66631
2.42857
4.47045
4.93132
4.35857
4.17429
2.4534
3.68436
3.43626
4.30451
2.30595
2.87699
4.09938
4.34017
4.4764
4.36684
3.92339
4.40037
4.24818
4.50249
4.35695
2.86235
4.99685
2.44729
3.76071
4.28491
4.04109
4.21515
4.67986
3.04163
2.52951
1.53444
2.4143
4.37206
4.57279
4.24165
4.41777
4.95987
3.85324
2.41336
2.35165
4.60219
3.51132
3.75088
4.24463
2.96997
3.75174
4.89212
4.20549
4.57292
4.87001
3.73334
2.75787
3.41495
4.24468
4.55531
4.3156
4.95621
4.31354
4.54634
4.58356
3.63581
4.56522
4.5624
4.33605
4.3684
4.95956
4.85526
4.25885
4.49435
4.06183
3.90526
4.9277
2.82126
2.37559
2.82797
4.33684
4.89567
4.70138
3.78899
4.32944
1.52358
2.42101
2.91874
3.32831
1.45679
2.47907
2.77118
4.33386
4.32396
3.89377
4.18155
4.39271
4.50921
4.2353
4.59158
2.45796
4.87191
2.91008
4.23165
3.76295
4.92066
4.37146
4.17011
3.7027
2.88973
3.64648
4.83449
4.45641
4.23845
1.64984
2.51505
4.57617
3.84801
4.85166
4.39367
3.8633
2.97405
3.57455
4.57438
4.46737
4.23907
4.98743
3.75513
2.3987
4.30863
4.38818
4.76966
4.17725
2.44578
4.56981
2.43515
3.72669
3.50006
2.77296
4.3134
2.97914
4.49865
4.68946
4.9863
3.87483
4.44046
4.35096
3.91645
4.35076
2.82025
2.53395
1.40109
4.44492
2.77017
2.56185
1.65852
3.43662
2.9185
2.49148
3.97711
4.65306
4.29782
2.89084
3.98629
4.63637
4.93731
4.4912
4.30528
4.37769
4.28665
4.28672
3.68394
4.10949
4.59154
4.20714
2.39314
2.71939
3.72659
4.16461
4.28262
4.98715
4.41307
4.3744
4.68541
4.73989
3.63131
4.65716
4.96455
4.1243
4.41265
4.80135
2.90478
4.05789
4.73416
4.30817
4.26923
2.41278
4.94358
4.11643
3.63694
4.65778
2.78116
2.35365
4.90667
2.28547
4.37427
4.1099
2.68245
3.22301
3.71772
4.98797
3.04924
4.08053
4.32535
4.67289
3.87003
2.98616
4.36731
4.79141
3.62076
4.38064
4.90917
4.36598
4.61364
4.59374
3.92875
2.52819
3.12378
2.60013
4.26226
2.90209
2.52446
4.55636
3.55016
3.80344
4.23362
4.25995
4.3782
4.25245
3.71326
2.37914
4.24413
4.97488
4.1039
4.79116
4.50999
4.77396
4.44644
3.93192
4.30107
4.89212
2.85754
4.32354
3.95606
4.58633
3.79619
4.38894
4.52991
2.97344
3.58499
4.99908
4.31259
4.52152
4.20702
3.63077
4.71147
3.78938
4.71751
2.89986
3.92144
4.27307
4.448
4.9514
3.72393
2.70856
4.50401
4.14712
3.53413
4.70988
4.29901
2.42644
3.81743
4.25921
2.84139
4.99641
4.29505
4.90056
2.35038
4.61761
2.38209
2.84973
4.33011
3.77102
3.57965
2.85531
4.30795
3.78168
4.43702
4.93675
3.75777
4.38097
4.17602
2.91447
3.4276
3.77531
4.45439
4.94111
4.22696
4.52666
4.99854
4.25519
3.68394
4.82644
4.69398
4.33775
3.70816
4.52687
2.50703
2.93271
4.20167
2.43968
3.05878
4.38528
4.52721
2.5818
3.86869
3.55142
4.68448
4.42066
3.82395
4.23259
4.93773
4.12075
4.2498
4.286
3.86325
4.22962
2.59569
4.26815
4.25837
4.54775
4.49549
2.55625
2.95914
2.59879
2.88798
2.31959
3.05012
3.64302
4.50522
4.40657
3.27548
3.59149
2.19387
3.66992
2.27707
3.49823
4.07766
1.35568
3.32197
4.4215
4.56937
4.91012
4.10349
4.42984
4.97466
4.516
4.27676
4.60824
4.9487
4.24707
3.40277
4.99681
4.21136
4.69243
4.78678
4.07597
4.39289
4.72501
2.99251
4.2387
3.05112
4.43407
2.95003
2.45612
4.6146
4.37184
4.31514
1.37703
4.26896
3.71051
4.18761
3.67936
4.19744
3.74457
3.70533
3.83183
2.64336
3.8814
4.52296
1.69625
2.44242
3.99926
4.73505
4.49804
4.84355
2.89521
2.32946
4.47544
4.24931
2.62673
4.13264
2.88431
4.92239
4.26514
4.4673
4.60499
4.26447
2.65614
2.3249
2.80455
2.52295
2.95347
2.23153
3.58752
3.58324
3.67082
2.49509
3.78184
2.51025
1.53453
4.25063
3.66708
4.47617
4.24629
3.93877
3.73198
1.58156
4.38791
3.75886
2.57407
3.99847
2.49744
2.82192
4.96848
2.9964
4.26475
4.65985
2.58886
2.96088
4.37403
4.70165
4.42429
4.96446
4.19664
4.46827
4.7096
4.20442
3.78236
3.67939
3.8462
2.49305
1.45688
4.31901
3.935
2.41606
2.74892
4.56913
2.57174
3.04587
4.34486
2.97726
4.31272
4.58701
4.22391
3.03714
3.19239
4.44752
3.02398
4.50516
4.75382
2.6097
1.64352
4.01349
4.32399
3.86175
4.49608
4.02873
4.28429
4.48876
4.43266
4.7015
3.44475
4.9714
4.53357
4.14143
4.81132
4.17352
4.56365
4.97397
4.94579
4.46943
4.29811
4.66249
4.96071
4.29176
2.72363
2.51264
1.46945
2.29561
1.51632
2.5602
3.56924
3.80414
4.34265
3.03445
2.47707
4.58624
3.67905
3.44303
4.14013
4.38524
2.85213
4.16457
4.61015
3.46344
4.63793
4.33131
4.43967
4.19235
4.95159
4.84202
4.4466
4.5763
4.93251
2.82833
2.5039
4.18333
3.92423
4.32448
3.90988
4.44145
4.37997
4.99344
4.33244
4.58106
2.35138
3.5496
3.53648
2.23507
4.45446
4.17868
2.69332
2.45973
4.61646
4.43836
4.25291
4.8052
4.11749
3.63058
4.03739
4.94149
4.174
2.95423
4.94811
4.66521
3.89656
4.30336
4.67219
4.32327
3.70277
3.74038
3.57029
2.94645
4.26174
4.64065
3.92654
4.44092
4.5379
4.87695
4.96272
4.84578
1.52501
2.39833
1.52036
2.40183
3.75538
3.59765
4.63442
4.37523
3.06344
2.37537
3.85398
3.54783
2.91996
4.16963
4.6241
2.47872
1.69408
4.33999
1.53443
3.58224
2.82481
2.25176
2.9285
2.48231
2.9213
4.6602
4.84453
4.24576
3.76355
4.70351
4.26135
2.91886
3.89381
4.22582
2.53718
4.80362
3.69697
3.20771
2.67418
4.44928
4.02571
4.39903
4.87375
4.92904
3.67969
4.06575
2.66389
4.51655
4.83661
3.68087
4.10356
3.75675
4.53307
4.14336
4.22053
4.95935
4.27486
2.56953
3.82471
3.73156
4.80393
2.51612
3.11184
4.33905
4.98945
4.34855
4.01133
2.6582
4.55221
4.16919
4.44266
4.71008
4.27469
2.98136
2.52872
4.08717
4.2736
4.42127
4.50312
4.40291
3.92395
4.43474
4.48444
3.01164
2.46616
1.60319
2.50066
4.40257
2.9903
3.61025
4.04874
2.70737
4.57692
3.7295
4.27474
4.48722
3.39109
2.86501
2.39862
2.4887
4.55111
3.32272
3.62543
4.24641
2.83254
2.41772
4.42001
4.52066
4.22128
4.20565
4.87318
3.7209
4.29261
4.48454
4.39788
3.41013
4.56375
4.49055
4.31497
4.86855
4.13902
4.85517
4.30477
2.88301
3.74653
4.98236
4.58095
4.24986
4.63545
4.24338
3.7364
4.41053
1.42931
2.43536
2.95962
3.62093
1.47031
2.47532
2.88567
4.2315
4.54108
4.41392
3.77618
2.99094
2.60878
2.87725
4.1728
4.91904
4.34561
3.76033
4.2597
4.44789
2.33317
4.90511
2.78744
4.32176
3.63353
4.25756
4.15351
3.92826
4.15216
4.26564
4.51913
1.44864
2.55382
3.9061
4.67747
4.48338
3.77279
3.14902
2.4364
2.89258
4.2367
3.6893
3.34829
4.5402
2.45371
3.79688
3.07224
3.46716
4.5896
4.36683
4.61925
3.79584
4.84439
4.28782
4.63306
4.33269
2.41638
2.93408
4.80424
3.67697
4.39876
4.40131
4.62805
4.14518
4.04417
3.77221
4.23484
1.4037
4.35209
3.01663
2.31802
1.52352
3.45285
2.8561
2.36783
3.00382
4.53074
4.82101
3.93405
4.38305
4.2767
3.60669
4.16966
2.74854
4.76389
2.27309
2.75804
3.93283
4.55714
4.87435
4.29009
3.93611
4.46171
4.24359
4.29282
4.93349
4.15523
4.39362
4.35049
4.59374
4.43459
3.55589
4.57481
4.32842
4.68916
4.91139
2.85746
4.2162
4.42265
4.6969
4.73229
3.72342
4.61123
4.22526
1.52153
2.46605
2.92534
2.36778
2.77602
3.55534
1.43589
2.47225
2.70796
4.69878
4.24349
2.94084
3.64762
3.92429
4.33288
4.4124
4.68978
2.54906
4.38858
3.83221
2.99003
3.74683
4.21831
4.80539
4.37112
4.24728
2.4058
4.38672
2.82673
2.47087
4.53948
3.56455
3.67398
4.269
4.22741
4.67225
4.1157
3.86806
2.41064
4.98441
2.78965
2.41067
4.47444
4.39099
4.59723
4.43881
4.23702
4.36577
4.44512
3.88619
4.38956
4.76697
3.63693
3.81869
4.19242
4.58841
2.84088
3.49607
2.95412
4.12787
3.53415
4.87316
4.52575
4.25381
3.77389
4.239
4.63106
1.53197
4.28179
2.93322
2.44429
2.94689
2.59454
1.5289
3.48453
4.73495
4.24546
4.52963
4.46946
4.42916
3.49033
3.81637
2.88216
4.41553
4.12151
3.41971
2.81716
3.81712
4.19639
4.45025
4.97876
4.92681
4.22203
3.79886
4.34262
4.64027
3.75588
4.59479
4.08648
2.70893
3.36676
2.82404
4.30474
3.99269
4.52156
4.95525
4.82318
4.40444
4.83825
3.71278
2.47004
4.32128
4.31787
4.53671
4.97947
4.55084
4.38688
4.36627
3.79461
4.18293
2.43378
2.92668
4.43248
4.74293
2.51212
3.85339
3.56825
4.5391
4.23375
3.95303
4.27626
2.56693
3.07267
4.33742
4.9309
3.76268
4.2651
4.85671
4.41985
4.40363
4.48407
2.53266
2.74301
2.39576
2.97877
2.36577
2.78038
3.63788
4.09718
4.50338
4.89325
4.24498
4.42971
3.35355
4.21154
4.70204
4.87519
4.50804
4.29049
4.94082
4.68106
4.42061
4.90709
4.13117
4.48655
3.46316
4.48167
4.5083
4.84157
1.50827
4.26537
3.79913
4.33608
3.83497
4.25045
3.8253
3.14119
4.32029
2.95737
4.26549
3.00489
2.45391
4.59415
4.39026
4.47513
2.74708
2.44558
4.61659
4.39384
2.88375
4.22842
2.92503
3.44159
3.69339
2.5524
3.73761
4.32174
1.52415
2.51138
3.83719
4.67933
4.21247
4.67511
4.16249
4.88483
4.11432
4.63571
2.7811
2.5056
2.9335
2.40424
2.82489
2.56365
3.84598
3.29368
3.82771
2.40431
3.72402
2.4001
1.51387
4.17098
4.95314
4.63463
4.41708
3.9024
3.67922
1.47015
4.45588
4.06192
2.59187
3.97583
2.71799
2.95548
4.99306
2.78298
4.49911
4.57683
2.40352
3.05371
4.18417
4.87938
4.21545
4.47138
4.5811
4.19335
4.59776
4.44838
3.73907
3.72183
3.85695
2.49335
1.59372
4.36429
3.86897
2.48533
2.91163
4.8948
4.30512
2.45727
2.77605
4.13215
2.9002
4.17696
4.34534
4.49687
2.9494
3.08369
4.48386
3.03837
4.45217
4.78098
2.54181
1.37672
3.82677
4.25963
3.82032
4.38133
3.80624
4.2346
4.99254
3.44336
4.58115
4.28341
4.8478
4.06889
4.42162
4.51145
4.39423
4.77645
4.90224
4.22553
2.80003
2.48181
1.41531
2.24697
1.58618
2.65253
3.56085
3.79975
4.31991
2.87618
2.32791
4.58854
4.96069
4.26247
4.51132
3.37767
4.68752
4.48202
4.65366
4.32384
4.82568
4.26661
4.55693
4.24242
4.56415
2.94935
2.51052
4.29002
3.88523
4.29886
3.86889
4.3115
4.27764
4.96168
4.19114
3.8433
2.39723
3.56684
3.86783
2.58683
4.56574
4.26245
2.8628
2.56045
4.87329
4.44995
4.21978
4.18141
4.1724
4.06059
3.84266
3.11014
4.9531
4.60767
3.92552
4.31929
4.58577
4.46528
4.57252
4.97793
3.77077
3.66289
2.99907
4.44555
4.57961
3.83913
4.22619
4.90215
1.46779
2.53041
1.55972
2.3669
3.83676
3.40852
4.50752
4.20384
2.73895
4.81816
4.47544
3.01023
3.95132
4.38449
2.60356
1.58493
4.29998
1.59865
3.56564
3.11633
2.50501
3.02589
2.5509
2.81901
4.37308
4.17982
3.84141
4.94659
4.98733
3.81052
4.34384
3.72548
3.51526
3.11779
4.615
4.31777
4.62608
4.96034
4.65555
4.41913
2.95934
4.71482
3.84018
4.24279
3.69208
4.14653
4.33742
4.81598
4.99991
2.5808
4.43425
4.27284
4.19385
2.31761
3.7863
3.39871
4.47491
2.37175
2.98513
4.19216
4.82742
4.19142
3.66682
4.48055
3.9005
4.51028
4.31055
4.5614
4.43101
2.73983
4.95075
2.61928
3.81554
4.21798
4.89606
4.19143
4.53697
2.97852
2.4626
1.39604
2.54707
4.30003
2.8937
3.54836
3.75709
2.32728
4.53407
4.3586
3.89201
2.53947
2.51333
4.61858
3.75202
3.8165
4.37442
3.01693
2.48935
4.16438
4.48809
4.3691
4.98889
4.92061
4.2432
4.42224
4.60169
3.76361
4.46265
4.62544
4.42514
4.91946
4.31163
4.98404
4.19206
3.73222
2.98841
3.70006
4.73281
4.52754
4.16774
4.99174
4.40038
4.99921
4.27484
2.9862
4.20606
4.54791
3.77482
4.17321
1.44368
2.49284
2.87716
3.45659
1.46776
2.57364
2.83729
4.28566
4.49771
4.27465
3.77307
4.92312
2.91941
2.37032
4.36433
4.60511
4.32543
4.75664
2.4332
4.93942
3.13214
4.3595
3.81014
4.19099
4.11618
3.83134
4.32489
1.45639
2.54834
3.92359
4.53887
4.23145
3.43515
2.78191
3.9796
4.40751
3.90119
2.87467
3.55153
4.62752
4.44099
4.57546
4.80457
4.33724
4.29921
3.86435
4.33407
4.48461
4.2073
2.41904
2.84831
4.94223
3.75234
4.2101
4.23681
4.42289
4.64697
4.40342
3.87871
4.35157
2.96532
2.60272
1.45785
4.43782
2.88192
2.59377
1.62141
3.49833
2.92309
2.36401
2.88657
4.97031
4.11938
4.40441
4.71999
3.63842
4.77615
4.38799
2.89595
3.89274
4.53291
4.99196
4.21454
3.58483
4.33517
4.44547
4.44179
4.59343
4.25064
4.69355
4.52039
3.62305
4.79218
4.88848
2.77933
4.28777
4.82224
4.42488
4.39188
3.27291
4.71357
4.62557
4.78639
2.71453
4.44482
3.98227
3.08719
2.58155
2.48938
4.60559
4.50583
2.9489
3.62408
3.91029
4.23437
4.95533
4.49372
4.22731
3.67654
4.14828
4.81988
4.34579
4.6512
4.31516
3.85621
2.47649
2.87009
2.26858
4.20307
2.9112
2.54982
4.49519
3.48114
3.67921
4.22254
4.77379
4.47662
4.53632
4.41956
3.91853
2.49442
4.35902
4.26518
4.43167
4.05319
3.72756
4.60406
4.81283
3.07572
4.29695
3.93259
4.59895
3.7094
4.31212
4.55295
2.90359
3.70561
4.82617
4.45185
4.81716
4.19775
4.01158
1.57508
4.26633
3.02997
2.5514
2.96549
2.57183
1.48895
3.58415
4.96865
3.78296
2.89583
4.76229
4.33464
3.67098
2.96886
3.80852
4.33236
4.71315
4.9424
4.46
3.92585
4.46611
4.69658
3.83827
4.82025
4.47314
3.25294
3.72119
3.18798
4.48465
3.94177
4.73414
4.59491
3.82345
4.12993
2.44626
4.9939
4.06372
4.8601
4.20898
4.35656
4.7024
4.35729
4.08854
4.10682
3.74245
4.23921
4.81387
4.95476
2.35189
2.81826
4.15288
4.37365
2.34847
3.78132
3.29687
4.41879
4.27333
3.75091
4.17983
2.39511
2.68441
4.96951
3.70265
4.40448
4.85939
4.9931
4.37052
4.30944
4.42497
2.40254
2.96572
2.49953
2.8434
2.41304
2.89427
4.72705
4.31595
4.74889
3.64016
4.22592
4.33943
4.40518
4.39809
4.93352
4.59938
4.34867
4.96394
4.5835
4.69339
3.66479
4.29285
4.59997
4.90666
4.63945
4.10571
1.51015
4.22557
3.78087
4.11022
3.90261
4.33729
3.63819
4.90519
2.90498
4.08967
2.73306
3.97485
2.65968
2.41086
4.30634
4.90237
4.50215
4.14441
4.9738
2.97274
2.58835
4.65105
4.28495
3.03386
4.45049
2.83484
3.42951
3.78931
2.38681
3.81296
4.18662
1.50565
2.37445
3.78494
4.31917
4.40055
4.91016
4.22137
4.88696
4.66069
2.94372
2.32509
2.66897
2.35945
2.89688
2.34339
2.76514
3.0975
4.32837
4.41343
2.56765
2.96681
4.37263
4.25828
4.2803
3.76502
3.61919
1.48796
4.38923
3.74823
2.41673
3.85216
2.43275
4.5738
4.34566
4.99246
4.17644
4.53859
2.95174
4.76073
2.56366
3.04924
4.40694
3.1056
4.27223
4.41408
4.27461
3.76489
3.74967
3.68767
2.58272
1.48216
4.26304
3.89942
2.46181
1.52136
4.08532
4.43913
3.98597
4.31224
3.93562
4.41872
4.80368
4.30323
2.81935
3.07039
4.33606
3.05115
4.48145
4.65903
2.6091
4.75751
4.91561
4.14885
4.43933
4.78511
3.37394
4.92759
4.70124
3.87254
4.93696
4.74823
4.09761
4.96988
4.2476
4.15067
3.00876
2.41928
1.56048
2.57737
1.54642
4.16194
4.93846
4.91698
4.46211
4.38478
3.58437
4.31095
4.64711
4.60568
4.28731
3.90193
4.26565
4.26105
4.31739
4.68144
4.28992
4.67638
4.88428
2.93762
2.54702
4.37793
3.77693
2.56562
4.60079
4.37492
4.48568
4.46998
3.98491
2.60361
3.58478
3.99279
2.60819
4.61896
4.46858
3.06848
4.29283
4.32993
4.98619
4.31421
4.01888
3.71423
2.68526
4.76893
4.35079
3.59462
4.17456
4.89272
4.83619
3.76274
4.15843
4.57255
4.99019
3.82956
3.30654
2.65388
4.15673
4.44812
4.87391
1.53516
2.41427
1.55022
2.47446
2.72147
4.67818
4.24414
3.8088
4.55764
4.35774
2.75195
3.97169
4.20599
2.5647
1.60864
4.32429
1.38559
3.6537
2.97163
2.4018
2.98639
2.39499
4.93026
4.5816
4.88802
4.87604
3.90353
4.35512
3.9199
3.60564
2.87313
4.62007
4.26966
3.67864
4.54687
4.26882
2.81309
4.63561
4.91662
3.83242
4.27251
4.34346
4.31923
4.79304
4.85809
4.24419
3.80666
2.46086
4.62096
4.92529
4.26621
4.22186
2.44449
3.74982
3.38423
4.55677
2.28303
2.82087
4.36977
4.09944
4.64972
4.41352
3.82998
4.33676
4.22303
4.38555
4.36474
2.68282
2.47118
3.7807
4.25356
2.72094
2.44042
1.40508
2.23379
4.35332
4.81351
4.40908
4.273
4.18957
3.93407
2.63574
2.34016
4.7043
3.61766
3.73484
4.38802
2.8152
4.94531
4.20345
4.9925
4.83424
4.31678
4.49234
4.57023
3.37491
4.75011
4.4277
4.06361
4.16692
4.95398
4.45766
4.16539
3.86694
2.90087
3.70538
4.79066
4.40607
4.30241
4.38078
4.44815
4.19605
3.74304
2.82617
2.44844
3.02375
4.44285
4.97802
4.62801
3.84046
4.31221
1.53564
2.41763
2.92155
3.56788
1.34189
2.50705
2.99912
4.18454
4.17808
3.64309
4.44017
4.46706
4.62476
4.2763
4.63201
2.46021
3.04894
4.35231
3.86695
1.55593
2.36372
4.29586
4.92441
3.67874
4.98663
4.43575
3.85376
2.83961
3.47717
4.67673
4.1991
4.33666
4.52444
4.41658
4.39098
3.84405
4.40688
4.60538
4.40948
2.52302
2.93184
4.99178
3.9112
4.25518
2.92443
4.26332
4.56916
3.93509
4.58355
4.65493
4.05246
4.43048
3.01506
2.64752
1.66454
4.41899
2.90877
2.59081
1.55134
3.55046
3.07395
2.56769
3.69732
4.76765
4.43311
2.85293
3.97156
4.6746
4.38009
4.22673
4.11518
4.77067
4.81066
4.99459
4.18423
4.91809
4.70103
4.16455
4.33626
4.70482
3.16211
4.32556
4.90919
4.88539
2.9149
4.1493
4.22377
4.73654
2.35065
4.47815
3.8278
3.08656
2.53771
2.50588
4.80692
4.41257
2.98025
3.70284
3.83668
4.55271
4.24263
3.86888
4.32981
4.99261
4.39714
4.18718
4.91859
4.44895
3.88424
2.64712
3.0437
2.63238
4.28433
3.12486
2.59439
4.58995
3.67835
3.9518
4.30116
4.26497
4.52993
4.4107
3.96473
2.49942
4.53683
4.48623
4.72737
3.71709
4.49501
4.91502
4.93445
4.8193
4.87315
2.74919
4.19428
3.65318
4.90074
4.32857
3.77674
4.12892
4.38022
2.62432
3.26209
4.16702
4.58141
4.05519
3.80561
4.91725
2.70074
3.93518
4.1968
4.55566
4.94719
3.90302
2.83286
4.58391
4.21933
3.43297
4.32563
4.56063
4.24068
3.91583
4.96495
2.92597
4.17867
3.78482
4.61639
4.81617
3.86743
4.47966
4.33263
2.85246
3.48111
3.65415
4.44138
4.94808
4.17831
4.25098
4.23219
3.70756
4.29062
2.41512
4.18511
4.21641
4.55892
4.82426
4.6322
4.19332
3.76097
4.22668
2.4472
2.82718
4.91268
4.30373
4.88989
2.46775
2.7959
4.2129
4.50972
2.24052
3.73546
3.48863
4.41564
4.11746
3.73167
4.33102
4.93533
4.8718
2.71583
3.21741
2.58618
2.92025
2.63703
3.14554
3.68111
4.51486
4.43398
3.40234
3.90671
2.35867
3.88284
2.50999
3.72558
4.27496
1.51105
4.87733
4.4838
4.28557
4.42135
4.14573
3.42883
4.44577
4.63321
4.81803
4.32564
4.53738
4.51692
4.9108
4.79944
4.34063
4.53126
4.90024
2.9958
4.11596
2.87443
4.32341
2.71924
2.42458
4.43821
4.39799
4.41017
1.33025
3.98491
3.52819
4.17257
3.40885
4.0669
3.70388
3.41389
3.91546
2.49916
3.96991
4.39654
1.51777
2.70516
3.77947
4.80989
4.35913
4.67714
3.01103
2.29098
4.6392
4.33247
2.8506
4.15654
2.89954
2.90654
2.44146
2.92105
2.66298
3.08686
2.54073
3.86811
3.3181
4.01502
2.33397
3.72755
2.56149
1.52915
4.28109
3.61932
4.46057
4.52936
2.94604
2.86741
4.28425
2.84118
4.23746
4.5512
2.36521
1.40208
3.76014
4.36299
3.76895
4.39217
3.99034
4.2608
4.3929
4.39538
4.42667
4.67451
4.5391
4.20539
4.08274
3.62155
3.99337
2.58374
1.62124
4.47148
3.94964
2.55297
3.06279
4.95651
4.65232
2.34664
2.85192
4.44917
3.14617
4.19931
4.96283
4.72957
4.99405
4.40757
4.90975
4.41389
4.22192
4.62866
4.96758
4.13914
3.38187
4.6396
4.40563
4.83285
4.12999
4.31589
2.87717
2.29847
1.42694
2.5586
1.42881
2.41528
4.98099
3.60477
3.59921
4.26336
2.85058
2.34097
4.51343
3.83861
3.68681
4.30681
4.63178
3.04999
4.16206
4.87774
4.18387
4.39945
4.62164
2.8611
2.48763
4.41803
3.78708
4.27524
3.77118
4.44845
4.32705
4.38568
4.54925
2.53699
3.62707
3.76547
2.37025
4.54396
4.28469
2.80139
2.49263
4.34294
4.14534
4.34055
4.39485
3.83376
4.89122
2.96202
4.91958
4.6904
3.82967
4.44299
4.56734
4.40912
3.94517
3.66023
3.48415
2.909
4.42205
4.4034
4.74855
3.756
4.0507
4.57576
4.98465
1.60456
2.37373
1.4866
2.57578
3.94646
3.43817
4.59471
4.32683
2.92169
2.31319
3.90836
3.46891
2.88623
4.28449
4.52949
2.62344
2.68873
4.37919
4.85761
3.6705
4.98447
4.12737
3.67343
4.94598
4.46279
4.15635
4.84482
3.77914
3.3414
2.77749
4.33559
4.15273
4.61635
4.76852
4.86371
3.70074
4.11712
4.78652
4.38942
2.9253
2.54378
3.8743
4.4774
4.27478
4.62156
4.16783
4.03868
4.41002
4.42308
4.49007
4.41414
2.40469
3.98319
3.57962
4.74507
2.63758
3.11612
4.33943
4.31718
3.75708
2.60037
4.59359
4.34905
4.46567
2.66394
2.39337
1.50308
2.52284
4.51116
2.88788
3.61452
3.80948
2.49085
4.59781
3.67629
4.19189
4.44742
3.37461
2.83996
4.14911
4.94119
4.25163
4.9599
4.77502
4.12589
4.64111
4.45341
3.37318
4.76323
4.41966
4.29124
4.91788
4.82384
4.98137
4.47786
4.79009
2.60555
3.02288
4.39716
4.09557
4.46421
4.35815
3.90625
4.50312
4.42829
4.68216
2.9681
3.89013
4.99861
4.36649
4.33329
4.5297
4.356
3.73894
4.36401
1.53981
2.50791
2.95532
3.63862
1.56978
2.56793
2.87915
4.36507
4.7283
4.24659
3.91019
2.96022
2.42339
2.8558
4.22097
4.99029
4.48935
3.85285
1.54364
2.41656
3.72714
4.72361
4.1732
3.61042
2.89502
2.54664
2.98573
4.33395
3.69303
3.53703
4.59537
2.49727
2.8902
3.96264
4.6326
4.33917
3.90019
4.58937
4.41873
4.547
4.43941
2.47942
2.9107
4.97394
3.93665
4.23009
4.33024
4.64646
4.55444
4.43404
3.82122
4.2073
1.60942
4.48277
3.09799
2.59142
1.61516
3.56667
3.00294
2.51643
3.05992
4.25196
4.58147
4.04457
4.6037
4.31102
3.94554
4.38889
3.02932
2.5317
4.90502
4.21321
4.75249
4.19009
4.79925
4.0692
4.38624
4.65649
3.31813
4.54763
4.84561
4.89075
4.25204
4.95623
4.8501
3.01469
4.37887
4.5694
4.52443
4.71625
3.59701
4.49702
4.3019
1.45117
2.55973
2.87613
2.34957
2.8885
3.46333
1.61027
2.38253
4.35011
4.31838
4.936
4.56963
4.33843
4.2038
4.16651
4.2787
3.81455
3.81155
4.35316
4.67247
4.29085
2.50245
4.40354
2.91763
2.54497
4.45597
3.42005
3.82934
4.49141
4.302
4.43648
4.34997
3.78033
2.43095
4.98219
2.82663
4.2217
3.82166
4.93944
4.41915
4.62939
4.65202
3.82307
3.66906
4.29786
4.49686
2.83917
3.5812
4.81076
2.92798
4.12739
3.73056
4.83434
4.54626
1.51083
4.17019
3.08613
2.36498
2.94648
2.45595
1.50097
3.4985
4.49686
4.32008
4.65337
4.55149
4.51393
3.61995
4.50669
4.89827
3.80356
4.2184
3.75275
4.90329
4.20113
4.7271
3.84989
4.67816
4.30793
2.86875
3.47201
2.94214
4.21115
3.755
4.72001
4.84488
4.94486
3.84311
4.33303
4.45909
4.25305
2.55543
4.4194
4.19902
4.65066
4.81856
4.24561
4.18589
4.25549
3.88931
4.34447
2.45235
2.92064
4.28819
4.60717
2.58738
3.94237
3.40937
4.53988
4.33507
3.64992
4.21454
2.43264
2.71657
4.90911
4.30983
4.47142
2.61955
2.86353
2.63131
2.83754
2.48037
2.91796
3.46645
4.28848
4.61713
4.95817
4.5043
4.16798
4.83733
4.4683
4.48594
4.9332
4.24574
4.52458
3.48486
4.23479
4.53024
4.88098
4.40437
4.41119
4.28661
4.58139
1.60024
4.1357
3.98087
4.3714
3.71186
4.35913
3.68006
4.81816
2.87475
4.32939
2.82288
4.31147
2.84678
2.54833
4.59006
4.58926
4.3058
3.01643
2.51568
4.60549
4.37785
3.05278
4.41803
2.87839
3.52402
3.96476
2.33649
3.81249
4.27099
1.65376
2.42288
3.82195
4.89928
4.52783
4.35727
2.93003
2.41732
2.7571
2.38118
2.80102
2.46535
3.81052
3.60531
3.92649
2.57448
3.80771
2.62697
1.52291
4.3448
4.6568
4.17244
2.84682
3.1003
4.4284
2.89958
4.52711
4.69496
2.67759
1.51902
3.85726
4.44687
3.91566
4.40555
3.94317
4.3842
4.08842
4.61378
4.52944
4.56042
4.97005
4.45538
4.30374
3.76562
3.70187
3.911
2.57157
1.52364
4.41888
4.00201
2.48917
3.13528
4.77451
2.53965
2.92956
4.56602
2.9587
4.37736
4.82922
4.34218
4.18184
4.61031
4.38083
4.90583
4.88165
3.33231
4.7454
4.01296
4.92766
4.14629
4.45409
3.07122
2.72304
1.55917
2.66591
1.65747
2.40858
3.26454
3.92195
4.25093
2.70158
2.47203
4.34781
4.46341
4.20328
4.31811
4.6324
4.17814
4.64368
4.93939
2.77157
2.53244
4.28841
3.77017
4.28221
3.73448
4.10084
4.21139
4.4273
3.97122
2.502
3.57186
3.92176
2.48492
4.65158
4.51002
2.77061
2.26409
4.86946
4.3904
4.12526
4.12297
4.99821
4.01521
2.81973
4.53486
3.80473
4.45237
4.36888
4.17797
4.82263
3.95502
3.44628
3.01518
4.34771
4.50898
4.62716
3.68017
4.28691
1.46944
2.39539
1.4494
2.47606
3.82562
3.65442
4.67409
4.36132
2.93814
4.50606
4.21813
2.85518
4.68492
3.9671
4.50566
3.81824
4.75277
4.90656
3.70295
4.23521
3.78452
3.50499
2.88274
4.74123
4.21995
4.64604
4.95256
4.38547
3.72307
4.20605
4.35966
4.48853
4.37505
2.83212
2.49717
3.90307
4.4808
4.52431
4.76341
4.31453
4.2976
4.82385
2.4676
4.51865
4.82195
4.33347
4.21259
2.51948
3.7069
3.38947
4.4829
2.23818
2.69092
4.24094
4.93198
4.26285
3.89621
2.86172
2.49087
1.51521
2.55826
4.31637
2.90909
3.56807
3.84856
2.43984
4.53946
4.20112
4.91751
4.13865
4.92071
4.35354
4.44195
4.54855
3.4633
4.48455
4.49604
4.3932
4.8688
4.25435
4.56768
4.1624
4.33494
2.29232
4.89601
2.77732
4.27572
3.86244
4.3162
4.33513
3.86262
4.25742
4.03708
3.07727
3.84434
4.66997
4.46403
4.58468
4.47683
3.01072
4.42783
4.75806
3.88716
4.36241
1.47812
2.52712
2.75577
3.42117
1.41985
2.4035
2.87232
4.21716
4.61725
4.16909
3.7164
4.9449
2.88121
2.49835
1.50842
2.45028
3.69655
4.42172
4.3049
3.39496
2.8147
4.6054
4.2931
3.00146
3.88258
4.60413
4.39675
3.70147
4.4945
4.38489
3.86278
4.40418
4.50033
4.47433
2.36634
3.01296
3.89538
4.38555
4.3512
4.63325
4.75624
4.41192
4.06727
4.42969
2.98094
2.63458
1.58971
4.39209
3.06627
2.53421
1.48338
3.70536
3.18448
2.39344
2.88076
4.15751
4.41866
3.68145
4.88825
4.32473
4.13863
4.87086
4.27451
4.70777
4.19842
4.31483
4.72367
3.32229
4.32069
4.7311
2.92843
4.26468
4.57593
4.63739
4.53383
3.48209
4.66747
4.26131
4.23762
4.29708
3.76005
2.4784
4.32537
4.37869
4.66751
4.21194
4.50784
4.23899
3.65415
4.41309
4.94541
4.36992
4.60088
4.39
3.83905
2.43384
4.99036
2.88822
2.50042
4.37381
2.85285
2.42851
4.66336
3.69936
3.71475
4.31812
4.80622
4.26284
4.55417
4.19322
3.80479
3.89915
4.52152
2.89872
4.31288
3.91735
4.48974
3.82776
4.15127
4.45972
2.77452
3.31307
4.97443
1.48394
4.29361
2.89909
2.52132
2.88174
2.51484
1.52988
3.43114
4.58481
3.74873
4.27573
4.09673
4.56027
4.67834
3.88041
4.76966
4.40794
2.94868
3.5394
3.03672
4.27391
3.80014
4.57909
4.98798
3.63903
4.21354
4.96442
4.5758
4.34849
4.37607
2.45061
4.15574
4.2824
4.59586
4.92578
4.24963
4.12886
4.27166
3.79608
4.35554
4.90443
2.3946
2.76349
4.08278
4.34304
2.31518
3.66684
3.28323
4.27711
4.28858
3.5063
4.12298
2.28664
2.73748
4.8067
4.58519
2.42944
3.00517
2.57117
2.88208
2.50722
2.85837
4.88588
4.28056
4.47023
4.73549
4.35064
4.90441
4.89723
4.26299
4.9937
4.51685
3.49367
4.29056
4.38253
4.66905
4.24215
4.97625
4.4321
4.70965
4.57703
4.35402
1.48957
4.3467
3.71061
4.15416
3.75744
4.28579
3.76585
4.95186
2.91663
4.31308
2.77623
4.33647
2.89442
2.45546
4.71247
4.7619
4.3992
4.3579
4.90389
2.97517
2.41397
4.43778
4.15847
2.85712
4.2406
2.74711
3.27431
3.88714
2.23513
3.81237
4.28645
1.45925
2.38207
3.75259
3.05131
2.4776
2.76648
2.59004
2.91832
2.55356
1.48187
3.92595
4.38493
3.84083
4.3146
3.84079
4.32598
4.56373
4.4068
2.90848
2.85575
4.25263
2.91748
4.28091
4.59002
2.51771
4.53838
4.34892
4.51319
4.63166
3.00523
4.638
2.52342
2.98033
4.19838
2.85209
4.29407
4.57044
4.30958
3.97415
3.47913
3.97249
2.55269
1.53653
4.50583
3.95142
2.47678
4.57505
4.99292
4.20539
4.78646
4.63122
4.34507
4.93454
4.70722
4.15822
4.54975
4.85308
3.51542
4.96241
4.63538
4.17164
3.05779
2.46255
1.51754
2.55296
1.49686
4.35427
4.31429
4.34279
3.86534
4.39099
4.45289
4.25085
4.5887
4.32724
4.77286
4.82634
3.08803
2.49037
4.40861
3.81389
2.47586
4.70067
4.45536
4.35549
4.29366
3.83298
2.46301
3.69141
3.88606
2.61659
4.78075
4.3972
3.00532
4.43145
4.23126
3.67273
2.79294
4.75327
4.28893
3.47117
4.08877
4.85307
3.62978
4.36302
4.55114
4.83873
4.98263
3.88452
3.17556
2.76372
4.14404
4.45219
1.47627
2.66109
1.61065
2.54447
3.81844
4.58311
4.50427
2.90075
4.50691
4.96916
3.86647
4.31036
4.61897
3.90875
4.35905
4.05179
3.56787
2.91098
4.66794
4.33191
4.99644
4.20739
4.43713
4.05409
3.7466
4.31806
4.26788
4.53011
4.16821
2.92518
4.91863
4.98104
2.49979
3.72772
4.20977
4.39706
4.32387
4.84676
4.80853
4.14374
3.77717
2.37934
4.60414
4.84819
4.19417
4.17771
4.98569
2.49135
3.62618
3.33194
4.45143
2.38924
2.81148
4.2139
2.86714
2.44777
1.46024
4.14927
4.167
4.93362
4.94014
4.17229
4.89266
4.91016
4.30189
4.71863
4.45425
3.36546
4.55056
4.41702
4.41077
4.21656
3.81983
4.31356
4.3753
4.69339
4.41905
4.51094
2.67738
4.96487
3.06109
4.31034
3.92289
4.5443
4.43835
3.94821
2.95159
3.77701
4.52114
4.41028
4.24999
4.32268
4.27067
3.78854
4.95335
2.75408
2.54126
2.97193
4.44119
4.9958
4.54665
3.82007
4.20506
1.58614
2.38425
2.96598
3.57238
1.55382
2.48568
2.94176
1.61181
2.44791
3.85167
4.72182
4.49146
2.93728
3.83598
4.67685
4.40991
4.27896
4.61318
4.37018
4.07144
3.72183
4.3014
4.57036
4.41751
4.97958
2.61897
2.87599
4.88255
3.90321
4.22318
2.84474
4.36907
4.6479
4.77702
3.77809
4.42942
4.45099
3.82917
4.42943
2.91663
2.46111
1.54775
4.3241
3.02507
2.51494
1.58487
3.69544
2.97239
2.48393
4.18479
4.20462
4.68166
4.76279
4.2851
4.82448
4.76195
4.38416
4.24069
4.67246
3.35651
4.45536
2.90899
4.27802
4.27821
4.43298
4.27473
3.9585
2.37966
4.2166
4.31594
4.55932
4.39552
4.39643
4.0648
4.39746
4.29961
4.87451
4.2565
4.68292
4.38105
3.90894
2.46536
2.88106
2.63702
4.46072
2.86846
2.43065
4.76272
3.51166
3.8246
4.17011
4.52485
4.3908
3.92174
4.95129
3.82141
4.55441
4.95883
4.98091
2.81216
4.22637
3.6525
4.83351
4.40623
3.88645
4.03742
4.43696
2.76486
3.40581
3.8505
4.53096
4.27504
4.59332
4.4216
3.78345
4.886
2.87556
4.39649
3.94038
4.54773
4.90621
3.79291
4.6635
4.31559
2.94086
3.50386
4.56911
4.39624
3.99625
4.45783
4.31684
4.21864
4.16518
3.82136
4.2069
2.38307
4.04449
4.00684
4.42282
4.94872
4.40675
4.18039
3.7552
4.27694
2.3154
2.99016
4.79954
4.2738
4.77809
4.9056
2.53857
2.63451
4.2778
4.51965
2.35534
3.67031
3.43262
4.72757
2.54585
3.08506
2.57666
2.91224
2.55828
2.96331
3.50366
4.5493
4.65036
3.55643
3.93963
2.44018
3.81783
2.55341
3.79953
4.35445
1.63038
3.60174
4.55132
4.48492
4.90274
4.50376
4.71421
3.51478
3.95168
4.20228
1.46455
2.44507
3.64999
2.32455
3.70899
4.42611
4.38294
2.80401
4.28808
2.97084
2.42532
4.64022
4.38907
2.7727
3.47157
4.40345
4.50388
4.91423
4.55705
4.68117
4.99929
4.96053
4.64888
4.2516
4.58241
4.26709
2.95202
2.48234
3.03725
2.44583
2.94631
2.67747
3.96774
3.61581
3.87893
2.48717
3.91979
2.45087
1.49979
4.29332
3.3832
4.62914
4.39403
3.8442
3.46153
1.43736
4.30124
3.88766
2.47974
3.75808
2.55856
3.04419
2.89793
4.54017
4.5485
2.46291
2.93299
4.30717
4.90196
4.58513
4.28688
3.6742
4.57171
4.41201
4.39195
4.69451
3.77989
3.48752
3.84989
2.34075
1.40773
4.2772
3.79172
2.35357
2.96966
4.97663
4.56755
2.472
2.94177
4.2383
2.84484
4.25956
4.85778
4.5855
4.2036
2.82949
4.77745
2.87676
4.24459
2.86776
4.25171
4.41639
2.51668
1.52014
3.68154
4.27753
3.88744
4.21429
3.65178
4.31988
4.68374
4.07148
4.28376
4.64892
4.46638
4.35802
2.90756
2.43312
1.53226
2.54933
1.39533
2.41349
3.29221
3.78292
4.19784
2.84573
2.55338
4.3945
3.84929
3.65698
4.31962
4.61257
3.03682
4.26321
4.59349
3.54643
4.68196
4.63481
4.48764
4.29508
4.87339
4.52999
1.6637
3.48719
1.60396
2.51004
3.07546
2.64905
2.88784
4.35303
4.46194
4.93509
2.70954
4.23567
3.88642
2.50897
2.99117
4.7734
4.46087
3.92712
2.55191
3.73702
3.99049
2.5636
4.71327
4.4769
2.95996
2.53394
4.95653
4.58604
4.35314
4.35699
4.54417
3.98034
4.30208
4.35233
4.58812
4.6851
3.07624
2.57093
4.33215
3.97124
4.32311
3.87622
4.28337
4.45153
4.4254
4.74676
1.54786
2.39231
1.51472
2.55709
3.78994
3.47119
4.55548
4.24518
2.92541
2.45766
3.9252
3.4341
2.98346
4.31285
4.62273
2.5942
1.5177
4.26956
1.61967
3.42699
2.88115
2.50846
2.88296
2.30839
2.90728
4.50066
4.2539
3.82456
4.49664
4.28639
2.98016
4.90146
3.82982
4.2913
2.49981
4.47997
4.44412
4.59633
3.57009
4.62337
4.58063
4.88496
4.329
3.77522
3.47101
2.83926
4.65145
4.20516
4.59744
4.94883
4.99493
3.98742
4.3015
2.83719
4.60797
4.89858
3.75176
4.34239
3.8164
4.49992
4.22045
2.81315
2.46254
1.58128
2.4206
4.29811
3.00903
3.55691
3.88631
2.65028
4.5512
3.81154
4.32361
4.44891
3.54523
2.98167
2.46362
2.65611
4.51537
3.50114
3.91972
4.32898
2.86693
2.55828
4.34912
4.62092
4.38435
4.36634
4.95121
3.84214
3.97126
2.93856
3.52327
4.29428
4.53377
3.74719
4.95441
4.44714
4.52702
4.99584
4.25002
4.48162
4.60349
3.51966
4.44982
4.55137
4.37759
4.9757
4.27074
4.97885
4.41999
4.99714
1.51503
2.42
3.76038
4.38679
4.20499
3.40253
2.89331
2.4448
3.02729
4.17462
3.72973
3.52102
4.56654
2.49633
3.71286
2.86904
3.53579
4.46206
4.16175
4.5198
4.90215
3.92429
4.95603
4.27773
2.61629
4.48519
2.46651
3.82386
3.57363
2.97574
4.26511
4.15098
3.82715
2.56129
4.45212
4.62694
4.33817
1.57125
4.43763
3.11291
2.66227
1.57808
3.70005
3.11542
2.49937
2.98072
4.34839
4.60686
4.94525
3.86111
4.6182
4.42457
3.85598
4.40711
3.10757
2.61493
2.88344
3.98196
4.56068
4.42843
3.8328
4.63067
4.1853
4.78506
4.40628
2.61678
2.98635
3.85663
4.41779
4.35928
4.68602
4.36133
4.46314
3.89796
4.4673
2.96492
4.27822
4.53726
4.55533
4.53312
3.58061
4.56704
4.4018
1.52569
2.56624
2.76761
2.39475
2.89693
3.50776
1.53987
2.40072
2.5676
4.49
4.27847
2.9694
3.44702
3.6966
4.32393
4.11417
4.47399
2.57523
4.23563
3.79049
4.88906
2.91303
4.00055
2.92825
4.33925
4.53624
3.50248
2.95197
3.96716
4.32458
4.57017
2.46492
4.4369
3.02266
2.5132
4.70743
3.68527
3.81809
4.40117
4.98796
4.3095
4.72284
4.23897
3.90312
2.68441
4.90753
2.97908
2.44358
4.44356
4.2993
4.92153
4.68865
4.34342
4.21664
4.38895
4.20277
3.76101
3.91175
4.34807
4.93695
4.65215
4.31553
1.44989
4.4417
2.82536
2.62025
2.93002
2.55159
1.78328
3.45039
4.4877
4.32009
4.61189
4.60608
4.57144
3.6099
3.8724
3.08879
4.63843
4.46746
3.6056
3.06076
3.89957
4.40911
4.69941
4.96358
2.55923
4.46554
2.48276
2.85925
4.35397
3.84412
3.42178
4.53855
4.25281
2.32806
3.75721
4.31354
2.96997
4.8329
4.25884
4.99228
4.93445
3.79524
4.73079
4.42747
2.99005
3.54442
2.96237
4.39737
3.95919
4.66682
4.96487
4.60412
4.01816
4.35904
3.8273
4.35904
4.55179
4.72845
2.5715
3.06003
2.51545
3.12569
2.72737
2.97856
3.48625
4.36435
4.60545
4.88412
4.37371
4.55468
3.55013
4.37286
4.42701
4.957
3.06429
4.38362
2.95792
2.49424
4.74693
4.38398
2.9715
3.6092
3.93674
4.40072
1.54475
2.53445
4.01236
2.7661
3.81944
4.52263
4.22581
4.96175
4.36722
4.66309
3.64881
4.50012
4.44387
4.98919
4.4252
4.40786
4.75966
4.45974
4.97836
3.13725
2.47184
2.93804
2.59829
2.87649
2.46887
4.01379
3.54287
3.87727
2.59506
3.78434
2.52443
1.55501
4.25724
4.54104
4.50906
3.91733
3.58388
1.51256
4.45172
3.6661
2.5073
3.82102
2.39665
2.855
4.68668
2.92385
4.06929
4.53073
2.35358
2.70673
4.33422
3.6253
4.54037
4.52674
4.41115
4.66557
4.61289
4.34412
3.88452
3.39804
3.95346
2.47167
1.51802
4.384
3.94453
2.35412
2.92568
4.37395
2.44946
2.81737
4.13061
2.81376
4.21862
4.43397
4.40307
3.05234
4.87247
2.7844
4.33537
2.86191
4.25027
4.46969
2.39047
1.46518
3.8479
4.29673
3.63248
4.43096
3.72251
4.24633
4.93021
4.42208
4.67807
4.5501
4.20136
3.07383
2.6057
1.62006
2.55796
1.64164
2.69358
3.6107
4.14388
4.4561
3.05787
2.67392
4.68586
4.95349
4.46122
4.36912
3.64708
4.24273
4.66239
4.6499
4.42724
2.70302
4.78919
4.48005
4.21204
3.7427
4.21646
1.49324
3.3447
1.57845
2.56758
2.76046
2.38339
2.89777
4.49097
4.65299
2.99014
4.35586
3.86957
2.4112
4.95187
4.23742
3.74997
2.30751
3.49919
3.84382
2.64726
4.4715
4.33975
2.92091
2.44723
4.87755
4.78634
4.4742
4.28643
4.4371
4.87939
4.44017
4.1713
4.5395
4.14957
4.49469
4.89754
2.83695
2.38511
4.30376
3.7554
4.26412
3.777
4.25577
4.27836
1.65002
2.52611
1.47173
2.51317
3.96475
3.64271
4.57118
4.29356
2.90729
4.56092
4.22775
2.84251
4.8907
3.78713
4.26131
2.54326
1.597
4.37564
1.43634
3.62904
2.83343
2.37093
2.80898
2.35791
2.94373
4.52618
4.75449
4.12437
3.59867
4.42119
4.42388
4.36372
4.5196
3.67031
4.7269
4.76666
4.97512
4.823
3.72823
4.19534
3.82715
3.38239
2.85216
4.51323
4.1424
4.49641
4.91926
4.44625
4.25759
2.89713
4.31421
4.88766
3.72737
4.93691
4.19012
3.79117
3.00902
2.53616
1.5067
2.45993
4.15303
2.97216
3.44118
3.72946
2.41789
4.43146
4.33967
4.97421
3.95188
2.56268
2.53787
4.75314
3.53552
3.86106
4.32736
2.82981
2.44365
4.27571
4.90362
4.40569
4.14014
4.60261
3.82217
2.98472
3.53278
4.44411
4.48312
3.74068
4.81425
4.1858
4.94185
4.27964
4.68079
4.52149
3.52313
4.65929
4.42397
4.15041
4.94783
4.41566
4.97432
4.27553
4.9819
1.50764
2.51327
4.04729
4.6746
4.53372
3.63483
3.01476
3.72719
4.93056
4.37506
3.93916
2.89349
3.46574
4.53625
4.2739
4.6111
4.95033
2.50707
4.37687
4.67718
4.43219
2.57119
4.61499
2.68834
4.05975
3.60574
3.02921
4.46356
4.43162
3.89583
4.46368
4.23628
3.81691
4.19753
2.81196
4.84944
2.3529
1.42666
4.13885
2.88335
2.38311
1.58642
3.37156
2.8523
2.4308
2.94547
4.39872
4.59219
4.86487
3.77403
4.48601
4.31415
2.91553
3.60034
4.55103
4.82692
4.99714
4.22889
3.87475
4.34449
4.22517
3.87055
4.42607
4.62085
4.23296
2.49888
2.98119
4.84342
3.90197
4.35793
4.23329
4.62602
2.86678
4.40713
4.48317
4.65042
4.54156
3.46704
4.74439
4.32858
4.43758
2.40961
4.27567
3.79691
4.89186
2.92037
2.55542
2.327
4.67236
4.1774
2.74398
3.39797
3.66603
4.25565
4.69689
3.11757
4.04902
4.53758
4.76934
3.86684
3.09065
4.50568
4.7239
3.75517
4.95376
4.31739
4.50431
4.38736
3.73384
2.41493
4.96396
2.81623
2.52299
4.27522
2.7556
2.41588
4.4444
3.43426
3.6798
4.23497
4.8341
4.2155
4.23268
4.1841
3.78193
2.41099
3.99907
4.17885
4.9902
4.6816
4.39823
4.23193
4.62438
4.45706
3.89174
4.38225
1.71324
4.36998
2.84849
2.61841
2.94345
2.39796
1.47196
3.49153
3.86892
2.89936
4.51961
4.26216
3.42354
2.87082
3.91099
4.17125
4.39563
4.22699
2.46281
4.49155
2.60942
3.01935
4.2662
3.89487
3.51676
4.80846
4.2632
2.51289
3.81923
4.36599
2.86837
4.95886
4.86552
3.69945
4.53655
4.17633
2.86648
3.32681
2.71641
4.94922
4.30487
3.8354
4.36417
4.92855
4.59304
4.96905
4.85446
3.74179
4.27046
3.80052
4.92816
4.17251
4.43962
4.77907
2.46657
3.07869
2.55391
2.99532
2.62145
2.95773
4.45301
4.8804
4.57616
3.49017
4.52523
4.67964
4.96094
4.58982
4.18333
4.84555
3.04928
4.22377
3.00624
2.42432
4.57073
4.39702
2.81793
3.62304
3.85404
4.37161
1.51561
2.36092
3.98089
2.47944
3.76967
4.99784
4.4986
4.65197
3.51742
4.57616
4.61557
4.36156
4.41209
4.68635
4.32827
4.97667
3.07179
2.47652
2.90972
2.56141
3.00143
2.52962
2.89216
4.84409
2.8637
4.23526
4.54821
2.42555
2.79365
4.11146
4.65817
4.31494
3.7539
3.34944
1.69075
4.17215
3.84312
2.51982
3.81106
2.53454
4.30874
4.54477
3.58679
4.48093
4.50718
2.84336
4.90983
4.5206
2.42048
2.78802
4.32305
2.96449
4.13633
4.9113
4.62733
4.29891
3.90453
3.63773
3.71666
2.53876
1.65844
4.22879
3.78838
2.43218
1.36574
3.81488
4.11633
3.71864
4.30497
3.6857
4.26505
4.43128
4.31847
2.87062
4.933
2.97232
4.3857
2.78352
4.44622
4.59859
2.37339
4.40712
4.2657
4.95656
4.34268
4.55785
2.8783
2.35315
1.53446
2.47834
1.47527
4.29626
4.99524
4.1088
4.68864
3.70723
4.64299
4.56489
4.66133
4.33815
4.73141
4.88831
2.88579
4.31733
3.63509
2.36213
2.98601
4.82632
4.64285
4.25521
3.78782
4.40324
1.5623
3.53873
1.53671
2.38824
3.03073
2.58051
2.838
2.54815
4.82202
4.43807
4.55636
4.40487
3.89293
2.47677
3.51832
4.0557
2.7838
4.63625
4.30632
3.14116
4.34758
4.29949
4.35544
3.97988
4.31873
4.30537
4.37304
4.635
4.34291
4.62818
3.07001
2.50304
4.40844
3.90673
1.40278
2.47587
1.6306
2.35023
2.79663
4.54566
4.81055
4.21382
3.70595
4.68198
4.52264
3.10721
3.79687
4.47071
2.51596
1.42851
4.136
1.50804
3.34941
2.82986
2.3925
2.8562
2.46066
4.98154
4.86948
4.46269
4.42291
4.25239
4.48715
3.60923
4.49226
4.67943
4.42141
4.89419
3.94767
4.28176
3.82908
3.57116
2.98862
4.52204
4.24956
3.66716
4.63528
4.37217
2.93609
4.65593
3.72541
4.26955
4.96467
2.76968
2.42694
1.4252
2.51625
4.43869
4.58177
4.28359
4.34284
4.90397
3.76336
2.35049
2.51686
4.44002
3.49047
3.69479
4.2009
2.97806
3.79222
4.99528
4.12677
4.58829
4.97475
3.71209
2.94672
3.43292
4.32687
4.47667
4.14874
4.90525
4.93908
4.15116
4.55014
4.54824
3.58533
4.68312
4.50307
4.17286
4.19136
4.84661
4.84509
1.50034
2.38224
4.52047
4.98535
3.85013
4.21702
3.65404
3.0564
3.48806
4.44502
4.3599
4.23012
4.72174
3.68378
2.57378
4.45704
4.61812
4.96279
4.34009
2.48407
4.58363
2.53673
3.77517
3.59263
3.01984
4.24825
2.84375
4.41586
4.55109
3.94157
4.57308
4.22022
4.03873
4.36322
3.01168
2.51365
1.5223
4.49771
2.79441
2.66679
1.66683
3.49207
2.88142
2.54213
3.7755
4.57445
4.3077
2.88674
3.95473
4.44718
4.26972
4.28898
4.46211
4.37075
4.4254
3.91906
4.36199
4.56868
4.29656
2.49418
2.83306
3.91472
4.29253
2.85811
4.32029
4.92248
4.33489
4.72102
2.51791
4.18906
3.86721
4.96251
2.83378
2.36791
2.59256
4.39288
4.29317
2.83457
3.37695
3.9172
4.83705
2.98201
3.97994
4.37815
4.58658
3.82617
2.9774
4.26063
4.65503
3.56542
4.22528
4.27932
4.44182
4.42086
3.81636
2.51378
2.81061
2.41287
4.11947
2.98557
2.53255
4.43788
3.41249
3.8135
4.22779
4.43187
4.22003
4.30111
3.80338
2.45488
4.39362
4.18704
4.95456
4.55146
4.63827
4.36166
3.75999
4.21395
2.91121
3.99813
4.38268
4.54354
4.89785
4.85621
3.62427
3.01423
4.50784
4.21214
3.56658
4.69291
4.49052
2.52175
3.91223
4.18152
2.83154
4.96746
4.34877
4.95021
2.44337
4.62865
2.56845
2.89829
4.41663
3.9268
3.48796
2.85917
4.42165
3.88309
4.69889
4.98715
4.8926
3.73328
4.429
4.3618
3.08781
3.56953
3.77326
4.45171
4.89922
4.38231
4.57497
4.3415
3.78804
4.60146
2.62648
2.84491
2.49238
2.9513
2.52493
2.74252
3.51785
4.36597
4.58041
3.45287
3.87556
2.4665
3.80404
2.48826
3.79086
4.33228
1.53557
3.43011
4.40484
4.54366
4.99976
4.89934
4.32397
4.62385
4.86558
4.50043
4.22321
4.4005
4.41469
3.43968
4.24443
4.53992
4.98258
4.92062
4.29127
4.96583
4.5569
2.81563
2.61963
3.0626
2.42066
2.90932
2.60183
3.88012
3.63262
3.83001
2.68618
3.84911
2.49672
1.59087
4.40275
3.59382
4.60755
4.25389
3.98453
3.40797
1.54421
4.31846
3.87963
2.67971
3.96423
2.56585
3.0178
4.93234
3.02899
4.26314
4.64733
2.5439
2.80346
4.38639
4.90454
4.51889
4.37743
4.88655
4.03554
4.43743
4.58081
4.25889
3.79063
3.42284
3.70713
2.50906
1.3967
4.20638
3.81887
2.33919
2.83621
4.94561
4.50356
2.48128
3.01402
4.22256
2.75166
4.39655
4.91459
4.52744
4.19892
3.05091
4.9915
2.87156
4.35072
2.85306
4.3238
4.51128
2.45904
1.46035
3.78181
4.31955
3.81996
4.40908
3.90343
4.35794
4.66097
4.30213
2.93231
2.59298
1.51441
2.48339
1.49668
2.56842
3.41135
3.99357
4.27539
2.79208
2.44689
4.49511
3.83676
3.59497
4.40895
4.59718
2.98673
4.35039
4.70562
3.52364
4.6926
4.56568
4.51738
4.275
4.95999
4.94686
4.26189
4.46847
4.95497
2.71867
2.33745
4.29268
3.64669
4.29893
3.71083
4.209
4.14763
4.3956
4.49343
2.40741
4.96775
3.4252
3.72381
2.33202
4.48737
4.18451
2.82566
2.3564
4.73493
4.45213
4.26518
4.04128
4.91585
4.23387
3.67788
4.30047
4.81029
4.13518
1.5209
2.49761
1.6195
2.35573
3.75681
3.6402
4.62636
4.35681
3.00154
2.71732
3.68371
3.53216
2.87929
4.29671
4.63278
2.35141
1.53439
4.38546
1.72355
3.54951
2.9276
2.57224
3.04512
2.49056
2.98585
4.71582
4.886
4.47651
3.88787
4.54249
4.31472
2.96069
3.9517
4.40817
2.56039
4.83704
3.82728
3.61046
2.89973
4.72363
4.34862
4.58847
3.92611
4.39339
3.15025
4.71806
3.89681
4.44546
3.91125
4.72882
4.46079
2.99301
2.62321
1.42472
2.4128
4.33049
3.06217
3.60267
3.89429
2.58654
4.57871
4.04837
4.26612
4.63963
3.5493
2.88071
2.52791
2.71124
4.60137
3.51664
3.95043
4.43052
2.92742
2.51068
4.44175
4.92791
4.69202
4.353
4.3886
3.92464
4.97998
4.91999
4.32473
4.44803
4.66955
3.51437
4.42888
4.64205
4.37447
4.52884
4.36103
1.4346
2.44224
3.88198
4.54414
4.47655
3.509
2.95155
2.43124
2.89839
4.20274
3.84666
3.51898
4.55671
2.47204
3.81429
2.86249
3.46408
4.58742
4.24353
4.56495
4.96342
3.725
4.88008
4.31908
4.55914
4.32325
2.34067
2.86848
3.88283
4.22161
4.34338
4.51537
4.37818
4.22281
3.86093
4.23619
1.52252
4.19913
2.93764
2.39166
1.43898
3.53745
2.87788
2.49658
2.88656
4.29438
4.66542
4.95667
3.73278
4.45371
4.28323
3.81489
4.30113
2.83636
2.4041
2.87345
3.73889
4.44164
4.91587
4.18466
3.73981
4.74428
4.26735
2.81552
4.32826
4.54887
4.74468
4.55089
3.57647
4.55004
4.23636
1.56427
2.34102
2.88925
2.56271
2.86774
3.5451
1.48852
2.55585
2.52675
4.59247
4.36747
2.84249
3.60134
3.84016
4.41032
4.9317
4.31694
4.53981
2.46589
4.47497
3.82971
3.02635
3.59906
4.15268
4.92502
4.40053
4.23755
2.36886
4.24173
2.79109
2.35894
4.52338
3.48199
3.76587
4.22553
4.85496
4.17222
4.52952
4.25764
3.85951
2.44265
4.99486
2.86867
2.47865
4.25512
4.24552
4.96344
4.50635
4.26175
4.35634
4.52376
4.39194
3.83589
1.57434
4.64839
3.08403
2.81607
3.09115
2.67192
1.72147
3.68089
4.79479
4.29725
4.38213
4.40818
4.6628
3.29983
3.73238
3.01643
4.50984
4.36844
3.52026
2.93479
4.06191
4.44639
4.56516
4.9149
4.15508
3.74454
4.90777
4.41389
4.6758
3.72302
4.61746
4.33167
2.8764
3.61615
3.05979
4.48655
4.07415
4.54921
4.83861
4.64344
3.89732
4.75006
2.55396
3.05583
2.50949
2.96689
2.50165
2.87484
3.57898
4.17921
4.52835
4.93961
4.40453
4.51521
3.38556
4.35494
4.64902
4.74647
4.48349
4.30025
4.59856
4.36172
4.96132
4.27618
4.64897
3.6375
4.36078
4.54528
4.93544
3.07881
2.63446
2.91188
2.64163
3.01437
2.74308
4.07715
3.33249
3.84126
2.5106
4.00612
2.57143
1.73463
4.42824
4.79878
4.69156
4.45419
3.89708
3.33894
1.52864
4.33246
3.91518
2.3717
3.73338
2.62017
3.05493
4.81642
2.82929
4.16441
4.58418
2.2532
2.76826
4.28265
4.31787
4.5577
4.36351
4.22077
4.94262
4.65208
4.3159
3.94512
3.39834
3.81885
2.51072
1.494
4.21797
3.73311
2.53685
3.04611
4.7611
4.59811
2.41591
2.91442
4.39645
2.90718
4.39716
4.2176
4.38602
2.94022
4.88806
2.88221
4.20506
2.77176
4.27543
4.6133
2.33349
1.44043
3.69173
4.18633
3.66857
4.13783
3.61102
4.03928
3.11602
2.41564
1.48853
2.4487
1.54172
2.59814
3.54964
3.721
4.37819
2.84553
2.3709
4.68924
4.24879
4.59549
3.55756
4.67425
4.50477
4.61529
4.23234
4.93355
4.18815
4.42901
4.24682
4.45366
4.96968
2.77794
2.36606
4.2501
3.63225
4.24928
3.78948
4.25041
4.19437
4.88968
4.25906
3.80488
2.49928
3.3117
3.83036
2.44139
4.429
4.10409
2.85936
2.52017
4.62273
4.23227
4.254
4.24543
4.94172
4.37447
1.53241
2.70869
1.70467
2.64567
4.02593
3.40774
4.53399
4.2933
2.93423
4.72431
4.11248
3.07841
4.90441
3.72288
4.55029
2.46643
1.35226
4.09451
1.50875
3.26257
2.6672
2.42823
2.7669
2.24439
2.71397
4.44272
4.62517
4.96131
4.15448
3.46169
3.93728
4.4396
4.05375
3.65486
3.0389
4.57357
4.47963
4.75987
4.5491
4.44316
2.96263
4.64802
4.94384
3.73961
4.31291
3.90933
2.81772
2.40553
1.42294
2.55576
4.91545
4.03988
2.69521
3.41448
3.52636
2.23585
4.46146
4.43822
3.90281
2.45834
2.43227
4.53012
3.49312
3.72964
4.26568
2.79815
2.26957
4.11786
4.98118
4.87174
4.36997
4.04011
4.77633
4.87243
4.2491
4.67975
4.47884
3.32484
4.81096
4.4036
4.15929
4.75852
4.20293
4.85732
4.25338
1.51199
2.52709
3.92525
4.58991
4.22307
3.52137
2.8651
3.88265
4.35434
3.80113
2.97032
3.4748
4.4396
4.36882
4.53756
4.89028
4.27841
4.12247
3.73316
4.17962
4.55227
4.32352
2.40917
2.82052
4.96042
3.78105
4.16278
4.28902
4.55214
4.54242
4.21095
3.76781
4.3828
2.90957
4.92863
2.46792
1.52742
4.25348
2.79318
2.51676
1.58135
3.4267
2.74618
2.53045
3.04255
4.3869
4.55796
3.84295
4.537
4.31598
2.87563
3.8122
4.53239
4.32735
3.90894
2.91451
4.37809
4.71336
4.44689
4.4882
3.42479
4.56484
4.43667
4.43767
2.59171
4.29982
4.03955
2.94445
2.44872
2.51549
4.46508
4.26929
2.88453
3.39368
3.78867
4.20711
4.76005
4.41175
4.23721
3.78468
4.22633
4.93375
4.32989
4.51976
4.28843
3.93552
2.46693
2.89683
2.4921
4.20493
2.93347
2.51168
4.49938
3.36796
3.86513
4.38245
4.98466
4.50193
4.32766
4.27816
3.87041
2.43551
4.27634
4.24857
4.56817
4.35231
1.56212
4.19774
2.81001
2.39958
2.94513
2.35874
1.4439
3.56574
3.79398
3.0348
4.64133
4.34565
3.61537
2.84582
3.83664
4.31444
4.54693
4.21171
3.70545
4.74771
4.22047
4.48289
4.99463
3.88891
4.45203
4.41682
2.91854
3.52519
2.91193
4.43176
3.80001
4.6193
4.62381
4.0136
4.44177
2.32907
2.83201
2.46636
2.73268
2.42406
2.90503
4.82877
4.99897
4.45009
4.68307
3.44024
4.29829
4.47508
4.69574
4.23274
4.97771
4.77864
4.4659
4.21679
4.77373
4.32299
4.55446
3.44771
4.20726
4.48417
2.68027
2.43834
3.01048
2.34925
2.86984
2.47246
3.11524
3.02073
4.47581
4.78749
2.46838
3.12966
4.45653
4.99007
4.4228
4.39655
3.88441
3.62392
1.52533
4.40497
4.08161
2.45962
3.96421
2.72481
4.73852
4.03518
4.93352
3.96659
4.32754
2.79078
4.9355
4.47065
2.35083
2.87756
4.21621
2.87022
4.24793
4.8899
4.31299
4.1006
3.57358
3.42123
3.66873
2.39274
1.40434
4.22666
3.74124
2.43483
1.47972
3.83371
4.51332
3.89385
4.27635
3.88172
4.31123
4.63569
4.25463
2.86315
4.92715
3.08349
4.49812
3.05635
4.35248
4.5022
2.50943
2.59927
2.33749
1.40928
2.32634
1.48531
4.05487
4.86151
4.91494
4.85393
4.04716
4.7383
3.30266
4.80345
4.38648
4.43661
4.37874
3.8669
4.33489
4.48721
4.35327
4.57117
4.42913
4.83385
4.95986
2.99474
2.67563
4.33254
3.9142
2.46502
4.37514
4.21369
4.25296
4.99905
4.22707
3.83762
2.47266
3.67256
3.88852
2.35657
4.78946
4.35571
2.96087
4.08563
4.31353
1.57052
2.26476
1.48308
2.41041
2.92015
4.5901
4.09041
3.86203
4.47535
4.41271
2.90162
3.9467
4.28578
2.631
1.60234
4.3563
1.58757
3.59832
3.14122
2.56779
3.02282
2.61937
4.71818
4.39744
4.78686
4.996
3.67267
4.20342
3.66827
3.56099
2.86934
4.57574
4.30717
3.71501
4.65032
4.37612
3.05688
4.72793
3.94682
4.29101
2.87217
2.57648
1.51136
2.36394
4.38489
4.42148
4.31405
4.36004
3.90296
2.41189
2.57333
4.56467
3.62582
3.94648
4.38338
2.97523
4.26458
4.91772
4.97526
4.3141
4.49412
4.75513
3.6
4.25815
4.68328
4.32299
4.53479
1.40937
2.49541
4.46443
4.79674
3.79133
4.91926
4.35747
3.70872
2.84657
3.47273
4.57794
4.33187
4.28693
4.65453
4.33627
4.27592
3.73019
4.16277
4.53753
4.58035
2.46183
2.8644
4.8686
3.80696
4.23467
2.91298
4.20119
4.55518
3.88203
4.63726
4.4477
3.87018
4.44622
2.8851
2.55258
1.52519
4.39581
3.1106
2.71163
1.56075
3.83498
3.08734
2.67297
3.70216
4.77564
4.41826
3.06916
4.08495
4.68974
4.33951
2.97702
4.31402
4.22688
4.67302
2.54885
4.41563
3.84759
4.98357
3.09241
2.52212
2.56646
4.62476
4.483
2.99517
3.60715
3.96898
4.40301
4.07911
4.91086
3.66677
4.15822
4.80778
4.23477
4.97305
4.27139
4.62086
4.18643
3.92589
2.4061
4.85969
2.89047
2.41778
4.35766
3.08882
2.52491
4.75548
3.60125
3.94114
4.20268
4.36025
4.47072
4.41981
3.97404
2.72697
4.50526
4.47476
4.60572
2.7316
3.79549
4.10913
4.50635
4.83817
3.73937
2.86666
4.60679
4.30217
3.48997
4.23648
4.50715
4.33061
3.95516
4.96467
2.87574
4.18546
3.72209
4.57728
4.9675
3.84901
4.68736
4.44508
2.93426
3.58024
3.76525
4.70891
4.96309
4.78381
2.69563
3.05347
2.64039
2.92824
2.60825
3.00921
3.72199
4.51572
4.53763
3.43541
3.86511
2.54336
3.86573
2.60403
3.95061
4.40498
1.59627
4.91735
4.61482
4.27549
4.99035
4.41991
4.37329
3.70249
4.42097
4.37139
4.45678
4.70524
2.79103
2.61917
3.00462
2.70335
3.1213
2.4927
3.85245
3.38667
3.71458
2.40173
3.84458
2.42813
1.39725
4.23231
3.57641
4.34621
4.4049
3.00089
3.10641
4.544
3.10072
4.39349
4.7083
2.61817
1.56665
3.76547
4.39807
3.97113
4.21513
3.93539
4.33753
4.49102
4.44509
4.92466
4.32281
4.40718
4.72722
4.14607
4.02901
3.56803
3.85255
2.57225
1.53797
4.4186
3.77529
2.50502
2.79197
4.92065
4.4323
2.45021
2.79985
4.19347
2.95614
4.22096
4.88707
4.63284
4.38513
2.8731
2.54658
1.53761
2.53067
1.58437
2.69533
3.64811
3.73338
4.3856
2.99841
2.41177
4.62202
3.65744
3.45608
4.41684
4.5054
2.94865
4.19286
4.9577
4.27514
4.26913
4.47105
4.86833
2.84266
2.33792
4.29435
3.70713
4.27123
3.81557
4.40686
4.16295
4.28484
4.51176
2.56723
3.44309
3.7984
2.30396
4.51338
4.13108
2.83808
2.41707
4.91138
4.5412
4.27842
4.32566
4.23877
3.74983
1.57124
2.43324
1.50215
2.44577
3.94466
3.4025
4.58959
4.43232
3.01697
2.38007
3.85194
3.5794
2.96914
4.3822
4.69142
2.45267
2.87459
4.74729
3.91415
4.37355
3.93843
4.74351
4.39666
4.96819
3.97764
3.62107
2.89916
4.48871
4.38155
4.57344
3.82511
4.34934
2.98147
2.55894
1.45956
2.5639
4.36602
2.76303
3.47205
3.95151
2.62508
4.47587
3.78182
4.37828
4.66748
3.63118
2.94022
4.32047
4.40374
4.87122
4.52161
4.3885
4.71797
3.53432
4.51185
4.69202
4.32064
1.46608
2.62583
4.08025
4.88925
4.3898
3.89165
3.08722
2.24189
2.62252
4.09225
3.70363
3.24925
4.42374
2.3001
2.88805
4.12209
4.73948
4.55659
4.11557
4.92971
4.45278
4.35503
4.53678
4.51309
2.55082
2.95008
3.94811
4.35052
4.56816
4.72836
4.28169
4.09441
3.74789
4.30089
1.62393
4.50059
3.13661
2.67389
1.67048
3.67446
2.87376
2.73239
3.17941
4.61157
4.85748
4.16288
4.29655
4.16315
3.93418
4.25284
2.73064
4.93226
4.97012
2.41132
2.97045
4.50177
4.50523
4.5261
4.81577
3.64909
4.48381
4.30831
1.38851
2.47136
2.83088
2.44396
2.93381
3.54822
1.45888
2.51597
4.56866
4.44188
4.73072
4.50816
4.17177
4.27068
4.4314
3.96781
3.91907
4.33008
4.58571
4.44305
2.69663
4.50634
3.13585
2.58236
4.74979
3.54186
3.99596
4.44792
4.29173
4.54241
4.57699
3.94194
2.49503
4.95077
3.02399
1.6388
4.34577
3.06204
2.39628
2.95798
2.66968
1.64066
3.53379
4.65267
4.19069
4.53377
4.61208
4.44906
3.48452
4.5399
3.9236
4.36852
3.74284
4.90504
4.39377
4.67579
4.02983
4.67137
4.41706
2.91875
3.66543
2.97328
4.44267
3.93148
4.78838
4.53431
2.53179
2.85259
2.42282
2.99628
2.60006
2.77267
3.38922
4.06124
4.70159
4.61596
4.24434
4.94038
4.60435
4.28801
4.37242
4.72919
3.53701
4.3364
4.50777
2.79043
2.6155
3.03082
2.39182
2.86509
2.58024
4.04969
3.58746
3.88103
2.5468
3.89198
2.53145
1.55058
4.35195
4.59852
4.34208
2.82797
4.81083
2.97127
4.32261
3.04994
4.28432
4.67378
2.5547
1.48992
3.75201
4.49119
3.94771
4.28128
3.78593
4.42556
4.9738
4.24576
4.45986
4.5919
4.28401
4.57613
4.41495
3.80965
3.51529
3.87351
2.49545
1.50409
4.21102
3.94583
2.46809
2.90297
4.93683
4.56604
2.46788
2.87304
4.28311
2.91787
4.24425
2.9308
2.54515
1.47626
2.44908
1.56458
2.5599
3.44096
3.66077
4.24777
2.78808
2.2508
4.49069
4.25911
4.94667
4.15718
4.32764
4.52495
4.33678
4.53379
4.92309
2.95225
2.45492
4.20081
3.8703
4.36755
3.82326
4.31077
4.35162
4.34837
3.97787
2.52695
3.54856
3.83321
2.42843
4.60644
4.4547
2.88956
2.52018
4.91995
4.51043
4.18775
4.22176
1.61355
2.55751
1.60954
2.51023
4.02142
3.5592
4.60564
4.46432
2.87387
4.5715
4.3571
2.94465
4.70658
4.06671
4.45011
3.89925
4.98517
4.96165
3.78448
4.4259
3.8205
3.64997
3.03416
4.76154
4.44169
4.73335
3.03156
2.66862
1.45471
2.59436
4.38186
2.83139
3.4393
3.96108
2.38011
4.53346
4.38986
4.30809
4.99455
4.38689
4.46869
4.74724
3.6644
4.36285
4.72206
4.49982
1.48326
2.55159
3.92821
4.5055
4.20924
3.4108
2.74621
4.75959
4.45259
2.94031
3.82474
4.71274
4.91758
4.38991
3.76247
4.31619
4.4702
3.81627
4.16811
4.48546
4.24277
2.43893
2.84685
4.84697
3.69852
4.30105
4.25525
4.57682
4.85552
4.45373
3.92838
4.41477
3.01715
2.66455
1.5577
4.32672
2.88457
2.52368
1.46537
3.52572
3.08474
2.45074
2.88598
4.23667
4.46383
4.8785
3.77967
2.95661
4.45168
4.49715
4.54084
4.53223
3.36765
4.62178
4.26144
4.38605
4.38209
3.87695
2.46789
4.24528
4.47029
4.61724
4.25421
4.51046
4.08489
4.9059
3.6614
4.18371
4.69896
4.42789
4.55217
4.22509
3.80651
2.39359
4.80616
2.88722
2.31978
4.1724
2.87526
2.40311
4.43675
3.53275
3.76595
4.285
4.91411
1.64885
4.33546
3.0308
2.38216
2.87611
2.65953
1.44192
3.52306
4.59875
3.83978
4.45603
3.88365
4.50709
4.76341
3.93168
4.80885
4.47251
3.07131
3.71908
3.19167
4.48563
3.92703
4.72277
4.66813
2.60928
3.00354
2.61954
3.12769
2.6045
2.97927
4.40584
4.26616
4.93625
4.73182
4.38533
4.87202
4.94967
4.51252
4.77444
3.78691
4.48662
4.43508
2.89836
2.53073
2.90137
2.56622
3.07637
2.41795
1.57913
3.99475
4.55462
3.93083
4.48257
4.04073
4.37078
4.63837
4.40564
2.93664
2.96146
4.50508
3.145
4.40393
4.56007
2.71756
4.57526
4.26215
4.3212
4.69529
2.95866
4.97428
4.64001
2.61354
2.85701
4.40074
2.90146
4.28095
4.64708
4.37624
3.84665
3.5473
4.06397
2.69803
1.56813
4.47539
3.92065
2.57081
2.96432
2.67165
1.5579
2.61786
1.63666
4.34267
4.28451
4.96867
4.98804
4.20422
3.63715
4.15909
4.28917
4.17211
4.51514
4.21255
4.4918
4.9315
2.9176
2.51265
4.3534
3.87678
2.34344
4.90827
4.65411
4.21437
4.23838
4.349
3.85793
2.54861
3.68072
3.99145
2.54535
4.62976
4.28478
2.86091
1.4686
2.61386
1.54033
2.45462
3.91049
4.69728
4.37153
2.87705
4.55373
4.10695
4.52356
4.5732
3.8668
4.35009
3.88968
3.65379
2.94606
4.62994
4.34434
3.12299
2.55359
1.5756
4.34712
4.23547
4.4423
4.48076
4.56969
4.73495
3.60577
4.38712
4.67912
1.73208
2.62322
3.90313
4.64736
4.42137
2.91755
3.81421
4.75179
4.99769
4.48538
4.10105
4.53819
4.25272
4.25637
3.63977
4.21011
4.47057
4.1755
2.38807
2.95141
4.95487
3.82486
4.36609
2.72777
4.37441
4.50085
4.82892
3.73843
4.55583
4.35007
3.89044
4.33265
2.91941
4.92961
2.4386
1.45507
4.2063
2.95042
2.6132
1.55742
3.49419
2.84465
2.37578
3.0157
4.47457
4.19948
4.4396
4.43841
3.9536
2.5049
4.38615
4.56718
4.99933
4.84788
4.53906
4.17636
3.94238
4.49197
4.33502
4.2365
4.70703
4.43597
3.87243
2.49904
2.99839
2.61545
4.528
3.12477
2.63239
4.72553
3.63429
3.93821
3.85434
4.51107
4.31081
4.53299
4.42014
3.99971
3.03612
4.4694
3.82287
4.57595
3.96148
4.87345
4.49048
3.00255
3.60717
4.65474
2.61485
3.09436
2.52577
3.05083
2.61573
2.92964
3.57552
4.30204
4.55777
3.49802
3.87542
2.46258
3.88637
2.56295
3.8335
4.20019
1.6288
3.44095
4.41689
4.62964
4.9533
4.81077
4.29397
4.38156
3.66093
3.83761
4.44766
1.61133
2.50454
3.99327
2.47206
3.86655
4.99534
4.59757
4.36115
4.9564
2.92003
4.5067
3.01394
2.49313
4.70101
4.34741
3.03423
2.89361
2.50084
2.98732
2.49004
2.85369
2.50967
3.92723
3.68859
3.8549
2.58315
3.86632
2.53088
1.4869
4.38365
3.3026
4.74162
4.24442
3.89295
3.29745
1.51298
4.29117
3.91044
2.43849
3.67311
2.54838
2.87467
4.85095
2.92555
4.23974
4.62866
2.46967
2.88527
4.3379
4.89042
4.40385
4.09749
3.6127
4.38612
4.30571
4.97457
4.37529
4.61469
4.99918
3.05403
2.62196
1.38812
2.39197
1.65503
2.64547
3.4838
3.90794
4.43049
2.79066
2.46124
4.70739
3.56082
3.48286
4.29582
4.45674
2.88701
4.29155
4.74705
3.53439
4.76053
4.51213
4.65141
4.31435
4.89002
4.78641
4.9298
4.55492
1.47734
3.71159
1.54832
2.71351
3.10124
2.49461
3.05908
4.47286
4.60376
2.99671
4.41836
3.82017
2.52201
2.78773
4.59449
4.35559
3.96329
1.55851
2.69704
1.70919
2.47942
3.96235
3.50373
4.54381
4.30329
2.84374
2.54161
3.93693
3.51082
2.99142
4.35363
4.56826
2.56036
1.46767
3.9991
1.49713
3.2615
2.7516
2.4437
2.64032
2.38956
2.72923
4.42689
4.76983
4.19633
3.615
4.43593
4.17368
2.8484
4.85903
3.59908
4.25973
2.19148
4.3112
4.44838
4.25543
3.66836
4.79517
4.72007
4.92312
4.49604
3.02286
2.55684
1.49031
2.59278
4.32864
2.94482
3.5491
3.81388
2.47639
4.58231
3.79662
4.28043
4.53396
3.56688
2.90263
2.40934
2.54795
4.4663
3.46472
3.85659
4.14148
2.97418
2.42823
4.19122
4.9887
4.52922
4.17488
4.22861
4.78499
3.59238
3.95129
2.98638
3.6627
4.32602
4.73558
3.92036
4.43637
4.58603
1.5179
2.50383
3.87683
4.4559
4.3567
3.38425
2.8303
2.32049
2.99363
4.3398
3.84218
3.52347
4.51775
2.50842
3.91158
2.99803
3.56289
4.41405
4.40466
4.53309
4.95628
3.75079
4.87489
4.14763
2.35567
4.67702
2.4478
3.92938
3.64376
2.94635
4.31011
4.26973
4.86907
3.73518
2.51168
4.3506
4.61413
4.41822
2.8613
4.3663
4.40863
4.59115
4.43199
3.38117
4.57136
4.42425
1.40342
2.49531
2.93793
2.50507
2.85677
3.4552
1.5132
2.56368
4.98417
2.51847
4.45771
4.34956
2.9095
3.3095
3.87789
4.238
4.89771
4.21536
4.48834
2.3947
4.17527
3.75171
4.8674
2.73603
3.7159
2.8963
4.39808
4.66999
3.51023
4.91368
2.94327
3.86983
4.359
4.68587
1.62679
4.3168
2.94765
2.4856
2.95705
2.45364
1.50628
3.5862
4.6611
4.11699
4.52992
4.5374
4.65375
3.44974
3.72072
2.89366
4.5002
4.25422
4.96188
3.53056
2.8259
3.68792
4.22849
4.40876
4.91345
4.65854
2.66567
4.80918
2.51535
3.09552
4.58266
3.85572
3.72716
4.71988
4.37026
2.60124
3.93491
4.33879
3.07931
4.27127
4.46161
2.42277
2.94236
2.5633
2.81992
2.56613
2.91547
3.4724
4.27731
4.62119
4.40829
4.71954
3.59274
4.16725
4.52412
4.99099
3.05224
4.443
2.96702
2.61566
4.77507
4.29966
3.06796
3.5497
3.77621
4.28836
1.51996
2.45031
3.73509
2.59466
3.81321
4.93289
4.41342
4.31169
2.82474
2.50851
2.74767
2.58976
3.03084
2.27314
3.73867
3.56846
3.57422
2.39039
3.51808
2.2139
1.44228
4.07061
4.7037
4.51015
3.91421
3.59177
1.67886
4.45941
3.89376
2.69008
4.01874
2.47142
2.88204
4.9415
2.90595
4.36127
4.45521
2.63115
2.86306
4.27673
3.24988
4.69071
4.18915
4.84286
3.95028
4.43243
2.96446
2.60877
1.46198
2.56916
1.77117
2.70038
3.59642
4.06223
4.37373
3.00714
2.62723
4.72273
4.97896
4.36646
4.62127
3.47301
4.52105
4.55825
4.56419
4.41247
3.00913
4.47117
4.35912
3.90935
4.34209
1.48409
3.53997
1.47549
2.51852
2.71183
2.48122
2.94313
4.29594
4.68109
4.92094
2.8975
4.36552
3.81988
2.60961
1.43549
2.55555
1.61239
2.41199
3.87936
3.53241
4.4462
4.21313
2.95557
4.61877
4.19784
2.9624
3.90682
4.34834
2.59453
1.54889
4.19174
1.36558
3.49275
2.90191
2.44713
2.83359
2.42796
2.96722
4.63438
4.9697
4.46239
3.71922
4.4912
4.99625
4.49655
4.25264
4.47202
3.57443
4.61741
4.67925
4.83538
2.95684
2.57271
1.44377
2.57706
4.18461
2.92552
3.43089
3.70347
2.42157
4.54228
4.29767
4.97149
3.8706
2.51962
2.24228
4.48713
3.41218
3.69885
4.12975
2.74733
2.4373
4.31394
4.76381
4.64374
4.1082
4.79727
3.81648
3.0638
3.67199
4.51213
4.68598
3.75434
4.96353
4.43425
1.57363
2.62826
3.97844
4.65382
4.51182
3.64356
3.1337
3.84017
4.96722
4.41259
3.84044
2.94928
3.57815
4.59093
4.34632
4.70338
2.52798
4.14633
4.57119
4.31017
2.45645
4.54125
2.39416
3.79774
3.3094
2.82078
4.29435
4.23906
4.95749
3.93615
3.05212
4.50537
4.28476
4.73388
4.64588
3.71342
4.43818
4.24231
4.32891
2.40999
4.30214
3.73073
4.74646
2.94319
2.44305
2.43272
4.50317
4.34344
2.85857
3.40467
3.84618
4.46061
4.90322
4.89001
3.04965
3.78249
4.44842
4.94493
4.73224
3.88473
3.01965
4.43264
4.52731
3.61049
1.63935
4.4153
2.85105
2.50424
2.77548
2.43906
1.44781
3.50533
3.81777
2.73708
4.4207
4.22257
3.30836
2.75754
3.81358
4.93025
4.35497
4.3398
4.84041
4.61668
2.5766
4.80652
2.63799
3.06075
4.34654
4.08027
3.66249
4.64066
4.38226
2.42885
3.83103
4.41505
3.11442
4.76873
2.43655
3.11393
2.5382
2.9672
2.49557
3.01359
4.94365
4.29148
4.5424
3.48814
4.4308
4.55433
4.86682
4.5667
4.24093
3.02287
4.46704
3.00739
2.52585
4.56633
4.51381
2.95569
3.47517
3.86893
4.35447
1.50242
2.39506
3.90713
2.59796
3.79943
2.93135
2.64435
2.93336
2.49153
3.04507
2.42968
3.07115
4.75503
2.85635
4.24427
4.6351
2.46852
2.80074
4.27744
4.80658
4.42032
3.94071
3.55039
1.62076
4.43979
3.87816
2.5545
3.90942
2.50687
4.67367
4.15552
4.46584
4.9754
3.50981
4.68076
4.30559
2.88673
2.29502
1.54242
2.32106
1.48085
4.18296
4.86323
4.98464
4.0612
4.70792
3.42141
4.57081
4.52935
4.33479
4.31825
4.46406
2.8797
4.28414
3.91331
2.50892
2.95337
4.54725
4.28316
3.82933
4.22709
1.67677
3.61923
1.44614
2.42357
3.06169
2.54922
2.98306
1.43038
2.41933
1.54265
2.46873
2.84087
4.52217
4.66422
4.23546
3.55934
4.6534
4.18029
2.90986
4.95745
3.71459
4.27708
2.33502
1.38554
4.11223
1.50291
3.4099
2.637
2.52639
2.71922
2.34322
4.84482
4.98459
4.3623
4.42806
4.41329
4.44655
3.54919
4.63375
4.75249
2.67985
2.23006
1.48282
2.43327
4.32212
4.97947
4.94139
4.52043
4.0548
4.14124
4.81418
3.6207
2.26053
2.37691
4.48908
3.26669
3.77673
4.09111
2.72185
3.86786
4.25443
4.47835
3.8017
2.88847
3.54988
4.34224
4.66047
1.39556
2.4087
4.46314
4.93009
4.91798
3.73477
4.90148
4.07256
3.61616
2.7843
4.90962
3.41799
4.29732
4.0952
4.24503
4.99937
3.84431
2.5028
4.31555
4.59094
4.94185
4.33988
2.63352
4.59918
2.38703
3.80522
3.61636
3.02638
4.36205
2.77409
4.21499
4.78123
4.39879
4.56396
2.54377
4.28654
3.92868
2.84143
2.39565
2.51113
4.57655
4.11987
3.05578
3.41798
3.74536
4.82884
2.87087
3.86704
4.30553
4.53641
3.8203
2.70145
4.1549
4.53109
3.54616
2.79556
3.80859
4.24543
4.27155
4.94754
4.80046
3.63539
2.78219
4.29186
4.23082
3.2371
4.74297
4.2106
2.51628
3.90968
4.43304
2.93437
4.34093
2.53495
4.74932
2.57638
3.00703
4.44494
3.93965
3.68495
4.53064
2.6045
2.86904
2.51723
3.061
2.47993
3.0048
3.47046
4.30366
4.51202
3.37207
3.90403
2.52834
3.89194
2.37858
3.94491
4.33575
1.44784
3.45748
4.2766
4.51692
4.93824
4.98439
4.52592
4.59576
2.66109
2.58786
2.94092
2.29607
2.89248
2.2694
3.61963
3.52794
3.81795
2.43271
3.88274
2.42722
1.55605
4.35613
3.49901
4.97753
4.60469
4.1506
3.8943
3.63957
1.51086
4.39768
3.88994
2.59735
3.95649
2.43305
2.91864
2.83796
4.36449
4.58589
2.75103
2.96106
4.37757
4.95324
4.62862
4.35173
2.86338
2.54034
1.49959
2.34739
1.52957
2.391
3.46731
3.71727
4.34055
2.85515
2.38195
4.57879
3.77194
3.42747
4.2136
4.45802
2.75661
4.23074
4.6502
3.29975
4.60887
4.41645
4.33658
4.16512
4.75677
1.59175
2.45156
1.53928
2.47412
3.80181
3.64999
4.80914
4.42945
3.03953
4.92999
2.41517
3.63017
3.29428
2.75666
4.12113
4.42812
2.35184
1.46074
4.38735
1.60017
3.62744
2.93639
2.52747
2.95993
2.48792
3.01963
4.64182
4.60391
3.97357
4.33695
4.20206
2.98094
3.80191
4.29283
2.4285
3.00357
2.56921
1.55785
2.45728
4.35833
2.96477
3.65706
3.9156
2.49896
4.71831
3.88168
4.27628
4.52553
3.46002
2.86146
2.52586
2.49341
4.61235
3.41532
3.88976
4.32012
2.84298
2.42415
4.28944
4.9296
4.77984
4.37448
4.5049
4.97749
3.83075
1.43776
2.46573
3.73536
4.57323
4.21557
3.50759
2.91786
2.45369
2.83497
4.22744
3.78681
3.38116
4.52055
2.42516
3.74419
2.71594
3.3455
4.57879
4.07692
4.47191
3.85087
4.98647
4.25961
2.85023
4.16235
4.59601
4.58041
4.56335
3.54721
4.44357
4.12866
1.59435
2.27497
2.88
2.44878
2.76493
3.47219
1.43066
2.49464
2.48781
4.76041
4.38292
2.9386
3.72762
3.78178
4.34004
4.26124
4.63983
2.68215
4.48581
3.98994
4.98789
3.03606
1.50467
4.20619
2.93567
2.38082
2.98602
2.46544
1.35659
3.60266
4.75015
4.24525
4.48558
4.48386
4.55878
3.3813
3.8042
2.71602
4.39351
4.19956
3.2898
2.74086
3.64398
4.36021
4.44526
4.8922
4.89037
4.46861
2.38646
2.87217
2.56739
2.81371
2.27512
2.97969
3.70844
4.28956
4.3287
4.9656
4.14889
4.43807
3.40233
4.19157
4.6563
2.94326
2.46617
2.8711
2.38428
2.91861
2.4834
3.88614
3.51637
3.87809
2.51209
3.91911
2.56653
1.55083
4.48899
4.59232
4.36201
3.86611
3.70952
1.55866
4.32204
3.834
2.61991
3.89089
2.50911
2.86307
2.81419
4.43363
4.67856
2.54932
2.97167
4.30465
2.94903
2.47132
1.58534
2.49479
1.51099
2.54051
3.65766
3.91475
4.27007
3.19397
2.48217
4.68764
4.97133
4.28672
4.4281
3.54004
4.48042
4.8099
4.60014
4.30709
4.96236
4.99862
1.64221
2.41244
1.42148
2.62426
4.01743
3.60299
4.67588
4.51111
3.00958
4.71375
4.35584
2.8991
4.9684
3.82229
4.36807
2.48711
1.52834
4.3946
1.45478
3.47704
2.86698
2.59376
2.94725
2.51159
2.9611
4.50465
4.2969
3.83777
2.89853
2.46635
1.56452
2.55623
4.33729
2.89707
3.43705
3.9834
2.47737
4.62196
4.41175
3.95631
2.55057
2.5161
4.57408
3.45988
3.99355
4.44577
2.88941
2.44906
4.19803
4.90379
4.51787
4.23529
1.55803
2.48152
3.91136
4.64884
4.29223
3.66385
2.84266
3.78392
4.23022
3.77164
2.77727
3.65989
4.52774
4.24317
4.47462
4.93204
2.94826
4.37967
4.62063
4.58788
4.77372
3.53453
4.43883
4.37934
4.66646
2.483
4.26657
3.94865
2.84354
2.37988
2.39256
4.53046
4.20754
3.15406
3.5486
3.81642
4.24829
4.99227
1.5737
4.21178
2.94018
2.5452
2.85426
2.65207
1.48921
3.57561
4.93507
3.93109
3.01795
4.60258
4.52883
3.57348
2.95111
3.79345
4.34799
4.57653
4.88412
4.47564
2.51632
3.00294
2.33075
3.11189
2.50621
2.88352
4.69239
4.46579
4.64748
3.59555
4.34692
4.38389
2.82509
2.34524
2.92552
2.33184
2.86952
2.56787
2.7785
4.86985
2.83988
4.34847
4.53912
2.33051
3.01551
4.1472
4.6263
4.22348
3.66762
3.49914
1.48902
4.40315
3.8846
2.53599
3.74194
2.46763
2.95803
2.42546
1.58304
2.47586
1.49609
4.10075
4.76125
4.96558
4.31447
4.56755
3.53771
4.49866
4.62789
4.50835
1.68317
2.56716
1.63231
2.67596
2.64821
4.40614
4.94225
4.04151
3.74984
4.65856
4.36993
3.05226
4.97849
3.83234
4.37048
2.47101
1.48225
4.16422
1.47988
3.58751
2.94294
2.46414
2.81354
2.34187
3.00483
2.55448
1.57891
2.36631
4.25948
4.97293
4.51674
4.42505
4.51373
3.95222
2.61014
2.75514
4.85346
3.72986
4.02757
4.39295
2.9933
1.59706
2.61388
4.37592
4.97088
4.65395
4.00637
4.38425
3.87971
2.83242
3.53292
4.55662
4.25273
3.05704
4.14105
4.41448
4.78889
2.63554
4.39041
4.02009
3.01405
2.5373
2.48745
4.7738
4.47226
3.02495
3.58495
3.84499
2.85338
3.72576
4.2477
4.71694
4.82449
3.97703
3.20714
4.79543
4.55371
3.62741
4.64684
2.57282
3.12732
2.61711
2.92543
2.50758
2.99534
3.68463
4.49081
4.35901
3.26232
3.71322
2.53887
3.88907
2.47902
3.76693
4.09853
1.45256
2.9868
2.36351
3.01082
2.5396
2.80164
2.53454
3.95194
3.71986
3.90144
2.61331
3.97899
2.53479
1.52795
4.49202
3.26085
4.82725
4.25656
3.03276
2.57272
1.6014
2.57487
1.4624
2.53201
3.46258
3.9205
4.36635
3.10342
2.5484
4.67279
3.7563
3.57439
4.35829
4.57989
2.95025
1.62066
2.59284
1.44416
2.49353
3.88795
3.50239
4.57112
4.2834
2.88276
2.32245
3.97582
3.58752
2.96209
4.35503
4.52015
2.6036
3.04709
2.41665
1.58024
2.4931
4.31169
3.01869
3.56743
3.9298
2.62932
4.67098
3.70361
4.42657
4.62571
3.47338
2.92368
1.62949
2.48421
3.95044
4.59864
4.4593
3.72682
2.98471
4.93524
2.37023
2.79071
4.31091
3.81625
3.38771
4.35502
2.45699
2.80254
4.29314
4.57677
4.52768
4.62686
3.45244
4.49705
4.1635
1.41476
2.60589
2.93556
2.4311
3.00126
3.43695
1.55986
1.61427
4.49174
2.91728
2.62327
3.0493
2.60202
1.64482
3.68244
4.71081
4.07969
4.55528
4.50828
4.74828
3.45005
4.71593
2.49974
2.97605
2.50591
3.06918
2.6451
3.01034
3.6022
4.39188
4.59709
3.08843
2.47283
2.96094
2.44065
3.00934
2.55662
3.82989
3.57392
3.78108
2.42068
3.8645
2.51033
1.66351
4.32579
2.91021
2.51697
1.56316
2.49625
1.64702
2.56606
3.5123
3.97793
4.47067
2.99374
2.61332
4.63241
1.55143
2.34813
1.6149
2.50763
3.8269
3.45377
4.55988
4.24743
2.96769
2.85858
2.62613
1.53743
2.48575
4.25375
2.90715
3.50497
3.79859
2.51173
4.49494
1.44934
2.49159
3.8193
4.42729
4.2065
3.44022
2.90095
3.05924
4.41646
4.35752
4.63175
4.58238
3.66956
4.59075
1.46663
4.24746
2.81127
2.49795
2.91291
2.42778
1.48593
3.41126
4.39131
2.40023
2.9293
2.4654
2.80941
2.33945
2.7399
2.85021
2.48477
2.83737
2.52304
2.88403
2.4194
3.03342
2.67576
1.41507
2.3204
1.652
1.62139
2.55498
1.53232
2.59251
3.00991
2.45808
1.55868
1.44801
2.52424
2.80111
