4.49063
2.56195
2.97583
2.68524
3.04354
2.57137
2.91279
3.54749
4.31506
4.62
3.57193
4.04431
2.57989
4.01309
2.5758
3.96566
4.32115
1.60309
3.48428
4.25721
4.40238
4.96562
4.55618
4.87122
4.73987
3.39007
3.83694
4.06626
1.46499
2.41862
3.80756
2.43323
3.72138
4.92728
4.54983
4.36599
4.95435
2.82746
4.18389
2.8745
2.48347
4.46646
4.27921
2.78449
3.5562
4.38793
4.55107
4.96816
4.49976
4.68834
4.95899
4.58913
4.39659
4.40574
4.26242
3.48713
3.86335
2.55404
3.78422
4.32785
1.60258
2.54938
3.88374
4.65441
4.15954
2.99279
2.52899
4.82289
4.3604
3.078
4.48435
2.87064
4.89168
4.34238
4.77147
4.53841
4.40021
4.71778
2.92582
4.28803
2.99377
4.32271
2.82602
2.42386
4.60919
4.44606
4.27918
1.42652
4.24114
3.8612
4.14567
3.77678
4.32612
3.8245
2.6566
2.4474
2.7289
2.2479
2.78791
2.51451
3.76216
3.79023
3.93488
2.52623
3.95784
2.60086
1.59412
4.41588
3.41765
4.74419
4.11389
3.75106
3.70489
1.53278
4.34031
3.91862
2.49276
3.84284
2.46096
2.88225
2.96201
4.59953
4.61898
2.57044
3.09067
4.54956
4.88682
4.48786
4.17711
3.46726
4.77456
4.07938
4.95613
4.97801
4.21151
4.52907
4.78889
3.66658
3.43124
3.70462
2.47172
1.48374
4.24122
3.86485
2.53686
2.87603
4.59704
2.57225
2.97413
4.28907
3.00802
4.33929
4.3763
4.20125
2.89197
4.97853
2.86695
4.30999
2.93418
4.26974
4.41411
2.39228
1.54341
3.9605
4.49649
3.95212
4.363
3.79938
4.42022
4.75207
4.25998
3.95393
4.45868
4.78306
4.26753
3.46539
4.52887
4.08377
4.37724
4.61996
4.96956
4.95004
4.48599
4.27663
4.5413
4.35585
4.95904
2.86234
2.51643
1.55086
2.40445
1.59926
2.54653
3.57314
3.78061
4.36716
2.86249
2.40055
4.49593
3.84238
3.52541
4.29152
4.51983
2.8848
4.16288
4.53596
3.3193
4.63956
4.45116
4.45482
4.17415
4.88311
4.43945
1.58229
3.46628
1.55993
2.63384
2.88832
2.46403
2.95981
4.48569
4.52064
2.92504
4.42985
3.93053
2.6454
2.86125
4.92977
4.54504
4.4262
3.82322
2.41825
4.92539
3.50535
3.74751
2.37224
4.43843
4.31344
2.82497
2.45287
4.92228
4.43152
4.16165
4.29412
4.94027
4.29655
3.7978
4.2322
4.74272
4.86328
4.04344
4.32305
4.64324
2.7811
2.59522
4.23701
3.79686
4.35163
3.82826
4.28701
4.32087
4.27946
4.52202
3.76249
3.6203
2.87575
4.34556
4.70457
3.87263
4.2248
4.60476
4.89221
3.06343
4.76316
3.93723
4.47458
4.6745
4.46603
3.87828
1.51367
2.39681
1.51311
2.57283
3.91003
3.66088
4.79832
4.42626
2.99449
2.47801
3.74646
3.38565
2.85892
4.22492
4.42052
2.37031
1.42579
4.40153
1.43913
3.58964
2.99774
2.49609
2.98359
2.60126
2.91185
4.57738
4.32034
3.9613
4.50212
4.28544
2.8947
3.91454
4.20862
2.441
4.56448
4.37843
4.75882
3.42609
4.57103
4.49013
4.22351
4.849
3.80952
3.66162
2.99643
4.68477
4.42033
4.6271
4.80188
3.75417
4.32897
3.03894
4.59965
4.99226
3.88762
4.21175
3.81012
4.54322
4.39648
4.83263
2.55473
3.86611
3.38234
4.62329
2.40398
2.82091
4.46106
4.54174
3.92688
2.52452
4.53367
4.90726
4.24623
4.19509
4.46417
4.29883
2.91955
4.99289
2.55371
3.77942
4.34741
4.37398
4.79885
4.18005
3.67669
4.19817
4.28726
4.43487
4.23499
2.92115
2.53126
1.491
2.56665
4.38632
2.887
3.6101
3.79854
2.36792
4.57189
3.88332
4.40027
4.58396
3.6233
2.95405
2.40055
2.27095
4.46353
3.42021
3.73064
4.26988
2.80984
2.28278
4.15505
4.75107
4.40753
4.21633
4.35575
3.80605
3.95474
2.99282
3.6233
4.3499
4.59066
3.8783
4.43591
4.58006
4.3388
4.66639
4.61581
3.52598
4.67383
4.59302
4.30675
4.79597
4.99921
4.36453
4.83648
4.92719
4.09385
4.35524
1.42309
2.60661
2.78436
3.59105
1.54638
2.60578
3.10913
4.48798
4.44111
4.49745
3.82056
4.94926
3.08998
2.48346
3.02416
4.4995
4.70895
3.90589
4.23322
4.37368
2.37802
4.77514
2.90865
4.11497
3.73141
4.31021
4.269
3.65963
4.31374
4.97375
4.26604
4.56649
3.13606
4.0366
4.6694
4.46107
4.84257
4.47445
3.95006
1.41505
2.65426
3.92595
4.70929
4.28788
3.61034
2.94513
2.43978
2.9069
4.25542
3.77306
3.42441
4.46058
2.46209
3.65624
2.69562
3.35476
4.50111
4.18037
4.4318
4.81141
3.80632
4.83848
4.1513
2.60224
4.57315
2.51423
3.99662
3.56739
2.98438
4.3961
4.36146
4.04773
2.5548
4.28467
4.6669
4.91506
4.3403
1.57066
4.10064
3.03491
2.42497
1.44273
3.4778
2.95314
2.54182
3.0048
4.23548
4.53905
4.93272
3.94683
4.54888
4.33466
3.80986
4.1673
2.85553
2.48559
2.78
3.65115
4.42757
4.832
3.98543
3.60739
4.55529
4.23407
4.70385
4.55116
2.43962
3.07792
3.82693
4.34503
4.40499
4.72115
4.31375
4.27096
3.88448
4.35773
4.52375
4.259
4.67888
4.50065
3.48366
4.52226
4.32673
4.93959
4.47573
4.35078
2.99824
4.34147
4.39737
4.62869
4.6269
3.55077
4.55962
4.30443
1.62615
2.41318
2.93139
2.47312
2.85968
3.44013
1.47029
2.42555
2.3822
4.7007
4.40161
2.9345
3.65683
3.88802
4.25636
4.36218
4.6247
2.61342
4.48074
3.84178
2.9492
3.81105
2.79449
4.31412
4.47361
3.44429
2.85059
3.73621
4.28259
4.86382
4.46218
2.45684
4.3755
3.04631
2.50646
4.55346
3.61977
3.88286
4.3134
4.24197
4.72042
4.24839
3.74086
2.48477
4.94901
2.94534
2.59264
4.31019
4.37405
4.42284
4.21297
4.34448
4.40882
4.36006
3.97935
3.70484
4.31482
4.86536
4.49631
4.24787
3.86183
4.37321
4.48264
2.88817
3.45772
4.97664
3.01452
4.29881
3.87915
4.49476
4.32509
3.94502
4.99914
4.26388
4.57789
4.65469
4.992
3.79064
1.43442
4.39423
3.02577
2.53186
2.97122
2.56023
1.55054
3.48877
4.51041
4.46989
4.62233
4.58786
4.58848
3.49964
3.77405
2.9227
4.60307
4.39739
3.5305
2.82944
3.8777
4.36721
4.67039
2.68068
4.43225
2.46064
2.84476
4.2649
3.77107
3.41127
4.5686
4.27671
2.45831
3.84601
4.37245
2.99898
4.29443
4.8794
3.91943
4.71146
4.49651
3.10136
3.68984
3.04539
4.39608
3.8149
4.74114
4.75286
4.90002
3.82069
4.28506
4.00852
4.41168
4.59183
2.34624
2.77043
4.0471
4.43492
2.28936
3.81604
3.47579
4.51803
4.17231
3.84551
4.18126
2.44055
2.72419
4.33534
4.8628
3.68415
4.33226
4.82932
4.51424
4.17435
2.45492
4.25656
4.18704
4.52222
4.28949
4.36022
4.26134
3.78723
4.22964
4.49335
2.4934
2.9348
2.51958
2.79968
2.38742
2.79645
3.42934
4.2142
4.57283
4.95251
4.26762
4.56567
3.49086
4.33982
4.33385
4.94535
3.02898
4.19119
2.97082
2.47581
4.49785
4.23406
2.8339
3.55299
3.68597
4.29159
1.52887
2.53291
3.81444
2.50128
3.91592
4.83073
4.57337
4.34471
4.95955
4.33869
4.55215
3.49473
4.13295
4.68878
4.82414
4.84166
4.5492
4.40747
4.92308
4.53555
4.21831
4.96933
2.87335
2.48704
4.46284
4.31919
2.87592
4.468
3.01924
3.61407
3.71118
2.58351
3.80674
4.27072
1.45976
2.36094
4.02026
4.97986
4.48858
4.18414
4.6614
4.26197
4.30316
4.44932
1.61112
4.41764
3.91085
4.37719
3.78529
4.39331
4.05938
2.95156
4.26185
3.0895
4.43894
2.96267
2.58042
4.51968
4.59291
4.29752
2.94014
2.37254
2.71478
2.59827
3.01103
2.49647
3.76242
3.34611
3.70256
2.3281
3.60805
2.45004
1.467
4.1904
4.92508
4.78828
4.2755
3.84346
3.62953
1.66343
4.48538
3.87599
2.72731
3.93969
2.51933
2.79249
4.95771
2.77436
4.40815
4.44322
2.43736
2.82783
4.11621
3.51408
4.56135
4.23423
4.98349
4.24989
4.54831
4.78208
4.52456
3.94175
3.68231
3.89104
2.71573
1.6303
4.40363
3.89484
2.52466
2.95458
4.56308
2.43798
2.85559
4.48647
3.08313
4.3114
4.46058
4.42551
3.12985
3.07248
4.56843
3.04275
4.49626
4.67519
2.58223
1.6022
3.89638
4.40731
3.84222
4.3036
3.83049
4.41484
4.96139
4.35614
4.59258
4.63971
4.42777
4.9203
3.36902
4.7585
4.18072
4.79773
4.14803
4.38798
4.95847
4.45377
4.18995
4.5313
4.98546
4.11424
4.82604
2.9709
2.48668
1.47331
2.55961
1.3902
2.41625
3.44701
3.93992
4.2088
2.93312
2.4657
4.56202
4.40175
4.41388
3.71357
4.3426
4.71009
4.77687
4.40417
4.8191
3.05554
4.87754
4.61131
4.30699
3.73509
4.31627
1.35506
3.4203
1.46732
2.46481
2.84772
2.4108
2.87966
4.17545
4.54537
4.85798
2.91848
4.21156
3.75953
2.46893
4.90184
4.40302
3.85236
2.50315
3.41766
3.86819
2.41241
4.43352
4.26874
2.91157
2.33152
4.91269
4.53826
4.35146
4.29213
4.30194
4.88517
4.38735
4.35476
4.59372
4.18617
4.35563
4.80015
2.8609
2.37054
4.25186
3.69875
4.30289
3.8315
4.27642
4.14821
4.60501
4.97922
3.83433
3.52002
2.82364
4.35265
4.83069
4.86979
3.8772
4.32057
3.87143
2.91591
4.9509
4.62334
3.87943
4.37326
4.50532
4.37804
1.63819
2.43022
1.46553
2.60537
3.90949
3.50354
4.52111
4.31686
2.89325
4.66953
4.28553
3.00212
4.95229
3.93354
4.33378
2.47034
1.61618
4.40905
1.47485
3.71383
2.94601
2.47951
2.95086
2.57368
2.92808
4.5072
4.24248
3.73498
4.39812
4.97075
4.54197
4.20566
4.58156
3.50227
4.6356
4.56237
4.97247
3.8585
4.30211
3.76745
3.39681
2.6866
4.4214
4.1475
4.46481
4.7974
4.45704
4.12109
2.80218
4.44495
4.97013
3.7676
4.15691
3.74661
4.86237
2.55842
4.59067
4.92577
4.27005
4.52204
2.51334
3.96926
3.5953
4.68045
2.64381
3.17509
4.55641
4.99659
4.28625
3.81122
4.28214
3.86811
4.38087
4.34883
4.75739
4.42686
3.03271
2.49171
3.97649
4.42856
4.36607
4.57415
4.43933
4.35745
2.84359
2.4946
1.53319
2.44494
4.15057
2.8158
3.31623
3.77661
2.30945
4.43221
4.47223
3.9345
2.67171
2.62058
4.82272
3.64485
3.95951
4.43376
3.01185
2.43605
4.19841
4.96451
4.46528
4.21962
4.72321
4.99411
3.65669
2.9188
3.51856
4.28499
4.59311
3.76142
4.83644
4.26929
4.29637
4.60321
4.54036
3.31939
4.75751
4.43876
4.11261
4.98998
4.86371
4.30464
4.23925
4.85689
3.03641
4.33915
4.60378
4.03898
4.35353
1.44489
2.52625
2.972
3.59313
1.59852
2.73313
3.11599
4.37772
4.37383
4.12374
3.83252
4.72622
2.74749
2.37033
4.39903
4.63081
4.50366
4.68811
2.56997
2.91296
4.41682
3.96062
4.48544
4.26512
3.87758
4.27836
3.95564
2.86084
3.87927
4.64496
4.41098
4.48927
4.28519
1.58189
2.36413
3.72324
4.48957
4.35448
3.5208
2.91388
3.9372
4.291
3.82417
3.01381
3.62493
4.6944
4.46997
4.59717
2.56416
4.24867
4.49708
4.78223
4.13801
2.37923
4.44952
2.29792
3.74417
3.4522
2.81305
4.22183
4.28264
4.91079
3.79534
4.57629
4.264
3.78744
4.37673
3.03443
2.57524
1.53595
4.37039
2.89209
2.57469
1.48794
3.46555
2.96461
2.49239
2.85218
4.33257
4.60974
3.89699
4.52643
4.24339
2.92771
3.81594
4.61473
4.32444
3.92747
4.37529
4.12526
3.84095
4.30891
4.4493
4.17597
2.4439
2.82021
4.92616
3.84606
4.22271
4.38104
4.48719
4.25285
4.84781
4.51284
4.22461
4.50197
4.5999
3.38024
4.53675
4.92445
4.90874
4.26543
4.22192
4.92053
2.91945
4.281
4.65126
4.60327
4.6408
3.55113
4.51943
4.28796
4.65755
2.5359
4.35496
3.89758
2.86393
2.40165
2.49976
4.77119
4.27628
2.96482
3.60173
3.9524
4.30679
4.95178
3.0204
3.75372
4.23994
4.855
4.4324
3.78528
2.82233
4.30262
4.57892
3.51087
4.31173
4.51102
4.30236
3.92889
2.60695
3.03433
2.52303
4.31981
2.96662
2.43078
4.53994
3.58789
3.83757
4.30066
4.41877
4.28046
4.30244
3.73196
2.45715
4.33157
4.33767
4.9016
4.57085
4.37962
4.39389
4.3606
3.84096
4.27989
2.81078
4.20099
4.98239
3.66113
4.96843
4.60012
3.73686
4.31369
4.47691
2.87837
3.48812
4.84167
4.19106
4.56408
4.28452
3.72963
3.828
4.54113
4.96686
1.48755
4.37842
2.86291
2.73692
2.92892
2.56663
1.56599
3.57002
4.00944
3.25682
4.88473
4.56011
3.86229
3.17454
4.03436
4.46657
4.73872
4.31313
4.71369
2.23767
4.32823
2.31438
2.74393
4.08604
3.60365
3.37653
4.33669
4.25482
2.43504
3.70816
4.1249
2.79408
4.92927
4.93586
3.73544
4.39907
4.35098
2.81509
3.468
2.7306
4.29823
3.93058
4.58371
4.97022
4.61521
3.99743
4.14204
3.60998
4.71862
4.25828
4.47989
4.96929
4.3492
2.62334
2.83576
4.36036
4.65443
2.35474
3.92555
3.78831
4.68993
4.36591
3.76332
4.55247
2.58004
3.03132
4.95926
4.00374
4.39174
4.7499
4.59179
4.22896
2.35987
4.21993
4.22493
4.50751
4.81838
4.31681
4.26631
4.15883
3.82182
4.66119
2.49478
3.13423
2.50823
3.02755
2.45811
2.98515
4.91369
4.99256
4.58542
4.89111
4.81993
3.71123
4.49824
4.13421
4.88417
4.54502
4.35803
4.99827
4.82152
2.74871
4.12804
2.85298
2.33308
4.39722
4.12414
2.84459
3.33989
3.76853
4.18081
1.49729
2.39796
3.70427
2.42191
3.82914
4.96387
4.91808
4.21616
4.57076
3.36199
4.43246
4.49899
4.71434
4.15948
4.92052
4.53153
4.22912
4.96209
4.72046
4.29961
4.88332
3.00345
2.33977
4.58052
4.3784
2.73272
4.33351
3.18693
3.6714
3.86205
2.45708
4.15876
4.32556
1.72506
2.65876
3.85016
4.35738
4.41275
4.48973
4.84503
4.48037
4.35
1.37009
4.21256
3.67225
4.34006
3.78987
4.24871
3.70303
4.93601
2.96649
4.29355
2.91581
4.30358
2.79337
2.51554
4.61504
2.95853
2.4771
2.96075
2.47889
2.90915
2.58703
2.87583
2.80453
4.36797
4.59585
2.39594
2.94638
4.30171
4.90552
4.66533
4.31287
3.85655
3.45825
1.55256
4.44736
3.87882
2.3998
3.79591
2.39867
4.32034
4.66881
3.65745
4.54275
4.35364
3.0281
4.88452
4.7043
2.62377
2.95703
4.36199
3.02007
4.42131
4.89014
4.52813
4.25145
3.87184
3.65997
3.81422
2.32634
1.46344
4.43909
3.81472
2.59123
1.52795
3.8517
4.31378
3.83465
4.33489
3.88352
4.1374
4.46581
4.26465
2.8709
4.95801
2.93271
4.20847
2.84665
4.20899
4.42694
2.55342
4.50427
4.28614
4.98895
4.36149
4.67462
4.36726
4.51971
4.99011
3.6515
4.67406
4.39986
4.54552
4.3504
4.97955
4.97261
4.50215
4.21868
3.02696
2.43124
1.53146
2.40806
1.57617
4.15829
4.7947
4.38962
4.56382
3.63207
4.23823
4.56728
4.5678
4.33906
4.51128
4.86543
2.88746
4.40635
3.88874
2.58051
2.90069
4.90353
4.53371
4.24526
3.78994
4.33903
1.52746
3.42112
1.52315
2.53146
2.82268
2.45174
2.95759
2.4727
4.59658
4.24701
4.30788
4.85906
4.25155
3.84241
2.39451
3.49367
3.77252
2.5775
4.69189
4.26563
2.90642
4.27979
4.36061
4.43569
3.87768
4.35075
4.27895
4.26374
4.41975
4.28736
4.58244
2.87702
2.47784
4.17957
3.8301
3.89978
4.25787
4.57513
4.82516
3.84794
3.5326
3.07483
4.41267
4.53584
4.98627
4.70559
4.43332
3.75586
2.97824
4.62898
3.88423
4.44643
1.57479
2.66811
1.60459
2.58598
2.74202
4.36088
4.96405
4.17443
3.80373
4.63661
4.34775
3.10664
3.9698
4.47219
2.51532
1.52408
4.28071
1.51819
3.73334
2.91082
2.41812
2.84472
2.40857
4.98675
4.38889
4.5035
4.43906
4.59921
3.6633
4.69118
4.7096
4.6697
3.82388
4.34474
3.91441
3.42022
2.98069
4.66613
4.42875
3.87509
4.63267
4.31034
2.94555
4.62546
4.99259
3.82526
4.44312
4.91895
4.37384
3.67655
2.52026
4.52319
4.88488
4.27634
4.43654
2.48197
3.86897
3.47657
4.37109
2.54896
2.97517
4.25764
4.28186
4.51869
4.29776
3.78152
4.21332
4.35726
4.68207
4.248
2.81822
4.8222
2.4061
3.72196
4.22238
4.31477
4.42241
2.93811
2.35747
1.49982
2.40628
4.18073
4.55732
4.446
4.49574
3.93666
2.56895
2.61407
4.9801
3.75668
3.8431
4.35983
3.03809
3.76483
4.99255
4.29665
4.43543
4.84098
3.74882
2.83139
3.47136
4.22505
4.51144
4.2836
4.97908
4.84281
4.17468
4.45339
4.44019
3.53811
4.41766
4.58701
4.4104
4.33896
4.90502
4.36035
4.64223
4.43885
3.87509
3.01399
2.40891
2.92782
4.08416
4.97277
4.37646
3.87722
4.40837
1.58101
2.45375
3.06003
3.42365
1.51557
2.57534
2.86686
4.27463
4.39524
4.00901
4.34398
4.28138
4.73717
4.488
4.63026
2.56089
4.98392
3.07608
4.35909
3.88733
4.73691
4.30855
3.6445
2.90777
3.84443
4.85102
4.47598
4.28507
1.59899
2.58064
4.47679
4.8718
4.06618
4.50609
3.99499
3.04405
3.55099
4.62107
4.31314
4.25766
4.97958
3.90742
2.53395
4.31753
4.59511
4.95257
4.31053
2.55749
4.46592
2.57648
3.89565
3.43921
2.93481
4.36413
2.87801
4.28219
4.45459
4.85552
3.73761
4.5743
4.1964
3.69763
4.34229
2.91356
4.83742
2.45941
1.48125
4.31615
2.79768
2.39788
1.55585
3.56317
2.83981
2.40902
3.74031
4.45221
4.28838
2.98639
3.85739
4.58336
4.8467
4.37557
4.28082
4.46918
4.10673
4.23634
3.80707
4.14959
4.53917
4.23875
2.46497
2.94332
4.88475
3.68014
4.29873
4.40946
4.91537
4.40092
4.4009
4.62846
4.57527
3.71815
4.72959
4.969
4.33134
4.40772
2.8862
4.14524
4.38608
4.76649
2.7617
4.50875
4.0728
3.11158
2.56176
2.57909
4.9007
4.41045
3.00262
3.58698
3.83122
4.98596
2.86192
3.74937
4.2157
4.87508
4.50997
3.84115
2.87352
4.21376
4.46556
3.47757
4.30775
4.32591
4.63645
4.26195
3.94913
2.48619
4.92305
2.94157
2.45816
4.3054
2.90624
2.56028
4.74533
3.61853
3.87636
4.33043
4.41747
4.35542
4.45874
3.92533
2.64449
4.44326
4.42553
4.98562
4.77425
4.53283
4.25749
3.89887
4.3299
4.89048
4.76365
2.88608
4.14921
3.67659
4.66582
3.77432
4.16361
4.5605
2.86923
3.474
4.29129
4.52223
4.256
3.86191
4.95288
3.68525
4.51526
4.9598
2.7383
3.63734
4.25672
4.65228
4.96723
3.92064
3.06375
4.73617
4.33684
3.54494
4.54969
4.2758
2.40241
3.8462
4.31539
2.93511
4.92025
4.3268
4.97424
2.46439
4.48462
2.47927
2.95137
4.23801
3.83578
3.49386
2.93531
4.40952
3.81609
4.67033
4.98715
3.82655
4.6032
4.27554
3.03206
3.59529
3.9046
4.66777
4.2989
4.63207
4.33241
3.84719
4.977
4.55918
4.25828
3.89504
4.1914
2.47618
2.80683
4.33973
2.48402
2.91556
4.43317
4.48737
2.59832
3.94349
3.42238
4.51659
4.37146
3.80597
4.37521
4.93708
4.35933
4.43783
4.34194
3.86021
4.20324
2.47841
4.35032
4.3132
4.64296
4.69191
2.40596
3.13574
2.64405
2.95687
2.66453
3.09583
3.50375
4.45471
4.53789
3.46134
3.94798
2.46977
4.1775
2.70815
3.78348
4.34939
1.6445
3.66861
4.5904
4.38001
4.53666
4.70786
4.88185
4.70312
4.31657
4.34697
4.20094
3.67252
4.42746
4.56356
4.94196
4.9314
4.37329
4.72641
4.82901
2.96944
4.25689
2.825
4.35133
2.79015
2.28296
4.65083
4.51265
4.36247
1.54248
4.19136
3.7072
4.0941
3.66851
4.26752
3.6619
3.45679
3.94049
2.55545
3.96357
4.3376
1.72894
2.57905
3.94746
4.66843
4.60246
2.93817
2.34372
4.53046
4.31165
2.87412
4.30917
2.97176
4.46481
4.7785
4.41425
4.39487
3.10796
2.37263
2.89564
2.61777
2.86843
2.39819
3.76102
3.60545
3.65172
2.3812
3.59963
2.41583
1.44192
4.2578
3.42243
4.51187
4.24106
3.72744
3.38549
1.49473
4.19806
3.68452
2.39502
3.64526
2.36694
2.80937
4.8959
2.89707
4.15332
4.42686
2.47768
2.80894
4.18932
4.8101
4.45601
4.0925
4.52146
4.73573
4.53818
4.39952
4.0274
3.59185
4.0711
2.4396
1.62709
4.48502
3.80211
2.73465
3.10376
4.802
2.49159
2.94833
4.43377
3.04075
4.35408
4.56077
4.36762
2.7245
4.97031
3.05605
4.39821
2.95515
4.40107
4.64016
2.57784
1.66789
3.88444
4.39088
3.82466
4.46135
3.83832
4.45968
4.72891
4.21409
4.96648
3.36183
4.78599
4.16585
4.92034
4.3059
4.64532
4.84908
4.72077
4.45951
4.11206
4.50822
4.09466
2.98245
2.58539
1.55796
2.51201
1.59897
2.44886
3.5178
4.11306
4.30275
2.9765
2.68859
4.77015
3.77532
3.40129
4.30709
4.4287
2.77332
4.30418
4.56131
3.76457
4.36466
4.73778
4.77111
4.44147
4.97552
4.20097
4.53328
4.93108
3.02175
2.52313
4.39122
3.92777
4.30473
3.90296
4.33651
4.42355
4.98871
4.12289
4.52019
2.56607
3.5778
3.87046
2.58429
4.62872
4.27383
2.89729
2.5367
4.72833
4.4439
4.31221
4.95752
4.24218
3.85814
4.24402
4.93349
4.57419
2.88702
4.87438
4.34621
3.61658
4.13779
4.71015
4.38795
3.8158
3.8291
3.43996
2.86374
4.2756
4.56341
3.91254
4.54194
4.42744
4.74131
4.99341
1.46843
2.56579
1.5746
2.48556
3.72252
4.97234
3.3941
4.2529
4.15645
2.82663
2.5456
3.86497
3.62837
2.98483
4.36251
4.71208
2.56287
1.52244
4.24341
1.56736
3.53667
2.8714
2.64818
2.90454
2.50568
2.8706
4.56813
4.9092
4.30782
3.84689
4.7351
4.21748
3.02703
4.93147
3.84576
4.36528
2.43806
4.06923
3.49714
2.97821
4.67418
4.33634
4.57183
4.86077
3.92356
4.46454
2.93776
4.62003
3.9634
4.30282
3.91102
4.53027
4.31033
4.32283
4.91376
4.50381
2.36625
3.83088
3.42769
4.48448
2.38879
3.12362
4.29807
4.29314
3.94833
2.47875
4.5028
4.88131
4.22095
4.4176
4.42771
4.13931
2.88162
4.95223
2.42916
3.84229
4.29891
4.12709
4.45093
4.22139
3.86057
4.38423
4.35928
2.99118
2.49364
1.68922
2.48037
4.23291
3.00048
3.3402
3.8439
2.55838
4.6027
3.80898
4.27835
4.65069
3.53276
2.92426
2.44467
2.62215
4.62661
3.50348
3.9704
4.2721
3.04197
2.53446
4.45974
4.67298
4.40238
4.35191
4.93066
3.73776
4.51616
4.55627
4.53789
3.58518
4.42797
4.6101
4.37827
4.96675
4.9826
4.26238
4.47368
2.97629
3.72611
4.51441
4.2606
4.61127
4.51531
3.94348
4.27165
1.4412
2.47701
2.82646
3.38005
1.38383
2.49353
2.91789
4.34736
4.62882
4.3704
3.96052
4.98678
2.99412
2.67723
2.68859
4.15322
4.92327
4.41886
3.852
4.163
4.44361
2.41698
4.83031
2.8287
4.27643
3.82173
4.42374
4.25339
3.75679
4.24731
4.22656
4.5437
1.52958
2.4814
3.77389
4.45103
4.43733
3.42406
2.98131
2.39437
2.81989
4.33683
3.82217
3.40697
4.54508
2.35112
3.81228
3.08515
3.63382
4.547
4.43017
4.65584
3.78133
4.91579
4.21919
4.55929
4.27984
2.62069
2.96181
3.93139
4.42139
4.31385
4.67436
4.43466
4.12687
3.67151
4.32306
1.62019
4.30856
3.01836
2.49985
1.61237
3.59028
2.89626
2.4545
2.91647
4.31581
4.57384
4.96089
3.76416
4.47331
4.3584
3.79483
4.20579
2.82955
4.93154
2.49013
2.82101
3.86734
4.65937
4.358
4.01348
4.6525
4.22314
4.33308
4.89389
4.41079
4.64388
4.28492
4.56302
4.65825
3.48473
4.67612
4.27574
4.7868
4.99409
2.92506
4.23461
4.53433
4.54611
4.41527
3.47596
4.5547
4.35475
1.46373
2.48006
2.9724
2.50129
2.90353
3.57812
1.50873
2.41561
2.51889
4.52203
4.27933
3.00655
3.44583
3.86066
4.31827
4.98278
4.36737
4.40092
2.46849
4.20461
3.78607
4.851
2.79626
4.03049
4.40273
4.48202
4.28177
2.69078
4.43694
2.8773
2.52792
4.68823
3.61203
3.80167
4.28695
4.86814
4.3136
4.66745
4.33544
3.8256
2.49016
4.96732
3.03534
2.43502
4.26868
4.33156
4.49178
4.38122
4.26672
4.46102
4.14654
3.73425
4.63361
4.9402
4.041
3.76707
4.35011
4.51628
2.88867
3.71522
2.94083
4.23535
3.69973
4.97522
4.66506
4.31669
3.81882
4.97628
4.29922
4.56429
1.49203
4.40666
2.69721
2.6067
2.76234
2.32317
1.48581
3.50654
4.53573
4.23171
4.57367
4.69567
4.46621
3.53637
3.88626
3.03845
4.60153
4.34354
3.61166
2.95237
3.87631
4.29207
4.57196
4.97161
4.91493
4.33669
3.83074
4.98252
4.16991
4.39638
3.91721
4.48386
4.14412
2.79846
3.34563
2.79365
4.2092
3.74066
4.36941
4.82845
4.95609
4.38606
4.96023
3.8529
2.57604
4.28754
4.26838
4.6473
4.31143
4.39583
4.49711
4.08438
4.51476
2.50039
2.99866
4.41563
4.56379
2.54989
3.95788
3.62423
4.74642
4.39932
3.93167
4.53635
2.56658
3.18733
4.24519
3.89973
4.31909
4.58399
4.26523
4.78663
2.46326
3.12178
2.47084
2.92709
2.51901
3.03854
3.58779
4.31815
4.48277
4.92056
4.38389
4.63479
3.50561
4.42342
4.55581
4.99507
4.72836
4.29416
4.92054
4.51237
4.18282
4.1923
4.41408
3.44196
4.34339
4.607
1.49727
4.21784
3.66638
4.33104
3.66795
4.3004
3.96026
2.98717
4.46976
2.99351
4.39736
3.12593
2.72578
4.7625
4.59711
4.28851
4.9271
2.84349
2.40947
4.57928
4.16058
2.85132
4.1776
2.90136
3.65188
4.00332
2.63628
4.04582
4.46421
1.57641
2.64654
3.93784
4.94995
4.72137
4.37961
4.63502
4.24404
4.36235
4.53442
2.99042
2.67243
3.15015
2.71912
3.06
2.58885
3.97111
3.52907
3.78211
2.41354
3.78953
2.51222
1.60842
4.30134
4.97224
4.68508
4.34207
3.91384
3.41864
1.51605
4.25865
3.76408
2.41121
3.73058
2.32056
2.93176
4.84384
2.88518
4.21502
4.44747
2.46737
2.79596
4.33025
4.39355
4.6513
4.34588
4.19634
4.85445
4.58238
4.48944
4.0855
3.39112
3.97215
2.5691
1.69143
4.35173
3.90782
2.49537
2.8673
4.95206
4.43992
2.50272
2.88343
4.14745
2.78804
4.32952
4.66042
4.4078
2.8665
4.74612
2.79405
4.25857
2.83146
4.18995
4.40642
2.39467
1.50714
3.94238
4.12163
3.66096
4.29484
3.63174
4.22227
3.69168
4.40782
4.54497
4.99107
4.28531
4.68378
4.91901
4.96067
4.68384
4.93222
4.35809
4.35307
4.33501
2.97925
2.50573
1.47845
2.34925
1.69895
2.66184
3.6397
4.04279
4.40159
3.01712
2.47192
4.69183
4.87975
4.12291
4.68125
3.419
4.6323
4.38157
4.4092
4.25639
4.28811
4.59848
4.31408
4.59473
4.95294
2.85806
2.45439
4.15605
3.82185
4.45706
3.83318
4.43785
4.43488
4.76774
4.03083
3.61637
2.40009
3.48545
3.76961
2.39909
4.45162
4.07807
2.83346
2.54475
4.67389
4.41457
4.19255
4.13928
4.86134
4.36202
3.79495
3.07841
4.60019
3.98371
4.539
4.73999
4.431
4.38689
4.87106
3.92523
3.61893
2.88449
4.33012
4.69245
3.93938
4.34765
4.92807
1.50764
2.67489
1.61807
2.56482
3.95616
3.54647
4.54394
4.42044
2.9653
4.50348
4.16951
2.87135
4.84232
3.61476
4.15982
4.95987
2.32271
1.33611
4.1273
1.5489
3.33076
2.70323
2.3671
2.6897
2.39913
2.78444
4.67607
4.87257
4.39073
3.77964
4.81656
3.82807
4.45881
4.07288
3.54091
3.08226
4.63003
4.40374
4.6606
4.96202
4.5399
4.3137
2.89424
4.53004
4.92245
3.72842
4.34733
4.01812
4.48684
4.52703
4.97215
2.44603
4.65936
4.93794
4.28666
4.38127
2.54534
4.01483
3.60025
4.65271
2.72707
3.07852
4.36856
4.99593
4.34684
3.87745
3.98331
3.73539
4.06545
4.28479
4.67036
4.18573
2.82334
4.84195
2.2578
3.61995
4.23825
4.21896
4.49989
2.98713
2.36851
1.61027
2.64305
4.44707
3.23172
3.6739
3.99013
2.59669
4.81084
4.16515
4.71405
3.65613
2.20406
2.53691
4.50586
3.41136
3.73842
4.12989
2.96588
2.53237
4.61079
4.79066
4.39524
4.94867
4.77767
4.33342
4.58027
4.57598
3.63038
4.55853
4.62498
4.39768
4.22883
4.95017
4.56277
3.75656
3.09911
3.82547
4.73627
4.54771
4.54571
4.3877
2.65921
4.13804
4.68638
4.31917
3.67542
4.34873
1.69387
2.5764
2.91335
3.57797
1.53197
2.3694
2.99383
4.55472
4.95401
4.51165
3.97065
3.10309
2.61257
4.88832
4.03188
4.84786
4.4229
4.30542
4.57466
2.42814
4.82711
2.71439
4.0837
3.86362
4.40081
4.47549
3.90979
4.35961
1.49952
2.70249
4.00964
4.70181
4.52712
3.71284
3.04085
3.81925
4.78951
4.26807
3.80472
2.98452
3.48047
4.47053
4.28794
4.62235
4.16027
4.19803
3.79721
4.33461
4.53847
4.39154
2.45323
2.9397
4.89855
3.70055
4.26733
4.36603
4.71486
4.47672
4.06354
3.66328
4.01512
2.65902
4.75039
4.78097
2.33008
1.52993
4.29973
2.99324
2.49629
1.55201
3.44288
2.73469
2.51254
3.02817
4.54325
4.7681
4.95553
3.83975
4.81081
4.45418
4.27675
2.86088
3.82769
4.58409
4.95894
4.45111
4.03764
4.30857
4.45827
4.23196
4.87031
4.40846
4.5007
4.71331
4.4621
3.61079
4.73285
4.91212
4.92588
2.94438
4.33586
4.44367
4.61143
4.61213
3.4874
4.52904
4.2689
4.48467
2.53075
4.23044
3.75309
4.81583
2.89596
2.44624
2.52386
4.50835
4.23863
2.88259
3.43587
3.7794
4.21376
4.97723
4.67056
4.41802
3.85167
4.30489
4.97139
4.42519
4.45763
4.34962
3.66413
2.41084
4.78191
2.94846
2.5962
4.4231
2.89208
2.506
4.56527
3.46388
3.81591
4.3055
4.93933
4.05923
4.30662
4.31758
3.85246
2.50821
4.27693
4.28157
4.87389
4.66391
4.46141
3.89658
4.64
2.85386
4.31876
3.7806
4.59236
3.9022
4.39614
4.69654
3.01087
3.6921
4.97058
4.27406
4.44272
4.26468
3.72102
4.89186
1.55869
4.34639
2.89883
2.60407
2.82347
2.49854
1.41928
3.50955
4.88741
3.65941
2.83791
4.34625
4.18354
3.31527
2.74789
3.8791
4.98227
4.32104
4.4394
4.94861
4.42626
3.89098
4.2675
4.63546
3.9986
4.70787
4.40124
3.03751
3.56462
2.96905
4.41939
3.88357
4.52668
4.52688
4.97874
3.91074
4.35676
2.61582
4.2943
4.46993
4.86169
4.36458
4.18082
4.34679
3.86624
4.19791
4.90652
2.44481
2.93999
4.27923
4.5729
2.47634
3.79004
3.52331
4.70743
4.39199
3.80514
4.17646
2.39364
2.8007
4.94497
3.71243
4.11196
4.86157
4.47111
4.15651
4.65335
2.51479
3.22744
2.53373
2.92485
2.46944
2.96981
4.92638
4.84022
4.30877
4.49212
3.49379
4.46034
4.68255
4.50788
4.26477
4.49226
4.37039
4.42524
4.60359
3.56371
4.3896
4.55358
4.53004
4.17193
1.58676
4.2774
3.72737
4.31866
3.84686
4.48248
3.90334
2.9341
4.31791
2.79337
4.06764
2.89061
2.48592
4.53396
4.9025
4.60692
4.35344
2.93837
2.4237
4.53514
4.31681
2.82248
4.19032
2.94974
3.63534
3.89316
2.46207
3.73872
4.16214
1.53095
2.39238
3.79122
4.55501
4.26358
4.96067
4.25414
4.51786
2.86642
2.49177
2.91356
2.52253
3.0632
2.44507
2.90035
4.79865
2.87547
4.2725
4.58087
2.5766
2.91532
4.30572
4.58781
4.22072
3.97171
3.43356
1.51849
4.26444
3.80641
2.52276
3.7947
2.45961
4.49951
4.39386
4.20807
4.47421
2.97961
4.886
4.63943
2.42833
2.89092
4.38983
3.04535
4.221
4.76608
4.43458
3.83731
3.61426
3.78669
2.52825
1.54284
4.31614
3.87551
2.53729
1.5683
3.71476
4.47919
3.80932
4.31052
3.90225
4.14039
4.57093
4.3197
2.93495
3.11202
4.22945
2.81997
4.53558
4.56251
2.4267
4.90947
4.25477
4.83469
3.69203
4.62808
4.19591
4.63401
4.36006
4.93054
4.65628
4.39424
3.05406
2.48012
1.41375
2.42354
1.42929
4.19842
4.99747
4.84455
4.96111
4.25173
4.74515
3.49379
4.69815
4.50704
4.47367
4.45363
4.01097
4.37452
4.44705
4.30517
4.56469
4.41201
4.7711
2.79664
2.51609
4.38877
3.98937
2.58501
4.56493
4.31904
4.45155
4.98049
4.34452
3.82463
2.4718
3.55296
3.79369
2.4475
4.49729
4.19342
3.05347
4.28785
4.22909
4.66663
4.23977
3.89258
3.06821
4.52674
3.92543
4.39675
3.84633
4.38605
4.55094
4.93848
3.83354
3.44757
2.78944
4.23395
4.58407
4.90397
1.66641
2.57739
1.66609
2.72546
2.87612
4.50429
4.78149
4.32792
3.69566
4.46675
3.97105
2.75174
4.74508
3.53793
4.05567
4.90176
2.16144
1.51703
3.92711
1.45019
3.15171
2.60517
2.24624
2.55263
2.37632
4.75558
4.94868
4.77207
4.90774
4.9695
3.94668
4.35562
3.8908
3.49023
2.92911
4.46893
4.44391
3.84917
4.30598
4.05207
2.80435
4.63937
4.60526
3.45218
4.8631
4.09053
4.70932
4.74229
4.93338
4.49027
4.30211
2.62562
4.84433
4.55164
4.6018
2.87414
4.09922
3.61376
4.75617
2.64037
3.15978
4.65546
4.39353
4.55601
4.05373
3.90008
4.22464
4.29505
4.7201
4.09307
3.03702
4.7834
2.40806
3.80386
4.39258
2.85456
2.44133
1.6704
2.40054
4.31985
4.96204
4.69157
4.26521
4.17567
4.72927
3.62982
2.43536
4.97125
2.53312
4.35438
3.31198
3.75692
4.12762
2.84464
4.99529
4.4858
4.2761
4.47063
4.57736
3.51209
4.68549
4.7069
4.34376
4.28108
4.76049
4.73522
4.35379
3.99003
3.1896
3.76016
4.91064
4.66364
4.46037
4.44437
4.58729
4.48705
3.83462
3.01723
2.78835
2.85699
4.32182
4.56408
3.92445
4.49173
1.66646
2.54652
2.8035
3.52586
1.42268
2.48183
3.0965
4.25281
4.36876
3.89236
4.27419
4.99731
4.2577
4.47331
4.31842
4.40204
2.43196
4.96604
2.80141
4.22473
3.82197
1.54369
2.37695
4.49007
3.77937
4.91195
4.11694
3.81304
2.93181
3.55673
4.47348
4.28532
4.4286
4.6436
4.37734
4.39715
3.868
4.26823
4.64946
4.50332
2.38218
2.85215
3.94151
4.39359
2.94038
4.37184
4.59749
4.09488
4.72738
4.39905
3.94516
4.49842
3.05306
2.57909
1.53087
4.42578
2.94454
2.57583
1.57991
3.50416
2.90131
2.65167
3.9311
4.62996
4.34933
2.94142
4.08767
4.47348
4.30629
4.34312
4.37032
4.96645
4.92642
4.33713
4.95995
4.44669
4.40156
4.46088
4.59778
3.35231
4.50954
4.93794
2.93291
4.31682
4.18626
4.557
2.42677
4.17069
3.74629
4.8323
2.75767
2.46629
2.6367
4.53414
4.23155
3.04561
3.48446
3.93592
4.57631
4.25647
3.71718
4.26477
4.40721
4.39914
4.60594
4.39391
3.93902
2.60277
4.98969
2.94379
2.44079
4.31573
3.08757
2.59674
4.53404
3.49376
4.02039
4.53332
4.24107
4.31604
4.31386
3.88528
2.62786
4.629
4.28636
4.96159
4.65152
3.8676
4.66395
4.95267
2.94339
4.27711
3.80818
4.93795
4.58583
4.05906
4.26042
4.50205
2.77848
3.477
4.27738
4.4739
4.34822
3.8308
2.91195
3.88982
4.43383
4.57431
4.86847
3.93401
2.9942
4.52585
4.3058
3.50692
4.38278
4.54297
4.08999
3.71918
4.98852
2.97288
4.23106
3.79724
4.60903
4.80364
4.95536
3.75859
4.49982
4.27118
2.85607
3.5635
3.80201
4.54423
4.87107
4.37588
4.3458
4.35252
3.79392
4.41866
2.70785
4.28544
4.35287
4.69524
4.63312
4.29164
3.9201
4.3531
2.55168
3.14057
4.38613
2.58156
2.90911
4.28507
4.62083
2.43662
3.89212
3.66906
4.64528
4.40144
3.89963
4.36929
4.57462
2.48877
3.00219
2.56259
3.09944
2.52847
3.0292
3.6039
4.43955
4.50806
3.60612
3.71476
2.54915
3.76364
2.48626
3.82078
4.26661
1.48782
4.96351
4.50496
4.33883
4.42867
4.28893
3.55736
4.4654
4.49993
4.995
4.22059
4.53087
4.39742
4.60341
4.68602
4.29468
2.94275
4.35989
2.86995
4.3592
2.82755
2.78474
4.65559
4.52483
4.50329
1.56788
4.19796
3.71056
4.32532
3.65039
4.30158
3.94092
3.40855
3.81462
2.59531
3.92546
4.33255
1.64301
2.56113
3.94025
4.53594
4.33687
2.86156
2.50454
4.551
4.30644
2.95212
4.35752
3.0075
2.75674
2.46318
2.98862
2.22294
2.73035
2.45429
3.95567
3.56898
3.87923
2.53708
3.97046
2.56537
1.65855
4.40584
3.36732
4.99252
4.71264
4.14177
2.7872
4.77396
2.85705
4.25135
2.89718
4.14616
4.56977
2.40555
1.57481
3.85136
4.32033
3.85924
4.19111
3.89846
4.38961
4.59663
4.22731
4.85933
4.05967
4.48955
4.4742
4.09874
3.60575
3.48686
3.74313
2.26321
1.46024
4.21076
3.63883
2.35439
2.84996
4.86258
4.43917
2.52803
2.92775
4.2619
2.85779
4.36457
4.842
4.39662
4.08239
4.66979
4.29629
4.49976
4.37014
3.61496
4.42282
4.30359
4.96218
4.40017
4.71274
4.94484
2.80501
2.40328
1.48135
2.28592
1.50635
2.56366
3.58602
3.72751
4.27535
2.95384
2.47177
4.57833
3.61136
3.44562
4.23887
4.46546
2.73274
4.14909
4.99262
4.22807
4.54714
4.57739
2.84352
2.61171
4.33164
4.0196
4.47863
3.75729
4.35557
4.36481
4.32223
4.6532
2.3644
3.55968
3.85282
2.52881
4.60346
4.30116
2.88799
2.59457
4.94458
4.58763
4.2673
4.25895
4.14288
3.70701
4.88587
2.9632
4.5572
3.83947
4.58459
4.73999
4.56109
3.86195
3.65377
3.58053
2.83527
4.30027
4.67169
4.9164
3.74262
4.24419
4.40508
4.99085
1.66409
2.48787
1.44563
2.51994
3.97406
3.53405
4.67601
4.37161
3.04791
2.31228
3.76824
3.43817
2.9916
4.20466
4.50296
2.42874
2.81286
4.60415
4.92764
3.74275
4.22278
3.80526
4.58236
4.25585
4.86023
3.82615
3.46353
3.00823
4.50565
4.2196
4.60009
4.98109
4.85817
3.73117
4.21566
4.61372
4.24279
3.03571
4.84717
2.46519
3.85103
4.40146
4.34564
4.40729
4.27375
3.89232
4.41571
4.27926
4.44061
4.46323
2.58919
4.0416
3.71104
4.71496
2.59717
3.068
4.57198
4.36107
3.95848
2.48583
4.685
4.38698
4.49706
2.99833
2.49008
1.51249
2.51132
4.32801
2.91485
3.52485
3.86399
2.58036
4.62612
3.77688
4.35687
4.57788
3.64127
2.89477
4.34002
4.33834
4.32046
4.45616
4.6406
3.71061
4.46734
4.58003
4.3496
4.93504
4.97349
4.27469
4.47984
2.48452
4.89154
2.88679
4.38055
3.78827
4.38635
4.3441
3.73574
4.01387
4.39846
4.54913
2.95245
3.79342
4.482
4.56537
4.58144
4.41179
3.86351
4.18709
1.42257
2.57005
2.95994
3.49434
1.47188
2.56197
3.0443
4.43247
4.5838
4.16985
3.9918
4.97088
2.82582
2.45045
2.90915
4.38045
4.93091
4.67568
3.95635
1.5321
2.48222
3.90711
4.49635
4.15315
3.43796
2.87445
2.44323
2.97558
4.35074
3.983
3.56791
4.61619
2.54615
2.81083
3.80804
4.39247
4.75859
4.06317
3.66802
4.60471
4.24516
4.75074
4.19762
2.38049
2.96113
3.85914
4.38874
4.01315
4.47828
4.41033
4.3669
3.92095
4.36954
1.52429
4.19843
2.81663
2.5031
1.43964
3.48416
2.88405
2.23733
2.84845
4.98063
4.18425
4.38661
4.86948
3.65541
4.62019
4.31316
3.92489
4.24776
2.9005
2.42735
4.94564
4.39021
4.58432
4.58827
4.26981
4.75856
4.40776
3.64462
4.76554
4.92836
4.90582
4.36568
2.82951
4.29833
4.70571
4.42962
4.50433
3.50141
4.60376
4.49501
1.45169
2.47613
2.95899
2.60823
2.93918
3.57233
1.51837
2.44139
4.38571
4.20338
4.43708
4.20941
4.354
4.39501
4.46317
3.85498
3.71612
4.28601
4.6253
4.31916
2.52948
4.23259
2.97593
2.49824
4.60568
3.52834
3.64369
4.25031
4.89105
4.36789
4.64163
4.44316
3.83275
2.48721
4.98162
2.89123
4.34868
3.80127
4.9699
4.37287
4.77697
4.54668
4.0252
3.76859
4.39799
4.69733
2.96831
3.63423
4.93939
2.93409
4.4472
3.98368
4.74024
1.63323
4.15641
2.93854
2.40378
2.88384
2.47882
1.51342
3.53018
4.40801
4.19082
4.58969
4.65214
4.56507
3.45622
4.50365
4.85177
3.77287
4.2003
3.87623
4.186
4.57768
3.7527
4.60837
4.30311
3.03031
3.5123
2.93675
4.29876
3.74436
4.50225
4.98559
4.90304
3.80545
4.21908
4.92911
4.54578
4.10607
4.90724
2.61092
4.37076
4.32038
4.87609
4.29241
4.43232
4.4712
4.05991
4.36719
2.36204
3.05762
4.35294
4.55978
2.46397
3.92855
3.71215
4.79414
4.30559
3.77321
4.42911
2.42605
2.90734
4.94533
4.27414
4.51434
2.55671
2.99994
2.48942
2.96608
2.56074
2.98254
3.33169
4.36075
4.53942
4.59796
4.32209
4.53718
4.3437
4.90695
4.51059
4.6781
3.59034
4.32336
4.53701
4.58838
4.31665
4.29513
4.42057
1.56094
4.31778
3.84905
4.25462
3.76573
4.44514
3.84836
2.82868
4.27802
2.95475
4.26787
2.96948
2.57764
4.42179
4.49366
4.20096
4.92013
2.82858
2.5144
4.57794
4.22726
2.84883
4.38819
3.02961
3.66766
3.87273
2.35909
3.90784
4.25354
1.40708
2.4481
3.78258
4.91298
4.45563
4.26295
2.82771
2.32257
2.77778
2.42782
2.75093
2.36981
3.73749
3.61551
3.79101
2.48978
3.75532
2.53499
1.52487
4.39067
4.62769
4.27962
2.91021
4.98741
2.92367
4.34042
2.88792
4.24501
4.52324
2.62242
1.48283
3.93786
4.37584
3.97659
4.49277
3.88807
4.35554
4.97296
4.29607
4.64334
4.66662
4.44795
4.92664
4.57144
4.40195
3.7401
3.45483
3.79769
2.51044
1.52638
4.30338
3.82794
2.48359
3.02859
4.8052
2.63948
3.03866
4.4209
2.92349
4.45766
4.85998
4.39352
4.02492
4.51834
4.32989
4.90503
4.84787
3.40594
4.61693
4.26264
4.96711
4.25878
4.60445
2.90643
2.44108
1.45766
2.40809
1.41901
2.4085
3.51721
3.79585
4.19515
2.95046
2.45378
4.62719
4.29521
4.89911
4.13592
4.28655
4.69444
4.45379
4.45562
2.89148
2.54249
4.34366
3.77997
4.19135
3.89721
4.2741
4.20749
4.37279
3.92571
2.43883
3.40074
3.83994
2.42721
4.50673
4.20008
2.88903
2.57806
4.49741
4.22363
4.17335
4.91694
4.99777
3.93666
3.00261
4.7232
4.01103
4.50023
4.47181
4.34796
4.516
3.8542
3.58195
2.95837
4.34643
4.61745
3.82179
4.4054
1.63732
2.42818
1.44017
2.5907
3.76912
3.5718
4.53693
4.32479
2.97742
4.52158
4.18862
2.82373
4.41885
4.87087
3.64127
4.24214
3.65266
4.81822
4.78483
3.85013
4.26555
3.72572
3.42416
2.78375
4.44335
4.22042
4.64573
4.96089
4.27146
3.85129
4.25197
4.42506
4.69937
4.25371
3.01682
4.9853
2.37875
3.76703
4.60762
4.35749
4.56765
4.43538
4.3284
2.53302
4.70777
4.26144
4.59251
2.61223
3.90073
3.704
4.76231
2.62307
3.06077
4.376
4.97168
4.3243
3.97211
2.86008
2.44875
1.59855
2.29883
4.26512
2.88603
3.37705
3.80407
2.49604
4.58897
4.32967
4.87348
4.13481
4.98127
4.23964
4.74909
4.57007
3.44068
4.58847
4.4903
4.36488
4.88588
4.32533
4.64849
4.37203
4.52148
2.47685
4.98496
2.76145
4.22728
4.07707
4.36001
4.16484
3.85053
4.30478
3.92301
2.81369
3.86864
4.66993
4.37342
4.5385
4.26643
2.92475
4.38813
4.9914
4.508
4.05137
4.51308
1.58309
2.48934
2.97061
3.60725
1.62804
2.57003
2.9034
4.3306
4.53756
4.30437
3.7288
2.80689
2.53334
1.46556
2.37155
3.69306
4.51309
4.28001
3.53816
2.88813
4.59516
4.26863
2.9603
3.82687
4.53062
4.87738
4.37601
3.71439
4.26685
4.19864
3.83825
4.48408
4.69854
4.20049
2.40128
2.9103
4.99502
3.92244
4.25113
4.37887
4.50771
4.42548
4.25491
3.93524
4.31898
3.02129
2.63215
1.48928
4.17939
2.81308
2.5627
1.49131
3.51819
2.88321
2.51052
2.99225
4.30428
4.54165
4.98466
3.7523
4.79486
4.35972
4.29827
4.26433
4.93847
4.37281
4.30451
4.54057
4.50091
3.50402
4.58713
4.91234
2.84898
4.11082
4.57708
4.51127
4.52306
3.46749
4.5586
4.3506
4.34007
4.35653
3.79497
2.49639
4.22979
4.19302
4.98753
4.54629
4.12239
4.44648
4.30716
3.65161
4.24587
4.99303
4.22196
4.54974
4.36205
3.83106
2.63813
4.99375
2.95249
2.42299
4.99341
4.13242
2.9078
2.35521
4.51277
3.45568
3.767
4.32903
4.81867
4.37367
4.58646
4.31422
3.70007
4.85402
3.92523
4.50561
2.93926
4.45284
3.85603
4.81018
3.83295
4.25471
4.70012
2.91313
3.58296
4.97832
1.47869
4.18923
2.84607
2.49618
2.84999
2.41159
1.48807
3.56433
4.56215
4.98618
3.6292
4.18434
3.78714
4.80696
4.95633
4.23331
4.4055
4.98311
3.69584
4.34545
4.25845
2.79661
3.34247
2.875
4.176
3.67094
4.33235
4.85675
3.88742
4.21527
4.56227
4.47513
4.44264
2.56363
4.48249
4.46419
4.72675
4.56415
4.3809
4.15841
3.90501
4.3625
2.64041
3.09363
4.43113
4.7496
2.67141
3.98841
3.67803
4.76366
4.35819
3.96501
4.36195
2.55518
3.16717
4.55104
2.6967
2.91142
2.47191
3.02351
2.50176
3.12416
4.83219
4.5732
4.37982
4.90518
4.69954
4.37351
4.84442
4.23691
4.52922
3.65155
4.29014
4.47163
4.6584
4.08957
4.87659
4.9762
4.24073
4.63864
4.4813
4.67464
1.46727
4.30782
3.76701
4.33829
3.86055
4.21387
3.84258
3.28141
4.34615
2.94831
4.3498
2.83785
2.53061
4.73299
4.97581
4.82158
4.44882
2.8393
2.45798
4.35518
4.19552
2.80937
4.15356
2.88734
3.59425
3.89138
2.63979
3.75505
4.43672
1.57485
2.55598
3.9743
2.70209
2.40121
2.82582
2.37751
2.8473
2.3388
1.57575
4.04551
4.38862
3.80029
4.33767
3.96366
4.29063
4.54793
4.50358
2.99393
3.09708
4.44666
3.15279
4.61553
4.68447
2.61527
4.60675
4.2302
4.32084
4.50143
2.9918
4.52667
2.63978
2.92221
4.42982
2.9899
4.14977
4.63493
4.25475
3.80948
3.68844
3.95548
2.55008
1.56188
4.48563
3.85926
2.51559
4.67722
4.2214
4.94329
4.47649
4.4043
4.89272
4.25507
4.53885
4.84411
3.4015
4.62834
4.2604
2.82905
2.46792
1.43548
2.38936
1.57185
4.12327
4.11642
4.87613
4.38407
3.72032
4.29304
4.40303
4.46043
4.61851
4.27177
4.56372
4.86127
2.88973
2.44818
4.24362
3.84854
2.52569
4.78815
4.60654
4.23296
4.22343
4.96424
4.90121
4.26939
3.70198
2.45115
3.59887
3.61666
2.23021
4.60896
4.1169
2.74394
4.95396
4.62998
4.74784
4.00608
3.29265
4.66432
3.82651
4.50069
3.99362
4.45418
4.55557
3.82609
3.73618
3.07915
4.51223
4.78632
1.45451
2.42705
1.54713
2.49564
3.7873
4.55897
4.39711
2.83111
4.58272
4.96598
3.957
4.30102
4.9982
4.66444
4.99352
3.83492
4.2168
3.86804
3.50695
2.86549
4.46696
4.28136
4.3409
4.47927
4.33276
3.71068
4.14904
4.5205
4.69709
4.24594
2.85808
2.64623
3.94325
4.23375
4.25578
4.49251
4.91749
4.38182
3.87289
2.44429
4.61762
4.86433
4.39433
4.27951
2.48005
3.88582
3.52207
4.56369
2.48559
3.05282
4.38754
2.85283
2.43476
1.60288
4.31211
4.18105
4.90452
4.41421
4.89992
4.30638
4.58632
4.51509
3.43746
4.41557
4.54034
4.4471
4.50783
3.97348
4.33529
4.08251
4.94658
4.69374
4.40392
4.53082
2.48983
3.06544
4.40836
3.82811
4.54204
4.62215
3.7133
3.11616
3.75317
4.99434
4.34872
4.28066
4.23306
4.67267
4.46511
4.06926
3.10694
2.63154
2.79033
4.29645
4.95646
4.92142
4.54861
3.76074
4.34206
1.59745
2.55826
2.93093
3.55587
1.5208
2.5741
3.06244
1.45686
2.51628
3.69955
4.51743
4.3786
2.79038
3.79979
4.60777
4.17127
4.27379
4.76336
4.32963
4.46315
4.03376
4.41763
4.54919
4.38745
2.57254
2.928
4.94677
3.87511
4.34078
3.06363
4.39508
4.49487
4.96125
3.81213
4.56949
4.18786
3.8458
4.34191
2.9717
4.94168
2.4423
1.6002
4.31706
3.08746
2.36035
1.37144
3.61953
2.81258
2.45081
4.41971
4.59146
4.87872
4.2859
4.48928
4.27212
4.6942
4.52022
3.59443
4.73079
2.96388
4.22806
4.35048
4.23589
4.28767
3.90671
2.34167
4.27341
4.39853
4.92809
4.4918
4.56543
4.37356
3.8316
4.21794
4.89198
4.41237
4.93263
4.23608
4.38761
4.19573
3.8405
2.47181
4.91294
2.79324
2.49909
4.40661
2.84459
2.39161
4.57248
3.35573
3.7833
4.26676
4.43276
4.27339
3.99165
3.86781
4.82518
2.96093
4.4092
3.95541
4.62193
3.85944
4.41838
4.59056
2.97134
3.71208
3.75429
4.53768
4.95191
4.17449
4.51468
4.36017
3.81733
4.99559
2.94826
4.37932
3.83703
4.57243
4.78031
4.95838
3.90907
4.73167
4.26655
2.83477
3.45408
4.61642
4.29508
3.8573
4.48959
4.93074
4.25063
4.25016
4.20751
4.16161
4.4
2.70946
4.30751
4.1946
4.68213
4.47712
4.22311
3.89645
4.42446
2.5546
3.01046
4.32165
2.47246
3.06097
4.37758
4.63088
2.65116
4.0343
3.67717
4.41823
2.63109
2.92979
2.42255
2.87611
2.5625
2.87927
3.49296
4.45062
4.64971
3.55703
3.94951
2.52835
3.89945
2.6109
4.02501
4.31767
1.57297
3.49647
4.22699
4.48045
4.9953
4.81369
4.47942
4.67124
3.53751
4.00043
4.25482
1.4916
2.4365
3.88933
2.40988
3.67032
4.94362
4.56018
4.32909
4.87604
2.9329
4.26727
2.8685
2.48569
4.60385
4.25195
2.8762
3.50527
4.27328
4.5305
4.97287
4.55474
4.64535
4.9108
4.96115
4.46779
4.37102
4.54973
4.22479
2.62155
2.2632
2.74805
2.4358
2.87061
2.3706
3.65329
3.60061
3.76817
2.39168
3.81405
2.46054
1.49794
4.16981
3.4894
4.58514
4.18571
3.67583
3.56225
1.37059
4.36842
3.79582
2.38888
3.61236
2.39369
2.80485
2.88731
4.39884
4.45869
2.47377
2.84349
4.27165
4.96295
4.5828
4.18786
3.55229
4.64044
3.91884
4.94429
4.92993
4.87963
4.1198
4.51291
4.75732
3.65722
3.65076
3.77363
2.57581
1.5101
4.34912
3.99182
2.49713
2.90561
4.77995
2.66927
2.95456
4.57527
3.02862
4.29802
4.68724
4.35078
2.94591
3.02679
4.47229
2.89207
4.46765
4.36227
2.57476
1.56291
3.96126
4.5072
3.95586
4.395
3.88726
4.368
4.63873
4.33234
4.18316
4.57091
4.65154
4.40973
2.795
2.40974
1.47687
2.57564
1.33848
2.40278
3.40167
3.63473
4.19031
2.69148
2.45779
4.39788
3.88207
3.67953
4.4454
4.8002
3.03822
4.245
4.67045
3.27305
4.6407
4.39083
4.27615
4.06343
4.67342
4.92281
4.41451
1.6701
3.62494
1.49709
2.47641
3.06579
2.53783
2.89187
4.30609
4.36961
4.84047
2.80964
4.21933
3.78734
2.51689
3.00581
4.99737
4.67364
4.49513
3.96631
2.4733
3.42251
3.77675
2.28999
4.55918
4.41507
2.67218
2.44726
4.98715
4.41291
4.05059
3.98413
4.98488
4.60823
3.95088
4.17765
4.82617
4.9874
4.03218
4.39508
4.53746
2.80378
2.58976
4.27638
3.78749
4.26125
3.87153
4.30972
4.25847
4.33883
4.65089
1.50162
2.40007
1.57097
2.47972
3.77163
3.41612
4.54103
4.17586
2.95471
2.54425
3.73582
3.54546
2.90414
4.36932
4.55602
2.50483
1.56898
4.2391
1.42163
3.6405
3.00095
2.41334
2.85339
2.31719
2.81308
4.4855
4.97088
4.13357
3.63799
4.66886
4.31761
3.01486
4.96182
3.91543
4.34855
2.54845
4.56494
4.39381
4.57739
3.25069
4.46885
4.36898
4.86512
4.14066
4.93375
3.65125
3.50585
2.79399
4.5233
4.13928
4.52315
4.92914
4.95889
3.92626
4.27366
2.83402
4.46167
4.96315
3.74243
4.81852
4.19304
3.63109
4.57884
4.16498
4.78113
2.84286
2.54372
1.57665
2.48437
4.31745
2.90677
3.54357
3.76933
2.60816
4.55391
3.8756
4.20083
4.49132
3.44629
2.87592
2.47274
2.37417
4.60431
3.53453
3.75567
4.17982
2.73212
2.39322
4.28845
4.95127
4.49247
4.1591
4.3513
4.95225
3.83145
3.96252
2.62015
3.4524
4.11939
4.45688
3.80565
4.9496
4.33542
4.42995
4.90822
4.15625
4.6043
4.59813
3.43649
4.51965
4.45233
4.31501
4.95495
4.24
4.90141
4.18781
4.98306
1.53338
2.431
3.76804
4.58051
4.27675
3.51137
3.08594
2.53386
2.86485
4.4204
3.83483
3.60379
4.54788
2.44696
3.75567
2.869
3.50926
4.55054
4.20045
4.47824
4.90469
4.0022
4.33969
2.63326
4.46559
2.26963
3.63129
3.46623
2.6973
4.11731
4.23337
4.91862
3.83071
2.3229
4.95152
4.21369
4.53794
4.85917
4.21285
1.40485
4.34794
2.91352
2.59602
1.54441
3.59444
3.07631
2.44656
3.06416
4.39
4.53094
3.71464
4.6292
4.26327
3.93892
4.51818
3.17976
4.98226
2.58492
2.87963
3.87464
4.53922
4.95782
4.32385
3.7948
4.66569
4.29013
4.43178
4.35784
2.38364
2.98557
4.90557
3.71231
4.26001
4.50042
4.57193
4.30163
4.41105
3.65063
4.23727
3.01986
4.38224
4.42364
4.61329
4.6103
3.75392
4.50675
4.34676
1.5135
2.34431
2.95316
2.46954
2.90063
3.40922
1.5164
2.45232
2.52112
4.73795
4.4266
2.91659
3.54059
3.77079
4.30309
4.88003
4.35316
4.54507
2.58144
4.35029
3.81502
4.92178
2.95636
4.05807
2.81424
4.26955
4.58263
3.36247
2.7371
3.75537
4.33851
4.84874
4.54384
2.35296
4.25723
2.96286
2.49721
4.53934
3.46713
3.78558
4.46475
4.86994
4.90012
4.23257
4.34097
4.25303
3.82061
2.55658
4.91653
2.85794
2.35065
4.26679
4.27535
4.60482
4.5498
4.24971
4.13642
4.24634
4.24581
3.65006
3.72664
4.41059
4.79074
4.55044
4.06775
1.46919
4.35609
2.89969
2.52328
2.97402
2.40101
1.69199
3.49797
4.56989
4.37926
4.52844
4.59182
4.60664
3.5207
3.86686
2.8327
4.63409
4.26104
3.42106
2.88607
3.78604
4.27878
4.48735
4.98242
2.53835
4.49188
2.16062
2.76763
4.24106
3.63283
3.36876
4.42937
4.1743
2.39069
3.74784
4.2041
2.87906
4.91042
4.1852
4.83658
3.68789
4.45491
4.34434
2.83257
3.37649
2.87495
4.35076
3.79161
4.44751
4.86579
4.54717
4.94076
3.75863
4.09515
3.77969
4.83257
4.3327
4.61182
4.54339
2.47073
2.87549
2.45114
2.78903
2.49825
2.91419
3.49435
4.30493
4.57423
4.95598
4.12675
4.35862
3.37987
4.15773
4.44048
4.8707
2.95747
4.36122
2.71978
2.48643
4.59183
4.21671
2.92995
3.4742
3.70787
4.21147
1.51093
2.46597
3.81446
2.51653
3.84126
4.66714
4.27353
4.86885
4.18666
4.41451
3.44241
4.22855
4.50158
4.83479
4.82793
4.59963
4.27917
4.85062
4.5626
4.36835
2.84083
2.5779
3.04718
2.49611
2.78527
2.36819
3.89166
3.46893
3.70084
2.56958
3.74411
2.3462
1.4873
4.23411
4.95578
4.52744
4.39008
3.95252
3.63681
1.49067
4.52619
3.82751
2.59391
3.89214
2.52477
2.95804
4.97972
2.90147
4.33418
4.6024
2.43634
2.90837
4.32442
4.94443
3.42257
4.71851
4.19329
4.88113
4.33661
4.49503
4.99177
4.54429
4.28942
3.64218
3.49664
3.83649
2.47559
1.57708
4.37471
3.94009
2.26081
2.87654
4.79192
4.48758
2.43762
2.72253
4.12576
2.81714
4.24675
4.47196
4.26365
2.95544
2.8839
4.33094
2.9905
4.25865
4.41863
2.53096
1.45187
3.8857
4.36893
3.71884
4.46203
3.82635
4.16359
4.94078
4.15773
4.654
4.61136
4.27845
2.90286
2.50905
1.47198
2.41582
1.4957
2.47093
3.46181
3.85949
4.27087
2.87173
2.40444
4.46792
4.81612
4.2326
4.52753
3.31098
4.53626
4.5045
4.47101
4.30022
4.9757
2.90421
4.4246
4.27542
3.9427
4.2486
1.44063
3.47972
1.46865
2.47352
2.90926
2.56198
2.87046
4.27996
4.59305
2.97194
4.36494
3.72622
2.47416
4.92382
4.2373
3.76613
2.35933
3.61212
3.8074
2.42387
4.63252
4.24228
2.78561
2.36851
4.91684
4.67175
4.25431
4.24178
4.22815
4.926
4.21615
4.32251
4.61118
4.30184
4.66213
2.86188
2.64569
4.37685
3.85534
4.28073
3.80725
4.32187
4.24007
1.61474
2.44554
1.37778
2.42856
3.92601
3.59737
4.60722
4.35943
3.02488
4.51285
4.17304
2.74928
4.87955
3.72357
4.13306
4.87536
2.36055
1.49422
4.34572
1.48649
3.61927
2.84176
2.43914
2.77756
2.46105
2.98632
4.63008
4.26781
3.80253
4.36597
4.67846
4.57867
4.24741
4.63547
3.44363
4.55289
4.60809
4.95546
3.74993
4.23685
3.73047
3.55314
2.96041
4.60239
4.18879
4.56329
4.99899
4.41213
4.20978
2.80727
4.55623
4.94191
3.81347
4.27873
3.78016
4.97219
2.93025
2.44658
1.53655
2.53579
4.35902
2.98701
3.56566
3.99893
2.64481
4.62867
4.21368
4.88946
3.74671
2.46607
2.48916
4.72238
3.49591
3.89137
4.25077
2.92345
2.57008
4.42701
4.57431
4.2914
4.64658
4.96331
4.93752
3.79976
2.87365
3.48247
4.36642
4.52664
3.99686
4.31953
4.96827
4.25511
4.42962
4.68409
3.63769
4.3721
4.50451
4.34538
4.30635
4.2931
1.43725
2.38684
3.80936
4.51
4.37175
3.44393
2.88296
3.67999
4.8409
4.19511
3.7452
2.75484
3.48572
4.46799
4.24051
4.56859
4.92622
2.46207
4.04775
4.39669
4.9447
4.25537
2.41964
4.43955
2.31475
3.72281
3.42873
2.90468
4.199
4.34373
4.7925
3.7884
4.47458
4.3821
3.78883
4.31745
2.86209
2.46624
1.40931
4.33676
3.12276
2.56219
1.52844
3.70442
2.9342
2.46478
2.86102
4.4333
4.4963
4.92702
3.80367
4.59113
4.26534
2.89463
3.88399
4.62758
4.95636
4.36826
3.85333
4.40767
4.20585
3.83614
4.34353
4.53616
4.4405
2.53258
3.07703
3.90884
4.28501
4.29246
4.52333
2.72088
4.24726
4.7359
4.46257
4.38511
3.3824
4.73751
4.37601
4.45848
2.40947
4.28261
3.76222
4.79642
2.7989
2.3965
2.21651
4.56887
4.09446
2.73642
3.32461
3.62262
4.18188
4.95961
4.76037
3.10763
3.7307
4.33797
4.99443
4.63399
3.6948
2.84674
4.26175
4.55089
3.63089
4.88967
4.34987
4.59181
4.31198
3.93488
2.53552
2.92028
2.47364
4.41582
2.88774
2.36326
4.69733
3.5032
3.63671
4.14166
4.7588
4.39719
4.31978
4.18009
3.74525
2.34304
4.19875
4.18931
4.78469
4.40554
4.10815
4.57445
4.45864
3.88457
4.4416
1.69448
4.3283
2.95705
2.50031
2.94098
2.57054
1.48648
3.53372
4.97547
4.78849
3.73506
2.66057
4.41673
4.18462
3.36949
2.89382
3.84015
4.15
4.37852
4.9951
4.28545
2.45187
4.59729
2.47354
2.99824
4.31409
3.90294
3.54551
4.6749
4.41833
2.71007
4.04293
4.32499
2.99058
4.85201
3.64366
4.60897
4.21064
2.84807
3.31155
2.88076
4.35704
3.83515
4.50183
4.4038
4.88713
3.64369
4.19503
3.98405
4.37689
4.63276
4.73666
2.58429
3.0559
2.64805
3.15712
2.59183
2.97078
4.95408
4.99695
4.26965
4.63056
3.6699
4.50909
4.57788
4.70971
4.35993
4.81603
2.84604
4.21335
2.86548
2.41449
4.49678
4.28066
2.76966
3.45038
3.96562
4.3996
1.65586
2.55488
3.85053
2.43398
3.91239
4.82832
4.3675
4.94484
4.46782
3.50911
4.51469
4.5793
4.96584
4.40338
4.35403
4.92873
4.65959
4.35238
2.8486
2.69215
2.97139
2.48145
2.92901
2.56513
2.91925
3.00302
4.53792
4.71635
2.54227
3.05804
4.2846
4.58019
4.44232
3.98727
3.51704
1.72224
4.31825
3.96856
2.57191
3.89021
2.58319
4.24613
4.45792
4.92578
3.37952
4.64744
4.35259
2.8321
4.87747
4.49788
2.50975
2.93979
4.23072
2.75336
4.2596
4.88459
4.56703
4.06377
3.85136
3.23741
3.76539
2.42587
1.50143
4.07724
3.78238
2.40266
1.36135
3.74884
4.28985
3.81015
4.24018
3.458
4.26472
4.48196
4.33623
2.82557
4.69073
2.82725
4.25963
2.87059
4.31775
4.49792
2.26885
4.66631
4.24904
4.86068
4.32216
4.36925
2.97188
2.50541
1.61661
2.37755
1.42979
4.12551
4.85952
4.80865
4.33099
4.70833
3.56775
4.6103
4.47873
4.53776
4.50937
4.78274
4.98421
3.03056
4.28473
3.96465
2.51351
2.89145
4.98743
4.52775
4.34565
3.75229
4.26573
1.57813
3.52265
1.57058
2.64661
2.90578
2.50515
3.06065
2.53694
4.58008
4.2675
4.26055
4.84563
4.24443
3.61776
2.45433
4.96935
3.52023
3.9555
2.59852
4.46367
4.2926
2.90643
4.09707
4.16156
4.96182
4.97324
4.3387
3.84619
4.48026
4.23972
4.92178
4.3169
4.5534
4.32479
4.58152
4.98726
2.98989
2.44406
4.24186
3.80633
1.40527
2.74015
1.70096
2.57208
2.73625
4.59726
4.39125
3.99516
4.63718
4.3736
2.92063
3.78463
4.39915
2.4716
1.4697
4.31286
1.61494
3.42283
2.81815
2.46295
2.8128
2.51003
4.99777
4.35859
4.97099
4.42111
4.40915
4.65442
3.68496
4.72438
4.6362
4.72051
3.99046
4.24006
3.9948
3.65203
3.0941
4.71483
4.49108
3.8617
4.58081
4.39133
2.84547
4.74036
3.79608
4.23955
3.07249
2.47871
1.61807
2.30996
4.2193
4.89256
4.50343
4.30643
4.93392
4.20333
4.94372
3.77541
2.47864
2.47728
4.42925
3.41402
3.68218
4.12679
2.89227
3.87122
4.33368
4.53198
3.88074
3.06621
3.72087
4.33428
4.72219
4.33408
4.95548
4.96725
4.97354
4.31524
4.65941
4.56516
3.59886
4.72253
4.6044
4.1651
4.07306
4.80799
4.96246
4.94817
1.49996
2.60247
4.53748
3.69258
4.93631
4.33338
3.97333
3.05824
3.4817
4.51519
4.39617
4.49107
3.90518
2.45474
4.25445
4.63397
4.84003
4.25158
2.54362
4.55152
2.66694
4.07743
3.38944
2.96719
4.50495
3.03266
4.37141
4.64237
3.7156
4.24617
4.11253
3.5941
4.09451
2.79137
4.7615
2.13375
1.46314
4.01807
2.81099
2.55515
1.52002
3.26293
2.76377
2.44143
3.69489
4.35461
4.26003
2.78755
3.79224
4.42755
4.09951
4.39228
4.48723
4.14041
3.94444
3.82524
4.18162
4.52543
4.26147
2.47538
2.84817
4.85457
3.66685
4.27371
2.87477
4.19578
4.41687
4.68563
2.43133
4.34993
3.90354
4.99721
2.98118
2.61596
2.57669
4.6093
4.37751
2.88996
3.50171
3.91235
4.89102
2.79929
3.74108
4.27947
4.96337
4.42283
3.76996
2.96701
4.3804
4.37736
3.43912
4.31984
4.86985
4.07615
4.52637
4.25215
3.78299
2.49076
4.99296
2.65161
2.41855
4.24369
2.97049
2.43441
4.39976
3.45631
3.79736
4.20518
4.29248
4.24434
4.34215
3.87055
2.38237
4.3611
4.22024
4.95597
4.41299
4.34412
4.34767
3.81621
4.18327
4.83592
2.86622
3.79911
4.31589
4.64463
4.81427
3.93845
3.07451
4.63173
4.31341
3.61625
4.63052
4.49432
2.44824
3.77551
4.33457
2.79207
4.82013
4.19589
4.78923
2.40068
4.45528
2.43113
2.95131
4.20568
3.726
3.49989
2.86794
4.37954
3.81293
4.56341
4.89346
4.73174
3.77599
4.55952
4.41389
3.08023
3.52349
3.7308
4.45113
4.82936
4.21519
4.65235
4.32649
3.66224
4.83938
4.50517
2.47391
3.00569
2.58892
2.87654
2.47083
2.78518
3.45491
4.14263
4.56345
3.47967
3.80143
2.40125
3.7478
2.48569
3.72055
4.2047
1.51808
3.52786
4.2807
4.33956
4.90784
4.38007
4.53487
4.80015
4.56943
4.23122
4.82274
4.26239
3.41493
4.2652
4.73235
4.81575
4.69706
4.21715
4.34838
2.97158
2.46242
2.8514
2.46212
2.63634
2.58808
3.8034
3.37888
3.83124
2.30067
3.60207
2.36738
1.47572
4.15916
3.52344
4.48539
4.16084
3.65461
3.44242
1.58155
4.45245
3.75149
2.49906
3.92001
2.51233
2.86828
4.99688
2.87717
4.37406
4.55289
2.59713
2.89878
4.37936
4.46531
4.25342
4.37668
4.60207
4.68273
4.34275
3.98563
3.59467
3.89659
2.60777
1.61877
4.32391
3.7596
2.54697
2.88338
4.94545
4.55671
2.49167
2.81467
4.34694
2.83721
4.13405
4.81434
4.72659
4.40928
3.05
4.9788
2.89186
4.26221
2.84671
4.3202
4.60755
2.3802
1.47777
3.81722
4.43928
3.78937
4.33545
3.84967
4.36634
4.49861
4.35634
3.11312
2.58173
1.55515
2.40962
1.458
2.37568
3.43655
3.87388
4.18085
2.78209
2.36921
4.4601
3.94838
3.62337
4.38914
4.71995
2.94091
4.3133
4.58547
3.65509
4.20678
4.68637
4.71847
4.46554
4.97824
4.13441
4.56008
4.83587
2.99515
2.42726
4.3726
3.72526
4.20742
3.83397
4.20063
4.27119
4.43647
4.59955
2.58992
3.53592
3.99309
2.52803
4.63899
4.09259
2.92296
2.34922
4.9302
4.65228
4.28583
4.24502
4.47697
3.8767
4.55293
4.96341
4.33073
1.49634
2.68801
1.57244
2.5415
3.78705
3.25152
4.34372
4.20693
2.79617
2.67938
3.90297
3.51893
2.95061
4.49051
4.72309
2.51872
1.33165
4.24026
1.45448
3.66155
2.78633
2.53536
3.01777
2.31618
2.85119
4.44307
4.93474
4.32939
3.72722
4.51899
4.42119
3.01068
4.896
3.76379
4.59283
2.43029
4.10439
3.62045
3.11249
4.52644
4.40924
4.55004
4.94675
4.08026
4.45695
3.11704
4.54021
4.87022
3.75965
4.13072
3.70262
4.6669
4.29812
2.97311
2.3751
1.51961
2.43515
4.31956
2.77591
3.35649
3.72638
2.34194
4.44077
3.92332
4.33307
4.54111
3.52984
2.92324
2.35115
2.52118
4.76789
3.56193
3.87323
4.4301
2.93717
2.56007
4.26513
4.96181
4.64587
4.27163
4.38897
4.9287
3.78993
4.44456
4.51544
4.62061
3.58712
4.52795
4.58093
4.21823
4.86934
4.45179
4.89127
4.15672
1.44974
2.439
3.7289
4.4541
4.19673
4.99741
3.27876
2.72478
2.57733
2.9995
4.32956
3.93103
3.71333
4.73263
2.46826
3.8548
2.94418
3.56915
4.77769
4.33804
4.63823
3.90602
4.39318
4.43316
4.22248
2.51579
2.87482
4.89886
3.81638
4.21948
4.2363
4.51047
4.27312
4.29516
3.89601
4.32536
1.65255
4.22721
2.85215
2.55646
1.48638
3.48133
2.65157
2.39751
2.71732
4.2897
4.43263
4.83678
3.70145
4.60435
4.10077
3.86072
4.38621
3.10878
2.5324
3.11644
3.73534
4.5218
4.97821
4.16052
3.78509
4.59148
4.34698
2.67303
4.0432
4.95013
4.1725
4.15137
3.10012
4.93891
4.54454
1.71076
2.62684
3.09122
2.70579
3.22225
3.84652
1.58561
2.5048
2.24893
4.77809
4.20029
2.84562
3.67061
3.61543
4.17393
4.77338
4.45507
4.74151
2.69332
4.42205
4.24285
3.01419
3.84264
4.22164
4.93319
4.58319
4.40474
2.58292
4.99119
4.17428
2.8027
2.3456
4.44208
3.25645
3.62249
3.97254
4.95077
4.67723
4.43044
4.36102
4.3824
3.99791
2.75764
2.94741
2.60131
4.06881
4.12309
4.89187
4.21689
4.00256
4.56496
4.32036
4.49478
3.79403
1.43119
4.44518
3.00021
2.66814
2.90759
2.51719
1.5496
3.53191
4.57422
4.34593
4.48297
4.47441
4.65464
3.37236
3.70808
3.10572
4.71854
4.43377
3.75667
3.16537
4.06677
4.61775
4.73352
4.95748
4.34887
3.76106
4.89071
4.39892
4.57924
3.8704
4.60922
4.45316
2.99585
4.99128
3.58183
2.87615
4.46536
3.93147
4.55227
4.98275
4.95011
4.77176
4.96487
3.90351
4.703
2.59481
3.11993
2.56231
2.94988
2.44674
2.98964
3.62272
4.39215
4.45625
4.78542
4.39316
4.79918
4.73389
3.69486
4.49527
4.41867
4.48813
4.22025
4.86121
4.64452
4.34748
4.96195
4.27208
4.55316
3.44934
4.36788
4.58529
4.96671
4.92167
3.08959
2.53044
2.85868
2.59489
3.02095
2.54827
3.82584
3.64958
3.81247
2.55527
3.90418
2.54562
1.6564
4.3847
4.6431
4.53645
4.32399
3.68542
3.4894
1.52006
4.24978
3.79254
2.3601
3.65118
2.50192
2.82331
3.05934
4.2567
4.59113
2.56341
2.93337
4.4306
4.99953
4.35592
4.70608
4.4047
4.16458
4.92862
4.4402
4.25478
3.87433
3.46299
3.85421
2.28426
1.46174
4.33449
3.59359
2.43827
2.94816
4.69842
2.64272
2.9625
4.42511
2.97048
4.38065
4.6725
4.91297
4.09041
2.70275
4.96532
2.90084
4.05895
2.65005
4.24731
4.40119
2.50087
1.49509
3.82402
4.17843
3.97244
4.27508
3.71587
4.26186
3.20829
2.5318
1.62307
2.5664
1.58937
2.51382
3.50383
4.00008
4.42231
2.87971
2.54615
4.66879
4.44049
4.34425
3.75209
4.32784
4.75383
4.83108
4.44218
4.19507
4.43934
4.03352
4.51321
4.93282
2.86388
2.41872
4.33485
3.55207
4.16913
3.71673
4.1209
4.15267
4.93084
4.22154
3.7718
2.42709
3.46193
3.87516
2.5594
4.52082
4.13996
2.89404
2.37843
4.7175
4.26795
4.33602
4.30125
4.40989
1.58469
2.60478
1.6331
2.63575
3.93926
3.78034
4.76236
4.3932
3.06995
4.17025
4.00238
2.81562
4.82074
3.62315
4.09821
2.42339
1.34259
4.25318
1.55595
3.48494
2.89109
2.46965
2.69758
2.65788
3.08564
4.88458
4.45456
3.87972
4.89948
3.76774
4.30335
3.87101
3.41679
2.91164
4.38532
4.29528
4.62745
4.99084
4.2546
4.01125
2.63785
4.57003
4.85013
3.68724
4.37363
3.85145
2.83526
2.39085
1.47905
2.46847
4.27353
3.11529
3.65715
3.73771
2.44107
4.72371
4.25899
4.92808
3.8835
2.42363
2.47159
4.63018
3.57388
3.79516
4.1732
3.06382
2.66323
4.59562
4.7239
4.33634
4.94642
4.79644
4.14383
4.75317
4.35331
3.34271
4.6785
4.39643
4.12268
4.92579
4.0047
4.78746
4.22658
1.50108
2.51459
3.86383
4.60223
4.46695
3.55211
3.00673
3.82928
4.86162
4.38744
3.84202
3.07497
3.63728
4.53596
4.51303
4.64977
4.2752
4.20397
3.73055
4.24954
4.42414
4.33687
2.51227
2.96832
3.95691
4.21566
4.24201
4.5055
4.5216
4.26596
3.74652
4.28782
2.70631
4.89056
4.89796
2.36279
1.43678
4.37219
2.93202
2.51357
1.59613
3.49921
2.70466
2.46712
2.96954
4.50067
4.58449
3.90316
4.40511
4.14801
2.8454
3.89445
4.5025
4.97582
4.46887
3.92803
2.90035
4.27278
4.47099
4.77831
4.57276
3.60031
4.31938
4.04537
4.54757
2.55665
4.31427
3.81698
3.07283
2.57848
2.70123
4.79226
4.47185
3.17908
3.60099
4.12605
4.47156
4.51696
4.20614
3.87109
4.31454
4.2918
4.6213
4.27484
3.8702
2.4192
4.72383
2.89185
2.40517
4.33947
3.00379
2.5395
4.61396
3.40625
3.79394
4.30267
4.36588
4.23752
4.23714
3.74806
2.48088
4.43342
4.37896
4.8024
4.43217
1.49192
4.44316
2.91956
2.62861
3.02011
2.44421
1.5025
3.65996
3.7715
2.98367
4.60291
4.31544
3.63171
2.95813
4.09822
4.51439
4.61894
4.28983
3.87113
4.78437
4.21699
4.51331
4.87503
3.76031
4.52422
4.19017
2.85294
4.95268
3.4599
2.78293
4.42145
3.82248
4.58376
4.93735
4.3801
3.83123
4.59332
2.49643
2.89923
2.47757
2.81219
2.3434
3.02053
4.87801
4.2848
4.54582
3.43701
4.45224
4.74868
4.61224
4.388
4.5371
4.34249
4.99036
4.92783
4.22228
4.51858
3.34286
4.22519
4.47205
4.87825
2.80952
2.45077
2.97854
2.55487
3.03733
2.40696
3.05064
4.98799
2.84108
4.5878
4.55339
2.49309
3.08295
4.23774
4.69781
4.36526
3.77837
3.6466
1.48581
4.30292
3.91386
2.70685
3.94629
2.59397
4.62155
4.34257
4.86579
4.05113
4.44332
2.98187
4.85699
4.51893
2.35176
2.98719
4.15396
2.71306
4.28446
4.87793
4.58121
4.29905
3.75036
3.2419
3.73588
2.42734
1.58036
4.23232
3.80254
2.41156
1.55454
3.69685
4.23522
3.7975
4.23989
3.70588
4.13147
4.52664
4.33035
2.96162
4.8882
2.75207
4.28758
3.00973
4.25068
4.50578
2.3233
2.7259
2.41795
1.41737
2.34892
1.48775
4.26645
4.83208
4.93253
4.10029
4.63094
3.46803
4.74481
4.61703
4.4485
4.42777
4.01511
4.45611
4.32505
4.38216
4.42333
4.44898
4.47306
2.85742
2.55762
4.35459
3.96324
2.50556
4.48975
4.32227
4.01545
4.87837
4.21097
3.79073
2.3061
4.9503
3.54369
3.72831
2.33356
4.62796
4.21644
2.74488
4.2948
4.17821
4.76683
4.97209
1.51083
2.38015
1.5555
2.4151
3.02187
4.36557
4.23057
3.86387
4.61938
4.30423
3.02995
3.96486
4.31355
2.5644
1.50664
4.34847
1.65878
3.44599
2.88134
2.64
2.92706
2.46805
4.71369
4.54317
4.80082
4.97405
4.83175
3.79042
4.22314
3.65071
3.4699
2.81109
4.50359
4.14367
3.76907
4.41553
4.30044
2.82383
4.36612
4.85215
3.83119
4.04837
2.88425
2.4799
1.58752
2.55691
4.18676
4.93524
4.55768
4.38294
4.35753
3.82972
2.42884
2.66802
4.45451
3.40749
4.02935
4.27529
2.86767
4.97535
4.3691
4.94006
4.15519
4.74294
4.58415
3.51746
4.46127
4.48373
4.36215
4.26282
1.45751
2.46491
4.6669
3.85644
4.90503
4.29275
3.66166
2.98882
3.68234
4.586
4.34721
4.53193
4.57545
4.37045
4.24083
3.86801
4.13977
4.62997
4.3052
2.35207
2.83035
4.89558
3.85836
4.38864
3.03168
4.379
4.73985
3.79778
4.53584
4.3113
3.77958
4.17454
2.87276
4.93781
4.96055
2.49409
1.38854
4.29253
3.04977
2.57394
1.52251
3.6913
2.95457
2.4946
3.9771
4.60655
4.99328
4.35661
2.93076
3.81363
4.71932
4.27143
2.92077
4.47686
4.23282
4.64362
2.58976
4.35588
3.85207
4.91686
3.00257
2.40346
2.70935
4.56128
4.32017
3.15999
3.60299
3.93389
4.55248
4.35008
3.65061
4.17688
4.94381
4.3778
4.94472
4.30245
4.58151
4.28381
3.73703
2.4643
4.77315
2.8851
2.34529
4.38801
3.05759
2.49167
4.70192
3.57034
3.80847
4.44293
4.19267
4.39381
4.1851
3.95117
2.53687
4.30356
4.50307
4.96233
4.5325
2.89754
3.6535
4.19193
4.59829
4.81978
4.97848
3.77014
2.94696
4.47572
4.45225
3.43221
4.34887
4.56115
4.17131
3.83409
4.98569
2.87827
4.15218
3.76132
4.19131
4.86248
4.95145
3.67196
4.50533
4.21937
2.83576
3.31774
3.80032
4.50255
4.98344
4.72421
4.51153
2.28383
3.12334
2.39577
2.91392
2.61594
2.63313
3.37578
4.14725
4.70618
3.62755
4.00032
2.695
3.9046
2.58342
4.16907
4.4675
1.57936
4.49786
4.3297
4.75677
4.45227
3.59265
4.2009
4.61161
4.91768
4.70118
4.41277
4.48307
2.90031
2.55718
2.84505
2.49705
2.95156
2.41125
3.69625
3.33987
3.56696
2.42486
3.72726
2.28726
1.45723
4.18054
3.6268
4.41762
4.34485
3.00088
4.9895
2.88865
4.41225
2.95534
4.38951
4.84618
2.3943
1.58658
3.85115
4.3215
3.71665
4.29153
3.6085
4.20652
4.31507
4.52064
4.89738
4.23708
4.58865
4.57044
4.03867
4.92787
4.98654
3.80979
3.45422
3.71952
2.38705
1.49056
4.18131
3.80013
2.30817
2.70785
4.90465
4.31174
2.4952
2.81112
4.16203
2.77788
4.08177
4.91948
4.59767
4.9135
4.35495
3.05352
2.41827
1.4584
2.4777
1.52829
2.58904
3.5608
3.96657
4.39028
3.08137
2.54304
4.75914
3.81996
3.30765
4.19068
4.61822
2.75566
4.25282
4.95125
4.43063
4.41989
4.58452
2.88194
2.61663
4.15975
3.89677
4.31855
3.84913
4.2899
4.2495
4.93615
4.34537
4.55702
2.47983
3.41564
3.66001
2.38229
4.47724
4.17503
2.74056
2.43968
4.96581
4.73694
4.35447
4.29234
4.83998
4.22047
3.68944
1.47914
2.70076
1.63756
2.40979
3.87152
3.39474
4.44649
4.30938
2.90197
2.59489
3.97998
3.58621
3.10309
4.56228
4.71495
2.68118
2.86146
4.48663
4.85926
3.58115
4.04416
3.79385
4.78083
4.34754
4.94701
4.00873
3.38618
2.99486
4.5335
4.24063
4.53226
3.89575
4.37917
2.8378
2.35615
1.35167
2.51504
4.17279
2.92537
3.50379
3.78391
2.40473
4.61815
3.74808
4.20311
4.43691
3.46039
2.78435
4.12987
4.75614
4.92116
4.23201
4.23022
4.69484
4.25752
3.34415
4.72099
4.28345
4.06815
4.89907
4.8072
4.99197
1.62866
2.39111
3.84268
4.47644
4.34721
3.54194
2.92183
2.57769
2.76195
4.28517
3.89459
3.64738
4.64632
2.51388
2.94113
3.81267
4.49235
4.99718
4.16945
3.95776
4.63701
4.35439
4.69809
4.25109
2.39885
3.02744
4.84134
3.79254
4.31636
4.22404
4.47152
4.10642
4.27758
3.95218
4.35633
1.50584
4.21915
2.79699
2.34604
1.46632
3.41703
2.79316
2.28484
2.83866
4.4549
4.54385
4.86935
3.74626
4.62063
4.26233
3.76931
4.39681
2.92511
4.98546
2.41911
2.76004
4.33404
4.60242
4.52566
4.5886
3.498
4.54081
4.26481
1.53435
2.46704
2.84595
2.54834
3.0608
3.56471
1.61464
2.39467
4.23365
4.10618
4.94143
4.34141
4.3587
4.29383
4.3133
4.45447
3.78375
3.85002
4.54799
4.64758
4.52287
2.55379
4.29604
2.74071
2.50255
4.54292
3.38346
3.70871
4.26611
4.91338
4.3855
4.51938
4.3075
3.89643
2.45206
4.94484
2.85503
1.63729
4.34095
2.97816
2.62682
3.02917
2.64124
1.56127
3.74661
4.77979
4.18657
4.34755
4.36554
4.69114
3.2734
4.4014
4.77625
3.85905
4.26912
3.94939
4.29578
4.58108
3.78157
4.46381
4.04374
2.75915
3.33266
2.81398
4.40682
3.90458
4.54072
4.79546
4.40522
2.35142
2.91727
2.40274
2.89556
2.36786
2.93412
3.54358
4.19889
4.51003
4.88037
4.63243
4.39919
4.9718
4.4286
4.17843
4.16193
4.351
3.28456
4.16232
4.53357
4.81852
2.85612
2.33765
2.81008
2.40494
2.85579
2.35365
3.69362
3.59717
3.84436
2.46511
3.85239
2.38319
1.51387
4.39048
4.70387
4.21334
2.72137
4.97363
2.98951
4.2591
2.84247
4.33225
4.48108
2.44766
1.44169
3.8607
4.53192
3.86849
4.32826
3.86254
4.33866
4.99137
4.24958
4.57815
4.53907
4.45935
4.48417
4.33302
3.81242
3.68424
3.95848
2.33324
1.65476
4.48371
3.89503
2.57663
2.94296
4.66102
2.5376
3.02042
4.38698
2.94064
4.3304
2.87069
2.42983
1.47726
2.329
1.58325
2.45999
3.69134
3.79967
4.31972
2.96842
2.48543
4.67553
4.15041
4.92885
4.13075
4.33379
4.63452
4.40873
4.55548
2.82177
2.48955
4.18328
3.80443
4.32608
3.9898
4.34893
4.38719
4.87602
4.09657
3.67308
2.3161
3.56174
3.67904
2.32896
4.59668
4.22832
2.97795
2.46788
4.97647
4.46251
4.4219
4.20855
1.55101
2.48634
1.57434
2.52084
3.90051
3.57479
4.63904
4.24191
2.88497
4.40799
4.11827
2.76512
4.58715
4.87452
3.67758
4.98426
4.1235
3.6343
4.88313
4.79345
3.78029
4.23496
3.7477
3.43601
2.95361
4.54387
4.29353
4.50303
4.86845
2.90219
2.44642
1.56485
2.58744
4.50827
2.98634
3.58841
3.88166
2.4649
4.68872
4.17513
4.89281
4.98184
4.1657
4.91875
4.86729
4.15368
4.53294
4.46101
3.50235
4.55766
4.59516
4.25657
1.49487
2.4998
3.76261
4.57219
4.25407
3.36323
2.87071
4.48501
4.13957
2.82015
3.78842
4.39676
4.8507
4.917
4.21001
3.59752
4.40136
4.41676
3.97306
4.43122
4.69327
4.20298
2.39731
2.8759
3.76279
4.18924
4.33797
4.54489
4.65376
4.23462
3.81631
4.17134
2.81114
4.89494
2.42329
1.48395
4.31099
2.88059
2.38065
1.37343
3.52534
2.85742
2.44181
2.79188
4.09283
4.56479
4.84267
3.64391
2.91313
4.26025
4.59725
4.59866
4.4513
3.48587
4.5013
4.29098
4.28378
4.25599
3.73479
2.51852
4.40819
4.25304
4.79743
4.54101
4.16267
4.57846
4.38422
3.69059
4.16858
4.84183
4.3284
4.56535
4.25174
3.69865
2.42092
4.93281
2.80056
2.33432
4.24599
2.96636
2.49575
4.58425
3.50344
3.8049
4.18052
4.84085
1.49907
4.29775
3.02533
2.36263
2.84697
2.48079
1.39283
3.52369
4.417
4.79711
3.59989
4.22518
3.84066
4.93692
4.37864
4.57173
4.91772
3.75476
4.6168
4.12388
2.81832
3.52704
2.83605
4.16201
3.81346
4.40822
4.79007
4.53857
2.56268
2.79278
2.39677
2.91561
2.34887
2.85396
4.73258
4.77104
4.97749
4.16454
4.74292
4.47474
4.16208
4.85719
4.76937
4.09799
4.46629
3.30517
4.21102
4.70507
4.88906
2.85851
2.50774
3.0684
2.53645
3.01657
2.63398
1.46721
3.78564
4.19711
3.68005
4.27153
3.74431
4.13249
4.68065
4.17926
2.94566
4.69886
2.89523
4.46751
3.03999
4.22306
4.58564
2.40026
4.29208
4.29186
4.96998
4.37801
4.75224
2.91958
4.92468
4.58681
2.39906
3.02075
4.29773
2.77565
4.25344
4.92032
4.58523
4.3283
3.91454
3.45653
3.84128
2.57439
1.46104
4.3099
3.80226
2.453
2.86611
2.58613
1.65162
2.55486
1.6105
4.15653
4.1405
4.74246
4.96179
4.99436
4.36995
3.5732
4.31531
4.08952
4.33499
4.54007
4.25616
4.24843
4.88205
2.81023
2.47557
4.23929
3.73095
2.29516
4.70415
4.28356
4.11826
4.96854
3.95284
4.86192
4.96294
4.15693
3.76619
2.42219
4.92935
3.21366
3.63268
2.35072
4.34658
4.07081
2.50914
1.54263
2.43907
1.45954
2.46585
3.84439
4.614
4.19416
2.86479
4.54845
4.00297
4.31002
4.95515
4.47758
4.8913
4.77351
3.82576
4.2807
3.73991
3.52045
2.84416
4.45713
4.12818
3.07439
2.49814
1.53363
4.38971
4.31512
4.33412
4.96536
4.28809
4.5146
4.65392
3.56031
4.55623
4.46312
1.55349
2.73898
3.83462
4.8519
4.21797
4.94455
4.02895
2.63012
3.59355
4.52146
4.73808
4.12866
4.32696
4.7115
4.1328
4.10635
3.83204
4.29316
4.63187
4.29216
2.54488
3.08702
4.95499
3.85011
4.45026
2.98884
4.28006
4.68098
3.68475
4.42778
4.08337
3.76491
3.84503
2.64235
4.85727
4.98167
2.32803
1.47388
4.15219
2.8061
2.21635
1.50649
3.33695
2.61663
2.33731
2.99856
4.39961
4.14256
4.29046
4.2539
3.74691
2.38952
4.30582
4.40611
4.99545
4.57738
4.47909
4.31039
3.95946
4.39058
4.34629
4.94548
4.24642
4.65183
4.41099
3.63973
2.47792
4.98968
2.98472
2.4962
4.32928
2.92811
2.57894
4.59926
3.47528
3.77968
3.87441
4.59852
4.25122
4.68323
4.37663
3.94617
4.99755
2.96019
4.21451
3.82137
4.47749
4.79287
3.89003
4.53659
4.40009
2.98482
3.41455
4.4743
2.48398
2.85476
2.36455
2.96563
2.55476
2.78052
3.62504
4.01683
4.57371
3.69607
3.71442
2.67205
4.10354
2.74773
3.91184
4.49235
1.62598
3.32071
4.20394
4.54411
4.79632
4.36371
4.44864
3.47245
3.84532
4.35468
1.51626
2.61327
3.85026
2.44649
3.82664
4.97618
4.74666
4.28764
2.97979
4.38125
3.1483
2.44927
4.66473
4.39933
2.9885
2.82859
2.3684
2.95264
2.37602
3.01286
2.60052
3.87152
3.44187
3.95313
2.51682
3.81649
2.66091
1.63542
4.39132
3.61673
4.41322
4.31524
3.82668
3.49481
1.50611
4.40521
3.72055
2.59017
3.71673
2.48486
2.99619
2.95701
4.4936
4.6598
2.43751
3.03736
4.31315
4.81663
4.54681
4.3778
3.56863
4.55636
4.30734
4.97225
4.42371
4.58347
4.93934
2.8101
2.40933
1.5924
2.69756
1.4471
2.56731
3.58513
3.7354
4.12469
2.91822
2.13303
4.55391
3.87898
3.74803
4.52344
4.75304
3.02711
4.20156
4.6408
3.43324
4.57022
4.66468
4.44664
4.19989
4.87789
4.25144
1.58562
3.60937
1.61242
2.57615
2.92096
2.57136
3.03205
4.37273
4.55261
4.8355
3.08433
4.33716
3.79372
2.4849
3.02197
4.79312
4.28864
3.98903
1.61469
2.38352
1.57448
2.48659
3.90272
3.50435
4.48457
4.38906
2.79374
2.46001
3.9289
3.66109
3.07258
4.29492
4.73333
2.54378
1.58653
4.21672
1.44113
3.61989
2.86723
2.52895
2.67016
2.45567
2.87649
4.50189
4.16516
3.83251
4.70479
4.11827
2.96424
3.96955
4.42657
2.5616
4.72529
4.28904
4.51493
3.49691
4.6535
4.46841
4.25841
2.95397
2.69889
1.47062
2.5155
4.43277
2.95201
3.41947
3.98373
2.38378
4.51157
3.87808
4.45198
4.76234
3.74304
3.02063
2.51201
2.5371
4.71641
3.45933
3.99429
4.1026
2.9203
2.43449
4.30809
4.5197
4.32577
4.41221
3.89187
3.86732
2.82225
3.54368
4.21585
4.53937
3.9374
4.2762
4.57465
4.8138
1.67723
2.56187
3.98942
4.68074
4.27201
3.57307
2.70943
2.53689
3.12092
4.546
3.9831
3.67863
4.79624
2.57406
3.75235
2.83469
3.58775
4.37836
4.23186
4.53261
4.8134
3.87733
4.31939
2.55654
4.67813
2.65717
3.98527
3.52998
2.99494
4.46275
4.52896
4.94124
3.86869
2.56403
4.51811
4.5483
4.4674
3.16601
4.65143
4.44974
4.75784
4.88862
3.5851
4.42057
4.36661
1.30719
2.52608
2.92758
2.44936
2.79754
3.50832
1.50522
2.36247
2.53989
4.58656
4.26102
2.99106
3.24669
3.89773
4.40762
4.27037
4.32032
2.3561
4.20559
3.79168
4.84737
2.79637
4.06238
3.13747
4.58432
4.65094
3.55486
2.92797
3.902
4.18503
4.93279
4.65617
1.54218
4.28342
3.09618
2.5553
2.83368
2.69672
1.40316
3.55338
4.45407
4.39652
4.71711
4.7592
4.4473
3.59389
3.80943
2.98448
4.48
4.51401
3.5298
2.92753
3.9027
4.31258
4.64132
2.56812
4.53908
2.37741
2.87881
4.20308
3.76816
3.5134
4.50599
4.36738
2.62107
3.87849
4.29989
2.90718
4.83726
4.32169
4.96284
4.38169
2.54448
2.83161
2.2338
2.96603
2.31348
2.74771
3.22368
4.94763
4.034
4.82963
4.33529
4.49475
3.4338
4.19995
4.4916
4.82848
3.06286
4.44606
3.00037
2.65437
4.63647
4.46412
3.07034
3.56742
3.81665
4.23247
1.5932
2.5249
3.90096
2.58267
3.68247
4.78867
4.29669
4.08709
2.82644
2.37091
2.90442
2.42514
3.0132
2.53856
3.88805
3.48573
3.7633
2.50456
3.62246
2.37193
1.43244
4.26486
4.9305
4.47182
4.20594
3.88052
3.67816
1.5162
4.40527
3.95273
2.40738
3.77609
2.63711
3.11799
3.0239
4.38799
4.52389
2.70816
2.96704
4.31751
4.91784
3.4228
4.64882
4.15125
4.28192
4.51987
2.978
2.51989
1.51147
2.55972
1.68671
2.41301
4.91547
3.20987
3.9272
4.08319
2.68687
2.33386
4.34217
4.46728
4.35795
3.56335
4.48451
4.54202
4.68803
4.406
4.94593
3.03829
4.66465
4.40751
4.03776
4.42595
1.4113
3.44092
1.50607
2.6037
2.98546
2.59812
2.74672
4.1775
4.40063
4.81806
2.662
4.1548
3.58439
2.28142
1.50526
2.61694
1.71718
2.41781
3.78177
3.40818
4.29344
4.09051
2.69401
4.64598
4.30316
2.9356
3.72768
4.39608
2.46434
1.65028
4.35523
1.48102
3.6326
3.00332
2.39672
2.85637
2.47281
2.95641
4.56436
4.99839
4.39143
3.77311
4.35463
4.9317
4.64061
4.26425
4.59372
3.49674
4.68096
4.58174
4.87366
2.97269
2.50436
1.39948
2.45039
4.23651
3.0255
3.39811
3.70816
2.40251
4.55451
4.26378
4.8261
3.76209
2.50855
2.50785
4.67068
3.64173
3.77978
4.21655
3.0309
2.60005
4.44268
4.92913
4.80052
4.35751
4.5361
4.88688
3.81904
2.75905
3.58727
4.25557
4.43059
3.7839
4.90861
4.19041
1.68478
2.65051
3.78757
4.30418
4.38579
4.98532
3.31108
2.76758
3.99631
4.44993
4.07398
3.05806
3.57569
4.76239
4.49167
4.76382
2.50628
4.36022
4.60436
4.84671
4.41217
2.31361
4.35805
2.48692
3.87772
3.41236
2.88443
4.07777
4.0907
4.69116
3.6335
3.0227
4.25744
4.58832
4.7239
4.51353
3.47557
4.46306
4.28162
4.74863
2.55811
4.2964
4.03377
4.8777
3.03663
2.67514
2.74715
4.9442
4.60651
3.08542
3.76528
4.0843
4.56915
2.74244
3.55099
4.08782
4.85012
4.70391
4.41104
3.78518
2.83824
4.27256
4.39051
3.30925
4.95366
4.98691
4.81404
1.47443
4.14879
2.8695
2.57018
2.65235
2.47109
1.50916
3.41407
4.96071
4.87467
3.79973
2.90394
4.54517
4.25925
3.54222
2.85723
3.86906
4.96611
4.49189
4.51283
4.76354
4.47043
2.6843
4.68008
2.39818
3.06406
4.54517
3.98199
3.51061
4.54848
4.40995
2.48481
3.75633
4.36574
2.96808
4.96893
4.53051
2.55143
3.26827
2.59748
2.97034
2.60669
3.00985
4.93791
4.95552
4.33026
4.98547
4.72702
3.61456
4.51368
4.55589
4.91988
4.74125
4.33773
4.83866
2.96238
4.27057
2.58139
2.43929
4.60824
4.24001
2.79171
3.4057
3.97047
4.31537
1.57772
2.46917
3.81996
2.42203
3.8244
2.8228
2.40665
2.65231
2.34588
2.89509
2.30124
2.77728
3.00252
4.39247
4.56393
2.70097
2.88162
4.39075
4.45075
4.36923
3.83497
3.51641
1.45494
4.26411
3.76397
2.59677
3.82802
2.45743
4.34753
4.47006
4.74987
3.45131
4.60725
4.23905
4.92546
3.19321
2.55208
1.50932
2.54685
1.55323
4.23514
4.88346
4.3954
4.66451
3.60354
4.48711
4.73439
4.53397
4.2255
4.73404
3.17236
4.55032
3.965
2.53838
2.70884
4.89867
4.19387
4.2266
3.66507
4.2513
1.59782
3.51144
1.54795
2.40434
2.82725
2.4084
2.97809
1.48039
2.56437
1.71357
2.70649
2.81362
4.59591
4.811
4.28872
3.54971
4.52396
4.10548
2.74857
4.7247
3.67737
4.09773
4.86538
2.38601
1.4746
4.0306
1.49546
3.24071
2.58285
2.47348
2.64492
2.22763
4.46848
4.9895
4.95644
4.34488
4.59834
4.26111
3.86969
4.74139
4.80703
2.71248
2.36914
1.65174
2.37609
4.33955
4.96725
4.57138
3.97641
4.01695
4.81236
3.70517
2.29945
4.90923
2.37585
4.3755
3.30323
3.77892
4.07203
2.66734
4.0987
4.39406
4.44117
4.88375
3.92436
3.07152
3.54623
4.28294
4.71473
1.48855
2.4001
4.37601
3.67513
4.77698
4.30687
3.83332
2.87894
3.58663
4.4468
4.15287
4.52544
3.93348
2.41319
4.04359
4.58831
4.22963
2.64549
4.68721
2.52923
3.77843
3.57569
2.98153
4.42315
2.98483
4.28945
4.95324
4.97842
4.22599
4.60062
2.33719
4.30467
3.6353
4.75186
2.97246
2.60424
2.63168
4.5725
4.22598
3.11908
3.47635
3.81036
2.86855
3.58924
4.37232
4.91252
4.48012
3.99544
3.00461
4.30879
4.58253
3.53692
2.79955
3.84314
4.39794
4.33448
4.99496
3.88087
2.94608
4.53458
4.42631
3.43073
4.46891
4.39871
2.62387
4.03464
4.32535
2.85548
4.15877
4.85964
2.45944
4.54477
2.56991
2.77437
4.24076
3.77419
3.52832
4.61188
2.52151
3.08292
2.59717
2.98749
2.25753
3.00612
3.51376
4.41403
4.64861
3.46811
3.68123
2.44864
3.87268
2.58718
3.9075
4.34231
1.50121
3.7541
4.36277
4.45497
4.33976
4.65663
2.88719
2.50874
2.86177
2.34922
2.95905
2.50916
3.88221
3.52975
3.82991
2.64641
3.85558
2.52342
1.68824
4.2033
3.33007
4.53202
4.38854
3.80587
3.47755
1.5385
4.34187
3.79466
2.43909
3.90382
2.6005
3.13728
2.89014
4.50754
4.59631
2.46903
2.9476
4.38471
4.96359
4.57502
4.39582
3.02931
2.3992
1.62265
2.33821
1.53717
2.51017
3.51227
3.99276
4.34209
2.85853
2.58253
4.49091
3.6588
3.5055
4.40515
4.62629
3.01101
4.40637
4.61324
3.50116
4.5555
4.60011
4.56198
4.43803
4.95297
1.69581
2.44502
1.52978
2.64158
3.9205
3.65024
4.59762
4.39093
3.03914
2.21323
3.77673
3.40572
2.99498
4.23926
4.56485
2.60044
1.47889
4.21783
1.46903
3.44211
2.84007
2.43475
2.84103
2.42793
3.05109
4.53044
4.26489
3.80385
4.57659
4.20696
2.82294
4.93103
3.80955
4.2915
2.43233
2.83682
2.32552
1.41939
2.32375
4.15752
2.93064
3.39211
3.69687
2.34775
4.3111
3.64041
4.28162
4.63173
3.71764
3.01557
2.72006
2.43985
4.63125
3.53994
3.86535
4.41138
2.86415
2.55336
4.21035
4.94291
4.50603
4.30867
4.37935
3.96588
1.46881
2.53416
3.89744
4.61073
4.40742
3.50843
3.04034
2.23147
2.88762
4.20454
3.86455
3.49559
4.59235
2.60171
3.76934
2.80571
3.42735
4.51052
4.2214
4.64608
4.81651
3.76988
4.96917
4.28069
2.79258
4.08208
4.74501
4.6271
4.50645
3.56531
4.65749
4.24302
1.57522
2.33647
2.94121
2.47108
2.97754
3.64111
1.46411
2.54062
2.59027
4.75026
4.34943
3.20516
3.76632
3.86483
4.37075
4.46523
4.81048
2.68719
4.52859
4.14508
3.11524
1.50057
4.31744
2.86681
2.62637
2.90638
2.43944
1.51499
3.37034
4.54116
4.13358
4.5664
4.7084
4.49633
3.62698
3.9613
2.90015
4.52143
4.33454
3.50283
3.03427
3.82006
4.2929
4.57806
4.69811
2.58131
3.0703
2.57377
2.9726
2.4568
2.92552
3.57555
4.36909
4.57305
4.2517
4.50024
3.55785
4.39433
4.60883
2.99918
2.45751
2.95308
2.63487
2.87753
2.49393
3.95851
3.6965
3.86481
2.45203
3.74465
2.47753
1.53355
4.34581
4.78688
4.48229
4.27477
3.86663
3.44636
1.48725
4.10064
3.62901
2.40541
3.69005
2.41751
2.88753
4.90104
2.8851
4.08726
4.58968
2.38885
2.8344
4.2547
3.00398
2.5664
1.48845
2.41643
1.5385
2.57797
3.52659
3.84678
4.15305
3.01546
2.44147
4.46984
4.90909
4.36676
4.54908
3.55214
4.52571
4.54258
4.64221
4.33202
4.93864
1.45441
2.67995
1.52776
2.34726
3.82552
3.49154
4.38663
4.32294
2.86636
4.61979
4.21672
2.90996
4.87041
3.65656
4.26711
2.43314
1.54803
4.32602
1.47361
3.4274
2.6819
2.48614
2.83538
2.43419
2.76754
4.46625
4.72198
4.19265
3.68704
3.00638
2.31228
1.46973
2.53082
4.41724
3.02516
3.44287
3.98158
2.53876
4.56532
4.18306
4.74521
3.68798
2.38688
2.52352
4.45284
3.31533
3.82302
4.21024
2.97869
2.46405
4.29519
4.55717
4.24469
1.59947
2.45329
3.91255
4.55788
4.3693
3.55654
2.90248
3.83152
4.95962
4.37809
4.00466
3.00481
3.56232
4.60745
4.44753
4.64946
2.64738
4.19219
4.50253
4.47154
4.50954
3.35767
4.73969
4.35378
4.53462
2.50029
4.16986
3.87489
2.88788
2.5093
2.38876
4.58624
4.12375
2.8957
3.48053
3.78553
4.14935
4.87272
1.68445
4.41626
3.0866
2.54448
2.83849
2.69913
1.54134
3.55326
4.98195
4.77053
3.6917
2.86562
4.29797
4.19149
3.50295
2.88262
3.81193
4.27601
4.48288
4.93142
4.59157
2.67364
2.98457
2.34329
3.21487
2.58659
2.84182
4.913
4.4084
4.65051
3.52444
4.29014
4.68502
2.75619
2.42343
2.83635
2.43449
3.03699
2.43072
2.70809
4.88553
2.79542
4.32833
4.45265
2.54659
2.96432
4.17174
4.80197
4.44767
3.95457
3.59372
1.62757
4.38542
3.91441
2.74715
4.04784
2.5281
2.86593
2.43403
1.61457
2.49702
1.46776
4.30415
4.89689
4.38028
4.63415
3.43488
4.72351
4.54164
4.5169
1.4977
2.42334
1.56102
2.48048
2.87166
4.51887
4.98253
4.33068
3.76309
4.62914
4.30057
3.02735
4.80015
3.74186
4.34721
2.57203
1.67395
4.23779
1.38954
3.4371
3.04158
2.43971
2.90111
2.40123
2.89871
2.42482
1.51327
2.66481
4.38987
4.71756
4.36579
4.3091
4.78909
3.85165
2.52152
2.44225
4.55419
3.7069
3.84565
4.28488
2.92977
1.54275
2.56825
4.5205
4.94928
3.84278
4.87596
4.29249
3.89538
2.80627
3.38958
4.49023
4.23873
2.94314
4.33866
4.31988
4.58572
2.53476
4.16507
3.80147
4.88631
2.9773
2.56829
2.49932
4.48686
4.46115
2.92719
3.53275
3.85221
3.05993
3.92808
4.49224
4.68442
3.91252
2.95766
4.7455
4.42234
3.5893
4.43374
2.41394
2.78157
2.4421
2.82512
2.29927
2.79449
3.5772
4.22573
4.53494
3.55898
3.67999
2.36987
3.77806
2.46111
3.77552
4.22599
1.36206
2.90594
2.5368
2.91797
2.34129
2.95382
2.60235
3.90364
3.55662
3.65194
2.69789
3.87498
2.38575
1.49785
4.19099
3.53481
4.47447
4.39416
2.94457
2.41422
1.55366
2.58344
1.53029
2.56196
3.38473
4.02382
4.26518
2.85863
2.47546
4.53485
3.89351
3.56874
4.34346
4.70704
3.02271
1.5147
2.52494
1.57746
2.44842
3.78289
3.68398
4.52597
4.2504
2.87895
2.64262
3.91889
3.74184
2.87484
4.46935
4.71473
2.58722
2.86524
2.51939
1.35804
2.36722
4.10085
3.08302
3.46312
3.73571
2.42157
4.43303
3.93178
4.34847
4.80101
3.57167
3.00333
1.64485
2.49423
3.88838
4.34941
4.42641
3.33256
2.79317
2.53261
3.06207
4.45623
3.88259
3.71379
4.75475
2.67261
2.96575
4.39001
4.51091
4.82267
4.55841
3.54145
4.52415
4.31815
1.54485
2.52053
2.95871
2.37019
2.99439
3.56231
1.58182
1.51907
4.5173
2.87251
2.75112
2.92557
2.59448
1.64815
3.53556
4.47837
4.37917
4.5694
4.51305
4.55503
3.54843
4.74903
2.54923
3.03399
2.41241
3.0698
2.57638
2.97966
3.42344
4.27007
4.65646
2.98292
2.42468
3.03915
2.64524
3.01435
2.46459
3.86162
3.45278
3.83529
2.36367
3.82021
2.38271
1.55437
4.29158
2.81273
2.40052
1.4643
2.35168
1.5986
2.55415
3.59045
3.7355
4.46706
2.91511
2.49736
4.61975
1.47914
2.59588
1.72468
2.2299
3.57099
4.96389
3.11953
4.32032
4.02208
2.59433
2.97297
2.52052
1.3997
2.27171
4.18181
2.79105
3.52399
3.70612
2.35225
4.4225
1.50719
2.52941
3.8634
4.61999
4.24566
3.49621
2.97587
2.84441
4.21792
4.57546
4.41828
4.45818
3.43968
4.64118
1.5607
4.27071
2.91201
2.29001
2.9862
2.40134
1.3736
3.47078
4.60762
2.50868
2.81577
2.62605
2.93476
2.42577
2.88436
2.94593
2.58025
2.86724
2.51305
3.00784
2.5747
2.88209
2.5481
1.61628
2.54258
1.53301
1.54471
2.38492
1.36371
2.5067
2.96554
2.49621
1.49138
1.55241
2.57273
2.93461
