4.66611
2.62595
2.98401
2.53223
2.91025
2.53349
3.00167
3.52983
4.31974
4.68334
3.7177
3.93267
2.60275
3.7787
2.47018
3.95862
4.23051
1.65824
3.50507
4.43888
4.35402
4.89511
4.23218
4.48852
3.40603
3.8018
4.24112
1.59754
2.41207
3.88925
2.57504
3.72901
4.8113
4.49533
4.2607
2.91303
4.40395
3.06453
2.71347
4.58844
4.32393
2.99258
3.31967
4.48058
4.56589
4.99284
4.37408
4.94047
4.54421
4.60051
4.40494
4.5354
4.29382
3.49073
3.85022
2.34647
3.82632
4.43333
1.60967
2.45668
3.79839
4.91183
4.49812
4.08427
2.92642
2.48108
4.62701
4.23927
2.95875
4.34134
2.80864
4.38374
4.66237
4.71682
4.31978
4.94148
2.83323
4.06522
2.80006
4.19223
2.57531
2.41604
4.46379
4.70963
4.12831
1.47858
4.37436
3.88202
4.32188
3.90128
4.32602
3.77969
2.77335
2.61572
3.017
2.39025
2.90655
2.50612
3.78165
3.4197
3.87057
2.46854
3.83998
2.4651
1.58363
4.27566
3.40944
4.6697
4.34651
3.8854
3.6706
1.47692
4.59018
4.08282
2.44762
3.90183
2.51203
3.02102
2.92697
4.54374
4.60988
2.56741
3.06833
4.442
4.99084
4.53179
4.32057
3.59015
4.67996
4.29917
4.93262
4.47547
4.58401
3.82194
3.27602
3.66128
2.42941
1.35133
4.15368
3.65601
2.45294
2.92766
4.34402
2.50377
2.83507
4.02242
2.77886
4.13257
4.83352
4.51789
4.16428
2.83309
2.76014
4.26852
2.93366
4.31602
4.50511
2.52717
1.45184
3.9429
4.35932
3.87565
4.34284
3.87246
4.17563
4.33724
4.24176
4.87499
4.24379
4.68321
4.54976
4.28716
3.68093
4.24772
4.39371
4.99066
4.36737
4.77937
4.80927
4.4649
4.40193
4.48268
2.91583
2.5107
1.41599
2.49465
1.49747
2.43123
4.81905
3.41886
3.65617
4.09969
2.71186
2.26802
4.369
3.75292
3.73248
4.3354
4.65922
3.05899
4.2186
4.5169
3.38776
4.55392
4.4678
4.42239
4.25808
4.79588
4.83841
4.43805
1.5345
3.60674
1.64773
2.5663
3.12942
2.72175
2.89253
4.27632
4.46519
2.91727
4.23542
3.84022
2.50809
3.18848
4.80256
4.67612
4.01568
2.44554
3.44205
3.78276
2.50483
4.44948
4.20156
2.78144
2.38286
4.85308
4.51248
4.09792
4.99273
4.28487
4.97589
4.88789
4.32205
3.68424
4.20888
4.81004
4.11939
4.47915
4.5027
2.99257
2.68689
4.31336
3.97354
4.32355
3.78022
4.16377
4.17258
4.45798
4.69936
3.82643
3.60631
3.02234
4.37372
4.73075
3.77173
4.27469
4.62234
2.9322
4.93463
4.67204
3.75216
4.43529
4.561
4.25375
3.96081
1.47662
2.42566
1.3952
2.53031
3.79681
3.50421
4.53136
4.35955
3.00571
2.47658
3.95943
3.44143
2.92796
4.3916
4.55504
2.45535
1.41343
4.31025
1.66246
3.65145
2.9352
2.55567
2.84179
2.46828
2.88323
4.53957
4.98903
4.33795
3.78565
4.39825
4.22774
2.79915
4.92622
3.78346
4.23927
2.34858
4.62273
4.40676
4.53468
3.57105
4.55939
4.69424
4.45522
3.73805
3.59369
2.97964
4.46859
4.40211
4.67098
3.81565
4.30857
2.94177
4.48694
4.88412
3.82519
4.41522
3.85877
4.58999
4.29822
4.99218
2.47472
3.75757
3.48768
4.66401
2.47881
2.98151
4.33291
4.81606
4.25217
3.73165
2.52037
4.63563
4.9144
4.24345
4.3248
4.67587
4.18533
2.96251
4.98792
2.4817
3.81799
4.3878
4.32635
4.69082
4.15998
3.85334
4.17805
4.44072
4.31061
4.98819
4.31549
2.80132
2.33195
1.60028
2.5124
4.39959
2.93838
3.4945
3.90606
2.57319
4.54273
3.77415
4.41388
4.44088
3.48142
2.90271
2.3506
2.53165
4.69022
3.51866
3.82493
4.20766
2.89464
2.5059
4.2719
4.77501
4.63534
4.27966
4.13859
4.88474
3.66069
3.97393
3.07095
3.55203
4.45103
4.64416
3.95276
4.97114
4.35966
4.68186
4.17541
4.6375
4.60025
3.57468
4.6806
4.62626
4.43559
4.97592
4.9283
4.26776
4.91797
4.314
4.32489
1.52354
2.48653
2.92856
3.72842
1.50399
2.51415
3.01626
4.41883
4.51678
4.39691
3.68772
4.72466
2.89464
2.40681
2.81864
4.40525
4.91184
4.51439
3.83391
4.40649
4.39495
2.54626
2.92102
4.25928
3.94872
4.21532
4.35362
3.836
4.40044
4.23983
4.67525
2.97882
3.90743
4.40297
4.36019
4.49936
4.2552
3.87562
1.54785
2.39884
3.67349
4.50147
4.11939
4.98572
3.38369
2.75949
2.42873
3.08612
4.23161
3.77538
3.60691
4.53722
2.50176
3.68135
2.79889
3.47284
4.4538
4.14051
4.45103
4.94363
3.70226
4.92831
4.13713
2.45822
4.5213
2.33884
3.73488
3.64434
3.02339
4.12087
4.28753
4.9606
3.81847
2.78172
4.3876
4.72176
4.31633
1.59118
4.23693
2.95929
2.57791
1.66255
3.53957
2.94047
2.52316
2.87834
4.37877
4.45889
4.84487
3.9367
4.82688
4.374
3.857
4.39704
2.99275
2.48899
2.90693
3.79804
4.55038
4.40677
3.72724
4.62884
4.32128
4.73373
4.38301
2.57881
3.11458
4.88576
3.92161
4.46219
4.3365
4.51966
4.38991
4.45978
4.00821
4.44972
4.63401
4.20498
4.43851
4.46423
3.46292
4.51252
4.82201
4.3154
4.94225
4.90704
4.16942
4.67785
4.24445
2.87954
4.19148
4.67878
4.41457
4.51046
3.45473
4.71094
4.53452
1.57788
2.71184
2.85476
2.45912
3.10191
3.5521
1.524
2.28985
2.44958
4.58763
4.20882
2.9234
3.35367
3.66777
4.15255
4.8335
4.13099
4.45745
2.3523
4.20264
3.78429
2.7015
3.86146
2.88055
4.25836
4.72447
3.67861
4.98854
3.17109
3.91905
4.47788
4.64701
2.46793
4.34954
3.0302
2.59476
4.58372
3.51057
3.91497
4.33613
4.59302
4.66337
4.3786
3.9692
2.59664
3.03741
2.53977
4.24472
4.26887
4.98433
4.66151
4.23584
4.40594
4.38297
4.34152
3.86796
3.89727
4.52007
4.73064
4.48496
3.69163
4.13523
4.4126
2.85454
3.46239
4.72856
2.92741
4.29316
3.79055
4.97182
4.48488
4.22184
3.70786
4.85057
4.95989
4.29458
4.45521
4.47492
4.9227
4.94857
3.80399
1.44326
3.98057
2.89826
2.38911
2.7517
2.44963
1.44295
3.36774
4.36234
4.27067
4.74885
4.60105
4.48974
3.61255
3.7774
2.87971
4.643
4.28128
3.45687
2.93238
3.72147
4.9917
4.36683
4.58445
4.90559
4.87812
2.64251
4.64753
2.64812
2.94774
4.47477
4.00188
3.56817
4.53904
4.28714
2.5607
3.77651
4.34602
2.93145
4.85191
4.51237
4.99993
3.79571
4.55528
4.34324
2.98329
3.52071
2.99893
4.35428
3.73257
4.60691
4.85755
4.88145
4.53815
3.77816
4.41077
4.04411
4.35912
4.50597
2.51747
3.00561
4.38856
4.88643
2.5401
3.90084
3.69879
4.65918
4.14781
3.86707
4.17341
4.94506
2.42743
2.94844
4.31652
4.99949
3.94556
4.37251
4.56098
4.28753
2.51078
4.40586
4.18511
4.6444
4.17947
4.21308
4.30542
3.75323
4.39702
4.15874
2.43263
2.82431
2.29589
2.84729
2.35277
2.75265
3.30373
4.14817
4.61305
4.86195
4.20812
4.47868
3.53401
4.166
4.49797
4.9254
3.0353
4.44139
3.09915
2.55832
4.71115
4.43426
3.10474
3.58318
3.82443
4.34615
1.55316
2.47151
3.89232
2.47179
3.72433
4.37686
4.10607
4.85767
4.30196
4.48604
3.55655
4.16656
4.58901
4.80073
4.86832
4.70519
4.45686
4.99475
4.58619
4.261
2.91939
2.68043
4.66067
4.70964
2.92629
4.31901
3.18666
3.66785
3.65788
2.5841
3.73644
4.12095
1.50664
2.57926
4.00982
4.86093
4.56718
4.40133
4.80056
4.39013
4.9282
4.27895
4.51321
1.63596
4.39617
3.99289
4.39872
3.82364
4.40773
3.94644
2.82378
4.37289
2.9182
4.25547
3.01183
2.51479
4.48154
4.66045
4.35757
2.68259
2.24282
2.64197
2.37452
2.71193
2.21658
3.60361
3.74417
3.67083
2.53456
3.77327
2.43119
1.53359
4.18501
4.36203
4.20446
3.74317
3.74725
1.5484
4.58626
3.8936
2.79087
4.09109
2.61255
2.85048
3.06589
4.5896
4.63949
2.65437
3.11427
4.37684
4.93154
3.33046
4.77023
4.20844
4.98729
4.9518
4.83875
3.90212
4.22731
4.40804
4.2578
3.81669
3.77604
3.74644
2.5683
1.51946
4.34812
3.81053
2.49292
2.7429
4.60487
2.70823
2.98872
4.63838
3.19097
4.51528
4.82677
4.40622
3.00638
3.26177
4.6077
3.12253
4.61113
4.83129
2.69739
1.5548
4.04782
4.56262
4.05467
4.45215
4.04951
4.58723
4.83083
4.26468
4.38591
4.83493
4.16748
4.83328
3.29789
4.95144
4.8222
4.06101
4.11038
4.51694
4.91087
4.47972
4.2797
4.79026
4.46597
4.71492
2.96022
2.44528
1.59118
2.46229
1.49245
2.39348
3.39845
3.8798
4.31581
2.92096
2.43478
4.57717
4.93602
4.4679
4.50612
3.58581
4.43431
4.82713
4.65503
4.35118
4.9764
3.08268
4.61644
4.26513
3.86069
4.25441
1.51931
3.42769
1.68769
2.53168
2.87334
2.45481
2.8022
4.28711
4.3658
4.81766
2.70837
4.01962
3.48757
2.28587
4.97623
4.37019
3.82636
2.62153
3.60102
3.91892
2.49407
4.63789
4.40908
2.92955
2.37695
4.94764
4.60497
4.33831
4.37033
4.36259
4.07908
4.42563
4.62424
4.25685
4.47299
4.86235
2.97639
2.44947
4.26242
3.64997
4.19887
3.68176
4.15937
4.16366
4.68371
3.78957
3.59882
3.02005
4.5864
4.80742
4.84399
3.91551
4.50961
3.81694
2.92411
4.79874
4.5459
3.84295
4.25286
4.58593
4.34386
1.58622
2.52793
1.54584
2.47792
3.81236
3.60519
4.63842
4.30995
2.99057
4.51705
4.32984
2.79671
3.98759
4.18717
2.45767
1.64363
4.26208
1.44799
3.63761
2.87059
2.58319
3.02251
2.52866
3.04822
4.59739
4.20672
3.6821
4.42951
4.63761
4.31745
4.57141
3.68966
4.61922
4.54763
4.79139
4.89602
3.70178
4.25974
3.91061
3.4825
2.83531
4.44294
4.20182
4.42387
4.92476
4.47209
4.24138
2.86476
4.67691
4.93893
3.72849
4.14399
3.55716
4.9933
2.60199
4.67125
4.28584
4.57439
2.52387
3.948
3.62005
4.51658
2.55469
3.2535
4.59869
4.35531
4.05221
4.29475
4.01374
4.39358
4.54894
4.71467
4.27489
3.08979
2.62565
3.93665
4.45153
4.55029
4.70819
4.34749
4.31629
4.97319
2.93841
2.45326
1.45513
2.39037
4.19856
2.98313
3.57261
3.85127
2.46922
4.53264
4.23317
3.85572
2.62641
2.49884
4.71072
3.4883
4.02819
4.475
2.95622
2.62959
4.33682
4.99959
4.5093
4.22472
4.63901
4.85317
3.81651
2.94871
3.46735
4.1753
4.36019
3.6155
4.76044
4.04684
4.89271
4.36483
4.56329
4.58084
3.46681
4.64069
4.51974
4.1888
4.94414
4.32095
4.93823
4.08935
4.89075
2.96698
4.3532
4.45802
4.04686
4.44509
1.53676
2.49963
3.01583
3.46189
1.51138
2.8144
3.16842
4.33635
4.77764
4.25988
4.08742
4.99355
2.95361
2.71285
4.43893
4.7993
4.42524
4.51968
2.62901
3.02867
4.38319
3.97618
4.47051
4.52424
4.08433
4.41699
3.76762
2.83341
3.74843
4.89418
4.54072
4.19057
4.6502
4.30723
1.47844
2.52284
3.82826
4.53997
4.4718
3.56447
3.03621
3.75028
4.91214
4.32625
3.99474
3.03096
3.77188
4.80838
4.49358
4.71152
2.56585
4.25181
4.49393
4.96671
4.21831
2.46988
4.55189
2.67453
3.89108
3.43353
2.88525
4.2588
4.16465
4.69681
3.72554
4.53785
4.24824
3.70446
4.27148
2.87774
4.86905
2.39351
1.56139
4.38218
2.83878
2.56513
1.51577
3.43534
2.93111
2.41524
2.77692
4.37216
4.64783
3.93007
4.53643
4.39231
2.93872
3.94081
4.67095
4.27462
3.64464
4.1867
4.29609
3.88111
4.26511
4.46488
4.11019
2.46643
2.79942
4.73446
3.67882
4.05656
4.19238
4.38598
4.44465
4.98701
4.39793
4.34599
4.70737
4.61236
3.63298
4.84759
4.28859
4.35381
4.98832
2.83665
4.1865
4.47971
4.65145
4.53214
3.55878
4.5854
4.32183
4.75295
2.47604
4.55968
3.83593
2.9854
2.66446
2.53205
4.81815
4.33662
3.13567
3.74143
3.96118
4.42683
4.94651
2.97042
3.81234
4.21949
4.98863
4.47128
3.75775
3.01137
4.2587
4.47065
3.434
4.95535
4.74699
4.23892
4.45198
4.17616
3.83543
2.44679
4.85417
2.86298
2.50543
4.16158
2.98172
2.40751
4.40289
3.48384
3.69186
4.09695
4.26519
4.25098
4.36489
3.93208
2.51928
4.45698
4.37125
4.48779
4.06311
4.53994
4.37921
3.79624
4.1522
4.80238
3.0733
4.37678
3.85126
4.80593
3.82197
4.37989
4.60661
2.94942
3.74989
4.5373
4.73297
4.46838
4.00898
3.7984
4.49411
4.86308
1.51307
4.49698
2.86978
2.56043
2.99111
2.56907
1.47423
3.56471
4.93435
3.91157
2.93279
4.53602
4.50898
3.54737
2.95811
3.86027
4.2586
4.54337
4.96704
4.41054
2.52998
4.43859
2.56635
2.95149
4.26436
3.73921
3.38524
4.61469
4.18228
2.31732
3.66139
4.03493
2.72568
4.95937
4.91586
3.91854
4.60171
4.32021
2.89755
3.54718
2.88097
4.35767
3.87632
4.65474
4.57129
4.91352
3.62365
4.34669
3.81977
4.844
4.20043
4.47865
4.32198
2.43321
2.93324
4.35423
4.51268
2.50955
4.10105
3.74555
4.5908
4.54328
3.78134
4.53138
2.59125
3.12927
3.88256
4.35127
4.76772
4.5031
4.23463
2.50009
4.24733
4.31598
4.47593
4.84228
4.31533
4.4197
4.36534
3.88029
4.83047
2.5237
2.97624
2.61084
3.06676
2.38624
3.0978
4.31822
4.96404
4.56974
3.54552
4.35877
4.49311
4.862
4.6798
4.43349
4.85564
2.96786
4.06005
2.81676
2.42238
4.48271
4.11715
2.69813
3.53771
3.74241
4.34747
1.48477
2.37421
3.60056
2.28485
3.91019
4.85384
4.29456
4.64868
3.57137
4.42707
4.3607
4.83049
4.51781
4.30277
4.51112
4.24056
4.98033
4.82802
4.45778
4.93531
2.84064
2.36402
4.56654
4.2504
2.85178
4.47214
3.04804
3.49193
4.08428
2.4593
4.0749
4.32923
1.74678
2.66813
3.91576
4.61405
4.2887
4.48844
4.7427
4.38785
4.41401
1.46773
4.01605
3.69268
4.14116
3.74845
4.1266
3.63876
4.95411
3.00415
4.37026
3.01572
4.30084
2.94975
2.47404
4.59137
3.06695
2.60599
3.0447
2.61028
3.0758
2.4934
2.92516
4.915
2.87943
4.36637
4.57501
2.4774
2.80326
4.18797
4.72005
4.43361
3.8103
3.44353
1.55143
4.43122
3.90169
2.51169
4.05671
2.44783
4.86714
4.19174
4.61947
3.65949
4.6363
4.32198
2.78171
4.66218
4.38367
2.39189
2.80931
4.08835
2.66674
4.22536
4.98755
4.72321
4.50456
4.01134
3.43464
3.75314
2.54127
1.50378
4.51674
3.91341
2.5049
1.47626
3.59167
4.17037
3.7522
4.33247
3.74631
4.28893
4.39748
4.37884
3.06876
4.99936
2.86509
4.40462
2.9439
4.21218
4.58108
2.43567
4.42034
4.12091
4.89193
4.3372
4.63692
4.94907
4.72385
4.36127
4.69503
3.77508
4.57488
4.37417
4.34608
4.31921
4.92679
4.8055
4.41926
4.9935
2.84066
2.44808
1.54514
2.27451
1.65631
4.34464
4.96975
4.9524
4.16915
4.6091
3.4461
4.41914
4.50102
4.50204
4.11569
4.5494
4.901
2.86404
4.34165
3.88587
2.54856
2.88376
4.72965
4.55441
4.32728
3.72269
4.30851
1.45569
3.42451
1.39514
2.39449
2.76628
2.36799
2.84487
2.33151
4.71652
4.54796
4.3184
4.27172
3.92279
2.5724
3.46654
3.87919
2.56168
4.75339
4.30498
2.96824
4.44503
4.16991
4.40667
3.81231
4.40934
4.25006
4.31657
4.52609
4.33154
4.58671
4.94964
2.84418
2.41908
4.26022
3.78808
4.94417
3.99566
4.36093
4.45051
4.87982
3.99422
3.3912
2.91923
4.35887
4.51649
4.32727
4.29976
3.84945
2.85404
4.60144
3.8648
4.27773
1.46737
2.55462
1.59087
2.28851
2.87916
4.65493
4.43215
3.73569
4.69341
4.36179
3.04608
3.95629
4.59837
2.55402
1.43966
4.27073
1.50434
3.65894
2.9074
2.47228
2.99966
2.40956
4.8159
4.36935
4.58405
4.19732
4.70572
3.3113
4.43089
4.40011
4.30177
4.99742
3.95132
4.44178
3.88174
3.60018
2.87931
4.72322
4.36089
3.91835
4.60063
4.38467
2.93262
4.59172
3.89064
4.37329
4.89503
4.82067
4.24267
3.79787
2.48357
4.51184
4.33983
4.40224
2.61673
3.71498
3.54377
4.42149
2.33002
2.93863
4.25045
4.26259
4.533
4.19001
3.8599
4.38874
4.24314
4.54789
4.15319
3.04692
4.93573
2.58646
3.822
4.35979
4.30594
4.15924
4.96685
2.99413
2.42638
1.3874
2.52615
4.46867
4.72976
4.26768
4.38077
3.83756
2.42716
2.43594
4.67923
3.54246
3.79283
4.34706
2.86672
3.76212
4.88055
4.29263
4.62454
3.71225
2.80083
3.47201
4.1475
4.52121
4.0225
4.37602
4.5786
4.62397
3.49724
4.37991
4.56991
4.40281
4.27241
4.86411
4.30559
4.56182
4.11642
3.78036
4.93582
2.93243
2.51793
2.93436
4.24534
4.607
3.92094
4.41772
1.70572
2.43475
3.01227
3.43863
1.41785
2.5293
2.9042
4.43338
4.3538
3.90723
4.34138
4.32339
4.52498
4.3016
4.44935
2.62634
2.99105
4.26815
3.97193
4.45765
4.85789
4.2378
3.86892
2.81083
3.8608
4.9146
4.5582
4.26879
1.49607
2.55959
4.62968
3.88995
4.38799
3.80276
2.90868
3.46929
4.67676
4.27781
4.19116
4.95298
3.84224
2.49593
4.46822
4.71483
4.9349
4.308
2.44651
4.43623
2.38784
3.76421
3.35567
2.87433
4.23122
2.73123
4.33247
4.66096
4.79197
3.71125
4.66696
4.24208
3.85327
4.2557
2.9192
2.55437
1.55519
4.28506
2.7897
2.4746
1.53381
3.64137
2.8754
2.51824
3.90812
4.53877
4.25016
2.75808
3.78639
4.57778
4.84866
4.3299
4.11524
4.41084
4.20283
4.34196
3.85601
4.20711
4.54234
4.21583
2.34527
2.85293
4.92542
3.69972
4.18379
4.3163
4.53559
4.57735
4.55396
4.56905
3.62093
4.77146
4.44358
4.31133
2.75857
4.32433
4.95078
4.46887
4.73871
2.67895
4.46449
4.21177
3.0921
2.50051
2.54488
4.81749
4.37473
2.98703
3.696
3.83051
4.95544
4.82278
2.85542
3.89898
4.25888
4.88569
4.33436
3.60621
2.53351
3.98144
4.19374
3.21717
4.95858
4.02129
4.87345
4.46408
4.71665
4.35787
3.96423
2.61204
3.02676
2.42418
4.23108
3.04257
2.49134
4.81359
3.6766
3.89283
4.44531
4.49382
4.55083
4.45573
3.95884
2.46332
4.38884
4.43711
4.70855
4.63672
4.26089
3.66039
4.11274
4.81648
4.94266
2.87168
4.21722
3.8326
4.67286
3.99674
4.08716
4.66273
2.79454
3.59048
4.37716
4.70524
4.47326
4.02337
3.73335
4.35077
4.84504
2.78392
3.88543
4.33311
4.38227
4.92087
4.84147
3.59402
2.68035
4.41747
4.12519
3.27669
4.53856
4.32807
2.53411
3.88571
4.45424
3.08763
4.9415
4.41675
4.99733
2.5627
4.68136
2.55145
3.08607
4.32943
3.8503
3.63647
2.72147
4.34658
3.94823
4.46621
3.98659
4.51667
4.29914
2.88601
3.51149
3.82834
4.44003
4.92123
4.31218
4.73963
4.32454
3.88303
4.60671
4.28816
3.75286
4.23233
2.57095
2.90583
4.96769
4.20078
2.50621
2.9017
4.29612
4.45235
2.44318
3.82013
3.46859
4.5733
4.2673
3.80723
4.18712
4.33264
4.29296
4.11021
3.89112
4.43297
2.50902
4.4077
4.46498
4.63834
4.53338
2.61841
3.07054
2.48214
3.02332
2.45512
2.93224
3.43512
4.19861
4.54953
3.42631
3.79849
2.42694
3.86178
2.53473
3.79957
4.37759
1.47682
3.64723
4.29404
4.53763
4.92094
4.49983
4.63506
4.7504
4.57452
4.26163
4.58252
4.23705
3.53917
4.28274
4.60014
4.9503
4.3521
4.56409
4.86877
4.96525
2.84255
4.13115
2.86573
4.27779
2.83159
2.57018
4.48126
4.63197
4.09272
1.6108
4.37803
3.80502
4.26418
3.73865
4.28721
3.89413
3.67475
3.75825
2.5006
3.94038
4.38331
1.5616
2.56123
3.90156
4.86772
4.57166
4.48739
4.95268
2.85232
2.60223
4.55352
4.54812
2.85712
4.25484
3.13837
4.24777
4.80611
4.52514
4.36562
2.92062
2.46512
2.92276
2.44657
2.96208
2.4246
3.73071
3.65692
3.90942
2.57042
3.88273
2.43202
1.43165
4.45277
3.48985
4.55949
4.3038
3.80962
3.29345
1.45407
4.12751
3.72809
2.35699
3.67002
2.25428
2.79521
4.89552
3.13146
4.12221
4.48498
2.45881
2.83929
4.35495
4.88479
4.53074
4.17693
4.96648
4.40195
4.53818
4.38429
4.51563
3.84082
3.59383
3.86854
2.43691
1.55392
4.30823
3.78908
2.58124
3.11809
4.99944
2.56608
3.07984
4.59917
3.07229
4.43015
4.59068
4.2947
2.77171
4.86459
2.87053
4.33957
2.70483
4.22316
4.4547
2.50618
1.49419
3.88874
4.2019
3.74869
4.31336
3.73485
4.24392
4.48703
4.27767
4.97363
3.50101
4.60991
4.20597
4.34377
4.55535
4.95817
4.83351
4.35168
4.24044
4.59157
4.21208
3.20571
2.71633
1.5087
2.58762
1.48018
2.44963
3.37517
3.90164
4.20591
2.78077
2.41816
4.55622
3.86408
3.55993
4.47548
4.62571
3.0112
4.54299
4.59825
3.56481
4.59143
4.51466
4.54606
4.31859
4.24599
4.25894
4.79659
2.85234
2.3112
4.10571
3.78258
4.27633
3.76587
4.14775
4.11519
4.28919
4.50784
2.43572
3.27912
3.71007
2.40228
4.51939
4.20236
2.84783
2.33246
4.47661
4.20968
4.24122
4.97158
4.93634
4.39323
3.78682
4.18798
4.7666
4.17094
3.0188
4.7356
3.91674
4.54286
4.52679
4.39917
4.06576
3.8837
3.74409
3.097
4.53551
4.79021
3.91329
4.50052
4.69506
1.65998
2.67613
1.64059
2.72459
3.93157
3.61073
4.68854
4.37755
2.90658
2.38428
3.88631
3.28724
2.90184
4.27096
4.54593
2.60806
1.47384
4.05785
1.44432
3.33005
2.85966
2.27354
2.64312
2.36118
2.90872
4.80681
4.80602
4.34958
3.77367
4.47046
3.97604
2.87457
4.93482
3.79549
4.27752
2.29563
4.86905
3.92923
3.3778
2.96427
4.46911
4.43666
4.78851
4.91861
3.80073
4.29524
2.70494
4.41381
4.86768
3.60863
4.93688
4.33419
3.81502
4.26381
4.10784
4.47922
4.4776
2.64749
3.98856
3.53644
4.63711
2.54649
3.02999
4.4255
4.52848
4.10822
2.51643
4.6961
4.85128
4.15988
4.49424
4.72471
4.22671
2.76353
4.85771
2.49583
3.71353
4.32409
4.29376
4.57706
4.1286
3.80466
4.23127
4.25232
3.04432
2.53505
1.75607
2.50246
4.42745
2.93379
3.50727
3.9339
2.48238
4.71688
3.78631
4.26816
4.38344
3.44152
2.9024
2.54248
2.51212
4.51863
3.47292
3.74755
4.17713
2.91119
2.44669
4.46373
4.879
4.62436
4.24559
4.38663
3.78416
4.36891
4.49314
4.49712
3.56037
4.41825
4.70547
4.50801
4.99558
4.18514
4.85999
4.30559
2.95207
3.79903
4.9656
4.53386
4.39349
4.52783
4.34062
3.80086
4.35236
1.46103
2.48789
2.81039
3.45033
1.41973
2.44417
2.90357
4.29471
4.72669
4.44806
3.91408
4.95356
3.0316
2.65454
2.81754
4.25545
4.31463
3.90166
4.3787
4.48471
2.30432
4.80303
3.01128
4.16809
3.75247
4.24285
4.43661
3.75126
4.2943
4.21535
4.46585
1.65549
2.39312
3.73297
4.44643
4.34685
3.31226
2.76055
2.5509
3.03271
4.42843
4.0059
3.63101
4.85166
2.62794
3.99421
2.89768
3.44192
4.54921
4.18682
4.51511
4.88548
3.98988
4.36644
4.56597
3.99749
2.4387
2.75402
4.83898
3.65222
4.31279
4.26721
4.38828
4.23134
4.36938
3.83515
4.34232
1.51278
4.18482
2.67059
2.34376
1.40984
3.44929
2.80685
2.4111
2.78319
4.1998
4.50658
4.95419
3.74879
4.83535
4.37177
3.82675
4.47479
3.03799
4.9303
2.46737
2.80105
3.59203
4.35609
4.84735
4.21258
3.68998
4.6328
4.30937
4.3433
4.73814
4.55926
4.35044
4.3438
4.70155
4.47269
3.59419
4.75048
4.97099
4.43498
2.94339
4.24132
4.4191
4.67409
4.53188
3.44857
4.44893
4.08747
1.48137
2.40711
2.83921
2.47128
2.8225
3.55921
1.50139
2.57135
2.52738
4.60948
4.45283
2.90948
3.51955
3.80795
4.32707
4.31495
4.50327
2.58763
4.42624
4.04131
2.94033
3.8172
4.20529
4.76047
4.4919
4.14278
2.47108
4.17977
2.84734
2.53277
4.57083
3.44248
3.92124
4.35544
4.38793
4.57123
4.21807
3.86553
2.46629
4.90045
2.85983
2.4198
4.20909
4.24003
4.90089
4.68142
4.35158
4.42731
4.32063
4.23696
3.80869
4.54945
3.9006
3.90995
4.32769
4.62461
2.8636
3.58006
2.92851
4.38231
3.69572
4.88314
4.6997
4.21301
4.00935
4.37305
4.67457
1.46941
4.28066
2.83926
2.54669
2.86222
2.39211
1.42818
3.55499
4.70021
4.25631
4.50108
4.62554
4.38087
3.51074
4.0368
2.95285
4.63973
4.21482
3.53493
2.95566
3.89866
4.24839
4.50717
4.22838
3.66574
4.96375
4.29324
4.50412
3.72051
4.3532
4.1275
2.77827
3.42505
2.86683
4.2157
3.74627
4.51616
4.82701
4.85789
4.38541
4.99559
4.90612
3.68153
2.56561
4.43608
4.29529
4.72831
4.33033
4.32893
4.28849
3.97751
4.37646
2.55647
3.10148
4.44325
4.72772
2.59245
4.00298
3.72414
4.68842
4.38835
3.97796
4.48972
2.62055
3.12368
4.38427
3.89154
4.56399
4.68862
4.32117
4.49315
2.46118
2.83697
2.27816
2.94688
2.42948
2.90967
3.68753
4.08207
4.45537
4.24544
4.5036
3.42837
4.22195
4.81073
4.78965
4.75894
4.25762
4.64603
4.35399
4.87658
4.17321
4.52609
3.54321
4.20692
4.4381
4.81582
4.78583
1.60587
4.39825
3.92747
4.57479
3.81729
4.40707
4.04063
2.98706
4.4514
2.95317
4.20295
2.98735
2.7395
4.83023
4.50679
4.49265
2.74024
2.59081
4.5439
4.34192
2.90836
4.30808
3.04933
3.5906
3.76248
2.62374
3.88509
4.25756
1.56822
2.51486
3.95127
4.77592
4.4115
4.68884
4.24838
4.96626
4.29741
4.43256
2.92095
2.66934
3.06461
2.49542
3.07732
2.52031
3.7883
3.40083
3.90562
2.50684
3.75525
2.49767
1.50905
4.29353
4.94441
4.74993
4.42615
3.92333
3.48011
1.55519
4.26896
3.91093
2.52953
3.88239
2.64922
2.82593
4.71407
2.72192
4.30558
4.30136
2.38449
3.01075
4.12217
4.35052
4.65746
4.54949
4.32591
4.61813
4.30559
3.97614
3.48689
4.13151
2.564
1.4931
4.51116
3.93799
2.57957
3.05402
4.78754
4.54809
2.35196
2.82118
4.21514
2.87026
4.3161
4.50124
4.39791
2.99346
2.97782
4.31774
2.99359
4.41318
4.64667
2.58659
1.48281
3.71622
4.20395
3.64899
4.38404
3.82719
4.13568
4.94099
3.47592
4.72319
4.30143
4.85512
4.98815
4.35034
4.61643
4.39159
4.36471
4.56387
4.32578
3.08697
2.50758
1.70471
2.65748
1.62515
2.56
3.61593
3.96972
4.30075
2.89396
2.41648
4.58832
4.36611
4.61878
3.54325
4.75174
4.54644
4.68899
4.22566
4.96131
4.19802
4.62048
4.45836
4.69279
4.90102
2.95534
2.5389
4.23575
3.83858
4.25182
3.87758
4.30734
4.4931
4.92008
4.26169
3.80825
2.54597
3.75408
3.87453
2.44044
4.69866
4.36958
2.86593
2.35644
4.96937
4.49658
4.27762
4.21914
4.2563
4.98123
4.27979
3.84114
2.89364
4.98942
4.58513
3.81699
4.54953
4.54954
4.4285
4.5407
3.76275
3.56902
2.95768
4.27025
4.5724
4.0346
4.40046
4.9243
1.59681
2.65889
1.67385
2.64446
4.02308
3.6543
4.59902
4.48938
2.89283
4.63868
4.24374
3.02332
4.91113
3.69814
4.30917
2.51628
1.40709
4.28762
1.61986
3.23398
2.74611
2.54835
2.7939
2.46944
2.79018
4.60017
4.92192
4.89523
4.16397
3.80083
3.91416
4.45127
4.12964
3.67323
3.08847
4.80015
4.53578
4.78411
4.54125
4.44673
2.98121
4.70665
4.98159
3.8691
4.37549
3.90801
4.28127
4.38043
4.92121
2.3873
4.51754
4.77306
4.21265
4.17294
2.51545
3.83426
3.34852
4.30772
2.45092
2.69546
4.23456
4.91589
4.48339
3.94045
4.11111
3.6658
4.282
4.10004
4.41491
4.17406
2.70066
4.83889
4.90156
2.28944
3.6838
4.05343
4.92422
4.23022
4.49496
3.04031
2.59394
1.57756
2.63147
4.494
3.15905
3.60095
3.94889
2.4315
4.71952
4.43136
4.99111
4.01796
2.59316
2.56027
4.49361
3.59462
3.96572
4.32879
3.09596
2.52038
4.51155
4.91027
4.60188
4.47043
4.94948
4.42381
4.58339
4.68324
3.57005
4.25304
4.68291
4.38224
4.35456
4.47978
3.63535
2.86154
3.68048
4.68758
4.36741
4.31963
4.53764
4.23926
2.81628
4.15696
4.81443
4.42655
3.68382
4.20182
1.5756
2.35236
2.83919
3.27458
1.32055
2.20455
2.81024
4.29176
4.56378
4.47027
3.86674
3.12494
2.63104
4.30084
4.51063
4.29197
4.69463
2.44978
4.89952
2.96606
4.39755
3.82303
4.15956
4.33686
3.92472
4.44428
1.60439
2.72758
4.05551
4.80969
4.4794
3.61794
2.93672
3.77545
4.78216
4.18346
3.80529
2.96652
3.33774
4.41752
4.38359
4.50623
4.8489
4.18946
4.26572
3.73872
4.47007
4.82999
4.50038
2.60091
3.11592
4.91525
3.76231
4.40741
4.43892
4.86298
4.42279
4.22345
3.71385
4.10609
2.73882
4.81957
4.999
2.33428
1.62629
4.16891
3.21336
2.35902
1.46349
3.59032
2.83278
2.45582
2.96021
4.16049
4.55417
4.86197
3.70199
4.93441
4.33356
4.89662
4.08121
2.6799
3.68711
4.38296
4.82335
4.95887
4.17332
3.66655
4.42831
4.46302
4.30402
4.97709
4.50179
4.3593
4.76106
4.60912
3.65962
4.60569
4.94278
3.15684
4.57269
4.4203
4.79316
4.75106
3.55081
4.45103
4.27587
4.34202
2.3982
4.17258
3.63311
4.74986
2.76685
2.40021
2.66078
4.3393
4.24063
2.8596
3.37873
3.91974
4.28651
4.57816
4.24028
4.04366
4.51734
4.98628
4.19915
4.58256
4.2459
3.65694
2.36644
4.81513
2.92139
2.68646
4.73946
2.95424
2.62615
4.81342
3.60474
3.96346
4.44136
4.0476
4.15547
4.05529
3.75945
2.36441
4.32939
4.23291
4.82946
4.54096
4.28728
3.85471
4.70704
2.85057
4.32343
3.71789
4.9259
4.57797
3.96167
4.4545
4.60221
3.01816
3.51487
4.13272
4.5377
4.30103
3.76102
4.92758
1.50744
4.23604
2.99209
2.56394
2.81445
2.4875
1.37607
3.49054
3.94692
2.887
4.58687
4.36692
3.61802
2.78276
3.84884
4.27851
4.64227
4.88984
4.4419
3.97188
4.40598
4.55922
4.02695
4.91633
4.43485
2.93638
3.61017
2.96572
4.30337
3.83851
4.57635
4.62175
3.91305
4.30522
2.4247
4.29975
4.25388
4.79819
4.41063
4.25021
4.16021
3.79453
4.30538
2.30491
2.8533
4.26946
4.35266
2.46236
3.69101
3.36272
4.50958
4.1033
3.92275
4.19134
2.55969
2.89119
4.89008
3.68931
4.33281
4.90352
4.44873
4.26444
4.39193
2.36618
2.96362
2.37582
2.74751
2.34897
2.76336
4.84694
4.25554
4.69869
3.48037
4.33907
4.34223
4.56435
4.34366
4.90677
4.50324
4.13632
4.91773
4.23537
4.52085
3.39276
4.19523
4.71258
4.71354
4.27432
1.64072
4.31601
4.06728
4.38307
3.90546
4.73277
3.99874
2.98605
4.25021
2.98958
4.22566
2.76352
2.54518
4.58379
4.44398
4.21916
2.82917
2.62218
4.73496
4.32467
3.07332
4.34858
2.95456
3.6124
3.61672
2.63959
3.83961
4.44761
1.67755
2.55627
3.84222
4.57171
4.34276
4.98114
4.26548
4.59489
2.92675
2.43371
2.90208
2.4679
3.02067
2.50862
2.85092
4.86114
2.84967
4.27309
4.65716
2.45977
2.90637
4.16634
4.98622
4.41554
4.44937
3.85544
3.46944
1.52321
4.49521
3.88393
2.76789
4.02904
2.43419
4.56773
4.2887
4.93359
4.2639
4.4371
2.92539
4.93548
4.4506
2.43204
2.93657
4.28939
2.86276
4.35614
4.89502
4.4201
4.32499
3.99832
3.49069
3.78233
2.54942
1.51467
4.21091
3.8036
2.47158
1.52504
3.73135
4.38385
3.7519
4.21611
3.77368
4.40104
4.5868
4.47623
3.07555
4.98844
2.95628
4.32333
2.88631
4.55033
4.65312
2.47884
4.1954
4.58034
4.84442
3.52849
4.39875
4.22041
4.45845
4.33824
4.6233
4.43182
3.0903
2.5327
1.57063
2.70378
1.46383
4.33949
4.93426
4.99215
4.39198
4.5027
3.69209
4.35312
4.84528
4.61717
4.05421
3.82009
4.22868
4.11134
4.39649
4.66963
4.32552
4.5711
4.87075
2.97086
2.37531
4.42764
3.85171
2.55541
4.8318
4.53415
4.32344
4.33099
4.33859
3.94171
2.62835
3.53255
3.99293
2.59991
4.53188
4.37609
2.98716
4.28773
4.54937
4.46329
4.28593
3.82348
3.04305
4.86942
4.54617
3.66861
4.29651
4.92464
3.76964
4.31329
4.49013
4.98794
3.75602
3.65873
2.97221
4.32187
4.67076
1.50825
2.61177
1.63545
2.58725
2.64203
4.36979
4.80085
4.14013
3.65953
4.73419
4.31612
2.79807
4.91266
3.92524
4.37577
2.60582
1.52163
3.98856
1.57999
3.58636
2.70807
2.47489
2.98609
2.32863
4.6812
4.85734
3.84204
4.47625
4.09495
3.55388
2.97254
4.61727
4.39125
3.75947
4.68274
4.45239
3.09746
4.55312
4.87211
3.61968
4.174
4.41388
4.4524
4.96784
4.91593
4.87019
4.15593
3.74559
2.4276
4.59621
4.9418
4.35637
4.17987
2.36019
3.98568
3.43555
4.66961
2.51528
2.95853
4.30234
4.87751
4.17892
4.45105
4.38429
3.63755
4.41313
4.27265
4.52294
4.17726
2.84306
4.95029
2.48171
3.85114
4.20298
2.89598
2.44752
1.61303
2.47533
4.27038
4.52462
4.28189
4.12218
3.91625
2.49613
2.69707
4.76874
3.5502
3.90597
4.41
2.97601
4.90233
4.39747
4.99951
4.86287
4.39952
4.60338
4.59614
3.55244
4.65157
4.61321
4.27411
4.45622
4.84345
4.4474
4.35784
3.82782
3.00423
3.69986
4.85646
4.39075
4.19775
4.35051
4.55952
4.25468
3.87758
4.97501
2.85017
2.48478
2.73799
4.21831
4.79514
4.5054
3.62606
4.23304
1.42156
2.59837
2.84968
3.68025
1.40052
2.41322
2.97298
4.42526
4.16483
3.96837
4.34831
4.12716
4.62237
4.32509
4.60925
2.5023
2.97796
4.38819
3.86941
1.71597
2.4611
4.50355
4.92756
3.82583
4.53034
3.83504
2.95741
3.74213
4.80156
4.27688
4.31585
4.41202
4.38148
4.25989
3.85552
4.33037
4.51672
4.33502
2.49929
2.80268
3.96569
4.40569
3.00104
4.29188
4.6077
3.86942
4.62659
4.34939
3.98908
4.40686
2.86945
2.55408
1.68213
4.33505
2.92206
2.59446
1.57812
3.45325
2.94324
2.56929
3.83678
4.67401
4.54273
3.09394
3.88834
4.54682
4.30607
4.21587
4.44176
4.79936
4.89138
4.18616
4.94819
4.54909
4.22201
4.69619
4.43141
3.54392
4.56134
3.03148
4.20163
4.98513
4.23789
4.57118
2.31578
4.26582
3.79682
4.87553
2.98947
2.32116
2.57573
4.66447
4.1418
3.01202
3.63772
3.81027
4.60892
4.40151
4.02135
4.38249
4.57362
4.37449
4.66124
4.63883
3.8958
2.43243
3.08095
2.72115
4.4921
3.06025
2.67403
4.6522
3.63602
4.08691
4.44205
4.27413
4.41738
4.38768
4.02378
2.6813
4.43888
4.27359
4.62426
3.68658
4.72334
4.86427
4.92683
2.63832
4.10482
4.97633
3.62004
4.62338
4.27368
3.7216
4.40364
4.40274
2.90709
3.41262
3.96506
4.46659
4.21618
3.8086
4.94261
3.04087
3.8448
4.3025
4.6062
4.94983
3.93583
3.16445
4.73115
4.55818
3.63419
4.94448
4.28448
4.46653
4.97656
4.29327
3.68803
4.94134
2.94324
4.24897
3.84732
4.54015
3.92536
4.5276
4.41328
2.9852
3.53018
3.80734
4.7886
4.98736
4.2119
4.18448
4.17709
3.83614
4.29377
2.56191
4.21821
4.10532
4.48498
4.95494
4.65606
4.30192
3.79724
4.40153
2.43819
2.97953
4.99307
4.20761
4.83843
2.47968
3.03581
4.30813
4.79585
2.44241
3.81552
3.6659
4.48567
4.5413
3.9425
4.48107
4.44524
2.49852
2.89113
2.59489
2.83548
2.33338
2.94069
3.58042
4.34934
4.40516
3.41942
3.50548
2.50841
3.82996
2.49252
3.72238
4.16057
1.43717
4.6596
4.45038
4.34298
4.66819
4.25367
3.40572
4.21899
4.82449
4.95946
4.00501
4.38588
4.38975
4.65012
4.68615
4.12865
3.14695
4.40883
3.01262
4.40881
2.95628
2.63687
4.66099
4.34799
4.62855
1.69133
4.4119
3.74319
4.5197
3.66537
4.19238
3.98738
3.73107
3.903
2.43677
3.82336
4.34671
1.65775
2.49165
3.97201
4.64083
4.42254
2.82001
2.51436
4.52512
4.37636
2.84373
4.21733
2.9412
2.77759
2.34774
2.85964
2.40148
2.80859
2.28933
3.73055
3.63414
4.00819
2.66496
3.9223
2.52614
1.64415
4.38583
3.54045
4.61797
4.1519
2.82678
2.88056
4.34557
3.09495
4.21632
4.51023
2.46594
1.58595
3.97732
4.52105
3.93651
4.34823
4.06707
4.37096
4.57835
4.94201
4.01392
4.78807
4.10743
4.39004
4.65029
4.16887
3.68154
3.44595
3.73241
2.48165
1.50952
4.0204
3.6524
2.50824
2.84559
4.95225
4.51832
2.57124
2.91449
4.17295
2.79777
4.18139
4.76391
4.45355
4.18147
4.68142
4.39211
4.46905
4.48519
3.52871
4.53417
4.08926
4.33318
4.55266
4.89057
2.83586
2.53415
1.40206
2.35254
1.42042
2.50234
3.81372
3.80028
4.35196
3.02277
2.55736
4.69474
3.71085
3.47657
4.40837
4.65206
2.8181
4.14274
4.9446
4.22659
4.26095
4.52355
4.87984
2.76833
2.45133
4.15848
3.84159
4.42668
3.86204
4.44318
4.36811
4.24928
4.47666
2.31508
3.40522
3.8461
2.34865
4.36287
4.12517
3.00007
2.50513
4.55254
4.30088
4.20565
4.9182
4.14415
3.7214
3.06172
4.99904
4.53241
3.75581
4.3568
4.68659
4.44072
3.89272
3.85373
3.38913
2.92498
4.28056
4.61803
3.8859
4.37266
4.50819
1.64822
2.42492
1.45585
2.41139
3.80551
3.55664
4.58796
4.32656
2.92855
2.32334
3.80043
3.57622
3.13186
4.25578
4.50419
2.47482
2.53186
4.40132
4.89618
3.88462
4.98019
4.16165
3.74203
4.8823
4.42457
3.97808
4.78385
3.73406
3.36671
2.85296
4.29558
4.32335
4.49165
4.91704
4.98481
4.77598
3.62463
4.12325
4.75506
4.47046
3.12012
2.72184
3.93448
4.59463
4.44961
4.63892
4.36399
3.8829
4.35434
4.33777
4.4905
4.98036
4.51993
2.63472
3.77251
3.67159
4.69909
2.36442
3.04427
4.45305
4.37177
3.91478
2.54694
4.72864
4.42045
4.4316
2.97868
2.53225
1.56405
2.4009
4.38547
2.76544
3.38584
3.86709
2.41448
4.46613
3.80003
4.46232
4.73362
3.80849
3.0372
4.11269
4.27583
4.97715
4.32419
4.56621
4.62091
3.55863
4.75034
4.69907
4.28597
4.90395
4.92197
4.31801
4.5821
2.5611
2.95497
4.23884
3.95057
4.29689
4.37555
3.81875
4.20947
4.30725
4.44717
3.04799
3.75147
4.8908
4.51002
4.39004
4.56327
4.3327
4.0487
4.45552
1.46966
2.37009
2.91867
3.46497
1.41907
2.48974
2.90798
4.264
4.44767
4.37858
3.77901
4.81738
2.84001
2.41285
2.92768
4.43722
4.66713
3.88174
1.50151
2.29277
3.74804
4.80228
4.33488
3.58721
3.03028
2.53387
2.84233
4.43598
3.95509
3.68744
4.65987
2.39175
2.91611
3.91527
4.80607
4.95161
4.30147
3.80887
4.44276
4.1474
4.48786
4.21711
2.36153
2.84365
4.8141
3.68855
4.2462
4.27875
4.56487
4.22794
4.30508
3.77635
4.21282
1.4567
4.29933
2.84072
2.60302
1.49118
3.33878
2.82301
2.62176
2.92628
4.33922
4.54606
4.92802
3.77112
4.65223
4.2435
3.83133
4.29085
2.88233
2.45869
4.36412
4.81199
4.36664
4.4056
4.34023
4.36241
4.63135
3.42951
4.57284
4.96375
4.30267
2.72731
4.18807
4.57292
4.56331
4.60069
3.5613
4.58248
4.34851
1.47204
2.44053
3.06287
2.63191
2.99265
3.57585
1.43477
2.34087
4.3288
4.52891
4.97445
4.55567
4.27244
4.43838
4.17585
4.35896
3.69888
3.70659
4.23779
4.84137
4.53898
4.26212
2.46832
4.21303
2.9302
2.47836
4.33308
3.38239
3.93106
4.27488
4.86289
4.39561
4.49989
4.27781
3.78596
2.39299
4.97115
2.83774
4.38626
4.02087
4.26878
4.66834
4.62069
4.96285
3.93345
3.85855
4.07956
4.56893
2.73881
3.53437
4.94444
2.92317
4.37667
3.93136
4.57992
1.62328
4.34776
3.13877
2.46504
3.03654
2.51288
1.47347
3.64095
4.70412
4.11669
4.48808
4.69932
4.59952
3.41435
4.2661
4.75355
3.69666
4.03405
3.6555
4.83192
4.18338
4.58293
3.57441
4.34054
4.18946
2.70455
4.8914
3.45532
2.77579
4.20646
3.75689
4.32899
4.82928
4.94434
4.74879
4.03962
4.38121
4.86385
4.4907
2.72871
4.31379
4.24097
4.64979
4.68231
4.51372
4.45168
3.98821
4.4057
2.59066
2.91247
4.40375
4.65393
2.50038
3.84475
3.68863
4.75457
4.45405
4.0844
4.51648
2.67527
3.10603
4.25746
4.58549
2.57385
2.70424
2.43742
2.93876
2.35052
2.93194
3.54838
4.27668
4.52655
4.90208
4.56837
4.22366
4.53439
4.32651
4.81567
4.20768
4.60376
3.44074
4.27647
4.65644
4.96562
4.54157
4.39626
4.97029
4.42985
4.62092
1.60774
4.27642
3.71997
4.23832
3.73297
4.31
3.76979
3.20074
4.41913
2.98547
4.28818
2.98006
2.48325
4.69759
4.59308
4.59449
2.84746
2.42423
4.53185
4.21446
2.9384
4.20492
2.89934
3.56105
3.84452
2.62308
3.90068
4.23499
1.53037
2.52776
3.8011
4.91344
4.64038
4.43343
2.87642
2.64316
3.08951
2.43912
2.93033
2.56448
3.905
3.38402
3.70014
2.43614
3.66019
2.23357
1.54552
4.24077
4.4446
4.22352
2.96248
4.93832
3.02102
4.30278
2.87918
4.39129
4.62071
2.49636
1.45223
3.79766
4.32067
3.89845
4.38232
3.79346
4.36533
4.79148
4.14232
4.46637
4.33888
4.15796
4.88634
4.62602
4.2978
3.78343
3.41882
3.69621
2.48047
1.51793
4.16883
3.77664
2.31729
2.83068
4.94641
4.43409
2.33207
2.81376
4.24309
2.75751
4.1743
4.96231
4.7092
4.44842
4.43741
4.4795
4.98727
3.66735
4.59513
4.40102
4.45756
4.7182
2.81878
2.43622
1.71112
2.5743
1.46216
2.21817
4.82939
3.27558
3.66453
3.83519
2.59055
2.37609
4.28765
4.4157
4.24178
4.48302
4.70211
4.55926
4.60905
3.07367
2.55797
4.53599
3.97352
4.43398
3.71604
4.21664
4.31886
4.50781
4.10391
2.6946
3.65046
3.94479
2.60492
4.73517
4.46865
2.97572
2.44365
4.86862
4.42955
4.05611
4.29946
4.99957
4.94303
3.92381
2.82814
4.89054
4.42661
3.77405
4.13648
4.99611
4.96406
4.5113
4.26612
4.55957
4.99452
3.73828
3.22936
2.88675
4.29383
4.29995
4.7502
3.65805
4.19205
1.39132
2.50393
1.42233
2.31047
3.73461
3.44338
4.28173
4.02905
2.79759
4.77723
4.40456
3.134
4.83131
3.99311
4.47713
3.90036
4.87046
3.95495
4.43803
3.78442
3.68753
2.98659
4.59532
4.24174
4.52774
4.96985
4.43846
3.89931
4.29038
4.50179
4.55163
4.32205
2.97804
4.98736
2.60067
4.01256
4.50395
4.45759
4.79245
4.21148
4.33519
4.69772
4.87582
2.35571
4.34562
4.91038
4.0948
4.11412
2.41031
3.5711
3.38983
4.31197
2.31437
2.71039
4.01759
4.9904
4.25379
3.80373
3.00259
2.39639
1.46262
2.56001
4.42872
2.99074
3.3525
3.67849
2.47368
4.66618
4.41599
4.39807
4.97956
4.31206
4.52107
4.68236
3.63457
4.48353
4.60878
4.42097
4.9513
4.94673
4.34475
4.70219
4.24772
4.51025
2.52907
4.87181
2.96166
4.40535
3.98772
4.15575
4.22569
4.01723
4.48802
3.80816
3.09896
3.63365
4.75013
4.46794
4.04336
4.62033
4.45332
2.78354
4.20281
4.78596
4.45324
3.67626
4.20745
1.54307
2.2917
2.84277
3.31461
1.46566
2.3568
2.72147
4.20298
4.63765
4.35866
3.91115
4.94621
2.98438
2.56252
1.60226
2.59465
3.82443
4.43539
4.24775
4.94127
3.2844
2.92769
4.58909
4.20622
2.87544
3.97489
4.5008
4.26
3.72828
4.28605
4.27566
3.78492
4.19814
4.62883
4.18819
2.36968
2.88678
3.79513
4.33406
4.14259
4.48549
4.54398
4.22863
3.8622
4.45747
2.94247
4.9002
2.53759
1.4972
4.25511
2.83825
2.43714
1.45536
3.43271
2.84991
2.32742
2.76973
4.17875
4.4352
4.9043
3.71533
4.41829
4.44432
4.98218
4.32506
4.99836
4.526
4.37166
4.49398
4.6081
3.57928
4.61001
2.8474
4.22668
4.69957
4.43068
4.29622
3.41638
4.5917
4.32845
4.40799
4.46861
3.83596
2.56281
4.49917
4.29523
4.58253
4.23267
4.57945
4.30315
3.80873
4.32787
4.34377
4.62165
4.41134
4.03914
2.6418
3.12204
2.52884
4.33546
3.0156
2.49554
4.57628
3.54228
3.74343
4.23469
4.93453
4.36617
4.57039
4.33363
3.83871
3.85586
4.66222
4.81482
2.81076
4.13254
3.70877
4.90255
4.46
3.73819
4.15749
4.46869
2.81425
3.38788
4.96567
4.9558
1.54272
4.10912
3.02225
2.45761
2.60434
2.36267
1.51578
3.516
4.6283
3.87516
4.40962
3.93144
4.41068
4.73691
3.92061
4.70543
4.40394
3.06996
3.65587
3.12889
4.29533
3.77177
4.65876
4.99453
3.71758
4.23361
4.96197
4.92962
4.29506
4.30775
4.31919
2.5785
4.11871
4.94535
4.26899
4.33025
4.84275
4.34717
4.26548
4.41052
3.93996
4.15473
4.82441
2.3887
2.59983
4.17723
4.30468
2.42851
3.70768
3.26382
4.40087
4.21526
3.79986
4.23131
2.46631
2.84627
4.88094
4.38876
2.63024
3.11042
2.39426
2.8119
2.53991
2.99469
4.57137
4.16334
4.52352
4.31618
4.90828
4.37675
4.61336
3.60598
4.18428
4.43388
4.52325
4.39349
4.93144
4.25571
4.79023
4.5204
4.30763
1.45753
4.17134
3.67844
4.06088
3.67733
4.00303
3.62695
4.92027
2.94521
4.40743
2.91453
4.40497
2.90898
2.53263
4.54443
4.61137
4.40561
4.99788
3.06282
2.20991
4.66324
4.25725
2.95804
4.35078
2.88265
3.4776
3.92127
2.534
3.95806
4.38536
1.64064
2.62174
3.88542
2.6344
2.32142
2.70006
2.36061
2.76799
2.18982
1.58126
4.07417
4.58295
4.22033
4.4547
4.03711
4.52067
4.69421
4.42164
3.0142
2.95229
4.4133
3.06559
4.52425
4.57334
2.5891
4.77019
4.29992
4.88184
4.2292
4.4788
3.00723
4.64277
2.64709
3.08359
4.24366
2.97671
4.55294
4.5267
4.27813
3.79984
3.65698
3.84574
2.47822
1.45187
4.49974
3.84054
2.49163
4.77599
4.40437
4.30697
4.21183
4.8948
4.94244
3.96842
4.41038
4.86817
3.30799
4.64091
4.17638
3.05303
2.54159
1.497
2.55703
1.53914
4.07541
4.23287
4.70446
4.96173
4.38072
3.6906
4.32239
4.15843
4.92436
4.0808
4.52214
4.4647
4.30021
4.87976
2.74226
2.41478
4.98555
4.12835
3.79825
2.41806
4.76859
4.43511
4.16778
4.8852
4.02243
4.76908
4.23235
3.75364
2.45888
4.99085
3.30402
3.57704
2.15369
4.53842
4.11748
2.64579
4.95626
4.65643
4.53372
3.87753
3.18311
4.72062
3.96755
4.48846
4.93943
3.94309
4.48657
4.74547
4.83253
3.9332
3.77427
3.1838
4.50272
4.77215
1.5287
2.3537
1.40599
2.64381
3.61469
4.37941
4.24971
2.86507
4.44866
4.85713
3.75517
4.25171
4.83989
4.99404
4.75684
4.94011
4.91346
3.82666
4.27224
3.94346
3.37217
2.81972
4.4876
4.28817
4.50134
4.60442
4.08784
3.76432
4.23921
4.40368
4.5834
4.38238
2.83592
2.5357
3.87532
4.29622
4.47244
4.60966
4.28091
3.99733
2.56569
4.39103
4.94262
4.36224
4.27808
2.5787
4.06452
3.66921
4.68339
2.72391
3.03747
4.44679
2.65653
2.20683
1.69367
4.12092
4.23167
4.95567
4.94391
4.9448
4.39416
4.81718
4.25645
4.74552
4.36802
3.29479
4.45747
4.47203
4.56037
4.51921
4.17768
4.4422
4.12447
4.57704
4.27908
4.69626
2.43051
2.9964
4.33892
3.86934
4.69606
4.43994
3.68647
3.14835
3.8186
4.47061
4.26496
4.5029
4.83938
4.34216
3.99627
3.01945
2.74428
2.83948
3.8806
4.81367
4.40473
3.66866
4.33318
1.7165
2.62409
3.0017
3.63928
1.53678
2.42066
3.06074
1.42988
2.42666
3.80067
4.66602
4.97126
4.24595
2.84571
3.84447
4.56518
4.31052
4.54632
4.82444
4.30966
4.19662
3.72688
4.4835
4.9101
4.40806
2.64742
3.15306
3.97531
4.61602
3.25845
4.41535
4.71077
3.93221
4.4177
4.36165
3.80048
4.15657
2.82546
4.94824
2.5365
1.69775
4.46443
3.11284
2.42744
1.51172
3.80826
2.95784
2.63759
4.91535
4.88461
4.17025
4.3944
4.98357
4.90032
4.16226
4.76433
4.78336
4.77968
4.19766
4.55567
4.67113
3.49811
4.44744
2.91173
4.19467
4.32533
4.5231
4.2084
3.89606
2.53684
4.35918
4.34108
4.9629
4.62662
4.60192
4.35391
3.95863
4.49313
4.53747
4.34505
4.6835
4.40119
3.89328
2.61808
3.0494
2.71784
4.44293
2.92095
2.48791
4.8249
3.61391
3.90247
4.93064
4.16215
4.45366
4.03991
3.78867
4.94249
3.88718
4.67874
4.94683
2.84313
3.99972
3.78343
4.82396
4.35015
3.73688
4.33184
4.52138
2.96001
3.46585
3.55446
4.57154
4.96587
4.75462
4.13094
4.51142
4.19266
3.7548
4.90071
2.81876
4.20725
3.72363
4.31844
4.93781
3.85667
4.42987
4.11549
2.63732
3.30834
4.6944
4.52074
3.82128
4.44705
4.97097
4.4441
4.37276
4.26236
3.94995
4.27319
2.70911
4.36055
4.25503
4.61528
4.80095
4.39525
3.7258
4.38637
2.50305
3.06188
4.46681
4.98899
2.57428
3.10944
4.47905
4.76886
2.67278
3.96047
3.66376
4.6902
2.70776
3.07771
2.72247
3.07558
2.64422
3.06706
3.53643
4.61979
4.66322
3.58079
3.98168
2.48407
3.82983
2.45388
4.04297
4.25963
1.46865
3.52868
4.42288
4.60268
4.99397
4.85882
4.36629
4.59982
3.61489
4.06361
4.44485
1.63629
2.63187
3.80939
2.60743
4.04158
4.7084
4.38336
3.07058
4.39935
2.94238
2.51082
4.80462
4.36781
2.98199
3.73716
4.40636
4.42927
4.5633
4.95358
4.80047
4.98431
4.99746
4.83133
4.60969
4.75808
4.25903
4.44826
2.87149
2.2712
2.69401
2.51603
2.8218
2.5459
3.8284
3.76773
3.73301
2.50791
3.83541
2.37763
1.50215
4.26894
3.31614
4.78571
4.14804
3.55042
3.56932
1.44816
4.20282
3.7032
2.45594
3.69521
2.40101
2.72981
2.98418
4.34513
4.63315
2.54314
2.91637
4.26216
4.40351
4.0684
3.65905
4.40051
4.26683
4.944
4.40936
4.63695
4.89786
3.73701
3.59175
3.84592
2.53912
1.44764
4.2524
3.79778
2.41259
3.06673
4.69363
2.55407
2.90575
4.39054
2.85598
4.42531
4.74178
4.4935
4.31415
2.8271
4.90084
2.92848
4.34706
2.99026
4.39952
4.51609
2.61947
1.52877
3.99646
4.46773
4.02622
4.41679
4.01487
4.60809
4.80701
4.96135
4.2714
4.40548
4.67483
4.56841
4.33303
2.82916
2.48775
1.47779
2.48684
1.42386
2.35945
3.45349
3.8473
4.22945
2.77936
2.60722
4.44415
3.71482
3.39488
4.25606
4.50303
2.69839
4.16072
4.49433
3.47894
4.63505
4.69187
4.60448
4.1595
4.92486
4.88841
4.42116
1.60628
3.66448
1.56691
2.60716
2.85288
2.58275
2.99543
4.37727
4.47192
4.98453
2.93039
4.24689
3.74927
2.48389
2.84741
4.63278
4.45166
3.94261
2.40646
3.50547
3.87322
2.52048
4.51617
4.20349
2.76106
2.42231
4.99984
4.48859
4.21716
4.08033
4.31377
3.78363
4.26913
4.96669
4.2056
4.26388
4.62957
2.98571
2.60296
4.32325
3.88293
4.27966
3.81528
4.32
4.31696
4.35333
4.59085
1.47621
2.40093
1.4096
2.56211
3.82355
3.58172
4.53162
4.03836
2.89178
2.40496
3.78191
3.51814
2.92312
4.42577
4.54119
2.50215
1.46615
4.33089
1.40807
3.50895
2.95091
2.61427
2.91285
2.58526
2.83319
4.66199
4.34938
3.87881
4.70558
4.46537
2.89673
3.87089
4.26997
2.44267
4.47388
4.32301
4.42294
3.45904
4.71767
4.59395
4.99939
4.26035
3.72634
3.4628
2.52696
4.46487
4.00709
4.48665
4.82206
4.87856
4.81237
3.84763
4.32458
2.78463
4.44933
3.89726
4.27966
3.67724
4.95949
4.49497
4.22395
4.95381
2.88174
2.42052
1.62708
2.56239
4.17443
2.91194
3.42182
3.60251
2.46272
4.41352
3.74901
4.29734
4.58024
3.55411
2.89828
2.35563
2.30579
4.42269
3.40229
3.86139
4.19748
2.87762
2.2785
4.31445
4.90422
4.52228
4.24525
4.984
4.26027
4.94653
3.72291
3.90429
3.0375
3.81814
4.435
4.75703
3.92404
4.95287
4.31204
4.59448
4.26194
4.61893
4.53326
3.26754
4.68223
4.31604
4.23204
4.8271
4.16627
4.94758
4.11256
1.55397
2.47877
3.72003
4.49143
4.38074
3.39036
3.05015
2.37668
2.76455
4.16513
3.72419
3.40061
4.33142
2.29093
3.68989
2.95321
3.72561
4.59009
4.40179
4.46526
3.74356
4.91989
4.19922
2.57874
4.63002
2.35128
3.85389
3.39819
2.93791
4.3032
4.31701
4.88226
3.81086
2.38198
4.2963
4.6329
4.97936
4.30771
1.43761
4.41597
2.91527
2.61241
1.54968
3.54751
2.89333
2.37876
2.95623
4.29862
4.49659
3.65794
4.70087
4.13921
3.96886
4.22143
2.90964
4.936
2.48968
2.95781
3.93217
4.76156
4.52205
3.81297
4.40204
4.34789
4.45927
4.42559
2.55752
3.00349
4.92801
3.85382
4.3501
4.30816
4.58401
4.36523
4.23064
3.80091
4.28406
2.95393
4.23184
4.44946
4.61497
4.38948
3.58022
4.65349
4.38307
1.50213
2.49297
2.81153
2.38691
3.06004
3.42123
1.52534
2.29916
2.42095
4.48705
4.23636
3.10177
3.48585
3.87113
4.15131
4.99773
4.27142
4.68892
2.40669
4.19122
3.77622
4.92649
2.77097
3.95404
2.83968
4.41657
4.50664
3.62116
4.9679
2.98977
3.92203
4.4571
4.65817
2.56239
4.31449
3.00818
2.26671
4.63854
3.57552
3.69147
4.34526
4.76806
4.57158
4.4641
4.56398
3.79725
2.61659
4.89788
3.09303
2.47521
4.34861
4.43479
4.97466
4.67625
4.22385
4.20781
4.17645
4.25352
3.83033
3.9649
4.46816
4.61424
4.375
1.41352
4.44133
2.77742
2.63359
2.89377
2.34006
1.73422
3.3891
4.38827
4.28242
4.44254
4.58385
4.66168
3.3595
3.82773
3.03221
4.70221
4.55126
3.72593
2.93502
3.93678
4.4507
4.76904
4.95585
2.42414
4.54731
2.47309
2.97027
4.0928
3.79542
3.45716
4.47499
4.10385
2.43882
3.67257
4.05771
2.76069
4.69603
4.18681
4.97241
3.71397
4.50801
4.41594
2.94904
3.3459
2.79342
4.30498
3.81188
4.39304
4.86227
4.95534
4.61557
3.85718
4.2994
3.80015
4.87134
4.18634
4.48848
4.69442
2.50053
3.07422
2.5597
2.87452
2.64735
2.90721
3.45704
4.43928
4.29076
4.90442
4.96641
4.32667
4.72251
3.56468
4.41513
4.35936
4.8552
4.87744
2.76549
4.233
2.89534
2.50849
4.29332
4.17084
2.84561
3.42685
3.68935
4.16205
1.52375
2.404
3.58453
2.29832
3.61181
4.84056
4.97656
4.54077
4.1852
4.76158
4.29994
4.3749
3.33266
4.35677
4.73502
4.83105
4.96138
4.59004
4.19962
4.77925
4.45467
4.26092
2.73529
2.5113
3.01668
2.58352
2.93235
2.45637
3.74499
3.47108
3.81314
2.45149
3.81781
2.48857
1.53384
4.40435
4.80101
4.44338
3.95584
3.69769
1.41522
4.56963
4.02804
2.59424
4.03761
2.56744
2.95693
4.95576
2.87518
4.37721
4.56996
2.44079
2.98666
4.32002
3.30158
4.77008
4.37663
4.86053
4.24482
4.40201
4.98044
4.82965
4.3595
3.89514
3.48229
3.60981
2.64771
1.67895
4.19539
3.94876
2.16514
2.82434
4.77597
4.41888
2.38887
2.74833
4.07337
2.64462
4.20248
4.40861
4.50278
3.14122
4.86514
2.8573
4.46693
3.09731
4.30183
4.59839
2.58952
1.52788
3.64669
4.29668
3.70645
4.26006
3.74111
4.09621
4.74062
4.16769
4.50028
4.51741
4.0862
4.91115
4.9603
2.70046
2.36983
1.51603
2.37146
1.4261
2.49397
3.7093
3.78095
4.39446
2.98909
2.39942
4.78178
4.83718
4.08772
4.66446
3.18359
4.64092
4.34644
4.33108
4.02519
4.90363
2.89735
4.65731
4.45938
3.92353
4.49153
1.48675
3.63979
1.68662
2.66067
2.93354
2.63269
2.99483
4.42229
4.72854
3.06317
4.53109
3.84488
2.57865
4.90777
4.359
3.68822
2.3511
3.35833
3.68226
2.43744
4.41797
4.12841
2.65805
2.3676
4.9688
4.59427
4.30983
4.17413
4.11689
4.77378
4.21088
4.30815
4.56711
4.37659
4.42508
2.85665
2.61535
4.27089
3.89564
4.46204
3.80496
4.28067
4.25496
1.53944
2.33962
1.43163
2.34499
3.68009
3.44104
4.52061
4.39354
2.975
4.56301
4.45465
3.00297
3.91399
4.38314
2.55679
1.56724
4.26826
1.54498
3.6165
2.97417
2.51209
2.99915
2.3255
2.69636
4.463
4.84167
4.10832
3.67816
4.36018
4.59166
4.08372
4.57768
3.61327
4.54993
4.58805
4.88232
3.83168
4.15971
3.79704
3.45097
2.84693
4.42568
4.02914
4.43104
4.88415
4.99548
4.64814
4.31474
2.88689
4.43557
4.97986
3.89745
4.33386
3.77474
4.83001
2.8923
2.44978
1.45459
2.3488
4.35377
2.97643
3.57414
4.03665
2.63384
4.74997
4.31343
4.99134
3.87156
2.48991
2.59191
4.71371
3.59548
3.93599
4.42377
2.87871
2.29564
4.34181
4.9976
4.50934
4.29407
4.52694
3.65647
2.95083
3.45096
4.2487
4.3677
3.75015
4.94829
4.15608
4.98022
4.22712
4.52998
4.60514
3.62612
4.59436
4.34049
4.24378
4.33481
4.36262
4.97337
1.37464
2.50945
3.87737
4.90897
4.41249
3.78951
3.09193
3.66807
4.8229
4.13547
3.59435
2.70246
3.35394
4.4573
4.19115
4.44041
4.98314
2.50858
4.27132
4.64171
4.91721
4.33124
2.5684
4.68295
2.6159
3.92801
3.53593
3.03273
4.35166
4.52299
3.97423
4.31308
4.17865
3.75563
4.184
2.93841
4.72931
4.94524
2.33464
1.52965
4.36627
2.97085
2.41987
1.56169
3.49113
2.77481
2.5572
3.02427
4.56878
4.76095
3.95529
4.99356
4.40909
4.273
2.75015
3.80932
4.59289
4.89276
4.44603
3.98048
4.30474
4.27457
3.82394
4.32687
4.62405
4.31768
2.51127
3.09313
3.84014
4.43156
4.4899
4.69525
2.8104
4.21199
4.49703
4.50254
4.67453
3.57445
4.54423
4.19046
4.56059
2.47262
4.22853
3.84355
4.90197
2.84308
2.30321
2.32942
4.51482
4.24908
2.78028
3.436
3.60707
4.04805
4.76932
3.12213
4.03211
4.61706
4.76579
3.73624
3.1145
4.38173
4.5671
3.68422
4.94678
4.30389
4.49185
4.33294
3.88011
2.55247
4.9225
2.81452
2.57136
4.25737
2.80085
2.37245
4.49234
3.34965
3.70095
4.22501
4.88344
4.26843
4.22414
4.30276
3.81503
2.3338
4.19549
4.28244
4.91026
4.59616
4.28304
4.72582
4.48415
3.81042
4.39335
4.9981
1.51346
4.44521
3.08446
2.57342
3.08703
2.71738
1.60623
3.79796
4.89976
3.72217
2.77938
4.56963
4.26294
3.42693
2.74788
3.89699
4.25574
4.53602
4.20818
4.91265
2.34576
4.47098
2.48951
2.9122
4.14915
3.78863
3.40226
4.53837
4.42164
2.5421
3.96254
4.24332
2.84306
4.99973
4.84143
3.70384
4.39917
4.29925
3.03367
3.25638
2.87948
4.38542
3.93156
4.46166
4.52266
3.84926
4.19812
3.84632
4.93544
4.22556
4.47111
4.67388
2.58725
2.94573
2.63719
3.08938
2.43604
3.13818
4.83819
4.16562
4.44194
3.28031
4.33304
4.5327
4.55578
4.33529
4.89314
2.82509
4.18907
2.85237
2.45576
4.42151
4.22838
2.81187
3.51157
3.93735
4.30527
1.52406
2.60291
3.84991
2.40483
3.86474
4.82233
4.43915
4.30677
3.48107
4.41063
4.67636
4.94
4.6496
4.34272
4.47186
4.23153
2.96634
2.49805
2.93613
2.63829
2.91955
2.61003
2.8667
4.9317
2.83122
4.30971
4.56022
2.62408
2.96293
4.32373
4.46542
4.36833
3.97981
3.68244
1.56298
4.4389
3.8426
2.55147
3.91919
2.46322
4.9515
4.14322
4.58675
3.51415
4.62368
4.41284
2.84758
4.88656
4.3537
2.37191
2.47538
4.21062
2.85324
3.99279
4.86449
4.81603
4.21342
4.09052
3.33117
3.97432
2.4111
1.58338
4.24538
3.71493
2.57736
1.43239
3.72752
4.41185
3.89927
4.34419
3.7775
4.29123
4.362
4.29303
2.86978
4.84222
2.74527
4.28853
2.92867
4.23148
4.45229
2.44445
4.60542
4.24535
4.97168
4.29184
4.52181
2.91919
2.5022
1.66868
2.4081
1.47856
4.26629
4.91088
4.88849
4.24657
4.34362
3.53881
4.52274
4.59803
4.56309
4.31186
4.48111
4.86146
2.62673
4.17217
3.57451
2.36779
3.07985
4.97098
4.67453
4.40201
3.8915
4.30029
1.51422
3.47063
1.61096
2.55754
2.97736
2.55592
2.83397
2.49905
4.86101
4.58743
4.11732
4.28566
4.97413
4.69711
3.79319
2.7458
3.69247
3.98269
2.65747
4.67906
4.34006
2.97891
4.3248
4.35933
4.91853
4.09299
3.77352
4.28398
4.3244
4.52003
4.71761
4.51428
4.65224
2.92315
2.44474
4.31245
3.81003
1.53139
2.71328
1.6039
2.66986
2.98217
4.47875
4.95591
4.43439
3.86135
4.59764
4.33551
2.86279
3.82864
4.33512
2.47826
1.57769
4.3364
1.48782
3.57557
2.91107
2.37489
2.90127
2.51915
4.79111
4.22051
4.6249
4.27884
4.55723
3.51714
4.63788
4.49847
4.50489
4.86536
4.79904
4.03526
4.05327
3.91899
3.41144
2.91301
4.36848
4.33259
3.69523
4.63806
4.29918
2.83332
4.37069
4.93597
3.66839
4.13996
4.85322
3.18929
2.54231
1.69971
2.49229
4.20154
4.95285
4.71419
4.29202
4.27992
4.90247
3.7915
2.43196
2.45018
4.59027
3.4596
3.73617
4.26572
2.88575
3.7079
4.29708
4.60642
3.8629
2.98068
3.63185
4.33826
4.5952
4.30457
4.64808
4.47884
4.72204
4.53172
3.60774
4.54318
4.64518
4.20073
4.25236
4.82855
4.93503
1.56529
2.74167
4.77521
3.79206
4.49826
4.03272
3.12075
3.67804
4.78716
4.52027
4.12875
4.67822
3.73892
2.4179
4.39908
4.65644
4.86353
4.25971
2.39131
4.40278
2.60826
3.99263
3.25602
2.83811
4.23827
2.80218
4.88513
4.22859
4.32414
4.81358
3.65566
4.59859
4.26921
3.58288
4.48528
3.21685
4.87725
2.21068
1.53368
4.09751
2.7312
2.57426
1.56345
3.30045
2.71388
2.34844
3.8874
4.54917
4.41305
3.00558
3.70214
4.65947
4.95226
4.31641
4.83558
4.04646
4.317
4.05902
4.20884
3.77914
4.10872
4.49652
4.05284
4.94522
2.14183
2.57059
4.61559
3.48818
4.01451
3.01228
4.38748
4.45868
4.77795
2.48181
4.52024
3.97033
3.0537
2.57393
2.53594
4.74815
4.4106
2.9447
3.65667
3.92932
4.89169
4.76861
2.6983
3.88364
4.28946
4.38661
3.67021
2.81027
4.27885
4.28482
3.30348
4.13673
4.79337
4.31788
4.56749
4.08266
3.99636
2.74134
2.58082
2.39435
4.9969
4.17634
2.88909
2.39821
4.37906
3.2945
3.71767
4.20717
4.50272
4.28483
4.51407
3.94997
2.52399
4.13741
4.2608
4.91084
4.44905
4.97707
4.44941
4.24329
3.55071
3.96852
4.68782
2.9799
3.79382
4.58128
4.71719
3.98862
3.07963
4.71967
4.44888
3.64123
4.50795
4.14526
2.12465
3.67646
3.94617
2.7358
4.81493
4.44077
4.90998
2.39651
4.48872
2.5697
2.96527
4.35764
3.87954
3.40185
2.83716
4.34208
3.56294
4.53576
4.66752
4.98411
4.92736
4.09295
4.72826
4.43157
3.12285
3.5834
3.87766
4.68249
4.91196
4.2056
4.47125
4.27139
3.75461
4.87864
4.5095
2.27681
2.8521
2.46574
2.96692
2.45499
2.93236
3.38438
4.28743
4.67392
3.7571
3.95103
2.50064
4.00751
2.59097
3.8098
4.37812
1.52748
3.42714
4.11158
4.43694
4.89204
4.38198
4.58003
4.8568
4.46367
3.84016
4.78928
4.33337
3.33242
4.30416
4.58267
4.76804
4.89565
4.20258
4.44069
4.91527
3.01969
2.50811
2.93374
2.30856
2.83198
2.48734
3.92611
3.6498
4.13413
2.58437
4.04727
2.7109
1.58997
4.45757
3.57621
4.66906
4.21908
3.72411
3.31811
1.46115
4.26945
3.61025
2.46908
3.7227
2.28856
2.95861
4.96594
3.0037
4.14667
4.49819
2.50415
2.82826
4.27846
4.74882
4.54556
4.27222
4.97549
4.32377
4.42374
4.36839
4.38263
3.78481
3.45988
3.75993
2.38794
1.42864
4.29069
3.77078
2.36724
3.02993
4.6919
2.61129
3.13885
4.35389
3.01689
4.5725
4.91832
4.53216
4.26499
2.85424
4.89776
3.04076
4.17848
2.74793
4.40991
4.40999
2.4078
1.46601
4.09772
4.32336
3.78587
4.22578
3.841
4.32807
4.4519
4.17878
2.88367
2.43373
1.6426
2.43813
1.5703
2.37975
3.69927
3.90662
4.40861
3.06951
2.57836
4.53991
4.00855
3.44816
4.23595
4.52793
2.76383
4.14224
4.67817
3.39905
4.52234
4.63355
4.46254
4.26701
4.99558
4.2577
4.62193
4.94163
2.98927
2.24335
4.32992
3.69267
4.38268
3.84322
4.24842
4.17958
4.32028
4.66116
2.44062
3.52809
3.96187
2.64545
4.69718
4.3248
3.0087
2.49293
4.74511
4.52376
4.52149
4.80141
4.28407
3.83751
4.35857
4.33586
1.48934
2.45916
1.49179
2.49754
3.82281
3.54044
4.66408
4.48592
2.98108
2.63437
3.83793
3.62023
2.90157
4.31945
4.60388
2.43878
1.39703
4.27569
1.43873
3.58392
2.71156
2.50427
2.8888
2.48102
2.90079
4.61011
4.89731
4.3285
3.77841
4.66171
4.28056
3.01713
4.98428
3.83206
4.56523
2.52422
4.98435
4.88447
3.76283
3.64008
2.97543
4.61882
4.24891
4.56662
4.99601
3.81689
4.28306
2.92743
4.80773
3.9128
4.40337
3.84077
4.67132
4.37734
2.90811
2.4523
1.55436
2.50514
4.56118
2.91853
3.58001
3.98562
2.5433
4.52761
3.97877
4.33309
4.71337
3.58343
2.90526
2.38518
2.36812
4.64578
3.32447
3.80367
4.25089
2.87733
2.42714
4.29199
4.86354
4.54043
4.20314
4.40418
4.97507
3.87033
4.67331
4.21676
4.5648
4.62209
3.53623
4.50848
4.47557
4.26515
4.93468
4.28315
4.9716
4.26095
1.5211
2.48933
3.79743
4.65252
4.23688
3.49653
2.82294
2.63275
3.04952
4.43111
3.87916
3.62099
4.65847
2.51108
3.70157
2.64483
4.87758
3.43409
4.40688
4.04634
4.45011
4.81139
4.96389
3.84323
4.2536
4.69406
4.26599
2.54358
2.70402
4.96595
3.95018
4.20549
4.19691
4.38344
4.19282
4.22261
3.98827
4.5647
1.57135
4.08524
2.80393
2.42615
1.44433
3.50925
2.81518
2.34528
2.79877
4.26325
4.57041
4.89128
3.87598
4.53451
4.16978
3.72057
4.20346
2.94548
4.80975
2.49339
2.82755
3.77939
4.33194
4.11549
3.59715
4.42799
4.17776
2.91119
4.23677
4.5764
4.53927
4.63695
3.49875
4.65065
4.55826
1.7133
2.54267
3.04869
2.48697
2.97843
3.59555
1.49598
2.37647
2.28967
4.54153
4.05577
2.89681
3.43644
3.71225
4.2371
4.84145
4.39239
4.50733
2.56137
4.30262
4.05185
2.90592
3.81704
3.95035
4.43366
4.37078
2.41513
4.23155
3.01402
2.51476
4.62999
3.52311
3.74851
4.21913
4.2556
4.57591
4.21065
3.84116
2.48509
4.88697
2.87984
2.46088
4.42296
4.27025
4.97687
4.56406
4.20973
4.46964
4.28489
4.37563
3.85112
1.53536
4.20081
3.09067
2.43953
2.93827
2.54979
1.4921
3.39909
4.45235
4.49805
4.63968
4.6699
4.39825
3.53321
3.74809
2.77748
4.34992
4.2989
3.36075
2.81619
3.73173
4.21943
4.4111
4.8179
4.95599
4.33855
3.63216
4.8095
4.22544
4.46013
3.79268
4.4622
4.31355
2.91201
3.40224
2.83828
4.26786
3.88103
4.54604
4.97135
4.5649
4.88482
3.71436
4.58668
2.70345
3.04455
2.62894
3.02024
2.5764
2.87132
3.41356
4.24583
4.47052
4.88647
4.24589
4.55748
3.55493
4.36849
4.59139
4.93541
4.65138
4.03963
4.91907
4.85744
4.46795
4.21422
4.81849
4.31095
4.47903
3.41769
4.44088
4.71622
4.97589
3.02547
2.45981
2.9043
2.56438
2.87817
2.55716
4.00164
3.31686
3.87271
2.34847
3.74215
2.52281
1.53485
4.3349
4.88968
4.66366
4.18263
3.81647
3.55895
1.49998
4.14501
3.7484
2.5852
3.85819
2.48507
2.71581
4.9411
2.76121
4.20692
4.48764
2.36109
2.85806
4.17384
4.46785
4.66161
4.34647
4.27546
4.57476
4.28797
4.00715
3.59169
3.86714
2.49132
1.62293
4.33368
3.75297
2.58205
3.0207
4.9374
4.60939
2.58014
2.80283
4.37938
3.00149
4.17917
4.42852
4.33534
3.04089
4.94709
3.05144
4.41394
2.95019
4.35247
4.6833
2.60412
1.37526
3.74499
4.21324
3.73754
4.18151
3.77669
4.2587
3.26744
2.82936
1.59463
2.72816
1.64093
2.5586
3.42706
3.88402
4.34211
2.73812
2.49095
4.59556
4.59207
4.21312
3.74087
4.57372
4.82046
4.83805
4.41997
4.9461
4.99047
4.30023
4.35167
4.17774
4.33921
4.58185
2.76038
2.26262
4.86392
4.11108
3.36691
4.06281
3.56544
4.05894
3.88696
4.85945
4.42994
3.8236
2.49712
4.99118
3.22972
3.86807
2.57508
4.35198
4.1889
2.84212
2.31811
4.66947
4.4748
4.04951
4.09562
4.86613
4.47107
4.8733
4.1578
1.65366
2.71782
1.58081
2.59844
3.9829
3.38368
4.53731
4.29609
2.89702
4.5001
4.15328
2.94584
3.68611
4.3196
2.3621
1.4819
4.26075
1.48716
3.31612
2.7786
2.4671
2.82383
2.37891
2.72031
4.43823
4.83396
4.20879
3.72224
4.96909
3.82234
4.22777
3.94562
3.52174
3.08148
4.54447
4.44447
4.689
4.51955
4.28565
2.92773
4.73007
4.99963
3.82131
4.33439
3.68042
3.1585
2.63696
1.55308
2.51246
4.27153
2.73433
3.37828
3.72414
2.39104
4.55669
4.42396
4.95844
3.87281
2.53583
2.54544
4.50925
3.50349
3.94781
4.35791
2.94588
2.31924
4.15473
4.79376
4.57021
4.26916
4.45065
4.48081
4.6413
3.71151
4.54715
4.68535
4.35357
4.75398
4.43807
4.22248
1.66211
2.5568
3.92428
4.57367
4.28706
3.4544
2.91565
3.95987
4.31936
4.00703
3.0506
3.67538
4.674
4.43422
4.54575
4.905
4.11262
4.29431
3.77672
4.13933
4.57247
4.19582
4.98821
2.35322
2.73224
4.73568
3.67965
4.10183
4.20581
4.34821
4.5678
4.12482
3.68232
4.31751
2.95713
4.91862
2.38339
1.51885
4.15388
2.70823
2.47911
1.58561
3.30306
2.76371
2.502
2.92828
4.25914
4.39227
4.90528
3.73038
4.72288
4.30391
2.99246
3.9006
4.57451
4.85351
4.31381
3.60335
2.94333
4.37175
4.73904
4.43948
4.51102
3.45318
4.54941
4.26441
4.40064
2.46446
4.15795
3.87452
4.95006
2.77461
2.50461
2.45787
4.39362
4.21579
2.884
3.42979
3.75939
4.14054
4.87866
4.58127
4.16708
3.80632
4.24388
4.88156
4.26881
4.42067
4.18844
3.78924
2.43811
4.92574
2.76061
2.4993
4.25112
2.87298
2.57133
4.46508
3.44593
3.92633
4.38752
4.96279
4.32408
4.43348
4.20378
3.74342
2.40277
4.40838
4.21278
4.95489
4.50694
4.04376
1.58572
4.28111
2.93513
2.51821
2.92991
2.41653
1.52282
3.61571
4.95099
3.87041
3.03196
4.65955
4.46821
3.7149
2.95543
3.84678
4.44759
4.68599
4.982
4.33032
3.85598
4.72449
4.22238
4.55164
4.91998
3.86429
4.48288
4.34056
3.05418
3.58172
2.91999
4.38047
3.69218
4.53959
4.82709
4.67623
3.81256
4.77807
2.6333
3.16537
2.70607
2.9702
2.63253
3.18557
4.92625
4.50143
4.89454
3.75211
4.52212
4.37649
4.39521
4.38371
4.90384
4.93707
4.55828
4.36722
4.99933
4.50948
4.69737
3.5694
4.32226
4.70361
3.00905
2.43831
2.86839
2.52237
2.86338
2.568
2.92057
4.93422
2.91765
4.21998
4.40771
2.51043
2.80657
4.32087
4.89786
4.37596
4.25975
3.69964
3.36143
1.38771
4.14368
3.7442
2.44976
3.70413
2.39237
4.51434
4.41675
4.97387
4.1702
4.66459
3.011
4.65301
2.68722
3.09577
4.4509
3.00395
4.3957
4.80232
4.38091
4.11167
3.74017
3.54841
3.8197
2.38286
1.49484
4.1954
3.66855
2.49233
1.47488
3.97625
4.23155
3.85311
4.50165
3.80806
4.41282
4.61665
4.98661
4.2694
2.88861
4.93298
2.7996
4.08321
2.81051
4.1102
4.36825
2.41728
3.01183
2.46686
1.48799
2.52226
1.53259
4.25799
4.83223
4.36232
4.5604
3.54138
4.59874
4.73282
4.55692
4.26168
3.74871
3.89681
4.27987
4.51761
4.3851
4.47487
4.42469
2.78032
2.50226
4.13277
3.92479
2.36951
4.89179
4.68769
4.38319
4.26043
4.91257
4.34994
3.79805
2.39844
3.35286
3.82135
2.38287
4.49325
4.18365
2.79045
4.29595
4.34915
4.89732
1.57411
2.47942
1.49957
2.65723
3.03389
4.55067
4.97542
4.29288
3.80074
4.44554
4.35771
2.80863
4.81082
3.77225
4.28445
2.55304
1.4653
4.33692
1.51821
3.45624
2.88146
2.63072
2.90966
2.46854
4.85763
4.54232
4.83979
3.80076
4.24917
3.80304
3.56641
2.79481
4.50461
4.21404
3.77422
4.60142
4.3993
2.94038
4.51662
4.88133
3.8271
4.33906
2.80109
2.43553
1.58754
2.47923
4.17945
4.8435
4.48598
4.21624
4.28196
3.9768
2.5774
2.46823
4.53485
3.45865
4.00382
4.34687
2.86082
4.96702
4.15151
4.99866
4.96871
4.19457
4.57742
4.53847
3.30876
4.60404
4.387
4.18592
4.3357
4.9644
1.50533
2.46318
4.52907
3.85256
4.43637
3.76728
2.90173
3.63986
4.64703
4.27559
4.25829
4.84724
4.63234
4.44616
4.44443
3.95391
4.16037
4.70635
4.30429
2.38631
2.91706
4.91207
3.70097
4.45154
2.87469
4.48046
4.66568
3.86809
4.67277
4.27884
3.79608
4.32021
2.93248
4.97416
2.47814
1.46811
4.29818
2.89404
2.56719
1.46403
3.55752
2.88924
2.41193
3.85522
4.64497
4.50283
2.95657
3.82663
4.65186
4.95738
4.38207
2.98813
4.34177
4.95104
4.27174
4.71825
2.51353
4.3157
3.94806
3.05967
2.42562
2.4687
4.57716
4.30648
3.03916
3.59496
3.80817
4.65171
4.37605
3.73804
4.32082
4.83233
4.24722
4.97817
4.38047
4.56353
4.24612
3.81296
2.54223
4.84122
2.93437
2.49147
4.27119
3.01208
2.36644
4.58625
3.50767
3.71535
4.27047
4.39865
4.40806
4.41662
4.01149
2.50134
4.27367
4.35351
4.98302
4.62247
2.84692
3.63818
4.25992
4.49472
4.90648
3.98443
2.97542
4.57866
4.53135
3.51353
4.18782
4.09165
4.13199
3.83756
2.72043
4.35634
3.82467
4.48078
4.85284
4.92248
3.7484
4.37049
4.28794
2.78419
3.35729
3.75569
4.67379
4.96349
4.56206
2.36552
3.0401
2.36911
2.82563
2.48636
2.96137
3.46353
4.22409
4.79877
3.70767
3.88716
2.61106
3.94548
2.59066
4.1509
4.47443
1.63551
4.7892
4.59528
4.23616
4.57997
4.20507
3.42439
4.39405
4.48735
4.89128
4.42393
4.6274
2.97073
2.55205
2.89805
2.43312
2.97968
2.3712
3.79623
3.4195
3.7402
2.40645
3.71251
2.30477
1.45976
4.10758
3.43831
4.46658
4.36912
2.87899
3.01012
4.47114
3.2488
4.31487
4.53481
2.53102
1.46467
3.8882
4.33659
3.83131
4.35638
3.75111
4.34508
4.39243
4.2711
4.97301
4.14412
4.34825
4.60143
4.20093
3.76132
3.57395
3.9145
2.56818
1.54135
4.31946
3.81007
2.4481
2.77586
4.86091
4.69949
2.48833
2.85645
4.24831
2.90756
4.22182
4.62626
4.28511
3.04274
2.35762
1.57903
2.49442
1.52254
2.53628
3.62278
3.85307
4.31298
3.01665
2.55197
4.55458
3.77308
3.51374
4.3211
4.71314
2.92573
4.35565
4.33268
4.11955
4.60594
4.82605
2.9022
2.37753
4.26079
3.65266
4.26131
3.96525
4.48331
4.42301
4.20385
4.43928
2.43694
3.75108
3.93069
2.60959
4.79521
4.3455
3.04803
2.52766
4.76427
4.42885
4.48896
4.93063
4.36913
3.83504
1.70076
2.31954
1.465
2.69142
3.99295
3.62874
4.62193
4.31464
2.95643
2.29055
3.83408
3.4338
2.95042
4.37336
4.49924
2.51163
2.78882
4.52637
4.96305
3.79283
4.16435
3.79114
4.49307
4.1603
4.933
3.69075
3.50467
3.01802
4.52213
4.37188
4.57504
4.77897
3.74637
4.24171
2.65476
2.38122
1.56222
2.42327
4.24756
2.96877
3.48404
3.7093
2.39205
4.42216
3.7205
4.24766
4.56792
3.52602
2.86743
4.27441
4.24606
4.72585
4.07282
4.62212
4.57332
3.5281
4.44389
4.51574
4.15847
4.99756
4.93474
1.38798
2.38057
3.82612
4.63702
4.18917
3.53745
2.85224
2.29119
2.90759
4.1926
3.76187
3.61033
4.52148
2.41238
2.85673
3.93424
4.68201
4.28809
3.76344
4.61211
4.15979
4.59955
4.52967
2.62177
2.96487
3.98355
4.29698
4.51864
4.84638
4.53482
4.32677
3.89351
4.36424
1.55426
4.47761
3.23025
2.54472
1.65204
3.79566
3.01356
2.68496
2.97516
4.4224
4.6142
4.00699
4.73695
4.41157
3.91855
4.2133
2.9458
4.96547
2.55419
2.93626
4.30954
4.65494
4.55377
4.54131
3.48375
4.60616
4.27885
1.5081
2.48575
2.91073
2.52052
3.06999
3.5386
1.50502
2.59421
4.41233
4.44351
4.98647
4.56891
4.30974
4.40675
4.45696
4.41559
3.84914
3.84634
4.23599
4.9973
4.5828
4.25716
2.37738
4.47198
3.02955
2.65032
4.72681
3.62597
3.94495
4.27754
4.48651
4.70752
4.35091
3.80125
2.55531
4.93889
2.97413
1.57909
4.22015
2.82273
2.42473
2.85768
2.30976
1.38716
3.34828
4.3952
4.21993
4.64925
4.70916
4.45578
3.63202
4.50572
4.89938
3.66516
4.14651
3.60792
4.65033
4.16316
4.53998
3.71249
4.6248
4.27951
2.86473
3.40519
2.72431
4.26756
3.75871
4.50275
4.86953
4.97723
4.90699
4.59755
2.50979
2.86972
2.43789
2.93393
2.4711
2.83435
3.37601
4.26906
4.63763
4.89749
4.5832
4.26576
4.99299
4.59707
4.45493
4.9664
4.36483
4.61717
3.54204
4.39976
4.53579
4.89138
2.93332
2.38521
2.90382
2.46275
2.95577
2.48633
3.82225
3.69031
3.90307
2.57367
3.99542
2.46169
1.57979
4.39109
4.71545
4.28305
2.79333
4.91067
2.80941
4.25678
2.95593
4.25527
4.53541
2.31058
1.35986
3.87656
4.42496
3.87402
4.37251
3.7994
4.35206
4.23936
4.6135
4.51075
4.52922
4.93163
4.50535
4.2738
3.87402
3.46144
3.92739
2.48158
1.64928
4.34712
3.83053
2.58973
3.09125
4.67757
2.50778
2.92262
4.29692
2.91075
4.40858
2.76679
2.41787
1.58235
2.50616
1.47381
2.31393
3.40902
3.75389
4.26013
2.81317
2.42161
4.47284
4.18998
4.93794
4.08294
4.26214
4.46192
4.41906
4.65705
4.97303
2.88553
2.59144
4.22282
3.91653
4.39889
3.92807
4.19235
4.38322
4.2899
3.83826
2.56032
3.66924
3.91018
2.5383
4.56117
4.38133
2.98892
2.3892
4.8975
4.47667
4.20532
4.2302
1.45105
2.26949
1.44273
2.25928
3.67033
3.48847
4.57135
4.14875
2.79302
4.76165
4.26485
2.79843
4.49914
3.95494
4.19383
3.67552
4.78472
4.97443
3.78743
4.20846
3.70036
3.48151
2.90946
4.50986
4.23841
4.4554
4.88024
2.81171
2.41622
1.40229
2.43918
4.27602
2.90401
3.54652
3.83382
2.44409
4.55309
4.16451
4.19073
4.91677
4.25457
4.66699
4.575
3.59101
4.61083
4.61251
4.30424
4.90696
1.48091
2.41292
3.71911
4.55157
4.28408
3.41376
2.88429
4.59982
4.28249
2.72449
3.81399
4.53113
4.9549
4.24133
3.59996
4.36729
4.2339
3.75307
4.19458
4.70817
4.54734
2.51942
3.06482
3.81611
4.48737
4.51424
4.79524
4.57891
4.29026
4.03565
4.2823
2.8308
2.47438
1.59269
4.23361
3.17569
2.53387
1.5465
3.53513
2.97173
2.56696
2.90148
4.29255
4.52522
4.92923
3.83053
2.81131
4.18958
4.41293
4.59858
4.50981
3.52064
4.56609
4.20465
4.3976
4.53562
3.85961
2.42836
4.40266
4.40344
4.92749
4.61224
4.21114
4.4677
4.16035
3.83785
4.4058
4.95221
4.24237
4.64567
4.49335
3.87676
2.50535
4.93628
2.95121
2.48266
4.56262
3.04286
2.61058
4.6087
3.6165
3.92036
4.299
1.52809
4.42853
2.9876
2.46294
2.98656
2.57931
1.5157
3.57483
4.36386
4.79436
3.67062
4.226
3.92373
4.49758
4.57655
4.88603
3.81426
4.6741
4.30261
2.97934
3.62309
3.00785
4.25321
3.82664
4.51093
4.61103
2.44977
2.86241
2.49754
2.97993
2.43098
2.91307
4.80777
4.62593
4.99797
4.24433
4.91376
4.57233
4.12712
4.8486
4.87271
4.29845
4.57847
3.46237
4.23409
4.78347
2.94567
2.61459
3.07849
2.61051
3.03561
2.51564
1.55342
3.74134
4.33486
3.7845
4.33943
3.76794
4.1255
4.42829
4.26259
3.11905
4.86082
3.05721
4.41205
3.01312
4.39313
4.56938
2.45979
4.60283
4.21014
4.36503
4.56256
2.74325
4.97588
4.53611
2.42142
2.89296
4.27015
2.93069
4.25559
4.74374
4.4579
4.07887
3.59099
3.8813
2.49314
1.58024
4.28239
3.83182
2.48242
2.90108
2.53765
1.69878
2.50498
1.54748
4.39425
4.22832
4.97777
4.24236
3.93568
4.35398
4.31208
4.19813
4.42296
4.21402
4.60163
4.89403
2.92311
2.3773
4.20819
3.71706
2.39968
4.58063
4.40268
4.36479
4.88642
4.34322
3.91334
2.57654
3.46524
3.73769
2.4967
4.43525
4.2084
2.93992
1.58179
2.59253
1.52854
2.461
3.97057
4.83823
4.1899
3.00306
4.72302
3.99963
4.40528
4.4503
3.9835
4.43366
3.99296
3.50864
2.91502
4.54745
4.36603
3.18065
2.58476
1.53237
4.50097
4.45118
4.90683
4.24174
4.92701
4.51444
4.40845
4.6192
3.62018
4.52248
4.69317
1.56875
2.69891
3.94002
4.97593
4.29696
4.04133
2.67963
3.70127
4.54586
4.89727
4.18985
4.42482
4.5951
4.18446
4.02133
3.66817
4.1536
4.56417
4.33112
2.51715
2.94137
4.86739
3.75213
4.25748
2.90866
4.29362
4.70394
3.85782
4.47187
4.08995
3.59737
4.17524
2.80118
4.79166
2.39101
1.57557
4.26076
2.824
2.26042
1.45482
3.24624
2.636
2.4915
2.94003
4.42563
4.20654
4.22704
4.44122
3.67585
2.38683
4.35406
4.37342
4.94656
4.57938
4.45847
4.30695
3.98452
4.29448
4.23405
4.33098
4.53774
4.35228
3.86925
2.59276
4.99657
3.02902
2.63711
4.34874
2.86807
2.46338
4.50046
3.46407
3.89419
3.93122
4.59151
4.97053
4.38603
4.57816
4.33625
3.7416
4.87462
2.81645
4.37877
3.97726
4.65837
3.98065
4.5731
4.24735
2.95714
3.56923
4.54559
2.36284
2.91612
2.44773
2.91789
2.39588
2.69841
3.39498
3.96251
4.5362
3.76524
3.67125
2.68458
3.86427
2.53073
3.88394
4.27409
1.49512
3.53712
4.30278
4.49114
4.79028
4.89803
4.1753
4.59259
3.47048
3.84331
4.30215
1.50788
2.49739
3.76332
2.53839
3.80933
4.84129
4.43669
4.21235
3.01431
4.43225
2.97285
2.59354
4.61492
4.34092
2.96988
2.90683
2.51966
3.10645
2.40499
2.94375
2.56159
3.95588
3.50871
3.88882
2.34234
3.57531
2.45209
1.49849
4.44856
3.38237
4.67253
4.32748
3.91537
3.35088
1.58502
4.31057
3.85885
2.52223
3.80781
2.60955
2.83504
4.91339
2.97215
4.36608
4.51831
2.49951
3.005
4.41244
4.84864
4.4725
4.41858
3.57416
4.54763
4.38621
4.90421
4.21675
4.50713
2.85333
2.70982
1.38154
2.2554
1.57953
2.5781
3.70245
3.71699
4.13996
2.98023
2.29108
4.76895
3.52205
3.48366
4.12705
4.41248
2.68667
4.26298
4.78873
3.50204
4.51446
4.54874
4.67879
4.18014
4.70491
4.3633
1.694
3.58102
1.55618
2.54256
2.82511
2.47006
3.02883
4.35674
4.57516
2.95239
4.32047
3.94088
2.54439
2.86992
4.4876
4.31917
3.82888
1.47612
2.43328
1.5153
2.41865
3.97516
3.4442
4.41559
4.32589
2.72034
2.20466
3.95723
3.29976
2.82737
4.16747
4.36638
2.54562
1.56547
4.1771
1.5273
3.56733
3.01174
2.53321
2.81446
2.62582
2.85275
4.6963
4.37625
4.05097
4.3481
4.08598
2.66151
4.77241
3.82283
4.04332
4.91292
2.48296
4.61143
4.40609
4.56887
3.60372
4.68015
4.6116
4.95217
4.33495
4.96905
3.02115
2.43501
1.68761
2.86176
4.69513
3.01301
3.56682
4.13724
2.52217
4.91214
3.53823
4.44984
4.21334
3.28202
2.88499
2.19465
2.48835
4.44392
3.42538
3.85951
4.08229
2.9952
2.40151
4.55259
4.72104
4.47751
3.91964
4.67051
3.60454
4.2253
3.18847
3.82428
4.49849
4.89044
4.10551
4.60838
4.72172
1.4764
2.4054
3.79826
4.55665
4.03986
4.84365
3.39505
2.58916
2.3675
3.08158
4.29181
3.78395
3.55409
4.56544
2.46732
3.88305
2.89559
3.52894
4.49247
4.35927
4.35085
4.90356
3.75495
4.86048
4.37762
2.494
4.52417
2.51827
3.82783
3.36467
2.99537
4.30375
4.14314
4.92407
3.70961
2.60752
4.428
4.68725
4.3906
2.74193
4.25706
4.6236
4.39426
4.48951
3.21465
4.52854
4.47102
1.41583
2.57512
2.89105
2.40707
2.85364
3.44448
1.49562
2.62175
2.57204
4.73665
4.45204
3.08892
3.57454
3.99551
4.18203
4.22339
4.48788
2.45121
4.44549
3.79428
4.86917
3.07712
3.79051
2.81553
4.22705
4.28142
3.44354
4.79971
2.88083
3.81153
4.24874
4.9125
4.48278
1.64892
4.45212
3.1551
2.42175
2.76754
2.66332
1.40502
3.73586
4.56355
4.01089
4.59273
4.35933
4.80833
3.33512
3.70534
2.90631
4.54826
4.33816
3.62049
2.76253
3.96528
4.39106
4.67907
4.90749
4.8917
2.70005
4.68717
2.53065
2.94556
4.27536
3.82524
3.61072
4.60154
4.39543
2.54715
3.88826
4.48345
3.01262
4.31487
4.94447
4.68098
2.5851
2.9931
2.48675
3.01667
2.50792
3.02477
3.3874
4.47791
4.492
4.44714
4.83746
3.5693
4.45715
4.43025
4.89188
2.97988
4.34806
2.95483
2.42204
4.51301
4.24684
2.84692
3.39003
3.76507
4.39623
1.4776
2.40539
3.81905
2.44912
3.74041
4.88551
4.59743
4.30248
2.81919
2.61195
2.88556
2.40473
3.20377
2.61841
3.89166
3.66582
3.79071
2.68688
3.81534
2.39446
1.6204
4.38558
4.94401
4.64473
4.47706
3.96276
3.41625
1.58974
4.43537
3.84486
2.52891
3.8171
2.58399
3.0526
4.85316
3.1023
4.36006
4.70323
2.70353
2.9844
4.36564
4.90925
3.40738
4.62951
4.19445
4.913
4.33537
4.51059
2.9079
2.36508
1.613
2.69895
1.59348
2.2799
3.36862
3.9364
4.18346
2.92481
2.52441
4.48678
4.29113
4.81075
3.47634
4.50223
4.55765
4.56363
4.25809
4.92358
3.01963
4.70986
4.3505
3.89324
4.3663
1.42972
3.53262
1.52174
2.41383
3.04354
2.54336
2.81166
4.2991
4.51597
4.98195
2.88653
4.16303
3.79976
2.4637
1.39133
2.39369
1.51596
2.63305
3.91466
3.80271
4.70158
4.39645
3.07615
4.49048
4.1339
2.80622
4.92083
3.82402
4.24146
2.54675
1.50879
4.28794
1.64018
3.62821
3.01256
2.47819
2.91201
2.76364
3.18444
4.77069
4.56427
3.96207
4.24263
4.93406
4.60448
4.24322
4.70715
3.39882
4.56002
4.45049
2.71144
2.35003
1.56744
2.65494
4.45291
3.20949
3.73215
3.89627
2.55494
4.82701
4.08875
4.87359
3.76128
2.36209
2.35874
4.5385
3.52413
3.65137
4.13183
3.03456
2.70379
4.41875
4.68905
4.26992
4.41857
4.89208
3.72702
2.78578
3.57306
4.16532
4.56925
3.98342
4.33977
1.69401
2.68429
3.77137
4.53237
4.48601
3.5918
3.0632
3.85161
4.9739
4.41426
3.7643
2.9015
3.47883
4.5392
4.34389
4.6116
2.51104
4.3636
4.56358
4.88003
4.32541
2.45274
4.60719
2.42121
3.7767
3.60361
2.87672
4.23311
4.39884
3.90401
3.23841
4.38739
4.15655
4.9789
4.87459
3.88793
4.25428
4.1247
4.44938
2.39819
4.26245
3.77878
4.80124
3.0202
2.3825
2.76395
4.73205
4.41219
3.09797
3.65416
4.15764
4.6005
2.89104
3.67199
4.14791
4.9301
4.7582
4.47347
3.92517
2.83336
4.28267
4.63558
3.41844
4.99769
1.40038
4.33621
2.92086
2.61617
2.77962
2.60209
1.61663
3.49421
3.88201
2.95743
4.52986
4.39308
3.55148
2.84592
3.80771
4.41292
4.48983
4.85817
4.47157
2.58127
4.61104
2.53284
2.91802
4.48666
3.92953
3.49269
4.61198
4.35048
2.4732
3.66628
4.34063
2.93932
4.92199
4.71243
2.61504
3.26139
2.73116
3.06138
2.58803
3.12207
4.32956
4.86095
4.71655
3.65905
4.43853
4.54979
4.87304
4.63993
4.417
4.97625
4.78933
2.78327
4.08119
2.74643
2.32674
4.43375
4.12269
2.73336
3.47471
3.94004
4.28272
1.51598
2.4111
3.70185
2.31711
3.83445
2.96623
2.40897
2.71194
2.44524
2.89447
2.41404
2.84989
4.82338
2.78007
4.31624
4.49991
2.49175
2.84906
4.23782
4.89471
4.8752
4.60843
4.21667
3.72494
3.37997
1.52812
4.23006
3.9
2.50088
3.75595
2.51934
4.8585
4.13182
4.47994
3.47709
4.54518
4.30814
3.12441
2.57972
1.53584
2.50506
1.60859
4.53121
4.94316
4.33275
4.63468
3.57371
4.51855
4.61645
4.7347
4.25503
4.62241
4.83127
2.91713
4.37008
3.62112
2.50163
2.8616
4.68663
4.51909
4.26306
3.72453
4.37656
1.48043
3.50113
1.55134
2.48836
2.78564
2.34813
2.87271
1.45572
2.53473
1.54937
2.62957
2.75981
4.39442
4.88322
4.20399
3.6033
4.76986
4.074
2.94204
4.97152
3.7579
4.34923
2.39604
1.40947
3.97312
1.33491
3.30482
2.74679
2.40357
2.69244
2.24683
4.94868
4.49364
4.38288
4.40335
4.31383
3.68082
4.61738
4.70645
2.79045
2.28676
1.61099
2.48756
4.2467
4.57524
4.20706
4.2032
4.93486
3.73658
2.37277
4.96185
2.26838
4.4594
3.48477
3.70348
4.09507
2.84213
3.79361
4.30642
4.54554
3.81236
2.90527
3.49105
4.24238
4.55843
1.53218
2.46284
4.54637
4.90774
3.74166
4.91145
4.16365
3.71784
2.83295
3.42843
4.34557
4.22877
4.2519
4.80605
3.89867
2.65513
4.37462
4.64317
4.35891
2.52962
4.74738
2.63998
3.87047
3.66775
3.03614
4.36705
2.89571
4.19169
4.80392
4.39341
4.33633
2.45652
4.18232
3.85576
4.90054
2.81449
2.34569
4.9079
2.40025
4.39083
4.17743
2.91378
3.33533
3.66952
4.98328
3.03779
3.88922
4.36672
4.58357
3.84882
2.97352
4.22783
4.64905
3.5774
3.10682
3.91962
4.47325
4.64841
3.86122
2.91913
4.74322
4.34574
3.68967
4.3732
4.2275
4.9858
2.32559
3.74235
3.99588
2.78736
4.84422
4.32676
4.92778
2.39704
4.51518
2.43648
2.82345
4.19463
3.725
3.37515
4.53736
2.52336
3.04379
2.58358
3.08311
2.50063
2.99129
3.42392
4.56665
4.41488
3.3544
3.75698
2.36349
3.72329
2.47866
3.72423
4.13188
1.55329
3.54126
4.38385
4.65816
4.90933
4.97938
4.23377
4.54472
2.75025
2.40648
2.79273
2.35346
2.91362
2.29177
3.72738
3.66119
3.79979
2.53073
3.7361
2.42194
1.52885
4.34886
3.57055
4.71436
4.35732
4.00493
3.61625
1.58857
4.37648
3.80252
2.78305
3.86872
2.52937
2.90676
3.08734
4.44001
4.49793
2.49399
3.06494
4.25813
4.61198
4.35321
2.88281
2.46209
1.58301
2.41482
1.58358
2.37584
3.61585
3.89854
4.29781
2.97096
2.65609
4.72895
3.6822
3.38368
4.34846
4.34445
2.97839
4.34841
4.68572
3.47426
4.67377
4.74698
4.47014
4.20421
4.86275
1.50331
2.50768
1.61013
2.3834
3.8311
3.55488
4.59376
4.30794
3.05975
2.54453
3.86171
3.49204
3.13399
4.18273
4.49526
2.64362
1.6894
4.18982
1.47255
3.37359
2.74759
2.62473
2.80001
2.37617
2.77224
4.70587
4.89371
4.1209
3.75205
4.75143
4.23843
2.91917
4.90744
3.90562
4.25209
2.45965
2.96583
2.49307
1.42845
2.51849
4.38201
2.96152
3.5829
3.84143
2.62033
4.74138
3.80339
4.24295
4.4815
3.62078
3.01022
2.53089
2.54004
4.42394
3.32456
3.97972
4.17584
2.78648
2.32817
4.45428
4.794
4.39435
4.24843
4.24291
4.98946
3.76074
1.52423
2.55702
3.8215
4.67898
4.4054
3.57011
3.1232
2.33499
2.92385
4.17582
4.00481
3.3109
4.39584
2.66674
3.96451
2.79494
3.65769
4.46867
4.25029
4.51394
4.8391
3.76105
4.90125
4.26054
2.87969
4.22746
4.37591
4.69853
4.63085
3.75792
4.32694
4.15091
1.45988
2.41208
2.78078
2.61351
2.68722
3.33039
1.58067
2.6215
2.4661
4.53559
4.25797
3.17867
3.52376
3.85813
4.26165
4.36412
4.59468
2.44835
4.38833
3.80015
4.96447
2.92361
1.58462
4.32463
3.05996
2.49372
2.91216
2.54917
1.64437
3.70901
4.74494
4.21712
4.48087
4.61477
4.67573
3.59759
3.82502
2.89435
4.30086
4.42432
3.32109
2.72886
3.91706
4.96489
4.11376
4.47672
4.82628
4.88956
4.83993
4.64749
2.60545
3.10244
2.69367
2.96237
2.60415
3.22689
3.76734
4.47779
4.53335
4.44581
4.58142
3.5835
4.55291
4.44509
4.87208
2.77709
2.54047
2.7466
2.41728
2.78201
2.28366
3.73271
3.31019
3.76486
2.42396
3.78184
2.38217
1.52304
4.08922
4.84985
4.48903
4.06116
3.73386
1.56562
4.61296
3.94104
2.75171
4.13595
2.61484
2.83559
4.99476
2.80092
4.4246
4.6046
2.47297
3.08501
4.26208
2.97568
2.38959
1.55182
2.44878
1.55152
2.51591
4.98214
3.54899
3.75849
4.22789
3.01455
2.46084
4.42611
4.38473
4.50466
3.54495
4.49122
4.56369
4.56151
4.07829
4.81631
1.47343
2.50974
1.46569
2.5793
3.94211
3.50174
4.4667
4.38972
3.01464
4.76735
4.26237
3.15433
4.99904
3.77142
4.5277
2.47985
1.6105
4.14114
1.62897
3.52504
2.73896
2.38845
2.95829
2.3387
2.60086
4.39066
4.82691
4.09217
3.69713
2.77682
2.30437
1.53155
2.56849
4.95209
4.24588
2.83526
3.36409
3.77003
2.39726
4.3462
4.49404
4.9532
3.82621
2.61287
2.47649
4.6264
3.46199
3.70992
4.34823
2.86352
2.18815
4.05992
4.84403
4.28814
4.15415
1.44461
2.51547
3.89367
4.67117
4.26536
3.66265
2.98337
3.92062
4.27827
3.85214
2.92095
3.46098
4.62668
4.22919
4.32166
4.86687
2.8791
4.29842
4.77594
4.40251
4.54672
3.4604
4.89334
4.60976
4.51783
2.71257
4.25789
4.1407
2.9038
2.47988
4.98071
2.43684
4.53634
4.07259
2.72481
3.5237
3.59345
3.89946
4.90339
4.77911
1.58628
3.97667
2.82198
2.32735
2.75248
2.40544
1.34854
3.24864
4.0283
2.92092
4.55779
4.31962
3.5343
2.69046
3.55506
4.068
4.47231
4.79766
4.34819
2.35726
2.85959
2.33868
2.89998
2.39244
2.68663
4.87147
4.39093
4.7067
3.43476
4.15494
4.53321
2.79304
2.35737
3.01616
2.15323
2.70936
2.41722
3.0964
2.87168
4.41189
4.64303
2.79667
3.09481
4.42275
4.34829
4.38828
3.89857
3.70292
1.59888
4.44576
4.02286
2.5797
3.94138
2.62028
2.85599
2.52056
1.58652
2.42353
1.44775
4.31582
4.87754
4.98805
4.31022
4.53631
3.48731
4.5435
4.61684
4.56788
1.54668
2.35458
1.44805
2.29943
2.86478
4.41557
4.88984
4.35414
3.82876
4.75647
4.42266
2.88259
3.96311
4.42861
2.6914
1.66192
4.32873
1.39318
3.56183
2.99721
2.40027
2.97584
2.47192
2.93575
2.42022
1.50923
2.5378
4.43427
4.88249
4.42677
4.25956
4.98859
3.96122
2.50758
2.52321
4.56031
3.58017
3.84002
4.33276
3.00335
1.47511
2.34398
4.47617
4.89156
4.94395
3.79846
4.39304
3.7795
2.74875
3.458
4.59701
4.18138
2.67872
4.21513
4.94688
4.54234
4.7447
2.56674
4.41559
4.05005
3.09808
2.43987
2.36374
4.62209
4.32944
2.90083
3.63229
3.77847
2.94915
3.88366
4.57441
4.57169
4.98901
3.76121
2.81449
4.56063
4.22266
3.48472
4.68002
2.68705
2.87627
2.48398
3.19109
2.52939
3.03215
3.51499
4.42583
4.60351
3.60753
3.88245
2.50738
3.70092
2.46519
3.76947
4.21343
1.51558
2.87843
2.55845
2.90733
2.37889
2.90851
2.49127
3.80526
3.39654
3.8981
2.45163
3.71347
2.43231
1.43425
4.16934
3.53068
4.58451
4.34104
2.88409
2.51107
1.56943
2.34142
1.6788
2.64129
3.83602
3.96772
4.35398
2.89265
2.5892
4.63062
3.68471
3.43165
4.3697
4.40457
2.8611
1.56382
2.37424
1.44272
2.51945
3.77466
3.53821
4.53508
4.28161
2.91526
2.45111
3.82558
3.4326
2.92918
4.21517
4.45295
2.4195
2.91177
2.43465
1.46311
2.34714
4.44757
2.89755
3.41928
3.70755
2.43691
4.45611
3.84092
4.31468
4.5469
3.62205
2.9038
1.40924
2.60987
3.93714
4.84146
4.29895
3.5104
2.9168
2.28264
3.05637
4.23513
3.92057
3.50086
4.49513
2.54837
2.88478
4.18687
4.69058
4.50657
4.45865
3.44488
4.64382
4.50208
1.56894
2.58599
2.95962
2.60863
2.94251
3.53161
1.54828
1.45908
4.18977
3.10759
2.52024
2.80365
2.40073
1.5607
3.42317
4.40429
4.32156
4.6135
4.68105
4.5537
3.53672
4.52081
2.79294
3.00063
2.46795
2.89119
2.55552
2.96366
3.43164
4.35243
4.48146
2.77459
2.38097
2.75794
2.50711
2.80552
2.34784
3.84259
3.61642
3.95097
2.58783
3.82272
2.58499
1.61196
4.36621
3.09094
2.49184
1.5794
2.68803
1.42698
2.33119
4.99634
3.29108
3.72986
4.16727
2.61429
2.35776
4.39376
1.52681
2.55124
1.53334
2.49273
3.89223
3.57818
4.55147
4.31872
2.96805
2.80432
2.40724
1.4725
2.49036
4.3014
2.93675
3.50639
3.71121
2.42057
4.60266
1.53896
2.40249
3.7455
4.61973
4.40968
3.56035
3.02963
2.86395
4.27832
4.51339
4.62004
4.56762
3.56931
4.56806
1.61272
4.32019
2.95685
2.50175
2.94953
2.37231
1.45813
3.58391
4.73156
2.52222
3.0162
2.65636
2.84235
2.50028
3.08267
3.02979
2.57231
3.0071
2.53597
2.93288
2.51816
2.96524
2.57167
1.50718
2.51866
1.56147
1.39661
2.47434
1.50418
2.44949
2.85357
2.38536
1.61194
1.50382
2.41789
2.86915
