4.33053
2.61602
2.87394
2.31773
2.95627
2.48968
2.94948
3.58147
4.29282
4.62768
3.66882
3.80545
2.53265
4.02213
2.61828
3.92764
4.43906
1.5661
3.54674
4.15232
4.62045
4.95234
4.8102
4.40682
4.52998
3.46088
3.87316
4.14448
1.5455
2.48271
3.92976
2.57294
3.81023
4.86082
4.63858
4.37778
4.87725
2.90347
4.36464
2.88689
2.64998
4.52798
4.33213
3.06394
3.61811
4.36628
4.48184
4.98311
4.42207
4.61855
4.98622
4.55733
4.31318
4.55231
4.34521
3.52636
3.69719
2.57109
3.69676
4.20857
1.5179
2.46676
3.79969
4.97094
4.56932
4.36371
4.94028
2.83233
2.40519
4.43694
4.3066
2.95837
4.29639
2.90809
4.8241
4.14933
4.49984
4.5043
4.25645
3.05381
4.18696
2.92661
4.31612
2.8378
2.43157
4.55683
4.69272
4.35426
1.53367
4.38693
3.82885
4.36886
3.85396
4.29338
3.80586
2.68056
2.35503
2.75229
2.27543
2.80432
2.2702
3.66504
3.5194
3.75
2.32086
3.62937
2.47859
1.39588
4.16715
3.47077
4.37345
4.12753
3.80874
3.77888
1.55557
4.40601
3.7719
2.46663
3.90953
2.4501
2.68941
2.84522
4.37261
4.63546
2.52063
3.09375
4.32096
4.66747
4.33592
3.35231
4.88088
4.00518
4.85822
4.97544
4.81221
4.18003
4.51069
4.75404
3.65394
3.74893
4.00021
2.74628
1.60187
4.39747
3.93769
2.54856
2.90683
4.54019
2.62366
3.04336
4.2334
3.04598
4.45929
4.52147
4.30082
3.08301
3.24634
4.44658
3.06687
4.59494
4.73435
2.66148
1.56297
3.89571
4.48011
4.0051
4.48528
4.18427
4.51087
4.65261
4.55267
4.20608
4.35334
4.74639
4.20447
3.38975
4.73742
4.20907
4.83108
4.08705
4.52358
4.84329
4.49687
4.33889
4.76602
4.13096
4.79585
2.99217
2.41427
1.47682
2.56936
1.41899
2.47965
3.50989
3.781
4.21024
2.8265
2.39427
4.41364
3.93674
3.66499
4.60336
4.68591
3.09439
4.49034
4.39509
3.47935
4.60848
4.51432
4.46613
4.17814
4.86915
4.21275
1.42851
3.36091
1.54028
2.42263
2.8882
2.51555
2.84089
4.07784
4.42909
4.95651
2.8644
4.1691
3.85433
2.48213
2.9222
4.99221
4.64226
4.45517
3.87366
2.55454
3.58326
3.97877
2.5527
4.5719
4.34921
2.84496
2.36729
4.81171
4.45687
4.27403
4.91357
4.18803
4.92991
4.4203
3.88065
4.39672
4.1075
4.40018
4.50555
4.91248
2.83117
2.33946
4.41664
3.63032
4.16365
3.58764
4.14102
4.19551
4.28407
4.3769
3.81293
3.64649
3.11136
4.46832
4.65584
3.77152
4.41608
4.66818
4.99385
3.02805
4.83003
4.6512
3.76237
4.28189
4.60776
4.35481
3.92215
1.73898
2.45381
1.50024
2.67048
4.01418
3.59161
4.5428
4.40788
3.02234
2.28653
3.70569
3.62206
2.97497
4.21221
4.59879
2.36289
1.60729
4.31776
1.39888
3.49751
2.79003
2.37667
2.96612
2.31754
2.87687
4.56122
4.96707
4.17686
3.77619
4.68555
4.38196
2.94017
4.00105
4.29181
2.4727
4.65595
4.32052
4.64843
3.43876
4.51005
4.52036
4.15374
4.86476
3.70973
3.52829
2.91691
4.46677
4.28455
4.61805
4.95037
4.94677
3.7598
4.24116
2.88437
4.53759
4.88341
3.78382
4.26039
3.64769
4.53772
4.38303
4.88607
2.63095
4.07407
3.64525
4.62006
2.67373
3.04802
4.42742
4.43767
4.12392
2.50629
4.51171
4.98668
4.39965
4.44966
4.5976
4.46684
3.02324
2.62507
3.98279
4.27525
4.24795
4.49944
4.38985
3.81973
4.41689
4.5432
4.47734
4.29617
2.83391
2.56075
1.56483
2.46104
4.31343
3.00812
3.39444
3.83361
2.52163
4.41309
3.83395
4.22951
4.83252
3.66512
2.85314
2.80805
2.55917
4.772
3.62636
3.88649
4.5816
2.93518
2.50556
4.36198
4.56852
4.41018
4.52487
4.0158
3.67693
2.68694
3.22286
4.15409
4.31443
3.79708
4.86193
4.2518
4.38604
4.95645
4.23695
4.58532
4.74036
3.60934
4.48498
4.55701
4.23109
4.46453
4.2054
4.74868
4.29671
1.57727
2.50314
3.03751
3.47925
1.53518
2.56775
2.89229
4.24382
4.50007
4.34624
3.87133
4.92135
2.88878
2.63787
2.9799
4.17546
4.64503
3.91175
4.34213
4.90393
2.6043
3.12948
4.55246
3.83002
4.33219
4.31179
3.83281
4.33642
4.39912
4.89498
2.82502
3.69977
4.84047
4.2592
4.09444
4.95491
4.59508
4.16278
3.72005
1.57204
2.37055
3.78486
4.51959
4.17212
3.42406
2.79572
2.64383
3.03842
4.6051
4.09222
3.63673
4.87671
2.6164
3.91257
2.81642
3.47631
4.64311
4.12554
4.35831
4.779
4.09118
4.40581
2.43496
4.37118
2.39089
3.70979
3.46067
2.88892
4.20194
4.22593
4.98047
3.80833
2.48506
4.37966
4.6963
4.92285
4.33931
1.54479
4.34683
2.99129
2.63219
1.51405
3.56028
2.98769
2.37617
2.84925
4.15126
4.4891
4.68255
3.64729
4.59613
4.37893
3.83164
4.49028
3.05796
4.9978
2.59409
3.01446
3.8648
4.53767
4.20591
3.60044
4.83422
4.50471
4.64344
4.2517
2.44214
2.82292
4.84563
3.94918
4.1346
4.12369
4.44229
4.41976
4.44443
3.82957
4.15023
4.56176
4.24874
4.64987
4.57873
3.64662
4.67073
4.85889
4.37505
4.35474
4.83814
4.3182
3.00432
4.41836
4.60421
4.58618
4.62209
3.56402
4.6661
4.43848
1.4913
2.3994
3.11739
2.66388
2.86813
3.65594
1.49983
2.54929
2.39823
4.5703
4.1727
2.9127
3.61014
3.67443
4.21912
4.95056
4.50378
4.70063
2.65324
4.57412
3.95039
2.98
3.85062
2.82712
4.23984
4.51479
3.45239
2.77089
3.77055
4.40241
4.90978
4.59527
2.37606
4.35038
2.95156
2.48018
4.55003
3.43586
3.77622
4.33937
4.83443
4.24693
4.50945
4.18211
3.87125
2.48504
4.88252
2.87756
2.49926
4.27415
4.30993
4.96116
4.53584
4.13541
4.39251
4.44662
4.35694
3.96837
3.74567
4.23775
4.62724
4.20009
4.99631
3.89705
4.50076
4.63609
3.09939
3.65673
2.99212
4.27884
3.9659
4.68799
4.3619
3.96996
4.34975
4.7496
4.72039
4.91369
3.81224
1.55095
4.29824
2.89939
2.55165
2.86942
2.41786
1.49753
3.37222
4.37407
4.35193
4.60401
4.82398
4.37991
3.59776
4.12153
2.98467
4.66306
4.28502
3.55726
2.92332
3.83899
4.28509
4.68715
2.29479
4.33553
2.39082
2.74313
4.18014
3.75418
3.34438
4.24647
4.14033
2.45126
3.72645
4.27604
2.88575
4.85959
4.19588
4.92097
3.78513
4.61469
4.45992
2.99337
3.46065
2.76506
4.26133
3.87605
4.51071
4.96764
4.96348
4.68981
4.92202
3.68377
4.14993
3.58468
4.67991
4.97714
4.01601
4.3517
2.58692
3.06587
4.51529
4.65546
2.69046
4.0241
3.66762
4.65577
4.2789
3.94858
4.43462
2.49134
3.12132
4.43253
3.99788
4.52489
4.99851
4.60285
4.32459
2.53693
4.96329
4.35847
4.15193
4.50168
4.86594
4.19681
4.50085
4.24298
3.83486
4.34778
4.62598
2.51788
3.02966
2.48516
2.89454
2.49894
2.75129
3.29849
4.16851
4.68175
4.38192
4.62461
3.55076
4.37879
4.37095
4.81745
2.80259
4.18089
2.9321
2.37181
4.53676
4.31639
2.78769
3.20788
3.73145
4.25475
1.52509
2.40585
3.84815
2.5039
3.74997
4.72911
4.47685
4.171
4.45293
4.60951
3.42093
4.4195
4.70034
4.88382
4.5853
4.14043
4.996
4.80141
4.3273
4.12517
2.94172
2.55901
4.74267
4.37544
3.05061
4.45572
3.0663
3.59048
3.78794
2.58264
3.95182
4.37249
1.51047
2.58348
3.91028
4.87927
4.45374
4.18763
4.29989
4.41742
4.32895
4.60156
1.51471
4.07496
3.87596
4.29029
3.72819
4.2682
3.69957
4.8625
2.76388
4.25305
3.10203
4.23926
2.80104
2.46929
4.54711
4.64776
4.37628
2.89474
2.47556
3.08334
2.49595
2.91214
2.68627
3.93952
3.59057
3.77632
2.47774
3.91552
2.45099
1.54309
4.35204
4.65221
4.48413
3.87942
3.51943
1.57265
4.43284
4.05503
2.60862
4.03833
2.75516
3.03752
2.97235
4.39299
4.81875
2.61174
3.08391
4.36984
4.90049
3.44182
4.5322
4.39821
4.95837
4.37611
4.56474
4.91973
4.55948
4.30248
3.79559
3.33987
3.6424
2.46817
1.54375
4.14608
3.90761
2.49701
3.05612
4.80271
4.55639
2.45017
2.95333
4.18388
2.88681
4.3022
4.51595
4.12514
2.89187
4.88896
2.75811
4.28425
2.98528
4.14541
4.53439
2.63336
1.53685
3.79219
4.49991
3.91382
4.16064
3.8577
4.34916
4.78972
4.21572
4.54775
4.70549
4.44308
3.70062
4.37643
4.33864
4.49639
4.71206
4.66789
4.97678
4.39782
4.36729
4.46018
2.93328
2.59345
1.48647
2.46899
1.49755
2.33502
3.37245
3.74547
4.24561
2.87176
2.396
4.50169
4.30018
4.52999
3.5279
4.56764
4.62211
4.74807
4.33992
4.93788
2.91246
4.6524
4.32882
3.9161
4.19563
1.41042
3.55172
1.62454
2.50517
3.04154
2.69351
2.88484
4.14288
4.46776
4.85611
2.8788
4.27824
3.65308
2.39663
4.44936
3.92828
2.44679
3.36699
3.85407
2.53364
4.44181
4.43382
2.89791
2.62215
4.96849
4.52737
4.31733
4.2577
4.25788
4.84329
4.31938
4.23652
4.45542
4.30589
4.41164
4.87886
2.7637
2.41151
4.29788
3.63257
4.11847
4.0113
4.27318
4.26294
4.60559
3.82859
3.60093
2.87523
4.37854
4.65934
4.96063
3.78523
4.22696
4.96545
3.90275
2.92518
4.81247
3.88281
4.41676
4.58205
4.43016
1.53156
2.49511
1.52446
2.46684
3.82165
3.33246
4.47037
4.26579
2.68249
4.73087
4.3292
2.94952
3.92165
4.11423
2.57381
1.53805
4.20706
1.47558
3.55799
3.02577
2.40043
2.9573
2.54109
2.84139
4.47419
4.96311
4.26961
3.89374
4.23042
4.93113
4.75596
4.21864
4.52311
3.646
4.67248
4.71749
4.96291
3.84477
4.29443
3.78487
3.46919
2.99798
4.57432
4.34218
4.74796
4.92441
4.43411
4.14654
2.71472
4.38984
4.88216
3.83602
4.33722
3.79733
4.81563
2.61068
4.72906
4.43964
4.4654
2.53363
3.98591
3.64777
4.70475
2.56379
3.12508
4.45547
4.89622
4.35782
3.87521
4.45666
3.99804
4.42648
4.29435
4.65085
4.3936
2.96074
4.87443
2.49398
3.8273
4.33652
4.33025
4.62248
4.37684
4.40188
2.97232
2.44493
1.55511
2.56832
4.33125
2.89683
3.50619
3.9926
2.42045
4.64181
4.25164
4.94111
3.79951
2.37831
2.57364
4.58371
3.56143
3.83268
4.30023
3.06592
2.52087
4.35803
4.6641
4.44321
4.49178
4.83899
3.89336
3.07174
3.69432
4.46915
4.68861
3.92134
4.37835
4.29252
4.56412
4.64511
3.73505
4.67372
4.73819
4.65461
4.18294
4.45112
4.99159
2.7655
4.25648
4.84501
4.50036
3.80579
4.2715
1.48329
2.54658
2.86971
3.53421
1.44115
2.38393
2.98799
4.22887
4.67392
4.42996
3.6853
2.99865
2.47766
4.23459
4.35806
4.17356
4.58207
2.3792
4.95599
4.96782
2.81476
4.16829
3.69477
4.23863
4.37234
3.90785
4.29645
3.749
3.04976
3.91664
4.87572
4.50601
4.28767
4.62636
4.55024
1.51793
2.48745
3.69515
4.4554
4.2256
3.48837
2.84284
3.9515
4.92428
4.42528
3.81821
2.94362
3.62303
4.79298
4.50487
4.59721
2.40689
4.26589
4.45771
4.89248
4.25102
4.95001
2.3368
4.51163
2.46408
3.73174
3.54112
2.99792
4.19033
4.27925
4.77839
3.72612
4.54964
4.47028
3.98687
4.52004
3.05141
4.99515
2.57611
1.47841
4.27614
2.77868
2.55517
1.62415
3.37268
3.055
2.55014
3.0682
4.32779
4.62532
4.98469
3.88308
4.79829
4.26867
2.93183
3.7588
4.69537
4.95372
4.5306
3.89987
4.33108
4.25669
3.67539
4.0947
4.4721
4.15444
2.32144
2.8101
4.90312
3.72429
4.02401
4.93269
4.45593
4.47522
4.3589
4.49406
4.32541
4.62327
4.4873
3.44838
4.66774
4.95775
4.98378
4.31636
4.25518
4.94066
2.83581
4.16249
4.58206
4.41363
4.52173
3.33358
4.58788
4.50027
4.73747
2.59378
4.38931
3.76657
3.00647
2.45434
2.47825
4.67277
4.45491
2.9331
3.68316
3.94461
4.25967
2.80533
3.74212
4.15818
4.90835
4.46712
3.69077
2.92603
4.24311
4.60142
3.58213
4.86241
4.23817
4.6469
4.42661
4.00463
2.58198
2.93384
2.42955
4.15834
2.92419
2.57862
4.36432
3.55254
3.88711
4.46386
4.42791
4.47392
4.31522
3.78767
2.38712
4.19391
4.39764
4.70045
4.33166
4.4765
4.12505
4.96978
3.64808
4.18376
4.8411
2.98659
4.39889
3.95894
4.64968
3.81166
4.37668
4.63237
2.87048
3.65902
4.90893
4.43477
4.73747
4.29988
3.81488
4.95443
3.84395
4.51019
4.96467
1.44666
4.45699
2.93041
2.55416
2.93909
2.69462
1.58654
3.5922
3.75961
3.03493
4.69236
4.42023
3.77844
3.03388
3.97003
4.51075
4.77474
4.18202
4.87072
4.93149
2.51237
4.56275
2.47146
2.91033
4.38358
3.90248
3.49477
4.35209
4.38041
2.5088
3.91709
4.23113
2.90557
3.7822
4.54121
4.44118
3.13693
3.69139
3.26709
4.51004
4.09733
4.73225
4.5431
4.05599
4.21757
3.81335
4.88244
4.70235
4.70464
4.17161
4.90208
2.44431
2.78392
4.24719
4.5446
2.24766
3.6711
3.46509
4.39399
4.37418
3.83421
4.07984
2.47542
2.79825
4.92487
3.73824
4.26486
4.82904
4.59987
4.4306
4.11694
2.45073
4.29068
4.99143
4.11908
4.43674
4.91883
4.26461
4.21654
4.29631
3.8951
4.70126
2.5205
3.10697
2.66283
3.07091
2.55185
3.07748
4.93822
4.40272
4.8616
3.75644
4.48877
4.39333
4.97814
4.95646
4.66753
4.38152
4.67025
2.83141
4.17787
2.78609
2.44907
4.48802
4.23453
2.82372
3.24338
3.86658
4.25678
1.49776
2.60566
3.67707
2.36854
3.99513
4.76836
4.37307
4.56198
3.68078
4.51684
4.70116
4.63104
4.94486
4.12205
4.83909
4.84851
4.35203
4.74606
4.49613
4.91932
2.97148
2.34879
4.61184
4.42527
2.7234
4.13897
2.97439
3.50258
4.00568
2.64016
3.74611
4.45686
1.63388
2.49489
3.91774
4.43105
4.32159
4.47878
4.83172
4.32151
4.38057
1.51598
4.17767
3.82523
4.15827
3.56327
4.15621
3.80316
2.97544
4.32837
2.93293
4.36209
2.9131
2.57036
4.65962
2.89398
2.54739
2.94105
2.5187
3.07342
2.42709
2.67802
4.8872
2.72177
4.09855
4.21252
2.45105
2.80822
3.99675
4.97527
4.62123
4.45682
3.88298
3.51318
1.56962
4.28123
3.89756
2.56927
3.83337
2.35445
4.25451
4.6001
3.5362
4.49183
4.32996
2.93731
4.7455
2.53721
2.92628
4.46282
2.97868
4.33853
4.67415
4.42196
3.95715
3.61895
3.92908
2.6656
1.66286
4.35845
3.93762
2.66508
1.50712
3.79375
4.24938
3.78662
4.37222
3.84611
4.29509
4.39295
4.58472
3.04779
3.1698
4.42928
2.92578
4.43254
4.77077
2.65758
4.472
4.41346
4.55039
4.64872
4.91646
4.37894
4.56167
3.44963
4.65638
4.3947
4.63522
4.25615
4.93267
4.43554
4.28541
4.9288
2.94784
2.53257
1.54456
2.55183
1.5494
4.18571
4.79182
4.92095
4.34952
4.61568
3.52551
4.57265
4.59024
4.45174
4.33731
4.69596
4.85473
2.94874
4.36466
3.96356
2.58572
2.92306
4.99754
4.53255
4.34719
3.84795
4.21332
1.58627
3.58606
1.5487
2.63969
2.87139
2.51675
3.11715
2.5982
4.56954
4.30735
4.25366
4.8691
4.26981
3.77032
2.52484
3.56708
3.84011
2.55769
4.55224
4.22632
2.94738
4.22317
4.31574
4.51422
3.88252
4.43194
4.54075
4.32465
4.53688
4.34804
4.64108
3.20522
2.59558
4.44823
3.90089
3.90273
4.31473
4.50765
4.84705
3.75394
3.46569
4.96335
2.90895
4.20424
4.53566
4.87487
4.55579
4.28295
3.89351
2.88648
4.53397
3.90494
4.34875
1.63282
2.5702
1.46304
2.61156
2.9085
4.59045
4.90398
4.46801
3.94976
4.42277
4.18997
2.82692
4.87706
3.762
4.24203
2.52636
1.52023
4.35666
1.54587
3.4867
3.07656
2.45638
2.8629
2.49723
4.29823
4.93312
4.57763
4.40944
4.53325
3.60319
4.8577
4.62303
4.70213
4.93736
3.85671
4.33945
4.03301
3.57695
3.07945
4.58026
4.44895
3.88776
4.53929
4.39889
2.93279
4.67314
3.88178
4.45188
4.59043
4.05985
2.48064
4.51867
4.89848
4.17774
4.32383
2.67885
3.97049
3.45517
4.68592
2.70858
2.99273
4.49239
4.43562
4.81273
4.23095
3.69872
4.18479
4.17111
4.57854
4.4234
2.95811
4.98961
2.52117
3.88901
4.44344
4.47722
4.45371
3.0605
2.51878
1.61146
2.44434
4.2633
4.75328
4.64971
4.41546
4.32726
4.9271
3.9368
2.53378
2.5373
4.58069
3.63217
3.86743
4.3136
2.85818
3.96717
4.48923
4.61572
3.9335
2.94655
3.78075
4.36599
4.84372
4.48521
4.52714
4.4475
4.70437
3.72357
4.45232
4.73834
4.3872
4.42096
4.41671
4.62957
4.57302
3.73988
4.96195
3.08695
2.56284
2.82874
4.1359
4.94377
4.40486
3.70555
4.1555
1.4985
2.48807
2.66409
3.46766
1.61334
2.40684
2.95113
4.18342
4.23942
3.80422
4.40731
4.1323
4.30852
4.18784
4.58493
2.34684
4.96731
2.91899
4.28317
3.83048
4.67625
4.38976
3.95949
3.00333
3.8445
4.64869
4.40677
1.73313
2.57012
4.47808
4.95845
3.83606
4.51671
3.95853
2.97011
3.58585
4.61649
4.26425
4.3235
3.873
2.51689
4.3857
4.68717
4.36766
2.50879
4.5976
2.62796
4.02382
3.44168
2.9962
4.48322
2.90445
4.20289
4.49455
4.94227
3.67167
4.53919
4.16719
3.70627
4.31946
2.89127
4.93572
2.42556
1.61011
4.09442
2.8973
2.43877
1.55063
3.40948
2.79459
2.44751
3.70455
4.45845
4.48069
2.91715
3.81552
4.53058
4.85638
4.29652
4.29423
4.65798
4.19819
4.28494
3.89707
4.18957
4.51826
4.27741
2.70577
2.9688
4.9461
3.87843
4.31623
4.40682
4.94064
4.53144
4.37536
4.65432
4.40786
3.6844
4.63678
4.4891
4.35485
3.02706
4.23339
4.09947
4.48424
2.37691
4.25931
3.79945
4.94626
2.99327
2.4401
2.55399
4.54318
4.44618
3.00828
3.542
3.82474
2.9496
3.83924
4.36346
4.61521
3.98715
3.02125
4.51888
4.56678
3.59177
4.4991
4.24188
4.56729
4.26379
3.85724
2.57204
3.05867
2.82999
4.52968
3.08464
2.76479
4.68465
3.65125
4.05237
4.38483
4.17686
4.25204
4.33124
4.04098
2.59775
4.48632
4.41888
4.75997
4.53024
4.36329
4.24559
4.51318
2.81643
4.20615
3.61317
4.79788
4.51344
3.89627
4.34642
4.35229
2.9914
3.43577
4.10902
4.38677
4.99187
4.26542
3.82124
4.96322
3.90169
4.61654
2.80641
3.63859
4.89799
4.22761
4.55694
4.67422
3.93248
2.95341
4.68345
4.34107
3.40183
4.57368
4.41961
2.52281
3.8684
4.43997
3.03116
4.36056
2.52027
4.65337
2.50444
3.13253
4.27935
3.88772
3.72571
3.0197
4.3584
3.87223
4.55589
4.9849
4.99288
3.93963
4.61686
4.38115
3.02972
3.59369
3.79733
4.64511
4.35893
4.65367
4.59097
3.92378
4.99222
4.61948
4.22258
3.98521
4.17343
2.56601
2.9159
4.96442
4.30272
4.92215
2.38036
2.86329
4.12217
4.54813
2.55335
3.79944
3.5206
4.4191
4.22225
3.72
4.3531
4.48824
4.35305
4.27844
3.82461
4.44621
2.503
4.31443
4.38132
4.63279
4.51849
2.43524
2.8028
2.31408
2.86432
2.51274
2.76733
3.58341
4.19964
4.57131
3.52342
3.81982
2.35564
3.80409
2.52405
3.67467
4.17198
1.35541
3.5462
4.26261
4.59249
4.91978
4.21563
4.3537
4.91901
4.57161
4.35867
4.69306
4.24977
3.46806
4.27305
4.61073
4.84862
4.91325
4.22098
4.60933
4.91728
3.16373
4.65998
3.10898
4.45092
3.15631
2.68832
4.76447
4.56298
4.69735
1.58526
4.31072
3.86742
4.40171
3.93669
4.3761
4.0379
3.60455
3.98435
2.66205
3.94
4.33635
1.67777
2.653
3.88117
4.56587
4.27653
2.92321
2.43083
4.63968
4.43248
2.91529
4.42118
3.12717
4.98534
4.48086
4.62663
4.62996
4.161
3.05761
2.47129
2.89877
2.45716
2.77932
2.60226
3.83764
3.4467
3.83432
2.37196
3.8176
2.46385
1.52629
4.16573
3.49642
4.61491
4.2928
3.67027
3.41709
1.62235
4.2238
3.74095
2.38121
3.70877
2.43105
2.86178
4.99384
2.98203
4.11466
4.31895
2.43662
2.67861
4.26348
4.89064
4.4719
4.03957
4.39357
4.64607
4.41109
4.45996
3.91463
3.69738
3.97079
2.43291
1.56661
4.41837
3.76727
2.69172
3.04085
4.94463
4.6824
2.50725
2.94803
4.46187
3.21
4.27549
4.98602
4.49461
4.37896
2.90638
4.96151
2.90594
4.18589
2.82291
4.14289
4.63315
2.49962
1.47975
3.84329
4.16253
3.77308
4.47801
3.93458
4.4215
4.59045
4.11894
3.36554
4.68502
4.38835
4.99184
4.22533
4.4257
4.85262
4.87216
4.45164
4.18661
4.7221
4.4178
2.95874
2.40025
1.40989
2.50729
1.44644
2.41349
3.53467
3.88424
4.40651
2.87094
2.55342
4.58442
3.94358
3.50347
4.3903
4.54648
2.88148
4.36529
4.53767
3.72365
4.38976
4.66495
4.688
4.52926
4.99553
4.1273
4.60904
2.98716
2.49946
4.26387
3.85923
4.37955
3.90166
4.4847
4.3229
4.18769
4.5046
2.5189
3.60983
3.83295
2.53693
4.66148
4.28727
2.99432
2.41608
4.97087
4.61444
4.40836
4.54619
4.28946
3.95009
4.37238
4.36502
2.98244
4.5973
3.86285
4.28617
4.59438
4.48455
3.73975
3.94844
3.56076
3.00238
4.3408
4.45972
4.96588
3.75424
4.20241
4.58434
4.85279
1.48824
2.50509
1.48827
2.48635
3.88296
3.51236
4.60078
4.23235
2.81655
2.50486
3.69099
3.48726
2.78104
4.13963
4.41653
2.41198
1.48837
4.36542
1.53646
3.60786
3.05563
2.57457
2.93545
2.58999
3.07396
4.76674
4.4279
3.79604
4.46559
4.30636
2.85679
4.90726
3.6617
4.26681
2.28779
4.96334
3.83128
3.50613
2.97868
4.46887
4.42791
4.53653
4.97136
4.81373
3.77056
4.36688
3.00228
4.6401
4.9248
3.87057
4.36675
3.82652
4.4971
4.22249
4.47638
4.27595
2.52207
3.96322
3.51031
4.59787
2.59518
2.90439
4.31375
4.95172
4.28329
3.78307
2.39414
4.45371
4.20225
4.40468
4.52983
4.41299
3.00023
2.54971
3.73838
4.41004
4.5927
4.71093
4.26882
3.733
4.19395
4.20003
2.73016
2.39437
1.46726
2.5654
4.38605
3.02667
3.65097
3.76424
2.3885
4.56327
3.79497
4.07198
4.50198
3.35812
4.95401
2.70956
2.45962
2.56524
4.68918
3.7074
3.88036
4.3221
3.06382
2.83155
4.56233
4.70261
4.30478
4.21252
4.80104
3.64096
4.89489
4.19091
4.59819
4.45808
3.45863
4.52892
4.57609
4.1864
4.82113
4.31657
4.9786
4.28975
3.05621
3.90592
4.94116
4.52978
4.22779
4.64984
4.5464
3.65441
4.274
1.79408
2.60398
2.92669
3.56601
1.52017
2.38912
2.95687
4.42497
4.77643
4.42834
3.89959
2.96933
2.53346
2.77648
4.09384
4.98356
4.41905
3.90015
4.24623
4.71166
2.71282
3.05303
4.27362
4.04782
4.42789
4.69593
4.22346
4.54412
4.1823
4.46869
1.57618
2.2615
3.60499
4.31252
4.11687
3.19739
2.73845
2.72711
3.06441
4.51358
4.03401
3.68691
4.71294
2.6059
3.92577
3.02836
3.60891
4.66067
4.32755
4.59466
4.86693
3.98333
4.25364
4.41819
4.20277
2.48874
2.81594
4.9761
3.82478
4.22992
4.15828
4.41162
4.4391
4.44801
3.83144
4.3406
1.65542
4.39966
2.88409
2.51414
1.51408
3.59944
2.95961
2.46382
2.67195
4.13644
4.38105
4.88587
3.91081
4.74766
4.47882
4.08973
4.47214
3.06245
2.73662
3.036
3.91125
4.64737
4.94934
4.39387
3.74111
4.97022
4.43048
4.30306
4.34768
4.63473
4.26077
4.589
4.57106
3.62783
4.66393
4.72152
4.97069
4.41604
2.82817
4.30546
4.69119
4.44541
4.34957
3.34938
4.72581
4.46409
1.55603
2.5177
3.04559
2.66474
2.8837
3.52741
1.68598
2.60132
2.40366
4.59478
4.38285
2.86687
3.47991
3.8253
4.37594
4.77546
4.40319
4.54663
2.49883
4.19992
3.86896
4.96061
2.77518
3.75309
4.2757
4.8726
4.57699
4.26551
2.46104
4.15822
2.76285
2.42254
4.46188
3.3216
3.81363
4.1561
4.99608
4.34455
4.44139
4.3552
3.71751
2.43548
2.9464
2.40899
4.23542
4.23278
4.95536
4.97787
4.48827
4.13748
4.41929
4.46095
4.21047
3.72263
4.78696
4.02106
3.87974
4.52348
4.70935
3.18518
3.75788
4.91355
3.08815
4.42587
3.97528
4.88094
4.44579
3.92397
4.95168
4.36824
4.62051
1.52077
4.43425
3.04591
2.6531
3.10373
2.51673
1.60346
3.59337
4.56404
4.3182
4.4058
4.47798
4.834
3.35035
3.78517
3.11556
4.69717
4.37195
3.65916
3.22163
4.09702
4.4408
4.55572
4.77392
4.29829
3.79105
4.97701
4.41484
4.80017
3.76853
4.62528
4.24483
2.89399
3.57142
2.8611
4.41252
4.03724
4.83572
4.99143
4.60174
3.9032
2.52975
4.29234
4.22319
4.43191
4.91758
4.38256
4.31636
4.35165
3.98605
4.08872
2.61758
2.92082
4.20273
4.47024
2.43817
3.69781
3.39589
4.55783
4.5138
3.8854
4.24253
2.47652
2.84195
4.1774
4.96054
3.92601
4.36563
4.89826
4.6262
4.55039
2.50465
3.0036
2.61849
2.81233
2.44346
2.9335
3.44612
4.43992
4.52775
4.46605
4.64736
3.78709
4.3924
4.62437
4.56643
4.24113
4.88286
4.53229
4.40774
4.92857
4.1853
4.45443
3.29958
4.36725
4.65722
4.89797
1.59732
4.37238
3.97586
4.29507
3.81323
4.29494
3.87142
4.99795
2.93868
4.40676
3.00048
4.37065
2.95574
2.6692
4.67605
4.48462
4.35293
4.97218
3.12676
2.60859
4.57467
4.31294
2.96146
4.29041
2.89508
3.59522
3.98056
2.55416
3.78464
4.51581
1.53834
2.50086
3.9303
4.62093
4.36322
4.52897
4.48699
4.58836
4.8055
2.86213
2.48549
2.97327
2.50359
2.96838
2.37708
3.74325
3.60613
3.79456
2.4961
3.92317
2.45638
1.55565
4.40635
4.81776
4.66787
4.27333
3.79282
3.58546
1.38073
4.13067
3.6508
2.27079
3.6618
2.42999
3.0556
3.04185
4.46883
4.56971
2.71291
3.01019
4.44581
4.91707
4.31715
4.61545
4.58464
4.33522
4.84972
4.35764
4.16962
3.82352
3.36301
3.83761
2.43472
1.51506
4.25119
3.81718
2.38124
2.89446
4.99574
4.5968
2.62559
3.09037
4.26034
2.86839
4.41999
4.68716
4.92313
4.14303
2.77837
4.90148
2.90137
4.12168
2.81026
4.32544
4.54693
2.62942
1.6716
4.15073
4.49529
4.01154
4.29866
3.92442
4.6142
4.86157
3.64725
4.38924
4.30248
4.2891
4.74954
4.91216
4.74884
4.37835
4.36493
4.44621
2.98941
2.67901
1.50615
2.59109
1.69445
2.50992
3.51791
3.89342
4.5092
2.96133
2.63482
4.63039
4.45397
4.51004
3.47031
4.68052
4.40428
4.55959
4.52463
4.25107
4.53574
4.27376
4.43799
4.82123
2.88054
2.5769
4.32939
3.90544
4.50802
3.83864
4.37901
4.35107
4.99568
4.10659
3.62299
2.33868
3.36925
3.74486
2.51243
4.41699
4.28983
2.96112
2.49779
4.96386
4.72882
4.41959
4.28617
4.19089
4.94841
4.41098
3.9282
3.07858
4.68654
3.88153
4.4705
4.7399
4.45406
4.64238
4.00346
3.60359
2.96852
4.31011
4.68666
3.93681
4.49616
1.58294
2.47501
1.4347
2.35517
3.74588
3.54493
4.63562
4.30499
3.01209
4.39247
4.1366
2.97174
4.89997
3.74736
4.19094
2.4126
1.53967
4.35944
1.61621
3.3431
2.73931
2.39447
2.69061
2.54723
3.08939
4.68203
4.45201
3.89465
4.99268
4.79858
3.6943
4.28275
3.81251
3.48316
2.99224
4.69801
4.29875
4.6393
4.36759
4.16628
2.75508
4.54434
4.74085
3.70413
4.39903
3.91826
4.44479
4.42843
2.37663
4.70169
4.80147
4.33103
4.28522
2.62043
3.90691
3.46637
4.73808
2.52786
2.88707
4.48522
4.29352
3.92438
4.16876
3.73831
4.2204
4.23609
4.47069
4.18383
3.1608
2.62538
3.83283
4.45745
4.44015
4.6329
3.01277
2.48862
1.4516
2.39764
4.29604
2.94936
3.55965
3.85962
2.61421
4.62427
4.41047
4.88136
3.76261
2.50742
2.48852
4.36396
3.29844
3.74882
4.113
2.90844
2.61147
4.39866
4.84604
4.69507
4.30637
4.94262
4.91338
4.34518
4.60096
4.62005
3.6982
4.53025
4.70673
4.46689
4.22357
4.85307
4.45518
3.93777
3.03321
3.83016
4.67986
4.42741
4.61213
4.4537
2.83559
4.40025
4.96984
4.86785
4.55586
3.73919
4.29003
1.51994
2.51114
2.70336
3.55841
1.56491
2.40221
2.9841
4.3235
4.70629
4.37661
3.82956
4.97845
2.85738
2.47306
4.97301
4.19135
4.40374
4.08108
4.33705
2.53356
4.9736
2.86228
4.182
3.81491
4.25913
4.25149
3.83084
4.17506
1.613
2.51253
3.78859
4.63829
4.37105
3.6659
3.10806
3.93454
4.83985
4.2769
3.87579
2.93798
3.39207
4.36846
4.31218
4.75904
4.24992
4.2612
3.75027
4.32171
4.62678
4.37859
2.5853
3.10614
4.92138
3.92469
4.53368
4.46562
4.81273
4.46945
4.28172
3.87542
4.07868
2.67689
4.93644
4.99231
2.3448
1.4803
4.32608
2.96913
2.49014
1.66616
3.54203
3.03158
2.61921
3.05626
4.62711
4.81894
3.94965
4.39192
4.27262
2.84013
3.91614
4.53945
4.54839
4.0181
4.32007
4.38379
4.96176
4.22417
4.94681
4.57964
4.4227
4.55133
4.51159
3.43252
4.4263
2.84599
4.20885
4.52018
4.59178
4.68573
3.68228
4.44684
4.0705
4.46298
2.55778
4.17706
3.73638
4.83096
2.82142
2.45243
2.5941
4.37988
4.06957
2.88447
3.29012
3.84493
4.4322
4.87476
4.6695
4.38999
4.06518
4.617
4.34079
4.74286
4.48621
3.74495
2.43932
4.89082
3.05551
2.6058
4.48944
3.03416
2.70128
4.7634
3.84218
3.98963
4.49498
4.27689
4.2872
4.2086
3.85799
2.47125
4.44292
4.29197
4.81037
4.48945
3.88424
4.61657
2.70798
4.30302
4.91743
3.76426
4.73183
4.35937
3.85817
4.25637
4.32383
2.77689
3.27946
4.9649
4.95421
4.12019
4.39065
4.41862
3.89245
4.87223
1.54046
4.37506
2.98543
2.44054
3.02817
2.53854
1.58894
3.61884
4.7634
3.70529
2.64197
4.184
3.98455
4.82858
3.28468
2.92132
3.83037
4.95435
4.32829
4.41451
4.92734
4.45417
4.12054
4.50603
4.82424
4.98235
4.85101
3.80894
4.61513
4.2162
2.97688
3.63841
3.09302
4.41004
4.00598
4.607
4.3276
4.91715
4.9911
3.87328
4.36362
2.70116
4.34544
4.43442
4.68435
4.55663
4.40304
4.60796
4.07515
4.13973
4.82715
2.42168
2.93333
4.05206
4.59644
2.43796
3.68038
3.5513
4.65104
4.45318
3.97095
4.33694
2.5063
2.98169
3.78646
4.13544
4.88449
4.46165
4.20986
4.94976
4.63913
2.49571
2.9122
2.63517
2.89275
2.48288
2.96426
4.90006
4.07638
4.39812
3.54869
4.30956
4.68185
4.62452
4.45218
4.67245
4.48736
4.83836
4.32848
4.66467
3.59805
4.41596
4.55994
4.49217
4.53902
1.64164
4.35916
3.7992
4.40094
3.82938
4.25509
3.92781
4.97235
3.14807
4.50224
2.96998
4.46673
3.17615
2.69305
4.78486
4.69138
4.58209
4.8823
2.82804
2.40537
4.30894
4.29063
2.82806
4.16003
2.84081
3.57496
3.97964
2.61587
3.84353
4.41257
1.576
2.53326
3.95005
4.80703
4.22329
4.89812
4.1931
4.47043
2.93028
2.52372
3.00156
2.43282
2.87108
2.62809
3.019
4.98427
2.85614
4.3353
4.65681
2.49559
2.88341
4.35623
4.92338
4.42248
4.1877
3.85718
3.50197
1.48738
4.30432
3.70811
2.48644
3.77485
2.37288
4.61356
4.28996
4.96275
4.34041
4.56214
2.97666
4.49106
2.50619
3.03675
4.27999
2.82765
4.45031
4.84791
4.63878
4.33726
3.84977
3.39848
3.89446
2.30987
1.50159
4.29826
3.82843
2.55569
1.48818
3.90333
4.17937
3.86103
4.15698
3.86665
4.32763
4.5264
4.31689
2.97402
4.79765
3.07138
4.22206
2.80208
4.27637
4.55396
2.4375
4.55654
4.78985
3.66258
4.39237
4.36212
4.4944
4.37277
4.9424
4.6011
4.33788
2.85279
2.56848
1.49656
2.41552
1.46794
4.32494
4.89448
4.73144
4.98957
4.2764
4.64032
3.43285
4.63328
4.57722
4.36464
4.38796
3.91162
4.42164
4.35165
4.39445
4.66695
4.48903
4.62674
3.03557
2.62935
4.38672
3.99836
2.55328
4.96597
4.57578
4.37694
4.3189
4.99547
4.35885
3.98953
2.56166
3.68585
3.87795
2.52467
4.58961
4.38804
3.08993
4.2619
4.38166
4.78286
4.44481
3.88334
3.00882
4.51387
4.0051
4.38372
3.91073
4.44326
4.52173
4.89463
3.86177
3.46982
2.88491
4.40479
4.66005
4.79057
1.56637
2.3531
1.41614
2.58928
3.08014
4.4469
4.36929
3.83931
4.50774
4.21917
2.70648
4.72695
3.63217
4.09071
2.31871
1.54631
4.28908
1.53717
3.46471
2.73635
2.47178
2.79253
2.48986
4.61305
4.92959
3.87716
4.30126
3.85644
3.42354
2.99458
4.51885
4.4123
3.8833
4.33899
4.27879
2.9419
4.77001
3.79465
4.35955
4.47409
4.51143
4.50523
4.11676
2.57481
4.64249
4.95512
4.39818
4.47857
2.69674
3.95555
3.76462
4.71896
2.49318
3.18501
4.50038
4.40019
4.56798
4.15593
3.88361
4.2104
4.35812
4.7473
4.26388
2.94682
4.89122
2.50081
3.69345
4.38987
2.93768
2.51265
1.6756
2.47321
4.12143
4.91864
4.55702
4.19391
4.14882
4.74066
3.66335
2.4032
2.44857
4.36356
3.13279
3.79958
4.13634
2.70841
4.46304
4.50485
4.51944
4.57481
3.67055
4.58421
4.80476
4.35738
4.41585
4.88977
4.72146
4.54378
4.06235
3.17271
4.04486
4.88619
4.5992
4.42598
4.55227
4.43642
3.86949
4.95472
3.03753
2.64979
2.88484
4.39317
4.69423
3.91593
4.46552
1.51861
2.59787
2.98098
3.54566
1.56538
2.68127
3.03854
4.29505
4.31279
3.74608
4.07503
4.92311
4.19018
4.99947
4.41624
4.27955
4.32138
2.22778
4.90264
4.76441
2.66766
3.91703
3.64625
1.43648
2.46038
4.55487
4.92511
3.5942
4.72045
4.07009
3.78767
2.78983
4.90583
3.51734
4.42922
4.10346
4.33368
4.61837
4.37647
4.4764
4.00351
4.51108
4.81362
4.40478
2.66618
3.05611
4.02723
4.49228
2.96032
4.33265
4.63909
3.86727
4.6745
4.25858
3.96171
4.3312
3.01205
4.99814
2.67726
1.67413
4.32493
3.09055
2.56961
1.60274
3.57059
3.02179
2.64539
3.75011
4.61706
4.38479
2.98108
4.12554
4.48939
4.95288
4.38984
4.40884
4.40102
4.29407
4.96571
4.64584
4.32933
4.54169
4.52362
3.45475
4.67794
4.99724
4.84548
2.92037
4.3459
4.89406
4.33701
4.5081
2.31779
4.97023
4.07339
3.64282
4.80428
2.75052
2.52948
2.41707
4.51201
4.07181
2.93611
3.41635
3.72583
4.73799
4.5146
3.92471
4.39051
4.29937
4.94598
4.42895
4.45071
4.40558
3.87065
2.63491
3.01277
2.58097
4.37365
2.93635
2.56734
4.53751
3.52835
3.9152
4.25543
4.23976
4.32838
4.1322
3.89633
2.55517
4.54458
4.26201
4.9705
4.64904
4.02241
4.70698
3.00959
4.38969
3.94414
4.68739
3.92262
4.36162
4.69816
2.89052
3.70712
4.4097
4.56098
4.22172
3.78937
4.8162
3.02934
3.80783
4.39083
4.60845
4.90757
3.89717
2.9727
4.40409
4.41369
3.42025
4.33732
4.60483
4.37114
3.85124
2.96251
4.3412
3.90826
4.56475
3.90613
4.71813
4.35385
3.00847
3.69573
3.91069
4.74876
4.41663
4.34528
4.41965
3.90431
4.37051
2.52882
4.31391
4.41042
4.64863
4.57214
4.3625
3.87864
4.3755
2.58434
3.0772
4.9134
4.34924
4.95923
2.58209
2.86088
4.44075
4.65283
2.50306
4.02879
3.65154
4.68554
4.38051
3.74648
4.26625
4.92864
4.44606
2.232
2.86144
2.44888
2.92246
2.44833
2.78072
3.43894
4.10615
4.60459
3.56073
3.7719
2.57448
3.78852
2.37651
3.85966
4.30963
1.43858
4.56179
4.34371
4.62083
4.40156
3.62954
4.20081
4.719
4.80989
4.27293
4.49831
4.87743
4.14169
4.43041
4.72224
4.22714
2.80885
4.47574
2.95639
4.38611
3.0631
2.57704
4.60535
4.70882
4.20174
1.56581
4.39826
4.13234
4.43869
3.90688
4.62523
4.03477
3.5644
3.78358
2.4616
3.79489
4.23551
1.47213
2.35113
3.83148
4.91404
4.64027
4.27575
2.84585
2.55432
4.51831
4.34949
2.92768
4.17943
2.86858
2.87873
2.47675
2.81997
2.4901
2.93112
2.43925
3.5982
3.43034
3.82813
2.35994
3.61973
2.54876
1.51618
4.19363
3.55366
4.48199
4.2672
3.0406
3.10011
4.50841
3.03338
4.40563
4.70168
2.53621
1.45763
3.77927
4.26765
3.81992
4.14956
3.84133
4.3329
4.68308
4.38615
4.34476
4.60261
4.45262
4.25199
3.96389
3.6004
3.84433
2.51728
1.46308
4.20276
4.01904
2.38606
2.86233
4.89412
4.42907
2.33133
2.8238
4.36956
2.94975
4.15844
4.55968
4.15757
4.88005
4.55589
4.38013
4.57388
4.16075
4.74375
3.51836
4.65555
4.19856
4.79525
4.33124
4.55693
4.97245
2.77478
2.39533
1.44551
2.27394
1.55394
2.54133
3.79315
3.78396
4.22792
3.11218
2.40951
4.71403
3.64601
3.33484
4.96041
4.0054
4.38288
2.54853
4.27818
4.95052
4.22597
4.41374
4.83419
2.96064
2.67269
4.26156
4.12466
4.49522
3.96664
4.48105
4.67198
4.97256
4.22602
4.65652
2.53535
3.61764
3.68819
2.43156
4.42682
4.39518
2.98509
2.58633
4.49634
4.36768
4.46255
4.08428
3.60369
4.77984
2.8304
4.43936
3.95352
4.21087
4.6286
4.28436
3.64143
3.78614
3.40799
2.74321
4.01427
4.51769
4.06817
4.34458
4.32893
4.7811
4.9601
4.94225
1.54216
2.54751
1.56073
2.48975
3.74099
3.54613
4.53148
4.43885
2.95553
2.41327
3.86117
3.47984
2.99883
4.24252
4.5596
2.54546
2.95465
4.60193
3.82163
4.23114
3.76533
4.58649
4.26158
3.9887
3.42048
2.85719
4.7143
4.2244
4.51824
4.80713
3.78236
4.16335
4.60619
4.17235
2.97978
4.9064
2.52256
3.84937
4.33548
4.27799
4.6183
4.23917
3.77657
4.3406
4.33482
4.20202
4.98592
4.27921
2.6423
3.76265
3.57688
4.60684
2.44928
2.8646
4.33976
4.46095
3.9358
2.49883
4.65704
4.98137
4.3323
4.29708
2.98332
2.53437
1.47357
2.37825
4.40387
2.86
3.42712
3.9148
2.43515
4.59085
3.79125
4.38056
4.54516
3.57715
2.94882
4.36227
4.96888
4.16397
4.47786
4.52002
4.4656
3.41222
4.72006
4.4664
4.21569
4.96799
4.84076
4.94595
4.29594
4.35656
2.3964
4.88669
2.85161
4.2801
3.80953
4.3144
4.367
3.72156
4.23011
4.25397
4.57471
2.80752
3.82731
4.72001
4.29764
4.61131
4.33238
3.81022
4.31123
1.55151
2.40828
2.94313
3.51289
1.51897
2.43771
2.92512
4.29966
4.39709
4.42833
4.0173
3.03266
2.5455
2.95134
4.41326
4.59709
3.80528
1.54417
2.53182
3.79305
4.634
4.24181
3.53869
2.82568
2.51644
2.93988
4.36548
3.8517
3.52455
4.60196
2.43987
3.00533
3.74744
4.55031
4.91988
4.18983
3.72551
4.48987
4.25381
4.60633
4.38754
2.47766
2.96952
4.9439
3.71896
4.41436
4.1726
4.66622
4.20404
4.13082
3.81136
4.33759
1.62869
4.19898
2.90753
2.35318
1.48865
3.29862
3.01172
2.40046
2.81965
4.12823
4.47377
4.97366
3.80081
4.6626
4.25117
3.88141
4.2984
2.84729
2.29357
4.23211
4.35747
4.4489
4.42711
4.57608
4.50705
3.54455
4.53177
4.34187
2.91029
4.23382
4.58348
4.55482
4.63874
3.47911
4.54019
4.24566
1.48442
2.47744
2.9329
2.52045
2.84759
3.51311
1.53305
2.56799
4.26826
4.29388
4.9178
4.4696
4.2435
4.19534
4.23761
4.35137
3.78115
3.84911
4.36334
4.87444
4.35366
4.29301
2.59247
4.34361
2.79751
2.46109
4.40317
3.64152
3.75588
4.22341
4.95264
4.35036
4.52022
4.34197
3.90576
2.41227
2.763
4.37683
3.91209
4.29998
4.61997
4.46235
3.83237
3.978
4.27484
4.65138
2.89834
3.46775
2.92671
4.37407
3.87613
4.94243
4.57857
1.40083
4.35869
3.06943
2.41708
2.78817
2.62065
1.44745
3.57253
4.57979
4.27082
4.5658
4.50361
4.60284
3.39992
4.65138
4.96917
3.74093
4.3223
3.89088
4.32659
4.60612
3.9707
4.59056
4.24339
2.84488
3.48119
2.87883
4.15443
3.78046
4.66314
4.82399
3.69709
4.25358
4.95169
4.62544
4.20055
2.30608
4.17655
4.39434
4.45905
4.97961
4.30222
4.26543
4.28513
3.78209
4.1935
2.44285
2.77228
4.25651
4.4626
2.39897
3.67661
3.44246
4.46712
4.16045
3.98541
4.49032
2.64375
2.94214
4.25666
4.82396
4.4791
2.56596
2.65193
2.23558
2.86761
2.22226
2.91023
3.54219
4.22581
4.43395
4.68757
4.54428
4.33418
4.54594
4.3793
4.09685
4.41758
3.37867
4.87457
4.08872
4.49536
4.94423
4.89962
4.04221
4.90687
4.22692
4.31526
1.51828
4.6344
3.7846
4.47095
4.04006
4.28085
4.01329
2.96518
4.48006
2.98177
4.51852
3.08482
2.63285
4.81238
4.52519
4.31706
4.85878
2.69652
2.44829
4.4857
4.19783
2.88104
4.17251
2.8687
3.48017
3.5636
2.70058
3.93304
4.37081
1.63912
2.43947
3.9204
4.58834
4.31179
2.97194
2.43335
2.87564
2.57651
3.01403
2.47945
3.7727
3.56001
3.83167
2.5916
3.88029
2.44183
1.57572
4.43112
4.62165
4.30996
2.78203
4.86594
2.76596
4.25852
2.83849
4.19342
4.64268
2.4063
1.64246
3.91869
4.28994
3.89931
4.32545
3.76142
4.29453
4.84016
4.39335
4.61402
4.57256
4.1926
4.43997
4.1838
3.8625
3.39952
3.82033
2.34455
1.51721
4.33861
3.81847
2.37146
2.82616
4.92369
4.59828
2.758
3.01478
4.24105
2.96754
4.44248
4.95161
4.58765
4.17726
4.58741
4.31202
4.94338
3.53116
4.48632
4.36313
4.94336
4.40784
4.68646
2.84859
2.35302
1.49813
2.48798
1.46314
2.48245
3.42379
3.88638
4.19101
2.90675
2.48103
4.55522
4.21729
4.89484
4.35141
4.28822
4.59323
4.34957
4.35422
4.96055
2.92209
2.47397
4.42704
3.65324
4.18558
3.73622
4.26623
4.13651
4.87756
4.26821
3.79237
2.46704
3.47073
3.67911
2.38046
4.64511
4.38468
2.93523
2.40091
4.72442
4.32871
4.323
3.83708
2.98138
4.98409
4.58979
3.87853
4.36066
4.37796
4.35629
4.60571
3.7632
3.73778
3.09518
4.43708
4.70731
4.92155
3.86981
4.33998
1.42814
2.47283
1.54249
2.40962
3.64157
3.52856
4.53671
4.16018
2.8262
4.69872
4.34349
2.78969
4.42718
3.93782
4.33315
4.00365
4.83811
4.87571
3.63631
4.07353
3.64362
3.25459
2.71489
4.49734
4.10396
4.35076
4.3557
3.89173
4.44081
4.48957
4.70787
4.37528
3.08106
2.51588
3.93916
4.48015
4.30669
4.55061
4.08138
4.20403
4.98109
2.51998
4.40345
4.24577
4.23986
2.44042
3.8942
3.80573
4.61483
2.48984
2.99919
4.39432
4.95867
4.31334
3.96626
2.79155
2.36552
1.48953
2.34585
4.238
2.99042
3.55529
3.71893
2.41665
4.68143
4.09035
4.43175
4.81424
4.6926
4.90183
4.03638
4.83565
4.24048
3.25498
4.5755
4.37877
4.12594
4.98748
4.28509
4.75478
4.50112
4.68047
2.70279
2.95147
4.35257
4.10016
4.49848
4.51173
3.90807
4.36645
3.61924
2.84692
3.89956
4.51215
4.29333
4.6683
4.96281
4.27303
2.85678
4.15313
4.98686
4.49279
3.78579
4.28155
1.58945
2.61399
3.26658
3.69987
1.50593
2.58865
3.13525
4.52852
4.6324
4.3648
3.94916
3.02889
2.73813
1.58034
2.42513
3.78634
4.47593
4.41721
3.49464
2.94512
4.68999
4.40822
2.8952
3.80899
4.63769
4.90497
4.34282
3.95637
4.29528
4.21903
3.74406
4.27361
4.52776
4.02581
2.3693
2.73057
4.90895
3.86263
3.97785
4.99703
4.17888
4.30166
4.63413
4.36378
3.68617
4.31967
2.88194
4.77473
2.39331
1.42287
4.22531
2.75372
2.3662
1.4468
3.55727
2.98525
2.41778
2.72137
4.48996
4.62809
4.79787
3.82599
4.98825
4.20543
4.32008
4.99071
4.91426
4.40666
4.5673
4.2817
4.7604
4.5609
3.69648
4.71162
4.94423
2.89613
4.22409
4.54177
4.69017
4.56507
3.55872
4.41883
4.40482
4.43741
4.4914
3.93565
2.4777
4.31593
4.47307
4.70435
4.56176
4.42031
4.15821
3.70287
4.14806
4.30116
4.61313
4.15993
3.7748
2.33456
4.96034
2.73463
2.2994
4.16473
2.77792
2.42152
4.61849
3.55336
3.76648
4.17264
4.93714
4.33151
4.69035
4.47137
3.86374
3.55508
4.4968
4.83407
2.97226
4.11546
3.7251
4.85973
4.48435
3.78994
4.41492
4.84353
3.01577
3.5906
1.48777
4.28656
2.84842
2.54378
2.87036
2.40253
1.46529
3.5779
4.39471
4.87721
3.85987
4.26154
3.81183
4.80206
4.12339
4.53504
4.80639
3.72034
4.46298
4.05725
2.72212
3.41926
2.806
4.46827
3.82458
4.54264
3.91031
4.25832
4.66082
4.2969
4.27794
2.59294
4.42686
4.40797
4.6796
4.36759
4.49139
4.15801
3.96031
4.29121
4.99469
2.49405
3.1428
4.57788
4.72087
2.5964
3.95533
3.72676
4.81568
4.29529
3.87954
4.33671
2.60848
3.03934
4.48363
2.50801
2.77393
2.23918
2.89617
2.36489
2.92534
4.91925
4.70981
4.49415
4.54091
4.44327
4.9362
4.14566
4.59047
3.59733
4.29116
4.50141
4.80977
4.11178
4.95325
4.89601
4.18253
4.3145
4.58436
4.47583
1.69197
4.49172
3.92951
4.50131
4.06782
4.47662
4.10671
2.99909
4.42459
3.10394
4.35943
2.89211
2.72291
4.64373
4.52645
4.20443
4.90474
2.69028
2.57874
4.58297
4.29346
2.83835
4.25602
2.95667
3.68236
3.66327
2.46011
3.6428
4.2208
1.4637
2.29633
3.83724
2.91994
2.50806
2.942
2.43882
2.94504
2.52895
1.61032
3.81978
4.29856
3.76856
4.3296
3.78125
4.20096
4.54465
4.24269
2.83829
4.86852
2.93205
4.33807
2.95805
4.31253
4.48451
2.46993
4.48558
4.42951
4.92765
4.16042
4.62577
3.06281
4.93995
4.70929
2.45854
2.97173
4.28265
3.12523
4.29211
4.96927
4.6285
4.33205
3.89715
3.5685
3.88976
2.67135
1.56068
4.44361
3.9983
2.4741
4.5188
4.32471
4.8984
4.4886
4.31363
4.95673
4.21112
4.44802
3.43183
4.61404
4.3346
2.9448
2.38242
1.53281
2.46188
1.50098
4.38268
4.17934
4.93813
4.30764
3.85298
4.37582
4.22699
4.40608
4.57206
4.31921
4.44915
2.75187
2.51244
4.28346
3.88113
2.52166
4.46419
4.32821
4.40037
4.21136
3.85502
2.56329
3.67992
3.89948
2.44733
4.54857
4.35114
2.92532
4.9786
4.72564
4.48602
3.96362
3.03477
4.83425
3.81488
4.57821
3.87057
4.27582
4.55301
3.81045
3.56504
2.98255
4.25271
4.62034
1.55915
2.46208
1.58371
2.625
3.938
4.65946
4.34677
3.08567
4.67354
3.98061
4.35516
4.88055
4.70737
4.96485
4.92983
3.86858
4.34446
3.90488
3.87238
3.03078
4.75167
4.39003
4.26711
4.51463
4.27094
3.71364
4.16958
4.26321
4.47311
4.2249
2.82634
4.70334
2.39811
3.69648
4.17443
4.33967
4.25979
4.94059
4.20526
3.72208
2.52154
4.5851
4.23282
4.32691
2.35239
3.82807
3.40496
4.52383
2.49731
2.90612
4.27245
2.79962
2.44648
1.58292
4.46631
4.39292
4.95701
4.89198
4.34715
4.97631
4.88281
4.27669
4.58819
4.80913
3.52345
4.56823
4.5202
4.4032
4.42572
3.94749
4.45955
4.25431
4.66256
4.40632
4.69622
2.60438
3.01647
4.36447
3.89652
4.54612
4.22626
3.74907
2.74397
3.92333
4.85806
4.28655
4.32509
4.40105
4.73705
4.23338
3.94478
2.85991
2.47386
2.99746
4.23093
4.94199
4.42215
3.83942
4.47779
1.59306
2.43184
2.9372
3.57822
1.45691
2.42661
2.91575
1.46755
2.49293
3.83206
4.41346
4.10465
2.72243
3.79925
4.51601
4.92133
4.17394
4.42944
4.61473
4.27536
4.48317
4.02054
4.37006
4.68653
4.26265
2.42014
3.06062
3.89378
4.43484
2.98607
4.20875
4.60527
4.94618
3.93452
4.63143
4.19344
3.94957
4.1781
2.86872
2.53849
1.64339
4.19233
3.09792
2.57515
1.51474
3.53963
3.00081
2.60588
4.85862
4.4451
4.3895
4.95978
4.92838
4.23347
4.98119
4.5206
4.18475
4.58458
4.48051
3.55567
4.51884
3.00107
4.39391
4.19278
4.21231
4.30284
3.78534
2.55855
4.39086
4.41032
4.92671
4.56838
4.66453
4.38911
3.71098
4.36139
4.92257
4.37296
4.31515
4.49744
4.34826
3.70909
2.44271
2.90521
2.47776
4.42811
3.20007
2.57539
4.56269
3.62846
3.94514
4.24812
4.41766
4.29263
3.78038
4.85906
3.8787
4.58242
4.90977
2.87733
4.39013
3.81028
4.98188
4.6361
3.75613
4.30402
4.49491
2.95713
3.52969
3.96286
4.59438
4.98884
4.20293
4.47662
4.09847
3.76317
4.92416
2.91911
4.18905
3.76022
4.67598
4.83722
4.98832
3.91899
4.66463
4.48543
2.91264
3.42177
4.62025
4.39554
3.94573
4.43943
4.12418
4.31539
4.30175
3.83844
4.42821
2.44767
4.57536
4.20594
4.80581
4.6764
4.41177
3.7786
4.41751
2.45956
2.90655
4.46866
2.57995
2.98973
4.39847
4.71406
2.60375
3.86314
3.56768
4.51388
2.45423
2.82852
2.35737
2.85044
2.35225
2.7669
3.54752
4.92057
4.03755
4.47371
3.39505
3.65743
2.38216
3.7974
2.43038
3.72695
4.15317
1.42702
3.37863
4.14678
4.73124
4.99421
4.72446
4.97354
4.32698
4.5193
3.6927
3.77506
4.4456
1.54547
2.60682
3.79995
2.64121
3.83747
4.51972
4.28191
2.96356
4.25533
2.96188
2.51569
4.69786
4.42653
2.85403
3.40808
4.9453
4.20267
4.72477
4.88574
4.18441
4.44121
4.7584
4.49818
4.36621
4.62011
4.34063
3.12957
2.4868
2.91543
2.54082
2.99461
2.63064
4.10221
3.57112
4.02486
2.45803
3.84836
2.56208
1.55133
4.51027
3.58061
4.76016
4.31944
3.80098
3.30625
1.5296
4.10908
3.69829
2.40458
3.70321
2.32621
2.99135
4.92778
2.82341
4.16112
4.42711
2.34529
2.72355
4.23195
4.95364
4.57621
4.18495
3.6947
4.38656
4.45691
4.58626
4.6251
3.93735
3.42987
3.94323
2.48718
1.59417
4.22485
3.74724
2.53075
3.04199
4.89164
4.74683
2.46779
2.87807
4.4847
2.93892
4.426
4.85356
4.55199
4.40499
2.77817
2.7342
4.14337
2.62978
4.06757
4.34076
2.3443
1.41263
3.79644
4.07445
3.71127
4.21605
3.71578
4.1894
4.44084
4.25136
4.89407
4.35697
4.74253
4.43011
4.36986
3.08147
2.59925
1.47284
2.57831
1.61327
2.70705
3.63989
3.87817
4.38071
2.80979
2.44125
4.73613
3.82247
3.30073
4.27144
4.41715
2.87377
4.40235
4.56132
3.6577
4.51085
4.67465
4.59448
4.40968
4.9503
4.93905
4.22554
1.43964
3.42396
1.53406
2.54493
2.68278
2.31339
2.84772
4.34202
4.58271
4.81022
3.06613
4.42526
3.77076
2.41297
2.85085
4.61867
4.32391
4.14322
3.51625
2.28917
3.32303
3.71201
2.48103
4.30962
4.1332
2.80126
2.45235
4.60036
4.27023
4.20291
4.79788
4.23454
3.71742
4.21376
4.816
4.97418
4.30863
4.0673
4.4294
4.72569
2.71115
2.39572
4.20658
3.69665
4.28512
3.71527
4.29879
4.17178
4.20608
4.35294
1.58428
2.50849
1.4727
2.5897
4.09176
3.53541
4.69504
4.22426
2.84376
2.42962
3.66929
3.43508
2.76729
4.09306
4.39861
2.46727
1.48405
4.28984
1.44453
3.40208
2.89669
2.43116
2.81165
2.4812
2.93886
4.51066
4.90108
4.27534
3.86573
4.5053
4.30045
2.92637
4.94703
3.693
4.26865
2.41531
4.42446
4.3746
4.54343
3.61119
4.67475
4.60134
4.37487
4.89552
3.83592
3.37495
2.92651
4.39627
4.24647
4.59747
4.95053
4.98575
3.70311
4.26631
2.75739
4.372
4.91938
3.66229
4.26806
3.81123
4.48759
4.11531
4.93327
2.86247
2.43722
1.52242
2.65083
4.30902
2.85339
3.58319
3.62775
2.3564
4.71048
3.78698
4.1229
4.54307
3.41825
2.85464
2.4761
2.48402
4.45512
3.44505
3.81532
4.23119
2.79536
2.37229
4.15816
4.93742
4.46463
4.31902
4.38627
4.90511
3.85004
3.82423
2.89604
3.50909
4.31379
4.48169
3.8575
4.24541
4.5909
4.87118
4.97787
4.22561
4.67714
4.42475
3.4651
4.78128
4.43721
4.23682
4.82497
4.86678
4.16692
4.8084
4.21791
4.99123
1.64184
2.42103
3.93694
4.59486
4.18439
3.33907
2.67999
2.52611
2.80736
4.33965
3.78292
3.45449
4.48426
2.49625
3.84832
2.89672
3.55307
4.6296
4.23527
4.53973
4.87087
3.9401
4.32157
2.43382
4.59202
2.5683
3.89962
3.50192
2.84143
4.2763
4.38438
4.89459
3.73615
2.59294
4.92463
4.14435
4.50963
4.15722
1.53654
4.16335
2.8786
2.34547
1.49021
3.33752
2.80157
2.37226
2.87397
4.254
4.4224
3.77508
4.60851
4.22444
3.79115
4.37643
2.94217
4.95866
2.51225
2.81656
3.64479
4.42498
4.82565
4.2236
3.74707
4.57058
4.35035
4.53941
4.28243
2.42648
2.96787
4.89745
3.87407
4.2619
4.24776
4.50989
4.33409
4.36906
3.9057
4.27301
2.93092
4.48293
4.47777
4.53243
4.49124
3.3855
4.41466
4.07708
1.47898
2.32152
2.8282
2.29575
2.74096
3.33898
1.46311
2.41296
2.4278
4.52186
4.29932
2.94605
3.53738
3.82366
4.27995
4.99966
4.2365
4.67291
2.52279
4.2022
3.85446
2.86549
3.8893
3.00418
4.39784
4.6047
3.523
4.97775
3.0106
3.6783
4.21168
4.94329
4.43283
2.56754
4.41106
2.82757
2.58214
4.49098
3.45022
3.84709
4.38402
4.26748
4.51343
4.29502
3.8912
2.43119
4.9862
2.93973
2.41145
4.19911
4.21644
4.97487
4.58998
4.33565
4.29892
4.29048
4.35961
3.7738
3.86748
4.45498
4.62188
4.35491
1.68191
4.33949
2.95714
2.47033
2.94876
2.31191
1.46186
3.66545
4.76259
4.30054
4.35114
4.46035
4.71537
3.4272
3.84944
3.03239
4.54223
4.3679
3.43504
2.91461
3.74455
4.26409
4.61126
2.47044
4.47798
2.40693
2.83133
4.11186
3.75089
3.37103
4.56325
4.28151
2.54302
3.89302
4.26286
2.81007
4.81653
4.29957
4.66202
3.72354
4.45413
4.22849
2.89781
3.41963
2.85771
4.3077
3.75434
4.45155
4.92681
4.46758
4.96279
3.8001
4.18795
3.80684
4.88797
4.14725
4.52102
4.59853
2.44783
2.96782
2.50244
2.81755
2.6295
2.98549
3.62568
4.38796
4.63323
4.5694
4.5584
3.53709
4.25256
4.45785
4.98324
3.00778
4.19951
2.914
2.34969
4.40619
4.37421
2.7168
3.41518
3.74456
4.10342
1.38499
2.3874
3.80664
2.42063
3.5749
4.6876
4.69305
4.22199
4.96064
4.99575
4.43275
4.59942
3.53355
4.29598
4.43636
4.99299
4.54263
4.3502
4.4011
4.25792
2.90138
2.4749
2.73271
2.60201
3.0832
2.47002
3.76881
3.40313
3.86301
2.38864
3.74702
2.4681
1.57951
4.29382
4.87471
4.72919
4.18613
3.94809
3.63938
1.52927
4.33925
3.79867
2.43291
3.7435
2.55965
2.80219
2.79594
4.5404
4.55214
2.41396
3.01136
4.24291
3.47369
4.68252
4.40633
4.96813
4.24716
4.46418
4.94639
4.57477
4.30936
3.79527
3.5012
3.80343
2.50237
1.54074
4.39438
3.70602
2.45175
2.81911
4.9824
4.62201
2.51046
2.88074
4.27422
2.95496
4.26737
4.56255
4.33093
2.90891
4.97966
2.97548
4.27001
2.88578
4.42028
4.67764
2.38649
1.42078
3.88545
4.18244
3.87781
4.38246
3.73321
4.18625
4.15023
4.38845
4.41558
4.36069
2.85949
2.24717
1.59623
2.63875
1.40587
2.38779
3.61419
3.76664
4.26598
3.02022
2.47168
4.52188
4.30138
4.44501
3.40358
4.59355
4.49109
4.70063
4.24037
4.91235
3.05471
4.87779
4.57206
4.22707
3.73871
4.33838
1.49624
3.43647
1.63905
2.51768
2.91376
2.44695
2.66915
4.05326
4.51441
4.8021
2.91275
4.2874
3.69679
2.39554
4.94701
4.37263
3.89443
2.53577
3.57512
3.90956
2.52952
4.71449
4.19441
2.96435
2.54785
4.50026
4.27294
4.28799
4.29426
4.20357
4.35605
4.56669
4.39288
4.68011
4.88375
2.781
2.44579
4.32697
3.83495
4.34089
3.9013
4.27024
4.46826
1.53431
2.3412
1.59273
2.6359
3.9972
3.57272
4.66084
4.35648
3.07871
4.55933
4.24316
3.02672
4.85729
3.74035
4.31208
2.32683
1.63043
4.37119
1.4222
3.54875
2.97478
2.40234
2.92147
2.63848
2.96792
4.57708
4.26155
3.93722
4.26735
4.87659
4.62742
4.22018
4.67465
3.53575
4.60283
4.40228
4.92164
3.74442
4.163
3.69552
3.42652
2.76858
4.37199
4.24944
4.49832
4.9736
4.44109
4.27156
2.8293
4.54311
4.91122
3.7461
4.21041
3.7239
4.72189
2.69088
2.57874
1.51768
2.59657
4.98122
4.2875
2.87448
3.5449
3.7137
2.44458
4.52584
4.46701
4.94894
3.72225
2.57934
2.31611
4.61269
3.62805
3.69232
4.31808
3.10872
2.53038
4.23513
4.42242
4.3742
4.5123
4.84622
4.99626
3.5871
2.8338
3.49885
4.12375
4.2577
3.90092
4.95373
4.148
4.88321
4.09863
4.76383
4.40016
3.27837
4.64883
4.33922
4.11037
4.77838
4.17107
4.80076
4.96749
4.06921
4.80723
4.6828
1.45434
2.52736
3.85723
4.79593
4.35007
3.7572
3.0798
3.86373
4.95625
4.08743
3.77908
2.82923
3.44957
4.47092
4.42008
4.55096
2.43057
4.98957
4.12917
4.35149
4.74287
4.9671
4.0862
2.54976
4.4288
2.54515
3.84357
3.40727
2.70063
4.0935
4.38025
4.90624
3.78933
4.42692
4.2597
3.73933
4.28781
2.83627
4.85296
2.45235
1.46382
4.39259
3.09759
2.60871
1.62172
3.73183
2.82719
2.69452
3.03885
4.3798
4.70499
3.94893
4.50025
4.28768
2.87538
3.96696
4.60482
4.29569
3.84021
4.2612
4.17816
3.74286
4.19302
4.56416
4.48606
2.3924
2.86963
4.90837
3.81093
4.37222
4.48946
4.85745
3.19479
4.57834
4.44645
4.75265
4.81703
3.82021
4.34554
4.20659
4.50573
2.52203
4.21652
3.7755
4.85054
2.78143
2.59043
2.51573
4.62015
4.39193
2.90651
3.51804
4.04279
4.46189
2.85381
3.68917
4.18226
4.9561
4.75268
4.40959
3.90089
3.07631
4.45076
4.50179
3.3805
4.09522
4.39552
4.12785
3.67804
2.31844
4.92215
4.71451
2.74202
2.38898
4.3816
2.92423
2.47755
4.65334
3.35813
3.94084
4.38901
4.07666
4.09868
4.12399
3.76219
2.42711
4.35521
4.33661
4.98298
4.55987
4.32008
4.3434
4.19932
3.68123
4.25235
4.85774
1.4961
4.10798
2.90273
2.49861
2.92691
2.43915
1.51733
3.44909
4.96063
4.01435
2.93494
4.7313
4.30942
3.82613
3.01031
3.82417
4.27855
4.75933
4.38604
4.85025
2.29777
4.42483
2.54616
2.95204
4.2012
3.75152
3.20947
4.28888
4.15592
4.90132
2.47634
3.7573
4.07019
2.75439
4.91538
4.96036
3.7782
4.43779
4.3237
2.89961
3.39288
2.8092
4.21852
3.69669
4.4625
4.76712
4.58828
4.85011
3.73115
4.01746
3.60521
4.78473
4.22262
4.39135
4.28964
2.3544
2.93839
2.533
2.77791
2.38334
2.76613
4.87862
4.932
4.31636
4.90131
3.66912
4.30037
4.20951
4.81626
4.38063
4.15082
2.69599
4.21725
2.97801
2.59548
4.50144
4.30342
2.66543
3.28354
3.557
3.98587
1.52829
2.36039
3.55607
2.33851
3.68592
4.70787
4.91209
4.26811
4.37076
3.38701
4.07657
4.78371
4.87144
4.83368
4.78576
4.87388
4.07581
4.93332
4.78167
4.3821
4.01623
2.69943
2.35544
2.70408
2.1985
2.70429
2.40075
2.90933
2.88123
4.42514
4.69903
2.61719
3.11248
4.43357
4.55404
4.40726
3.74259
3.76162
1.53072
4.49621
3.80832
2.57079
3.99023
2.47867
4.95313
4.32137
4.43994
4.81105
3.48868
4.85616
4.04267
2.95507
4.68154
2.4396
3.0098
4.23726
2.86042
4.3165
4.92295
4.52418
4.09606
3.65216
3.48554
3.74606
2.55968
1.39561
4.22997
3.81887
2.46797
1.5963
3.8034
4.55205
3.88298
4.26586
3.97959
4.41927
4.6767
4.18773
2.9287
2.93732
4.29585
3.09013
4.42321
4.59385
2.50508
4.70883
4.27482
4.94472
4.25966
4.50026
2.92105
2.43914
1.5567
2.41616
1.41073
4.17027
4.74724
4.35314
4.43246
3.52326
4.40762
4.57485
4.51222
4.28039
4.38788
2.86694
4.32721
3.81932
2.43687
3.02286
4.77315
4.51373
3.8419
4.28974
1.49647
3.30187
1.44949
2.49114
3.0165
2.62911
2.89371
2.3647
4.86997
4.27066
4.16831
4.97946
4.12686
4.91828
4.4581
3.81457
2.62728
3.51625
3.79549
2.40536
4.48911
4.30785
2.74672
4.11251
4.29605
4.94207
4.39151
3.73639
4.29514
4.35524
4.29032
4.57749
4.49823
4.57023
3.01562
2.52605
4.3604
3.87096
1.52117
2.36354
1.49932
2.54449
2.8807
4.41363
4.99382
4.26362
3.876
4.667
4.31795
2.91801
3.89585
4.20976
2.69713
1.5441
4.36213
1.52515
3.72187
2.94115
2.41875
3.04086
2.50829
4.23565
4.69699
4.34152
4.84564
3.58009
4.59267
4.5537
4.59519
4.79383
4.88967
3.78742
4.16245
3.7548
3.532
2.80229
4.52616
4.22934
3.76635
4.41586
4.13406
2.81463
4.50417
4.75065
3.7843
4.08279
4.97022
2.78016
2.4062
1.51579
2.34822
4.08201
4.903
4.441
4.22382
4.30523
4.05213
2.54373
2.49207
4.68313
3.47362
3.75529
4.40467
2.88912
3.84234
4.36339
4.52266
3.84402
3.0482
3.56083
4.36905
4.53577
4.24226
4.93154
4.87786
4.96139
4.27857
4.69035
4.5411
3.35694
4.79875
4.42759
4.1242
4.2055
4.8781
4.93733
4.95734
1.38557
2.40555
4.38195
4.92857
4.81514
3.82902
4.89997
4.43849
3.75388
2.77064
3.42369
4.63907
4.14791
4.32351
3.80073
2.61297
4.52909
4.75913
4.25459
2.5145
4.35032
2.38925
3.84702
3.57516
2.97929
4.34571
2.91586
4.0159
4.46375
4.82436
3.68585
4.64893
4.2899
3.80667
4.35929
3.057
2.47486
1.63229
4.19663
2.96919
2.39057
1.37701
3.46069
2.92038
2.34828
3.62967
4.58523
4.12436
2.82721
3.77556
4.54948
4.12625
4.2918
4.66466
4.50228
4.25053
3.80006
4.36875
4.81075
4.34752
2.64214
3.00099
3.9963
4.41902
2.82564
4.20677
4.53522
4.75728
2.61328
4.46632
3.88314
3.23551
2.54976
2.45299
4.87737
4.35984
2.92698
3.75042
3.82157
4.84506
2.81756
3.94792
4.37325
4.91107
4.31236
3.70983
2.80833
4.20985
4.38806
3.3855
4.21897
4.94887
4.81016
4.30001
4.5268
4.1985
3.89376
2.56639
4.83291
2.81192
2.36724
4.24094
2.88489
2.33811
4.42677
3.47844
3.65099
4.20467
4.37395
4.3709
4.33603
3.75369
2.45327
4.2958
4.37202
4.91599
4.41616
4.35494
4.09628
3.78799
4.17754
4.9755
2.89816
3.74611
4.32153
4.62381
4.93008
3.91192
3.04861
4.5952
4.37536
3.58717
4.56591
4.2338
2.49271
3.87673
4.2571
2.92539
4.91322
4.26478
4.8487
2.5123
4.32603
2.43858
2.84806
4.32041
3.85656
3.38586
2.87125
4.13063
3.81477
4.44279
4.86841
4.87524
3.85397
4.54282
4.34947
2.86325
3.43864
3.74479
4.58394
4.89876
4.2481
4.60971
4.3446
3.82461
4.96191
4.66226
2.41627
2.90806
2.55706
2.93279
2.46552
2.9908
3.47715
4.42182
4.69465
3.49721
3.89168
2.58256
3.87753
2.4323
3.85347
4.41073
1.60439
3.47273
4.39603
4.57852
4.99173
4.57038
4.6257
4.97826
4.47907
4.32917
4.63556
4.2136
3.47945
4.25419
4.74397
4.98731
4.96341
4.26717
4.40236
4.921
2.93102
2.57555
3.01285
2.53178
2.96266
2.59826
3.97081
3.36061
3.76584
2.42099
3.65947
2.44527
1.43481
4.00583
3.64916
4.33906
4.32833
3.88669
3.54765
1.57217
4.43242
4.01993
2.52346
3.91444
2.72944
3.07747
4.95922
2.79932
4.38446
4.63309
2.53421
3.05108
4.35353
4.66147
4.33542
4.91658
4.38208
4.53482
4.58956
4.13044
4.99596
3.90201
3.49354
3.78376
2.39186
1.57866
4.14135
3.6166
2.50208
2.87598
4.742
4.43194
2.36569
2.75421
4.17205
2.84789
4.21012
4.99395
4.87501
4.65837
4.81532
4.34242
2.76417
4.85738
2.94763
4.32784
2.90092
4.36088
4.6255
2.52838
1.51
3.67166
4.26252
3.94682
4.20196
3.7501
4.22001
4.30989
4.28274
2.7844
2.47824
1.44458
2.33073
1.62092
2.66948
3.59256
3.84685
4.33497
3.00971
2.58013
4.62777
3.79128
3.44116
4.09102
4.50221
2.74173
4.1313
4.65069
3.4885
4.61695
4.45053
4.69996
4.38754
4.98572
4.30676
4.5366
2.85066
2.52159
4.14328
3.82106
4.37583
3.88866
4.32157
4.37988
4.15632
4.54273
2.3254
3.37806
3.75419
2.33596
4.33066
4.0778
2.94984
2.58011
4.54014
4.35391
4.32467
4.79874
4.1982
3.65502
4.06317
4.36255
1.5141
2.4743
1.45695
2.53062
3.76137
3.31924
4.33938
4.25568
2.93173
2.56923
3.92879
3.50613
2.88011
4.46265
4.73231
2.49448
1.50285
4.27286
1.61258
3.53911
3.01578
2.43822
3.05839
2.57933
2.85207
4.39661
4.89261
4.34976
3.88836
4.7509
4.35088
3.13403
4.95912
3.86282
4.55174
2.5155
4.98832
3.89991
3.54191
2.94104
4.43803
4.36409
4.54511
4.94039
3.85234
4.23319
2.87048
4.65539
4.99205
3.84217
4.38872
3.8819
4.63961
4.33997
2.97944
2.46536
1.56974
2.39419
4.17595
2.75573
3.33134
3.78509
2.58761
4.3414
3.94414
4.47089
4.60116
3.53563
3.02477
2.5549
2.5299
4.58638
3.5966
3.76535
4.46016
3.02426
2.4402
4.20121
4.90751
4.66524
4.41069
4.56461
3.84919
4.97814
4.36464
4.51862
4.59314
3.53477
4.71374
4.64169
4.29344
4.83598
4.23818
4.98134
4.37687
1.5273
2.60693
3.94844
4.56616
4.25732
3.56277
2.93494
2.55299
2.92423
4.28711
3.71265
3.58665
4.64398
2.37622
3.7011
2.97162
3.50203
4.5178
4.46055
4.63992
3.8913
4.29621
4.66543
4.32264
2.52208
2.97858
4.90596
3.76424
4.30456
4.30708
4.68475
4.22259
4.44985
3.80866
4.39265
1.55076
4.40354
2.83997
2.49074
1.44321
3.32412
2.74633
2.54196
2.98638
4.24301
4.57567
4.93133
3.80887
4.63834
4.19962
3.75282
4.24909
2.91894
4.9644
2.39775
2.76415
3.94875
4.49729
4.38969
3.87751
4.46871
4.19475
2.96154
4.26266
4.68979
4.37508
4.53798
3.49355
4.69829
4.32655
1.65189
2.60842
2.92617
2.38155
3.11512
3.69174
1.45862
2.28377
2.52929
4.49009
4.32098
2.87369
3.49837
3.87153
4.22433
4.96176
4.41127
4.48337
2.66954
4.23658
3.99744
2.92079
3.90054
4.37444
4.9954
4.8728
4.37986
2.63768
4.29371
3.00073
2.49364
4.47599
3.46446
3.90769
4.33055
4.95932
4.51361
4.57076
4.38073
3.86518
2.55897
2.87786
2.45902
4.42585
4.24836
4.63991
4.32556
4.34075
4.34898
4.28678
3.83154
1.49415
4.24784
2.74404
2.44222
2.77952
2.42275
1.65064
3.32728
4.40389
4.49363
4.72654
4.59174
4.45536
3.60827
3.91386
2.99971
4.72868
4.33386
3.74186
3.02331
3.84874
4.48987
4.77266
4.33268
3.79301
4.83775
4.1789
4.33533
3.86638
4.50326
4.36055
2.93862
3.58925
2.87776
4.30417
3.7211
4.63008
4.88644
4.51511
3.9491
4.71043
2.55639
3.01716
2.58724
3.05146
2.73979
3.06739
3.58222
4.46362
4.57669
4.94388
4.33124
4.72956
3.59399
4.49026
4.54692
4.48659
4.36703
4.96407
4.65748
4.30892
4.98664
4.36105
4.74754
3.64743
4.3823
4.39292
3.09832
2.44581
2.749
2.59908
2.79941
2.25919
3.72799
3.55013
3.79433
2.54951
3.79783
2.51636
1.38992
4.2664
4.87453
4.29318
4.18691
3.77213
3.42916
1.48419
4.17984
3.71402
2.41912
3.74541
2.47577
2.74203
4.85557
2.99208
4.12829
4.5375
2.38687
2.80675
4.50623
4.37458
4.65242
4.60373
4.59741
4.57966
4.42796
3.94065
3.53468
4.00777
2.62857
1.56287
4.5152
4.0281
2.7368
3.07838
4.73046
2.40518
2.91387
4.3672
2.85882
4.25252
4.84766
4.21625
2.83097
4.90168
2.79674
4.13238
2.9407
4.20601
4.46498
2.42927
1.34886
3.92042
4.24958
3.74886
4.35993
3.76862
4.45737
2.9947
2.50081
1.49126
2.44782
1.64106
2.44147
3.51909
4.19981
4.44304
2.93457
2.66321
4.64588
4.86295
4.38668
4.44792
3.70896
4.53492
4.75605
4.87723
4.47669
4.20868
4.44302
4.15285
4.53768
4.91309
2.85098
2.36225
4.14698
3.77338
4.19281
3.92418
4.31364
4.341
4.90757
4.23021
3.84974
2.44009
3.57112
3.86883
2.48984
4.66415
4.42525
2.92505
2.4615
4.51254
4.41261
4.21961
4.3629
4.99527
4.95206
4.23653
1.42542
2.54813
1.57567
2.31642
3.80346
3.73372
4.70054
4.28119
2.87867
4.44178
4.28134
2.66861
4.86645
3.73914
4.06041
2.45531
1.53924
4.3425
1.57564
3.47172
2.95086
2.62563
2.99607
2.70099
2.96135
4.82696
4.30307
3.93219
4.91753
4.80354
3.79512
4.3678
3.85372
3.60038
2.85133
4.65818
4.38665
4.56781
4.84255
4.8958
4.45213
4.28233
2.94174
4.46058
4.85767
3.98343
4.30818
3.70774
2.8286
2.43532
1.41428
2.51973
4.31267
3.12686
3.67907
3.74638
2.42936
4.65876
4.01519
4.81778
3.71507
2.40107
2.43663
4.39385
3.43494
3.81741
4.27305
3.0604
2.57416
4.57235
4.48637
4.32042
4.85493
4.82639
4.22419
4.76849
4.4908
3.28893
4.6398
4.49354
4.22303
4.93735
4.86253
4.18575
4.95884
4.02305
1.43542
2.33634
3.69909
4.42162
4.5414
3.39562
2.8931
3.77889
4.95641
4.47716
3.9641
3.05192
3.7015
4.74893
4.54497
4.61744
4.97809
4.26519
4.38453
3.77355
4.20756
4.44393
4.21395
2.3726
2.74736
3.73769
4.22374
4.29318
4.5383
4.54977
4.47841
3.81758
4.25926
2.90171
4.87713
2.54753
1.50759
4.28659
2.91263
2.51141
1.51126
3.57398
3.04092
2.46492
2.78741
4.16923
4.54463
4.93038
3.63271
4.71622
4.41955
2.99538
3.85322
4.82506
4.38364
3.70925
2.71441
4.2303
4.63496
4.72939
4.36661
3.37427
4.59767
4.36
4.5726
2.42969
4.45312
3.7423
3.12554
2.71208
2.48057
4.62393
4.40859
3.00383
3.66112
4.00473
4.32543
4.97279
4.57029
4.23866
3.62341
4.0915
4.82758
4.28195
4.51807
4.16583
3.66897
2.39953
4.95226
4.69261
2.85881
2.39039
4.95511
4.14808
2.76922
2.26052
4.41763
3.4295
3.68901
4.09909
4.89369
4.57834
4.07013
4.27757
4.21894
3.79759
2.43652
4.09451
4.41517
4.83747
4.45749
4.02687
1.66944
4.31103
2.9999
2.67157
3.04588
2.42054
1.45601
3.63437
4.81516
4.75901
3.66412
2.76549
4.34824
4.13403
3.51625
2.87949
4.02551
4.12721
4.42117
4.22072
3.83319
4.46851
4.6629
4.98663
4.87265
3.74359
4.51771
4.11284
2.60476
3.39668
2.88376
3.9813
3.72861
4.25883
4.79009
4.30727
4.84606
4.68553
3.42732
4.55443
2.46747
3.08095
2.53971
2.7818
2.50487
2.95323
4.91208
4.91484
4.3187
4.69247
3.60492
4.56659
4.72648
4.73752
4.20678
4.90065
4.59449
4.21408
4.93921
4.87219
4.07765
4.39359
3.37934
4.9055
4.17569
4.66615
4.93627
4.6623
2.98142
2.38865
2.81517
2.65448
2.97129
2.43312
2.72088
4.81825
3.05072
4.20817
4.6162
2.51384
2.76826
4.38584
4.85925
4.63625
4.31175
3.78936
3.29134
1.42432
3.96968
3.67912
2.50565
3.74912
2.47132
4.32556
4.46922
4.64231
4.70031
3.16783
4.66449
2.63523
3.04848
4.28577
2.91484
4.4675
4.93036
4.55711
4.42364
4.04379
3.48363
3.92605
2.461
1.52049
4.34334
3.87454
2.45643
1.60351
3.93593
4.21194
3.76994
4.35393
3.82372
4.39458
4.63938
4.1485
2.87945
4.91041
2.88939
4.15109
2.7446
4.19512
4.3015
2.41292
3.0692
2.50117
1.43759
2.56135
1.55818
4.25707
4.39456
4.6718
3.73709
4.58371
4.55178
4.72541
4.41682
3.72083
4.37975
4.19934
4.23574
4.38386
4.19672
4.43624
4.92492
2.95223
2.3972
4.25709
3.82413
2.4798
4.84006
4.64823
4.26354
4.99301
4.24693
4.84356
4.09332
3.6079
2.38759
3.39068
3.56624
2.39574
4.46151
4.08761
2.6464
4.32841
4.04846
4.80628
1.55917
2.66788
1.72972
2.54047
2.68815
4.59757
4.74032
4.19185
3.69713
4.66726
4.15239
3.08638
4.85557
3.75415
4.36382
2.56798
1.53964
4.00737
1.67146
3.26371
2.71435
2.40197
2.84283
2.48706
4.72644
3.90286
4.51533
4.08321
3.38088
2.83916
4.53585
4.1712
3.8667
4.52766
4.17519
2.78388
4.53202
4.80685
3.59666
4.24801
2.89619
2.57075
1.50499
2.37318
4.34584
4.4579
4.32115
4.4361
4.97248
3.99576
2.67021
2.74554
4.52536
3.50738
3.84048
4.36207
3.00187
4.88836
4.26464
4.86679
4.86588
4.31695
4.72904
4.33436
3.33551
4.66026
4.27605
4.25534
4.1156
4.82005
1.57758
2.45919
4.52329
3.88022
4.92518
4.42739
3.85899
3.15406
3.55731
4.57194
4.54793
4.3278
4.60686
4.26446
4.18854
3.78041
4.19981
4.46
4.34823
2.67467
2.93553
4.9828
3.90431
4.39425
3.07281
4.55339
4.66242
4.94559
3.98021
4.45976
4.21249
3.7898
4.21775
2.75671
2.38757
1.54506
4.38888
2.96444
2.33337
1.5874
3.52326
2.78983
2.37667
4.06001
4.37315
4.19583
2.74136
3.82224
4.52237
4.93177
4.4017
2.99736
4.27054
4.99533
4.23212
4.40059
2.44947
4.17292
3.71128
4.85334
2.95465
2.4497
2.69509
4.40275
4.30041
2.80863
3.41546
4.05374
4.53702
4.35371
4.0895
4.42367
4.49672
4.29595
4.41112
4.33643
3.76403
2.30521
2.9349
2.59243
4.3877
2.67021
2.43508
4.53618
3.31701
3.70771
4.50413
4.11707
4.0142
4.20676
3.60705
2.16108
4.24978
4.14138
4.72408
4.60222
2.82998
3.8946
4.21875
4.55425
3.96061
3.11604
4.54616
4.30512
3.58724
4.15303
4.54672
4.3821
3.72605
4.94106
2.83455
4.99338
4.25729
3.69871
4.3594
4.91664
4.83849
3.80563
4.41764
4.0498
2.7398
3.1966
3.71846
4.34694
4.83133
4.48114
2.537
2.89635
2.63887
2.73565
2.57069
2.97666
3.50889
4.34176
4.61513
3.59036
3.73668
2.52894
3.78176
2.46553
3.873
4.36231
1.42348
4.79669
4.91961
4.46003
4.24767
4.70312
4.07766
4.91316
3.36568
4.24259
4.68943
4.98249
4.84693
4.18731
4.44336
2.82643
2.48416
2.94378
2.3236
2.75947
2.47189
3.90574
3.57629
3.71433
2.67169
3.95146
2.46672
1.4844
4.2402
3.50157
4.91761
4.54409
4.037
2.78203
4.83255
2.73647
4.22759
2.89977
4.12633
4.46088
2.44043
1.55745
3.93977
4.35426
3.8253
4.38649
3.71891
4.40037
4.63053
4.25682
4.86919
4.1414
4.65483
4.52509
4.43265
3.61586
3.43048
3.67481
2.36943
1.46618
4.23591
3.80683
2.42077
2.96256
4.95014
4.50124
2.45057
2.99508
4.23178
2.8608
4.34111
4.95778
4.55196
4.15468
2.96229
2.57415
1.47091
2.60704
1.57793
2.42756
3.21937
3.71077
4.1819
2.82986
2.44176
4.4135
3.93996
3.65282
4.36666
4.88974
2.92097
4.25338
4.79271
4.22727
4.45874
4.5683
4.99205
2.90855
2.59367
4.17994
3.9126
4.30139
3.76806
4.12401
4.29158
4.41626
4.6163
2.41992
3.54922
3.83602
2.45594
4.65157
4.42878
2.92932
2.45868
4.78605
4.4153
4.28998
4.19475
4.46164
3.88165
1.54507
2.40817
1.64722
2.42243
3.78731
3.47431
4.53315
4.32116
2.88972
2.59795
3.70086
3.43607
2.80854
4.46066
4.66764
2.2572
2.90181
4.53727
4.91046
3.88738
4.2884
3.84436
4.61692
4.32963
4.96776
3.82097
3.54478
3.01654
4.71872
4.36868
4.66674
4.9167
3.91818
4.34211
2.85779
2.72426
1.45873
2.4233
4.13422
2.74544
3.3933
3.88444
2.50214
4.42195
3.98148
4.39825
4.61928
3.52652
2.81256
4.30436
4.28776
4.98082
4.32861
4.53731
4.61716
3.62009
4.45091
4.65931
4.4419
1.43412
2.39321
3.69317
4.27756
4.17357
3.40745
2.77501
2.56735
2.83199
4.13456
3.7387
3.80257
4.71222
2.34206
2.87029
3.74721
4.54259
4.92189
4.2583
3.77378
4.69281
4.33935
4.73494
4.37216
2.56352
3.06333
4.99901
3.78978
4.43646
4.32194
4.61566
4.36195
4.52682
3.90474
4.36804
1.56301
4.34113
3.01515
2.56035
1.55143
3.70241
3.15546
2.58233
2.93266
4.25642
4.57773
4.98716
3.82425
4.82496
4.51756
4.05871
4.47216
3.10614
2.622
3.00566
4.3885
4.55752
4.58704
4.5201
3.48518
4.63018
4.39065
1.42951
2.30791
2.78445
2.55014
3.03715
3.6054
1.51087
2.22661
4.03904
4.92912
4.18711
4.87702
4.74005
4.3695
4.19469
4.33808
4.1496
4.21681
3.60919
3.71775
4.36123
4.71736
4.95243
4.512
4.16222
2.39448
4.1373
2.71432
2.40062
4.41148
3.43125
3.75543
4.30128
4.8067
4.37131
4.43959
4.23398
3.74864
2.41183
4.76165
2.76347
1.54943
4.21346
2.77996
2.31691
2.8083
2.58245
1.55807
3.42251
4.37948
4.36953
4.61797
4.49794
4.4788
3.36282
4.48317
4.90336
3.77884
4.36523
4.07578
4.50118
4.58547
3.78781
4.66669
4.31163
2.9629
3.62055
3.09793
4.18046
3.90277
4.5583
4.95535
4.60189
2.49398
2.8425
2.47002
3.13055
2.65556
3.01984
3.46354
4.38818
4.37441
4.3628
4.43747
4.76265
4.30917
4.8435
4.34491
4.67763
3.69466
4.48436
4.633
4.88218
2.86821
2.56519
2.95099
2.43173
2.84882
2.2779
3.59718
3.46691
3.63727
2.34191
3.81745
2.36186
1.37422
4.42244
4.58112
4.31732
2.89938
4.94421
2.89556
4.33915
2.95627
4.36799
4.37563
2.49749
1.63656
3.94807
4.18445
3.81043
4.24104
3.77224
4.20352
4.95181
4.53684
4.60348
4.46253
4.27428
4.88638
4.53304
4.2487
3.85817
3.6189
3.72631
2.31769
1.44033
4.19754
3.81015
2.48936
3.00731
4.67195
2.56301
2.8985
4.37471
3.0664
4.45357
2.81395
2.47621
1.50326
2.40668
1.64054
2.44788
3.69757
3.87165
4.44855
2.88045
2.50762
4.89872
4.16275
4.86418
4.37705
4.98268
4.30664
4.65864
4.39222
4.50498
3.04709
2.48967
4.42476
4.0132
4.41549
3.74537
4.29848
4.17499
4.86867
4.09884
3.69581
2.42304
3.34855
3.59667
2.52757
4.40416
4.14653
2.8648
2.40461
4.56254
4.2885
4.30329
1.46025
2.59966
1.57279
2.29489
3.57492
3.68013
4.61531
4.2354
2.94485
4.70266
4.43041
3.05337
4.74482
3.95529
4.47316
4.02359
3.92206
4.38578
3.97721
3.48774
3.04639
4.6581
4.38086
4.57676
3.05156
2.57595
1.46051
2.30705
4.38694
3.17346
3.62621
3.80179
2.60617
4.77353
4.35512
4.48115
4.95
4.41881
4.4202
4.44821
3.60633
4.53193
4.57797
4.27077
4.98458
1.57233
2.51015
3.74477
4.53947
4.27291
3.34402
2.83483
4.27925
4.1826
2.80301
3.69042
4.46021
4.84159
4.88768
4.20454
3.80086
4.25801
4.17479
3.97913
4.46191
4.70879
4.14992
2.65017
2.95332
3.94969
4.45357
4.14094
4.3452
4.35655
4.06764
3.7396
4.19994
2.8049
4.93487
2.37923
1.55462
4.11438
2.70971
2.23621
1.54399
3.30108
2.73349
2.38344
2.81137
4.19203
4.4424
4.89638
3.78149
2.85549
4.18475
4.5842
4.61664
4.4198
3.45499
4.37076
4.16467
4.06832
4.19846
3.69243
2.36158
4.25213
4.16107
4.69988
4.49928
4.28309
4.49175
4.49095
4.02439
4.34572
4.14715
4.41331
4.25089
3.73281
2.43393
4.98853
2.88452
2.60193
4.19239
2.69886
2.50973
4.44607
3.41221
3.79853
4.24334
1.48366
4.17361
3.03812
2.4515
2.9757
2.40603
1.47074
3.75981
4.38178
4.99842
4.77504
3.77863
4.5254
3.90314
4.22816
4.53436
4.88743
3.87334
4.39481
3.9853
2.8302
3.40976
2.8729
4.21891
3.72082
4.50242
4.41
2.67977
2.88535
2.5354
2.79731
2.41741
3.14761
4.90501
4.74966
4.1796
4.34958
4.17864
4.86304
4.14405
4.33289
3.28978
4.13227
4.68968
2.50682
2.16824
2.82237
2.47394
2.85553
2.39531
1.51768
3.84809
4.20846
3.90523
4.21218
3.804
4.32164
4.63989
4.20935
2.96309
4.95373
2.91123
4.27802
2.95354
4.22608
4.53736
2.41704
4.53859
4.28031
4.80043
4.23834
4.35498
2.96232
4.5086
2.52054
3.02188
4.28601
3.00225
4.37451
4.99795
4.38379
4.14194
3.87661
3.54614
3.82187
2.4774
1.48398
4.19855
3.70017
2.45647
2.59878
2.47147
1.43101
2.41463
1.69858
3.87632
4.13039
4.63219
4.71256
4.52198
3.80417
4.36461
4.15453
4.35073
4.72916
4.5629
4.3349
4.99913
2.74496
2.38862
4.21182
3.69203
2.47366
4.84085
4.25738
4.11134
4.99093
4.08131
4.66966
4.12678
3.55665
2.39734
4.8886
3.32194
3.48512
2.07716
4.25847
3.90056
2.67201
1.63146
2.26018
1.49694
2.46774
3.5211
4.91192
4.54743
4.07275
2.805
4.30881
4.74158
3.60031
4.94777
3.91882
4.67387
4.84818
4.4572
4.68733
4.99246
4.64767
3.61538
4.01645
3.68624
4.97213
3.26957
2.57767
4.29485
4.0789
2.98027
2.64027
1.51626
4.15283
4.40058
4.89223
4.81806
4.33927
4.94201
4.94074
4.31994
4.52668
4.57349
3.45053
4.64976
4.56658
1.4183
2.78452
3.83974
4.3102
4.15069
2.93825
3.85575
4.53132
4.8006
4.17783
4.54064
4.6475
4.17252
4.33964
3.75145
4.40966
4.66508
4.32259
2.42475
2.83987
4.88093
3.73492
4.23502
3.27797
4.4241
4.75866
4.00262
4.38996
4.20605
3.53011
3.99495
2.71928
4.67036
4.97495
2.25983
1.52687
4.35353
2.99608
2.42132
1.4955
3.46096
2.74351
2.68036
3.17783
4.25426
4.16607
4.07254
4.24087
3.66695
2.49014
4.27336
4.99949
4.21929
4.97407
4.77322
4.37414
4.67361
4.25929
3.69808
4.15879
4.80905
4.52536
4.23265
4.45932
4.02104
3.5017
2.30193
4.91056
4.77769
2.71951
2.45748
4.30421
2.8343
2.38854
4.46309
3.39989
3.90684
3.61879
4.74442
4.80313
4.32421
4.61708
4.40364
3.85172
4.92198
2.96413
4.17974
3.72379
4.62771
4.91871
4.04211
4.69084
4.38209
2.95394
3.5639
4.52869
2.50731
2.8581
2.52595
2.84141
2.51348
2.8899
3.50476
4.35754
4.54783
3.58196
3.87966
2.51144
3.91399
2.59794
3.87807
4.40051
1.58936
3.50959
4.23927
4.43997
4.9654
4.43502
4.73752
3.4403
3.87781
4.12914
1.4753
2.4789
3.7507
2.52841
3.7731
4.92981
4.57857
4.26794
2.98884
4.31889
2.972
2.50788
4.5104
4.25336
2.82918
2.91358
2.58764
2.80288
2.42807
2.89865
2.39538
3.71875
3.42298
3.84701
2.44919
3.71945
2.48653
1.62404
4.29013
3.49662
4.46657
4.36251
3.7972
3.82406
1.60093
4.39362
3.78537
2.58787
3.92319
2.41705
2.87247
2.88365
4.20755
4.65379
2.47212
2.91886
4.26042
4.57531
4.54055
3.42498
4.84434
4.1605
4.88381
4.26704
4.43161
4.90078
3.0204
2.50987
1.5956
2.64045
1.54422
2.41439
3.57646
3.88184
4.22418
2.97331
2.54091
4.57573
3.96281
3.53992
4.45074
4.72426
3.07628
4.34462
4.26791
3.56006
4.32226
4.6993
4.57178
4.29849
4.97554
4.98611
4.11163
1.49603
3.18213
1.43546
2.33873
2.74703
2.42547
2.6733
4.11012
4.40574
4.81966
2.9134
4.15621
3.68875
2.3394
3.01821
4.9775
4.63037
4.36382
3.69029
1.50635
2.39115
1.37654
2.48552
3.84803
3.63077
4.56615
4.51084
3.14716
4.98532
2.38459
3.63003
3.49296
2.78043
4.23038
4.52402
2.44552
1.41214
4.63895
1.53993
3.70105
2.9117
2.48965
3.03355
2.57917
3.02267
4.69103
4.99328
4.39057
3.92491
4.56428
4.40844
2.84419
3.96396
4.41388
2.61063
4.58702
4.36366
4.89822
3.39584
4.53664
4.46654
4.21463
4.85433
2.76925
2.40102
1.44112
2.47355
4.39967
2.89666
3.4087
3.92188
2.48716
4.60622
3.75583
4.23445
4.65655
3.54209
2.99511
2.4216
2.33852
4.62043
3.39928
3.71305
4.30149
2.85315
2.44179
4.26884
4.96414
4.50109
4.2611
4.29879
3.93973
3.81502
2.85526
3.54769
4.30598
4.48907
3.80866
4.90746
4.26012
4.57877
1.51723
2.40387
3.75364
4.67534
4.2743
3.58005
3.0028
2.4883
2.79597
4.26577
3.80468
3.58671
4.61
2.4888
3.69573
2.82023
3.54199
4.68967
4.16964
4.46197
4.89492
3.84477
4.4642
2.56743
4.31788
2.36304
3.73071
3.3559
2.79594
4.16548
4.37012
4.95886
3.79383
2.47999
4.25958
4.53699
4.91318
4.15783
2.87188
4.28315
4.64747
4.54549
4.67473
3.65078
4.48589
4.22323
1.52679
2.41809
2.92358
2.47403
2.99608
3.59352
1.59591
2.35832
2.36794
4.65843
4.16625
2.88736
3.64636
3.72725
4.23924
4.87648
4.36908
4.68291
2.50673
4.4544
4.04104
3.05245
3.94116
2.87767
4.31024
4.46885
3.50174
4.97835
2.94484
3.84165
4.32128
4.97191
4.5086
1.5287
4.24913
3.08867
2.52034
2.85667
2.65574
1.53113
3.61044
4.51844
4.25167
4.48692
4.55986
4.50937
3.57026
3.71898
2.82148
4.41829
4.24894
3.42065
2.83502
3.82861
4.29077
4.53604
4.86676
2.51989
4.39565
2.42757
2.9078
4.24341
3.82669
3.43715
4.5682
4.33553
2.55274
3.79224
4.27867
2.92581
4.34762
4.8769
4.47172
2.58293
2.92967
2.41514
3.01662
2.33963
2.95663
3.46548
4.19151
4.64074
4.89408
4.22275
4.49031
3.42536
4.2778
4.73225
4.81006
4.84465
2.88082
4.18842
2.89788
2.49964
4.56637
4.3554
2.85584
3.54505
3.83161
4.24523
1.46609
2.4364
3.75724
2.47307
3.84178
4.98105
4.55818
4.46906
2.83236
2.42505
2.91231
2.40608
2.76622
2.4519
3.66546
3.62334
3.8797
2.36991
3.85571
2.52596
1.54287
4.32399
4.55024
4.17537
3.73039
3.60607
1.46011
4.15472
3.87079
2.52196
3.80996
2.38652
2.88086
3.01134
4.33919
4.69411
2.63488
2.9803
4.358
4.82376
3.58688
4.65869
4.23816
4.98344
4.97157
4.30432
4.70147
3.02004
2.55797
1.61231
2.42533
1.51037
2.29751
3.43228
3.5273
4.18007
2.69211
2.2619
4.32762
4.30997
4.45046
3.51568
4.70526
4.63482
4.39995
4.16285
4.91839
2.92879
4.8949
4.66287
4.35794
3.78375
4.28677
1.49107
3.43091
1.6246
2.34161
2.79623
2.53494
2.86658
4.33094
4.40301
4.88103
2.74781
4.13459
3.74375
2.55692
1.49764
2.63944
1.49225
2.56116
3.74944
3.43127
4.56596
4.29689
2.91892
4.51006
4.44986
2.90523
4.88055
3.69468
4.23447
2.39242
1.43168
4.27976
1.50741
3.32918
2.89136
2.4977
2.90092
2.34948
2.78585
4.60662
4.84096
4.31706
3.67705
4.29911
4.94743
4.47936
4.41933
4.58202
3.5197
4.46833
4.5722
3.0323
2.28662
1.64312
2.48483
4.48736
2.90884
3.59201
3.87762
2.55305
4.61431
4.21055
4.78064
3.71519
2.33629
2.50845
4.41197
3.46005
3.87176
4.3017
2.77808
2.39766
4.43421
4.69444
4.22478
4.48124
4.91451
3.9935
2.81308
3.39674
4.26501
4.61207
3.97291
4.56513
1.57974
2.58186
3.7403
4.55775
4.1163
3.38439
2.79562
3.94281
4.31829
3.89642
2.94116
3.55842
4.62032
4.2423
4.52691
2.42652
4.9989
4.34183
4.5866
4.88555
4.19313
2.40665
4.49474
2.62896
3.74538
3.36063
2.89314
4.29851
4.24059
4.90417
3.94286
2.79249
4.00189
4.70074
4.28297
4.37143
3.30167
4.76138
4.37214
4.91474
2.64544
4.30435
4.00041
2.93436
2.44038
2.44217
4.47076
4.33037
2.98578
3.60097
3.67843
4.08083
4.85715
2.86173
3.78869
4.21983
4.96232
4.35326
3.70476
2.78813
4.01201
4.36137
3.38158
4.97872
1.3461
4.25573
2.9365
2.23725
2.82411
2.37889
1.39979
3.36278
4.95254
3.80399
2.93231
4.55559
4.39101
3.33587
2.77986
3.82095
4.39471
4.51202
4.87177
4.27441
4.9084
2.6344
4.49655
2.45275
2.76768
4.19579
3.84635
3.51589
4.68687
4.26895
2.47643
3.77197
4.31771
3.08693
4.46442
2.53781
2.65599
2.41925
2.7336
2.28799
2.77987
4.84807
4.81664
4.17969
4.28054
3.33841
4.24141
4.65413
4.63667
4.42662
4.99951
2.97918
4.21326
2.74842
2.36975
4.39178
4.23684
2.94078
3.75691
3.85191
4.44123
1.62401
2.57356
3.87048
2.63074
3.99991
2.84356
2.49327
2.92126
2.58825
3.02288
2.53873
2.84017
2.8108
4.4058
4.4512
2.45583
3.09312
4.18815
4.61095
4.27745
3.92308
3.65344
1.52862
4.41282
3.98943
2.70555
4.04069
2.63661
4.26662
4.51343
3.48028
4.5301
4.31156
2.79239
2.53276
1.49594
2.50097
1.41871
4.19178
4.78448
4.34736
4.4583
3.52961
4.69024
4.74144
4.62193
4.41587
4.61999
4.84309
2.90392
4.327
3.72589
2.4746
3.09512
4.92421
4.58115
4.24511
3.86653
4.55646
1.48559
3.58689
1.6039
2.56139
2.92035
2.55792
2.93891
1.5686
2.30821
1.42168
2.45995
3.06245
4.57761
4.34408
4.15819
4.50001
4.38742
2.87243
4.94746
3.91322
4.35512
2.42312
1.66696
4.55195
1.67212
3.65169
3.25042
2.6759
3.04709
2.65309
4.95197
4.22602
4.69
4.84715
4.65251
4.178
4.67097
3.40597
4.47727
4.48474
2.9288
2.55596
1.55507
2.43124
4.20213
4.88668
4.49428
4.43894
4.32661
4.93452
3.70932
2.50781
2.54133
4.52176
3.64173
3.99241
4.34101
2.90856
3.87196
4.39903
4.71226
4.7844
3.89413
2.9962
3.55934
4.38145
4.6177
1.46759
2.44959
4.54854
3.82465
4.19794
3.82884
3.0171
3.76552
4.70898
4.43595
4.33101
4.88661
3.80681
2.528
4.18306
4.30424
4.71285
4.18371
2.44897
4.53285
2.38496
3.76662
3.43724
2.90182
4.27046
2.91491
4.37451
4.25822
4.70411
2.51956
4.39988
3.93163
2.86151
2.54556
2.65706
4.66705
4.54598
3.17372
3.66079
3.9627
4.97543
4.97017
2.92235
3.6594
4.01959
4.90197
4.79298
4.4331
3.78839
2.86306
4.25596
4.47496
3.54704
2.92439
3.82142
4.35444
4.80604
4.87429
3.87997
3.01903
4.79488
4.54714
3.68365
4.55358
4.45108
2.49556
3.8846
4.21166
2.9131
4.97323
4.34229
4.91801
4.79311
2.47975
4.52614
2.40942
2.84552
4.1797
3.72445
3.42312
4.763
2.36528
3.11384
2.45642
2.79859
2.57536
2.91946
3.50439
4.27341
4.56619
3.64805
3.92738
2.48253
3.93354
2.71033
3.96631
4.45193
1.625
3.60384
4.57052
4.45071
4.35494
4.64635
3.23887
2.431
3.07204
2.64675
2.85703
2.67726
4.04935
3.48221
3.96059
2.45872
4.00579
2.55709
1.59963
4.48494
3.4345
4.47491
4.54329
3.69861
3.30102
1.51353
4.20349
3.69822
2.4325
3.67585
2.4552
2.87209
4.70598
3.04538
4.36525
4.65856
2.52898
2.82985
4.35583
4.87114
4.54439
4.16254
2.99421
2.39942
1.51283
2.50447
1.4746
2.47231
3.55478
3.77498
4.40537
2.93997
2.51202
4.60036
3.89407
3.42374
4.40357
4.65699
3.04168
4.23734
4.54938
3.80805
4.41443
4.78851
4.75941
4.36838
4.96452
1.57307
2.4491
1.42829
2.50173
3.83593
3.31993
4.46911
4.15439
2.76038
2.48422
3.93777
3.78654
3.11359
4.4497
4.85765
2.68623
1.44138
4.17325
1.55691
3.46006
2.77862
2.53832
2.91021
2.45697
2.78875
4.4788
4.92198
4.24863
3.7049
4.80633
4.33773
3.02161
4.99868
3.91255
4.33389
2.45806
2.74375
2.30813
1.5347
2.44488
4.24249
2.87977
3.5166
3.75692
2.47322
4.55333
3.79161
4.21711
4.671
3.58906
2.92655
2.40995
2.73117
4.68794
3.5943
4.01667
4.42873
3.13716
2.60913
4.39011
4.69856
4.40953
4.3444
3.84711
1.4925
2.33529
3.75308
4.52254
4.1308
3.41868
2.76594
2.51641
2.8159
4.3934
3.8579
3.5865
4.7337
2.5714
3.69583
3.07434
3.65225
4.53301
4.36772
4.48579
3.76342
4.93756
4.20078
2.78755
4.21958
4.73832
4.28539
4.37206
3.27132
4.7644
4.5769
1.59123
2.63405
3.14439
2.62739
3.14313
3.84687
1.74653
2.33612
2.47478
4.4374
4.08525
2.92171
3.40805
3.74007
4.10125
4.8251
4.44581
4.53221
2.49199
4.24718
3.83942
4.80615
2.78537
1.56198
4.28032
2.86085
2.4163
3.01004
2.39374
1.50705
3.51833
4.47502
4.26475
4.49211
4.69753
4.38649
3.63592
3.74363
3.13538
4.60364
4.45003
3.69055
3.00757
3.96094
4.43937
4.65386
4.94995
4.56473
2.47887
2.85478
2.52374
2.93969
2.56586
2.86801
3.38834
4.13272
4.68503
4.84598
4.50465
4.69881
3.57378
4.38496
4.43865
4.85719
2.95031
2.3908
2.94923
2.60308
2.95427
2.6021
3.85775
3.63263
3.86598
2.4855
3.78819
2.37186
1.50485
4.25689
4.78121
4.47655
4.16233
3.63373
3.35005
1.50968
4.29471
3.82932
2.39483
3.73812
2.4649
2.89648
4.94644
2.87659
4.17658
4.47084
2.50703
2.77773
4.36042
2.79572
2.58948
1.58737
2.52041
1.49373
2.46514
3.56892
3.80899
4.38866
2.92645
2.42633
4.53382
4.25566
4.63663
3.60899
4.52989
4.62106
4.64399
4.26417
4.96013
1.60926
2.38436
1.49725
2.53072
3.75564
3.45792
4.54499
4.13144
2.68427
4.33456
4.25617
2.91506
3.82626
4.34467
2.55188
1.54287
4.2912
1.62063
3.71549
3.26325
2.53409
2.9892
2.68291
2.95033
4.61537
4.40053
3.94054
3.10484
2.69937
1.65067
2.43347
4.35591
2.78212
3.45328
3.81995
2.32606
4.42115
4.40388
4.89893
3.86681
2.45485
2.50548
4.58371
3.69307
3.87168
4.32783
2.9669
2.33429
4.33664
4.91534
4.64374
4.29685
1.48137
2.62368
3.89589
4.69928
4.39253
3.55503
2.94733
3.86763
4.98261
4.32565
3.78584
3.13686
3.645
4.60145
4.47332
4.63398
3.06754
4.34406
4.39803
4.60131
4.52974
3.4428
4.61942
4.09658
4.50113
2.54967
4.26334
3.85608
4.90469
2.99828
2.51941
2.71021
4.7577
4.59276
3.05946
3.57973
4.02282
4.36671
1.40667
4.48464
2.90494
2.50348
2.98424
2.48224
1.48159
3.40996
3.8637
3.05328
4.85323
4.4213
3.69064
2.95453
3.91165
4.4516
4.61137
4.77765
2.62507
2.90421
2.67056
3.04332
2.46644
2.92285
4.88027
4.2736
4.96819
4.59934
3.45445
4.37925
4.59157
2.98658
2.71348
2.97814
2.56472
3.20819
2.59757
2.89868
4.8975
2.88871
4.20034
4.4203
2.43742
2.75486
4.26992
4.93619
4.56926
4.3023
3.97534
3.41142
1.4445
4.17374
3.74973
2.42908
3.61367
2.34776
2.96172
2.62544
1.66559
2.6369
1.5715
4.3664
4.94853
4.29988
4.58349
3.42492
4.64845
4.51803
4.54647
1.41634
2.47817
1.5255
2.41202
3.20878
4.82563
4.55968
4.03164
4.35203
4.30312
2.7532
4.86743
3.79386
4.17188
2.40022
1.44722
4.46482
1.6882
3.5006
2.89369
2.60337
2.79507
2.68253
2.98948
2.51674
1.48617
2.60695
4.47111
4.93658
4.66617
4.31347
4.10963
4.87663
3.66025
2.34043
2.42873
4.39565
3.33991
3.73946
4.02232
2.88223
1.60943
2.57887
4.66916
4.99556
3.68331
4.76221
4.16564
3.74835
2.72869
3.34292
4.23118
4.24114
2.95252
4.58113
4.96443
3.99587
4.45012
2.32775
4.25385
3.67557
4.79965
2.8198
2.36731
2.55799
4.48698
4.25291
3.00134
3.36047
3.97912
2.92672
4.07912
4.47841
4.58779
4.80586
3.6828
2.82719
4.42692
4.22827
4.91476
3.45415
4.4651
2.41574
2.88746
2.34634
2.95488
2.59008
2.8351
3.33714
4.1467
4.73217
3.85958
3.95854
2.69233
3.9958
2.68909
3.95342
4.33888
1.63169
2.70418
2.52938
2.8555
2.47047
2.94146
2.33198
3.68929
3.29487
3.75224
2.57161
3.72107
2.39303
1.44077
4.22519
3.67568
4.57455
4.26819
2.79274
2.33727
1.51355
2.37373
1.4942
2.45965
4.92287
3.55321
3.82944
4.34031
2.911
2.36177
4.55706
3.77328
3.5902
4.3471
4.52975
2.81917
1.54375
2.47383
1.6121
2.47857
3.83407
3.57763
4.58111
4.31625
2.91143
2.58866
3.92778
3.57307
3.01981
4.30578
4.51364
2.44949
2.90425
2.55898
1.46814
2.4511
4.20148
2.90937
3.54065
3.7491
2.40914
4.5173
3.92244
4.37009
4.64804
3.64199
2.86188
1.40861
2.55609
3.86396
4.69455
4.45855
3.63789
2.95254
2.4392
2.99403
4.26341
3.89911
3.48089
4.4182
2.43004
2.96312
4.32911
4.65162
4.70079
4.60126
3.52591
4.58743
4.57417
1.53513
2.56118
2.9679
2.64812
2.86965
3.4264
1.52677
1.5252
4.07357
2.86172
2.4721
2.94491
2.41257
1.40268
3.47474
4.45072
4.38202
4.69267
4.70441
4.55246
3.49916
4.3857
2.34028
2.90106
2.63247
2.79276
2.4012
2.87152
3.35751
4.27163
4.50424
2.76955
2.5384
2.82416
2.19068
2.78167
2.48008
3.94217
3.57542
3.84355
2.52214
3.86592
2.50764
1.69455
4.4199
2.9045
2.45011
1.54325
2.48175
1.42855
2.3352
3.42014
3.63086
4.085
2.89692
2.37863
4.53772
1.33707
2.52226
1.65724
2.47255
3.79067
3.40598
4.39281
4.35314
3.06294
2.83071
2.48296
1.54867
2.57055
4.33197
2.77512
3.3699
3.82474
2.52739
4.62569
1.50088
2.41206
3.741
4.43322
4.06113
4.97132
3.42983
2.82343
2.92545
4.26768
4.65757
4.46989
4.57083
3.60025
4.49025
1.55256
4.29131
2.9151
2.38849
2.77726
2.51763
1.52622
3.57163
4.79378
2.67013
3.06138
2.58291
3.09299
2.56796
3.19922
2.97383
2.48278
3.00572
2.44205
2.84287
2.50747
2.91428
2.53934
1.48867
2.3245
1.62316
1.52896
2.39731
1.46306
2.54086
2.86952
2.36369
1.64049
1.38566
2.48649
2.83989
