4.72429
2.42708
2.84972
2.46539
2.77848
2.52129
2.94025
3.64193
4.36925
4.47587
3.47484
3.88275
2.49319
3.70009
2.57234
3.8747
4.3675
1.74293
3.64206
4.22615
4.63599
4.85723
4.99729
4.25834
4.57476
3.42764
3.80398
4.04513
1.45968
2.44356
3.74551
2.49095
3.75156
4.94506
4.68935
4.1492
4.84054
2.88741
4.24857
2.80938
2.39932
4.51178
4.18922
2.88641
3.36834
4.35252
4.4446
4.98575
4.44067
4.69249
4.79298
4.57219
4.35492
4.6254
4.27994
3.46514
3.83795
2.42759
3.9239
4.2835
1.63139
2.52884
3.79056
4.94819
4.75018
4.2747
3.09461
2.52741
4.8083
4.33983
2.89405
4.39461
2.85218
4.24195
4.55631
4.46326
4.42704
4.97791
2.91749
4.40267
2.93257
4.28793
2.90221
2.51279
4.58735
4.46369
4.29042
1.51882
4.20797
3.86108
4.33196
3.78188
4.30321
3.85387
2.89445
2.73797
3.11079
2.60109
2.93099
2.46782
3.8378
3.40314
3.94681
2.53898
3.84195
2.58231
1.51773
4.43503
3.5518
4.4644
4.20281
3.97262
3.58946
1.62626
4.28249
3.99443
2.51005
3.86971
2.43756
2.99329
2.8214
4.33774
4.59526
2.50509
2.93811
4.23088
4.60021
4.41674
3.40193
4.82593
4.47845
4.40785
4.5206
3.87611
3.30992
3.67767
2.52937
1.65136
4.32165
3.71982
2.44381
2.88355
4.92401
4.50206
2.50273
2.86955
4.18491
2.92175
4.12473
4.93008
4.86294
4.72147
4.30684
2.99013
4.85906
2.82658
4.31329
2.89698
4.20775
4.63492
2.33461
1.49543
3.79564
4.25526
3.77854
3.96281
3.58207
4.08248
4.39416
4.37161
4.72538
4.22699
4.54266
4.55359
4.26965
3.67027
4.46634
4.37891
4.99531
4.61393
4.69602
4.6701
4.50185
4.39324
4.42601
2.7263
2.31043
1.38411
2.32624
1.39938
2.50155
3.62771
3.74294
4.30821
3.00449
2.43519
4.59734
3.72304
3.40466
4.9433
4.31051
4.57406
2.75788
4.19446
4.63805
3.25233
4.77783
4.41465
4.26746
4.02435
4.84247
4.76246
4.29177
1.60115
3.47817
1.64797
2.46444
2.94842
2.56982
3.01871
4.4172
4.7355
3.09248
4.43136
3.99399
2.49977
2.95107
4.47236
4.28588
3.891
2.47199
3.59064
3.83744
2.42969
4.70685
4.28333
3.05993
2.60592
4.68932
4.34027
4.44324
4.94112
4.4009
3.95222
4.32105
4.89203
4.32916
4.29073
4.65799
3.01941
2.67572
4.41629
3.96658
4.39759
4.01463
4.57949
4.47151
4.36728
4.61328
3.6197
3.52013
2.79524
4.06208
4.41291
3.93265
4.115
4.55659
4.95263
4.72064
2.90179
4.55812
3.81481
4.26489
4.50627
4.33751
3.84714
1.4529
2.42875
1.39688
2.33881
3.78005
3.58369
4.5944
4.43995
2.9599
2.54378
3.75742
3.41787
2.95096
4.27664
4.63418
2.2505
1.52482
4.44503
1.54545
3.4858
2.9686
2.62601
2.91526
2.49676
2.84383
4.58298
4.45375
3.95396
4.53408
4.51761
2.87646
4.89508
3.83282
4.31339
2.47806
4.62903
4.20812
4.80282
3.48153
4.41426
4.52516
4.37285
4.83164
3.7599
3.728
3.14422
4.6502
4.45481
4.64557
4.96602
3.97772
4.37212
3.24699
4.66717
3.85776
4.39104
4.01739
4.66805
4.50047
4.96293
2.50693
3.7758
3.52567
4.45555
2.26707
2.58282
4.18845
4.9117
4.51172
3.79885
2.47857
4.55883
4.23307
4.08892
4.43398
4.34165
2.7776
4.93577
2.48653
3.88363
4.17554
4.29842
4.62989
4.40431
3.86339
4.30823
4.25773
4.14915
4.90378
4.18182
2.79409
2.35522
1.47723
2.49567
4.42737
3.0066
3.62439
3.90655
2.56209
4.66543
3.83249
4.2398
4.45242
3.57228
2.8302
2.50963
2.42813
4.50641
3.48818
3.8771
4.24904
2.8725
2.39261
4.33237
4.67601
4.37771
4.23142
4.95582
3.78254
3.76226
2.94057
3.39825
4.27773
4.45364
3.9149
4.12931
4.56482
4.86395
4.19621
4.61224
4.68688
3.64972
4.41182
4.68371
4.37015
4.52403
4.92308
4.43247
4.98474
4.21323
1.54259
2.54588
3.00527
3.4728
1.36838
2.26365
2.87147
4.24885
4.64133
4.48082
3.81691
4.98789
3.17135
2.49709
3.03048
4.33497
4.88716
4.51579
3.68298
4.28352
4.59855
2.41148
2.88452
4.43334
3.77215
4.3087
4.37871
3.84542
4.41494
4.38438
4.57796
2.79848
3.8432
4.88764
4.51242
4.24993
4.72712
4.24744
3.76849
1.45604
2.31652
3.7702
4.65775
4.29766
3.67824
2.91274
2.48078
2.72755
4.09588
3.85168
3.52
4.56784
2.1765
3.81155
2.80875
3.52434
4.49114
4.16103
4.41055
3.71743
4.97181
4.27255
2.37543
4.37157
2.38596
3.65032
3.40442
2.8249
4.236
4.38023
3.71938
2.52346
4.13509
4.44135
4.95395
4.17078
1.52547
4.40081
3.01748
2.66871
1.6347
3.79041
3.04784
2.69242
3.00262
4.58768
4.67438
4.0895
4.57767
4.44144
3.83174
4.41481
3.08855
4.96198
2.66449
3.08352
3.91227
4.61663
4.34329
4.0109
4.66728
4.49528
4.44991
4.36943
2.53815
2.96369
4.99584
3.94109
4.29681
4.47172
4.64813
4.27379
4.27119
3.80152
4.28852
4.73378
4.2016
4.47585
4.73366
3.351
4.29951
4.28722
4.86794
4.91471
4.17697
4.7941
4.20102
2.70184
4.24404
4.719
4.46131
4.60556
3.40491
4.64961
4.38073
1.59706
2.55354
2.86355
2.66405
3.04612
3.70092
1.33118
2.47815
2.26314
4.37128
4.22989
2.8368
3.3688
3.61705
4.0676
4.87541
4.32558
4.68798
2.4394
4.30673
3.8606
2.88241
3.70927
2.926
4.22875
4.54977
3.58725
4.82571
3.14604
3.87187
4.37215
4.97487
4.60574
2.47483
4.29039
3.00295
2.539
4.76847
3.59835
3.88192
4.29572
4.39362
4.61543
4.35494
3.91857
2.73328
3.06021
2.68296
4.23719
4.17062
4.4479
4.30387
4.39531
4.38745
4.35839
3.96917
3.85814
4.36744
4.66598
4.40107
3.73823
4.264
4.58159
2.80444
3.31449
4.84949
2.95375
4.43248
3.91639
4.46603
4.10467
3.75632
4.93211
4.38963
4.63369
4.47204
3.87026
1.64549
4.25065
3.09098
2.47275
3.03036
2.53096
1.50911
3.64463
4.69772
4.16865
4.45013
4.60981
4.51384
3.37853
3.74584
2.66667
4.40836
4.14979
4.98186
3.24962
2.70621
3.74881
4.27303
4.45669
4.87442
4.99744
4.80787
2.46265
4.43757
2.63422
2.93284
4.21951
3.85352
3.57135
4.72375
4.44951
2.70605
4.07694
4.3747
2.8744
4.27781
3.71741
4.48683
4.26028
2.86963
3.55596
2.96345
4.34754
3.8518
4.62668
4.90097
4.96084
4.56425
4.79289
3.80754
4.256
3.86615
4.9976
4.3684
4.74727
2.37846
3.13545
4.39081
4.5606
2.45077
3.65797
3.54477
4.64311
4.38713
4.1108
4.27614
2.79023
2.90192
4.37659
4.87991
3.70685
4.18335
4.85513
4.62336
4.25399
2.56088
4.44103
4.35853
4.59824
4.53243
4.59465
4.34765
3.97094
4.35995
4.39055
2.42757
2.78292
2.46572
2.74951
2.44428
2.76706
3.42971
4.07108
4.65019
4.99083
4.15559
4.33298
3.25653
4.15019
4.68081
4.99597
4.80144
2.95512
4.18685
3.15675
2.55858
4.52854
4.42389
2.93437
3.65457
3.75128
4.37239
1.54983
2.62308
3.77781
2.36395
4.00165
4.95137
4.53781
4.28873
4.96873
4.31038
4.63186
3.52534
4.21087
4.58956
4.75024
4.93767
4.59015
4.37318
4.99078
4.53214
4.36712
2.72353
2.78303
4.67382
4.29011
2.99302
4.27204
2.91258
3.55691
3.7382
2.59503
3.6626
4.27396
1.5242
2.31229
3.83595
4.48107
4.2193
4.68666
4.21508
4.83665
4.23268
4.42774
1.61556
4.47583
4.02054
4.39509
3.94157
4.36848
3.93975
2.96681
4.37975
3.1057
4.39729
2.9036
2.60048
4.65736
4.73878
4.38086
2.9877
2.40378
2.76814
2.41473
2.84979
2.62692
3.88558
3.58987
3.91228
2.56768
3.89354
2.42119
1.53284
4.26159
4.53408
4.13386
3.82064
3.51228
1.49586
4.21899
3.83691
2.47135
3.751
2.42231
2.86384
2.98692
4.40847
4.70928
2.54934
2.94679
4.42794
4.89348
3.59549
4.49583
4.25625
4.37055
4.53201
4.83098
4.5949
4.30964
3.8295
3.61771
3.81178
2.33848
1.52399
4.31407
3.86757
2.34877
2.67987
4.97637
4.56121
2.36956
2.8355
4.40724
2.91122
4.25817
4.67578
4.26189
2.85823
2.86664
4.3654
2.89379
4.08434
4.37663
2.42726
1.43407
3.78693
4.19199
3.92903
4.1796
3.84456
4.38823
4.24744
4.49458
4.53138
4.35202
4.88368
3.55286
4.51555
4.3682
4.94489
4.43303
4.75381
4.97425
4.60807
4.34387
4.53993
4.47243
3.00174
2.58956
1.47427
2.64595
1.52552
2.47737
3.52806
3.78665
4.26908
2.87898
2.42102
4.59849
4.32555
4.49895
3.62294
4.4914
4.73691
4.60257
4.32835
4.98179
2.9815
4.82452
4.74142
4.24721
3.78599
4.28722
1.45281
3.4586
1.44656
2.40976
2.74584
2.45676
2.95649
4.17649
4.55399
4.85233
2.89765
4.28773
3.72118
2.3785
4.40701
3.99632
2.58658
3.61308
3.90916
2.56852
4.53733
4.44727
2.8672
2.35514
4.91263
4.5837
4.23516
4.32571
4.48139
4.31992
4.3043
4.60774
4.26392
4.60499
4.8486
2.87058
2.42822
4.38199
3.85117
4.32021
3.81843
4.17125
4.32178
4.53954
3.9344
3.5796
2.94833
4.26173
4.65711
4.96683
3.86764
4.43082
4.97944
3.83621
2.85992
4.88414
4.64365
3.66181
4.32345
4.48038
4.36547
1.43926
2.43628
1.52177
2.58906
3.83986
3.54922
4.47465
4.16679
2.82
4.56843
4.39761
2.92256
4.91092
3.79858
4.32519
2.37238
1.53507
4.3901
1.48433
3.4901
2.93356
2.50819
2.89999
2.40599
2.858
4.55527
4.25515
3.83469
4.23653
4.56096
4.31855
4.51321
3.50611
4.66278
4.45319
4.98826
3.95241
4.36481
3.85536
3.51055
2.92652
4.66444
4.13438
4.29907
4.76817
4.52816
4.27504
2.92915
4.57423
3.76232
4.15229
3.59989
4.93495
2.48123
4.78558
4.26058
4.34244
2.53035
3.97484
3.51373
4.64171
2.68934
2.96379
4.38846
4.36645
3.93815
4.23676
3.85499
4.33542
4.27013
4.57529
4.34429
2.99483
2.54592
3.83739
4.42951
4.39991
4.72143
4.23673
4.40851
2.79898
2.50916
1.60398
2.55234
4.36442
2.81609
3.35989
3.67197
2.33632
4.57394
4.24606
4.82239
3.65031
2.39339
2.37964
4.39621
3.42265
3.73322
4.1712
2.72441
2.33659
4.16701
4.91635
4.37614
4.19426
4.60749
3.8305
2.97275
3.75334
4.29238
4.77699
3.88803
4.32624
4.36486
4.52152
4.46284
3.46916
4.76427
4.36818
4.06566
4.9317
4.79392
4.2438
4.77048
4.96022
3.96957
2.85656
4.64616
4.60933
3.96304
4.44201
1.52449
2.74042
2.90652
3.66095
1.74935
2.56173
3.09335
4.5173
4.41664
4.41858
3.94274
2.99099
2.61637
4.32422
4.52179
4.273
4.51759
2.51595
2.86158
4.24064
3.94278
4.4563
4.26368
3.81245
4.39236
3.89215
3.15035
4.13193
4.6509
4.44816
4.74898
4.51416
1.5907
2.41078
3.71396
4.48324
4.17385
3.35227
2.6988
3.89131
4.19966
3.76694
2.87297
3.63669
4.60901
4.19794
4.42821
4.95607
2.50158
4.47222
4.47737
4.89286
4.2716
2.47795
4.54215
2.40644
3.72498
3.41638
2.86424
4.34704
4.21689
4.87952
3.69578
4.74091
4.32302
3.94946
4.52315
3.0836
2.72176
1.66385
4.45711
3.02541
2.61678
1.56306
3.56022
3.13822
2.3899
2.65597
4.23384
4.37352
3.83914
4.75239
4.40287
3.09868
3.90817
4.64059
4.88139
4.28249
3.76711
4.33477
4.4043
3.8741
4.37544
4.53602
4.43146
2.50465
2.88296
4.92267
3.93726
4.33928
4.27412
4.62703
4.22459
4.9661
4.6681
4.2573
4.55481
4.57232
3.52389
4.44538
4.89835
4.97736
4.23688
4.19238
4.74921
3.05479
4.38439
4.52222
4.60598
4.50319
3.441
4.43745
4.30064
4.59691
2.39786
4.26629
3.77497
4.88473
2.71684
2.40564
2.40999
4.51723
4.2917
2.9259
3.46072
3.74207
4.26567
4.9597
2.85656
3.97922
4.27012
4.99343
4.57953
3.9471
3.02026
4.4427
4.56436
3.46895
4.30357
4.41377
4.23728
3.86914
2.54682
4.87616
2.97261
2.53004
4.35878
2.95335
2.50875
4.51349
3.6018
3.72035
4.11994
4.9595
4.35587
4.26731
4.22996
3.72577
2.49707
4.31024
4.25267
4.9258
4.75433
4.41447
4.16001
4.52901
4.30957
3.85087
4.3824
2.89236
4.52371
3.80942
4.81763
4.59666
3.90466
4.50982
4.55262
3.16816
3.53287
4.2731
4.5705
4.38187
3.85382
4.96922
3.83374
4.70768
1.42603
4.37222
2.94658
2.47585
2.84918
2.44383
1.54068
3.55334
4.95847
3.88252
3.10368
4.72708
4.49452
3.61543
2.98224
3.87798
4.40537
4.7511
4.3347
4.86229
2.38742
4.48286
2.33803
2.84727
4.12802
3.74344
3.48238
4.36787
4.31584
2.40413
3.74908
4.1931
2.76639
4.78429
3.92321
4.66125
4.37719
3.03518
3.46478
2.76661
4.31392
3.82052
4.61199
4.9821
4.74083
3.83705
4.26839
3.76003
4.30932
4.45037
4.25387
4.94913
2.58961
2.88824
4.23989
4.60238
2.42508
3.77403
3.55192
4.61161
4.27299
3.80257
4.49032
2.49005
3.0312
4.92968
3.9406
4.42804
4.64569
4.47803
4.22294
2.39462
4.32178
4.12571
4.50037
4.89905
4.16938
4.27325
4.12899
3.8138
4.60901
2.60865
2.80669
2.40888
2.93352
2.4944
3.09191
4.92251
4.38635
4.57261
3.52535
4.27218
4.57256
4.96906
4.42815
4.31367
2.82835
4.31401
2.81836
2.53409
4.46206
4.2955
2.94916
3.43057
3.8673
4.2768
1.54415
2.50054
3.80425
2.46907
3.77575
4.79964
4.35348
4.5184
3.48599
4.33373
4.54339
4.8993
4.52518
4.30116
4.61994
4.28735
4.91827
4.59512
4.39313
4.97178
2.94623
2.42994
4.44749
4.33122
2.74413
4.20329
2.9694
3.61097
3.8298
2.49408
4.02766
4.39669
1.52578
2.567
3.82609
4.46106
4.3327
4.34899
4.63871
4.53846
4.4295
1.49884
4.2275
3.85552
4.38392
3.80054
4.31491
3.85807
2.855
4.34081
2.95332
4.32653
2.84409
2.57013
4.76727
2.89679
2.46483
3.08611
2.47064
3.02993
2.24013
2.99997
4.93581
2.84113
4.20328
4.66576
2.4327
2.83494
4.24222
4.88935
4.64237
4.33372
3.82256
3.65615
1.48547
4.27212
3.91191
2.49994
3.88381
2.56109
4.83842
4.29931
4.5836
4.97793
3.70807
4.55901
4.30643
2.84517
4.9473
4.46989
2.49477
2.95186
4.4356
2.92442
4.29881
4.5745
4.24388
3.74211
3.43989
3.75779
2.43372
1.60445
4.24422
3.76969
2.41386
1.64863
3.71009
4.33545
3.73766
4.29047
3.91775
4.20432
4.59566
4.37036
2.95756
4.98375
2.89791
4.21955
2.94368
4.24074
4.60531
2.56728
4.58638
4.23948
4.92805
4.28635
4.5464
4.279
4.45996
3.55282
4.46391
4.41468
4.59338
4.39594
4.7072
4.44236
2.80254
2.64693
1.60194
2.56953
1.58107
4.42441
4.8126
4.35726
4.34573
3.45468
4.57598
4.5774
4.60277
4.27967
4.39969
4.78262
2.7693
4.26217
3.74968
2.43698
2.85789
4.54333
4.3444
3.85814
4.315
1.53432
3.52434
1.58373
2.60271
2.93125
2.42699
2.85502
2.19211
4.82967
4.48155
4.1629
4.25268
4.97657
4.31541
3.77835
2.5098
3.37423
3.84158
2.51124
4.50996
4.22283
2.91174
4.35629
4.32185
4.88003
4.16502
3.69709
4.24265
4.27304
4.19253
4.65731
4.30973
4.40034
4.94179
2.85169
2.38977
4.30977
3.67841
4.92072
3.88279
4.3542
4.68277
3.95228
3.67987
3.06894
4.5567
4.6124
4.56941
4.44065
3.86121
3.01775
4.73133
3.95178
4.50572
1.43969
2.27105
1.55831
2.26197
3.01312
4.46818
4.97976
4.31265
3.81404
4.68767
4.46187
3.09626
4.03217
4.42289
2.65681
1.63973
4.46963
1.54835
3.67636
3.12839
2.54999
3.14764
2.59109
4.74636
4.15859
4.81318
4.80389
4.27987
4.68043
3.34405
4.4262
4.34075
4.28149
4.95372
4.89567
3.84641
4.13495
3.54872
3.36
2.82448
4.48807
4.17066
3.9905
4.63967
4.36461
2.8282
4.53361
4.99682
3.9695
4.40806
4.85017
4.18067
3.74172
2.55123
4.52384
4.9717
4.2531
4.34209
2.40397
3.85338
3.72734
4.60392
2.484
3.09157
4.2202
4.37956
4.58702
4.51604
3.9505
4.47118
4.52905
4.74828
4.44936
3.06045
2.73903
4.1565
4.42263
4.24148
4.12728
4.98598
2.95436
2.58112
1.72983
2.66162
4.34566
4.69786
4.30102
4.35981
4.95316
3.82218
2.44183
2.52247
4.54092
3.5595
3.84781
4.39956
2.96669
3.85966
4.41551
4.49523
4.94269
4.02505
2.88599
3.51034
4.2363
4.58525
4.27631
4.93867
4.25464
4.55804
4.56655
3.68127
4.35005
4.72488
4.65019
4.24425
4.22487
4.70272
4.2549
3.88463
4.96869
2.96807
2.49375
2.78424
4.12222
4.98071
4.872
4.32403
3.72425
4.27491
1.53219
2.54232
3.00828
3.45273
1.46289
2.48657
2.81949
4.22896
4.26599
3.87148
4.28078
4.18838
4.57654
4.31685
4.62099
2.50608
4.87056
2.92354
4.40477
3.83531
4.58799
4.43016
3.75098
2.86423
3.83892
4.91674
4.46808
4.27938
1.42759
2.41962
4.62063
4.90224
3.75207
4.88932
4.15818
3.68139
2.78222
3.43421
4.49339
4.28502
4.28802
3.93213
2.51898
4.21337
4.55236
4.92149
4.39662
2.75954
4.69578
2.55672
3.96273
3.67569
2.89679
4.33066
2.87113
4.30012
4.56419
3.92633
4.57959
4.35405
3.84112
4.1024
2.83092
4.95118
2.3996
1.45475
4.32672
2.93756
2.45544
1.49059
3.58734
2.85421
2.54177
3.87505
4.39942
4.23868
2.84398
3.73639
4.54287
4.85618
4.34609
4.35983
4.77562
4.39031
4.24475
3.74463
4.4889
4.7203
4.38994
2.58792
2.98985
4.00668
4.39638
4.99973
4.24407
4.86407
4.48777
4.27188
4.66526
4.56297
3.56984
4.68095
4.2702
4.3687
2.94377
4.50501
4.99744
4.26044
4.60492
2.5127
4.35777
3.8336
4.9122
2.91306
2.49047
2.56706
4.68134
4.4882
2.98645
3.62139
3.98499
2.8367
3.66391
4.2581
4.86103
4.57908
3.98966
2.92444
4.36065
4.55749
3.39501
4.20475
4.24711
4.64367
4.24723
3.67101
2.42396
4.9625
2.73241
2.22327
4.25385
2.84435
2.46659
4.61617
3.46273
3.8294
4.49754
4.26319
4.22409
4.29243
3.81166
2.41835
4.28333
4.44029
4.70867
4.41614
4.13575
3.81827
4.24258
2.95642
4.30211
3.76108
4.87653
4.63815
3.87953
4.44139
4.80618
3.04049
3.71323
4.35148
4.60255
4.46189
4.03408
3.80878
4.58795
2.90021
3.50264
4.03308
4.24251
4.72156
4.96502
4.90588
3.79739
2.6326
4.48677
4.08383
3.3368
4.73383
4.16901
2.53074
3.92912
4.30992
3.03288
4.27285
2.59611
4.72865
2.61718
3.17334
4.42417
3.86385
3.67924
2.61977
4.99579
4.09057
3.63678
4.36183
4.8474
4.81407
3.75453
4.36693
4.08092
2.81152
4.98514
3.38744
3.7291
4.35841
4.9363
4.9977
4.80715
4.17564
4.56861
4.24098
3.82472
4.90533
4.74746
4.28968
3.93747
4.46185
2.59791
2.97837
4.37185
2.60071
3.28265
4.65693
4.77872
2.7253
4.1234
3.66807
4.45365
4.22099
3.978
4.35118
4.40114
4.55742
4.52573
4.17136
4.47279
2.77365
4.65738
4.5674
4.89902
4.48745
2.42558
2.75118
2.39731
2.93272
2.35774
2.87019
3.40325
4.26674
4.67517
3.60224
3.87559
2.51956
3.70923
2.45012
3.8133
4.40782
1.44477
3.47417
4.29448
4.65694
4.80922
4.96634
4.23898
4.55257
4.94732
4.70242
4.49144
4.57506
4.46181
3.78826
4.1243
4.49488
4.93689
4.33571
4.66095
4.86141
4.98244
3.00595
4.36311
3.00442
4.32162
2.86833
2.32979
4.57295
4.61001
4.36078
1.59543
4.52268
4.00442
4.30085
3.96351
4.50219
3.81722
3.42669
3.77825
2.37718
3.71274
4.23224
1.47563
2.45787
3.67708
4.98451
4.45193
4.29525
2.94462
2.61569
4.48882
4.21533
2.96223
4.42842
2.9049
4.98994
4.22405
4.42282
4.61802
4.35899
3.07663
2.38874
3.05667
2.50558
2.91467
2.60247
4.00534
3.72081
3.87362
2.58911
3.84716
2.56836
1.63276
4.3432
3.51302
4.60291
4.26621
3.66561
3.55919
1.65783
4.22515
3.76675
2.3675
3.69766
2.55175
2.86917
3.01802
4.33435
4.46668
2.59007
2.97217
4.46469
4.69385
4.47945
4.22166
4.42603
4.80152
4.50979
4.48955
3.87039
3.56202
3.93366
2.44172
1.45864
4.31215
3.81774
2.58453
2.95895
4.8083
2.52187
2.98577
4.23927
2.89794
4.26702
4.92641
4.45202
4.25824
2.69655
2.87294
4.29185
2.85096
4.12602
4.38453
2.49861
1.51278
3.84083
4.32633
4.01845
4.29654
3.88016
4.35025
4.76842
4.13812
3.4435
4.54915
4.41657
4.94317
4.41291
4.53335
4.96286
4.54645
4.09779
4.62447
4.1859
2.88843
2.61175
1.59951
2.49028
1.49767
2.46322
3.4823
3.95229
4.33577
3.03339
2.61248
4.54354
4.03693
3.43546
4.30881
4.53449
2.89632
4.35614
4.35241
3.81572
4.50409
4.72634
4.75758
4.34571
4.18128
4.55903
4.83835
3.01762
2.61858
4.24418
3.83896
4.27059
4.00624
4.35875
4.45521
4.34823
4.48289
2.65673
3.55256
3.9754
2.50041
4.62123
4.47149
2.95116
2.59138
4.68488
4.38336
4.27289
4.33299
3.92773
4.34058
4.42935
2.93864
4.97241
4.63033
3.62671
4.00044
4.75325
4.29459
3.82024
3.86327
3.4437
2.98536
4.41298
4.47343
3.86949
4.35868
4.68848
1.66695
2.44282
1.48785
2.53997
3.82744
3.57073
4.48089
4.22875
2.90124
2.49129
3.77901
3.39017
2.86951
4.20988
4.59477
2.39791
1.56704
4.46533
1.58502
3.58208
3.07394
2.57061
3.00564
2.59993
2.88194
4.59914
4.38213
3.87091
4.5869
4.19347
2.93603
3.90133
4.29387
2.62677
4.97559
3.89985
3.51702
2.67746
4.5525
4.22982
4.47325
4.90686
3.76522
4.24864
2.77666
4.6007
3.93744
4.32086
3.7754
4.65821
4.21036
4.37566
4.91977
4.19442
2.54152
3.80222
3.5629
4.59033
2.58695
2.96918
4.21995
4.93447
4.2703
3.83686
2.58812
4.60331
4.94182
4.30896
4.28605
4.71902
4.50285
3.03845
2.4782
3.82919
4.44131
4.2735
4.6924
4.49855
3.96378
4.48747
4.43496
3.12174
2.64278
1.6883
2.44978
4.24761
2.97182
3.3859
3.87438
2.58352
4.46623
4.05887
4.40429
4.55025
3.54055
2.95285
2.58882
2.65889
4.68249
3.66658
4.02194
4.47856
3.03054
2.42919
4.3412
4.93278
4.68676
4.3928
4.44735
4.05577
4.63867
4.36428
4.79304
3.5258
4.38509
4.69418
4.38907
4.96086
4.36235
4.43966
2.92725
3.78467
4.84542
4.36311
3.99265
4.44502
4.27662
3.80831
4.11161
1.45531
2.3562
2.84561
3.38116
1.53358
2.57508
2.64352
4.21295
4.44673
4.15522
3.62818
4.71146
2.75686
2.34758
3.08065
4.34971
4.84869
4.59534
3.74542
4.32646
4.70711
2.41808
4.94072
2.88557
4.20166
3.82281
4.0794
4.30217
3.76719
4.33214
4.35013
4.53374
1.55096
2.51168
3.87187
4.4926
4.38274
3.5432
2.9711
2.67254
2.89872
4.23174
3.88719
3.49566
4.60296
2.55185
3.85446
3.18279
3.62343
4.58119
4.44905
4.55505
3.86273
4.94951
4.35396
4.51686
4.28379
2.53286
3.04407
3.75849
4.27886
4.44357
4.66396
4.14194
4.19081
3.85754
4.17776
1.60962
4.29836
2.85593
2.53384
1.41331
3.48507
2.97734
2.42141
2.92054
4.28271
4.57416
4.79225
3.73571
4.56672
4.30739
3.84005
4.30358
2.89008
4.90672
2.49815
2.90559
3.83254
4.61703
4.85485
4.31418
3.80433
4.50809
4.22613
4.42946
4.8918
4.33277
4.55857
4.34302
4.5779
4.49199
3.68529
4.6678
4.41498
4.91811
2.96029
4.28929
4.4939
4.65134
4.58392
3.57099
4.57626
4.22791
1.68725
2.43187
2.79689
2.45848
2.84348
3.53634
1.47072
2.51041
2.69015
4.57873
4.41773
3.09611
3.58979
3.96185
4.27444
4.31676
4.4598
2.52714
4.35637
3.83114
2.99102
3.89618
4.42432
4.94494
4.38099
4.27576
2.63066
4.29646
3.03793
2.37254
4.61796
3.61765
3.83128
4.31709
4.95301
4.21917
4.64366
4.33608
3.90866
2.49051
2.94705
2.51572
4.43552
4.44957
4.63241
4.31044
4.2132
4.3485
4.42877
3.80461
4.6333
4.68371
3.68561
3.86881
4.22979
4.53743
3.0029
3.4834
4.98427
2.94399
4.31391
3.8324
4.51274
4.38137
3.77685
4.93308
4.45071
4.71678
1.52054
4.4564
2.76262
2.58898
2.90457
2.43088
1.57496
3.40994
4.46452
4.48463
4.54058
4.6203
4.52944
3.52279
3.95076
3.17698
4.78789
4.43707
3.73197
3.0094
3.88254
4.42557
4.74717
4.32814
3.88329
4.87733
4.27498
4.47689
3.94286
4.52205
4.37445
2.8123
3.44528
2.8182
4.32132
3.74039
4.39101
4.74762
4.9143
4.5354
3.91185
2.52594
4.43244
4.11712
4.313
4.92645
4.2514
4.30426
4.43201
3.85125
4.36505
2.57307
2.94286
4.4687
4.71022
2.62902
4.08177
3.4936
4.64526
4.33969
3.84673
4.37643
2.52366
2.9994
4.53868
3.95843
4.37408
4.75669
4.40184
4.8533
2.54296
3.07631
2.62723
3.03299
2.61618
2.97768
3.55098
4.44727
4.48409
4.50596
4.7483
3.63773
4.43007
4.4521
4.56315
4.40252
4.92974
4.64478
4.34988
4.27541
4.59812
3.57733
4.35163
4.76373
4.82266
1.41907
4.30359
3.84094
4.20141
3.57181
3.97012
3.7112
4.80712
2.93879
4.34057
2.873
4.28161
3.01835
2.44696
4.54347
4.57067
4.33071
4.89429
2.95587
2.42168
4.64236
4.37959
2.881
4.47903
2.83877
3.50278
4.00066
2.55522
3.92125
4.36038
1.62959
2.58545
3.95624
4.71123
4.50453
4.29037
4.32577
4.9827
4.53318
4.7357
3.00118
2.61187
3.07236
2.51472
3.02837
2.57616
3.84568
3.32384
3.85977
2.64106
3.94525
2.40172
1.45825
4.34941
4.79942
4.52828
4.02143
3.45387
1.64091
4.36905
3.76808
2.53982
4.0964
2.54499
3.09257
4.80292
2.87111
4.36166
4.66195
2.37291
3.00064
4.20639
4.93875
4.22273
4.59942
4.7203
3.95618
4.96918
4.68986
4.40551
3.80361
3.39294
3.80623
2.54984
1.42939
4.11424
3.71768
2.30891
2.69259
4.78378
4.37944
2.28397
2.782
3.94451
2.7232
4.10274
4.51106
4.47352
3.11025
4.77856
2.82627
4.25489
2.92622
4.25815
4.67981
2.40283
1.43368
3.68156
4.25279
3.73181
4.1548
3.64694
4.09156
3.57551
4.45908
4.55526
4.89087
4.92605
4.48221
4.73859
4.92351
4.73522
4.39121
4.39647
4.50392
2.8608
2.53905
1.47299
2.40046
1.51486
2.51051
3.62717
4.00932
4.49356
2.95819
2.54974
4.71028
4.28576
4.63351
3.46608
4.54848
4.5498
4.54465
4.46178
4.3547
4.54557
4.29003
4.62897
4.93683
2.8153
2.49966
4.34173
3.67146
4.05652
3.64534
4.21752
4.27598
4.95456
4.22316
3.74962
2.38425
3.49776
3.85183
2.40117
4.2851
4.06552
2.76729
2.28826
4.90882
4.47454
4.39555
4.27702
4.34642
4.9276
4.32437
3.80515
3.01695
4.59111
3.99807
4.35098
4.73157
4.52592
4.43276
4.95867
3.88707
3.6247
3.01401
4.25049
4.71182
4.04605
4.52371
1.41318
2.41262
1.53072
2.39319
3.72061
3.58291
4.55802
4.18899
2.80552
4.57034
4.50297
3.00941
3.92418
4.31876
2.60292
1.58877
4.23752
1.47253
3.54666
2.79851
2.48012
3.03809
2.51464
2.94233
4.4795
4.99983
4.19085
3.91345
4.95795
3.80265
4.35316
3.77471
3.53988
2.76439
4.44487
4.11805
4.2779
4.8926
4.651
4.44207
3.02041
4.525
4.99022
3.96164
4.32641
3.88635
4.38841
4.24574
2.40303
4.63861
4.40927
4.27013
2.36135
3.81941
3.52562
4.53325
2.54266
2.81899
4.2251
4.97257
4.29382
3.79085
4.45506
3.82961
4.26915
4.37089
4.52685
4.20226
2.96971
4.93763
2.45361
3.95798
4.25609
4.32428
4.60919
2.86888
2.42066
1.5746
2.51815
4.40051
3.06117
3.62446
3.79985
2.5247
4.63618
4.25922
4.94548
3.78793
2.44043
2.38901
4.50058
3.37073
3.74484
4.31045
2.86291
2.58573
4.29082
4.48126
4.39939
4.85948
4.25874
4.58622
4.58958
3.38696
4.78454
4.44304
4.07386
4.35053
4.35954
3.8602
2.94727
3.90209
4.73118
4.42223
4.59112
4.44077
2.72051
4.32846
4.53475
3.7636
4.34414
1.53082
2.53912
2.92578
3.54322
1.60437
2.33394
2.93332
4.32126
4.53232
4.33826
3.9209
3.02302
2.58289
4.15582
4.5372
4.22195
4.43281
2.52815
4.86445
2.8931
4.34698
3.77073
4.33611
4.58377
3.91463
4.33827
1.46274
2.39075
3.76117
4.61155
4.40019
3.50668
2.8417
3.98262
4.93187
4.35656
3.76791
2.83402
4.98517
3.49081
4.64004
4.25327
4.61618
4.8702
4.30477
4.44095
4.04316
4.39476
4.65737
4.41784
2.55062
3.01874
4.0004
4.23283
4.99017
4.11902
4.59614
4.6365
4.29345
3.95036
4.31213
2.93833
4.97547
2.53063
1.5177
4.32717
3.02872
2.50815
1.44655
3.31335
2.74618
2.32323
2.75889
4.16922
4.58064
4.77328
3.77433
4.46975
4.35778
2.95136
3.77328
4.6011
4.94115
4.21764
3.82966
4.36889
4.34093
4.16809
4.5883
4.22545
4.61684
4.52221
3.58392
4.47982
4.8586
2.81828
4.219
4.69926
4.67809
4.51269
3.43931
4.5802
4.27979
4.71723
2.66782
4.36292
3.84575
4.99521
3.02843
2.46585
2.46809
4.59543
4.1785
2.94962
3.62191
3.8762
4.3708
4.68211
4.49248
3.86638
4.33354
4.41511
4.58571
4.37836
3.87034
2.44602
2.93963
2.43398
4.39261
2.92144
2.38251
4.35956
3.37094
3.6419
4.07832
4.89782
4.21466
4.28165
4.34966
3.92211
2.54259
4.25757
4.4381
4.54745
4.37202
3.91912
4.5542
2.83139
4.34255
3.94315
4.50423
3.75668
4.32841
4.55932
2.97014
3.45726
4.3033
4.47858
4.37507
3.76229
1.51034
4.30789
2.99221
2.65824
3.09113
2.43859
1.59014
3.61988
4.99502
3.8296
2.83502
4.44563
4.25306
3.45706
3.07741
3.85736
4.2524
4.68912
4.17234
3.80524
4.77075
4.90593
4.03923
4.45707
4.916
3.71849
4.52383
4.3293
2.76705
4.9785
3.36148
2.62005
4.24223
3.88382
4.52623
4.98796
4.62935
4.96955
3.83781
4.25479
2.50256
4.31652
4.37934
4.59909
4.22183
4.41915
4.4086
3.99919
4.14819
4.90717
2.55309
2.97298
4.36597
4.66138
2.56107
3.7249
3.61733
4.65797
4.34562
3.92563
4.4235
2.68337
3.1254
3.90682
4.32885
4.9647
4.9161
4.48997
4.53226
2.47318
2.93598
2.58146
2.78947
2.51358
2.93015
4.95803
4.1785
4.41102
3.58909
4.24848
4.55738
4.51061
4.27657
4.7086
4.30284
4.21081
4.89306
4.15571
4.42421
3.21659
4.29924
4.78137
4.89039
4.49954
4.35171
1.54005
4.36394
3.84134
4.42083
3.84839
4.34036
3.92369
2.82427
4.47143
3.08978
4.43115
3.02635
2.69519
4.63232
4.98798
4.65503
4.24882
4.94326
2.98826
2.54548
4.6275
4.43576
2.96021
4.21361
3.07026
3.6648
3.85527
2.59371
3.91324
4.37908
1.70356
2.72383
3.9541
4.66501
4.33264
4.98219
4.57961
4.68871
3.06154
2.30384
2.90689
2.51238
2.86046
2.60779
2.80639
4.96082
3.02197
4.08807
4.51327
2.55948
2.75656
4.35152
4.68084
4.38184
3.96166
3.69218
3.18329
1.36663
4.08944
3.68409
2.28136
3.62467
2.2778
4.40381
4.55472
4.99463
4.24323
4.69103
3.17613
4.72479
2.64228
2.94904
4.49643
3.06094
4.45736
4.97648
4.48778
4.37501
3.84734
3.61074
4.00823
2.57831
1.5709
4.29821
3.89635
2.61046
1.54692
4.0056
4.31386
3.8524
4.26362
3.7891
4.28495
4.53682
4.95909
4.23794
2.68784
4.82727
2.92207
4.18436
2.82077
4.24486
4.39974
2.32637
4.93583
4.48926
4.49557
4.80564
3.42231
4.68499
4.34485
4.55337
4.13236
4.8867
4.62977
4.28399
2.9562
2.61216
1.55237
2.62293
1.6129
4.38347
4.96477
4.42849
4.66396
3.56801
4.48715
4.56953
4.62131
4.13707
3.84331
4.33569
4.30929
4.32819
4.4511
4.09898
4.48204
4.8661
2.75253
2.44462
4.25172
3.70663
2.64762
4.87465
4.64585
4.19619
4.41128
4.94168
4.33126
3.90127
2.43211
3.51399
3.83838
2.58801
4.492
4.39427
3.00398
4.37175
4.27301
4.44557
4.14191
3.83046
2.8169
4.71011
3.87118
4.46305
4.88577
3.905
4.27534
4.63718
3.89195
3.60828
3.06288
4.49449
4.60397
1.47635
2.44265
1.66709
2.4173
2.83619
4.43036
4.75009
4.2948
3.7488
4.72771
4.23997
2.97732
4.98163
3.76141
4.34988
2.38667
1.61943
4.1176
1.42477
3.52233
2.89904
2.41956
3.01683
2.37211
4.76701
4.65225
4.9375
4.95689
3.86689
4.36386
3.71329
3.60661
2.91511
4.64486
4.27102
3.7387
4.65158
4.45906
2.96844
4.60144
3.85851
4.16755
4.32409
4.08467
4.95914
4.80185
4.28971
3.58196
2.52017
4.63406
4.47693
4.29964
2.28575
3.79688
3.45806
4.47461
2.52063
2.96083
4.22599
4.16224
4.48866
4.16978
3.85351
4.40162
4.26827
4.52601
4.28865
3.08817
4.87348
2.60493
3.86988
4.45484
2.93233
2.659
1.52743
2.50127
4.26236
4.9717
4.62759
4.29265
4.28828
4.85696
3.66458
2.51717
2.46578
4.54611
3.47782
3.77686
4.367
2.92126
4.5599
4.82365
4.98561
4.23519
4.46672
4.67725
3.6054
4.65255
4.6609
4.26787
4.32656
4.57436
4.16208
3.85263
2.7635
3.84859
4.91711
4.66319
4.45428
4.14163
4.59044
4.23412
3.6791
4.85579
2.94627
2.27161
2.96215
4.34114
4.67493
3.82711
4.24723
1.40882
2.49706
2.81704
3.39887
1.56984
2.55309
2.85227
4.30461
4.30716
3.73921
4.20346
4.25257
4.45794
4.19178
4.56065
2.61765
4.97582
2.99687
4.2592
3.92196
1.48593
2.51598
4.5327
3.7316
4.92089
4.10819
3.82706
2.86541
3.43222
4.5685
4.21305
4.36199
4.6685
4.46975
4.22323
3.89685
4.25449
4.39477
4.28066
2.32522
2.88309
3.86903
4.22525
3.0258
4.36756
4.4735
3.92192
4.5532
4.4117
3.86181
4.43765
2.90945
4.91024
2.56686
1.47134
4.38252
2.97101
2.46385
1.60945
3.45283
3.01477
2.55665
3.89393
4.63187
4.30959
2.82265
3.85854
4.58724
4.99475
4.23323
4.24994
4.15005
4.20534
4.99276
4.55044
4.2094
4.5646
4.67885
3.56254
4.6061
3.05285
4.39454
4.95359
4.295
4.39081
2.34525
4.09088
3.70196
2.74533
2.57979
2.46448
4.5603
4.35956
2.78271
3.53063
3.79589
4.45007
4.34706
3.58043
4.24852
4.93468
4.427
4.96538
4.21842
4.52005
4.27401
3.83637
2.32821
4.98791
4.77886
2.8032
2.27057
4.25851
2.82829
2.49741
4.34354
3.45169
3.81253
4.33366
4.35374
4.22502
4.22823
3.76132
2.38208
4.26049
4.27408
4.81884
4.43008
3.89514
4.51987
4.92973
2.89957
4.38958
3.94318
4.85798
4.63888
3.83655
4.43468
4.63352
3.11418
3.6695
4.31696
4.51767
4.61781
3.98296
2.92365
3.90316
4.4109
4.57798
4.98738
4.80238
3.86543
2.9298
4.56223
4.28333
3.54706
4.4483
4.7372
4.23195
3.93253
4.97434
3.20736
4.42062
3.71645
4.72105
4.97125
3.81186
4.67701
4.40658
3.02951
3.65876
3.84241
4.54527
4.92502
4.36068
4.30534
4.16146
3.59365
4.28011
2.33819
4.3558
4.34822
4.68544
4.85368
4.39108
4.29929
3.7067
4.18275
2.50333
2.79538
4.80666
4.32584
4.97565
2.47554
2.93586
4.20984
4.43785
2.52283
3.91272
3.44481
4.55708
4.20372
3.9556
4.41682
4.52898
2.25479
2.76521
2.47316
2.84156
2.4363
2.8084
3.39376
4.12492
4.42112
3.54148
3.60565
2.46315
3.78859
2.47185
3.76474
4.29591
1.59976
4.79909
4.52724
4.07856
4.6236
4.27336
3.30314
4.28034
4.70319
4.81627
4.91021
4.30308
4.38747
4.93813
4.16338
4.62549
4.54218
4.25273
4.95126
2.98336
4.37944
2.96384
4.33918
3.08175
2.53715
4.54835
4.64875
4.32627
1.63604
4.42622
3.86466
4.34652
3.91206
4.39602
3.89603
3.66996
3.85783
2.60395
3.78239
4.33483
1.43843
2.43111
3.89097
4.89587
4.43506
4.28518
3.00046
2.63069
4.56933
4.45223
3.08025
4.37067
3.06862
2.92453
2.57388
2.91418
2.41133
2.90009
2.64672
3.9646
3.68066
4.05148
2.66877
3.92887
2.6531
1.64369
4.62529
3.41411
4.7186
4.32598
2.85252
4.74168
2.85566
4.19532
2.67896
4.24648
4.40741
2.46981
1.48461
3.94918
4.32009
3.7861
4.15034
3.80577
4.2815
4.54284
4.33435
4.31455
4.61832
4.54596
4.33186
3.72133
3.49655
3.91171
2.4357
1.54179
4.19699
3.74455
2.53565
2.95619
4.58482
2.5713
3.15485
4.26847
2.97361
4.44331
4.71754
4.53482
4.24352
4.83141
4.67217
4.28731
4.52413
4.41186
3.59138
4.51255
4.27243
4.27195
4.68933
2.69862
2.24129
1.5061
2.35249
1.4176
2.32377
3.59205
3.76073
4.12999
3.00349
2.37339
4.67408
3.58019
3.51599
4.12732
4.53997
2.83921
4.20995
4.25737
4.62334
4.83371
3.14881
2.62246
4.53083
4.11946
4.50192
3.97213
4.41603
4.48707
4.40307
4.75354
2.43955
3.75849
3.9144
2.56595
4.59896
4.33354
3.06282
2.58174
4.64236
4.52023
4.46143
4.34365
3.82084
4.70127
2.80525
4.45337
3.96638
4.28039
4.60858
4.20244
3.78136
3.66891
3.38652
4.92695
2.551
3.96535
4.40217
4.92524
3.55104
4.13843
4.43715
4.86923
1.54615
2.38066
1.4523
2.52098
3.88402
3.76759
4.75162
4.42764
2.88964
4.99776
2.3174
3.70933
3.30754
2.75607
4.1678
4.34176
2.38422
2.77709
4.61628
3.85384
4.46844
3.95723
4.65447
4.42329
4.92464
3.60694
3.54133
3.00556
4.54245
4.31067
4.53978
4.85534
3.74009
4.13839
4.50257
4.31863
2.95678
2.58454
3.81461
4.30089
4.5476
4.56227
4.43337
3.77708
4.20232
4.20165
4.3862
4.97801
4.19344
2.62016
3.95284
3.53808
4.58451
2.41662
2.85133
4.38877
4.29143
3.93158
2.47484
4.45637
4.90799
4.22788
4.28761
2.82172
2.50682
1.42868
2.50808
4.3443
2.95709
3.55583
3.80089
2.28588
4.72838
3.69976
4.32883
4.50196
3.49165
3.01529
4.17746
4.86944
4.27365
4.86374
4.12482
4.59546
4.56424
3.54014
4.72603
4.54816
4.24724
4.98663
4.27242
4.38126
2.47333
4.86702
2.95307
4.28318
3.71121
4.27777
4.36691
3.80688
4.10479
4.3086
4.49559
3.02775
3.95979
4.74987
4.4228
4.57765
4.33907
3.9204
4.43037
1.57576
2.64639
2.94796
3.54712
1.52832
2.42957
2.99893
4.31593
4.57389
4.38867
3.88789
4.93288
2.82508
2.52114
3.00801
4.30611
4.65793
3.84928
1.47949
2.48105
3.72543
4.56079
4.28805
3.51577
2.79978
2.3384
3.03247
4.27682
3.85649
3.61004
4.55197
2.51022
2.87407
3.85423
4.34969
4.98419
4.28549
3.71769
4.57765
4.48801
4.70107
4.38163
2.55303
2.88429
3.88189
4.37808
4.20585
4.57758
4.39171
4.55152
3.88843
4.35814
1.46645
4.39091
3.035
2.53242
1.51719
3.44658
2.91542
2.4066
2.76204
4.29589
4.66438
4.88099
3.80132
4.56164
4.18332
3.93174
4.33053
3.01846
2.4881
4.94707
4.27947
4.34559
4.52631
4.27541
4.61498
4.59414
3.36416
4.47649
4.74763
4.37124
2.94621
4.28319
4.43578
4.69034
4.61921
3.43954
4.42944
4.2716
1.34345
2.49469
2.87282
2.52934
2.89819
3.43302
1.51533
2.36588
4.3106
4.20223
4.97711
4.6159
4.29433
4.44133
4.24867
4.42625
3.99339
3.78142
4.16607
4.87439
4.67747
4.2186
2.30492
4.36559
2.92247
2.52052
4.43294
3.488
3.73743
4.17763
4.94847
4.21836
4.39999
4.28569
3.79045
2.48151
4.93081
2.76937
4.29859
3.93097
4.34939
4.59094
4.63539
4.96356
3.81856
3.91528
4.45417
4.60395
2.87758
3.54925
3.04505
4.40821
3.94802
4.72302
1.47957
4.32916
3.01782
2.52618
2.85617
2.57343
1.48316
3.69048
4.59022
4.19864
4.60029
4.49702
4.67138
3.57851
4.56937
3.90333
4.42028
3.83957
4.38902
4.58052
3.73829
4.72171
4.43584
3.05795
3.67397
3.0162
4.41566
4.07712
4.75025
4.96198
3.7519
4.27864
4.75551
4.52458
4.18301
4.92393
2.43099
4.29222
4.41697
4.61343
4.89701
4.18701
4.20954
4.34644
3.73563
4.33214
2.45623
2.86399
4.19006
4.4384
2.28803
3.61256
3.43232
4.41216
4.21845
3.82937
4.20836
2.27368
2.85266
4.89155
4.32094
4.84316
4.55824
2.51902
2.98728
2.51117
2.8997
2.47595
3.08675
3.60977
4.45937
4.59517
4.5362
4.14351
4.89862
4.55324
4.19292
4.74466
4.33326
4.61822
3.52838
4.48362
4.62675
4.64489
4.36201
4.37142
4.50957
1.39348
4.3317
3.86495
4.32107
3.84317
4.38077
3.76946
2.87621
4.3137
2.91492
4.2598
2.94372
2.38907
4.4968
4.59251
4.28754
3.03778
2.41798
4.55946
4.31176
2.78498
4.12758
2.95096
3.46715
3.84471
2.61154
3.8357
4.26642
1.50438
2.60274
3.86597
4.62995
4.42071
2.89133
2.40446
2.72458
2.41354
3.03572
2.4545
3.67986
3.47035
3.70809
2.40409
3.75957
2.40203
1.35616
4.06698
4.39064
4.53799
3.09242
3.16171
4.39938
3.01932
4.39153
4.75817
2.61092
1.6539
3.86014
4.44063
3.80956
4.51232
3.93826
4.3586
4.95542
4.32724
4.46937
4.66059
4.35699
4.64985
4.50098
3.93671
3.65445
3.85636
2.56961
1.53558
4.38048
4.07704
2.64274
2.98029
4.59604
2.56706
2.81127
4.3567
3.04446
4.20411
4.97559
4.50158
4.20814
4.54641
4.24525
4.72299
4.96464
3.32064
4.7147
4.11676
4.84623
4.2027
4.54906
2.93482
2.3166
1.53896
2.6836
1.56322
2.48761
3.45156
3.87788
4.33947
2.84221
2.59194
4.45292
4.41318
4.47761
4.32741
4.64904
4.23218
4.59216
2.98688
2.36559
4.24512
3.69742
4.0659
3.82048
4.25998
4.25721
4.99519
4.39759
4.02854
2.66073
3.53315
3.88777
2.6477
4.61849
4.51297
3.01439
2.59981
4.65294
4.29654
4.32908
4.95834
3.69869
2.73275
4.9254
4.54168
3.85915
4.14506
4.54649
4.22568
4.66965
4.92827
3.6992
3.49405
2.81544
4.39051
4.49783
3.86048
4.35707
1.48514
2.41619
1.53419
2.59557
3.7348
3.46551
4.51089
4.19266
2.87584
4.6495
4.48845
3.03465
4.69115
3.83701
4.23093
3.72343
4.95973
3.94587
4.43953
3.89089
3.54011
3.00389
4.71398
4.37807
4.65119
4.96627
4.19874
4.05664
4.40564
4.27394
4.56289
4.28673
2.92661
4.82913
2.41905
3.69138
4.30511
4.2196
4.53046
4.2886
4.12955
4.96235
2.56036
4.61487
4.31226
4.3147
2.39029
3.79148
3.56349
4.54728
2.34653
2.97117
4.27262
4.89043
4.18716
3.84425
2.67412
2.42563
1.49336
2.3442
4.1226
2.91944
3.50952
3.61172
2.43618
4.40925
4.33533
4.97758
4.25024
4.68107
4.95177
4.23588
4.66561
4.46487
3.46935
4.71152
4.51007
4.23987
4.81872
4.60365
4.68323
4.49403
4.72738
2.64515
2.91354
4.31388
4.0434
4.52034
4.31605
3.89093
4.44691
3.73949
2.71406
3.87676
4.95573
4.55018
4.16832
4.98375
4.56515
4.13151
3.07837
4.30951
4.55512
3.90517
4.37119
1.55539
2.48455
3.0792
3.65117
1.49736
2.68001
2.99665
4.39685
4.5422
4.42669
3.89278
2.85569
2.64085
1.686
2.5211
3.77449
4.47921
4.25307
3.41868
2.88544
4.71812
4.42562
2.94881
3.97922
4.50749
4.87818
4.29871
3.85084
4.45605
4.39931
3.92918
4.46844
4.55456
4.33398
2.54633
2.87333
4.95531
3.88129
4.22216
4.30014
4.52724
4.53706
4.51122
3.92439
4.44848
3.00638
4.97985
2.71589
1.70434
4.32983
2.92561
2.51411
1.66917
3.56134
3.12585
2.54321
3.03025
4.31814
4.47057
3.83982
4.83217
4.20148
4.10486
4.31948
4.85894
4.73875
4.10511
4.51097
4.57175
3.30078
4.57052
4.91778
3.17865
4.3805
4.4117
4.67286
4.671
3.67817
4.51971
4.27381
4.40424
4.19857
3.95456
2.5637
4.55667
4.32454
4.62778
4.38413
4.62972
4.34298
3.96174
4.38819
4.16733
4.74137
4.44265
3.89919
2.56085
4.95771
3.10243
2.63464
4.43346
3.07073
2.81335
4.67763
3.74743
4.07442
4.62086
4.90641
4.22635
4.42266
4.9443
4.26177
3.68822
4.65628
3.73917
4.47411
4.85822
2.78945
4.22497
3.59776
4.71132
4.44914
3.75473
4.30396
4.48874
2.69477
3.43485
1.36409
4.15809
2.71064
2.49301
2.85101
2.31395
1.61356
3.28503
4.78857
3.99795
4.39846
3.71585
4.83864
4.90666
4.28038
4.41166
4.04885
4.59567
4.40907
3.06467
3.64894
2.95668
4.36153
3.75497
4.5953
4.77662
3.86803
4.2721
4.45866
4.29386
4.27549
2.27925
4.34655
4.36127
4.45573
4.79024
3.99437
4.18302
4.1694
3.6474
4.51589
2.38756
2.88966
4.35161
4.58458
2.5388
4.01764
3.47189
4.51487
4.21334
3.88556
4.22348
2.41759
2.96558
4.42289
2.43977
2.87479
2.44271
2.82399
2.54206
2.84888
4.49801
4.27915
4.84345
4.67138
4.34851
4.93178
4.35418
4.69459
3.60449
4.30767
4.50828
4.60846
4.14376
4.93537
4.95243
4.1207
4.43853
4.48495
4.11826
1.48616
4.36623
3.89257
4.35317
3.96973
4.20817
3.77058
4.88289
2.76694
4.30652
2.88757
4.27433
2.95973
2.4468
4.55899
4.9893
4.53307
4.30422
4.94228
2.68215
2.43106
4.42815
4.23158
2.93668
4.34998
2.81864
3.47323
3.76377
2.66175
3.67233
4.30289
1.5297
2.45098
4.03828
2.78491
2.44723
2.8775
2.44091
2.79149
2.25042
1.50976
3.89217
4.44907
3.8299
4.49583
4.02547
4.40411
4.55584
4.44766
3.18076
3.00766
4.62047
3.22259
4.4417
4.69628
2.82983
4.80876
4.13898
4.94583
4.97829
4.85328
4.35907
4.3511
2.69052
4.58374
2.50981
2.88018
4.19841
2.96257
4.12295
4.95695
4.9794
4.43757
4.38358
3.72081
3.47808
3.7958
2.5493
1.49542
4.27747
3.87969
2.33233
4.69031
4.35941
4.59412
4.37661
4.75021
4.9343
4.1162
4.50538
4.84536
3.53509
4.50795
4.29513
2.89609
2.50465
1.48041
2.48225
1.44228
4.24589
4.53712
4.99214
4.41585
3.89309
4.19588
4.32765
4.24414
4.58323
4.19408
4.61684
3.05951
2.4829
4.35256
3.81539
2.49723
4.65891
4.39481
4.37862
4.24797
3.93365
2.45702
3.59432
3.9007
2.56911
4.60458
4.31083
2.84911
4.8891
4.67098
4.16982
3.72226
2.80171
4.95918
4.47563
3.83541
4.26377
3.75776
4.28505
4.36062
4.86953
3.87505
3.66175
3.00908
4.31517
4.7297
1.54796
2.47898
1.51197
2.38478
3.62299
4.60937
4.30603
3.00292
4.5398
3.87247
4.39312
4.47352
4.93627
4.96989
3.82009
4.46838
3.90945
3.56446
2.8975
4.64167
4.2006
4.29804
4.58556
4.33997
3.79292
4.17514
4.37487
4.67113
4.32065
2.893
2.47751
3.92591
4.25056
4.24272
4.1724
4.94583
4.8976
4.26475
3.88804
2.40906
4.5341
4.32399
4.34004
2.4451
3.91344
3.53393
4.6119
2.51223
3.02523
4.49681
2.93412
2.54281
1.54143
4.18238
4.47188
4.9854
4.23344
4.99904
4.39294
4.5956
4.66924
3.59469
4.4991
4.50797
4.1838
4.08266
3.86715
4.3639
4.19538
4.59276
4.3538
4.63816
2.38715
2.86808
4.345
3.75535
4.48177
4.14813
3.79838
2.7811
3.75889
4.89878
4.54559
4.2099
4.29638
4.54544
4.38262
3.71537
4.9072
2.88398
2.4987
2.80419
4.23398
4.61587
3.81508
4.27262
1.49894
2.51254
2.861
3.52867
1.5606
2.52566
3.05815
1.47983
2.33559
3.79672
4.71568
4.41817
3.20544
3.93983
4.68356
4.53316
4.32952
4.52781
4.33192
4.36475
3.74261
4.2778
4.42516
4.33899
2.63452
2.85398
4.83981
3.84032
4.21962
2.96009
4.39591
4.64282
4.98743
3.96433
4.67888
4.31209
3.88325
4.28368
2.84758
2.62899
1.53606
4.36687
3.02539
2.62485
1.62342
3.60084
2.9869
2.46433
4.95138
4.11228
4.13652
4.93241
4.88022
4.09266
4.83591
4.63457
4.31861
4.67675
4.58673
3.54984
4.57794
2.78959
4.05925
4.37117
4.37209
4.2533
3.7778
2.54643
4.21106
4.22179
4.89219
4.56509
4.65725
4.29376
3.94387
4.27737
4.96685
4.24724
4.96447
4.47629
4.51511
4.32618
3.78655
2.45686
3.04848
2.59116
4.32238
2.89256
2.38935
4.54106
3.51537
3.68713
4.2968
4.44784
4.26869
3.80312
3.80866
4.47588
4.98856
2.81373
4.35321
3.85187
4.62794
3.8155
4.50908
4.57983
3.0206
3.66039
3.6528
4.63069
4.28464
4.42369
4.34699
3.73783
4.88666
2.75137
4.29942
3.87673
4.51606
4.90049
4.95979
3.69596
4.50732
4.21983
2.84694
3.31095
4.52459
4.42916
3.81481
4.2671
4.97701
4.48044
4.39664
4.5184
3.84493
4.25274
2.50044
4.30971
4.34876
4.56453
4.74534
4.44121
4.06503
4.35299
2.54677
3.01081
4.12325
4.95993
2.60996
3.09823
4.31509
4.71517
2.61616
3.88481
3.77135
4.65633
2.63983
2.97971
2.43281
3.18786
2.62452
3.07042
3.5912
4.5163
4.50807
3.51759
3.9848
2.4791
3.94383
2.56745
3.81015
4.24497
1.74122
3.55171
4.31893
4.57394
4.33296
4.69925
3.46606
3.96985
4.51292
1.63343
2.57138
3.91337
2.66425
3.8343
4.92201
4.7771
4.40028
4.86826
2.91404
4.362
2.83275
2.41607
4.57234
4.32225
2.92412
3.70944
4.46034
4.45053
4.92945
4.34118
4.73176
4.97533
4.71328
4.4682
4.46779
4.30204
2.74264
2.46169
2.81151
2.48935
2.84706
2.27423
3.66529
3.47449
3.67407
2.50562
3.7091
2.44737
1.36857
4.1874
3.57742
4.52355
4.26035
3.70557
3.57824
1.62726
4.41743
4.0198
2.58921
4.03797
2.48089
2.88477
2.95203
4.35046
4.6497
2.45531
2.95138
4.22983
4.71307
4.42823
3.18455
4.58004
4.16603
4.21186
4.37728
4.8747
3.83043
3.56475
3.8647
2.50316
1.58351
4.29859
3.87822
2.54453
2.79393
4.95991
4.59434
2.5332
2.80337
4.35499
3.01574
4.20404
4.49886
4.29552
3.08309
3.03157
4.42926
3.05693
4.26139
4.81611
2.6311
1.53444
3.82334
4.34775
3.8163
4.27553
4.02921
4.35513
4.56679
4.40151
4.84602
4.33426
4.43937
4.60822
4.35049
2.76009
2.22001
1.45955
2.34589
1.41542
2.44771
3.61467
3.90726
4.26959
2.83969
2.43018
4.60413
3.82456
3.45383
4.35546
4.37177
2.94398
4.12211
4.71483
3.35714
4.60039
4.45603
4.40237
4.29735
4.96302
4.91169
4.36267
1.48451
3.68097
1.52115
2.50965
2.99231
2.53784
2.93851
4.30652
4.77366
3.05912
4.4613
3.84261
2.49645
2.77699
4.48829
4.32643
3.93634
2.4874
3.44701
3.6522
2.36497
4.56805
4.36539
2.91095
2.49924
4.4917
4.21735
4.25805
4.91722
4.15933
3.76925
4.29123
4.85691
4.14039
4.29222
4.54674
2.95062
2.52838
4.31955
3.87147
4.4676
3.92512
4.37805
4.28194
4.27293
4.36393
1.59758
2.53101
1.36676
2.45562
3.84203
3.74646
4.64424
4.31028
3.01029
2.33966
3.68539
3.54888
2.98244
4.06378
4.43165
2.35487
1.44846
4.2979
1.4204
3.60577
3.05356
2.45081
3.04902
2.47068
3.04926
4.72155
4.20222
3.81848
4.68844
4.32431
2.91169
4.91063
3.86345
4.30095
2.57504
4.68249
4.07492
4.56205
3.40398
4.53939
4.56422
4.15483
4.85254
3.75458
3.28713
2.88133
4.53173
4.28872
4.49035
4.98595
4.79792
3.59122
4.18792
2.89334
4.49313
4.88463
3.771
4.30716
3.83074
4.47624
4.19388
4.90314
2.87726
2.34366
1.42666
2.39491
4.29324
3.14165
3.57274
3.72838
2.55887
4.51535
3.772
4.10683
4.63364
3.62497
4.9573
2.8479
2.58761
2.48904
4.7441
3.70753
3.86165
4.51927
2.96476
2.70659
4.4466
4.45561
4.30865
4.34676
3.9979
3.51759
2.67293
3.3426
4.96784
4.14575
4.34535
3.79316
4.97516
4.11602
4.27295
4.82727
4.16676
4.70675
4.36316
3.42152
4.60298
4.48851
4.15332
4.85526
4.76011
4.34749
4.98959
4.25898
4.74548
1.6253
2.44338
3.80947
4.5625
4.48559
3.44195
2.90802
2.68617
2.95041
4.62714
4.04356
3.39555
4.60909
2.6143
3.82862
2.9321
3.59467
4.80018
4.33547
4.70504
4.94312
3.98517
4.52133
2.23639
4.57376
2.45651
3.80675
3.47979
2.93958
4.17915
4.36322
4.80792
3.66451
2.40314
4.29332
4.61308
4.91504
4.39726
1.45754
4.1857
2.67005
2.35777
1.44528
3.40913
2.96991
2.38574
2.78272
4.23327
4.45625
4.91849
3.73912
4.56446
4.35071
3.75728
4.39194
2.86376
4.85025
2.41121
3.04719
3.74045
4.60663
4.78284
4.29902
3.77843
4.56955
4.34748
4.41301
4.09321
2.3762
2.76348
4.92711
3.72949
4.15002
4.28571
4.34506
4.12622
4.30619
3.73971
4.02933
2.78712
4.21614
4.63766
4.65912
4.48577
3.47706
4.65487
4.39375
1.6073
2.50129
3.15276
2.62183
2.82941
3.53908
1.5012
2.33291
2.30063
4.58516
4.32836
2.88008
3.63262
3.69279
4.28881
4.87791
4.55698
4.61558
2.56848
4.36059
3.96215
3.02255
3.62793
2.83298
4.26868
4.58618
3.61342
4.84054
2.92035
3.83819
4.33643
4.65976
2.52326
4.17067
2.74415
2.45532
4.53766
3.63068
3.81001
4.21295
4.9563
4.33532
4.59988
4.33741
3.84213
2.41827
4.93176
2.94408
2.54611
4.23096
4.22754
4.97596
4.52479
4.23796
4.41452
4.27243
4.29605
3.82244
3.83788
4.25962
4.66887
4.27531
1.57741
4.33853
2.98206
2.6258
2.95828
2.38671
1.53283
3.54165
4.5072
4.262
4.47795
4.6909
4.61322
3.5549
3.77188
2.83842
4.63099
4.22111
3.42784
3.00535
3.85735
4.11072
4.43632
4.91329
2.28347
4.61195
2.44916
2.92682
4.24277
3.80078
3.50606
4.54809
4.47055
2.59646
3.96087
4.21328
2.88294
4.11002
4.99848
3.76202
4.43816
4.08717
2.77696
3.44773
2.82569
4.20633
3.69577
4.47256
4.85906
4.84973
4.5508
4.90176
3.64685
4.23641
3.72299
4.85316
4.28136
4.57665
4.63639
2.57661
2.99598
2.50058
2.78489
2.51433
2.91615
3.45733
4.33993
4.64536
4.97525
4.28817
4.51341
3.6101
4.31321
4.46915
4.84029
2.81142
4.27986
2.87324
2.42918
4.44028
4.21257
2.88946
3.45455
3.93935
4.22154
1.55255
2.58102
3.70637
2.47138
3.88262
4.97617
4.63225
4.39266
4.9281
4.21435
4.53257
3.46528
4.1949
4.72483
4.84999
4.81488
4.62443
4.19833
4.9983
4.48578
4.28142
2.84489
2.43288
2.98798
2.63541
2.9113
2.59351
3.79075
3.51069
3.85562
2.62827
3.75803
2.56651
1.62576
4.19045
4.94231
4.7052
4.38378
3.89356
3.58475
1.45702
4.42071
4.01048
2.48015
3.82
2.65207
3.2159
4.97666
2.84926
4.1769
4.6621
2.45094
2.95102
4.33676
4.84127
3.68827
4.61846
4.3383
4.35461
4.72653
4.83889
4.56001
4.34219
3.83258
3.37127
3.75878
2.43318
1.50965
4.15813
3.82086
2.36201
2.88009
4.78093
4.52576
2.21568
2.9264
4.17997
2.65519
4.32333
4.51793
4.28937
2.75877
4.99276
2.76936
4.27118
2.95354
4.15733
4.50373
2.48932
1.53621
3.62886
4.27965
3.8234
4.11019
3.78612
4.2644
4.35498
4.72091
4.4662
4.34966
2.83854
2.43977
1.39183
2.41494
1.60908
2.50209
3.47711
3.87726
4.14947
2.97858
2.42876
4.45853
4.3464
4.53363
3.36224
4.62399
4.39497
4.52624
4.38784
4.78517
2.92204
4.66665
4.3814
4.00429
4.44202
1.66174
3.56998
1.61571
2.52467
2.93761
2.62912
3.03458
4.48851
4.6307
2.94781
4.28487
3.87153
2.62388
4.23594
3.81617
2.4972
3.35799
3.65338
2.29698
4.32075
4.17464
2.70851
2.27816
4.79189
4.36612
4.26867
4.99928
3.97759
4.05063
4.81375
4.31529
4.29775
4.50526
4.44224
4.59205
4.91028
2.84293
2.58566
4.21912
3.87865
4.38604
3.73462
4.1821
4.1686
1.45681
2.55456
1.7029
2.30362
3.51974
3.27228
4.24378
4.27818
2.77645
4.70242
4.33621
3.15851
4.06387
4.42166
2.60802
1.65267
4.29242
1.44886
3.57669
2.94613
2.27497
2.83536
2.30324
2.7981
4.29243
4.6869
4.01976
3.68253
4.20695
4.66584
4.41451
4.53031
3.53087
4.51655
4.61192
4.88066
3.94766
4.42981
3.85679
3.52775
2.79702
4.63979
4.14367
4.38828
4.63646
4.9144
4.66043
4.40162
2.85136
4.45316
4.93103
3.76045
4.22679
3.68226
2.88563
2.53872
1.35057
2.22319
4.2383
2.85311
3.35363
3.90679
2.45262
4.44775
4.39185
3.85134
2.56061
2.45647
4.6779
3.59915
3.651
4.19246
2.89608
2.51479
4.19489
4.44178
4.3154
4.42016
4.92934
3.91971
2.84898
3.42921
4.30913
4.60428
3.81474
4.88195
4.37944
4.94179
4.26949
4.64911
4.53889
3.41894
4.69573
4.42961
4.14604
4.99006
4.95696
4.17392
4.98597
4.30359
1.44317
2.55592
3.73837
4.59092
4.46326
3.71612
3.03313
3.94081
4.36736
3.92743
3.00494
3.59484
4.63415
4.43527
4.77546
2.22216
4.18909
4.38832
4.84835
4.16811
2.60622
4.39732
2.36586
3.67471
3.318
2.7364
4.20439
4.29015
4.95126
3.86089
4.51727
4.27968
3.89166
4.31012
2.89293
4.96854
2.53233
1.46211
4.39856
2.92854
2.54547
1.56733
3.46818
2.95739
2.48259
2.87593
4.33613
4.73317
4.97425
3.74187
4.63484
4.42624
2.86705
3.93251
4.7321
4.55674
4.08742
4.19229
4.28351
3.6595
4.11105
4.50727
4.43929
2.47528
2.91781
4.96827
3.67482
4.30244
4.31233
4.50008
2.9173
4.18148
4.60188
4.5803
4.65289
3.53178
4.64163
4.32146
4.56532
2.59978
4.54223
3.8505
2.98361
2.65785
2.53958
4.68024
4.48094
2.80135
3.50197
3.84691
4.42776
4.97301
2.64023
3.8135
4.28783
4.95096
4.53205
3.93491
2.93263
4.30311
4.41216
3.42756
4.2679
4.39438
4.23399
3.7006
2.40603
4.90547
2.85051
2.33923
4.19533
2.79794
2.29747
4.39946
3.41568
3.64426
4.15319
4.98148
4.68567
4.36973
4.23056
4.32346
3.80964
2.30181
4.16376
4.26116
4.99059
4.55873
4.30392
4.97412
4.52301
4.16276
3.77155
4.28142
4.74932
1.37236
4.36535
2.97456
2.51381
2.74264
2.7081
1.55823
3.4584
4.89985
3.76887
2.77881
4.52291
4.14521
3.45826
2.92552
3.71706
4.229
4.52963
4.97519
4.30268
2.74924
4.64242
2.4849
2.85047
4.37432
3.96904
3.68289
4.72943
4.48247
2.58488
3.82697
4.4549
3.16323
3.93707
4.61342
4.323
2.93708
3.53498
2.92746
4.2364
3.93347
4.45963
4.41975
3.93357
4.40004
4.07049
4.44197
4.59368
4.58884
2.58799
2.85618
2.33539
3.04895
2.3687
2.95976
4.8989
4.77743
4.01865
4.37166
3.36808
4.11914
4.93983
4.67931
4.61349
3.07527
4.46497
2.85297
2.45026
4.66114
4.45008
3.22071
3.82796
4.03959
4.61385
1.78629
2.66637
4.07469
2.81002
4.05943
4.98572
4.19447
4.49308
3.46354
4.33412
4.55185
4.94991
4.48212
4.50662
4.68431
4.39285
3.0097
2.61336
2.90404
2.45713
2.91606
2.39257
2.60719
4.82972
2.72292
4.18782
4.50774
2.38401
2.85161
4.14805
4.91542
4.392
4.37499
3.9934
3.41188
1.45891
4.06347
3.71745
2.51503
3.783
2.38519
4.90447
4.33005
4.80079
3.7219
4.34717
4.36783
3.09543
4.58803
2.41824
3.03565
4.38738
3.12061
4.42461
4.98351
4.65879
4.36416
3.95394
3.55708
4.02924
2.46344
1.52269
4.37588
3.84536
2.66058
1.51479
3.81141
4.12851
3.69277
4.15404
3.74381
4.27253
4.6046
4.33831
2.93558
4.94852
2.85492
4.18276
2.77857
4.18114
4.56667
2.41855
4.44485
4.48438
4.9801
4.55294
4.67196
3.107
2.43834
1.50685
2.44761
1.48332
4.16164
4.7993
4.81648
4.45213
4.55424
3.44241
4.74457
4.60148
4.60386
4.37049
4.51021
2.83886
4.27109
3.87522
2.62034
2.91943
4.50301
4.13629
3.91562
4.32902
1.61513
3.60541
1.47723
2.45555
2.9704
2.59871
3.00227
2.5345
4.80499
4.45064
4.27701
4.52401
4.88757
4.32722
3.81385
2.4576
3.49453
3.84091
2.50217
4.5186
4.1966
3.00285
4.34106
4.44205
4.92467
4.27735
3.82721
4.33259
4.446
4.48216
4.68083
4.39655
4.52083
4.81381
2.98772
2.45318
4.28182
3.81475
1.45676
2.73013
1.63998
2.51103
2.84186
4.51364
4.93986
4.37666
3.87081
4.41076
4.25972
2.73176
4.89159
3.66479
4.14506
4.97719
2.40899
1.51046
4.28885
1.49067
3.19239
2.7875
2.40637
2.82656
2.47186
4.59102
4.99844
4.23624
4.60682
4.39832
3.69221
4.69086
4.88634
4.83937
3.94377
4.41391
3.98544
3.48934
3.09543
4.59434
4.60014
3.97768
4.59982
4.36691
2.9749
4.58696
4.9642
3.86154
4.38841
2.83472
2.29844
1.52093
2.56413
4.26011
4.99653
4.60467
4.40757
4.02754
4.85346
3.75871
2.46999
2.37701
4.355
3.51615
3.69538
4.23062
2.99297
3.89828
4.50404
4.53883
4.76347
3.88224
2.89616
3.53994
4.38198
4.65444
4.39141
4.83532
4.14885
4.63625
4.35431
3.42254
4.6803
4.62076
4.35627
4.21566
4.9114
4.88701
1.61062
2.30751
4.33785
4.91201
4.82899
3.771
4.46588
4.09618
2.7909
3.54964
4.6087
4.27805
4.15074
4.94487
3.88201
2.66622
4.40382
4.54493
4.46663
2.54544
4.64378
2.52188
3.82769
3.58616
3.1203
4.38448
2.79249
4.87082
4.04987
4.40004
4.85294
3.87963
4.75245
4.29766
3.81739
4.34606
3.05405
4.87567
2.52207
1.59046
4.17755
2.82309
2.42015
1.44363
3.39961
2.76751
2.42407
3.71088
4.58264
4.44302
3.07866
3.67162
4.48688
4.8348
4.2093
4.16458
4.61189
4.44384
4.42391
4.12334
4.46947
4.69384
4.12288
2.56676
2.83672
4.83081
3.82372
4.27949
2.7332
4.16294
4.99867
4.32178
4.64872
2.36914
4.38008
3.79051
4.91628
3.00324
2.67493
2.35945
4.38353
4.32105
2.88786
3.54093
3.83009
3.06439
3.80664
4.18426
4.6442
3.92041
2.89738
4.24029
4.60131
3.65743
4.30881
4.38032
4.57239
4.28594
3.86244
2.53958
2.88535
2.44698
4.30238
2.78591
2.50439
4.52581
3.37005
3.89782
4.29556
4.2049
4.30285
4.41044
3.94208
2.59738
4.2052
4.31414
4.56528
4.62807
4.49595
3.90647
4.23019
4.94854
2.75123
3.63012
4.18118
4.53466
4.82132
4.90489
4.90972
3.85646
2.71516
4.45499
4.15641
3.45725
4.75626
4.30883
2.5846
4.00177
4.44527
3.17354
4.27956
2.54004
4.7441
2.51046
3.04137
4.3761
3.95695
3.72196
2.97036
4.08773
3.81009
4.65683
4.99435
4.81667
3.70758
4.48993
4.1002
2.7259
4.95146
3.49759
3.75646
4.47097
4.98198
4.80753
4.34307
4.65998
4.3241
3.79599
4.91953
4.41716
2.23697
2.89433
2.47149
2.71192
2.44323
2.77448
3.55053
4.95188
4.15678
4.62969
3.62722
3.70298
2.38004
3.73312
2.50603
3.6702
4.26918
1.49587
3.57395
4.20329
4.46762
4.98636
4.90682
4.81053
4.14796
4.45872
4.85158
4.22039
4.1843
4.81071
4.87269
4.00335
3.32752
4.94028
4.05942
4.90642
4.86777
4.76344
4.09975
4.30453
4.75122
2.97268
2.48281
3.09506
2.44706
2.89545
2.52786
3.75482
3.52412
3.93559
2.42992
3.91418
2.4944
1.66017
4.23218
3.5316
4.49764
4.26528
3.92317
3.78092
1.45252
4.40755
3.83903
2.46671
3.74255
2.53533
2.90784
4.96965
2.9051
4.37631
4.68495
2.51171
2.93383
4.24099
4.86498
4.53179
4.3776
4.24293
4.6097
4.61749
4.39802
3.78472
3.54802
3.8799
2.50223
1.48894
4.18404
3.90464
2.52415
3.04145
4.98175
4.49494
2.40793
2.75427
4.20379
2.95459
4.16985
4.50485
4.2256
2.88554
2.7881
4.27093
2.96912
4.3415
4.43819
2.49553
1.50587
3.86938
4.1925
3.68756
4.40112
3.82798
4.28347
4.61055
4.99008
4.05212
2.96674
2.65829
1.48462
2.56447
1.56135
2.57817
3.75928
3.92963
4.49374
2.9415
2.58325
4.60154
3.8331
3.48096
4.23063
4.55619
2.87504
4.37765
4.32175
3.51221
4.42268
4.52974
4.64215
4.37161
4.86194
4.23527
4.61379
4.93177
2.76112
2.52767
4.24521
3.89924
4.28015
3.97582
4.34072
4.44405
4.05093
4.44589
2.45911
3.54639
3.81318
2.50341
4.40014
4.35357
3.02448
2.63124
4.61094
4.32798
4.49189
4.8536
4.19035
3.72682
4.28291
4.92017
4.35431
1.6093
2.51291
1.51566
2.5208
3.82226
3.41962
4.59062
4.23494
2.93238
2.48667
3.94472
3.60234
2.90166
4.32998
4.62833
2.47258
1.59275
4.43989
1.51752
3.53292
2.87001
2.32111
2.761
2.37804
2.7884
4.49045
4.98305
4.22478
3.76114
4.41914
4.11576
2.85733
4.90967
3.85173
4.21888
2.43834
4.92054
3.8465
3.46754
2.8528
4.56501
4.38138
4.71737
4.88929
4.91066
3.81171
4.25432
2.78877
4.48282
4.84549
3.81202
4.27005
3.79882
4.94309
4.50222
4.03258
3.0558
2.6129
1.67408
2.52944
4.59145
2.98084
3.5957
3.85733
2.58508
4.53399
3.91215
4.39815
4.57546
3.41361
2.91654
2.38938
2.57938
4.63967
3.50977
3.79644
4.2245
2.97625
2.4708
4.38141
4.66756
4.41488
4.26027
4.94876
3.74539
4.44637
4.37949
4.68933
3.64182
4.53617
4.82786
4.57404
4.32029
4.91543
4.47069
1.61421
2.44954
3.80845
4.67815
4.24355
3.47878
2.95499
2.54556
3.0244
4.31408
3.84052
3.64774
4.64667
2.49915
3.96846
2.87663
3.47799
4.47136
4.26688
4.50255
4.95662
3.78085
4.92377
4.34449
4.58327
4.37314
2.40839
3.00136
4.89578
3.79891
4.36655
4.37948
4.68701
4.29518
4.25242
3.70748
4.28715
1.53468
4.37422
2.94792
2.43731
1.46172
3.37205
2.96739
2.51828
3.02649
4.21955
4.42658
4.86531
3.93969
4.53538
4.37174
3.79742
4.25935
2.8801
4.86219
2.44564
2.91685
3.75964
4.60935
4.33798
3.76442
4.43111
4.15565
2.97635
4.38542
4.50465
4.50909
4.57515
3.59395
4.69471
4.4816
1.43923
2.63941
2.88131
2.4712
2.95131
3.53806
1.53389
2.58316
2.44977
4.51075
4.22267
2.73438
3.29839
3.70134
4.20232
4.85702
4.08514
4.3285
2.30525
4.23975
3.64401
4.72736
2.81296
3.83081
4.50385
4.45761
4.26232
2.53666
4.3923
2.7926
2.4191
4.45973
3.45574
3.91656
4.51241
4.20227
4.52097
4.23426
3.69932
2.4101
4.86658
2.85453
2.31193
4.20668
4.98599
4.24296
4.7852
4.52413
4.23632
4.11499
4.01184
4.16049
3.53831
1.47641
4.42819
3.09646
2.55576
3.03488
2.37339
1.49944
3.4524
4.55898
4.32301
4.58735
4.50518
4.58269
3.49139
3.84638
2.88546
4.60781
4.24339
3.61129
2.97917
3.88902
4.38662
4.66885
4.98128
4.95132
4.18141
3.85177
4.40962
4.53908
3.82518
4.60905
4.3097
2.90987
3.60639
2.99092
4.31968
3.79914
4.69132
4.96995
4.8943
4.52625
3.87901
4.54806
2.56532
2.86519
2.44655
2.64284
2.25761
2.72529
3.40859
4.98233
4.20059
4.62946
4.90853
4.16501
4.55622
3.48101
4.20358
4.65337
4.93373
4.63919
4.36948
4.99651
4.62256
4.26419
4.25624
4.60265
3.48209
4.18867
4.62389
4.87262
4.88917
3.01818
2.54521
3.04468
2.62532
2.99322
2.60841
3.98346
3.48795
3.85055
2.42496
3.8567
2.41362
1.52136
4.24952
4.45274
4.38725
3.90866
3.27265
1.55165
4.20334
3.73076
2.51082
3.85051
2.31511
2.89445
4.97194
2.90019
4.26045
4.52123
2.44849
2.72783
4.30878
4.98246
4.99227
4.49021
4.68791
4.42745
4.13521
4.92369
4.62869
4.39842
3.94335
3.5783
3.84196
2.52923
1.61096
4.31141
3.80509
2.38534
2.7695
4.87759
4.47862
2.51984
2.98469
4.20082
2.77527
4.31458
4.54112
4.21572
2.92129
4.8636
2.83928
4.0424
2.72217
4.40651
4.5199
2.35616
1.45304
3.77093
4.09651
3.75968
4.16155
3.65185
4.39231
3.10842
2.67879
1.49941
2.5534
1.54818
2.55087
3.30087
3.64934
4.29655
2.69354
2.44219
4.45496
4.99909
4.51118
4.64163
3.61789
4.51515
4.70974
4.52219
4.30502
4.92299
4.38472
4.654
4.2798
4.46014
4.90779
2.96691
2.40949
4.38707
3.66807
4.1447
3.48639
4.18532
4.04655
4.45307
3.95901
2.47424
3.42839
3.8895
2.54466
4.50075
4.38134
2.87743
2.32774
4.7318
4.56117
4.26836
4.23626
4.38295
4.25663
1.66732
2.42637
1.46014
2.48691
3.8832
3.52907
4.6769
4.20501
2.9343
4.43369
4.41255
2.71933
4.93371
3.71341
4.10936
4.97223
2.4952
1.53524
4.21357
1.48917
3.44751
2.97029
2.43476
2.91093
2.43203
3.0723
4.65684
4.37426
3.78786
4.92861
3.77746
4.36444
3.92846
3.48278
2.86699
4.57274
4.22961
4.47097
4.99969
4.46779
4.1807
2.89106
4.54659
4.74471
3.65961
4.26912
3.8784
2.87711
2.45284
1.47056
2.39846
4.29923
2.83917
3.53732
3.71352
2.51951
4.54919
4.25386
4.93865
3.95219
2.58305
2.53415
4.52445
3.52731
3.90456
4.42511
2.86615
2.49844
4.3441
4.93798
4.61991
4.23711
4.97569
4.44112
4.37613
4.67324
3.61397
4.55051
4.60398
4.26719
4.41735
4.90886
4.99552
4.36482
1.44055
2.3451
3.77295
4.4648
4.14115
3.42824
2.86186
3.70043
4.94668
4.33613
3.7778
2.94172
3.6352
4.62538
4.17941
4.5202
4.45536
4.32029
3.87118
4.41894
4.52601
4.43087
2.71344
2.94107
4.06343
4.31411
4.18377
4.55667
4.60107
4.47854
4.01105
4.43062
3.01418
4.9809
2.68488
1.63727
4.5935
3.04439
2.66417
1.64707
3.64738
3.15818
2.60922
2.90327
4.5
4.70251
3.95857
4.56489
4.4223
3.00411
4.04947
4.51192
4.38741
3.9329
2.73197
4.18366
4.66615
4.41875
4.3915
3.42482
4.56301
4.32054
4.89943
2.45915
4.3066
3.86016
4.92639
3.02084
2.46974
2.50351
4.61815
4.38152
3.03717
3.63344
3.74216
4.32007
4.93901
4.57541
4.38455
3.99136
4.28215
4.37907
4.74594
4.47832
3.98953
2.61648
3.11474
2.63341
4.32971
3.02119
2.46321
4.60536
3.71664
3.803
4.18724
4.95713
4.37676
4.33313
4.45573
3.96857
2.63354
4.4617
4.25067
4.62817
4.38067
1.59138
4.43995
2.9858
2.40613
3.02908
2.45107
1.61818
3.60674
4.99553
4.97985
3.81665
2.91288
4.50698
4.32401
3.41251
2.86821
3.9124
4.377
4.47147
4.43318
3.89952
4.20463
4.69472
3.79886
4.59589
4.34372
2.99652
3.57212
2.92412
4.45946
4.02744
4.61264
4.55327
4.9624
3.86639
4.72531
2.63724
2.81513
2.56267
2.96926
2.62052
3.06203
4.97976
4.3321
4.4759
3.3729
4.35591
4.70823
4.3671
4.48587
4.98989
4.59619
4.52264
4.93241
4.48187
4.74619
3.66953
4.53517
4.49363
3.01765
2.5124
2.8985
2.54826
2.95901
2.41722
3.09312
2.97177
4.30507
4.52867
2.45789
2.82251
4.19116
4.7237
4.59823
4.21861
3.67647
3.41469
1.4264
4.23051
3.82007
2.37824
3.65679
2.52212
4.51079
4.31491
4.91357
4.18336
4.5164
2.91339
4.65779
2.42699
2.88249
4.27868
2.85317
4.38096
4.67367
4.25079
3.7018
3.51115
3.77906
2.42516
1.53135
4.18249
3.74878
2.47042
1.47332
3.85672
4.17875
3.8587
4.37981
3.77149
4.34922
4.53985
4.22233
2.79947
4.91318
2.69302
4.13652
2.87134
4.21748
4.41212
2.34605
2.79582
2.53875
1.52603
2.51385
1.60997
4.50583
4.98291
4.15679
4.61552
3.497
4.4863
4.54921
4.60068
4.35053
3.79644
4.43386
4.44642
4.2626
4.45879
4.22562
4.53305
2.71268
2.39279
4.17069
3.88384
2.57329
4.56552
4.3407
4.30009
4.88259
4.36975
3.81826
2.39877
3.42361
3.83736
2.53506
4.43994
4.29973
2.9556
4.3695
4.20869
4.93395
1.49912
2.20531
1.39554
2.34733
3.18416
4.74202
4.3755
3.97515
4.65365
4.20978
2.92934
4.95268
3.79635
4.34488
2.49305
1.44993
4.41676
1.62908
3.67005
3.09429
2.54539
2.88592
2.61301
4.61561
4.4848
4.93062
4.94218
3.79766
4.10537
3.50608
4.99206
3.49084
2.91123
4.38278
4.22169
3.84514
4.53443
4.26765
2.85525
4.43282
4.92618
3.88663
4.34201
2.8186
2.54331
1.48196
2.5307
4.324
4.9312
4.44325
4.21536
4.34206
4.86609
3.7933
2.31187
2.41729
4.52135
3.49103
3.75888
4.1528
2.77883
4.92064
4.31581
4.88471
4.19736
4.54702
4.54783
3.53682
4.70569
4.53299
4.20237
4.22371
4.888
1.38743
2.41556
4.68045
4.99873
3.72712
4.91659
4.04532
3.54626
2.80853
3.42956
4.30856
4.25624
4.42569
4.83116
4.37594
4.36595
3.88963
4.34676
4.64549
4.3943
2.41088
3.014
3.88731
4.51395
3.05608
4.3485
4.63592
3.87622
4.4499
4.46852
3.83948
4.29783
2.96497
4.98251
2.50569
1.43609
4.43243
2.98004
2.56307
1.68981
3.52966
2.97019
2.66789
3.91057
4.50868
4.18806
2.77971
3.87433
4.56692
4.99161
4.40491
2.90594
4.49793
4.99152
4.34823
4.34847
2.46971
4.19304
3.82956
4.99108
2.76703
2.38478
2.49287
4.55867
4.31062
2.89704
3.34535
3.84939
4.64723
4.34902
3.62648
4.32273
4.91529
4.33735
4.87624
4.26604
4.64845
4.25563
3.82407
2.5268
4.90202
2.831
2.31682
4.2173
2.95268
2.58643
4.45
3.42317
3.86719
4.32623
4.26352
4.22723
4.15318
3.73049
2.40281
4.24793
4.28816
4.82911
4.63456
2.96761
3.80086
4.14611
4.39635
4.84808
4.83111
3.58739
2.74053
4.50045
4.13891
4.95295
3.37197
4.22926
4.70251
4.13206
3.76401
2.93521
4.17471
3.73829
4.47085
4.90806
3.7137
4.44504
4.19142
2.8409
3.44038
3.69112
4.37335
4.95385
4.75569
4.7193
2.6307
2.95798
2.41594
2.91076
2.51557
2.78253
3.30077
4.25808
4.70631
3.47929
3.7899
2.65091
3.87606
2.56751
3.9403
4.35251
1.54707
4.68533
4.36667
4.44946
4.49372
3.56815
4.41011
4.28473
4.39594
4.51549
3.14701
2.502
2.9478
2.6534
2.93871
2.6202
3.9368
3.66575
3.95904
2.58592
3.9663
2.5835
1.5648
4.40458
3.37267
4.70004
4.47648
2.83517
4.6863
2.7982
4.04024
2.61024
4.22682
4.49721
2.2901
1.39401
3.809
4.03333
3.60466
4.14286
3.58267
4.18238
4.49664
4.15626
4.93445
4.52489
4.77053
4.20413
4.46588
3.91193
3.45774
3.95202
2.48392
1.5915
4.45351
3.79217
2.57687
3.18425
4.70396
2.5078
2.98421
4.45642
2.88982
4.45922
4.92375
4.58033
4.11442
3.07455
2.52144
1.49105
2.47187
1.46715
2.34463
3.37005
3.86962
4.39046
2.7943
2.42676
4.43687
3.77529
3.57217
4.4597
4.59683
3.06369
4.3802
4.88514
4.3162
4.26008
4.58978
4.99354
2.90839
2.38774
4.33661
3.82532
4.36652
3.67513
4.05429
4.28921
4.3086
4.50733
2.44506
3.41651
3.8123
2.53535
4.64111
4.244
2.8703
2.41401
4.92091
4.43105
4.10696
4.22768
4.77071
4.3816
3.60371
1.56324
2.4718
1.54771
2.44075
3.77948
3.62811
4.74243
4.2626
2.88585
2.28259
3.87012
3.43249
2.93566
4.25958
4.54329
2.55106
2.89595
4.41463
4.79623
3.72709
4.26526
3.80843
4.4504
4.26021
3.75358
3.4688
2.92102
4.54922
4.30497
4.66171
4.97824
4.92215
3.74785
4.06255
2.76891
2.40085
1.41367
2.35961
4.20287
2.95172
3.65713
3.70094
2.42914
4.54723
3.62174
4.2987
4.5258
3.56702
2.89896
4.28357
4.86606
4.25073
4.90373
4.15858
4.66738
4.47922
3.45347
4.52373
4.47295
4.31292
4.85298
4.88595
4.88735
1.39304
2.26504
3.60419
4.45521
4.31506
3.42624
2.76415
2.40104
2.87748
4.24928
3.81239
3.48809
4.51279
2.5232
2.9942
3.78487
4.53774
4.3173
3.86061
4.5695
4.39525
4.51238
4.4843
2.55041
2.87001
4.99713
3.89253
4.37299
4.25381
4.66531
4.41011
4.30248
3.82574
4.27715
1.49178
4.42592
2.99845
2.52679
1.64065
3.73366
2.9752
2.56412
2.9222
4.30406
4.4593
3.85289
4.56194
4.40669
3.66275
4.33778
2.9842
2.29899
2.67355
4.06872
4.52619
4.57881
4.39034
3.33253
4.65546
4.25462
1.4525
2.49916
2.9681
2.5778
2.91707
3.56117
1.63461
2.55931
4.13245
4.27386
4.52697
4.25361
4.35886
4.26851
4.4041
3.92489
3.73989
4.15199
4.86655
4.51926
4.26167
2.31772
4.2541
2.85075
2.44644
4.64445
3.50902
3.75463
4.21931
4.84528
4.3124
4.54263
4.0336
3.86042
2.49232
4.92689
2.67423
1.52429
4.4275
2.96546
2.6121
3.17197
2.48442
1.57124
3.61902
4.83801
3.99374
4.42189
4.4806
4.69545
3.39637
4.4621
4.89435
3.82902
4.26243
3.78003
4.30992
4.52449
3.63
4.44865
4.17306
2.83523
3.44203
2.99286
4.22373
3.79144
4.49501
4.5612
4.59901
2.50126
2.93323
2.7013
2.88413
2.52656
2.99432
3.77501
4.37475
4.4033
4.95021
4.50281
4.23777
4.55623
4.26662
4.77463
4.21748
4.46815
3.54927
4.21832
4.47241
2.82292
2.52652
2.79696
2.47404
3.03903
2.38349
3.77351
3.54
3.69953
2.44374
3.70287
2.34605
1.46282
4.22366
4.48995
4.45571
3.10638
2.85534
4.36716
3.04877
4.18446
4.61959
2.53199
1.45328
3.67162
4.4075
3.96065
4.21884
3.73443
4.34506
4.84669
4.25485
4.41678
4.88016
4.13692
4.83792
4.99033
4.60157
4.24161
3.87707
3.56688
3.66771
2.45182
1.62023
4.38948
3.82501
2.42947
2.80953
4.78516
4.29409
2.3453
2.70474
4.01646
2.72501
4.25702
2.83471
2.43785
1.53674
2.52357
1.41065
2.58001
3.60066
3.88193
4.31018
3.00564
2.44549
4.61888
4.3139
4.86848
4.23752
4.3079
4.64505
4.41176
4.66303
4.97062
2.95181
2.48098
4.31034
3.7298
4.15615
3.93834
4.42443
4.20127
4.82565
4.2494
3.74431
2.53361
3.51942
3.64463
2.37535
4.72384
4.27566
2.93376
2.58037
4.97902
4.4907
4.31471
4.23532
1.49574
2.42025
1.66365
2.46231
3.90367
3.48096
4.44053
4.28048
2.91911
4.56214
4.35397
2.97377
4.49648
4.90786
3.74053
4.2038
3.66888
4.96928
3.84946
4.25838
3.93476
3.44361
2.90483
4.51427
4.3155
4.58169
4.86831
2.88924
2.6859
1.51478
2.556
4.21493
2.78993
3.31746
3.7147
2.36926
4.38247
4.33054
4.8216
4.03821
4.91562
4.41868
4.51379
4.40601
3.44252
4.55513
4.50319
4.24427
4.98108
4.7245
1.46282
2.4234
3.94976
4.66418
4.35439
3.63033
2.9367
4.54052
4.21408
2.89742
3.76225
4.46935
4.78044
4.26477
3.78565
4.35069
4.35866
3.85522
4.41032
4.75159
4.39644
2.55099
2.90395
3.86809
4.22097
4.43993
4.48013
4.48187
4.29916
3.71983
4.24361
2.83536
4.99067
2.39509
1.63092
4.38154
2.97223
2.31391
1.41561
3.68338
2.87897
2.56969
3.06892
4.26438
4.59393
4.91286
3.81087
3.01322
4.56098
4.28655
4.71733
4.70465
3.65424
4.54101
4.18007
4.15798
4.12082
3.70061
2.42487
4.22755
4.20338
4.99512
4.78747
4.50283
4.26349
4.52648
4.25418
3.79829
4.23443
4.94272
4.12986
4.43937
4.13551
3.68597
2.32368
4.73888
2.74467
2.5309
4.28326
2.76735
2.43205
4.61196
3.3598
3.87885
4.43709
4.91315
4.7828
1.65158
4.37563
2.93431
2.60659
2.9706
2.47317
1.49213
3.53959
4.58725
4.90502
3.72206
4.21512
3.69471
4.69969
4.87226
4.23259
4.52825
4.91225
4.81222
3.80543
4.40714
4.09624
2.81495
3.42818
2.84434
4.99946
4.17706
3.7398
4.37874
4.97636
4.50985
2.40268
2.97552
2.45699
2.87232
2.44458
2.75559
4.90003
4.52433
4.33122
4.69526
4.50791
4.23585
4.78967
4.33102
4.56345
3.47015
4.19444
4.72346
2.91426
2.45782
2.85373
2.52398
2.99344
2.50174
1.55874
3.62541
4.24751
3.74884
4.41817
4.11134
4.22463
4.43683
4.44781
3.05221
2.97132
4.52968
3.0503
4.3722
4.63953
2.6327
4.67691
4.24086
4.96222
4.32742
4.5655
2.79463
4.93524
4.58614
2.41697
2.82638
4.43731
3.01939
4.23271
4.81193
4.46963
3.91976
3.54612
3.65272
2.64078
1.57193
4.30699
3.89635
2.38744
2.9608
2.5549
1.51131
2.42239
1.59781
4.3314
4.28692
4.85
4.95431
4.19765
3.7246
4.1864
4.15498
4.39182
4.44848
4.07802
4.50295
4.82379
2.87545
2.46175
4.1583
3.73283
2.38911
4.97774
4.48462
4.33855
4.32213
4.9059
4.34583
3.82972
2.44598
3.2942
3.74928
2.47609
4.46911
4.20146
2.83415
1.47665
2.48199
1.6151
2.48414
3.79601
4.54784
4.23265
2.78514
4.42682
4.92453
3.82294
4.32187
4.95316
4.44945
4.86312
4.89049
3.93613
4.34877
3.86062
4.96592
3.44883
2.77459
4.44211
4.217
2.89427
2.45531
1.50833
4.33037
4.16714
4.95768
4.23406
4.99641
4.30033
4.63838
4.49239
3.41852
4.68408
4.45865
1.45013
2.53076
3.80852
4.4559
4.31629
2.89714
3.69029
4.65182
4.89182
4.35482
4.19491
4.38642
4.37748
4.40945
3.91763
4.1774
4.3468
4.20934
2.47187
2.90935
4.83783
3.66619
4.23083
2.82874
4.19401
4.55833
3.8791
4.67214
4.32366
3.78642
4.21304
3.00184
2.53046
1.54931
4.23734
2.72244
2.38801
1.47099
3.39606
2.81876
2.50447
2.8967
4.32954
4.42674
4.21667
4.38259
3.86058
2.46009
4.19765
4.46263
4.88931
4.67538
4.54624
4.21909
4.92582
3.72385
4.20651
4.6763
4.16213
4.34893
4.60833
4.17657
3.73611
2.54648
4.95639
2.89586
2.41802
4.06136
2.83869
2.36928
4.36186
3.37294
3.80393
3.96753
4.57938
4.36611
4.56772
4.36832
3.90718
4.98847
2.92267
4.36297
3.96853
4.71476
3.87706
4.44094
4.34835
2.97553
3.47942
4.50517
2.27055
2.84628
2.44169
2.93405
2.65597
2.87237
3.47417
4.25481
4.55124
3.53493
3.91745
2.43239
3.95942
2.48408
3.73363
4.25706
1.50237
3.59242
4.21669
4.55819
4.92598
4.31717
4.59776
3.4627
3.76198
4.35487
1.4936
2.46779
3.90385
2.51589
3.81674
4.97945
4.6369
4.21361
4.97145
2.80643
4.05929
2.94654
2.46319
4.44156
4.237
2.76569
2.96621
2.64411
2.89088
2.3559
2.76593
2.40281
3.67141
3.4512
3.83609
2.40805
3.74692
2.56944
1.479
4.21033
3.72699
4.45089
4.22733
3.91869
3.62295
1.59674
4.46236
3.98615
2.55767
4.1413
2.49777
2.91293
2.90441
4.35234
4.56464
2.47054
3.07608
4.36719
4.75992
4.4341
3.26485
4.6417
4.30202
4.96002
4.33902
4.36498
4.92487
2.93367
2.41688
1.58622
2.45925
1.55894
2.53324
3.82361
3.91011
4.41603
3.21058
2.57423
4.75517
3.94404
3.3551
4.13444
4.37999
2.67898
4.31427
4.61966
3.50237
4.49144
4.50354
4.6094
4.32941
4.97074
4.13949
1.57987
3.51374
1.4094
2.35475
2.8759
2.27512
2.8819
4.30319
4.85603
3.16668
4.39345
3.89669
2.51357
2.75319
4.62024
4.40623
4.12324
4.98721
3.50968
1.51549
2.49775
1.52968
2.53289
3.75796
3.56902
4.53327
4.53948
3.05816
2.6373
3.91437
3.57478
2.75022
4.30657
4.58967
2.39746
1.48795
4.43661
1.5763
3.50649
2.9127
2.4338
3.06261
2.49449
2.95102
4.61249
4.94776
4.30017
4.01822
4.58698
4.46506
2.97372
4.92858
3.75518
4.28787
2.49677
4.61639
4.25499
4.56906
3.56063
4.48696
4.62141
4.26816
2.85504
2.51218
1.50404
2.35961
4.35476
2.90735
3.44327
3.8796
2.50111
4.50529
3.96477
4.3236
4.68593
3.44417
2.8503
2.63664
2.49566
4.63237
3.6178
3.72584
4.49053
2.971
2.48437
4.29966
4.96128
4.5005
4.4716
4.38254
3.90867
3.65846
2.90086
3.37585
4.24552
4.4324
3.88825
4.9403
4.13191
4.46953
4.90241
4.9673
1.42259
2.43814
3.80667
4.71705
4.19608
3.67132
2.83117
2.60245
3.06304
4.49005
3.81872
3.53187
4.65587
2.43119
3.78978
2.7072
3.318
4.56
4.14111
4.46867
4.81149
3.87523
4.92855
4.26911
2.47811
4.76234
2.64049
3.88407
3.66035
3.06232
4.39407
4.48869
4.96474
3.85053
2.57468
4.45805
4.68561
4.37743
2.89234
4.27687
4.61658
4.44657
4.64803
3.43448
4.74859
4.58206
1.59369
2.78287
3.20103
2.63126
3.01926
3.70518
1.67024
2.49848
2.21477
4.40022
4.20691
2.60776
3.44339
3.63228
4.2295
4.93416
4.90062
4.51934
4.52789
2.56312
4.26034
3.77967
2.91133
3.74651
3.10914
4.4011
4.71752
3.73965
4.93439
2.98697
4.1431
4.52767
4.72573
1.4725
4.34283
3.02058
2.47477
2.92725
2.53797
1.49251
3.53511
4.5967
4.4505
4.55853
4.5036
4.49568
3.42452
3.93609
2.90201
4.67219
4.20224
3.55229
2.89114
3.88177
4.27469
4.71613
2.30281
4.50696
2.49487
2.79887
4.26562
3.71602
3.39495
4.54473
4.41811
2.60836
3.853
4.23338
2.76105
4.22628
4.72646
4.56396
2.55278
2.7941
2.42557
2.83775
2.36726
2.90839
3.53815
4.17786
4.46684
4.99484
4.21511
4.50926
3.32687
4.2754
4.58938
4.92397
2.83431
4.28834
2.93808
2.42073
4.60372
4.20469
2.85433
3.60384
3.98764
4.32695
1.65171
2.58462
3.90031
2.41077
3.94316
4.60404
4.33219
4.94449
2.99082
2.43256
2.96851
2.52015
2.94929
2.53602
3.92236
3.37661
3.92127
2.53213
3.89323
2.54346
1.61446
4.32492
4.8527
4.58126
4.25314
3.72545
3.57452
1.53061
4.30337
3.87335
2.48452
3.76364
2.5988
3.0084
4.92479
2.87198
4.30602
4.54256
2.50107
3.05163
4.32298
4.90776
3.66864
4.56739
4.4481
4.9027
4.41987
4.6492
2.87275
2.51052
1.43357
2.50295
1.51669
2.43508
3.3621
3.88792
4.34352
2.81254
2.38686
4.50947
4.23726
4.40352
3.60895
4.52346
4.64177
4.77842
4.50188
4.92611
2.97319
4.95728
4.71618
4.30051
3.77848
4.30383
1.60416
3.38673
1.60308
2.50349
2.92598
2.49639
2.86557
4.24586
4.36646
4.84492
2.79121
4.15178
3.5801
2.38534
1.48543
2.42237
1.5418
2.37507
3.77172
3.42569
4.61981
4.21571
2.75525
4.65782
4.35521
2.97927
4.00091
4.24724
2.57699
1.50139
4.47451
1.54783
3.64016
3.05638
2.47551
3.06565
2.67404
3.04367
4.48911
4.3024
3.97854
4.08016
4.96886
4.64198
4.33607
4.73326
3.53957
4.57108
4.36926
4.93653
2.8575
2.50163
1.50458
2.49789
4.34858
2.9083
3.66005
3.85262
2.38823
4.68572
4.3093
3.8383
2.30399
2.51954
4.60867
3.60531
3.81318
4.36662
3.11008
2.69539
4.29821
4.59726
4.4629
4.45149
4.84505
4.00372
2.97892
3.62106
4.20457
4.63352
3.91017
4.93433
4.30696
1.54294
2.36536
3.69913
4.36521
4.28216
3.35547
2.77675
4.00128
4.42052
3.80079
3.01675
3.64621
4.76115
4.49008
4.68716
2.42007
4.41599
4.47402
4.96466
4.15765
2.39754
4.33468
2.46855
3.71299
3.31977
2.77156
4.13839
4.11428
4.6407
3.65184
2.88289
4.28711
4.76059
4.58361
4.51167
3.44156
4.48535
4.44585
4.68386
2.58388
4.51574
3.84433
3.03219
2.52997
2.60103
4.71236
4.44858
2.98073
3.73678
4.05493
4.49408
2.64328
3.81976
4.13819
4.82435
4.36545
3.84691
2.95184
4.26638
4.36563
3.28666
4.88505
1.55637
4.2816
2.93783
2.5384
3.01672
2.49608
1.40473
3.5868
4.94967
3.63866
2.9273
4.62352
4.29141
3.67853
3.09879
3.80449
4.31739
4.71458
4.26793
4.89139
2.69019
4.52105
2.55291
3.05527
4.38406
3.80891
3.60774
4.63535
4.24425
2.56753
3.79645
4.19929
2.95258
4.65179
2.5162
3.03785
2.63267
2.95284
2.43186
3.05323
4.80145
4.3555
4.76722
3.74865
4.34167
4.57041
4.94194
4.56558
4.50588
3.10432
4.25176
2.89934
2.62206
4.70351
4.30321
3.00773
3.56294
3.81994
4.22834
1.62919
2.43763
3.74393
2.50333
3.96536
3.13373
2.57682
2.90605
2.52675
2.96211
2.53047
2.87045
2.92233
4.20406
4.55808
2.46083
2.83522
4.2977
4.8784
4.42833
4.25625
3.81263
3.46642
1.49955
4.1305
3.67873
2.32915
3.81703
2.44809
4.49955
4.81854
3.5808
4.54533
4.47732
3.21891
2.62451
1.5399
2.56757
1.6025
4.41811
4.98747
4.58038
4.36581
3.68447
4.39315
4.70846
4.73354
4.19492
4.57074
2.86712
4.25746
3.86643
2.57595
2.87034
4.76931
4.47878
4.33034
3.75718
4.1949
1.40392
3.28642
1.4961
2.38201
2.70782
2.38651
2.90693
1.61275
2.7084
1.63451
2.70107
2.87674
4.6133
4.84987
4.3257
3.73743
4.31451
4.34207
2.83961
4.85177
3.7583
4.24618
2.461
1.45583
4.30997
1.51545
3.38425
2.76459
2.43858
2.93905
2.49357
4.58202
4.29201
4.43766
4.5591
3.79438
4.66711
4.74439
2.9619
2.5193
1.60201
2.39294
4.16411
4.81927
4.38605
4.19497
4.35794
3.98167
2.65539
2.42829
4.52237
3.43735
3.76586
4.41624
2.86939
3.84371
4.94647
4.47475
4.77049
3.79497
3.13385
3.54678
4.40324
4.6249
1.6244
2.44263
4.54324
4.96045
3.87602
4.49314
4.02088
2.99034
3.61311
4.79468
4.37485
4.24354
4.98855
3.92066
2.49377
4.29506
4.63104
4.94738
4.29376
2.36047
4.46221
2.50662
3.76518
3.37101
2.90632
4.37954
2.95524
4.28858
4.96021
4.07137
4.74163
2.48784
4.35327
3.8536
4.93307
3.06812
2.60967
2.54352
4.62063
4.31194
3.02724
3.73133
3.92027
3.03325
3.79707
4.33053
4.86855
4.5594
3.78744
2.95919
4.21458
4.44803
3.509
2.93477
3.67973
4.13237
4.54999
4.87672
4.04806
2.94072
4.55703
4.27594
3.54504
4.55601
4.18819
2.46802
3.79364
4.36179
3.01115
4.94422
4.36913
2.37012
4.42078
2.64462
2.95673
4.22282
3.86255
3.51821
4.60399
2.47343
2.78741
2.43137
2.72446
2.43017
2.91223
3.6427
4.41524
4.56436
3.49511
3.81483
2.40227
3.71037
2.37332
3.65996
4.28789
1.42583
3.49207
4.21725
4.68097
4.87813
4.80304
4.16599
4.43202
3.02591
2.6845
3.04487
2.59687
3.1872
2.47595
3.95962
3.35815
3.74531
2.40193
3.69639
2.37626
1.46316
4.14706
3.73974
4.41497
4.39152
4.0346
3.65654
1.57938
4.37901
3.94676
2.5276
3.79239
2.61102
2.86605
4.86923
2.93156
4.23752
4.42712
2.42205
2.99507
4.21398
4.63967
4.33524
2.99608
2.60865
1.39185
2.68535
1.5424
2.60922
3.55526
3.87228
4.30804
2.88916
2.68799
4.64554
3.98062
3.54618
4.26906
4.50765
2.9209
4.45078
4.37081
3.54676
4.5546
4.61269
4.73011
4.3218
4.99685
1.51651
2.45472
1.54214
2.5366
4.02815
3.51548
4.49248
4.30869
3.08192
2.52161
3.755
3.36871
2.77281
4.1521
4.47467
2.36103
1.56631
4.45128
1.60522
3.47626
3.01362
2.57528
2.81288
2.63845
2.92128
4.73235
4.9855
4.41893
3.91884
4.42101
4.34338
2.71802
4.85982
3.85483
4.28236
2.31824
2.83709
2.58815
1.64535
2.70805
4.34473
2.89797
3.43447
3.82061
2.66938
4.55892
3.90122
4.27463
4.45364
3.40638
2.83431
2.45849
2.41917
4.48475
3.549
3.86945
4.16115
2.97825
2.45028
4.43266
4.83709
4.68213
4.34229
4.12013
4.96151
3.60728
1.67547
2.30767
3.80617
4.50226
4.20359
3.43442
2.97567
2.69857
2.95784
4.2616
3.72765
3.52908
4.6735
2.4236
3.90881
2.94616
3.5739
4.52422
4.39263
4.43934
3.91448
4.33252
3.06567
4.60919
4.45336
4.65237
4.69666
3.79873
4.40437
4.12526
1.50165
2.41681
2.67186
2.29496
2.70511
3.37008
1.43004
2.55043
2.63102
4.47865
4.38574
2.95222
3.39029
4.00093
4.35115
4.95736
4.05474
4.53342
2.32164
4.96742
4.26294
3.73341
4.75719
2.83889
1.70478
4.33239
2.87336
2.46296
2.86415
2.34948
1.63266
3.50338
4.55787
4.39191
4.57097
4.52014
4.55644
3.48037
3.91399
2.81154
4.65366
4.28446
3.59807
2.89367
3.92661
4.37253
4.62832
4.94904
4.84471
4.69206
2.40167
3.00885
2.49316
2.85918
2.68931
2.91536
3.43554
4.31732
4.66497
4.97564
4.34999
4.75983
3.61465
4.46156
4.54726
3.01096
2.5742
3.04097
2.58737
2.80063
2.517
3.85783
3.44724
3.8844
2.61503
3.94911
2.56143
1.58759
4.41641
4.95176
4.41758
4.25588
3.81127
3.30287
1.49804
4.13274
3.74867
2.46659
3.83631
2.41955
2.98704
4.94301
3.16923
4.19476
4.65785
2.48931
2.88745
4.6105
2.90881
2.49479
1.51075
2.4453
1.60035
2.50383
3.44679
3.8692
4.3134
2.91134
2.57785
4.59133
4.83359
4.21766
4.73635
3.54806
4.71644
4.64438
4.46075
4.25023
1.46059
2.46266
1.43531
2.39615
3.74363
3.65642
4.67966
4.30567
2.87652
4.50917
4.35447
2.70479
4.90355
3.79183
4.2333
4.97721
2.42732
1.43028
4.3054
1.63574
3.3677
2.78622
2.62032
2.94229
2.49057
3.02138
4.7525
4.9275
4.31815
3.8514
2.8688
2.38387
1.50489
2.46634
4.32505
3.09317
3.70057
3.85381
2.50482
4.71368
4.0327
4.84887
3.68581
2.33614
2.48223
4.31811
3.3155
3.91154
4.24735
2.84462
2.54774
4.47318
4.57273
4.25653
1.41988
2.48892
3.80923
4.53994
4.3946
3.58135
3.00557
3.69558
4.89968
4.3152
3.72328
3.01789
3.60152
4.65176
4.25716
4.57996
2.79373
4.20625
4.75796
4.53453
4.44497
3.38082
4.6632
4.44515
4.61933
2.39739
4.35562
3.81194
4.84716
2.95225
2.41568
2.46458
4.38527
4.09902
2.88263
3.52402
3.6815
4.25196
4.84929
1.52602
4.22329
2.90255
2.45263
2.92334
2.45489
1.49007
3.56964
4.95132
4.81409
3.65367
2.77194
4.26347
4.28733
3.2558
2.72065
3.86588
4.19411
4.3589
4.47497
2.42584
2.78748
2.38768
2.81375
2.43773
2.90989
4.86994
4.79864
4.14767
4.28751
3.2327
4.22221
4.89402
2.96714
2.36268
2.87029
2.43105
2.85305
2.53313
3.03681
3.09829
4.22289
4.63083
2.52683
2.85434
4.44537
4.69712
4.3815
4.13774
3.69196
3.49546
1.55403
4.12036
3.85155
2.45134
3.68706
2.59592
2.81918
2.36523
1.45551
2.55305
1.53795
4.34047
4.86434
4.12133
4.55796
3.58349
4.70352
4.59677
4.62527
1.50942
2.36776
1.44698
2.43261
2.90961
4.58689
4.83179
4.31371
3.81079
4.63774
4.21544
2.89916
4.84914
3.82746
4.46726
2.45278
1.48691
4.25906
1.50555
3.37433
2.94655
2.44604
2.84029
2.61433
2.76491
2.47026
1.4448
2.49444
4.29897
4.99256
4.59147
4.26248
4.27551
4.96238
3.79315
2.43002
2.40599
4.447
3.56156
3.8084
4.2245
2.9389
1.6034
2.41707
4.54767
4.94862
3.75845
4.13901
3.65449
3.02913
3.55776
4.47766
4.39586
2.98692
4.29866
4.92252
4.15215
4.29672
2.31307
4.86577
4.03195
3.81638
4.88324
2.63436
2.26088
2.56418
4.2738
4.20918
2.82373
3.30268
3.94129
2.93435
3.81786
4.30947
4.47181
4.99901
4.8837
3.71945
2.88951
4.58372
4.32611
3.49843
4.64466
2.59262
2.82081
2.50427
3.09494
2.47812
2.97909
3.47119
4.29689
4.56656
3.46969
3.87393
2.32854
3.75311
2.50458
3.86258
4.25517
1.34671
3.04914
2.52739
2.89896
2.56476
2.8561
2.53653
3.87834
3.58519
3.92131
2.56589
3.81927
2.4918
1.54869
4.37103
3.57772
4.6243
4.22656
2.95054
2.52431
1.67187
2.45401
1.54418
2.293
3.47974
3.73076
4.08464
2.86151
2.47628
4.44235
4.0245
3.50689
4.46858
4.73816
2.87283
1.49169
2.55876
1.45136
2.48514
3.81173
3.62545
4.54146
4.31985
2.88529
2.45813
3.54941
3.48885
2.87686
4.20188
4.47662
2.23527
3.02944
2.41755
1.51833
2.51622
4.33455
2.86684
3.4032
3.86592
2.40034
4.5714
3.84044
4.11854
4.57854
3.56473
2.69253
1.51001
2.59602
3.80709
4.60381
4.34144
3.40681
2.92874
2.63107
2.91664
4.38767
4.032
3.62168
4.63841
2.57693
2.82069
4.1291
4.63302
4.49603
4.38378
3.35411
4.68708
4.36675
1.68089
2.36945
3.05731
2.66422
3.00103
3.6301
1.52618
1.47906
4.29424
2.93534
2.3483
2.71876
2.53312
1.46769
3.46351
4.57946
4.38779
4.45724
4.6502
4.49573
3.34561
4.60069
2.51404
2.82157
2.38964
3.00923
2.48973
2.93065
3.60846
4.29054
4.28201
2.79139
2.59766
3.04828
2.46416
2.99766
2.50803
3.84862
3.39581
3.79189
2.50579
3.85394
2.25955
1.57011
4.4861
2.75382
2.34729
1.6968
2.57168
1.38554
2.46185
3.56759
3.64706
4.25279
2.78079
2.38479
4.73638
1.39898
2.50867
1.47246
2.39825
3.75126
3.42789
4.45422
4.09237
2.82812
2.98762
2.41662
1.55482
2.53372
4.30883
2.96785
3.58514
3.72496
2.49023
4.81305
1.63535
2.62299
4.03479
4.80754
4.34104
3.53241
3.04442
2.97223
4.40599
4.5875
4.53291
4.5258
3.56349
4.34929
1.55139
4.28144
2.91499
2.43865
2.96519
2.35396
1.48977
3.74296
4.53952
2.40808
2.83146
2.51632
2.82823
2.43184
3.05519
2.86481
2.44248
2.92271
2.46085
2.88978
2.59873
2.71006
2.36417
1.664
2.46461
1.51857
1.46614
2.27327
1.40417
2.57987
2.87715
2.4414
1.64912
1.40236
2.7205
3.10485
