4.48295
2.72541
2.81739
2.37275
3.08856
2.47932
3.01038
3.61276
4.34817
4.60289
3.46133
3.96101
2.51846
3.86834
2.57491
3.95156
4.37048
1.49667
3.29904
4.10792
4.67989
4.8983
4.92103
4.37001
4.4693
3.5828
3.83291
4.35475
1.53187
2.32455
3.89284
2.4311
3.67081
4.86963
4.70566
4.2423
2.92964
4.50289
2.91188
2.5792
4.5822
4.40529
3.07588
3.67466
4.38769
4.4809
4.40346
4.72723
4.91434
4.73575
4.30282
4.50462
4.38899
3.41081
3.70131
2.40735
3.70882
4.16702
1.40016
2.35772
3.67868
4.86385
4.55834
4.27192
4.89415
2.8889
2.47584
4.55535
4.2017
2.8571
4.28379
2.71658
4.9984
4.12605
4.39966
4.53241
4.35015
4.99214
2.86582
4.33622
2.83631
4.27195
2.83714
2.6061
4.52885
4.62988
4.13445
1.66295
4.19398
3.73033
4.26708
3.98759
4.33623
3.87034
2.56837
2.43697
3.09155
2.45068
2.93366
2.47758
3.90496
3.47202
3.75024
2.57077
3.91346
2.44483
1.48072
4.3139
3.543
4.56932
4.0775
3.88989
3.58651
1.48531
4.41647
4.04819
2.47699
3.82166
2.67601
3.07845
2.95972
4.41664
4.73827
2.60396
2.94593
4.48513
4.58271
4.47693
3.23853
4.75762
4.07677
4.93624
4.8854
4.96984
4.38418
4.29521
4.72657
3.74849
3.44653
3.69299
2.40994
1.53994
4.16352
3.66526
2.46311
2.86474
4.89431
4.46772
2.5387
2.94829
4.32666
2.87302
4.29237
4.89556
4.50635
4.2132
2.88586
3.06527
4.37719
2.98468
4.34373
4.72571
2.55814
1.72321
3.82327
4.44779
3.96743
4.39911
3.8859
4.41649
4.67924
4.3672
4.69715
4.21559
4.312
4.73501
4.2744
4.9176
3.67426
4.46724
4.30966
4.99739
4.33401
4.60285
4.62217
4.44099
4.57863
4.42424
4.89251
2.77345
2.55888
1.56466
2.551
1.50758
2.65602
4.88954
3.378
3.72714
4.2341
2.74535
2.24735
4.41176
3.89274
3.62005
4.49438
4.67876
2.92623
4.22982
4.72209
3.16498
4.75541
4.29622
4.41915
4.18269
4.78189
4.99089
4.55743
1.35932
3.63547
1.6848
2.56554
2.95839
2.50448
2.84132
4.33937
4.55086
4.99931
3.06896
4.44813
3.78061
2.39061
2.93429
4.73056
4.54534
4.12492
2.53339
4.96171
3.40466
3.71083
2.30987
4.38936
4.05093
2.7739
2.49779
4.69443
4.34705
4.0786
4.1231
4.87735
4.29758
3.80894
4.09372
4.91063
4.97362
4.16462
4.47765
4.2982
4.99505
2.95576
2.39808
4.37723
3.75095
4.22906
3.69174
4.27684
4.08679
4.38652
4.65647
3.80814
3.72599
3.06324
4.47172
4.67633
4.99822
3.86534
4.31381
4.75083
4.9295
3.07249
4.74374
3.96257
4.61253
4.6949
4.35253
4.1373
1.59683
2.62982
1.6145
2.49561
3.8193
3.41685
4.46132
4.22745
2.8999
2.71762
3.89249
3.66764
3.05767
4.53821
4.70338
2.33878
1.59666
4.22109
1.41577
3.59414
2.93182
2.4605
2.87633
2.4087
2.89859
4.41257
4.88702
4.31508
3.69936
4.76762
4.54473
3.15825
4.14304
4.54206
2.71721
4.70726
4.07671
4.64505
3.29562
4.23782
4.32091
4.97876
4.90257
4.18327
4.976
3.92457
3.60341
3.02485
4.52223
4.38932
4.62547
4.96726
3.99658
4.45012
3.0151
4.73873
3.80981
4.26275
3.92603
4.91369
4.46345
2.47823
3.75441
3.45791
4.50491
2.44778
3.00021
4.26256
4.80978
4.18433
3.76597
2.6638
4.61594
4.32655
4.2357
4.71384
4.33576
2.83193
4.98449
2.51093
3.99714
4.33925
4.94742
4.21119
4.54022
4.4831
3.99104
4.51254
4.46357
4.12852
4.86377
4.41654
3.25908
2.69894
1.65816
2.48322
4.28766
3.00314
3.48868
3.93628
2.71577
4.52446
4.14854
4.36722
4.72694
3.69526
2.81789
2.57824
2.5762
4.77518
3.6411
3.94723
4.37079
2.99432
2.53223
4.3728
4.81063
4.34861
4.58714
4.07329
3.72651
2.74163
3.1776
4.09906
4.18972
3.88047
4.95586
4.06656
4.5167
4.94245
4.51135
4.41808
4.8185
3.82304
4.43063
4.80835
4.52731
4.90566
4.51139
4.61063
4.91614
4.15355
1.46369
2.31917
2.81997
3.35707
1.42975
2.49489
2.76566
4.06053
4.48563
4.08803
3.65706
4.73697
2.80954
2.37907
4.95915
3.03121
4.26657
4.89606
4.55485
3.67715
4.39322
4.71894
2.407
4.97707
3.00049
4.52519
3.91335
4.09318
4.11584
3.89081
4.3885
4.46783
4.74246
2.6786
3.61256
4.74568
4.24273
4.19366
4.89866
4.31667
4.97214
3.91072
3.87054
1.68094
2.76251
4.14375
4.64316
4.50008
3.62304
3.00706
2.55872
2.89377
4.35862
3.94625
3.4935
4.51501
2.4801
3.89828
2.85539
3.44687
4.43631
4.45896
4.7846
3.84796
4.96356
4.40692
2.45339
4.5447
2.50557
3.79017
3.34775
2.74979
4.18356
4.59133
4.96596
3.80733
2.28962
4.31286
4.64085
4.80457
4.35662
1.42471
4.19287
2.7969
2.4853
1.49296
3.30782
2.62054
2.5527
3.12376
4.35087
4.61533
3.82865
4.48027
4.12868
3.58895
4.16693
2.80726
4.65696
4.87477
2.34475
2.7841
3.89941
4.48809
4.92938
4.28555
3.97524
4.50365
4.27246
4.54504
4.08048
2.40525
2.72105
4.8636
3.74884
4.18142
4.34879
4.4159
4.12147
4.10321
3.66688
4.18948
4.40525
4.55376
4.78241
4.3969
3.71256
4.78762
4.56463
4.94218
4.97169
4.94918
4.45927
4.98235
4.49506
3.13857
4.52003
4.54817
4.6729
4.6879
3.63591
4.52596
4.22676
1.61254
2.46605
2.85295
2.43227
2.98034
3.43413
1.33925
2.37022
2.40129
4.51334
4.29923
2.81348
3.27846
3.85352
4.43505
4.91
4.23595
4.58421
2.45926
4.41448
3.81401
4.80262
2.86384
3.81609
2.83286
4.13645
4.49143
3.35059
4.91366
2.78425
3.77329
4.32889
4.59707
2.60415
4.38865
3.04504
2.62456
4.57678
3.43451
4.05063
4.57771
4.34188
4.56587
4.30347
3.78999
2.50808
4.83325
3.02428
2.4386
4.47943
4.21701
4.55952
4.49757
4.26471
4.32832
4.4912
3.84479
3.94598
4.23306
4.55718
4.24695
3.94475
4.34608
4.53287
2.95007
3.55618
2.995
4.30056
3.69335
4.84872
4.43821
4.26909
3.78201
4.3083
4.53697
4.57864
3.92933
1.5494
4.1005
2.75642
2.49599
2.83749
2.42661
1.54483
3.34962
4.51548
4.56726
4.66584
4.82464
4.46554
3.50541
3.94501
2.85212
4.71649
4.31426
3.56603
2.8939
3.80435
4.3778
4.48972
2.2839
4.47734
2.42359
2.73543
4.23193
3.68521
3.17029
4.32408
4.22995
2.48474
3.80057
4.11621
2.604
4.9849
4.28127
4.93264
3.97234
4.60187
4.4239
3.07994
3.5788
2.97792
4.31451
3.78614
4.59548
4.95073
4.64588
3.95632
4.41126
3.729
4.83975
4.20148
4.5205
4.97927
2.52599
3.01755
4.41426
4.64084
2.61541
4.01945
3.58193
4.55765
4.23719
3.70716
4.29091
2.43448
2.88585
4.9057
4.54485
3.88508
4.45509
4.47379
4.38993
2.42797
4.31932
4.14896
4.63983
4.82726
4.21519
4.25063
4.1464
3.62274
4.48915
4.46745
2.48387
3.01383
2.44413
3.00981
2.63669
2.81282
3.47541
4.31826
4.57215
4.28033
4.61958
3.45983
4.39987
4.45956
4.87633
2.89613
4.29179
2.95925
2.44497
4.618
4.24563
2.66897
3.29443
3.85287
4.14668
1.55275
2.47471
3.75025
2.30594
3.8549
4.96502
4.42093
4.05008
4.52964
4.70804
3.68547
4.38508
4.42192
4.9737
4.62602
4.3503
4.91222
4.54445
4.39059
4.97927
2.87315
2.59696
4.65352
4.3399
3.01874
4.43489
2.93215
3.49626
3.78893
2.35561
3.81517
4.30884
1.49434
2.40449
3.80138
4.8115
4.49191
4.24692
4.42826
4.33363
4.90212
4.25509
4.94988
4.7057
1.52057
4.17797
3.82957
4.2811
3.68582
4.31728
3.64747
4.82518
2.80312
4.13135
2.84976
4.13158
2.7252
2.28372
4.38841
4.71457
4.19084
2.82593
2.34339
2.83921
2.39343
2.7621
2.46175
3.88292
3.54287
3.85177
2.55888
3.75348
2.4841
1.44788
4.43189
4.9547
4.43378
4.27414
3.66842
3.67855
1.53833
4.32313
3.9674
2.47468
3.71253
2.57993
2.93029
2.9836
4.39774
4.78
2.59737
3.12633
4.30157
4.7667
3.47078
4.68689
4.26641
4.97285
4.87605
4.28277
4.5272
4.97839
4.57867
4.23278
3.64769
3.55838
3.91808
2.50322
1.61801
4.33529
3.82175
2.58732
2.85562
4.61504
2.50248
2.97046
4.38227
3.00734
4.39107
4.64468
4.36503
2.84815
2.94129
4.46957
3.16146
4.43921
4.55818
2.64601
1.72413
3.78478
4.45777
4.04579
4.27244
3.92757
4.38139
4.82828
4.31382
4.59857
4.75602
4.32362
4.89961
3.50581
4.49952
4.1858
4.24521
4.46249
4.54896
4.27258
4.5335
4.37865
4.99741
2.95085
2.51331
1.48551
2.38399
1.48003
2.71031
3.56412
4.00371
4.37221
2.84243
2.60839
4.82506
4.81507
4.20345
4.41241
3.60436
4.52191
4.59103
4.73982
4.34084
2.79994
4.93226
4.50888
4.28997
3.68552
4.24619
1.56009
3.40899
1.57024
2.60617
2.80965
2.35032
3.10347
4.54178
4.55503
3.02533
4.41505
3.80684
2.44993
4.94481
4.32511
3.74594
2.37578
3.44643
3.80253
2.45183
4.56747
4.2977
3.00186
2.49417
4.955
4.49639
4.33047
4.30289
4.31156
4.94779
4.39228
4.98244
4.26566
4.43366
4.23445
4.33065
4.93411
2.80288
2.54935
4.06816
3.77503
4.10057
3.83252
4.1614
4.23499
4.53794
3.92175
3.59364
2.96078
4.23678
4.79812
3.94034
4.41588
3.87687
3.0797
4.70446
3.80955
4.32818
4.71389
4.42507
1.59452
2.54749
1.69201
2.5529
3.904
3.46493
4.41405
4.22567
2.83575
4.63081
4.24616
2.8774
3.93523
4.24977
2.4788
1.43367
4.2784
1.50108
3.51538
2.98403
2.58103
2.7824
2.55329
2.81143
4.51156
4.89729
4.23318
3.93241
4.19773
4.90269
4.72578
4.35336
4.6058
3.65574
4.71057
4.41845
4.90755
4.96376
3.99381
4.37844
3.87062
3.56075
3.0263
4.59614
4.38917
4.53112
4.8422
4.59431
4.31722
2.98548
4.49157
3.90187
4.27479
3.85486
2.56378
4.68635
4.38145
4.49055
2.49628
3.81987
3.57516
4.62466
2.52565
2.90847
4.29882
4.2621
3.74011
4.42027
3.85052
4.40484
4.47401
4.5402
4.22978
2.88481
2.52984
3.92218
4.21516
4.25156
4.49477
4.33312
4.4002
2.97232
2.62251
1.55866
2.45959
4.19363
2.92535
3.38291
3.74155
2.46188
4.61378
4.28405
3.86017
2.36918
2.62311
4.69328
3.71156
4.01568
4.27713
3.10761
2.43365
4.33844
4.59451
4.46152
4.44605
4.87034
4.96377
3.82621
2.92968
3.56518
4.11165
4.6077
3.66017
4.89049
4.10356
4.32012
4.55558
4.64919
3.63956
4.45607
4.69721
4.2913
4.94395
4.42623
4.40673
2.89355
4.3786
4.60134
3.9593
4.33542
1.54517
2.4039
2.99027
3.61395
1.47995
2.38623
2.91506
4.22006
4.5965
4.26832
3.9443
2.83895
2.41111
4.33012
4.7754
4.29468
4.5579
2.5449
4.97512
3.07939
4.48053
3.7754
4.39119
4.36536
3.84216
4.27625
3.80436
2.91857
3.79711
4.91732
4.39518
4.17284
4.48214
4.25925
1.40374
2.46636
4.00173
4.5923
4.41679
3.42854
2.96657
3.72573
4.91764
4.37539
3.81564
2.97981
3.52825
4.47718
4.4564
4.58246
4.98787
2.38152
4.26568
4.52493
4.9041
4.1469
2.52557
4.49534
2.61767
3.94398
3.42474
2.79263
4.49135
4.37758
4.95632
3.82055
4.6083
4.29961
3.82943
4.30079
2.9837
4.94168
2.45342
1.44483
4.23005
2.85017
2.48148
1.49082
3.54606
2.92963
2.5242
2.85828
4.22736
4.55464
4.96637
3.88334
4.71504
4.37318
2.95404
3.81221
4.71079
4.9728
4.40547
3.90361
4.10742
4.36385
3.79199
4.18215
4.4896
4.08689
2.47316
2.96031
4.88517
3.60898
4.24234
4.31313
4.51623
4.36681
4.47058
4.38447
4.60782
4.41374
3.57372
4.54783
4.35702
4.43097
4.95782
2.91101
4.43054
4.67865
4.63548
4.42136
3.49152
4.44878
4.44022
4.58275
2.43833
4.55527
3.79886
4.97426
3.0808
2.63776
2.54686
4.6893
4.52908
2.99207
3.49048
4.02959
4.34547
2.64116
3.71918
4.17396
4.74723
4.27896
3.77269
3.01595
4.39805
4.36467
3.24564
4.82993
4.28263
4.43396
4.16446
3.76493
2.51856
4.79588
2.80972
2.36195
4.10628
2.83887
2.41421
4.47743
3.3964
3.7508
4.15177
4.93767
4.27815
4.3924
4.32886
3.82848
2.53905
4.17918
4.4063
4.90736
4.57713
4.33227
4.86052
4.51156
4.10189
4.94824
3.68472
4.23108
4.61901
3.14025
4.48366
3.9705
4.80415
3.97422
4.37037
4.76153
3.04821
3.64341
4.46827
4.78944
4.42896
4.05194
3.87722
4.67176
4.91021
1.62728
4.37757
2.85341
2.70657
2.9752
2.4023
1.65919
3.70892
3.74461
3.10524
4.85004
4.44797
3.78379
3.03162
3.9845
4.43199
4.79415
4.97958
4.13576
4.72322
2.38731
4.31429
2.38467
2.89674
4.12267
3.60073
3.50256
4.61778
4.15496
2.37641
3.80271
4.10958
2.69126
4.77532
4.91731
3.7103
4.53784
4.33754
2.97329
3.62237
2.87889
4.24983
3.85311
4.53986
4.99617
4.63085
3.97812
4.18515
3.83399
4.83603
4.89511
4.22092
4.3114
4.28509
2.63531
2.9188
4.44283
4.79462
2.47551
3.74113
3.71992
4.57616
4.53035
3.93124
4.586
2.55952
3.03306
3.99561
4.50409
4.81668
4.48662
4.27032
2.5433
4.34542
4.11831
4.48416
4.91389
4.33253
4.31317
4.3107
3.83204
4.66164
2.45321
3.05014
2.49289
2.97099
2.66174
3.05577
4.84325
4.82437
4.49159
4.73839
3.49581
4.42163
4.57909
4.8105
4.47894
4.18765
4.9792
3.06683
4.26482
2.95268
2.58794
4.66533
4.34679
3.01198
3.61703
3.76891
4.34458
1.40016
2.43376
3.78616
2.41862
3.68587
4.99372
4.50455
4.87376
3.72818
4.40764
4.51057
4.61006
4.58333
4.91672
4.66271
4.24019
4.87071
4.49006
4.21062
2.89603
2.46302
4.58015
4.4302
2.89211
4.1447
3.04455
3.36653
3.86104
2.42294
3.92029
4.259
1.46741
2.49191
3.67734
4.6642
4.34989
4.99659
4.40004
4.57545
4.63445
4.34465
1.58696
4.31214
3.85968
4.31302
3.74042
4.33837
3.76378
4.85233
2.82445
4.12713
2.77971
4.18427
2.91546
2.43616
4.57872
3.05149
2.49515
2.93971
2.64645
2.87387
2.55221
2.94847
4.84475
2.92638
4.21158
4.59572
2.39897
2.67214
4.37415
4.94042
4.54282
4.21074
3.84347
3.42975
1.43943
4.18958
3.97584
2.40918
3.6453
2.46868
4.99169
4.32966
4.52144
4.9979
3.48437
4.3639
4.4044
3.03843
4.90699
4.60204
2.55389
2.9934
4.25737
2.81159
4.49913
4.98434
4.60503
4.41004
3.88343
3.43038
3.85888
2.40774
1.55439
4.25439
3.68544
2.59244
1.4229
3.87647
4.2345
3.6531
4.24607
3.86842
4.20532
4.69782
4.23832
2.81464
4.86574
2.82812
4.28971
3.02849
4.14015
4.44336
2.38341
4.47704
4.39856
4.354
4.55246
4.46282
4.74813
4.96334
3.73329
4.48512
4.3068
4.38029
4.33602
4.63126
4.34694
3.02078
2.51783
1.59423
2.56314
1.69223
4.2
4.85468
4.27884
4.54045
3.59154
4.61556
4.63713
4.51652
4.21416
4.52366
4.87532
2.85166
4.09971
3.69374
2.35561
4.99133
2.91404
4.88561
4.48665
4.28108
3.84296
4.42184
1.44113
3.59707
1.52268
2.49327
2.83866
2.5499
2.83354
2.54091
4.71598
4.30564
4.2366
4.37348
4.05544
2.65094
3.56506
3.85246
2.59083
4.54868
4.27863
3.06459
4.27375
4.39637
4.45239
3.86714
4.16182
4.37865
4.47876
4.63464
4.25611
4.62866
4.85224
2.97284
2.42348
4.41567
3.83759
4.91955
3.80189
4.28828
4.50679
4.91109
3.94204
3.51638
2.82887
4.26545
4.42501
4.46816
4.40045
3.84764
2.91883
4.80702
4.45527
3.91035
4.26682
1.43988
2.67199
1.57666
2.5833
2.83383
4.53973
4.86222
4.2171
3.58515
4.36986
4.28578
2.97822
4.92742
3.88064
4.34579
2.45112
1.46708
4.26522
1.55027
3.33439
2.95709
2.473
2.81482
2.2764
4.94483
4.44818
4.33878
4.26528
4.35413
3.57145
4.70999
4.68222
4.66096
4.03146
4.55765
3.98954
3.50077
3.00836
4.59734
4.44712
3.80353
4.71561
4.31475
2.98802
4.49575
4.93718
3.88131
4.25033
4.97024
4.37753
3.90963
2.47198
4.6
4.99651
4.29941
4.38687
2.5957
3.94092
3.56591
4.60757
2.4883
2.84217
4.29305
4.21057
4.59411
4.18175
3.85419
4.24892
4.15286
4.60925
4.32079
2.90914
2.4312
3.73194
4.24615
4.49547
4.48632
4.9763
2.98497
2.4321
1.62438
2.37305
4.26392
4.89715
4.44949
4.04136
4.27028
4.95778
3.7414
2.34934
2.493
4.34587
3.547
3.76718
4.13462
2.72516
3.85802
4.89382
4.24348
4.60116
3.7687
2.88901
3.65915
4.33624
4.65879
4.39989
4.39185
4.61908
4.46313
3.53733
4.64656
4.66512
4.23854
4.2745
4.93062
4.46398
4.7146
4.43011
3.90574
3.06713
2.6242
2.79127
4.28678
4.45858
3.92053
4.31908
1.66051
2.63931
2.97694
3.58264
1.49977
2.41767
2.9538
4.4945
4.33983
3.76171
4.4084
4.2786
4.37775
4.3396
4.59796
2.55153
4.95495
2.83619
4.15817
3.85174
4.69236
4.57582
3.95288
3.16039
3.84376
4.76001
4.41533
1.58349
2.72375
4.62567
3.89401
4.94953
4.40524
3.88177
3.04529
3.62813
4.66927
4.36299
4.30426
4.8074
3.74383
2.35196
4.19388
4.52233
4.84681
4.31278
2.39997
4.60414
2.52408
3.88234
3.388
2.92085
4.21927
2.92988
4.49232
4.59987
4.92956
3.7747
4.34765
4.34661
3.90142
4.26895
2.88509
4.94381
2.58462
1.48106
4.32344
2.89783
2.48004
1.63258
3.44372
2.82705
2.59396
3.8773
4.58616
4.43825
3.00609
3.83534
4.87477
4.95582
4.40535
4.28232
4.54318
4.13053
4.24034
3.84507
4.19812
4.36317
4.2857
4.96148
2.42929
2.71692
4.92241
3.80731
4.21109
4.31604
4.87269
4.5626
4.56053
4.6666
4.54229
3.5088
4.56816
4.3476
4.40243
3.06987
4.24017
4.74378
4.11148
4.54997
2.49553
4.37547
3.78883
4.79511
2.91329
2.42787
2.45084
4.45203
4.39971
2.85058
3.4875
3.67634
4.91131
3.02167
3.92934
4.47529
4.9486
4.78427
3.77504
3.00365
4.44334
4.59857
3.62248
4.31617
4.83826
4.25994
4.56117
4.46774
3.83293
2.59087
3.10283
2.57537
4.33397
2.8016
2.48862
4.55759
3.48602
3.89556
4.22059
4.24554
4.25549
4.41682
3.82444
2.48796
4.14638
4.36401
4.88879
4.47666
4.66579
4.52
3.90362
4.22549
2.91274
4.34169
3.82162
4.84547
4.69975
3.97304
4.42955
4.68798
2.92714
3.48655
4.32294
4.54015
4.36574
3.82444
4.91243
4.01728
4.71178
2.63261
3.52281
4.97652
4.04823
4.21378
4.74039
3.85363
2.95236
4.63953
4.34113
3.35187
4.62059
4.16634
2.3668
3.59014
4.25392
2.80753
4.71989
4.50376
2.46855
4.82609
2.63945
3.10985
4.40505
4.07501
3.65378
3.00828
4.31215
3.76234
4.42533
4.10306
4.6488
4.33246
3.02493
3.65695
3.6848
4.66072
4.92992
4.37411
4.43294
4.45933
3.91452
4.5371
4.15521
3.73402
4.16367
2.37505
2.84608
4.82433
4.33725
2.51342
3.02287
4.37066
4.54991
2.52315
3.87807
3.39418
4.34564
4.07504
3.87705
4.30072
4.94042
4.18103
4.24489
4.22304
3.99137
4.54164
2.67541
4.31893
4.5763
4.73296
4.56285
2.55002
3.05121
2.53406
2.90958
2.43224
2.94841
3.69732
4.34174
4.5687
3.55465
4.04168
2.58989
3.82414
2.70436
3.93473
4.23229
1.61797
3.66149
4.42916
4.31943
4.8919
4.9571
4.31707
4.71345
4.97299
4.61141
4.40703
4.5319
4.32241
3.56
4.3123
4.59729
4.49306
4.61582
4.92588
3.05162
4.22899
2.85207
4.2805
2.85224
2.49314
4.59246
4.51243
4.41043
1.49473
4.20803
3.76429
4.22597
3.66967
4.17317
3.68134
3.63612
3.94597
2.50202
3.89377
4.31964
1.5567
2.6724
3.92194
4.91021
4.61989
4.3904
3.09705
2.489
4.76612
4.41791
2.99445
4.36512
2.99472
4.95199
4.44964
4.85767
4.56659
4.4551
2.98908
2.38608
2.95846
2.45547
2.94149
2.50872
3.93602
3.50674
3.71621
2.39656
3.75495
2.50701
1.56667
4.26927
3.53263
4.74972
4.36599
3.85449
3.71857
1.56897
4.44851
3.99395
2.66951
3.97295
2.71066
2.94972
3.03365
4.29493
4.52596
2.57767
3.12512
4.41212
4.51734
4.37445
4.91462
4.15681
4.60545
4.72125
4.36686
3.82011
3.74039
3.84209
2.50207
1.58252
4.24949
3.87303
2.39994
2.93823
4.51566
2.49367
2.8159
4.51735
2.98338
4.26005
4.96977
4.57618
4.26725
2.90506
2.97187
4.44281
3.13056
4.2532
4.69076
2.67172
1.59436
3.93624
4.26433
3.86433
4.3814
3.96085
4.45015
4.5717
4.38435
3.48093
4.61788
4.29681
4.17452
4.48803
4.8772
4.48657
4.34825
4.65399
4.39296
3.09625
2.70894
1.54513
2.53786
1.67938
2.6268
3.44205
3.9108
4.36448
3.01753
2.51779
4.64603
4.07308
3.56988
4.57667
4.6828
3.13058
4.54763
4.22948
3.75336
4.23648
4.92797
4.99362
4.54613
4.89911
4.21003
4.48333
4.82587
2.85033
2.48964
4.14484
3.81449
4.24358
3.84045
4.29237
4.23973
4.26765
4.50564
2.50803
3.64725
3.98296
2.57142
4.61322
4.52659
2.91503
2.61787
4.90755
4.66241
4.34912
4.37281
4.59496
3.92516
4.49825
4.45757
3.02331
4.88806
4.5266
3.74722
4.34864
4.48654
4.28575
3.90816
4.02558
3.52637
3.04224
4.46993
4.71669
4.87337
3.8616
4.42109
4.75175
1.63785
2.4679
1.59076
2.56484
4.10217
3.50332
4.52068
4.40447
2.98922
2.52785
3.78632
3.46371
2.96256
4.28498
4.33675
2.5893
1.6213
4.37426
1.48484
3.66217
3.10164
2.58822
3.04455
2.64648
2.93729
4.63482
4.96933
4.3018
3.90716
4.49231
4.35309
2.83198
4.97622
3.80944
4.18048
2.5548
4.87118
3.83681
3.48723
2.84072
4.56167
4.15546
4.65647
4.87122
4.89611
3.7457
4.2049
2.98082
4.57419
4.98085
3.83931
4.31654
3.7286
4.59687
4.26966
4.56943
4.3525
2.5514
3.95782
3.51628
4.59436
2.61769
2.90295
4.41457
4.98738
4.31547
3.88321
2.4958
4.51849
4.37447
4.35454
4.55837
4.36123
3.00802
4.99646
2.68091
3.89694
4.39025
4.45705
4.64964
4.26076
3.8188
4.36065
4.37681
2.9723
2.5418
1.59137
2.74157
4.36142
2.9955
3.48844
4.10501
2.63366
4.67858
4.00298
4.33984
4.48427
3.5182
3.00713
2.53386
2.61331
4.73206
3.73796
4.0787
4.47301
3.18051
2.56308
4.45592
4.95387
4.70142
4.47966
4.26882
4.9087
3.92326
4.41678
4.33418
4.70974
3.62814
4.44659
4.61324
4.55309
4.96884
4.50628
4.41675
3.09877
3.69954
4.94133
4.56077
4.32574
4.53987
4.41127
3.74892
4.25266
1.53029
2.45626
2.74347
3.36287
1.50331
2.34099
2.8716
4.21681
4.54412
4.21056
3.76093
4.88579
2.90076
2.4429
2.82536
4.16468
4.98161
4.55084
3.76036
4.08748
4.59097
2.42585
4.9208
3.02813
4.20581
3.80139
4.31192
4.25433
3.95948
4.37134
4.1916
4.44907
1.49471
2.5204
3.93495
4.44089
4.23925
3.51101
2.87599
2.64349
2.86327
4.33356
3.99232
3.57903
4.4421
2.60244
3.91902
2.99532
3.76114
4.85747
4.55125
4.62186
3.84381
4.4235
4.52119
4.24434
2.41794
2.9268
4.88563
3.74198
4.36533
4.33511
4.53616
4.29304
4.32767
3.79876
4.28532
1.56714
4.57523
3.01022
2.62292
1.50234
3.55558
3.13592
2.41613
2.99963
4.30946
4.49328
3.8932
4.55791
4.41243
3.93611
4.49759
3.16056
4.99941
2.56566
3.04516
4.0005
4.76555
4.99159
4.48863
3.84704
4.71934
4.46454
4.39313
4.90066
4.33369
4.43531
4.32018
4.50809
4.67765
3.51219
4.55625
4.88262
4.3501
2.95427
4.46513
4.63423
4.58467
4.63686
3.57484
4.41002
4.25594
1.75213
2.29991
2.91727
2.58341
2.87715
3.30586
1.51512
2.6393
2.63523
4.89923
4.59813
3.24222
3.91413
4.1303
4.40487
4.28984
4.87997
2.52887
4.42878
3.91616
3.10613
3.70835
4.26803
4.7857
4.46093
4.15784
2.44056
4.32091
3.06974
2.46203
4.52712
3.65966
3.73301
4.39738
4.20642
4.60676
4.25651
3.91776
2.5612
4.94203
2.85737
2.76167
4.53022
4.54494
4.78894
4.35078
4.47772
4.3955
4.57466
4.01097
4.66903
4.92535
3.74946
3.89201
4.26696
4.53102
2.89419
3.48538
4.98003
2.98055
4.14218
3.80993
4.49945
4.40952
4.10861
4.36119
4.68367
1.63834
4.31462
2.87914
2.48478
2.84562
2.70986
1.54314
3.5481
4.4727
4.49557
4.62886
4.6829
4.75049
3.66783
3.933
3.0579
4.81265
4.57962
3.81869
3.02015
3.94293
4.42025
4.76498
4.97082
4.35066
4.03623
4.46347
4.73882
3.93691
4.78585
4.44239
3.04332
3.58006
3.13217
4.40919
3.89849
4.68621
4.72636
3.9644
2.56522
4.17229
4.26435
4.58532
4.2617
4.20542
4.25892
3.79752
4.28996
2.50836
2.81947
4.204
4.46107
2.494
3.80143
3.49593
4.40548
4.21376
3.64785
4.21856
2.36543
2.84696
4.8271
4.30716
4.99223
3.781
4.4397
4.93435
4.49469
4.39678
4.57523
2.43347
3.04389
2.51111
3.14441
2.53943
2.93326
3.29032
4.41234
4.87129
4.58379
3.80123
4.44545
4.54616
4.91404
4.54672
4.52003
4.99179
4.97192
4.65315
4.38411
4.95686
4.4923
4.6686
3.69614
4.41713
4.3077
4.98431
1.59924
4.28971
3.84324
4.30925
3.8526
4.43256
3.90155
4.83736
2.73662
4.06755
2.79862
4.10936
2.75565
2.38203
4.26564
4.69515
4.96426
4.00137
3.17141
2.54137
4.71043
4.4145
3.13617
4.53809
3.08629
3.40735
3.72513
2.25224
3.90869
4.19361
1.53709
2.62685
3.64151
4.84631
4.384
4.13846
4.41967
4.46052
4.33899
4.98813
4.77265
2.90593
2.37931
2.89325
2.52989
2.9005
2.386
3.89783
3.51321
3.83475
2.57501
3.86492
2.53248
1.65713
4.29641
4.97648
4.55756
4.37739
3.84506
3.39975
1.43526
4.04098
3.58133
2.45296
3.87218
2.33737
2.99931
2.90186
4.35895
4.55455
2.55331
2.85989
4.18965
4.44279
4.80147
4.57244
4.39684
4.98088
4.65433
4.34884
3.82512
3.65912
3.86189
2.56843
1.61091
4.58366
3.85492
2.45585
3.0297
4.97497
4.53863
2.41077
2.81035
4.23901
2.93651
4.32325
4.7213
4.32692
3.02158
4.87995
2.8869
4.10966
2.83772
4.28586
4.53616
2.56959
1.54542
3.79604
4.30769
3.85568
4.29202
3.75931
4.29363
4.92303
3.56488
4.67293
4.17507
4.32715
4.62878
4.83728
4.5353
4.22967
4.54106
4.31122
2.86967
2.59549
1.5303
2.30054
1.62738
2.54924
3.54788
3.85092
4.42916
2.91237
2.6599
4.50212
4.97682
4.42547
4.67048
3.53333
4.72826
4.55791
4.44598
4.31422
4.90201
4.38761
4.58528
4.28291
4.51423
2.94261
2.66408
4.28927
3.9495
4.33067
3.7803
4.34233
4.38441
4.27312
3.78124
2.43144
3.41814
3.83
2.55222
4.63934
4.19527
2.86709
2.56428
4.80997
4.49571
4.29618
4.22829
4.3396
4.82081
4.30875
3.90084
3.03853
4.66453
3.89083
4.29954
4.62783
4.29753
4.61826
4.95392
3.84931
3.57134
2.91398
4.34758
4.55605
3.9034
4.35922
1.51764
2.59862
1.54287
2.47929
3.88478
3.58324
4.57126
4.27882
3.07067
4.62399
4.35111
2.92894
4.02095
4.3935
2.6882
1.68455
4.30728
1.5529
3.37528
2.81919
2.48778
3.01965
2.50583
3.06113
4.55807
4.35346
3.73801
4.89144
3.83432
4.20157
3.82808
3.44561
2.83842
4.49698
4.16938
4.60029
4.78934
4.63568
4.30203
2.91989
4.49177
4.77637
3.8144
4.34809
3.7542
4.46864
4.41039
2.54846
4.61497
4.92849
4.38469
4.39779
2.61269
3.88183
3.54195
4.63473
2.44393
2.94199
4.38321
4.34425
3.95331
4.35007
3.78361
4.33851
4.29151
4.65583
4.28681
3.00756
2.61749
3.99105
4.35073
4.37086
4.62549
3.14611
2.45964
1.64542
2.61271
4.42421
2.94552
3.54153
3.92505
2.68333
4.53739
4.28757
3.9316
2.50825
2.46863
4.30983
3.27002
3.83683
4.33151
2.76073
2.44545
4.28917
4.95448
4.60272
4.15527
4.87987
4.40693
4.44885
4.60968
3.61724
4.40539
4.57094
4.48067
4.9307
4.36807
4.97701
4.31577
3.91848
3.07234
3.91348
4.65802
4.35569
4.6537
4.2797
2.85515
4.26751
4.88487
4.56213
3.82077
4.28066
1.47405
2.54274
2.82246
3.45714
1.42177
2.39314
2.92556
4.39233
4.69976
4.31351
3.90995
4.96911
2.96838
2.53649
4.11106
4.39407
4.22808
4.39145
2.42469
4.88465
2.85803
4.33753
3.73158
4.3913
4.46021
3.77664
4.22128
1.57633
2.62492
3.95156
4.54304
4.43417
3.46914
3.16097
3.97927
4.6645
4.12313
3.08339
3.59382
4.80827
4.37051
4.76663
4.13532
4.14264
3.89372
4.276
4.49065
4.08761
2.41809
2.97961
4.88665
3.69306
4.25271
4.16553
4.55925
4.55306
4.20603
3.79681
4.22615
2.95403
4.84216
2.39441
1.40764
4.21968
2.66563
2.44073
1.47708
3.48895
2.7352
2.31502
2.88809
4.91681
4.16798
4.46747
4.66588
3.66383
4.40561
4.35824
2.99847
3.65468
4.4837
4.82913
4.31055
3.81885
4.57784
4.49506
4.88218
4.54454
4.44001
4.506
4.72944
4.37487
3.66151
4.77932
4.92021
2.86215
4.21903
4.69692
4.60629
4.48217
3.67502
4.7076
4.47003
4.82814
2.67893
4.63946
4.11444
3.31561
2.715
2.65429
4.59079
4.30188
3.08004
3.81854
3.91352
4.42516
4.99559
4.41679
4.33024
3.81548
4.33111
4.87985
4.29519
4.7097
4.33822
3.87465
2.56521
2.84232
2.46202
4.17222
2.95496
2.43614
4.71052
3.51665
3.72218
4.28147
4.90581
4.384
4.33747
4.57738
4.02754
2.64938
4.33115
4.37825
4.70927
4.31648
3.9063
4.52388
4.91827
3.02783
4.28033
3.90028
4.97333
4.63056
3.86934
4.20411
4.57236
2.80742
3.52631
4.97411
4.34131
4.75564
4.36697
4.02518
1.61104
4.20448
2.87993
2.35055
2.89389
2.41327
1.5297
3.33727
3.95661
2.8484
4.3189
4.28511
3.26276
2.78001
3.62851
4.20969
4.38126
4.77304
4.41431
4.07485
4.24508
4.58139
3.87789
4.51506
4.3253
2.9962
3.42618
2.96617
4.12388
3.6776
4.44009
4.83458
4.64164
4.94906
3.74924
4.44927
2.64467
4.46441
4.42768
4.63502
4.40135
4.40731
4.35202
3.80572
4.38475
2.45939
3.04443
4.33732
4.5728
2.50466
3.88608
3.51778
4.69737
4.3444
3.81254
4.40772
2.49123
2.94772
4.90537
3.85867
4.31068
4.91525
4.64525
4.20858
4.68867
2.59824
2.90858
2.63613
3.00122
2.57828
2.83626
4.35816
4.44169
3.43703
4.28536
4.44539
4.5185
4.45776
4.54204
4.35279
4.97836
4.49091
4.5865
3.62872
4.38954
4.68764
4.45442
4.37989
1.46915
4.20455
3.81039
4.32487
3.71986
4.12095
3.74488
4.89827
3.00219
4.3088
2.95057
4.34184
2.83091
2.30626
4.54783
4.58692
4.46178
4.87179
2.89097
2.49765
4.60414
4.24004
2.86994
4.30067
2.81019
3.57383
4.0254
2.51189
4.01362
4.33898
1.57789
2.48507
3.8311
4.60204
4.37515
4.52472
4.58322
2.88032
2.58141
3.09717
2.47333
2.73689
2.66258
3.02592
2.93748
4.4736
4.7016
2.54803
3.1519
4.44679
4.8276
4.49277
4.15726
3.90185
3.6335
1.50622
4.40129
3.89266
2.40833
3.88191
2.53409
4.51443
4.26905
4.87204
4.27923
4.55937
3.00875
4.53444
2.51282
2.87046
4.17465
2.89495
4.20374
4.90727
4.61048
4.15921
3.75874
3.35063
3.75009
2.3731
1.34246
4.11214
3.67899
2.37163
1.61537
3.93063
4.2603
3.82233
4.19563
3.76467
4.33129
4.46614
4.25063
2.92515
4.85576
2.75454
4.17526
2.95512
4.1735
4.42707
2.40243
4.97729
4.48114
4.6461
3.64648
4.41404
4.44234
4.51994
4.52142
4.97834
4.65402
4.44283
2.85728
2.70947
1.48425
2.35102
1.51194
4.308
4.91945
4.92508
4.98339
4.22551
4.45659
3.35778
4.60968
4.50437
4.511
4.33796
3.82898
4.33495
4.15636
4.40818
4.67748
4.33368
4.44454
4.95211
2.82022
2.48227
4.20013
3.86943
2.43727
4.96121
4.52548
4.1359
4.32818
4.8937
4.42003
3.75295
2.44103
3.36967
3.77799
2.52993
4.35744
4.1787
2.78663
4.30662
4.32774
4.86791
4.71413
4.51529
3.90493
3.16879
4.70971
3.86581
4.30873
3.89907
4.44291
4.60999
3.9668
3.6257
3.04677
4.40564
4.66203
1.38193
2.52431
1.42299
2.3592
2.83165
4.51876
4.38285
4.03937
4.69781
4.37815
2.95474
4.8607
3.71913
4.45878
2.36011
1.49301
4.49298
1.52631
3.63751
2.93664
2.58423
2.96902
2.43696
4.97981
4.62269
4.01601
4.29112
3.89591
3.51071
2.83233
4.59423
4.28125
4.07384
4.74725
4.51579
3.07346
4.5819
3.98784
4.38708
4.2575
4.24206
4.82423
4.97109
4.85063
4.2283
3.70532
2.54145
4.55657
4.90108
4.18642
4.21
2.46301
3.59928
3.53667
4.49944
2.40004
2.94569
4.10101
4.40894
4.63552
4.2641
3.87677
4.30106
4.25724
4.61721
4.21922
2.91509
4.97237
2.501
3.78084
4.37862
3.1003
2.41483
1.63047
2.39009
4.30712
4.9881
4.66868
4.41889
4.22962
4.68757
3.52926
2.195
2.39373
4.46144
3.34154
3.77446
4.16388
2.81324
4.53315
4.95844
4.497
4.48213
4.59298
3.58713
4.58987
4.67772
4.55404
4.38984
4.98728
4.61957
4.49264
3.89351
3.04078
3.78973
4.6187
4.24038
4.39961
4.55264
4.43281
3.73104
4.87606
2.97097
2.44777
2.83644
4.36558
4.84273
4.47519
3.74131
4.31609
1.51358
2.38822
2.89176
3.45829
1.56544
2.4783
2.79561
4.14823
4.32317
3.90682
4.21414
4.94905
4.2348
4.3814
4.26608
4.3021
2.39309
4.83868
2.71412
4.06526
3.76047
1.46175
2.50217
4.58141
3.80795
4.98145
4.13985
3.84258
2.83122
3.53247
4.57497
4.26186
4.35095
4.50966
4.32278
4.31708
3.95569
4.40066
4.56621
4.24902
2.46256
2.93557
3.81811
4.36438
2.9712
4.34953
4.47006
4.92529
3.90534
4.46555
4.31252
3.77404
4.3701
3.04262
2.41247
1.50681
4.24188
2.79692
2.47364
1.57532
3.34105
2.83007
2.42341
3.90173
4.41021
4.31632
2.9853
3.78298
4.63124
4.87378
4.26644
4.35551
4.49178
4.95693
4.37441
4.91614
4.45113
4.43032
4.59476
4.43391
3.6071
4.66469
2.68901
4.09142
4.98279
4.55416
4.5122
2.58043
4.16646
3.98739
2.76386
2.4678
2.24531
4.56739
4.19433
2.85734
3.4546
3.58497
4.78356
4.60575
3.82235
4.29129
4.22891
4.92048
4.45459
4.6903
4.38753
4.054
2.77182
2.935
2.58219
4.16218
2.7861
2.26647
4.40994
3.48331
3.66397
4.27443
4.59437
4.30726
4.36125
3.93904
2.53475
4.16168
4.25762
4.88596
4.41751
3.93672
4.57244
4.87547
4.84553
3.02329
4.43627
3.88236
4.56744
3.76696
4.17629
4.63462
2.89863
3.59264
4.41147
4.64841
4.29255
3.77938
4.89483
2.98093
3.94413
4.53271
4.83755
4.718
3.64591
2.83646
4.54992
4.29497
3.56022
4.41322
4.73933
4.28058
3.84895
3.03662
4.4788
3.88184
4.77892
4.9114
3.81433
4.57587
4.34197
3.02122
3.55475
4.06684
4.65475
4.55731
4.29197
4.34994
3.89806
4.16092
2.5012
4.17575
4.12448
4.33258
4.86477
4.66571
4.41109
3.91684
4.30095
2.54154
2.96804
4.22477
4.79305
2.57019
2.77385
4.37604
4.56946
2.42049
3.77931
3.4556
4.68979
4.54344
3.86089
4.26547
4.65294
2.51225
3.05142
2.60258
3.03723
2.58961
2.99363
3.50403
4.37709
4.33766
3.37114
3.86674
2.43437
3.75371
2.37678
3.69972
4.22764
1.5564
4.66328
4.34601
4.581
4.20146
3.73151
4.33609
4.59825
4.95315
4.97618
4.33471
4.58833
4.83964
4.27208
4.51324
4.56377
4.25603
2.94081
4.43841
2.84876
4.26488
3.00996
2.35469
4.61026
4.58631
4.3373
1.39991
4.16613
3.86087
4.37513
3.8374
4.38761
3.76294
3.45227
3.86137
2.57572
3.79289
4.33285
1.69066
2.5027
3.89654
4.71234
4.32113
4.99437
2.77623
2.33905
4.46971
4.28121
2.87659
4.18592
2.91256
3.00136
2.45036
2.87049
2.52885
2.85243
2.39389
3.81479
3.59638
3.91593
2.56093
3.89668
2.52738
1.49616
4.53589
3.484
4.55894
4.42855
2.93966
4.9276
2.98634
4.27846
2.80652
4.2961
4.43087
2.44478
1.65793
3.72364
4.21925
3.69183
4.40019
3.83568
4.31778
4.55474
4.28635
4.43664
4.78107
4.50586
4.32117
3.94436
3.44479
3.94195
2.62973
1.61121
4.34902
3.98635
2.55925
2.96014
4.87704
4.76394
2.49736
3.01137
4.39148
2.89129
4.40905
4.98842
4.62226
4.41411
4.80512
4.54058
4.21225
4.55573
4.22037
4.99885
3.48119
4.59903
4.25018
4.98676
4.34431
4.49531
4.99704
2.99668
2.60261
1.62932
2.5344
1.67562
2.50364
3.6317
3.83687
4.3194
2.95284
2.59129
4.72775
3.83188
3.45414
4.23591
4.41551
2.95271
4.27696
4.42299
4.37687
4.78081
2.93468
2.55194
4.32208
3.77304
4.43804
3.79378
4.23531
4.37505
4.22716
4.5219
2.5243
3.55625
3.86482
2.53544
4.46154
4.33732
2.97127
2.44123
4.46596
4.32576
4.30252
4.89091
4.32033
3.82176
4.94892
2.93964
4.48026
3.93232
4.20332
4.55974
4.31734
3.74815
3.84094
3.50139
2.95423
4.29816
4.55006
4.98983
3.95565
4.33465
4.48845
4.84875
1.41617
2.55173
1.44153
2.35488
3.78594
3.61957
4.66408
4.32767
2.85449
2.44295
4.01001
3.50356
2.9796
4.27282
4.65548
2.68087
2.95692
4.59566
4.96408
3.76554
4.32643
3.9952
4.53575
4.32892
4.07872
3.61548
2.8858
4.69317
4.34808
4.54871
4.94106
4.95235
3.87895
4.40262
4.48632
4.1223
2.87605
4.86421
2.36356
3.73314
4.16704
4.26453
4.4666
4.27908
3.83112
4.22295
4.14559
4.35487
4.97139
4.32031
2.46108
3.90512
3.47746
4.59958
2.48194
3.04248
4.30948
4.98293
4.38204
3.7375
2.55441
4.50301
4.90377
4.47273
4.38108
2.98615
2.3384
1.48397
2.54783
4.46334
3.0059
3.67696
3.92295
2.47935
4.83348
3.68846
4.35223
4.39667
3.41094
3.00835
4.24404
4.86178
4.42804
4.48721
4.67246
4.60018
3.49376
4.65692
4.62136
4.35346
4.92424
4.12089
4.26693
2.35857
4.79469
2.66714
4.07884
3.60355
4.26649
4.29662
3.77761
4.13766
4.1653
4.31317
3.06557
3.86462
4.82089
4.27686
4.63754
4.44713
3.80433
4.32439
1.48085
2.609
2.80851
3.55123
1.48575
2.45274
2.97261
4.44538
4.61077
4.41458
3.89811
4.95031
3.10618
2.48043
2.79616
4.17374
4.92164
4.59431
3.80146
1.57831
2.5715
3.90622
4.72624
4.38667
3.55828
2.99545
2.42287
2.96308
4.28246
3.82585
3.36494
4.58788
2.56392
2.75968
3.75929
4.3726
4.82429
4.94403
4.19882
3.91663
4.33366
4.15966
4.75564
4.55619
2.57989
3.07642
4.91998
3.84548
4.32138
4.28013
4.69294
4.2067
4.24469
3.74215
4.31956
1.61834
4.15996
3.0105
2.39705
1.43751
3.40263
2.86395
2.4985
2.86293
4.20724
4.5667
4.96872
3.78883
4.5548
4.14192
3.70561
4.09489
2.8627
4.89746
2.42876
4.99944
4.91369
4.43062
4.34362
4.54408
4.34844
4.67242
4.47366
3.62193
4.68271
4.28882
2.79126
4.22415
4.52491
4.56307
4.54364
3.43467
4.56748
4.47245
1.5023
2.73957
2.91488
2.5133
2.93522
3.64038
1.7031
2.43404
4.30124
4.12258
4.76174
4.51667
4.4005
4.38069
4.24496
4.21945
3.81065
4.05416
4.49712
4.65028
4.32593
2.83121
4.52265
2.96204
2.41199
4.65158
3.65349
3.8795
4.25082
4.94208
4.45839
4.59392
4.35359
3.82165
2.58736
3.06755
4.16042
3.63054
4.78869
4.23634
4.41746
4.95597
4.57981
4.93405
3.86546
3.70954
4.3301
4.43729
2.90166
3.57613
4.81839
2.8444
4.24759
3.98851
4.95236
4.62069
1.59259
4.34513
3.08237
2.36266
2.91268
2.56318
1.47465
3.72335
4.81781
4.17708
4.58649
4.44036
4.4835
3.57824
4.46128
4.83618
3.83749
4.43975
4.08141
4.39093
4.65186
3.96548
4.65283
4.31335
2.91517
3.58325
3.00567
4.16959
3.9043
4.51167
4.9991
3.63264
4.02453
4.65742
4.43503
4.10553
4.88462
2.6106
4.26569
4.55897
4.52703
4.50732
4.31601
4.4446
3.94072
4.25928
2.31121
2.89502
4.11681
4.49642
2.39523
3.70575
3.42812
4.61626
4.23118
3.88635
4.27454
2.5839
2.83603
4.96493
4.14231
4.87471
4.6222
2.58837
2.75486
2.40871
2.97323
2.49931
3.02947
3.68552
4.19787
4.588
4.3627
4.41634
4.61047
4.36337
4.34138
4.61646
3.57694
4.39093
4.53028
4.97673
4.83344
4.15177
4.99915
4.91283
4.86843
4.22147
4.42922
1.51314
4.41344
3.6937
4.25161
3.92871
4.16601
3.87651
3.04403
4.40192
2.85885
4.36837
2.95738
2.48565
4.70004
4.42448
4.44231
4.78569
2.7975
2.31824
4.38913
4.20393
2.79337
4.10355
2.75737
3.50089
3.73796
2.49042
3.8212
4.20882
1.58807
2.47141
3.79927
4.60329
4.31774
2.8567
2.5133
2.97738
2.49961
2.99329
2.64731
4.06406
3.47309
3.84432
2.61775
3.88998
2.43248
1.58887
4.15493
4.4594
4.30225
2.87222
4.9773
2.93674
4.3264
2.88363
4.3665
4.65746
2.60287
1.54505
3.77179
4.23565
3.81467
4.2102
3.79681
4.29124
4.94817
4.24982
4.43587
4.63407
3.99931
4.83063
4.90019
4.7079
4.3097
3.9065
3.32697
3.82348
2.46307
1.66922
4.25856
3.73322
2.45096
2.70177
4.87561
4.29768
2.44592
2.71927
4.2002
2.83773
4.14213
4.62845
4.34023
4.53753
4.34611
3.63263
4.52805
4.32973
4.94569
4.98796
4.43346
4.63584
2.7094
2.2902
1.60345
2.61567
1.47517
2.61212
3.46114
3.8391
4.2605
2.91468
2.34343
4.3791
4.28615
4.88516
4.31466
4.4931
4.64058
4.39225
4.6758
4.97534
2.9887
2.50717
4.38766
3.75494
4.37129
3.64112
4.07835
4.25744
4.94539
4.48002
3.93156
2.66665
3.54496
3.69088
2.51798
4.57727
4.29941
3.00422
2.39317
4.83035
4.55175
4.23211
4.22762
4.89529
3.87663
3.01172
4.49486
3.7629
4.28367
4.55115
4.38196
4.57285
4.90098
3.72136
3.52563
2.91294
4.37162
4.49345
4.98801
3.8154
4.23734
1.47317
2.39556
1.44278
2.50063
3.84917
3.44098
4.47443
4.17705
2.66214
4.7799
4.42856
3.0716
4.56204
3.91109
4.4645
3.86666
4.82806
4.96819
3.94096
4.30228
3.78807
3.47791
3.00314
4.47304
4.27949
4.30198
4.95732
4.31537
3.97056
4.41951
4.36026
4.63269
4.34428
2.90277
2.53602
3.78596
4.43851
4.30145
4.61013
4.19809
4.2601
4.75596
2.57777
4.45366
4.2304
4.16839
2.43944
3.70932
3.57766
4.49672
2.34536
2.89053
4.17571
4.93095
4.21345
3.75713
2.88996
2.51076
1.50565
2.49964
4.20339
2.90462
3.48255
3.72432
2.24369
4.35809
4.4072
4.41301
4.79434
4.30193
4.73075
4.49756
3.63
4.5985
4.57728
4.09185
4.84406
4.45321
4.63209
4.45191
4.6627
2.60981
3.01501
4.27867
4.11653
4.31317
4.38162
3.94708
4.48481
3.75546
2.89461
3.66665
4.93179
4.34426
4.14732
4.45357
4.28369
3.05132
4.20361
4.51898
3.74074
4.25701
1.5694
2.43413
3.0983
3.56787
1.432
2.63036
2.86831
4.2752
4.50803
4.25025
3.90659
4.99852
2.86622
2.5018
1.63946
2.67168
4.09547
4.63881
4.43832
3.6246
2.93074
4.58605
4.18631
2.85519
3.67807
4.41703
4.98974
4.32225
3.84495
4.3625
4.27027
3.94604
4.28495
4.59138
4.3767
2.43571
2.81149
3.85488
4.20755
4.14261
4.51941
4.50505
4.18265
3.71253
4.34593
3.00308
4.82123
2.47294
1.57584
4.15023
2.95802
2.29063
1.5092
3.46565
2.8151
2.55299
2.8322
4.35168
4.53831
4.92445
3.76654
4.92144
4.33822
4.48147
4.92966
4.32402
4.94975
4.48086
4.33173
4.63581
4.49327
3.57929
4.62318
3.16118
4.57189
4.50452
4.62695
4.68898
3.48054
4.66644
4.292
4.35181
4.207
3.75327
2.52284
4.21332
4.16227
4.96644
4.612
4.32938
4.67766
4.53412
3.90369
4.33117
4.39772
4.4862
4.3716
3.92464
2.57541
3.00392
2.61092
4.4952
2.85031
2.63262
4.6457
3.48661
3.98642
4.2945
4.92311
4.21653
4.40225
4.19927
3.67206
4.703
3.86781
4.74934
4.98289
2.8299
4.24377
3.74297
4.91211
4.44994
3.80147
4.33844
4.5634
2.94856
3.45251
4.99212
1.56116
4.34873
2.79262
2.57083
2.8653
2.44663
1.43355
3.27313
4.74632
4.04813
4.36669
3.79863
4.78683
4.0508
4.20363
4.0368
4.62227
4.36726
3.17476
3.67273
2.81943
4.39304
3.79454
4.60301
4.8833
3.9119
4.38057
4.59832
4.38544
4.33033
2.50049
4.18006
4.11611
4.46577
4.86935
4.14121
4.18939
4.1063
3.7931
4.47034
4.90929
2.51337
2.92016
4.45689
4.60556
2.51032
4.01396
3.44688
4.53262
4.19141
3.72075
4.30933
2.43129
2.87726
4.76724
2.52997
3.08539
2.53064
3.06068
2.57458
2.84725
4.30527
4.48599
4.54027
4.17599
4.64151
4.86959
3.67078
4.47661
4.3989
4.4619
4.38297
4.8894
4.35423
4.92872
4.69733
4.60294
4.071
1.5462
4.22027
3.70163
4.16357
3.67241
4.20165
3.6798
4.80186
2.79299
3.94979
2.7641
4.09322
2.70695
2.41658
4.21828
4.84217
4.59941
4.35418
4.87495
2.93848
2.51321
4.68112
4.32826
2.95487
4.50143
2.82757
3.45595
3.74895
2.40519
3.84263
4.25665
1.48338
2.44539
3.86452
3.13828
2.54575
2.97614
2.52289
3.0877
2.54358
1.47805
3.83847
4.31921
3.67273
4.24976
3.65583
4.32086
4.7073
4.41162
2.99326
4.908
2.89573
4.19716
2.84037
4.17646
4.39841
2.50041
4.35143
4.48651
4.32929
4.48565
3.1743
4.92014
4.78977
2.52509
2.80863
4.44153
3.05625
4.32968
4.98472
4.73045
4.42883
3.93276
3.57956
3.84538
2.51348
1.60979
4.46601
3.98064
2.6251
4.60325
4.19957
4.97143
4.54479
4.17188
4.97031
4.90233
4.28632
4.67687
4.98308
3.51278
4.61108
4.46345
3.08432
2.5611
1.54575
2.59789
1.49812
4.39782
4.49461
4.30742
3.89321
4.21859
4.32377
4.36059
4.42679
4.23021
4.49987
4.8675
2.80462
2.22602
4.22308
3.71172
2.7
4.64836
4.3138
4.3904
4.94379
4.42489
3.94509
2.55431
3.44808
3.90242
2.64626
4.60642
4.35197
2.96481
4.53423
4.17484
3.9126
2.87155
4.77111
4.62211
3.7826
4.38167
3.94631
4.4426
4.57177
3.82505
3.48658
3.01349
4.29688
4.67802
1.52564
2.55086
1.61256
2.42683
3.91807
4.66277
4.5946
3.17171
4.6866
4.99108
3.93478
4.47903
4.92908
4.84622
4.13004
4.52378
3.90564
3.68057
2.98453
4.75687
4.41032
4.20951
4.43079
4.15987
3.71587
4.15835
4.3584
4.35614
4.29672
2.82022
4.96166
2.34124
3.73458
4.0818
4.45481
4.22545
4.91034
4.84503
4.242
3.89519
2.44045
4.59021
4.94099
4.20601
4.22269
2.38236
3.68484
3.34347
4.44552
2.55498
2.82477
4.33299
2.87389
2.48306
1.47291
4.39202
4.50756
4.77835
4.53857
4.91243
4.32757
4.49485
4.63823
3.55924
4.52705
4.6088
4.21285
4.24406
3.80799
4.25613
4.2981
4.76195
4.2122
4.65134
2.50213
4.96003
2.94313
4.38179
3.72385
4.43453
4.10485
3.94391
2.78868
3.78895
4.96089
4.54312
4.42484
4.26382
4.52453
4.30378
3.77171
4.93393
2.88747
2.58653
2.90893
4.35967
4.48949
3.80722
4.28758
1.43232
2.31505
2.84542
3.47531
1.60406
2.44357
2.96968
1.63961
2.29006
3.74226
4.67157
4.4308
3.009
3.81897
4.54862
4.88341
4.31965
4.34735
4.57473
4.47316
4.46505
3.94509
4.27069
4.61536
4.25213
2.38357
2.67055
4.91941
3.84853
4.25908
3.027
4.22678
4.40401
4.99775
3.81175
4.79516
4.30633
3.91974
4.30672
3.0654
2.65299
1.60685
4.30807
2.82362
2.50411
1.51823
3.5823
2.98169
2.44318
4.88875
4.44619
4.23351
4.9836
4.93529
4.25937
4.93841
4.54107
4.18169
4.47927
4.60023
3.56836
4.50028
2.81436
4.43229
4.26736
4.46781
4.32886
4.09345
2.73866
4.48802
4.45473
4.78833
4.63073
4.30847
3.74981
4.11726
4.59032
4.41831
4.61807
4.42708
3.84539
2.7121
4.97553
3.12425
2.50633
4.31398
3.12931
2.60276
4.73811
3.69217
3.95224
4.12016
4.3541
4.26481
3.75343
4.90086
3.84138
4.49001
4.98217
2.75259
4.1815
3.60199
4.85544
4.37125
3.75708
4.17601
4.42538
2.89729
3.35361
3.87277
4.60071
4.40694
4.60675
4.13459
3.60569
4.90261
3.14902
4.38025
3.84386
4.62476
4.94276
3.75405
4.42335
4.22462
2.8995
3.50752
4.62175
4.33946
3.8479
4.2608
4.89116
4.36624
4.29317
4.41421
3.74761
4.34183
2.44377
4.34019
4.30039
4.66364
4.90205
4.59644
4.40329
3.96766
4.34735
2.65258
3.09066
4.18829
4.90339
2.447
2.81747
4.24022
4.58747
2.51863
3.73314
3.63
4.53516
2.47057
3.03902
2.43203
2.83535
2.34369
3.00509
3.71266
4.34699
4.59571
3.50425
3.78732
2.35004
3.79166
2.47853
3.61275
4.08146
1.51198
3.4442
4.42101
4.57709
4.94056
4.33697
4.6153
3.537
3.7225
4.37117
1.50156
2.33404
3.83465
2.48896
3.76209
4.84488
4.6099
4.24857
4.90781
2.84214
4.14195
2.79849
2.40995
4.55445
4.3121
2.87391
3.46649
4.23561
4.66015
4.91346
4.9328
4.17847
4.55628
4.87868
4.98802
4.54049
4.24951
4.69315
4.16481
2.87917
2.35592
2.81848
2.47531
2.92003
2.50411
3.8196
3.48783
3.88604
2.48318
3.80978
2.61092
1.52031
4.26816
3.45382
4.82273
4.19928
3.73343
3.44417
1.47007
4.18286
3.7526
2.49768
3.80678
2.51572
2.83519
2.96287
4.31629
4.54107
2.38989
2.86343
4.41268
4.96866
4.64125
4.29291
3.48948
4.46652
4.30169
4.50348
4.53141
4.96085
3.85894
3.43934
3.8578
2.41233
1.54288
4.29015
3.75762
2.65464
2.96361
4.65361
2.51511
2.8301
4.43014
3.10879
4.20877
4.7861
4.43578
4.28483
2.75474
4.98109
2.84864
4.31172
2.92594
4.20692
4.59551
2.45949
1.53481
3.81043
4.40273
3.78952
4.41627
3.88919
4.32754
4.5809
4.35431
4.98761
4.31908
4.56991
4.63084
4.29227
2.92889
2.33921
1.47726
2.41312
1.50037
2.58153
3.40754
3.79477
4.21989
3.00583
2.49825
4.53075
3.77167
3.39911
4.25073
4.34267
2.82303
4.18896
4.72091
3.56593
4.61456
4.59943
4.57668
4.29984
4.98392
4.27114
1.45516
3.57625
1.55101
2.48098
2.97415
2.55454
2.88805
4.27179
4.53755
3.0507
4.32452
3.90049
2.49661
2.87103
4.94104
4.47192
4.3206
3.8758
2.38923
4.98434
3.42316
3.74837
2.34303
4.45695
4.11338
2.77251
2.44462
4.98887
4.47261
4.19301
4.33332
4.8305
4.14811
3.76591
4.19245
4.83172
4.20281
4.33411
4.52176
4.96287
2.88646
2.46088
4.14243
3.86053
4.29886
3.77019
4.22746
4.2128
4.2031
4.39393
1.51029
2.4792
1.56291
2.61536
3.93536
3.4683
4.5166
4.36864
2.87283
2.49806
3.90402
3.61023
2.99402
4.30918
4.48467
2.58177
1.47703
4.29688
1.51917
3.39981
2.72555
2.45245
2.96877
2.34557
2.88612
4.45595
4.84365
4.18654
3.70434
4.55981
4.29545
3.06766
4.07681
4.34007
2.53649
4.40484
4.24499
4.48783
3.61346
4.51734
4.71235
4.4154
3.96966
3.4883
2.91563
4.50182
4.34583
4.536
4.86969
4.97799
4.89696
3.80833
4.40973
2.73561
4.49534
4.97274
3.78376
4.1701
3.76601
4.54967
4.34754
2.72985
2.27767
1.58074
2.58911
4.20646
2.97449
3.55559
3.87842
2.47301
4.57611
3.71347
4.12247
4.51617
3.45949
4.95444
2.80524
2.43609
2.61131
4.587
3.5194
3.84631
4.42329
2.97167
2.65164
4.32034
4.56403
4.32096
4.35118
3.87815
3.58126
2.83885
3.32118
4.24004
4.38997
3.88288
4.98819
4.10347
4.42257
4.84131
4.17976
4.80087
4.44177
3.36596
4.69415
4.44003
4.16171
4.77358
4.76337
4.0858
4.99627
4.25925
4.79846
1.51209
2.49616
3.88419
4.49632
4.28094
3.62975
2.92744
2.44015
2.81367
4.2513
3.72143
3.32232
4.30843
2.3358
3.69556
2.92486
3.57625
4.59594
4.30359
4.54646
4.8595
3.88045
4.98595
4.30327
2.51318
4.64605
2.43253
3.74542
3.64918
2.94691
4.25187
4.43847
3.85198
2.48676
4.20248
4.51851
4.31301
1.58624
4.23841
2.94673
2.49327
1.51531
3.52489
2.80917
2.51755
2.95492
4.29742
4.49322
4.0191
4.5413
4.15531
3.75637
4.21747
2.78003
4.95371
2.49791
2.8668
3.78869
4.60059
4.87897
4.3382
3.7997
4.61894
4.38717
4.65597
4.3558
2.56683
2.97098
4.88493
3.8026
4.39227
4.32239
4.51454
4.34354
4.20719
3.75589
4.22958
2.94944
4.33748
4.6823
4.55406
4.67639
3.52257
4.5377
4.19414
1.60912
2.42941
2.9013
2.35169
2.83514
3.32384
1.36372
2.3482
2.56494
4.55534
4.18329
3.06234
3.65945
3.81652
4.31241
4.99198
4.1917
4.68218
2.61808
4.54655
3.92439
2.96912
3.77961
2.81136
4.0921
4.66034
3.51264
4.89963
2.94718
3.73516
4.16686
4.51073
2.65069
4.3766
3.06504
2.59026
4.67426
3.55369
3.92603
4.3217
4.37418
4.53026
4.32553
3.84754
2.49392
3.08989
2.5355
4.40829
4.43874
4.65818
4.37023
4.35192
4.47493
4.37797
4.02802
3.93495
4.33111
4.99625
4.55124
4.25457
1.50803
4.17339
2.70739
2.46498
2.80368
2.48656
1.52872
3.40047
4.44017
4.36759
4.53682
4.66015
4.65296
3.56173
3.88986
3.12565
4.62668
4.44923
3.64947
2.99158
3.82849
4.24481
4.57869
2.23834
4.46616
2.54029
2.83493
4.24468
3.88526
3.34086
4.41146
4.08091
2.48978
3.74541
4.18617
2.67714
4.84681
4.29469
3.79118
4.44755
4.27774
2.82667
3.39107
2.75807
4.17945
3.61466
4.53989
4.72414
4.97815
4.51699
4.95826
3.77179
4.23544
3.69513
4.84247
4.08191
4.33973
4.98694
4.35932
2.20172
2.8081
2.26368
2.86495
2.46591
2.74852
3.3248
4.99867
4.24079
4.6864
4.47194
4.63232
3.52076
4.20731
4.42125
4.90912
2.73351
4.27212
3.11871
2.61592
4.55461
4.47997
2.86126
3.47562
3.50911
4.30393
1.44006
2.41693
3.71605
2.26553
3.69872
4.73047
4.46439
4.13278
4.95971
4.20622
4.41287
3.37105
4.05533
4.64575
4.90618
4.8011
4.84278
4.72574
4.23138
4.80548
4.3335
4.07572
3.05766
2.35592
2.82691
2.39395
2.81348
2.37882
3.75843
3.59922
3.97962
2.57987
3.87627
2.73647
1.74355
4.3788
4.74396
4.5192
4.33963
3.62436
3.50673
1.53212
4.36683
3.89001
2.34626
3.70956
2.61775
2.90469
2.89539
4.47417
4.75257
2.53416
3.00908
4.38608
4.85742
3.51779
4.42881
4.42288
4.40361
4.68238
4.74197
4.45818
4.32425
3.78588
3.48193
3.81122
2.40559
1.45278
4.25851
3.71013
2.2899
2.99791
4.93198
4.59671
2.53286
3.05431
4.36532
2.95002
4.46286
4.70477
4.20761
2.79518
4.7918
2.89242
4.36232
2.80321
4.31351
4.53214
2.42281
1.50142
3.89973
4.35146
3.78468
4.26042
3.67114
4.33693
4.19376
4.57247
4.67753
4.34342
2.92364
2.41166
1.54258
2.5102
1.58473
2.52627
3.74186
4.01251
4.48731
3.16468
2.7808
4.75633
4.97748
4.29122
4.48186
3.7
4.34951
4.56938
4.87281
4.50108
2.66919
4.65293
4.45455
4.19091
4.94698
3.57455
4.14729
1.42535
3.49
1.49538
2.37554
2.7504
2.18643
2.80323
4.16827
4.70111
4.87411
3.09868
4.31695
3.84822
2.54382
4.82299
4.15716
3.68211
2.36685
3.51074
3.81648
2.5677
4.53215
4.20383
2.91861
2.61215
4.77433
4.51089
4.48977
4.27194
4.98067
4.42443
4.06772
4.31932
4.01122
4.51107
4.81861
2.72826
2.35856
4.14769
3.76359
4.08816
3.94887
4.35854
4.31148
1.52093
2.47105
1.47606
2.41032
3.72426
3.47054
4.541
4.37094
3.03529
4.58584
4.28566
3.03891
4.97668
3.92036
4.36223
2.63636
1.49545
4.34668
1.49874
3.6528
3.05241
2.49304
2.90132
2.61709
2.96432
4.39475
4.18509
3.86361
4.13239
4.71389
4.14119
4.51139
3.61169
4.57817
4.37469
4.98536
4.88824
3.75979
4.29436
3.73483
3.40684
2.68612
4.52233
4.01879
4.52509
4.88404
4.61932
4.22453
2.87479
4.47373
3.75609
4.24338
3.69123
4.78115
2.8311
2.43251
1.46513
2.3522
4.26728
2.88733
3.53199
3.80383
2.5303
4.56663
4.42974
3.97023
2.51688
2.50758
4.76802
3.7862
3.85764
4.31375
3.1247
2.64602
4.18768
4.48864
4.39329
4.29487
4.8698
4.98561
3.5395
2.87053
3.47128
3.99806
4.39795
3.78521
4.76678
4.20495
4.82887
4.12832
4.73953
4.42574
3.30674
4.64654
4.263
4.19652
4.90427
4.23721
4.92178
4.17469
4.92245
4.76524
1.61084
2.36111
3.76055
4.61155
4.29937
3.60014
3.04815
3.97294
4.47576
3.82288
2.98735
3.38323
4.55715
4.4652
4.59614
4.92666
2.47806
4.42011
4.66629
4.28357
2.41307
4.68435
2.69969
3.84299
3.53067
2.88273
4.26323
4.36782
4.94154
3.85762
4.56003
4.03583
3.78632
4.26805
2.88003
4.88713
2.45558
1.5021
4.16805
2.81465
2.35392
1.37125
3.42145
2.79286
2.23961
2.85748
4.28358
4.55109
4.90667
3.7788
4.44738
4.31846
2.82078
3.70672
4.45681
4.98929
4.16467
3.73754
4.21983
4.28384
3.80045
4.2009
4.44997
4.19174
2.31308
2.81869
4.80716
3.68716
4.23482
4.26407
4.50502
2.86028
4.26395
4.54704
4.5595
4.71424
3.70372
4.53141
4.26524
4.48058
2.56256
4.28359
3.86909
2.98719
2.42568
2.48708
4.60533
4.33856
2.78649
3.43939
3.93397
4.33792
4.99306
2.83047
3.89469
4.30945
4.51275
3.78054
3.11706
4.35979
4.60697
3.44027
4.28976
4.34739
4.25589
3.74036
2.40488
4.85371
2.91781
2.4546
4.29057
2.8055
2.30145
4.55783
3.51456
3.63462
4.33767
4.96954
4.16822
4.17134
4.31281
3.75444
2.38329
4.19669
4.18631
4.96095
4.478
4.21404
4.54192
4.26826
3.72264
4.25128
4.85088
1.54834
4.25628
2.96737
2.49618
3.00491
2.46161
1.53626
3.58245
3.76391
2.90157
4.74222
4.19024
3.66837
3.0072
3.73104
4.21659
4.59407
4.11875
4.87942
2.2597
4.60263
2.56846
3.0043
4.21442
3.64633
3.47511
4.4938
4.28086
2.58374
3.79413
4.26953
2.94514
4.94509
4.80941
3.68055
4.38931
4.10165
2.73435
4.95532
3.22132
2.81075
4.18078
3.75331
4.46717
4.94976
4.39991
4.79262
3.65651
4.05432
3.70798
4.8464
4.93226
4.19013
4.4423
4.48232
2.46639
2.81186
2.48852
2.78091
2.33988
2.94339
4.90745
4.86018
4.25195
4.62831
3.50396
4.17703
4.4039
4.51821
4.27173
2.71607
4.33489
2.90504
2.59187
4.50639
4.1535
2.90093
3.44689
3.79321
4.14685
1.56424
2.41674
3.81251
2.50611
3.80054
4.96501
4.87969
4.20999
4.38987
3.45032
4.19866
4.65174
4.80522
4.74864
4.26144
4.74666
4.48932
4.19963
2.93694
2.50147
2.83877
2.48875
2.76137
2.41772
2.84996
2.85623
4.25716
4.44077
2.5308
2.95558
4.25821
4.92871
4.57764
4.33735
3.70264
3.56072
1.61102
4.46931
4.02616
2.54707
3.84386
2.5009
4.95211
4.25298
4.5825
3.57062
4.66242
4.29192
3.08264
4.59451
2.55668
2.98587
4.35781
2.90592
4.38782
4.95404
4.66456
4.28331
3.88861
3.3794
3.81989
2.4027
1.49916
4.33971
3.872
2.61524
1.52715
3.8699
4.39221
3.86116
4.238
3.97428
4.31356
4.57936
4.27247
2.91164
2.97291
4.34585
2.89542
4.28984
4.47484
2.56461
4.51311
4.37694
4.26762
4.52589
2.95623
2.47023
1.42022
2.38665
1.4554
4.22099
4.98077
4.31763
4.4344
3.57393
4.44915
4.65013
4.62613
4.23562
4.46456
2.74009
4.08812
3.87988
2.38081
2.98303
4.66066
4.36037
3.80435
4.25898
1.49709
3.38088
1.4984
2.39839
2.98459
2.61112
2.83284
2.50241
4.88556
4.58886
4.24343
4.19328
4.49068
3.92624
2.58281
3.4593
3.88764
2.48148
4.63741
4.45203
2.98639
4.32819
4.34848
4.37341
3.82931
4.25042
4.25453
4.4619
4.62914
4.17653
4.53137
4.86503
2.91755
2.41164
4.32887
3.77219
1.46417
2.55218
1.46133
2.5059
2.91063
4.60161
4.36517
3.9718
4.42355
4.35919
2.93827
3.98287
4.36568
2.58264
1.4385
4.3745
1.47962
3.68894
3.15208
2.47666
2.97505
2.52722
4.9169
4.2553
4.69794
4.33947
4.67314
3.51404
4.42367
4.64681
4.70264
4.98431
3.86158
4.2061
3.90051
3.48023
2.94503
4.63617
4.43832
3.83983
4.56193
4.33623
2.88865
4.63205
3.79774
4.36144
4.95998
2.8324
2.3255
1.56537
2.41914
4.33005
4.83768
4.55991
4.40019
4.30675
3.89654
2.46235
2.42665
4.68715
3.75783
3.75036
4.29718
2.91263
3.79304
4.81083
4.30915
4.50101
3.82595
2.91495
3.41581
4.3923
4.54436
4.35576
4.93901
4.98048
4.32841
4.78449
4.44911
3.42758
4.56026
4.61092
4.18843
4.20687
4.8653
4.87896
1.50407
2.3147
4.47743
4.04537
4.56021
3.85949
2.97075
3.68401
4.75537
4.36701
4.03028
4.92409
3.59847
2.54063
4.42865
4.55222
4.99764
4.18397
2.33827
4.33128
2.38049
3.62454
3.47042
2.94459
4.10437
2.86771
4.30831
4.46924
4.9076
3.71444
4.71401
4.39387
3.93873
4.46516
3.20701
2.61939
1.62083
4.22573
2.8283
2.62603
1.54943
3.60209
3.12135
2.51122
3.88782
4.77812
4.39484
3.0633
4.01136
4.61485
4.42009
4.20922
4.48264
4.35021
4.35178
3.95201
4.31608
4.35096
4.23848
2.41748
2.73061
4.88278
3.83241
4.19694
2.72811
4.14946
4.96843
4.3501
4.67192
2.70486
4.56433
3.97523
3.15792
2.48899
2.33197
4.74541
4.48605
2.91291
3.63402
3.76789
4.93535
4.76627
2.89701
4.02387
4.36831
4.96345
4.49434
3.69373
2.84471
4.08114
4.52944
3.55881
4.23969
4.78373
4.45131
4.5835
4.37063
3.95919
2.67137
2.85542
2.51595
4.99937
4.16554
2.86642
2.38233
4.56202
3.58303
3.78939
4.20646
4.44801
4.44372
4.37444
3.87226
2.48442
4.31325
4.20379
4.86745
4.51344
4.57616
4.38821
3.74465
4.13366
4.95591
2.85417
3.85519
4.32231
4.66462
4.92704
3.83106
2.95093
4.8621
4.29946
3.56693
4.5955
4.18078
2.4146
3.67588
4.35281
2.89978
4.87554
4.28169
4.95771
2.44336
4.4463
2.46978
2.87955
4.34884
3.92386
3.50515
2.89625
4.24824
3.73563
4.37103
4.84498
4.91663
3.83045
4.41095
4.19873
2.7805
3.50137
3.7214
4.50319
4.98171
4.25976
4.49645
4.20069
3.70447
4.83978
4.78263
2.53896
2.9997
2.42127
2.93834
2.6888
2.85828
3.60506
4.34292
4.60899
3.47531
3.91034
2.55992
4.04049
2.80967
3.82691
4.34501
1.61479
3.56933
4.44957
4.48133
4.96796
4.44762
4.673
4.99718
4.55382
4.28864
4.70499
4.2126
3.35411
4.37428
4.62719
4.93612
4.31958
4.61296
2.87725
2.66269
3.17031
2.54305
3.05867
2.59515
3.80458
3.35484
3.68139
2.42345
3.66128
2.40949
1.5392
4.17928
3.73684
4.42483
4.53176
3.87933
3.63642
1.62163
4.47638
4.13127
2.51877
4.03993
2.6778
2.99178
4.85389
2.85487
4.23558
4.41372
2.38683
3.08841
4.22858
4.87808
4.585
4.88775
4.25103
4.6043
4.53358
4.16653
4.90842
3.77053
3.33566
3.77956
2.52573
1.51924
4.22061
3.77871
2.22298
2.89635
4.62207
4.31531
2.27142
2.71399
4.10642
2.68572
4.1488
4.95691
4.9167
4.79828
4.88469
4.40414
2.93107
4.90186
2.8319
4.33708
2.96309
4.28233
4.43185
2.49452
1.44321
3.52989
4.22447
3.61525
4.16089
3.81007
4.08793
4.36234
4.23892
2.80323
2.466
1.42415
2.45719
1.5836
2.5929
3.54499
3.81275
4.28107
2.87498
2.44819
4.65706
3.7625
3.61485
4.48728
4.53484
2.94452
4.1098
4.56838
3.41266
4.67609
4.32153
4.5818
4.27012
4.91732
4.9832
4.39801
4.44685
4.95677
2.80259
2.52395
4.18996
3.95002
4.33971
3.78892
4.16918
4.43861
4.91757
4.99732
4.18961
4.56875
2.20234
3.38934
3.74276
2.38574
4.35004
4.20408
2.72766
2.48888
4.85548
4.54239
4.21831
4.22471
4.84231
4.22792
3.77015
4.06423
4.84759
4.2822
1.51023
2.3463
1.51003
2.34588
3.82755
3.37306
4.3682
4.34
2.89565
2.47466
3.91533
3.66263
3.01406
4.3063
4.57575
2.50131
1.40904
4.29797
1.59762
3.53265
3.01043
2.36893
2.95514
2.52361
2.77462
4.56559
4.8444
4.24753
3.87809
4.71941
4.29046
3.00722
4.94514
4.00513
4.33952
2.58107
4.91908
3.62438
3.53912
2.85754
4.49777
4.1313
4.60194
4.93039
4.91855
3.85732
4.26495
2.8757
4.5638
4.96431
3.80554
4.37641
3.82854
4.57621
4.15107
2.82445
2.50039
1.43628
2.5739
4.30868
2.97028
3.4936
4.01187
2.59014
4.62126
3.78992
4.28712
4.59159
3.53396
2.82059
2.39543
2.58109
4.64929
3.70596
3.75089
4.36763
3.10338
2.54703
4.43473
4.99379
4.65452
4.47793
4.31063
3.86518
4.96935
4.05581
4.61974
4.64389
3.55427
4.59929
4.4753
4.41453
4.93142
4.26582
4.43195
1.44422
2.45819
3.83454
4.57667
4.21956
3.51136
2.9103
2.47219
3.05629
4.41491
3.94141
3.56594
4.5356
2.50202
3.55685
2.85558
3.32032
4.43309
4.27137
4.43519
4.90165
3.87129
4.8654
4.22852
4.77254
4.42583
2.57559
3.10162
3.91703
4.55734
4.37622
4.85942
4.19485
4.20993
3.84654
4.44264
1.41923
4.29482
3.02295
2.52486
1.5334
3.4838
2.9516
2.45833
3.04018
4.34155
4.55052
3.87479
4.58229
4.26694
3.81689
4.28111
2.94405
4.96609
2.54692
2.74026
3.84477
4.49023
4.99392
4.36296
3.88276
4.52218
4.11707
2.90546
4.41355
4.52201
4.48587
4.59875
3.54978
4.5796
4.29841
1.43865
2.65231
3.077
2.66907
2.93839
3.51367
1.65343
2.31438
2.52772
4.44312
4.30697
2.7246
3.38152
3.82217
4.19554
4.98993
4.41075
4.40928
2.5294
4.37619
3.71864
4.85003
2.87157
3.85058
4.43019
4.98619
4.4277
4.32525
2.34556
4.33388
2.88821
2.42887
4.44579
3.43019
3.71253
4.3914
4.92063
4.30329
4.43355
4.19709
3.71156
2.45197
4.89065
2.84743
2.32513
4.25813
4.19395
4.70668
4.58275
4.30955
4.25554
4.19339
4.1984
3.58692
1.56925
4.42456
2.97691
2.50038
2.87126
2.68674
1.57868
3.60365
4.67308
4.27063
4.62781
4.62613
4.64742
3.47149
3.60348
2.82608
4.62861
4.11864
3.55941
2.87855
3.84978
4.30084
4.63931
4.924
4.30984
3.91898
4.39794
4.50907
3.64437
4.61211
4.35971
2.96832
3.47157
3.08874
4.43624
3.90092
4.64385
4.4403
3.91107
4.49112
2.29262
2.89564
2.42963
2.88203
2.37045
2.82798
3.46609
4.93007
4.17419
4.68
4.94592
4.2293
4.65235
3.56824
4.15103
4.67236
4.92402
4.8155
4.25564
4.87929
4.41618
4.02294
4.79361
4.29395
4.38944
3.44879
4.13736
4.63029
4.73005
4.92026
2.91837
2.62057
2.93838
2.62665
2.93821
2.47798
3.81336
3.46188
3.73419
2.55853
3.80041
2.39259
1.5665
4.28118
4.43069
4.38893
3.99176
3.52777
1.48509
4.24327
3.73163
2.47896
3.94
2.4988
3.02101
4.94495
2.94174
4.33559
4.65171
2.3944
2.83342
4.27926
4.93955
4.32759
4.49496
4.5164
4.16246
4.92295
4.5763
4.21234
3.90157
3.32467
3.82945
2.48759
1.56009
4.24556
3.75595
2.55069
2.84554
4.92883
4.39459
2.30087
2.75683
4.16123
2.77825
4.12437
4.6337
4.25455
2.8584
4.79847
2.83501
4.30759
2.93847
4.22374
4.67291
2.42735
1.48423
3.87718
4.34694
3.85533
4.08896
3.72927
4.3472
2.9552
2.48248
1.56679
2.38425
1.59432
2.45582
3.38933
3.87056
4.34106
2.83601
2.5065
4.54588
4.79832
4.33565
4.58119
3.36207
4.75505
4.49422
4.53188
4.33002
4.98532
4.32319
4.71974
4.35413
4.60875
2.95464
2.43582
4.37142
3.68556
4.41825
3.83635
4.39939
4.35859
4.93243
4.32572
3.77396
2.52743
3.55348
3.91997
2.42919
4.6426
4.32631
2.9506
2.43814
4.98487
4.53426
4.18889
4.17032
4.29466
4.93213
4.34362
1.4414
2.76065
1.53135
2.51729
3.94856
3.51613
4.54148
4.27691
2.99073
4.33708
4.2058
2.66329
4.898
3.87185
4.05433
2.43655
1.52228
4.2105
1.5274
3.28249
2.72858
2.40146
2.88025
2.52893
2.95049
4.58416
4.28001
3.74622
4.9211
3.79388
4.17929
3.97067
3.55664
3.00829
4.53983
4.46613
4.59247
4.917
4.4381
4.26584
2.84027
4.51068
4.9035
3.75526
4.29991
3.81706
3.08104
2.34353
1.54167
2.6816
4.28329
2.89463
3.53945
3.74855
2.49382
4.6398
4.001
4.95319
3.7191
2.44174
2.28083
4.24554
3.28718
3.6405
4.16712
2.8753
2.50362
4.27909
4.456
4.12613
4.91247
4.86617
4.34632
4.70772
4.52317
3.48012
4.55725
4.63381
4.2743
4.88334
4.13197
4.82384
4.21037
1.64197
2.68345
3.91727
4.48373
4.51002
3.49841
3.09045
3.81937
4.914
4.54238
4.08881
3.03737
3.63566
4.84519
4.49688
4.80891
4.0347
4.09713
3.70304
4.2757
4.39725
4.14447
2.28972
2.62139
4.79308
3.69184
3.92954
4.19188
4.37905
4.36858
4.22543
3.62648
4.28541
2.91683
4.79567
2.27828
1.40491
4.08447
2.71345
2.58048
1.48644
3.40103
2.81778
2.43018
2.81115
4.29801
4.48277
4.80497
3.64088
4.49594
4.3748
3.03324
3.78186
4.65249
4.99084
4.35027
3.98065
2.85495
4.25951
4.63893
4.51097
4.4196
3.48635
4.62652
4.19122
4.65311
2.41627
4.50179
3.73639
3.04194
2.54793
2.47096
4.46384
4.17164
2.91734
3.66509
3.84813
4.29735
4.87901
4.51683
4.32662
3.80742
4.1082
4.15984
4.56502
4.29975
3.88975
2.53143
4.96546
2.79088
2.56269
4.24833
2.98193
2.46313
4.58653
3.50853
3.85788
4.19377
4.83618
4.23766
4.31159
4.33713
3.92354
2.55143
4.24175
4.26724
4.55
4.28926
1.54875
4.23459
2.81058
2.42408
2.86343
2.36045
1.46177
3.4671
4.95067
3.86017
2.68567
4.31556
4.18257
3.40831
2.85944
3.74786
4.12955
4.33547
4.83503
4.41096
3.88021
4.90596
4.30025
4.68911
4.92861
3.95121
4.66435
4.36825
2.91473
3.61355
2.90188
4.20161
3.69234
4.45867
4.91714
4.49956
4.89993
3.77433
4.45885
2.24648
2.93131
2.55585
2.68277
2.40564
2.80242
4.94837
4.14919
4.57547
3.5974
4.25013
4.60475
4.68338
4.23159
4.9917
4.99218
4.38712
4.22598
4.81147
4.97549
4.23125
4.51481
3.34154
4.08993
4.68195
4.91456
2.99214
2.56651
2.88705
2.52994
2.88386
2.48236
2.69839
4.99229
3.04692
4.16489
4.51424
2.47057
2.7773
4.29094
4.93046
4.41531
4.18322
3.8396
3.40995
1.57867
4.14652
3.83567
2.39456
3.69783
2.3954
4.41497
4.41792
4.9197
4.22461
4.63408
2.92392
4.74462
2.62677
2.96384
4.35997
2.97088
4.31871
4.9424
4.59397
4.40403
3.86859
3.54779
3.7944
2.44498
1.60759
4.33994
3.87749
2.49149
1.59779
3.97325
4.30206
3.84432
4.40986
3.74427
4.46396
4.68
4.29119
2.90827
4.8385
2.94815
4.27023
2.88862
4.18544
4.47819
2.41246
3.03136
2.6583
1.44989
2.40535
1.58891
4.26144
4.72308
4.33247
4.65787
3.59718
4.56061
4.46861
4.55978
4.53374
4.00882
4.50118
4.38337
4.26157
4.41981
4.34233
4.48833
4.9816
2.80505
2.52999
4.30655
4.01168
2.5719
4.76219
4.45683
4.49542
4.97906
4.18325
3.77451
2.38209
3.55447
3.81709
2.44309
4.53844
4.17972
2.99493
4.38095
4.32628
1.42785
2.54178
1.56058
2.59135
2.95425
4.82055
4.8805
4.39975
3.77697
4.56551
4.1663
2.73123
4.6897
3.5726
4.19647
2.33367
1.43456
4.25515
1.5245
3.34715
2.86541
2.42006
2.71344
2.41917
4.68215
3.9327
4.52004
3.93595
3.50784
2.9989
4.64527
4.40226
4.0382
4.56643
4.32065
2.9007
4.72108
3.85946
4.36898
2.90803
2.42479
1.69304
2.44575
4.47102
4.86419
4.50479
4.15133
4.05009
4.6904
3.63886
2.36312
2.35032
4.28134
3.37127
3.64291
4.02116
2.7322
4.37665
4.98078
4.36469
4.54109
4.4687
3.51103
4.60263
4.64231
4.36076
4.19108
4.85878
1.43631
2.43661
4.43088
4.99594
3.59038
4.86101
4.16223
3.79497
2.96007
3.40014
4.38788
4.22332
4.47996
4.71552
4.40484
4.35602
3.86582
4.23059
4.67692
4.3257
2.4833
3.04574
3.91197
4.5176
3.03088
4.48312
4.65542
4.03675
4.55675
4.24758
3.96468
4.35719
2.87308
2.5777
1.55384
4.47359
3.00863
2.53412
1.50276
3.59281
2.90437
2.5604
3.92531
4.59394
4.29637
2.98458
4.03149
4.61619
4.89237
4.37766
2.86725
4.24074
4.8635
4.38743
4.5155
2.32185
4.11732
3.78216
4.99006
2.84512
2.50218
2.47969
4.48926
4.31403
2.80536
3.35938
3.74397
4.66561
4.3359
3.78591
4.39392
4.31189
4.41054
4.49299
4.43372
3.92514
2.55653
4.99895
3.06948
2.49996
4.28699
2.85703
2.39529
4.56532
3.48721
3.78095
4.38595
4.26833
4.32803
4.33605
3.83792
2.50912
4.43335
4.32993
4.92329
4.60047
2.81389
3.95308
4.24206
4.50799
4.91577
3.88662
2.946
4.62196
4.21957
3.47308
4.38998
4.69088
4.19793
3.84679
2.83231
4.42297
3.89125
4.64739
4.95946
3.79763
4.55484
4.25382
2.87789
3.53665
3.83831
4.56244
4.89079
4.41772
2.44397
2.87283
2.47434
2.68882
2.41764
2.82546
3.29411
4.21759
4.62919
3.68048
3.72537
2.40109
3.80861
2.69716
3.78377
4.30792
1.54372
4.79059
4.6509
4.42199
4.09232
4.74919
4.98207
4.16743
4.98502
3.36579
4.13669
4.81624
4.81873
4.85159
4.19163
4.28349
2.89654
2.4139
2.84861
2.53721
2.96354
2.36694
3.71661
3.46011
3.97326
2.44867
3.66241
2.55264
1.49275
4.24666
3.5078
4.5383
4.33449
2.84953
4.80459
2.95202
4.2849
2.80085
4.31372
4.4876
2.35608
1.51556
3.91116
4.2254
3.75002
4.3973
3.85977
4.27247
4.57532
4.30608
4.37046
4.60416
4.43419
4.33192
3.88729
3.61627
3.9217
2.56163
1.58925
4.29761
3.76875
2.60934
2.95019
4.59738
2.5033
2.84411
4.39476
2.97288
4.3624
4.55433
4.21231
2.98713
2.62395
1.46689
2.64775
1.49321
2.29093
4.99784
3.4229
3.63913
4.05022
2.75051
2.47732
4.41452
3.91137
3.74159
4.56028
4.74832
3.13372
4.24601
4.89069
4.95868
4.20522
4.20354
4.45774
4.99627
2.95997
2.43522
4.25811
3.63845
4.33076
3.68759
4.18543
4.17848
4.48798
4.62153
2.52178
3.49418
3.85038
2.46192
4.54994
4.17237
2.93731
2.37847
4.74616
4.44233
4.04637
4.249
4.97796
4.41183
3.74224
1.49254
2.46229
1.51971
2.46474
3.76133
3.5982
4.60215
4.34285
2.93171
2.35963
3.70148
3.36244
2.89877
4.26641
4.53111
2.46314
2.7751
4.44614
4.92205
3.72691
4.99186
4.14402
3.78846
4.40269
4.23067
4.91325
3.80401
3.45654
2.8486
4.34354
4.33308
4.54681
4.91067
4.80855
3.65928
4.05971
2.89091
2.51289
1.62044
2.5132
4.55416
2.94244
3.59461
3.9472
2.54007
4.72517
3.71544
4.22195
4.35974
3.45393
2.89949
4.16123
4.82382
4.28273
4.33558
4.56482
4.54982
3.50753
4.5443
4.68859
4.38968
4.95891
4.8502
1.60342
2.3542
3.58398
4.5354
4.19927
4.97519
3.42523
2.92526
2.58688
3.02066
4.32273
3.97068
3.65603
4.68282
2.56401
2.918
3.84273
4.56371
4.16173
3.80894
4.63796
4.41437
4.39624
4.21821
2.46884
2.77137
4.93863
3.70564
4.10578
4.17741
4.45393
4.25565
4.31295
3.91642
4.23722
1.55305
4.34486
2.94618
2.59662
1.56601
3.53972
2.85435
2.57311
2.85539
4.27217
4.37186
4.97462
3.8102
4.63391
4.3371
3.80463
4.40154
3.02463
4.99887
2.40889
2.94353
4.23388
4.51523
4.63533
4.62638
3.61614
4.46742
4.29353
1.43013
2.3917
2.79787
2.54512
2.88097
3.48122
1.53374
2.38342
4.22821
4.26037
4.81329
4.42438
4.30802
4.22973
4.15527
4.21242
3.79545
3.799
4.24429
4.78832
4.36401
4.25479
2.5041
4.32016
2.91547
2.49956
4.46555
3.33521
3.92825
4.34919
4.9206
4.13441
4.4207
4.11058
3.70762
2.34293
4.83602
2.6929
1.48162
4.17711
3.04637
2.33123
2.79963
2.47079
1.49313
3.54105
4.51557
4.21776
4.57933
4.62019
4.50104
3.55904
4.38841
4.71109
3.72238
4.32403
3.84818
4.88592
4.31015
4.66512
3.78721
4.54193
4.23628
2.82783
4.97343
3.54292
2.8953
4.2092
3.69776
4.53891
4.94652
4.75516
4.50811
2.62739
2.75666
2.45643
2.90727
2.45902
3.06667
3.58056
4.31855
4.47244
4.89983
4.58517
4.25324
4.60344
4.41415
4.80482
4.18265
4.5616
3.47369
4.25813
4.66567
4.9647
2.94794
2.39898
2.70169
2.46815
2.80218
2.3196
3.68843
3.57786
3.7513
2.48255
3.7366
2.54112
1.52651
4.2443
4.67818
4.24392
2.92994
3.02938
4.28093
3.01475
4.35192
4.4734
2.6074
1.63176
3.91504
4.45122
3.91791
4.4846
4.03261
4.44372
4.28456
4.6789
4.57333
4.22515
4.50614
4.23591
3.71743
3.58665
3.89294
2.50072
1.64024
4.30254
3.91814
2.59623
2.81345
4.66217
2.67751
3.0003
4.34398
3.05344
4.4845
2.90706
2.3882
1.60268
2.67305
1.51954
2.41075
3.38999
3.88202
4.30367
2.81611
2.41063
4.46107
4.42427
4.34929
4.32477
4.44567
4.35358
4.44239
4.92881
2.93185
2.49182
4.25718
3.86191
4.13552
3.6215
4.0871
4.1883
4.96302
4.38001
3.89494
2.47564
3.48072
3.92154
2.56408
4.57779
4.48846
2.92755
2.35606
4.67302
4.32803
4.29762
1.3533
2.42001
1.35197
2.37086
3.59584
3.58847
4.46058
4.2445
2.87576
4.60598
4.30503
2.99745
4.66512
3.94231
4.35974
3.92289
4.86105
4.99889
3.79174
4.26811
3.67284
3.50076
2.86705
4.58877
4.28583
4.35583
2.728
2.28432
1.45401
2.3297
4.1119
3.00583
3.51221
3.71192
2.38486
4.50404
4.20161
4.93874
4.26473
4.8735
4.79556
4.04123
4.76704
4.38374
3.35576
4.68534
4.41932
4.01407
4.89957
1.62894
2.41527
3.75591
4.49708
4.34703
3.4602
2.84514
4.5533
4.16083
2.94157
3.87269
4.62227
4.97763
4.382
3.82703
4.27006
4.27967
3.79873
4.18506
4.65727
4.24394
2.44115
2.97685
4.94685
3.76586
4.40749
4.16618
4.54336
4.48235
4.33367
3.77186
4.30163
2.90082
4.91061
2.47295
1.41805
4.23524
2.85667
2.50609
1.46134
3.49982
3.01796
2.47812
2.81388
4.40714
4.60043
4.86887
3.83725
2.87918
4.20163
4.56708
4.57087
4.5466
3.45664
4.65015
4.22379
4.29445
4.17295
3.66497
2.45163
4.34006
4.21497
4.90735
4.5168
4.28002
4.67146
4.40458
3.91148
4.49112
4.35775
4.62516
4.38445
3.86993
2.52363
4.87175
3.03114
2.54465
4.34003
2.89926
2.42955
4.6291
3.60409
3.88683
4.24236
1.50598
4.24104
2.77087
2.49218
2.91644
2.37246
1.36458
3.44335
4.5087
4.92658
3.74865
4.24838
3.87017
4.07318
4.42445
4.88222
3.6945
4.45885
4.19728
2.86056
3.43363
2.69368
4.2798
3.76454
4.44774
4.93982
4.55362
2.44027
2.85812
2.49974
2.89166
2.36457
2.9089
4.92375
4.68274
4.40366
4.47906
4.30124
4.86818
4.30066
4.57324
3.4388
4.32574
4.63951
2.84944
2.43025
2.92039
2.55163
2.98043
2.45478
1.51149
3.77408
4.35396
3.79669
4.28113
3.72629
4.18193
4.52053
4.42176
2.93673
4.8995
2.85136
4.36942
2.90032
4.35263
4.68754
2.53013
4.64231
4.26826
4.85502
4.16671
4.56009
2.99131
4.94973
4.59678
2.52002
2.91097
4.22551
2.8539
4.3646
4.93936
4.69709
4.33501
3.72244
3.4634
3.69439
2.45049
1.44262
4.23243
3.8101
2.39914
2.72093
2.43271
1.48425
2.3311
1.40635
4.22769
4.22923
4.91515
4.36535
4.02457
4.41266
4.4101
4.40484
4.75811
4.38373
4.66606
4.99367
2.89378
2.59239
4.41888
3.87996
2.71402
4.63304
4.37652
4.31247
4.36371
3.8664
2.46385
3.62714
3.85025
2.50865
4.50787
4.28066
2.96285
1.39943
2.50082
1.62531
2.36588
3.80063
4.6944
4.35441
2.96587
4.47673
3.79956
4.3345
4.78094
4.62554
4.95012
4.9769
3.95352
4.34071
3.66545
3.5182
2.83529
4.54962
4.23609
2.98523
2.50163
1.5961
4.30096
4.28721
4.87619
4.50254
4.22006
4.55609
4.57298
3.51208
4.68864
4.56498
1.49167
2.46915
3.87438
4.5928
4.46762
2.9409
3.84411
4.63251
4.39327
4.35234
4.48991
4.24128
4.2361
3.83008
4.35507
4.47853
4.26953
2.2824
2.82765
4.88629
3.82078
4.13464
3.07179
4.40715
4.65191
3.88121
4.41841
4.23049
3.81044
4.30638
3.01218
4.87079
2.4875
1.3458
4.25609
2.92271
2.59061
1.6295
3.39633
2.88842
2.57285
2.86295
4.38403
4.33229
4.34617
4.45542
3.95344
2.56242
4.31091
4.40284
4.68747
4.46469
4.29299
3.60142
4.17287
4.9255
4.42959
4.12891
4.50351
4.24224
3.80581
2.547
2.89606
2.24803
4.27965
3.01521
2.51748
4.4395
3.4979
3.87802
3.78004
4.52947
4.98459
4.37681
4.57658
4.15611
3.80537
4.88586
3.02672
4.35457
3.87717
4.47804
4.95488
3.70697
4.51127
4.2777
2.87269
3.41977
4.49137
2.38592
3.02428
2.48372
2.8877
2.43544
2.78545
3.41801
4.40598
4.7446
3.57611
3.82353
2.45115
3.97267
2.55584
3.8996
4.47094
1.61149
3.70471
4.31472
4.39731
4.94034
4.98474
4.55219
4.81591
3.46328
3.73408
4.20276
1.4516
2.36871
3.60556
2.34631
3.74315
4.83871
4.44462
4.07405
4.85969
2.87971
4.06775
2.8491
2.38527
4.50533
4.28862
2.74474
2.81628
2.46166
2.83916
2.4541
2.98033
2.46247
3.61923
3.43708
3.60504
2.33672
3.59424
2.37069
1.44292
4.01578
3.59788
4.37749
4.23513
3.96099
3.76087
1.55559
4.46781
3.94284
2.66884
4.10584
2.67381
2.76605
4.90854
2.74404
4.43295
4.47589
2.62295
3.09767
4.17694
4.7437
4.56222
3.31395
4.74599
4.14554
4.84373
4.04439
4.19163
2.92639
2.4403
1.49566
2.43371
1.42059
2.4596
3.54633
3.81066
4.27778
3.02335
2.57203
4.56138
3.81856
3.46148
4.23893
4.53584
2.81798
4.40711
4.46522
3.46585
4.43396
4.54483
4.69882
4.22482
4.92194
4.23904
1.51295
3.44391
1.43
2.43013
2.69795
2.39036
2.82705
4.23719
4.60153
4.90045
2.9003
4.18222
3.82053
2.30592
2.93171
4.74265
4.43392
4.21351
3.69233
1.57537
2.50529
1.558
2.58798
3.78404
3.43782
4.39068
4.35432
3.07836
2.37994
3.84128
3.50793
2.91792
4.31685
4.61214
2.53037
1.64439
4.30883
1.46162
3.56406
2.92952
2.38976
3.06963
2.50355
2.82557
4.41244
4.98749
4.33236
3.85376
4.66245
4.36127
3.01453
3.94316
4.35664
2.66241
4.46997
4.26337
4.59688
3.5329
4.56044
4.59052
4.88869
4.41823
4.91799
2.89408
2.45024
1.55763
2.38552
4.27257
2.87501
3.36012
3.88475
2.64109
4.4013
3.75175
4.24864
4.56085
3.47015
2.91547
2.56886
2.48898
4.71791
3.65543
3.82881
4.52335
3.03643
2.45817
4.23595
4.93679
4.70281
4.44354
4.44005
4.05008
3.75718
2.85754
3.41538
4.97042
4.1982
4.45268
3.69457
4.79738
4.08204
4.59293
4.86417
1.55155
2.4495
3.76725
4.52426
4.25156
3.56215
2.99689
2.5476
2.9155
4.36904
3.81749
3.50489
4.61377
2.40152
3.99199
2.87646
3.50353
4.77313
4.42698
4.47084
4.00251
4.4824
2.40508
4.49434
2.4181
3.78037
3.29706
2.91837
4.20417
4.24028
4.91327
3.60361
2.57078
4.98947
4.20109
4.50354
4.24338
2.90203
4.20802
4.55952
4.5292
4.64985
3.683
4.61152
4.23081
1.53782
2.41143
2.92758
2.40314
2.8877
3.53055
1.38135
2.64513
2.5196
4.68539
4.36897
2.93661
3.77896
3.94734
4.24226
4.3697
4.74975
2.67836
4.40391
3.93257
4.98628
3.10583
3.76365
2.81848
4.20277
4.34535
3.48188
4.73898
2.96212
3.65521
4.14825
4.92434
4.45476
1.40227
4.42549
2.91318
2.59745
2.9369
2.60766
1.74156
3.48278
4.55207
4.30336
4.46184
4.50883
4.68023
3.44183
3.98844
3.00388
4.80746
4.413
3.80461
2.99354
3.9178
4.59821
4.8586
4.99226
2.34694
4.31995
2.29758
2.68863
3.95621
3.59242
3.24262
4.3076
4.28671
4.99591
2.31856
3.61098
4.12288
2.59224
4.83733
4.24899
4.68793
4.57273
2.54493
2.86412
2.47459
2.97267
2.46291
2.89787
3.5499
4.40456
4.4999
4.9504
4.20069
4.62551
3.41126
4.26393
4.47808
4.97659
4.91307
2.90836
4.23555
2.86568
2.42535
4.39527
4.15229
2.83638
3.4309
3.85799
4.27215
1.47181
2.41253
3.79299
2.40091
3.84789
4.88086
4.67357
4.37959
2.8517
2.52735
2.98247
2.44154
2.7874
2.40628
3.76416
3.52006
3.80774
2.55775
3.8613
2.42598
1.36716
4.27192
4.53209
4.41621
3.78263
3.45662
1.59831
4.42891
3.79069
2.58413
3.92837
2.39006
2.97715
2.94821
4.45283
4.54556
2.47438
2.8464
4.27465
4.94093
3.56388
4.64874
4.24813
4.97871
4.22248
4.56006
2.87892
2.6067
1.45242
2.2786
1.64227
2.45883
3.5347
3.96262
4.3703
2.95543
2.54784
4.57835
4.86882
4.19847
4.64809
3.47605
4.46934
4.6362
4.43519
4.3319
2.91625
4.8829
4.5414
4.29984
3.7138
4.23402
1.54592
3.51505
1.558
2.51431
2.80995
2.458
2.9223
4.23953
4.54785
4.95389
2.96784
4.32225
3.82914
2.54243
1.41869
2.50571
1.50619
2.29072
3.81649
3.60221
4.6485
4.34215
2.91051
4.53117
4.40411
2.83725
3.89531
4.29175
2.5696
1.43021
4.2154
1.51402
3.67795
2.87692
2.63714
3.03583
2.46071
2.9453
4.62277
4.29673
3.74252
4.23539
4.89072
4.68216
4.34131
4.6144
3.39471
4.48262
4.38373
4.9672
2.98254
2.38973
1.48533
2.66317
4.47031
3.09675
3.71585
4.03373
2.66814
4.78722
4.11407
4.87691
3.73727
2.25937
2.4703
4.59644
3.3535
3.88828
4.2807
2.82576
2.50815
4.4584
4.92303
4.58311
4.16464
4.56468
4.89878
4.00357
2.89691
3.58758
4.261
4.68708
4.01547
4.49928
1.40241
2.47535
3.75348
4.52892
4.39703
3.47599
2.87745
3.81937
4.48455
3.77821
2.878
3.63509
4.69864
4.19517
4.59243
4.91541
2.50163
4.32236
4.58251
4.8253
4.18685
2.47999
4.50226
2.47811
3.77565
3.39
2.80191
4.23903
4.26949
4.92002
3.81219
2.6638
4.13211
4.69341
4.53892
4.40584
3.34594
4.6679
4.55691
4.77239
2.59169
4.54186
3.98937
3.1983
2.50182
2.37268
4.75454
4.27385
3.0595
3.72163
3.71643
4.25583
4.8081
2.82357
3.85321
4.28244
4.98937
4.95287
4.39341
3.68005
2.73673
4.11121
4.33394
3.25117
4.82103
1.61647
4.32519
3.07888
2.5564
2.98861
2.67652
1.63769
3.65153
4.97244
4.85218
3.54693
2.7821
4.28767
4.2606
3.23751
2.78471
3.89929
4.21174
4.29668
4.93031
4.34209
4.90961
2.71634
4.72369
2.50902
3.04581
4.33821
3.86736
3.68891
4.60087
4.49656
2.68132
3.96186
4.50928
3.16776
4.5049
2.41953
3.03447
2.55399
2.93794
2.59475
2.95845
4.91576
4.33268
4.48736
3.56245
4.43713
4.38259
4.58586
4.34667
4.83103
2.83971
4.25976
2.86428
2.553
4.4042
4.28664
2.88541
3.34282
3.76206
4.18781
1.50001
2.43824
3.72363
2.44555
3.87839
2.92763
2.40418
2.79992
2.48753
2.86662
2.37892
2.9245
4.95394
2.8525
4.23238
4.43696
2.37445
2.99587
4.26758
4.91604
4.64647
4.18019
3.80974
3.58486
1.54493
4.37161
3.76456
2.51935
3.76561
2.43715
4.95061
4.26576
4.66017
3.67326
4.6166
4.19686
3.01713
2.45807
1.60773
2.59348
1.42841
4.4181
4.92999
4.34553
4.47118
3.68388
4.47854
4.59239
4.6506
4.34274
4.53304
4.99636
2.8904
4.27389
3.74954
2.58579
2.97235
4.59145
4.40816
3.85268
4.22406
1.57266
3.36871
1.40444
2.40777
2.96798
2.51357
2.9545
1.57892
2.6231
1.64555
2.59146
2.93204
4.5398
4.91693
4.16913
3.88105
4.55091
4.15212
3.04556
3.72354
4.3734
2.37421
1.5218
4.3236
1.54799
3.50899
2.74908
2.4284
2.73772
2.38031
4.518
4.60498
4.4761
4.61673
3.57512
4.60016
4.74078
2.97777
2.60766
1.59433
2.54513
4.27397
4.96033
4.46632
4.46696
4.45134
4.97634
3.82606
2.57082
2.62621
4.68635
3.51757
3.855
4.24582
2.99421
3.81747
4.92148
4.32822
4.64864
3.87455
2.86792
3.44076
4.35923
4.55743
1.57735
2.46199
4.715
4.85178
3.88412
4.18511
3.91075
3.02765
3.48074
4.45372
4.33528
4.32305
4.90129
3.98871
2.61441
4.38134
4.71371
4.91259
4.38258
2.55997
4.49037
2.4896
3.86038
3.62474
3.01321
4.43897
2.99995
4.43989
4.20902
4.32761
2.45696
4.16419
3.78588
4.93408
2.70864
2.52015
2.5184
4.59491
4.22076
2.77273
3.28314
3.78998
3.07611
3.89748
4.46932
4.99939
4.69245
3.95525
3.00158
4.39301
4.70022
3.67341
3.09985
3.78658
4.20553
4.76462
4.94576
3.95524
3.09194
4.65633
4.32664
3.67658
4.60765
4.19759
2.45338
3.80254
4.09835
2.89532
4.93281
4.31083
4.97673
4.998
2.45187
4.36026
2.38995
2.8587
4.27227
3.82163
3.47518
4.59327
2.59121
2.97312
2.42484
2.93817
2.68021
2.879
3.46644
4.33649
4.64227
3.61584
3.94472
2.64434
3.93917
2.55922
3.96405
4.36355
1.7297
3.38266
4.36408
4.67121
4.98358
4.40829
4.49389
3.02933
2.38153
2.86969
2.58106
2.81758
2.52481
3.90413
3.49746
3.83835
2.43744
3.83951
2.511
1.52113
4.36913
3.42367
4.57968
4.34049
3.66667
3.47184
1.40601
4.20015
3.78115
2.49514
3.67012
2.42993
2.94728
4.86607
2.85301
4.31792
4.45432
2.5642
2.95943
4.25076
4.83888
4.44235
4.16655
3.03583
2.57028
1.55923
2.69037
1.65018
2.40873
3.36098
3.90561
4.23478
2.96255
2.58307
4.49444
3.95135
3.59064
4.49646
4.67061
3.11666
4.28015
4.44176
3.63468
4.48321
4.8052
4.71213
4.45772
4.94842
1.51777
2.48345
1.4194
2.45173
3.93161
3.46194
4.55608
4.28486
2.87279
2.39271
3.77539
3.59606
3.11065
4.34509
4.66849
2.54255
1.42395
4.22432
1.51946
3.44404
2.89832
2.49349
2.73019
2.53603
2.98266
4.42978
4.93462
4.30767
3.79372
4.67145
4.13053
2.84472
4.92948
3.85411
4.22184
2.36235
2.87457
2.43431
1.45196
2.62189
4.26859
2.93393
3.5183
3.8745
2.49232
4.62348
3.74257
4.24101
4.57165
3.60789
2.95651
2.304
2.46291
4.48947
3.47037
3.8453
4.09538
2.96873
2.56553
4.20868
4.84603
4.60054
4.34158
4.21822
4.93574
3.64265
1.59573
2.53447
3.78759
4.48076
4.33942
3.57573
2.98277
2.53689
2.82497
4.40661
3.90181
3.5297
4.58505
2.5014
3.72185
3.01373
3.74194
4.55253
4.41296
4.6833
3.856
4.95425
4.29421
2.94324
4.38421
4.57499
4.4886
4.58193
3.49333
4.6592
4.47231
1.44184
2.53317
3.00852
2.65578
3.02868
3.62737
1.64869
2.29536
2.43177
4.38082
4.17971
2.90303
3.28644
3.78556
4.30578
4.85818
4.38421
4.27875
2.40205
4.22732
3.6769
4.81374
2.75559
1.56587
4.1834
2.89418
2.49014
2.81567
2.60988
1.58732
3.51999
4.54295
4.28629
4.58074
4.65103
4.46823
3.61239
3.62056
2.87454
4.47974
4.37124
3.50256
2.91298
3.73709
4.35987
4.63225
4.8809
4.80261
4.43547
2.37635
3.0954
2.47994
2.97887
2.58452
2.8996
3.47488
4.17939
4.69969
4.92491
4.36448
4.71568
3.70206
4.32481
4.37779
2.82322
2.36734
2.77778
2.30643
2.77222
2.37674
3.73223
3.63249
3.64324
2.50417
3.73725
2.39939
1.5059
4.13016
4.43045
4.19911
3.74084
3.52252
1.57455
4.41858
3.86542
2.54924
4.0215
2.47562
2.99755
4.98089
3.11074
4.44381
4.66638
2.53211
2.96743
4.50896
3.00425
2.43699
1.5499
2.4882
1.50823
2.59718
3.60314
3.99521
4.33721
2.95196
2.44835
4.60181
4.87414
4.34351
4.64417
3.5525
4.47431
4.63687
4.59672
4.51473
1.65465
2.50837
1.48929
2.65939
3.91832
3.49188
4.52542
4.27926
2.91443
4.41181
4.21283
2.77245
4.85295
3.75203
4.22433
4.96937
2.3749
1.50063
4.09973
1.38145
3.47019
2.8051
2.41557
2.96436
2.39511
2.96367
4.69058
4.16223
3.74339
2.88482
2.45232
1.56652
2.40801
4.19119
2.91335
3.42131
3.73149
2.37386
4.44448
4.25533
3.86854
2.54777
2.5094
4.69
3.60509
3.89302
4.52257
2.97466
2.64206
4.49804
4.48716
4.33651
1.55934
2.47486
3.90367
4.52404
4.3352
3.44235
2.82625
3.75135
4.26195
3.87432
2.84957
3.51712
4.66436
4.22454
4.65989
4.83484
2.9497
4.32943
4.5134
4.53723
4.5065
3.44221
4.66942
4.15228
4.51364
2.3878
4.25426
3.84481
4.79887
2.85923
2.50281
2.3673
4.55097
4.18302
2.92227
3.58295
3.73047
4.33415
4.88639
1.52126
4.42405
2.80635
2.62775
2.89207
2.37645
1.40376
3.42654
3.93897
3.0241
4.72054
4.40724
3.62123
3.1852
4.07795
4.26681
4.62353
4.71433
2.55101
2.99142
2.41746
2.93398
2.39035
2.91586
4.94785
4.33795
4.56496
3.64128
4.50897
4.56384
2.88615
2.6303
3.05073
2.63946
3.12436
2.4718
2.81737
4.85423
2.90953
4.17307
4.48464
2.53104
2.81823
4.27799
4.86815
4.68536
4.31953
3.95123
3.28844
1.49641
4.23543
3.80799
2.43334
3.7446
2.46438
2.90616
2.40877
1.4324
2.32655
1.44546
4.14918
4.96329
4.90219
4.32014
4.82851
3.4925
4.64566
4.32284
4.4625
1.53162
2.60439
1.6952
2.44336
2.96442
4.7213
4.94579
4.45875
3.84328
4.4279
4.14156
2.93833
4.9151
3.79669
4.23566
2.39422
1.51567
4.15948
1.70623
3.46416
2.86772
2.36075
2.7835
2.55832
2.90671
2.4436
1.49803
2.61188
4.53544
4.79979
4.35631
4.29601
4.9966
3.79477
2.53415
2.6567
4.61356
3.58962
3.73551
4.24027
3.00893
1.47788
2.42092
4.56346
3.84433
4.93785
4.25379
3.94576
3.07122
3.44197
4.48831
4.40439
2.79468
4.42002
4.25793
4.57838
2.5883
4.40702
3.89812
2.97892
2.68453
2.7996
4.74699
4.47181
2.96651
3.59008
4.06828
2.80584
3.92084
4.40861
4.43211
4.83011
3.81514
2.88195
4.49117
4.0752
4.98926
3.40854
4.52315
2.46847
2.94127
2.48877
2.91819
2.38726
2.95448
3.47977
4.22556
4.70399
3.6584
3.76275
2.46343
3.92751
2.63244
3.81148
4.35231
1.46292
2.86631
2.42973
2.91676
2.32406
2.85163
2.40918
3.82117
3.53094
3.80688
2.52435
3.75234
2.50897
1.39705
4.2964
3.52633
4.6226
4.21844
2.89807
2.50331
1.59449
2.41408
1.51762
2.49344
3.3361
3.78852
4.11059
2.88934
2.44055
4.42927
3.79963
3.50329
4.39598
4.64194
2.89716
1.53298
2.319
1.41753
2.48083
3.80691
3.46681
4.4077
4.28115
2.75187
2.47151
3.66571
3.46642
2.9142
4.31416
4.56651
2.39713
2.84615
2.34835
1.58329
2.47012
4.21555
2.8738
3.34974
3.84206
2.42786
4.52056
3.81273
4.19238
4.52903
3.51256
2.78123
1.42752
2.44199
3.84315
4.46069
4.20205
4.98414
3.51916
2.7484
2.36127
2.87196
4.2283
3.83245
3.61556
4.56188
2.4802
2.80669
4.16782
4.68476
4.44252
4.51099
3.30666
4.68266
4.35111
1.61193
2.36328
2.9496
2.49649
3.04929
3.60865
1.46336
1.54765
4.10797
2.74634
2.40159
2.70535
2.40484
1.44199
3.38515
4.46459
4.28691
4.52523
4.64889
4.46143
3.4639
4.39934
2.37108
2.85485
2.28295
2.90882
2.56012
2.80463
3.41518
4.21868
4.45622
2.83314
2.51212
2.88863
2.302
2.91485
2.37213
3.69706
3.48876
3.73341
2.49753
3.79842
2.44116
1.48646
4.405
2.9528
2.46098
1.4937
2.59883
1.50807
2.56618
3.70556
3.95633
4.40737
2.91428
2.52108
4.79465
1.45859
2.49821
1.56222
2.52752
3.77873
3.61013
4.60088
4.32714
3.00523
2.81624
2.47092
1.60521
2.47505
4.46223
3.13166
3.67858
3.84569
2.60053
4.8273
1.64126
2.38352
3.80003
4.58568
4.27748
3.42013
2.83163
3.01923
4.40769
4.44148
4.71018
4.65197
3.64039
4.38526
1.51663
4.23954
3.00084
2.6084
3.00239
2.39342
1.51891
3.69832
4.45503
2.65885
2.91387
2.47485
2.8382
2.423
3.04325
2.62189
2.36857
2.82857
2.44993
2.83378
2.44092
2.84173
2.45503
1.42969
2.41677
1.53255
1.51754
2.478
1.59412
2.57577
2.88657
2.49696
1.59419
1.43929
2.59472
3.03527
