4.46272
2.5126
3.04108
2.60889
2.97259
2.40108
2.81275
3.40681
4.98539
4.12227
4.69542
3.57656
3.97544
2.59202
3.86037
2.49113
3.78708
4.28035
1.43287
3.51151
4.37292
4.5148
4.43237
4.68576
3.48097
3.59444
4.27507
1.51566
2.45186
3.74936
2.50736
3.77182
4.96376
4.45703
4.3783
4.96768
2.72663
4.28834
2.91109
2.4159
4.63312
4.40012
2.85079
3.39848
4.32666
4.59279
4.89283
4.9896
4.23896
4.39868
4.51157
4.17667
4.55403
4.21509
3.56557
3.90539
2.48531
3.83621
4.3045
1.47112
2.62452
3.86111
4.94901
4.48549
4.33305
2.87115
2.39656
4.52625
4.36167
2.93439
4.25498
2.94607
4.27295
4.54585
4.4178
4.45743
2.87441
4.35933
2.95577
4.35885
3.04991
2.44847
4.4883
4.66337
4.17116
1.47598
4.13795
3.7975
4.39419
3.93681
4.33255
3.94271
2.85029
2.31015
2.71754
2.49808
2.93
2.57225
3.88052
3.54797
3.75181
2.31862
3.6458
2.40419
1.43669
4.22402
3.45155
4.97139
4.65552
4.1308
3.69086
3.49909
1.46068
4.16568
3.64602
2.42172
3.68964
2.54096
2.90925
4.99461
3.04201
4.25912
4.57735
2.48645
2.93248
4.32775
4.86192
4.40035
4.27478
3.54977
4.40634
4.32281
4.83197
4.3085
4.62587
4.88967
3.93536
3.47233
3.86415
2.46983
1.62883
4.40502
3.85727
2.64311
2.91969
4.7349
2.53249
2.88852
4.49122
2.99996
4.34777
4.99071
4.48825
4.27921
2.89649
2.98503
4.3831
2.93077
4.26168
4.62365
2.58547
1.62314
3.93782
4.38484
3.96114
4.45004
3.99467
4.48171
4.65614
4.2605
4.39692
4.54063
4.71696
4.41286
3.48982
4.77387
4.09739
4.16802
4.44102
4.70462
4.74836
4.45412
4.11244
4.60511
4.22242
3.00673
2.57557
1.49767
2.45194
1.50758
2.49677
3.38008
3.80457
4.13204
2.68333
2.34048
4.45793
3.94386
3.61561
4.2619
4.534
2.83129
4.30296
4.51879
3.58899
4.62089
4.54363
4.76112
4.43615
4.40892
1.3339
3.62146
1.63422
2.68214
2.93075
2.5876
2.99728
4.34598
4.38214
2.9119
4.36498
3.82442
2.59575
2.85791
4.97373
4.57223
4.27681
3.86578
2.43654
4.90737
3.4029
3.82189
2.43278
4.55162
4.17391
2.81462
2.38031
4.90582
4.47261
4.2118
4.18302
4.95355
4.27821
3.72897
4.34408
4.90087
4.27588
4.45111
4.5171
4.86613
2.91034
2.35912
4.37197
3.66785
4.19355
3.75808
4.29731
4.10102
4.30075
4.6601
3.9395
3.59994
2.87594
4.44163
4.6059
4.86892
3.79923
4.34634
4.48249
4.90809
4.96399
3.04164
4.68794
4.0911
4.35122
4.56917
4.30323
3.80125
1.57237
2.6427
1.68918
2.64397
3.95177
3.40326
4.39788
4.13854
2.75195
2.47576
3.88631
3.50806
2.86292
4.25382
4.5247
2.509
1.48791
4.20693
1.47176
3.39917
2.72858
2.35049
2.69008
2.62657
2.99749
4.64708
4.94914
4.33489
3.85646
4.58908
4.21132
2.83897
4.89386
3.7768
4.34992
2.50569
4.4783
4.26483
4.36748
3.7008
4.79724
4.74658
4.98317
4.25419
4.98114
3.91546
3.43692
2.98287
4.45503
4.35805
4.51836
4.83695
4.8423
3.71951
4.18696
2.86118
4.54661
4.98075
3.78862
4.23145
3.74913
4.44163
4.13826
2.63304
3.88309
3.52391
4.57688
2.5128
3.07566
4.40945
4.9932
4.26574
3.87681
2.40219
4.58339
4.80234
4.28588
4.39203
4.63435
4.21042
2.96427
4.91895
2.40064
3.76403
4.40276
4.40519
4.62944
4.34922
3.85466
4.41212
4.31054
4.5062
4.39127
3.0466
2.57758
1.5712
2.55065
4.16748
2.78183
3.25411
3.62807
2.26339
4.43848
3.89203
4.43329
4.56948
3.49728
2.88916
2.52843
2.38992
4.46717
3.3156
3.7348
4.11373
2.98066
2.48603
4.28898
4.97517
4.53984
4.265
4.29957
4.94324
3.86913
3.71647
3.08927
3.76303
4.48375
4.63426
3.76386
4.3983
4.51782
4.35838
4.71263
4.51586
3.55138
4.55752
4.55615
4.24293
4.81834
4.90979
4.29898
4.94219
4.23525
4.93447
4.43454
1.53918
2.52858
2.86257
3.44151
1.57754
2.59064
2.96065
4.31221
4.57431
4.19081
3.76811
2.79958
2.45875
2.80533
4.34043
4.97118
4.58946
3.92959
4.31477
4.38683
2.3956
4.90353
2.78235
4.20611
3.84215
4.34064
4.20844
3.87714
4.25293
4.3391
4.54151
3.10954
3.92938
4.89284
4.40077
4.61149
4.34635
3.95284
1.5968
2.58324
3.8729
4.43069
4.28024
3.29201
2.80479
2.67159
2.96875
4.47447
3.83629
3.50198
4.64097
2.50306
3.87473
3.12446
3.58821
4.598
4.60141
4.76839
4.93694
3.95318
4.53161
2.39485
4.5892
2.57466
3.95326
3.40882
2.97834
4.35586
4.30718
4.90429
3.91562
2.42152
4.27734
4.51788
4.98801
4.25095
1.50733
4.0135
2.75071
2.52193
1.50975
3.44641
2.75841
2.43912
2.77193
4.19218
4.45777
4.87004
3.70944
4.57906
4.22154
3.74841
4.31389
2.9267
4.9533
2.36501
3.03046
3.81516
4.62827
4.78589
4.34477
3.81909
4.49456
4.28235
4.56888
4.21916
4.97305
2.36982
2.75092
4.87339
3.79705
4.07954
4.20826
4.3106
4.25314
4.16768
3.77474
4.29447
4.47745
4.50581
4.64517
4.57015
3.4992
4.78479
4.95308
4.31533
4.41843
4.94305
4.26243
2.98153
4.30692
4.5354
4.56841
4.40204
3.40677
4.55399
4.19493
1.69064
2.32399
2.95632
2.34007
2.74252
3.42895
1.3773
2.48019
2.74041
4.69877
4.34152
3.04793
3.56948
4.19316
4.53323
4.34709
4.63473
2.59213
4.40709
3.98778
3.13891
3.69465
2.89132
4.30323
4.38586
3.4673
2.65959
3.61291
4.09228
4.81425
4.34459
2.41331
4.23394
3.00416
2.59759
4.56289
3.3931
3.90526
4.23202
4.96521
4.18334
4.51579
4.1236
3.72163
2.35323
4.81452
2.70258
2.64594
4.44142
4.48803
4.70321
4.38261
4.28768
4.22605
4.34116
3.82059
3.71968
4.1501
4.90104
4.31223
4.11379
4.02162
4.257
4.58022
2.79154
3.64203
2.85089
4.115
3.68075
4.82404
4.52125
4.40574
3.90347
4.40819
4.78524
4.58991
4.84773
3.64937
1.46097
4.29672
2.80381
2.61088
2.76681
2.39684
1.53833
3.45024
4.49904
4.46133
4.60809
4.47409
4.62942
3.36609
3.92462
3.08296
4.58767
4.42574
3.82285
3.14176
4.01409
4.44291
4.76209
2.2981
4.55343
2.43435
2.95192
4.2596
3.81551
3.3902
4.46124
4.18533
2.34818
3.80771
4.25928
2.86518
4.917
4.173
4.87197
3.83924
4.55929
4.41547
3.04593
3.56086
2.91437
4.41232
3.87998
4.61357
4.93021
4.72111
4.01988
4.35972
3.69999
4.82674
4.31437
4.6579
2.5917
2.80285
4.21859
4.38067
2.34958
3.83857
3.41667
4.43637
4.38407
3.63955
4.2729
2.38046
2.893
4.92931
4.16886
4.91434
3.80957
4.30562
4.56632
4.48701
2.46886
4.21102
4.37697
4.41393
4.79675
4.16317
4.21042
4.17485
3.67697
4.16462
4.57623
2.50723
3.15457
2.49146
2.93613
2.57207
2.98297
3.56437
4.42207
4.38303
4.39597
4.81253
3.73523
4.47778
4.48226
4.98461
2.72564
4.3025
2.83869
2.54092
4.55389
4.25818
2.75773
3.44355
3.86747
4.39553
1.40969
2.52375
3.84479
2.41512
3.88432
4.6927
4.25365
4.91509
4.37218
4.55436
3.55992
4.42333
4.48996
4.47302
4.17769
4.87036
4.59305
4.47937
4.92594
2.99305
2.43196
4.4863
4.12281
2.84434
4.27506
2.83552
3.43412
3.93987
2.38107
3.86345
4.44446
1.59705
2.55058
3.8578
4.92469
4.64394
4.4019
4.5048
4.25625
4.37046
4.78877
1.53226
4.29997
3.7545
4.2379
3.89021
4.1602
3.68685
4.87757
2.8633
4.15705
2.87937
4.12786
2.83551
2.38884
4.48784
4.43985
4.21518
2.77699
2.4036
2.81269
2.53957
3.00066
2.29934
3.65481
3.55923
3.72185
2.444
3.70205
2.57499
1.50094
4.39776
4.91279
4.94433
4.48979
4.242
3.7496
3.4782
1.38839
4.23339
3.67378
2.35306
3.74814
2.35484
2.6757
4.86971
2.98033
4.25479
4.41556
2.45467
2.82803
4.23651
4.94273
3.30381
4.46142
4.21469
4.19157
4.35041
4.96313
4.52887
4.24616
3.76745
3.51342
4.02299
2.646
1.52106
4.47186
3.84157
2.59075
3.00067
4.58726
2.46283
2.9926
4.47326
3.0906
4.35432
4.6709
4.38087
3.04257
2.96949
4.33431
2.95975
4.43833
4.74917
2.5708
1.64779
3.94591
4.34214
3.86658
4.45054
3.8219
4.32256
4.29006
4.68366
4.58525
4.39707
4.88192
3.43166
4.63335
4.1484
4.87174
4.07657
4.33221
4.85136
4.35362
4.06851
4.65119
4.24886
4.82015
2.92886
2.41652
1.52998
2.49211
1.47799
2.42163
3.55331
3.80393
4.29886
3.03649
2.46338
4.72578
4.85949
4.28158
4.75534
3.42075
4.60424
4.35103
4.47072
4.12992
2.84027
4.49125
4.43717
3.82819
4.32506
1.54176
3.68328
1.57753
2.64934
2.92402
2.34243
2.99101
4.47575
4.70248
2.99956
4.43208
3.91378
2.43367
4.84563
4.16267
3.63658
2.43818
3.64768
3.843
2.5146
4.61008
4.19369
2.97568
2.63778
4.99853
4.39782
4.34204
4.31132
4.2925
4.87948
4.24291
4.18541
4.49859
4.24228
4.6196
2.89721
2.73834
4.22233
4.1435
4.52934
3.94322
4.44422
4.35664
4.48477
4.92363
3.7684
3.46079
2.88015
4.2182
4.55849
4.88539
3.76452
4.2033
4.83483
3.89973
2.92758
4.98928
4.58779
3.84335
4.35531
4.62931
4.25184
1.57224
2.46854
1.55826
2.56013
4.00508
3.64056
4.76885
4.52325
3.08242
4.54861
4.07866
2.69742
4.79031
3.66824
4.12933
4.96434
2.37281
1.50458
4.19772
1.54895
3.40677
2.89795
2.40572
2.74864
2.52135
2.91312
4.75724
4.97827
4.2775
3.77064
4.27163
4.92802
4.37293
4.27772
4.42956
3.58574
4.82234
4.5984
4.77801
3.75944
4.22337
3.78153
3.43552
2.81644
4.43676
4.34135
4.74177
4.85824
4.42827
4.16983
2.85035
4.43718
4.84802
3.7872
4.26569
3.86011
4.99308
2.50684
4.59149
4.87992
4.25973
4.34592
2.72844
3.93834
3.54554
4.72166
2.56017
2.95269
4.50325
4.44927
3.99401
4.02345
3.78538
4.15072
4.34612
4.6714
4.29808
2.91655
4.91227
2.43896
3.81233
4.2475
4.37112
4.62117
4.54717
4.4292
2.84639
2.41485
1.58503
2.67236
4.50113
3.06841
3.79618
4.07056
2.64163
4.93499
4.07732
4.79836
3.72418
2.38675
2.46106
4.53284
3.51193
3.79645
4.19592
2.98162
2.52993
4.60561
4.66235
4.32836
4.35303
3.81989
2.77915
3.62966
4.12908
4.66893
4.05736
4.32547
4.83017
4.18433
4.81861
4.54436
3.46868
4.48762
4.63755
4.48791
4.2885
4.99183
4.388
2.72425
4.14714
4.96653
4.6651
4.36962
3.66381
4.21542
1.68034
2.48457
2.82283
3.5763
1.42016
2.33671
3.03516
4.35624
4.81756
4.48626
3.93206
3.10057
2.64047
4.92015
4.10247
4.97525
4.50039
4.30591
4.58115
2.42994
4.7729
2.87493
4.20591
3.75148
4.42419
4.48928
3.95356
4.41933
3.85948
2.94958
3.83892
4.97584
4.57133
4.32192
4.72297
4.35372
1.50807
2.50336
3.83234
4.65267
4.41898
3.75789
3.06283
3.70941
4.82241
4.30901
3.83707
2.9679
3.34213
4.49963
4.31888
4.49053
4.97594
2.41855
4.17459
4.63539
4.90891
4.2856
2.43371
4.70315
2.54252
3.97417
3.5079
2.84055
4.34974
4.41098
3.75216
4.44333
4.08393
3.67334
4.13791
2.71274
4.90235
2.29604
1.42917
4.37035
3.11124
2.55083
1.64807
3.62631
2.84001
2.61858
3.14081
4.29805
4.74498
4.00297
4.38641
4.26854
2.92622
3.85616
4.59182
4.97133
4.38809
3.91329
4.30267
4.26393
3.66135
4.20065
4.45935
4.39678
2.53446
3.13179
3.74571
4.65176
4.53536
4.67551
4.24286
4.72895
4.62273
4.37054
4.5004
4.62746
3.45428
4.46991
4.97537
4.90221
4.33834
4.31831
4.94749
2.96084
4.37774
4.44661
4.72292
4.82845
3.71563
4.27271
4.17401
4.52242
2.3785
4.14446
3.71565
4.77021
2.99035
2.56036
2.68369
4.59091
4.3925
2.94359
3.54452
3.95373
4.31055
2.84396
3.75913
4.4075
4.92359
4.55928
3.79746
2.9471
4.46342
4.60618
3.52881
4.99268
4.92073
4.24062
4.40762
4.22022
3.71424
2.42354
4.85129
2.89363
2.47194
4.4986
2.99763
2.56236
4.71263
3.51282
3.95419
4.52695
4.20691
4.23957
4.28143
3.85998
2.58105
4.3849
4.44861
4.73573
4.46435
4.56305
4.1824
3.91053
4.52422
4.90438
2.88957
4.18243
4.99151
3.59992
4.85051
4.45922
3.98792
4.25101
4.50655
2.86073
3.44391
4.87703
4.99723
4.17412
4.36917
4.2718
3.85463
4.97676
3.90507
4.58496
4.95731
1.56124
4.41919
3.0021
2.47585
2.98059
2.61873
1.50544
3.73636
4.92731
3.80335
2.7885
4.46445
4.15219
3.43619
2.77703
3.9721
4.26625
4.45564
4.95488
4.1939
4.91703
2.46796
4.6713
2.43929
3.04792
4.25102
3.64425
3.57613
4.73849
4.40342
2.61747
3.9893
4.39446
2.89512
4.78498
3.75005
4.66738
4.30657
2.88924
3.56051
3.03893
4.11726
3.84854
4.54464
4.93976
4.56936
4.86699
3.78239
4.2321
4.01404
4.34594
4.66756
4.23391
4.8802
2.44277
2.93731
4.23348
4.60092
2.49473
3.77347
3.56897
4.56429
4.34223
3.82018
4.22072
2.47327
2.84604
4.92067
3.73263
4.21728
4.80364
4.60449
4.32265
4.4046
2.52174
4.35367
4.32676
4.65682
4.92538
4.37141
4.37473
4.43132
3.81987
4.64952
2.49205
2.88136
2.5509
2.87413
2.37809
3.02461
4.84026
4.22687
4.56449
3.49026
4.44266
4.52334
4.87335
4.62246
4.3721
4.89538
2.86005
4.24637
2.79378
2.49072
4.38243
3.99934
2.84693
3.57075
3.7344
4.31842
1.54914
2.55779
3.79687
2.39664
3.77128
4.88283
4.8524
4.27617
4.5341
3.47996
4.9417
4.20536
4.65012
4.89593
4.70277
4.33872
4.92344
4.3911
4.20821
4.99823
4.55956
4.42656
2.90985
2.63629
4.64284
4.46626
3.04942
4.3759
3.06554
3.61082
3.87657
2.46449
3.86916
4.43093
1.56596
2.49106
3.81443
4.54563
4.36005
4.44736
4.67981
4.66003
4.33751
1.58648
4.29752
3.94121
4.32418
3.80689
4.43702
3.7616
4.95108
2.93725
4.16944
3.01772
4.47635
2.98147
2.46792
4.72019
2.97186
2.61094
2.89653
2.53246
2.97564
2.6691
2.74542
4.93015
2.99543
4.17305
4.4052
2.37563
2.7528
4.44937
4.81409
4.47072
4.23324
3.84905
3.26414
1.45985
4.22254
3.76108
2.48145
3.73749
2.51445
4.52156
4.80931
4.97446
3.61211
4.45471
4.34655
3.13719
4.78633
4.61349
2.48828
3.02885
4.33714
2.83581
4.46515
4.70592
4.60351
4.38036
3.89367
3.42151
3.77725
2.37718
1.48846
4.30808
3.74031
2.45636
1.47329
3.87737
4.29747
3.75589
4.03871
3.61232
4.24042
4.468
4.07977
2.83991
4.75536
2.72017
4.08764
2.71063
4.18897
4.3119
2.2522
4.42391
4.37534
4.99927
4.92856
4.31556
4.66666
4.29686
4.74629
3.50207
4.51518
4.30295
4.41681
4.24899
4.99322
4.61554
4.45337
2.91896
2.43408
1.35257
2.38315
1.62479
4.14405
4.84385
4.25752
4.75631
3.563
4.6048
4.51991
4.59418
4.32482
4.54924
3.06861
4.41129
3.8268
2.6692
2.90892
4.93637
4.59332
4.40427
3.78429
4.39666
1.4792
3.53172
1.49329
2.54841
2.93798
2.49104
2.9306
2.40376
4.95765
4.58248
4.32693
4.08708
4.94418
4.3088
3.80418
2.40008
3.33803
3.55752
2.32665
4.45655
4.07172
2.66858
4.2957
4.16142
4.76618
4.99691
4.40969
3.77818
4.33632
4.2782
4.33597
4.57624
4.29503
4.50611
2.69227
2.42239
4.15246
3.90146
3.81822
4.47924
4.56677
3.79676
3.45352
2.89313
4.24371
4.59882
4.81287
4.40607
3.96419
2.90941
4.94153
4.65931
3.98615
4.35952
1.46023
2.56776
1.53737
2.63696
2.68334
4.63324
4.9339
4.31553
3.74297
4.56507
4.2814
2.83586
4.99607
3.73895
4.31722
2.45684
1.4542
4.31533
1.73665
3.54205
2.84195
2.62447
2.91763
2.48614
4.24184
4.90592
4.4547
4.29067
4.67988
3.48791
4.55156
4.49654
4.67761
3.8577
4.41076
3.92353
3.4321
2.93062
4.60734
4.2771
3.94654
4.59468
4.26707
2.99086
4.58301
4.9682
3.89091
4.28731
4.9685
4.86338
4.19564
3.83854
2.4419
4.57097
4.9055
4.30152
4.30386
2.42951
3.71104
3.23938
4.47013
2.31991
2.72208
4.16128
4.20565
4.44321
4.23401
3.75564
4.18874
4.12272
4.53893
4.34012
2.85393
4.87884
2.5412
3.8386
4.19833
4.24733
4.26301
4.84039
2.81183
2.39123
1.54241
2.29342
4.25318
4.78697
4.43854
4.10943
4.21849
4.96327
3.83435
2.56116
2.54872
4.59783
3.50781
3.86443
4.27447
2.90862
3.83454
4.94161
4.33488
4.50873
3.63141
2.88136
3.50312
4.26166
4.47099
4.18993
4.93036
4.94317
4.26358
4.69041
4.30147
3.31767
4.66046
4.30502
4.24534
4.22572
4.88079
4.99657
4.99912
4.84866
4.34716
4.5756
4.23106
3.82534
2.82176
2.60592
2.97492
4.50416
4.72318
4.03306
4.42935
1.5246
2.491
2.87514
3.62461
1.52794
2.48627
2.93498
4.35671
4.26361
3.75217
4.26565
4.42296
4.59464
4.46302
4.69511
2.64475
3.10614
4.4839
3.87628
4.56404
4.29072
3.90283
2.9333
3.83834
4.68356
4.33195
1.58096
2.5276
4.32077
4.90099
3.8478
4.89497
4.32484
3.81201
2.99937
3.53522
4.54938
4.32302
4.31032
4.85246
3.87707
2.46246
4.41345
4.69559
4.86975
4.23812
2.44803
4.4743
2.38012
3.76968
3.45306
2.8125
4.17716
2.87892
4.34205
4.55912
4.973
3.67735
4.60108
4.19052
3.95951
4.48484
3.08841
2.61595
1.57064
4.22704
2.79024
2.32662
1.46587
3.52386
2.84564
2.3218
3.84433
4.53672
4.248
2.91223
3.74402
4.48145
4.96457
4.1785
4.21223
4.52434
4.39861
4.25916
3.95416
4.43187
4.59621
4.27268
2.40385
2.87852
4.89793
3.76623
4.33463
4.81331
4.37878
4.57105
4.22356
4.40711
4.56272
3.4155
4.48518
4.38344
4.16033
4.99998
3.00731
4.04817
4.86833
4.38375
4.54717
2.46485
4.27588
3.7921
4.98209
2.91392
2.39506
2.61307
4.58555
4.23104
2.94693
3.49394
3.81364
2.78783
3.80905
4.35741
4.78419
4.47662
3.79875
2.82059
4.2536
4.50912
3.35352
4.33851
4.91017
4.27974
4.45382
4.4392
3.97
2.55656
4.94009
3.00096
2.54543
4.23214
2.76306
2.46751
4.62289
3.52399
3.74881
4.3641
4.45889
4.2746
4.33851
3.80639
2.52073
4.28434
4.29175
4.86861
4.49233
4.50688
4.42752
3.80164
4.29313
4.92091
4.98624
2.93188
4.31067
3.86194
4.9678
4.59157
3.764
4.13904
4.3747
2.74599
3.36974
4.26817
4.51983
4.29178
3.90156
3.78416
4.44871
4.84323
2.81028
3.86163
4.28158
4.48529
3.98285
3.11522
4.64602
4.50035
3.65839
4.44267
4.05015
2.42557
3.72949
4.15615
2.92309
4.86893
4.41758
4.95492
2.31427
4.51226
2.48849
2.84357
4.35222
3.9063
3.39061
2.82821
4.3296
3.81856
4.43472
4.93327
3.92372
4.50357
4.24797
2.89869
3.36337
3.90967
4.65571
4.91873
4.20907
4.40709
4.19681
3.77094
4.53314
4.2982
3.69684
4.23547
2.28834
3.00097
4.89631
4.41544
2.43743
2.80269
4.24747
4.60767
2.50588
3.82264
3.47716
4.48945
4.23971
3.98554
4.55611
4.18724
4.23939
4.36069
3.72624
4.44416
2.37037
4.99759
4.27566
4.39743
4.5857
4.60781
2.49339
2.96888
2.49959
2.82952
2.29595
3.17533
3.70942
4.50536
4.34526
3.41368
3.81366
2.27985
3.74532
2.43409
3.76377
4.13654
1.45869
3.5607
4.27703
4.60741
4.8048
4.95038
4.3355
4.6433
4.8928
4.44235
4.3328
4.69581
4.87461
4.00772
4.91361
3.40613
4.36081
4.8086
4.9477
4.74299
4.15987
4.33516
3.13923
4.29865
3.03278
4.43415
2.90859
2.61977
4.72442
4.40286
4.43127
1.43154
4.23276
3.59052
4.29258
3.64908
4.10115
3.85288
3.69296
4.01987
2.72195
3.98517
4.53927
1.66703
2.58071
4.10484
4.8783
4.57959
4.99768
3.08292
2.47407
4.57421
4.39406
2.96068
4.3141
3.01507
4.95977
4.44397
4.50671
4.54182
4.49314
2.85435
2.43833
2.9083
2.5549
3.01505
2.33938
3.73379
3.53279
3.8712
2.35803
3.8006
2.63442
1.48581
4.27797
3.63764
4.5103
4.35438
3.82408
3.49727
1.45317
4.16417
3.7191
2.5491
3.69814
2.50976
2.79518
2.91869
4.36415
4.50273
2.58585
2.97774
4.23484
4.95205
4.52351
4.29922
4.26961
4.66963
4.63899
4.2079
3.84969
3.60567
3.95461
2.61837
1.66477
4.40765
4.02704
2.52049
2.88152
4.56313
2.62783
3.02512
4.45536
2.99957
4.41483
4.64482
4.414
3.07438
4.95428
3.10316
4.35276
2.92379
4.51843
4.66913
2.51539
1.67958
3.99378
4.3328
3.78837
4.34824
3.82204
4.3535
4.61489
4.40449
4.98627
3.36266
4.67558
4.2718
4.946
4.11997
4.59995
4.94092
4.85469
4.56474
4.2286
4.56124
4.1754
2.80307
2.28876
1.55363
2.40757
1.58427
2.44876
3.57367
3.73952
4.29598
2.96924
2.48923
4.53623
3.84945
3.48769
4.28711
4.73179
2.99811
4.22987
4.60491
3.33639
4.72342
4.55534
4.50596
4.18002
4.92348
4.95315
4.53003
4.51319
2.97261
2.69164
4.40296
4.00029
4.30227
3.76327
4.17663
4.33445
4.35023
4.63339
2.59064
3.64595
3.95331
2.55886
4.54113
4.38842
2.96231
2.48083
4.96936
4.60401
4.37096
4.38548
4.97921
4.32554
3.86927
4.36869
4.40501
2.94321
4.9169
4.4565
3.76712
4.35324
4.42772
4.2102
3.72076
3.62218
3.48542
2.78791
4.19729
4.54902
4.82786
3.74892
4.27672
4.56773
4.92905
4.85669
4.96319
1.55143
2.41865
1.48711
2.44028
3.80192
3.5673
4.72282
4.49023
2.99681
2.61837
3.66668
3.45405
2.92806
4.35468
4.5313
2.45097
1.5655
4.23411
1.44601
3.44248
2.82414
2.51254
2.79169
2.60008
3.02641
4.70613
4.47426
4.03314
4.45258
4.23336
2.90889
4.94429
3.73655
4.41014
2.52856
4.84381
3.73903
3.55834
2.94986
4.5141
4.22807
4.47164
4.84685
3.81727
4.21765
3.03824
4.67072
4.95099
3.81986
4.2482
3.93102
4.47677
4.338
4.37027
4.97402
4.28308
2.58391
3.97608
3.63009
4.6161
2.53838
2.97087
4.42288
4.34898
3.99547
2.50955
4.49854
4.89174
4.3641
4.35417
4.5413
4.27385
3.04041
2.45439
3.84347
4.38665
4.36615
4.55816
4.17418
3.87313
4.29551
4.37201
2.82843
2.34705
1.47868
2.43746
4.42024
3.08663
3.76242
4.0827
2.63156
4.71696
3.93075
4.09455
4.4644
3.44475
2.8151
2.56853
2.46255
4.5375
3.46987
3.92414
4.22796
3.02855
2.67742
4.52759
4.82386
4.53048
4.3176
4.88809
3.89196
4.9775
4.20056
4.63169
4.65522
3.59378
4.66695
4.53617
4.26334
4.91753
4.45274
4.49022
2.89857
3.72471
4.8567
4.43953
4.21606
4.54145
4.21793
3.65542
4.31127
1.63714
2.54878
2.93803
3.50784
1.44639
2.43311
3.01257
4.35744
4.79037
4.32678
3.9326
3.03995
2.67696
2.91387
4.12723
4.89761
4.5177
3.76541
4.19269
4.57618
2.57434
2.82747
4.32346
3.96382
4.54876
4.43763
3.97805
4.37588
4.32967
4.55545
1.50983
2.59202
3.86161
4.6917
4.32048
3.61542
3.02738
2.44311
2.7563
4.25187
3.79946
3.59434
4.536
2.52406
3.76629
2.84009
3.54986
4.43786
4.41242
4.58517
3.77687
4.30966
4.69512
4.22943
2.4276
3.01115
4.98363
3.83362
4.42774
4.18783
4.55107
4.30323
4.29731
3.75724
4.26401
1.48913
4.34515
3.04034
2.631
1.61291
3.43859
2.93991
2.50742
2.85771
4.41628
4.70086
3.8972
4.53564
4.27242
3.74615
4.21993
2.8789
4.95529
2.46039
2.96546
4.0728
4.63301
4.36368
4.02007
4.43013
4.33688
4.38196
4.8617
4.19558
4.5761
4.25879
4.61709
4.63682
3.4628
4.52363
4.975
4.32117
4.86624
2.93261
4.2418
4.5111
4.60675
4.72144
3.63559
4.43988
4.24817
1.72692
2.26726
2.8749
2.41132
3.00805
3.49851
1.42125
2.41933
2.50213
4.57525
4.23144
3.07572
3.50992
3.99669
4.3759
4.18012
4.67543
2.56529
4.26255
4.04375
3.01176
3.78146
4.36533
4.95169
4.50683
4.17765
2.45911
4.46515
3.1684
2.64235
4.55372
3.58427
3.86518
4.24222
4.27709
4.64604
4.2511
3.83197
2.57291
4.88393
2.92445
2.74232
4.63615
4.48761
4.7025
4.54968
4.27787
4.31224
4.38539
4.02806
4.53147
4.89346
3.6569
3.82129
4.27673
4.5386
2.79128
3.41077
2.88729
4.12524
3.83281
4.89139
4.4631
4.31504
3.74229
4.9533
4.3199
4.50663
1.52947
4.20213
2.98759
2.32805
2.8814
2.66293
1.47847
3.48881
4.45283
4.42911
4.61749
4.64259
4.44429
3.67511
3.83291
2.70692
4.28892
4.27139
4.9757
3.33163
2.69721
3.71339
4.95788
4.26651
4.44254
4.83549
4.95904
4.378
4.08001
4.28154
4.47195
3.96218
4.69089
4.39745
3.01629
3.55671
2.97435
4.30524
3.87114
4.61556
4.66777
4.85304
3.83617
2.65109
4.34661
4.44451
4.73923
4.41587
4.26783
4.28865
3.85648
4.36172
2.21731
3.05911
4.22805
4.45709
2.5284
3.82693
3.57345
4.60698
4.21512
3.73534
4.14003
2.38992
2.90597
4.8156
4.3496
3.71249
4.06157
4.84493
4.39981
4.07855
4.97231
4.51632
2.55973
2.87036
2.49641
3.09157
2.47799
2.94031
3.43625
4.24447
4.64864
4.99747
4.15955
4.41857
3.36879
4.24981
4.58196
4.85288
4.73242
4.46552
4.58209
4.24597
4.38732
4.60947
3.60355
4.38194
4.42782
1.61535
4.34177
3.7999
4.19977
3.91811
4.37119
3.87629
4.98066
3.02637
4.29413
2.85265
4.32629
2.88884
2.48248
4.62119
4.51467
4.36546
4.99907
2.66138
2.52399
4.43244
4.15087
2.88062
4.2476
2.93538
3.5412
3.77622
2.38185
3.70199
4.13195
1.48628
2.42557
3.67644
4.4655
4.22952
4.81571
4.16966
4.96249
4.96867
4.20857
4.41252
2.84854
2.46841
2.82187
2.5427
2.85069
2.4183
3.75323
3.3971
3.72155
2.4137
3.71554
2.33988
1.46365
4.16066
4.95784
4.63305
4.36359
3.79289
3.77888
1.45378
4.50219
3.8898
2.52684
3.78352
2.44987
2.82773
2.86281
4.29849
4.53508
2.46326
2.99724
4.22877
4.71356
4.24077
4.36651
4.62621
4.19698
4.98345
4.62136
4.30984
3.85276
3.57
3.69983
2.51054
1.50863
4.36371
3.89096
2.42042
2.89487
4.93384
4.5119
2.46174
2.9245
4.24152
2.79111
4.21713
4.50995
4.33836
2.94355
4.97664
3.01503
4.33401
2.96867
4.23796
4.58683
2.45938
1.54793
3.84886
4.30481
3.82931
4.24445
3.83961
4.32739
4.89227
3.50684
4.6403
4.10045
4.86776
4.27916
4.49608
4.63071
4.29988
4.66059
4.15702
2.93112
2.42927
1.61371
2.51818
1.43997
2.28705
3.48746
3.74221
4.11663
2.76514
2.3537
4.39367
4.98397
4.25413
4.3715
3.4484
4.55008
4.63332
4.53266
4.15201
4.93479
4.41073
4.60279
4.29037
4.41352
2.97897
2.37151
4.30484
3.81538
4.32919
3.64203
4.22847
4.33487
4.99964
4.43548
3.94271
2.66756
3.459
3.8688
2.54273
4.65377
4.46286
2.90128
2.4624
4.90533
4.48338
4.23624
4.15503
4.42687
4.25986
3.93043
2.97033
4.92995
4.52092
3.79701
4.29486
4.98981
4.41925
4.19882
4.451
3.77827
3.42254
2.79975
4.3898
4.38605
4.85095
3.74985
4.23533
4.996
1.60821
2.69438
1.4389
2.54042
3.83922
3.51952
4.52387
4.23803
2.90994
4.70735
4.17677
2.88194
4.85482
3.81334
4.34094
2.42124
1.4695
4.41736
1.53081
3.56632
2.87706
2.50036
2.81302
2.50779
2.91984
4.61409
4.97754
4.26594
3.82221
4.86042
4.97047
3.86103
4.24355
3.80589
3.51157
2.94797
4.54308
4.2787
4.5801
4.9291
4.44598
4.18053
2.87364
4.62301
4.87778
3.80308
4.26812
3.82574
4.39145
4.48027
2.43045
4.74435
4.39484
4.46764
2.58896
3.84659
3.52755
4.64244
2.37845
3.10124
4.29717
4.89842
4.29164
3.82573
4.26929
3.94917
4.31761
4.39062
4.72908
4.33959
2.9838
2.4699
3.87877
4.37856
4.16698
4.51117
3.11158
2.48588
1.48799
2.41143
4.25325
2.81196
3.33638
3.71485
2.37613
4.35252
4.35387
3.80748
2.49186
2.43959
4.61007
3.42832
3.8622
4.2223
2.91496
2.35824
4.29789
4.91051
4.52281
4.33716
4.79496
4.36221
4.52791
4.57508
3.52614
4.59461
4.47332
4.25865
4.92055
4.33531
4.97173
4.22737
3.95128
3.0306
3.87743
4.98417
4.55251
4.34958
4.44553
4.31211
2.9071
4.53046
4.73934
4.04769
4.47838
1.50914
2.49345
2.95724
3.51013
1.42691
2.68616
2.84008
4.42322
4.41677
4.18708
3.6799
4.87638
2.76796
2.40292
4.45548
4.71081
4.48013
4.58636
2.57187
4.78231
2.91805
4.40469
3.87262
4.30522
4.25061
3.58632
4.21552
1.72657
2.59196
3.808
4.55307
4.37935
3.34375
2.92088
3.97076
4.55514
4.01039
3.04409
3.72494
4.75152
4.45482
4.65279
4.99175
4.05148
4.12689
3.74973
4.14099
4.31943
3.91776
2.17258
2.51991
4.78311
3.5489
4.01501
4.02249
4.40538
4.55299
4.21432
3.65375
4.37292
2.98494
4.87126
2.41447
1.42326
4.19231
2.6008
2.46665
1.55016
3.37591
2.89509
2.37451
2.78611
4.22044
4.50111
4.77021
3.59642
4.66648
4.38365
3.10643
3.80658
4.60465
4.86989
4.24402
3.85839
4.5089
4.50842
4.85811
4.95194
4.41566
4.29431
4.51983
4.65717
4.43407
3.58993
4.89579
4.94642
2.889
4.19683
4.73142
4.47914
4.40603
3.41424
4.72375
4.44029
4.5063
2.46993
4.25506
3.91955
4.88363
2.92769
2.41573
2.43449
4.6179
4.22707
2.96154
3.50354
3.76529
4.19867
4.88431
4.53633
4.42077
3.7269
4.10527
4.92945
4.36777
4.55688
4.35158
3.92914
2.60473
2.9276
2.49146
4.20789
2.93747
2.52879
4.61934
3.55465
3.83359
4.27975
4.82381
4.46581
4.41312
4.27111
3.79117
2.55215
4.34626
4.22493
4.88524
4.49159
4.26166
3.94441
4.67639
4.9565
2.82321
4.46719
3.92224
4.69856
3.82504
4.23778
4.50943
2.79152
3.64437
4.88482
4.38882
4.55076
4.28023
3.75193
4.94067
1.46951
4.22949
2.92446
2.46399
2.80197
2.4195
1.44884
3.38496
4.98779
4.95551
3.8003
2.85675
4.53523
4.33861
3.53651
2.82233
3.87726
4.33649
4.68426
4.93614
4.28679
3.68168
4.93212
4.11639
4.48154
4.98557
3.90499
4.42823
4.29626
2.92024
3.42142
2.89567
4.21802
3.81421
4.3761
4.83939
4.60691
4.87579
3.78311
4.38678
2.62729
4.33111
4.30477
4.58686
4.33902
4.17018
4.24135
3.81326
4.22375
2.50054
2.91852
4.33247
4.49891
2.38363
3.96107
3.43333
4.6918
4.26457
3.78286
4.21959
2.4874
2.93317
4.92257
3.94331
4.30684
4.61719
4.13943
4.60627
2.60882
2.99284
2.50579
2.94235
2.45796
2.91398
4.92101
4.8961
4.99786
4.23212
4.62759
3.48278
4.46946
4.53074
4.73893
4.11681
4.93647
4.34014
4.20608
4.95309
4.25121
4.41472
3.46182
4.32951
4.66787
4.93223
4.50919
4.41305
1.56587
4.29812
3.81187
4.29486
3.76565
4.2441
3.8974
4.94927
3.05181
4.3294
2.82439
4.36486
2.8623
2.44929
4.55136
4.59548
4.3275
2.93013
2.46665
4.59788
4.18802
2.80019
4.33411
2.85076
3.66451
3.96064
2.5686
3.88212
4.38513
1.67388
2.62405
3.88879
4.47377
4.43932
4.51587
4.50326
2.70537
2.55355
3.04134
2.42016
2.90271
2.54027
3.02162
3.04843
4.46842
4.7002
2.62015
3.02639
4.63805
4.44489
4.31482
3.85783
3.69065
1.58273
4.42538
3.95653
2.63319
4.08268
2.70183
4.50782
4.10478
4.7449
4.09283
4.34707
2.71709
4.90134
4.55746
2.50302
2.91176
4.0521
2.64932
4.19359
4.70037
4.34545
3.9654
3.65807
3.29649
3.53264
2.23505
1.3734
4.02004
3.49748
2.24545
1.57667
3.96731
4.34402
4.01097
4.33558
3.77759
4.35921
4.74822
4.0831
2.74354
4.98205
2.66292
4.21205
2.93376
4.01327
4.47851
2.49809
4.97252
4.44705
4.75429
3.70697
4.33581
4.49673
4.40103
4.51354
4.99232
4.79101
4.97167
4.43897
2.86775
2.42941
1.58315
2.44887
1.48647
4.10039
4.76229
4.84158
4.16999
4.59828
3.45111
4.63903
4.5657
4.49134
4.43761
3.7728
4.35473
4.20643
4.94066
4.34002
4.64895
4.39563
4.47946
4.88495
2.78559
2.43332
4.26594
3.75652
2.40506
4.99417
4.54263
4.20819
4.93514
4.0636
4.84526
4.22883
3.65465
2.4786
3.35216
3.63817
2.33912
4.46123
4.06342
2.69273
4.18405
4.14463
4.74127
4.54253
4.46549
4.00891
2.9711
4.47073
3.8784
4.34434
4.99889
3.75648
4.24673
4.54965
3.84887
3.58677
3.11831
4.40076
4.59811
1.51756
2.52517
1.55995
2.39209
2.72492
4.49289
4.90657
4.25654
3.75538
4.50773
4.52653
2.80979
3.81624
4.23615
2.4675
1.42881
4.2668
1.63284
3.52112
2.89241
2.5853
3.09914
2.47224
4.86693
4.53107
4.92288
3.77698
4.16833
3.8351
3.43623
2.97595
4.38946
4.22557
3.87791
4.58692
4.20687
2.83666
4.50338
4.83592
3.75519
4.34488
4.41877
4.3922
4.83706
4.30642
3.83225
2.47099
4.58716
4.98083
4.14841
4.27455
2.4547
3.7978
3.42511
4.57958
2.56227
2.92873
4.34487
4.20714
4.54574
4.42128
3.95283
4.3025
4.32054
4.54974
4.15639
2.96291
2.38606
3.8339
4.36148
2.96316
2.44368
1.41783
2.41673
4.27478
4.85466
4.6054
4.26994
4.17073
4.90608
3.81838
2.37306
2.64662
4.61813
3.53531
3.97224
4.51649
3.0054
4.85061
4.28883
4.87117
4.2504
4.59676
4.4718
3.55084
4.60831
4.47254
4.43088
4.21536
4.93131
4.5794
4.36217
3.81606
2.9839
3.62713
4.95091
4.48743
4.22055
4.38798
4.68839
4.39424
3.9173
2.94336
2.50706
2.80811
4.25737
4.84932
4.36242
3.73525
4.39418
1.61699
2.41815
2.85195
3.53318
1.57195
2.48261
2.95519
4.2583
4.34537
3.73627
4.3459
4.38784
4.56887
4.26173
4.49487
2.63615
4.88846
2.84628
4.33731
3.88695
1.4823
2.58855
4.50701
3.65843
4.86394
4.2507
3.74933
2.95804
3.56433
4.69534
4.36834
4.38972
4.56784
3.93253
4.21451
3.65537
4.217
4.53255
4.28625
2.3507
2.89316
4.91118
3.74387
4.28567
2.99322
4.4661
4.67294
4.87216
3.7107
4.51278
4.09707
3.56957
4.11743
2.7162
4.83725
2.20094
1.43074
4.22741
2.82576
2.35199
1.53417
3.40323
2.63677
2.43056
3.8628
4.40995
4.07265
2.78917
3.72865
4.55724
4.80462
4.33766
4.42203
4.41558
4.93774
4.30232
4.79817
4.38392
4.41916
4.64108
4.52271
3.70128
4.63849
4.90615
2.84164
4.15862
4.96243
4.2432
4.84485
2.40036
4.33391
3.82864
4.86251
2.93632
2.42662
2.58201
4.62279
4.3392
3.02291
3.70628
3.86483
4.90463
4.50281
4.11261
3.68941
4.22433
4.93331
4.2902
4.84211
4.31157
4.53236
4.13101
3.78715
2.4287
4.99336
2.77769
2.46448
4.23985
2.8755
2.54501
4.50894
3.34383
3.75805
4.35043
4.28955
4.32547
4.33918
3.75247
2.4745
4.29681
4.32671
4.9714
4.64489
3.91156
4.60031
4.9028
4.95041
2.92176
4.26189
3.63789
4.47239
3.83844
4.26007
4.48038
2.9743
3.52237
4.41772
4.56648
4.38218
3.73991
4.98405
2.77617
3.7625
4.31974
4.43225
4.85958
3.61938
2.9397
4.44232
4.38041
3.50474
4.37313
4.76554
4.23035
3.7994
4.95662
2.99488
4.4662
3.95371
4.53541
4.78928
3.81441
4.51171
4.20235
2.93815
3.47668
3.92773
4.432
4.429
4.29995
4.31559
3.93544
4.2795
2.50893
4.05585
4.24161
4.45193
4.98099
4.60505
4.35139
3.92099
4.29471
2.47681
2.84849
4.13337
4.80957
2.48364
2.84399
4.15505
4.50372
2.53817
3.77156
3.48485
4.54205
4.11743
3.85324
4.13239
4.90496
4.48887
2.4949
2.88412
2.44775
2.91194
2.36892
3.07567
3.74468
4.58312
4.3714
3.29597
3.66662
2.42093
3.73178
2.32322
3.82937
4.36145
1.48548
4.75174
4.86054
4.58616
4.3506
4.66004
4.98918
4.24104
3.60816
4.29423
4.59701
4.72699
4.11674
4.55408
4.49348
4.59848
4.57983
4.13582
3.17522
4.50296
3.14001
4.46268
3.02063
2.58998
4.73601
4.34341
4.54123
1.4309
4.18588
3.68326
4.29917
3.76903
4.17735
3.89098
3.58504
3.87353
2.71557
4.02969
4.55503
1.5979
2.54804
4.00017
4.74737
4.37454
4.81261
2.78042
2.44247
4.55383
4.24917
2.8285
4.24996
3.02125
2.95561
2.29475
2.83807
2.51249
2.83628
2.43456
3.69398
3.44741
3.89687
2.44872
3.77557
2.54866
1.5809
4.21986
3.44329
4.95663
4.36348
4.18781
2.90111
4.91076
3.05212
4.42151
2.93385
4.51589
4.59956
2.56053
1.70004
4.01821
4.43157
3.94316
4.51633
3.9548
4.384
4.6591
4.32034
4.36999
4.63699
4.66313
4.4983
4.00944
3.72801
3.90932
2.68083
1.53582
4.5717
4.07548
2.53075
2.91206
4.90502
2.66887
3.05263
4.51807
2.98774
4.59046
4.5735
4.46524
4.88926
4.38916
4.018
4.79191
4.93588
4.1355
4.84204
3.36186
4.68607
4.28168
4.96661
4.80052
4.11249
4.34095
4.66691
2.88464
2.469
1.64886
2.41883
1.70894
2.51292
3.64772
3.99743
4.37559
3.11988
2.75503
4.637
3.83565
3.46748
4.19547
4.69551
2.93648
4.21773
4.46907
4.1866
4.58424
4.99306
2.96369
2.50415
4.34337
3.73863
4.17133
3.94807
4.40021
4.28371
4.31615
4.5348
2.66859
3.64004
3.92071
2.55397
4.73732
4.40263
2.91962
2.60323
4.67325
4.38433
4.29687
4.89458
4.2936
3.93368
2.87334
4.59101
3.77699
4.27258
4.4374
4.37288
3.7632
3.83526
3.58848
2.9266
4.27494
4.57466
4.94635
3.83473
4.28055
4.42414
4.92393
1.50731
2.43538
1.5424
2.4487
3.79236
3.47619
4.55409
4.32334
3.03261
2.38627
3.79305
3.517
2.81526
4.41354
4.71688
2.44057
2.84067
4.55626
3.90302
4.31639
3.83347
4.59463
4.23607
4.92241
3.9536
3.53282
2.81585
4.62423
4.15006
4.47162
4.95888
4.85298
3.79107
4.39555
4.60313
4.42834
2.97069
4.97659
2.46008
3.95993
4.32614
4.28713
4.62861
4.26289
3.71112
4.32164
4.32607
4.29541
4.15839
2.46364
3.87909
3.57465
4.6204
2.60669
2.86037
4.22223
4.96012
4.23635
3.70365
2.37357
4.42187
4.93773
4.37826
4.37873
2.94347
2.43934
1.50396
2.52891
4.48277
3.04042
3.62928
4.00712
2.72164
4.71952
3.71524
4.23361
4.50304
3.3304
2.84649
4.23923
4.46691
4.97201
4.45339
4.58745
4.64815
3.49742
4.34318
4.5091
4.33183
4.89128
4.2996
4.74746
2.6324
4.95333
2.96549
4.38625
3.90788
4.35807
4.31755
3.99676
4.48856
4.12338
4.54449
2.89597
3.78612
4.81009
4.46612
4.19653
4.45891
4.28675
3.59707
4.20499
1.56786
2.48307
2.96433
3.55947
1.53612
2.34874
2.84102
4.33056
4.63923
4.24341
3.91859
4.83752
2.9583
2.43611
2.76409
4.07123
4.83098
4.51364
3.76171
1.40267
2.71506
3.93227
4.72971
4.45221
3.68603
3.2039
2.41468
2.79578
4.20015
3.68979
3.55863
4.65511
2.44658
2.69242
3.8029
4.51133
4.97614
4.26269
3.89767
4.53262
4.16722
4.51629
4.31459
2.4907
2.96474
4.97921
3.86007
4.26719
4.44101
4.53185
4.30447
4.24306
3.88038
4.33229
1.6545
4.27859
2.96283
2.43869
1.5516
3.58714
2.9002
2.44124
3.00176
4.36349
4.59128
3.75566
4.44653
4.31048
3.72808
4.1066
2.81087
4.75576
2.50776
4.88571
4.40122
4.28228
4.59639
4.3385
4.73219
4.44096
3.63232
4.55421
4.11402
4.97996
2.96595
4.28106
4.78594
4.59673
4.60916
3.7007
4.51566
4.2612
1.52631
2.39489
2.93749
2.40341
3.03238
3.70413
1.44712
2.38922
4.33005
4.37622
4.91415
4.60372
4.34049
4.3913
4.35958
4.38585
3.79404
3.75479
4.21762
4.89273
4.51073
4.32255
2.56317
4.27534
2.91864
2.44901
4.61457
3.54169
3.69273
4.23946
4.83461
4.23869
4.64323
4.25864
3.73
2.45757
4.95373
2.99543
4.39275
3.81711
4.18975
4.60987
4.55446
4.9482
3.69349
3.81882
4.36136
4.66515
2.99111
3.49732
4.87031
2.78252
4.20608
3.88635
4.66661
1.43353
4.35708
3.02376
2.48159
2.81847
2.65436
1.67292
3.49838
4.52492
4.33893
4.68131
4.5102
4.45528
3.63442
4.5606
4.98309
3.95836
4.49574
4.0169
4.49215
4.69978
4.17384
4.75474
4.48401
2.98874
3.56551
3.02682
4.38856
3.94907
4.57963
3.82806
4.22923
4.84209
4.36028
4.26008
2.41065
4.30569
4.34244
4.59165
4.93144
4.26238
4.09172
4.10926
3.81837
4.29309
2.34887
2.93774
4.29584
4.5339
2.5308
3.75204
3.37811
4.50653
4.16723
3.63342
4.19001
4.83337
2.31078
2.72328
4.84498
4.19467
4.97713
4.97164
4.64125
2.52483
2.93033
2.41616
2.96548
2.45508
2.93756
3.50163
4.25089
4.68937
4.60264
4.36837
4.90387
4.59196
4.32368
4.23371
4.46394
3.49162
4.32943
4.65992
4.95994
4.57479
4.4578
4.26751
4.65913
1.53528
4.46306
3.95562
4.28932
3.93707
4.42867
3.92984
2.94085
4.23237
2.86046
4.3785
2.76492
2.60516
4.50025
4.65392
4.18991
2.90744
2.66046
4.7206
4.4652
3.01058
4.36341
3.01356
3.65916
3.81393
2.43979
3.8994
4.09642
1.49463
2.52846
3.86621
4.998
4.39514
4.20416
3.11015
2.62006
3.14466
2.43824
2.74343
2.604
4.0843
3.68189
4.01678
2.56078
4.0015
2.60535
1.51772
4.42182
4.5854
4.92941
4.91639
3.92964
2.74961
4.7313
2.83339
4.17396
2.82991
4.13387
4.2792
2.34962
1.47644
3.75281
3.99267
3.75579
4.21954
3.60557
4.20256
4.93083
4.42749
4.73237
4.33475
4.55137
4.75812
4.39097
4.18552
3.7353
3.4267
4.05796
2.26999
1.67995
4.20772
3.64416
2.75561
3.18859
4.99475
4.83355
2.50814
3.06369
4.33937
2.87139
4.50455
4.90901
4.62066
4.99096
4.33956
4.45925
4.25379
3.65027
4.70316
4.40121
4.9767
4.46416
4.62478
3.13988
2.5855
1.58159
2.46476
1.49736
2.43341
3.4397
3.811
4.27535
2.79952
2.46526
4.43678
4.4309
4.31876
4.38416
4.53523
4.28047
4.58623
4.79421
2.92067
2.45313
4.29598
3.72965
4.23622
3.73104
4.26118
4.11898
4.98664
4.30926
3.81245
2.47078
3.59533
3.81348
2.53334
4.45647
4.24439
2.88929
2.43517
4.92428
4.48198
4.2146
4.19953
3.84504
2.94739
4.92979
4.5726
3.65911
4.48155
4.48718
4.22236
4.70382
3.93945
3.60217
2.97238
4.47422
4.60354
4.89186
3.67307
4.24999
1.58357
2.64637
1.4925
2.5844
3.94337
3.57317
4.63104
4.39278
2.89428
4.58038
4.28111
3.03923
4.78522
3.95025
4.44065
4.00025
3.83612
4.35045
3.89687
3.63323
3.22927
4.60185
4.64369
4.79951
4.2067
3.75018
4.16678
4.10059
4.38597
4.1732
2.69501
4.79568
2.38758
3.70123
4.15367
4.19071
4.41176
4.31753
4.35528
4.83704
2.46824
4.64658
4.90279
4.42315
4.20865
2.35268
3.7305
3.40349
4.28303
2.41601
2.84723
4.16778
4.92839
4.23553
3.64698
2.97204
2.35879
1.63354
2.53737
4.4117
3.03817
3.59393
3.9151
2.56889
4.54047
4.42675
4.47155
4.93125
4.28228
4.44823
4.61345
3.74349
4.49712
4.75884
4.41689
4.37853
4.52049
4.27537
4.55986
2.47996
3.06907
4.38031
3.81135
4.22866
4.19216
3.84599
4.28894
3.75764
2.86163
3.64901
4.9551
4.31961
4.2855
4.33219
4.11088
2.96499
4.36005
4.98026
4.65154
3.7916
4.24213
1.52647
2.34443
2.92205
3.25935
1.41797
2.5352
2.76693
4.1845
4.50749
4.13056
3.85879
4.9167
2.797
2.31811
1.5093
2.37936
3.80094
4.45444
4.17382
3.29921
2.67396
4.49874
4.12844
2.94818
3.76023
4.60794
4.90565
4.217
3.71621
4.33913
4.39002
3.97283
4.34934
4.61276
4.41855
2.57589
2.9803
3.85295
4.33801
4.26999
4.49246
4.79003
4.20268
3.83599
4.39381
2.90384
2.45743
1.4858
4.10121
3.05016
2.38009
1.42268
3.41788
2.79227
2.49901
2.9076
4.18055
4.43788
4.8437
3.65685
4.37014
4.36124
4.87351
4.40448
4.43398
4.29553
4.60153
4.60763
3.52395
4.65592
4.80753
2.70263
4.15696
4.71608
4.34186
4.30444
3.15865
4.78933
4.41311
4.37395
4.35388
3.78708
2.56646
4.30806
4.31005
4.96047
4.4786
4.18429
4.74796
4.49166
3.93573
4.33389
4.67772
4.62331
4.41857
4.06757
2.58114
2.94331
2.47503
4.48134
2.88412
2.47395
4.5749
3.45959
3.89074
4.25503
4.81062
4.40077
4.58216
4.09499
3.77242
4.94594
3.85973
4.47182
4.99906
2.97684
4.49449
4.08222
4.56765
3.61869
4.14249
4.50698
2.77405
3.47474
4.89101
4.66662
1.61518
4.22019
2.91749
2.47017
2.93476
2.41039
1.50479
3.42585
4.54755
4.94666
3.77318
4.26523
3.79373
4.86765
4.2222
4.59662
4.83395
3.69968
4.60214
4.15234
2.92181
3.46434
2.85035
4.12139
3.69722
4.38478
4.94243
3.95444
4.47748
4.43737
4.28273
4.34309
2.59571
4.36995
4.19223
4.76282
4.22323
4.23679
4.3184
3.83324
4.42963
2.63335
3.07228
4.48674
4.52809
2.5734
4.04139
3.59361
4.63758
4.18763
3.80254
4.44318
2.43065
2.92095
4.52521
2.56091
3.01874
2.55261
2.98791
2.69526
2.87812
4.60136
4.23772
4.89012
4.46185
4.29908
4.98639
4.90156
4.39018
4.53072
3.45048
4.23286
4.75273
4.59174
4.503
4.232
4.64517
4.53493
4.23911
1.50682
4.26748
3.85573
4.34141
3.63456
4.40482
3.78015
2.77695
4.16407
2.78555
4.26587
2.80476
2.40096
4.53018
4.94807
4.4598
4.29844
3.12497
2.64914
4.75997
4.27795
2.98868
4.52529
2.99589
3.53746
3.76295
2.46742
4.00457
4.30921
1.43168
2.56109
3.89422
2.8345
2.33583
2.7197
2.59154
2.99827
2.32891
1.42424
3.90786
4.40528
3.82309
4.4381
3.75761
4.36226
4.5437
4.50446
3.00347
4.97769
3.01906
4.26775
2.93269
4.44458
4.54684
2.4334
4.61775
4.35533
4.43024
4.73592
3.05527
4.63807
2.51919
2.94429
4.45728
3.05607
4.26742
4.71196
4.42356
3.89863
3.69072
4.00438
2.47074
1.61073
4.32289
3.91898
2.70379
4.64224
4.04942
4.74994
4.25548
4.13056
4.80358
4.84477
4.31071
4.40202
3.20241
4.72816
4.272
2.92069
2.51731
1.57912
2.67669
1.55594
4.03008
4.23105
4.83241
4.97324
4.21322
3.76801
4.25452
4.09107
4.20511
4.37859
4.29454
4.39723
4.82802
2.74425
2.5025
4.07284
3.71417
2.42955
4.96361
4.39741
4.25153
4.10872
4.88338
4.27804
3.64126
2.31761
3.31422
3.57096
2.2895
4.24084
4.11454
2.82151
4.8833
4.6876
4.46936
3.94234
3.02127
4.62192
4.04857
4.44805
3.90843
4.40012
4.78591
3.73965
3.67304
3.02671
4.43474
4.80318
1.58335
2.48341
1.56895
2.41578
3.64044
4.61346
4.30203
2.85839
4.39141
4.70277
3.69038
4.05227
4.9285
4.59451
4.84173
4.81337
3.88934
4.30213
3.78911
3.2811
2.77246
4.39369
4.3122
4.23408
4.66512
4.31301
4.04076
4.50134
4.47251
4.70539
4.25926
2.82179
4.96176
2.49081
3.80694
4.2833
4.36075
4.23554
4.91847
4.40387
3.865
2.68535
4.69047
4.37654
4.32611
2.41729
3.77321
3.64782
4.72781
2.62039
2.98889
4.50187
2.99389
2.66815
1.40994
4.07426
4.3073
4.8703
4.97248
4.34064
4.84437
4.24121
4.59559
4.35935
3.37289
4.77492
4.57551
4.31378
4.29445
3.74691
4.36518
4.55001
4.72782
4.46654
4.50608
2.36829
2.96005
4.29479
3.80159
4.66998
4.33814
3.84629
2.78389
3.76329
4.99696
4.57142
4.29131
4.39444
4.43216
4.31897
3.87959
2.90459
2.46678
3.12723
4.45148
4.64867
3.85064
4.30374
1.38062
2.40326
3.04111
3.61961
1.69453
2.60569
3.07745
1.60811
2.56699
3.71476
4.4599
4.27157
2.81493
3.73106
4.52256
4.86188
4.98013
4.16576
4.39212
4.49517
4.23005
4.15672
3.71557
4.17808
4.60263
4.28568
2.45852
3.06503
4.87096
3.69136
4.34405
2.99409
4.27317
4.70089
3.75607
4.34083
4.16371
3.73706
4.0709
2.8079
4.6617
4.97159
2.29271
1.41427
4.24481
2.90063
2.26319
1.4607
3.25883
2.69504
2.53763
4.97196
4.38676
4.39474
4.46461
4.98277
4.42804
4.25263
4.66247
4.40873
3.59881
4.62579
3.04446
4.23422
4.1027
4.16372
4.23064
3.70339
2.34778
4.1746
4.88853
4.19615
4.7103
4.3967
4.50168
4.29963
3.91601
4.54222
4.9332
4.47482
4.96319
4.95188
4.06648
4.39879
4.3299
3.52713
2.41008
4.9353
4.67918
2.8942
2.55059
4.41185
2.73453
2.49244
4.42176
3.32549
3.96277
4.36877
4.60508
4.23738
3.79731
4.88578
3.98314
4.68931
3.04
4.4412
3.83978
4.62785
3.84046
4.41293
4.73623
3.06995
3.57557
3.5908
4.49442
4.75687
4.33747
4.61506
4.22733
3.91161
4.94491
3.03645
4.22294
3.80465
4.50365
4.88529
4.85346
3.71555
4.48458
4.06336
2.76308
3.55305
4.6467
4.24222
3.64897
4.24757
4.92387
4.4744
4.50458
4.42461
3.96239
4.26386
2.48061
4.24004
4.39052
4.5671
4.66706
4.27931
3.98901
4.42909
2.59152
2.94994
4.39852
4.92258
2.31431
2.91623
4.34669
4.59628
2.53639
3.84719
3.68344
4.50273
2.5718
3.17557
2.60307
3.08966
2.52507
3.06854
3.51971
4.40119
4.7258
3.50945
3.9288
2.53591
3.93276
2.60579
3.94548
4.29594
1.57165
3.73475
4.48916
4.38384
4.38972
4.65968
3.4068
3.91682
4.14786
1.46656
2.40063
3.80808
2.49524
3.67846
4.82655
4.59922
4.18875
4.84114
2.98874
4.2657
2.7862
2.36995
4.42006
4.2502
2.86667
3.58336
4.53184
4.40108
4.99221
4.42381
4.72637
4.52814
4.18936
4.29959
4.35719
2.69999
2.30223
2.64914
2.32875
2.87256
2.36772
3.58334
3.66028
3.68264
2.33095
3.65526
2.43096
1.42218
4.08666
3.48469
4.62932
4.2329
3.7099
3.63095
1.35281
4.33688
3.73644
2.51285
3.9373
2.5121
2.7847
3.02384
4.33385
4.58224
2.5789
3.0597
4.4425
4.97448
4.50335
4.29551
3.47369
4.79569
4.13693
4.98069
4.8138
4.17638
4.38164
4.87382
3.85629
3.58617
3.80437
2.64705
1.58634
4.51812
3.8398
2.54702
2.82585
4.516
2.6275
2.95825
4.32453
3.02613
4.29373
4.50281
4.42368
2.99603
3.0295
4.3559
3.07218
4.50086
4.721
2.63506
1.65719
4.01572
4.55586
3.94077
4.70323
3.93895
4.49375
4.6504
4.42412
4.20787
4.41167
4.78922
4.22054
2.96316
2.35034
1.61218
2.49954
1.48829
2.40772
3.36414
3.74177
4.23204
2.83368
2.43932
4.37523
3.8426
3.6506
4.37597
4.6795
3.02283
4.33555
4.59858
3.43091
4.50344
4.43982
4.57203
4.23854
4.95331
4.97077
4.33379
1.6071
3.35979
1.59179
2.4921
2.97246
2.66291
2.86677
4.18821
4.32789
2.8928
4.17142
3.89155
2.39486
3.07081
4.59632
4.37955
3.90482
2.65502
3.54342
3.88879
2.55782
4.754
4.29191
2.92834
2.42708
4.83155
4.53051
4.29522
4.30859
4.36286
4.01542
4.27581
4.86167
4.24028
4.55973
4.53714
2.93837
2.43792
4.43167
3.80227
4.20623
3.71717
4.30223
4.25235
4.46625
4.66969
1.56068
2.55871
1.64511
2.65075
3.77309
3.32203
4.40387
4.29613
2.87294
2.53087
3.902
3.67447
3.00403
4.41491
4.58852
2.6312
1.52276
4.20834
1.51597
3.50235
2.7834
2.27621
2.86775
2.40328
2.7499
4.51767
4.88437
4.22828
3.77242
4.6085
4.18884
2.89798
4.89042
3.73179
4.34963
2.4682
4.43173
4.44925
4.68452
3.61192
4.61423
4.7387
4.42392
3.96147
3.58576
3.05278
4.52134
4.33777
4.53506
4.91224
3.87755
4.4861
2.88898
4.46522
4.7995
3.80291
4.14473
3.66543
4.6166
4.31333
4.9552
2.87696
2.44744
1.52731
2.33492
4.20006
2.78514
3.37897
3.75432
2.36767
4.38634
3.81007
4.28677
4.65933
3.55862
2.91885
2.60341
2.46904
4.7003
3.57208
3.70248
4.36776
2.97924
2.47536
4.27542
4.53149
4.38318
4.27884
4.97478
3.86599
3.80318
2.89291
3.41104
4.35194
4.40279
3.75603
4.91121
4.10445
4.57294
4.96901
4.31084
4.73042
4.58066
3.55381
4.50867
4.49747
4.17928
4.87363
4.94189
4.26195
4.991
4.17266
4.78588
1.57954
2.62049
3.83938
4.47234
4.23642
3.46183
2.93986
2.44911
3.00634
4.45929
3.92509
3.56705
4.53214
2.65372
3.86111
2.86229
3.35001
4.53409
4.3228
4.52126
4.88693
3.81683
4.9998
4.3
2.61201
4.43343
2.53803
3.91666
3.48931
3.02897
4.32841
4.37215
3.82959
2.55011
4.35851
4.65565
4.99795
4.34899
1.62149
4.153
2.81135
2.44596
1.54828
3.59965
2.78982
2.43989
2.82195
4.22451
4.56669
4.82429
3.755
4.66759
4.2784
3.97617
4.33164
2.89286
2.59225
2.80235
3.63192
4.53942
4.88137
4.18449
3.73231
4.60508
4.25419
4.79492
4.22376
2.39717
2.84488
3.86803
4.22784
4.18731
4.45262
4.49551
4.22804
3.98614
4.37658
3.05424
4.23182
4.46534
4.51009
4.59436
3.57485
4.57975
4.17369
1.55678
2.37868
2.99478
2.4453
2.90406
3.41027
1.51095
2.50864
2.62937
4.69657
4.31458
2.85366
3.54659
3.92222
4.2756
4.26006
4.5528
2.47743
4.20951
3.90854
4.94337
2.92402
3.93485
2.81081
4.23888
4.46978
3.48369
4.88844
2.86114
3.71408
4.20576
4.88429
4.47457
2.51347
4.28174
3.0647
2.70143
4.75878
3.51142
3.90994
4.28042
4.33088
4.71603
4.51709
3.97693
2.50473
3.05598
2.51391
4.30906
4.46842
4.59562
4.32452
4.25036
4.44931
4.44502
3.92
3.74834
4.19544
4.45211
4.40168
1.3335
4.31844
2.75934
2.45906
2.81309
2.4432
1.50956
3.28298
4.40252
4.435
4.70967
4.70784
4.50788
3.66767
4.0016
2.96119
4.65108
4.33535
3.66182
2.97328
3.84703
4.31183
4.72411
2.50401
4.34184
2.57093
2.82445
4.32705
3.98236
3.35958
4.33189
4.04971
2.35984
3.66264
4.25537
2.71501
4.99729
4.45367
4.99759
4.01476
4.60048
4.47269
3.07979
3.57099
2.87861
4.33611
3.80286
4.61004
4.82019
4.68234
3.8488
4.31609
3.74754
4.90369
4.16995
4.57767
4.56797
2.53163
2.89237
2.48549
2.94263
2.40039
2.84399
3.52938
4.30339
4.53296
4.93545
4.14927
4.53732
3.48574
4.25458
4.72373
4.8822
2.95693
4.23479
3.00118
2.46215
4.68534
4.45955
2.90715
3.47402
3.76339
4.5797
1.59446
2.58646
3.93545
2.43868
4.099
4.65643
4.30156
4.33087
4.58064
3.5553
4.30319
4.52655
4.94475
4.89404
4.66272
4.28198
4.92203
4.53985
4.51276
3.04263
2.54485
2.86052
2.68621
2.98835
2.3932
3.73588
3.41831
3.73775
2.35634
3.72021
2.49847
1.55363
4.25835
4.99052
4.91719
4.45515
4.84539
4.30475
3.81343
3.19595
1.45438
4.0765
3.57237
2.41371
3.85283
2.29456
2.65718
4.70578
2.7667
4.03158
4.2165
2.31343
2.68452
4.04427
3.71711
4.26535
4.3671
4.92955
4.94402
4.93209
4.3953
4.62361
4.67912
4.52469
4.05378
3.61008
4.10544
2.7354
1.63817
4.55118
4.06907
2.6981
3.02403
4.87626
2.75065
2.96408
4.56446
3.21185
4.33422
4.39524
4.42015
3.07666
4.99697
3.13129
4.38458
2.71152
4.55218
4.56932
2.59094
1.42201
3.88208
4.35046
3.71286
4.26685
3.91596
4.18929
4.51481
4.93386
4.53587
4.4159
3.07735
2.72641
1.46951
2.4574
1.57933
2.54434
3.53249
3.85443
4.44574
2.95047
2.55498
4.65074
4.79843
4.40838
4.75409
3.5811
4.56475
4.49455
4.64286
4.34579
2.7605
4.70325
4.56368
4.23543
3.76001
4.15348
1.42204
3.62009
1.51848
2.48558
2.84492
2.398
3.10185
4.41704
4.55973
3.10144
4.40933
3.90507
2.47857
4.89574
4.19019
3.72933
2.42632
3.43765
3.81451
2.48198
4.50817
4.26016
2.77772
2.41847
4.75779
4.37738
4.36533
4.29522
4.96469
4.21773
4.17902
4.47627
4.10698
4.41843
4.82455
2.76905
2.61193
4.26216
3.74811
4.30627
3.84685
4.41256
4.27616
1.52354
2.61952
1.46426
2.52517
3.96575
3.55684
4.71813
4.44496
3.13468
4.42414
4.15535
2.65389
4.83603
3.65135
4.14675
2.38105
1.45245
4.2051
1.55076
3.37597
2.86209
2.42467
2.90091
2.59078
2.9736
4.67505
4.94734
4.34816
3.78017
4.38154
4.55092
4.41479
4.42337
3.60536
4.71883
4.56874
4.96184
3.81739
4.33488
3.88844
3.56424
2.92967
4.58508
4.35878
4.64964
4.4309
4.17793
2.82436
4.63274
4.98757
3.74868
4.41092
3.85269
3.04757
2.39875
1.63821
2.67615
4.3814
2.82569
3.61964
3.97989
2.62804
4.66407
4.07061
4.7898
3.71537
2.41186
4.99384
2.36841
4.35616
3.34188
3.72231
4.26265
2.82396
2.40893
4.31665
4.84622
4.53805
4.1156
4.64398
4.94692
4.00464
3.01834
3.75841
4.33714
4.95304
4.07218
4.44929
4.97461
4.40798
4.57976
4.6136
3.51468
4.52989
4.61703
4.42423
4.22502
4.8105
4.99181
4.23408
1.59076
2.42636
3.81809
4.5326
4.32196
3.51183
3.00174
3.69313
4.93457
4.38696
3.91355
3.0309
3.46328
4.67434
4.4106
4.57844
4.98498
2.45468
4.95649
4.33727
4.54553
4.92507
4.278
2.3956
4.66722
2.52691
3.79599
3.54266
2.89897
4.46062
4.44083
3.81072
4.64409
4.18991
3.79839
4.3084
2.84258
2.44762
1.49843
4.19525
2.8307
2.5047
1.5796
3.46825
2.91197
2.382
2.83133
4.4809
4.62197
3.9265
4.46948
4.28881
2.95458
3.84916
4.4276
4.32335
3.78324
4.2873
4.26206
3.76626
4.25467
4.43585
4.17116
2.38713
3.02564
4.96036
3.82805
4.24334
4.32413
4.53171
2.74997
4.23595
4.58816
4.46228
4.5442
3.55806
4.62849
4.29303
4.54262
2.34961
4.23204
3.79397
2.94165
2.44791
2.5142
4.49052
4.25433
2.87255
3.5874
3.87364
4.22208
4.89429
3.00749
3.88457
4.26363
4.52342
3.75783
2.92027
4.27101
4.64811
3.47694
4.92435
4.46354
4.53937
4.362
3.94336
2.57786
4.98012
3.01051
2.54009
4.2991
2.98574
2.50657
4.59118
3.59422
3.79416
4.24891
4.35078
4.29697
4.31635
3.82451
2.49568
4.37485
4.22124
4.89945
4.62756
4.2562
4.59904
4.30002
3.82143
4.47518
1.60613
4.30929
2.93191
2.41697
3.03636
2.53724
1.51739
3.60105
4.92881
4.90545
3.82368
2.80619
4.45816
4.14525
3.44246
2.86
3.82477
4.26669
4.4186
4.90561
4.18786
4.88747
2.53924
4.73811
2.41204
2.99167
4.27295
3.73433
3.75464
4.72288
4.36616
2.6802
3.97826
4.41394
2.9441
4.87282
3.78468
4.55474
4.24954
2.79099
3.41447
2.90144
4.50005
3.90071
4.63726
4.99015
4.46276
4.9572
4.94613
3.66679
4.22505
4.04533
4.94845
4.33965
4.7684
4.47104
2.36466
2.76475
2.50455
2.87484
2.36407
2.82587
4.24971
4.50373
3.47335
4.2231
4.62785
4.95506
4.5042
4.24872
4.82395
2.9234
4.40635
2.82344
2.56298
4.45464
4.21139
3.0439
3.57266
3.77687
4.41992
1.49061
2.50145
3.76021
2.37873
3.85701
4.84699
4.97004
4.22469
4.44457
3.45151
4.27993
4.51948
4.79312
4.68029
4.47284
4.92276
4.49435
4.34066
2.8094
2.64878
2.93107
2.44017
2.85319
2.54541
2.90131
3.02345
4.37508
4.52871
2.37913
2.86932
4.33209
4.7936
4.55148
4.23529
3.81122
3.45771
1.54862
4.27878
3.72667
2.55295
3.83603
2.50383
4.22821
4.53027
3.42424
4.47108
4.27667
2.87201
4.91427
4.45324
2.53271
3.0216
4.39689
2.84042
4.31085
4.88408
4.47984
4.32413
3.82707
3.62838
4.0016
2.57914
1.47294
4.38659
3.85251
2.54145
1.45717
3.76347
4.24233
3.93656
4.32279
3.8293
4.25364
4.50483
4.36271
2.85684
2.99716
4.49415
3.01824
4.32845
4.69652
2.51116
4.44427
4.17513
4.1635
4.6904
2.83857
2.45701
1.51611
2.29998
1.52711
4.26902
4.99126
4.87211
4.16271
4.76729
3.3962
4.70182
4.50083
4.41597
4.30694
4.74487
2.91973
4.42839
3.89926
2.56031
3.08729
4.47239
4.28569
3.89162
4.34827
1.61358
3.73234
1.55114
2.54356
2.97695
2.50921
2.98327
2.48781
4.98403
4.57989
4.43268
4.25566
4.23399
3.8033
2.54576
3.75735
3.95435
2.48774
4.70351
4.3309
2.96609
4.15593
4.11723
4.582
3.83166
4.31764
4.43002
4.5215
4.53842
4.30768
4.84516
4.97056
2.91954
2.71995
4.4386
3.93879
1.48155
2.57902
1.52448
2.51276
2.97466
4.82301
4.31055
3.81395
4.56392
4.21494
2.84914
4.87911
3.70663
4.30801
2.37809
1.38885
4.35782
1.65727
3.49952
2.83348
2.64508
2.87913
2.49972
4.96417
4.40569
4.81288
4.50956
4.34422
4.56456
3.48263
4.51476
4.49277
4.64505
3.78106
4.37464
3.89251
3.87796
3.09984
4.79117
4.4895
3.93199
4.52415
4.51165
2.95026
4.78816
4.03598
4.46719
4.99593
3.0126
2.4695
1.50005
2.50561
4.42203
4.94157
4.41037
4.1932
4.26999
4.90221
3.73073
2.45603
2.4424
4.47726
3.39244
3.86928
4.19515
2.81207
3.83114
4.9942
4.3779
4.75404
3.8987
2.92458
3.54679
4.31841
4.65493
4.34286
4.99994
4.95109
4.39923
4.4005
4.80769
3.59868
4.38462
4.6887
4.2589
4.24022
1.46824
2.60022
4.59309
4.8188
3.83136
4.87822
4.25975
3.79961
2.9108
3.50915
4.50509
4.25179
4.29138
4.93187
3.829
2.65137
4.27378
4.56678
4.91974
4.40278
2.45099
4.73899
2.61108
3.90128
3.58135
2.9353
4.3097
2.84684
4.29278
4.66702
3.75519
4.59229
4.13766
3.91516
4.32493
2.86024
2.45323
1.53858
4.3522
3.10431
2.63
1.54792
3.60241
2.9336
2.45518
3.69914
4.58194
4.96697
4.2827
2.76766
3.86795
4.56861
4.90759
4.22367
4.22847
4.58907
4.25413
4.30135
4.01874
4.20627
4.5143
4.49157
2.41994
3.10846
3.87201
4.35323
2.85531
4.26892
4.8084
4.46362
4.44987
2.57322
4.30654
3.87632
2.9493
2.46928
2.47368
4.53693
4.19245
2.96056
3.5023
3.74296
4.85719
2.99854
3.78396
4.2855
4.94001
4.64517
3.70569
2.90266
4.23852
4.53647
3.4249
4.17141
4.88482
4.38678
4.51194
4.4069
3.96922
2.48912
2.92644
2.45683
4.48385
3.16003
2.5036
4.68854
3.64753
3.78633
4.18007
4.44534
4.4457
4.22679
3.96313
2.43025
4.37683
4.36024
4.52839
4.58068
4.5103
3.75858
4.40714
4.99455
2.95463
3.96188
4.21146
4.53786
4.88201
3.78313
2.91335
4.45348
4.39059
3.47217
4.51676
4.46853
2.45338
3.82844
4.33655
2.97586
4.9225
4.49469
4.99443
2.5829
4.66946
2.41192
2.86004
4.28421
3.81245
3.52707
3.01535
4.4614
4.06463
4.61593
3.95221
4.88231
4.56504
3.0443
3.71068
3.84396
4.531
4.3209
4.53914
4.32651
4.02305
4.51779
2.59042
2.95758
2.4366
2.7181
2.37394
2.88035
3.41762
4.28678
4.41321
3.51879
3.69739
2.39062
3.70919
2.37463
3.80116
4.16949
1.42798
3.41551
4.47199
4.619
4.84463
4.0986
4.49921
4.60403
4.42724
4.52348
4.28523
3.4544
4.30818
4.53248
4.82711
4.86701
4.30122
4.52805
4.8037
2.91013
2.40781
2.83598
2.64437
3.10681
2.43797
3.72942
3.60514
3.82777
2.47498
3.82782
2.51767
1.39401
4.40757
3.5677
4.59291
4.41801
3.75289
3.44717
1.55004
4.32824
3.91192
2.58309
3.86895
2.61278
2.96803
4.79768
2.88639
4.36407
4.42187
2.53135
3.0117
4.26866
4.48726
4.27755
4.87832
4.36224
4.58418
4.6005
4.24841
3.94535
3.57519
3.88645
2.4768
1.50162
4.3859
3.91628
2.39598
2.79907
4.99982
4.53512
2.49005
3.04657
4.37253
2.79306
4.33598
4.62556
4.38325
2.92002
4.85097
2.83163
4.37805
2.96283
4.22481
4.6252
2.52398
1.52133
3.75407
4.27683
3.70452
4.3202
3.78289
4.40225
4.66842
4.27857
3.04621
2.49541
1.54867
2.71208
1.54074
2.34207
3.42731
3.79402
4.27703
2.80846
2.47727
4.58371
3.89861
3.62567
4.38412
4.72606
3.11479
4.34034
4.56777
3.75377
4.56264
4.73182
4.69628
4.4531
4.87913
4.95493
4.3715
4.38505
4.82868
2.97405
2.50545
4.23726
3.75104
4.13743
3.67265
4.11281
4.15335
4.339
4.71006
2.58685
3.42551
3.76476
2.52441
4.59269
4.36164
2.75174
2.24418
4.84853
4.55052
4.22368
4.12249
4.4795
3.93995
4.2634
4.85231
4.31716
1.5463
2.50565
1.65655
2.45588
3.76499
3.5517
4.63593
4.3284
2.81931
2.46374
3.87004
3.53103
3.00838
4.32619
4.57193
2.65328
1.46596
4.15872
1.62385
3.4319
2.96182
2.49375
2.82665
2.47884
3.0028
4.57385
4.95267
4.26504
3.74554
4.53008
4.29202
2.77923
4.8768
3.82357
4.13842
2.4468
3.88405
3.36083
2.87752
4.52933
4.12269
4.40432
4.89349
4.99928
3.83512
4.30926
2.80755
4.32165
4.85459
3.66755
4.15707
3.68342
4.3693
4.11488
2.81147
2.52426
1.42238
2.37887
4.25644
2.96456
3.60632
3.83483
2.42813
4.66915
3.75326
4.22041
4.49759
3.50515
2.93215
2.49773
2.61641
4.54844
3.56536
3.89913
4.27719
2.93527
2.64447
4.33974
4.90449
4.53243
4.26852
4.13288
4.94899
3.81816
4.99456
4.27006
4.59675
4.4027
3.45085
4.64408
4.36445
4.107
4.94198
4.1925
4.87767
4.19086
1.57766
2.47286
3.69476
4.65759
4.40643
3.6182
2.98502
2.4624
2.78188
4.21636
3.66188
3.46487
4.49649
2.44407
3.6899
3.21142
3.71415
4.61557
4.50863
4.75652
3.69605
4.924
4.27096
4.49499
4.27334
2.53175
2.93786
3.73206
4.29234
4.31931
4.53838
4.37958
4.21805
3.6682
4.31081
1.53525
4.51191
2.95929
2.52908
1.76099
3.64205
3.0264
2.49724
2.86933
4.49424
4.75415
3.88308
4.45461
4.50604
3.81766
4.45443
2.97015
4.98134
2.53914
2.88625
3.85963
4.74825
4.94509
4.48766
4.04726
4.80198
4.32238
3.01085
4.29783
4.28145
4.78263
4.76093
3.64214
4.28383
4.15028
1.42292
2.33635
2.73929
2.2983
2.7645
3.33485
1.49661
2.34128
2.85045
4.62027
4.5096
3.1059
3.51766
4.05853
4.57255
4.90895
4.10303
4.64498
2.25427
4.27531
3.65322
4.93461
2.84739
3.90479
4.43715
4.88944
4.47928
4.17308
2.51043
4.35412
2.91657
2.69097
4.64051
3.54928
3.83222
4.30938
4.13115
4.63124
4.21372
3.88182
2.42934
4.90486
2.90054
2.44134
4.26899
4.41715
4.68348
4.48493
4.15778
4.4013
4.13048
3.73563
1.45797
4.34397
2.95421
2.48483
2.97292
2.55755
1.56008
3.66188
4.59834
4.24278
4.52325
4.49801
4.55044
3.54742
3.7463
3.01687
4.54723
4.36475
3.52585
3.00727
3.80902
4.26142
4.54494
4.8936
4.89942
4.39722
3.94264
4.33247
4.53813
3.88509
4.56604
4.1936
2.90557
3.4204
2.82697
4.34987
3.90439
4.43767
4.45261
4.95858
3.78618
4.56127
2.50134
2.88561
2.56721
2.93384
2.51807
3.06887
3.60638
4.27196
4.48295
4.8757
4.3461
4.52795
3.58727
4.2712
4.62722
4.68224
4.33773
4.981
4.5795
4.2686
4.91406
4.21823
4.4255
3.39884
4.31163
4.52824
4.97961
4.88696
2.78063
2.50963
2.86263
2.46984
2.98674
2.44341
3.72434
3.37385
3.69441
2.47301
3.70639
2.2418
1.5258
4.16667
4.98651
4.642
4.54986
3.96013
3.66224
1.53406
4.52999
3.88953
2.58839
4.12276
2.48257
2.96998
2.91734
4.48131
4.65039
2.56681
3.10172
4.22715
4.79572
4.19175
4.27012
4.7368
4.15238
4.9792
4.98607
4.57076
4.3174
3.78125
3.47189
3.73396
2.59181
1.53597
4.25621
3.76961
2.4325
2.75924
4.84753
4.31797
2.47274
2.70587
4.00804
2.77395
4.09607
4.43642
4.53371
3.0399
3.00231
4.50959
3.07476
4.42054
4.79341
2.6946
1.67487
3.83087
4.49412
3.7554
4.27817
3.96285
4.19396
2.78758
2.34245
1.57008
2.58773
1.51732
2.37161
3.49455
3.71302
4.13415
2.86467
2.38047
4.43899
4.32152
4.63414
3.35686
4.57501
4.47921
4.34116
4.18679
4.87516
4.3912
4.68781
4.39859
4.59653
3.05949
2.46126
4.41607
3.88706
4.30719
4.05428
4.35597
4.50599
4.32513
3.89766
2.5813
3.66231
3.95694
2.44708
4.78619
4.27977
3.07225
2.48406
4.68918
4.28091
4.39309
4.33822
4.4036
1.51124
2.49766
1.51149
2.50719
3.78842
3.46608
4.50541
4.16883
2.81721
4.67132
4.22915
2.95944
3.91772
4.45499
2.60551
1.64862
4.17025
1.52262
3.57159
2.83586
2.40395
2.97618
2.40917
2.91883
4.54983
4.98608
4.24232
3.78411
4.89875
4.95031
3.7989
4.21055
3.70548
3.50496
2.9631
4.40221
4.31657
4.48502
4.96021
4.59168
4.34461
2.8166
4.47533
4.93418
3.80444
4.3475
3.87546
2.94562
2.56879
1.48624
2.44813
4.21853
2.81228
3.43183
3.69643
2.29665
4.42547
4.37287
3.89613
2.58713
2.46139
4.57095
3.45482
3.71988
4.32142
2.77204
2.43724
4.23054
4.91045
4.44674
4.24275
4.80109
4.96017
4.23416
4.61752
4.58905
3.51512
4.47436
4.60854
4.20053
4.85998
4.22992
4.96249
4.33727
1.65689
2.63694
3.83101
4.58828
4.32986
3.46602
2.96828
3.93426
4.47756
3.98219
2.85322
3.54091
4.72698
4.24285
4.61786
4.15824
4.32984
3.77222
4.25425
4.4748
4.20227
2.40175
2.7238
4.81479
3.72391
4.19915
4.3632
4.60108
4.64253
4.28398
3.82388
4.27152
2.88695
2.44452
1.44357
4.30769
2.86964
2.57327
1.5047
3.59132
2.78074
2.51428
2.88592
4.364
4.51911
4.78601
3.81129
4.5169
4.41183
3.00272
3.84976
4.50725
4.99904
4.45744
3.97389
3.12899
4.40279
4.50526
4.61003
4.58174
3.57801
4.63127
4.20646
4.35895
2.44284
4.26865
3.8191
4.8972
2.92111
2.53934
4.99559
2.42524
4.53142
4.13946
2.81642
3.48331
3.74484
4.34763
4.93313
4.63642
4.37741
3.85994
4.279
4.96236
4.37749
4.52811
4.32274
3.69829
2.39756
4.96726
2.81589
2.42581
4.33832
2.91388
2.60486
4.65793
3.34696
3.93473
4.38482
4.95531
4.17469
4.1227
4.20793
3.76687
2.36983
4.21681
4.15064
4.85408
4.63161
4.4166
1.42385
4.16693
2.82854
2.36471
2.73038
2.41088
1.37381
3.33529
4.97505
3.9452
2.89696
4.51145
4.28435
3.35963
2.83412
3.73216
4.23945
4.57775
4.8569
4.43053
3.7633
4.99087
4.4661
4.54383
3.94
4.69817
4.47894
2.97982
3.689
2.88778
4.45086
3.78863
4.63738
4.89602
4.64733
3.95017
4.50255
2.4468
2.8732
2.44005
2.89473
2.34973
2.83513
4.91941
4.25573
4.43228
3.49623
4.25666
4.54706
4.66207
4.16318
4.91901
4.73464
4.30215
4.89634
4.95224
4.23847
4.65966
3.41689
4.32725
4.66912
2.85158
2.47242
2.83337
2.39543
2.91431
2.50373
2.74097
3.11232
4.36606
4.7574
2.60994
2.93555
4.45399
4.4435
4.16144
3.77453
3.66019
1.45155
4.37999
3.91453
2.46645
3.94457
2.45228
4.62649
4.26444
4.1948
4.42472
2.8787
4.52547
2.45603
2.97622
4.30167
2.90299
4.18237
4.89469
4.47038
4.29517
3.7546
3.55285
3.69859
2.59278
1.46486
4.18319
3.80258
2.4411
1.50803
3.74101
4.41731
3.9192
4.19681
3.93731
4.32882
4.63753
4.33492
2.86276
3.05159
4.4229
2.8326
4.39117
4.71221
2.44968
2.86232
2.32708
1.61368
2.46792
1.44675
4.1479
4.87899
4.2367
4.51266
3.41637
4.54891
4.54058
4.52046
4.28496
3.89185
4.41984
4.27117
4.23559
4.62342
4.328
4.7429
3.11009
2.51071
4.42435
3.90945
2.45335
4.9338
4.51049
4.39938
4.3262
4.2404
3.97553
2.47685
3.60705
4.07104
2.60224
4.5872
4.46037
2.96099
4.20864
4.39564
1.46616
2.42417
1.45841
2.42928
2.77847
4.72963
4.96286
4.38318
3.79339
4.54755
4.41999
2.9075
3.84323
4.22827
2.3746
1.48808
4.40044
1.54187
3.56816
2.96862
2.45378
3.0178
2.49369
4.52512
4.92721
3.85851
4.40736
3.79334
3.68453
2.91061
4.58815
4.2889
3.82843
4.71788
4.41453
3.00204
4.67713
3.77638
4.24589
2.79651
2.3203
1.39298
2.48163
4.52062
4.67081
4.30223
4.25955
3.72042
2.47531
2.4076
4.59706
3.60603
3.72933
4.37372
2.98762
4.83507
4.18584
4.98611
4.88107
4.14992
4.64101
4.66739
3.46093
4.72442
4.4733
4.23352
4.30502
4.85787
1.52658
2.49796
4.37624
4.9997
3.6304
4.82544
4.07054
3.73759
2.81064
3.45642
4.58412
4.2053
4.3627
4.55514
4.2552
4.33072
3.70309
4.34207
4.56453
4.47535
2.60597
2.94131
3.92031
4.36333
2.91166
4.25209
4.66648
4.99122
3.80944
4.59192
4.26666
3.88278
4.33758
2.76836
4.98627
2.55976
1.51763
4.37319
2.92922
2.64582
1.54833
3.43837
2.9767
2.4871
3.71063
4.62209
4.36004
2.9314
3.98218
4.38296
4.94869
4.20223
2.82821
4.11465
4.91831
4.27859
4.65625
2.42406
4.22406
3.802
2.74709
2.39048
2.49829
4.61594
4.30526
2.97175
3.61781
3.78126
4.64122
4.17443
3.99373
4.3071
4.29757
4.35214
4.70282
4.44781
4.01361
2.575
4.99936
3.13969
2.536
4.36293
3.20976
2.5727
4.56875
3.68181
3.88561
4.3131
4.37061
4.49665
4.44207
4.06592
2.71674
4.54545
4.27848
4.58195
2.86426
4.15316
4.50084
4.60205
4.80309
3.7443
2.83888
4.60462
4.25842
3.55705
4.40299
4.71438
4.40473
3.79896
2.94835
4.31291
3.99694
4.6381
4.93713
3.76074
4.60505
4.5246
3.02095
3.58293
3.8332
4.61519
4.9512
4.5224
2.55041
2.89976
2.66412
2.88941
2.37707
2.95209
3.67074
4.2751
4.36384
3.38447
3.78542
2.23094
3.68679
2.46582
3.51746
4.2043
1.45657
4.83876
4.84584
4.34315
4.20103
4.69964
4.11303
3.35974
4.12627
4.79086
4.8268
4.7358
4.04698
4.278
2.6416
2.56895
2.94277
2.4842
3.0511
2.44396
3.66385
3.23505
3.80977
2.48939
3.63505
2.47168
1.46282
4.30272
3.66606
4.43056
4.32032
3.11318
4.97031
3.01442
4.42172
3.006
4.50881
4.62242
2.54905
1.5283
3.69571
4.35349
3.91932
4.30294
3.91328
4.17568
4.42276
4.50682
4.3555
4.49136
4.64681
4.16932
3.99691
3.46104
3.81503
2.56667
1.487
4.38632
3.93197
2.40206
2.71717
4.8185
4.36383
2.344
2.80771
4.27127
2.82774
4.23009
4.66079
4.37075
2.81852
2.51527
1.56737
2.47783
1.52811
2.51927
4.81485
3.48711
3.71837
4.06755
2.81775
2.32546
4.49294
3.84175
3.5553
4.36618
4.52628
2.96135
4.19119
4.83095
4.97363
4.0863
4.56226
4.58741
2.92943
2.56954
4.42779
3.78491
4.27
3.74298
4.43768
4.17183
4.46413
4.74699
2.5753
4.88362
3.34073
3.69296
2.26927
4.40155
4.25272
2.73208
2.28828
4.74753
4.28855
4.03921
4.03669
4.2091
3.75524
1.62268
2.50702
1.58137
2.47824
3.82621
3.62695
4.57049
4.42369
2.89186
2.51294
3.81483
3.3873
2.87671
4.1575
4.51992
2.47637
2.90523
4.54466
4.98138
3.90934
4.31716
3.83121
4.52461
4.34071
4.98617
3.96287
3.43936
2.80116
4.5791
4.24362
4.48364
4.90549
4.85924
3.81052
4.23905
3.12242
2.68961
1.46158
2.42889
4.46235
2.90114
3.41268
3.89371
2.38944
4.65405
4.00728
4.39808
4.54258
3.57849
3.08385
4.4107
4.32119
4.53941
4.50085
4.61505
3.50153
4.6341
4.60137
4.2434
4.98855
1.53348
2.67704
3.969
4.70055
4.43477
3.66822
3.02148
2.48125
2.91696
4.28188
3.89729
3.41431
4.59523
2.47037
2.81508
3.74388
4.50084
4.92314
4.21024
3.77055
4.48827
4.21727
4.69917
4.35735
2.49319
2.96755
3.85794
4.24453
4.28681
4.48984
4.22155
4.29781
3.83378
4.35403
1.63425
4.04954
2.75616
2.36336
1.40112
3.33864
2.81956
2.36091
2.90145
4.19167
4.46915
4.92376
3.63122
4.41489
4.2958
3.74926
4.17157
2.76409
4.98088
2.33901
3.01828
4.38562
4.6469
4.73829
4.73768
3.59821
4.41936
4.20097
1.55908
2.42815
2.8319
2.48514
2.71705
3.46163
1.4276
2.46199
4.31447
4.41616
4.90306
4.61432
4.34754
4.3149
4.359
4.29738
3.84093
3.81422
4.31038
4.9562
4.50477
4.20313
2.58069
4.20454
2.86607
2.4277
4.48706
3.50665
3.77116
4.28105
4.87145
4.09965
4.68226
4.184
3.71226
2.3785
4.97403
2.78593
1.46549
4.13315
3.10284
2.48068
2.7657
2.58869
1.48315
3.59922
4.61923
4.41085
4.55937
4.54331
4.52104
3.5522
4.63349
4.98609
3.86594
4.42582
3.94736
4.41418
4.84601
4.01712
4.6114
4.36341
2.92763
3.60133
2.9032
4.28541
3.89283
4.6014
4.30046
2.58173
2.7841
2.26539
2.81699
2.33407
2.86346
3.50497
4.14458
4.6504
4.9029
4.565
4.37558
4.96291
4.59753
4.4826
4.23467
4.56059
3.39499
4.2576
4.4993
2.87479
2.35318
2.75016
2.27657
2.76445
2.53483
3.88412
3.64319
4.07144
2.73673
3.97147
2.67137
1.59921
4.38131
4.64524
4.1719
2.83177
4.89401
2.94483
4.32622
2.98899
4.33789
4.5559
2.46148
1.63745
4.08737
4.59022
4.03744
4.50897
3.97976
4.40175
4.94743
4.17177
4.66175
4.55868
4.32461
4.85971
4.38368
4.17314
3.57144
3.47982
3.70944
2.36345
1.62446
4.25204
3.80021
2.42729
2.9431
4.55731
2.68047
3.14374
4.42602
3.00368
4.42997
3.10268
2.52835
1.44517
2.68263
1.54778
2.5696
3.52879
3.95998
4.36812
2.87956
2.53319
4.49827
4.43835
4.99317
4.32299
4.21086
4.4356
4.1408
4.41015
4.80927
2.81236
2.47222
4.08885
3.73559
4.16851
3.72127
4.10313
4.07545
4.90591
4.37489
3.87671
2.3606
3.35864
3.83713
2.50527
4.50696
4.33087
2.90458
2.4617
4.83915
4.61315
4.18304
4.26297
1.4214
2.52412
1.49393
2.64047
3.86898
3.52963
4.51661
4.31917
2.82621
4.61932
4.36244
3.01133
4.58466
3.88155
4.22539
3.77763
3.85912
4.38033
3.75328
3.50762
3.10563
4.65473
4.34749
4.63329
2.69133
2.28692
1.61986
2.55242
4.37773
2.96805
3.56194
3.74469
2.36167
4.57835
4.25639
4.96387
4.22526
4.99946
4.81183
4.02023
4.75089
4.40438
3.54048
4.64285
4.46698
4.25384
4.92285
1.69465
2.38378
3.75055
4.54159
4.29619
3.47338
2.8036
4.76507
4.39713
3.05849
3.86507
4.6992
4.23801
3.76411
4.43362
4.43803
3.84802
4.31747
4.51211
4.31393
2.4939
3.07031
4.97553
3.80094
4.3219
4.22046
4.4394
4.74481
4.35177
3.93677
4.48449
3.06482
2.65419
1.47918
4.27927
2.85087
2.53531
1.50226
3.60518
3.05347
2.52351
2.91456
4.34499
4.45733
4.91286
3.8131
3.024
4.35484
4.64533
4.6232
4.66918
3.49038
4.5485
4.40207
4.42982
4.30274
3.87461
2.57166
4.34286
4.39467
4.52061
4.29096
4.71151
4.38238
3.95166
4.6193
4.49416
4.60979
4.41441
3.91367
2.53061
3.04596
2.48507
4.35103
2.95251
2.64088
4.736
3.6364
3.98902
4.47762
1.47841
4.27384
2.87944
2.58439
2.92237
2.36033
1.51921
3.41218
4.73752
4.98034
3.89651
4.246
3.83027
4.90959
4.22331
4.35173
3.70454
4.4705
4.35
3.07226
3.49916
2.85036
4.35307
3.73663
4.58898
4.79814
4.57797
2.48967
2.91266
2.47408
2.81424
2.50156
2.88612
4.5675
4.37841
4.92347
4.64817
4.23661
4.93808
4.91326
4.46656
4.62397
3.55754
4.22817
4.46548
3.04693
2.51794
2.99606
2.45567
2.93048
2.48533
1.42096
3.78375
4.26312
3.89467
4.34718
3.71247
4.31377
4.55518
4.23303
2.9203
4.91301
2.97629
4.32668
2.86048
4.31997
4.47573
2.42968
4.41713
4.39527
4.89338
4.28489
4.55563
3.12594
4.85441
4.54333
2.40909
2.88923
4.29941
2.92251
4.25388
4.91897
4.66298
4.16551
3.70049
3.65301
3.71434
2.34637
1.5906
4.38826
3.85212
2.47994
3.04558
2.59199
1.5241
2.68185
1.45285
4.31534
4.51104
4.20426
3.72337
4.24971
4.23661
4.33733
4.62415
4.25612
4.53355
4.82838
3.02367
2.39407
4.28202
3.7472
2.45021
4.79859
4.57793
4.25417
4.3584
4.5265
3.92937
2.51337
3.57604
3.98247
2.45328
4.6791
4.49801
2.83473
1.43723
2.49468
1.58314
2.44042
3.78185
4.68446
4.39014
3.07775
4.82189
3.9319
4.36426
4.69886
4.91851
4.15504
4.37423
3.87814
3.61439
3.04807
4.75756
4.31654
2.8351
2.49661
1.62175
4.28161
4.39072
4.97772
4.43395
4.90345
4.30655
4.32209
4.59993
3.5568
4.50478
4.53517
1.59985
2.25228
3.74112
4.81043
4.38781
3.06669
3.98969
4.6435
4.3044
4.28292
4.57603
4.37454
4.40348
3.95317
4.42075
4.61989
4.30522
2.58591
2.85505
4.90756
3.84796
4.30347
2.92877
4.26888
4.48368
4.89985
3.8826
4.58836
4.46916
3.96966
4.46228
3.14081
2.59995
1.55017
4.50648
2.96444
2.64745
1.48225
3.69719
3.1455
2.44503
2.89667
4.24282
4.35256
4.40839
4.339
3.78866
2.53097
4.47369
4.35393
4.55157
4.59903
4.47537
3.93097
4.32993
4.97134
4.45078
4.21249
4.59373
4.32974
3.84567
2.693
2.95135
2.5497
4.32672
3.01049
2.57312
4.70223
3.6459
3.85521
3.72311
4.57078
4.91254
4.1881
4.53238
4.26846
3.71457
4.88944
2.88857
4.98958
4.1828
3.69081
4.48879
4.82944
4.84586
3.66759
4.44659
4.20695
2.74417
3.3076
4.58849
2.50339
2.95802
2.62686
3.05413
2.44267
3.0213
3.56337
4.39778
4.51114
3.49052
3.82294
2.54513
3.81834
2.42538
3.84931
4.20152
1.5459
3.4489
4.23177
4.64692
4.84076
4.37476
4.5417
3.67415
3.8084
4.32615
1.46859
2.48263
3.90986
2.49535
3.79215
4.98584
4.58322
4.24634
4.98821
4.75637
3.0812
4.12118
2.71296
2.51289
4.64281
4.28281
2.91335
2.83686
2.38583
2.71143
2.5433
2.91433
2.42245
3.71876
3.55812
3.68256
2.36354
3.80937
2.34312
1.4074
4.25378
3.44905
4.60859
4.34237
3.8012
3.42107
1.44842
4.18763
3.72002
2.46762
3.78968
2.48489
2.89021
2.83813
4.27735
4.42377
2.64714
2.88505
4.20276
4.57265
4.27908
3.64019
4.47848
4.25918
4.86621
4.24881
4.54478
2.77033
2.32471
1.55302
2.37788
1.48933
2.46947
3.411
3.791
4.41892
2.87188
2.48542
4.55077
3.65188
3.45396
4.18109
4.51893
2.88679
4.16138
4.77316
3.30489
4.7542
4.41881
4.5094
4.29681
4.9346
4.93884
4.49466
1.60398
3.69196
1.54992
2.56355
3.16882
2.52151
2.94451
4.38455
4.53582
4.96508
2.94619
4.29338
3.94564
2.4938
2.99734
4.88737
4.42945
4.34915
3.93329
1.55456
2.52215
1.41389
2.49415
3.77092
3.49037
4.62568
4.14621
2.85407
2.44334
3.88453
3.40987
2.85628
4.28822
4.4797
2.55053
1.56637
4.29772
1.38995
3.43528
2.98702
2.43572
2.87444
2.49311
2.93905
4.55305
4.48879
3.80306
4.53957
4.42793
2.9335
3.89558
4.33972
2.49648
4.41127
4.29368
4.47153
3.42069
4.51698
4.53358
4.90278
4.40273
4.81787
2.97659
2.41593
1.42242
2.34849
4.04388
2.79215
3.48153
3.58949
2.33101
4.39871
3.81519
4.42676
4.59399
3.55548
3.07244
2.54577
2.30878
4.47032
3.54571
3.77907
4.2882
2.85096
2.43814
4.1975
4.86748
4.67102
4.17594
4.39447
3.8852
3.74087
2.83469
3.44852
4.30555
4.44723
3.66332
4.91457
4.15771
4.70873
1.63813
2.60864
3.89761
4.47083
4.36716
3.45129
2.98689
2.35429
2.87326
4.20657
3.86148
3.46534
4.45314
2.57061
3.88983
2.87666
3.45402
4.53134
4.41747
4.7147
3.90676
4.33059
2.5381
4.68692
2.56935
3.94953
3.7089
2.92511
4.30655
4.3599
4.99833
3.7938
2.51533
4.22328
4.70449
4.44032
2.89648
4.20318
4.5059
4.50986
4.45356
3.48047
4.62124
4.31432
1.55428
2.5565
2.78484
2.38334
2.97109
3.44302
1.52478
2.3795
2.37078
4.45419
4.29874
2.87804
3.44731
3.80447
4.26754
4.95048
4.24808
4.71418
2.56464
4.30729
3.93499
2.86541
3.85052
2.82568
4.24792
4.74446
3.51311
4.86849
3.08655
3.69333
4.40752
4.9986
4.64162
1.45641
4.26609
2.74494
2.48049
3.0107
2.388
1.54009
3.44548
4.47156
4.2597
4.61541
4.53911
4.6415
3.61979
3.83542
2.81713
4.57221
4.29022
3.5446
2.98127
3.82704
4.503
4.5274
4.95171
4.98953
2.50196
4.62913
2.47161
2.89925
4.46055
3.84617
3.45109
4.50087
4.16734
2.40895
3.80028
4.30166
2.86038
4.92988
4.42559
4.49737
2.40494
2.91307
2.6098
2.89707
2.49865
2.86515
3.48745
4.41641
4.60162
4.88467
4.14651
4.52204
3.52838
4.30661
4.5572
4.9422
2.901
4.36656
2.88256
2.46067
4.67639
4.30511
2.90194
3.47212
3.75878
4.24593
1.48484
2.57248
3.88651
2.50672
3.87605
4.67906
4.32118
2.86384
2.47031
2.83546
2.48325
2.91987
2.43288
3.65703
3.54552
3.76518
2.33202
3.73194
2.39847
1.41034
4.11209
4.94167
4.63632
4.42826
3.93889
3.5836
1.55327
4.38288
3.64213
2.61025
3.9066
2.37688
2.89972
2.88519
4.31813
4.51349
2.4899
3.02247
4.19748
3.37258
4.71844
4.25138
4.94931
4.15086
4.41615
2.87866
2.60803
1.52868
2.42544
1.59142
2.54525
3.69332
3.99642
4.46794
3.09455
2.62349
4.60318
4.78412
4.32896
4.64378
3.50719
4.49861
4.64759
4.523
4.3355
2.86976
4.98144
4.45931
4.22632
3.75519
4.23306
1.51332
3.46956
1.50561
2.49461
2.90974
2.50809
2.91443
4.38172
4.77419
4.95779
3.12014
4.54385
3.98049
2.55266
1.58001
2.4131
1.4852
2.51857
3.80541
3.64802
4.64957
4.38481
3.0593
4.57396
4.17622
2.85279
4.8466
3.73369
4.27172
2.48757
1.61782
4.31259
1.52996
3.5423
2.76145
2.62821
2.81068
2.47394
2.98061
4.60335
4.22655
3.88322
4.40393
4.94905
4.62697
4.22638
4.58616
3.51937
4.67921
4.62332
3.0192
2.59012
1.55941
2.46041
4.4764
3.02295
3.5135
3.95265
2.62557
4.49049
4.29418
4.87449
3.82447
2.52541
2.49853
4.54386
3.21614
3.95788
4.18626
2.8258
2.33426
4.28012
4.85155
4.43466
4.2949
4.77395
3.84809
3.02924
3.76314
4.51458
4.60228
3.88844
4.39257
1.45053
2.56179
3.85715
4.69057
4.38075
3.63138
3.02028
3.64451
4.80392
4.25049
3.84269
2.84583
4.96869
3.55383
4.44888
4.19558
4.58965
4.95399
2.62557
4.2846
4.59369
4.33055
2.52496
4.60285
2.57408
3.88154
3.62552
3.03177
4.35965
4.46437
3.89213
2.94231
4.27963
4.45296
4.6518
4.63333
3.62572
4.63489
4.27856
4.40928
2.3659
4.20287
3.75276
4.89083
2.90771
2.54125
2.44923
4.55381
4.14127
3.05107
3.42589
3.76428
4.33437
4.99529
3.07236
3.85174
4.35201
4.59055
3.78032
2.96214
4.37517
4.64805
3.59578
4.97429
1.4338
4.45656
3.08008
2.66992
3.00125
2.65697
1.69616
3.47834
3.90222
2.9846
4.36824
4.45439
3.51623
2.90135
3.96375
4.35059
4.71303
4.96569
4.35669
4.92058
2.42659
4.47556
2.44367
2.95313
4.3018
3.89441
3.38209
4.49662
4.47913
2.50706
3.97773
4.40509
2.90396
4.63965
2.68169
3.05383
2.56331
3.03445
2.51093
2.89114
4.88535
4.97801
4.28857
4.50475
3.39687
4.38027
4.55372
4.57675
4.38441
4.86006
2.85949
4.25932
2.87898
2.61887
4.56252
4.37805
2.81888
3.49809
4.03931
4.22225
1.58519
2.71292
3.96709
2.54061
3.93927
2.9209
2.41165
2.96504
2.46797
2.89477
2.48793
2.98033
4.96553
2.84131
4.30546
4.65059
2.40547
2.90404
4.31894
4.69755
4.37151
3.98271
3.70738
1.71455
4.45818
3.9792
2.70549
4.04297
2.57149
4.88615
4.20179
4.48361
4.98399
3.52604
4.83896
4.20952
3.04141
2.69364
1.55609
2.49166
1.5695
4.36585
4.91644
4.42611
4.31946
3.70567
4.40884
4.69046
4.64002
4.43052
4.42896
4.92198
2.89868
4.33637
3.79526
2.40214
2.89717
4.92447
4.66377
4.41969
3.69134
4.19944
1.51064
3.24356
1.51401
2.67951
2.92401
2.4618
2.98732
1.62759
2.47291
1.53659
2.44589
2.80396
4.36003
4.78052
4.07277
3.59188
4.77609
4.17338
2.97477
3.68786
4.29647
2.47848
1.65425
4.22225
1.38585
3.53307
2.90126
2.29451
2.93823
2.31416
4.95222
4.88124
4.28812
4.5758
4.3982
4.62439
3.50054
4.83284
4.61675
3.02051
2.52139
1.51863
2.32299
4.14575
4.97991
4.46842
4.18321
4.37897
4.78419
3.84106
2.422
2.53523
4.66243
3.52493
3.813
4.40053
2.82145
3.72328
4.90088
4.31325
4.58089
4.0222
2.84096
3.72241
4.37321
4.6423
1.46776
2.45474
4.54633
4.8689
3.87343
4.98611
4.26471
3.89972
3.00684
3.56304
4.67172
4.27677
4.31521
3.84538
2.51955
4.42517
4.68562
4.99382
4.23986
2.55423
4.41995
2.52763
4.0519
3.64058
2.9421
4.46258
2.77517
4.21417
4.84055
4.53339
4.56619
2.59643
4.18567
3.93155
2.92641
2.57974
2.51197
4.64544
4.33806
2.89597
3.64524
3.75294
4.88605
2.84111
3.92437
4.43199
4.45071
3.83967
2.84597
4.44998
4.6068
3.46369
2.90658
3.7881
4.28965
4.53583
4.90837
3.75547
3.00171
4.63824
4.3267
3.51476
4.72347
4.28666
2.44602
3.84967
4.39152
2.89352
4.92169
4.20524
4.74448
2.61143
4.33251
2.26849
3.02564
4.35534
3.76297
3.55628
4.70496
2.48235
2.91128
2.65796
2.98188
2.53283
2.93344
3.50911
4.34354
4.5398
3.41964
4.01777
2.48638
3.97092
2.5608
3.84
4.38107
1.56269
3.41973
4.28441
4.40842
4.95623
4.54547
4.97378
4.5567
3.01798
2.62526
2.91502
2.56447
3.04791
2.53884
3.81167
3.51517
3.68339
2.43646
3.87436
2.35098
1.5597
4.20175
3.65702
4.43414
4.41288
3.87904
3.49092
1.69339
4.52121
4.04769
2.51796
3.95291
2.63263
3.10652
4.96909
2.85444
4.39114
4.38373
2.4848
2.94001
4.38756
4.72737
4.43125
2.91135
2.52539
1.60095
2.52929
1.62339
2.49819
3.52681
3.9561
4.35778
3.17789
2.58167
4.6008
4.02289
3.48676
4.33252
4.63766
2.92305
4.19211
4.54738
3.54461
4.38721
4.49032
4.71412
4.52274
1.45966
2.51898
1.57173
2.36216
3.68292
3.51545
4.66421
4.3715
2.86962
2.59334
3.71151
3.5414
2.87813
4.28756
4.56542
2.46899
1.42258
4.26279
1.48011
3.68814
3.06339
2.41796
3.04493
2.55864
3.02884
4.53855
4.38641
3.80897
4.46273
4.42969
3.0616
3.74108
4.42699
2.50435
2.97956
2.57276
1.37054
2.35548
4.21676
2.85731
3.54499
3.8809
2.31938
4.52138
3.9503
4.33458
4.69647
3.62534
3.03399
2.41347
2.32857
4.6269
3.55718
3.66232
4.33891
2.89774
2.51109
4.1804
4.75355
4.51274
4.17916
4.46427
4.86899
3.80173
1.53727
2.57545
3.87159
4.55703
4.38143
3.66586
3.01647
2.62658
2.84029
4.30855
3.8536
3.56158
4.58839
2.50431
3.72885
2.93575
3.38509
4.62121
4.40933
4.78015
3.98949
4.97651
4.32113
2.92795
4.28851
4.44118
4.63223
4.70301
3.57148
4.47714
4.27859
1.64644
2.33451
2.89864
2.46533
2.87193
3.48954
1.50473
2.37959
2.47712
4.71144
4.45919
2.77235
3.58468
3.91295
4.49362
4.94585
4.20219
4.57878
2.64771
4.18055
3.84227
2.9159
1.48482
4.44652
2.97938
2.55368
2.96538
2.75358
1.5176
3.58192
4.66549
4.40346
4.5289
4.52605
4.6308
3.50617
3.62632
2.82157
4.58986
4.15361
3.54904
3.00461
3.87053
4.36473
4.53789
4.86551
4.66967
2.60661
2.98314
2.46159
3.17936
2.40693
3.02366
3.61796
4.40118
4.54299
4.75977
4.18002
4.57695
3.54578
4.34133
4.59741
2.91389
2.51427
2.91625
2.37633
3.03175
2.42685
3.9302
3.37716
3.69532
2.31142
3.72155
2.32098
1.38486
4.213
4.69849
4.44729
3.95297
3.59191
1.67414
4.40664
3.68224
2.53915
3.98632
2.53281
2.89235
4.85555
2.8637
4.37779
4.42476
2.29269
2.87783
4.228
2.94309
2.34597
1.56482
2.43919
1.47993
2.62696
3.53846
3.86147
4.31655
2.83609
2.54733
4.54744
4.91184
4.39322
4.48889
3.56786
4.58184
4.5295
4.6692
4.39345
1.73247
2.48764
1.47789
2.56207
3.98881
3.50065
4.54804
4.17992
2.87289
4.52521
4.14774
2.8745
4.99783
3.86543
4.21099
2.51826
1.60546
4.24522
1.44638
3.48138
2.68735
2.42756
2.8764
2.57499
3.02417
4.56952
4.1799
3.77443
2.89788
2.44763
1.42099
2.36869
4.08982
2.92343
3.38215
3.54366
2.38531
4.38657
4.41523
4.09289
2.72843
2.62458
4.77818
3.57993
3.96369
4.52467
3.16459
2.66769
4.35759
4.91352
4.51244
4.4229
1.65658
2.43155
3.98311
4.48846
4.17383
3.33187
2.81993
3.84849
4.86863
4.35969
3.97015
2.85749
4.92851
3.37341
4.50566
4.30133
4.56757
4.6629
2.86261
4.34144
4.67832
4.52327
4.47117
3.49172
4.58669
4.17646
4.50545
2.47726
4.35688
3.77255
4.99457
2.96615
2.5491
2.50373
4.58963
4.07209
2.97952
3.52787
3.93681
4.36563
4.96482
1.68463
4.28305
2.83621
2.54914
2.92354
2.27423
1.53495
3.46214
3.94484
2.99638
4.48868
4.29524
3.65161
3.04452
3.93985
4.18774
4.60166
4.92461
4.70151
2.53639
3.12497
2.52612
2.91797
2.69234
2.88487
4.86391
4.49901
4.76322
3.65718
4.54966
4.42893
2.92388
2.38539
2.94134
2.54687
2.89587
2.61867
2.83936
4.79322
2.90428
4.30417
4.61904
2.26708
2.81907
4.28819
4.95506
4.58714
4.18858
3.68398
3.3166
1.53662
4.23889
3.62989
2.35939
3.76308
2.43055
2.87543
2.43781
1.4903
2.50609
1.43
4.05988
4.80982
4.90728
4.20754
4.77574
3.59877
4.55762
4.40178
4.41232
1.61339
2.34187
1.44756
2.56561
2.8824
4.46183
4.94299
4.07623
3.75608
4.56317
4.24358
2.91268
4.95343
3.7369
4.20355
2.43218
1.48291
4.19722
1.52258
3.5182
2.73421
2.3035
2.8543
2.38748
2.81342
2.47704
1.55247
2.34833
4.18891
4.98912
4.36441
4.29337
4.33152
4.90486
3.80693
2.39551
2.60206
4.58738
3.29432
3.78124
4.33054
2.78559
1.4494
2.44605
4.38607
4.80263
3.81323
4.85795
4.22014
3.68027
2.99971
4.95772
3.35014
4.49504
4.20939
2.9498
4.19435
4.90734
4.2962
4.53105
2.4972
4.09152
3.73555
4.97419
2.87787
2.43062
2.53934
4.57432
4.10048
2.72399
3.43727
3.73966
2.77993
3.76959
4.14106
4.62052
4.9923
3.77991
3.12208
4.41493
4.29966
3.47459
4.5037
2.35451
3.11191
2.65575
2.79767
2.62303
2.9302
3.57356
4.24488
4.54656
3.39395
4.0042
2.52102
3.95182
2.46165
3.92134
4.45052
1.5197
2.89144
2.4507
2.86873
2.53604
2.78337
2.3292
3.7553
3.51885
3.69865
2.50147
3.66872
2.47509
1.39232
4.30864
3.44434
4.98833
4.53148
4.23298
3.03573
2.5775
1.49112
2.52174
1.55181
2.56213
3.49593
3.90022
4.1555
3.03023
2.47457
4.70572
3.87366
3.49866
4.15426
4.63105
2.8646
1.56282
2.67209
1.60161
2.48016
3.88479
3.50307
4.51766
4.40442
2.85547
2.64516
3.76358
3.38651
2.91971
4.46439
4.61741
2.56847
3.03609
2.57538
1.54535
2.50396
4.27506
2.88773
3.45366
3.94389
2.45479
4.67507
3.99079
4.31154
4.48537
3.4718
2.94686
1.55885
2.46339
3.88068
4.5054
4.41067
3.58899
2.88805
4.94434
2.53435
2.75335
4.28453
3.72135
3.54032
4.58464
2.45545
2.86836
4.37522
4.62821
4.55145
4.57599
3.37688
4.46157
4.17213
1.56324
2.37181
2.87039
2.49338
3.02412
3.56485
1.64003
1.62143
4.28444
2.89023
2.47715
2.79022
2.5633
1.43724
3.65516
4.72779
4.28927
4.5144
4.43141
4.57892
3.45877
4.52871
2.46507
2.85253
2.26226
3.00869
2.49647
3.00375
3.59911
4.28072
4.58333
2.90529
2.47521
2.80424
2.48456
2.9907
2.40619
3.82378
3.60383
3.77399
2.57669
3.93689
2.60784
1.49232
4.4401
2.87359
2.21304
1.4714
2.47775
1.59539
2.57067
3.56515
3.94404
4.27728
2.88384
2.46372
4.61171
1.48092
2.57488
1.6275
2.5265
3.90506
3.65195
4.6751
4.38275
2.94772
2.73776
2.40982
1.45007
2.52593
4.20088
3.10204
3.64073
3.7689
2.45563
4.60352
1.63516
2.53585
3.88282
4.50222
4.42408
3.42229
2.8523
3.0728
4.4723
4.45587
4.80674
4.65477
3.60033
4.45549
1.56667
4.23348
2.79983
2.47757
2.80551
2.40242
1.42309
3.43711
4.50267
2.38108
2.91409
2.25314
2.82949
2.48747
2.72181
2.73868
2.57978
3.11037
2.56404
2.97566
2.68345
2.81219
2.27257
1.43606
2.4067
1.47568
1.65912
2.67962
1.68823
2.54753
2.98785
2.60772
1.3973
1.58357
2.647
3.04626
