-0.928852
-0.361789
-0.423981
-0.322214
-0.581154
-0.40055
-0.490957
-0.721669
-0.88594
-0.952096
-0.799696
-0.832747
-0.479008
-0.850914
-0.441614
-0.826941
-0.913655
0.208397
-0.685093
-0.871764
-0.963094
-0.999555
-0.989331
-0.980687
-0.952553
-0.950747
-0.798001
-0.787209
-0.923805
0.412054
-0.346847
-0.819589
-0.392255
-0.816736
-0.953899
-0.919797
-0.583763
-0.929371
-0.667915
-0.453271
-0.962348
-0.938654
-0.567556
-0.757585
-0.911573
-0.944024
-0.990508
-0.926795
-0.951136
-0.984151
-0.996878
-0.964339
-0.895868
-0.965276
-0.905255
-0.803654
-0.821981
-0.362066
-0.819019
-0.907647
0.318317
-0.404409
-0.833896
-0.991312
-0.942983
-0.927587
-0.573441
-0.496489
-0.958009
-0.936069
-0.621934
-0.927452
-0.659074
-0.892694
-0.9447
-0.966659
-0.920829
-0.552942
-0.930037
-0.590529
-0.915714
-0.590307
-0.446037
-0.950959
-0.966484
-0.90343
0.164799
-0.943803
-0.864064
-0.952907
-0.899521
-0.953037
-0.87442
-0.560964
-0.437043
-0.500869
-0.311309
-0.628315
-0.360326
-0.812359
-0.788439
-0.823993
-0.346296
-0.802754
-0.365402
0.280939
-0.928796
-0.809219
-0.966827
-0.918073
-0.822044
-0.757414
0.333914
-0.931299
-0.844299
-0.39723
-0.848133
-0.373948
-0.579783
-0.990898
-0.597675
-0.907981
-0.942684
-0.331956
-0.574233
-0.936322
-0.999683
-0.974178
-0.937387
-0.759686
-0.964781
-0.917254
-0.999376
-0.983964
-0.915494
-0.942334
-0.989298
-0.855818
-0.791921
-0.865158
-0.430281
0.300844
-0.930876
-0.83335
-0.412434
-0.551833
-0.956152
-0.395475
-0.612064
-0.938197
-0.618938
-0.918806
-0.997961
-0.958223
-0.915508
-0.604245
-0.658198
-0.936706
-0.639118
-0.914719
-0.963885
-0.446442
0.448348
-0.855525
-0.915162
-0.834912
-0.932924
-0.895844
-0.922862
-0.964862
-0.939351
-0.923502
-0.940091
-0.949143
-0.927812
-0.738988
-0.967848
-0.912878
-0.990316
-0.912679
-0.952012
-0.989031
-0.942199
-0.915272
-0.966311
-0.904686
-0.53968
-0.403343
0.314422
-0.456121
0.332692
-0.378766
-0.790431
-0.84505
-0.914992
-0.605911
-0.392935
-0.981915
-0.856696
-0.812783
-0.938218
-0.931104
-0.627621
-0.899406
-0.963235
-0.740067
-0.959908
-0.948045
-0.956842
-0.940274
-0.999855
-0.932085
0.519757
-0.758784
0.228567
-0.372523
-0.543898
-0.354857
-0.554677
-0.932972
-0.950752
-0.991068
-0.643488
-0.950408
-0.822298
-0.421782
-0.5317
-0.987523
-0.963932
-0.924438
-0.817768
-0.380693
-0.774836
-0.836068
-0.423291
-0.954094
-0.907854
-0.552777
-0.397496
-0.992763
-0.956967
-0.936979
-0.92181
-0.986741
-0.919112
-0.815637
-0.913186
-0.99822
-0.898215
-0.914382
-0.946679
-0.980285
-0.586166
-0.28639
-0.909059
-0.806603
-0.922314
-0.83996
-0.918403
-0.899995
-0.886012
-0.940767
-0.857161
-0.804541
-0.627649
-0.932098
-0.972614
-0.861758
-0.94933
-0.958141
-0.996535
-0.650556
-0.965915
-0.844616
-0.935849
-0.964968
-0.93084
-0.857699
0.374698
-0.254567
0.446767
-0.388434
-0.837094
-0.82162
-0.961768
-0.933075
-0.626138
-0.994328
-0.32033
-0.812064
-0.716516
-0.492539
-0.849858
-0.9066
-0.187135
0.410394
-0.93313
0.216262
-0.823619
-0.665305
-0.41565
-0.618304
-0.544955
-0.702329
-0.988033
-0.940586
-0.890882
-0.916068
-0.92735
-0.622451
-0.987702
-0.849395
-0.936955
-0.445522
-0.980466
-0.888138
-0.98764
-0.713115
-0.920523
-0.916705
-0.867121
-0.980411
-0.992568
-0.790353
-0.771101
-0.556781
-0.94212
-0.918645
-0.950756
-0.976217
-0.794574
-0.88092
-0.5514
-0.976518
-0.887644
-0.938083
-0.837875
-0.996669
-0.950669
-0.927517
-0.983915
-0.987861
-0.499757
-0.830855
-0.790834
-0.963929
-0.379984
-0.553544
-0.942656
-0.943319
-0.893019
-0.323185
-0.938155
-0.978938
-0.890346
-0.995213
-0.911225
-0.979826
-0.967974
-0.637521
-0.501319
-0.856903
-0.945112
-0.953748
-0.986122
-0.939696
-0.840081
-0.928252
-0.929156
-0.924141
-0.980538
-0.997927
-0.884348
-0.528925
-0.442901
0.346669
-0.413147
-0.920911
-0.570753
-0.745451
-0.831988
-0.307709
-0.97115
-0.830014
-0.937994
-0.950156
-0.762212
-0.997329
-0.576794
-0.277381
-0.991171
-0.173252
-0.945352
-0.748976
-0.791862
-0.900316
-0.546
-0.424161
-0.919743
-0.9846
-0.927422
-0.901151
-0.941061
-0.989648
-0.836256
-0.809942
-0.566317
-0.753558
-0.910741
-0.944877
-0.854673
-0.919392
-0.940918
-0.995363
-0.911423
-0.966884
-0.942536
-0.743667
-0.955881
-0.941465
-0.908578
-0.993592
-0.989135
-0.894478
-0.992189
-0.868319
-0.980009
-0.949371
0.238987
-0.46292
-0.613603
-0.794429
0.233099
-0.40933
-0.669979
-0.945549
-0.946469
-0.930976
-0.860656
-0.629575
-0.513082
-0.580757
-0.936689
-0.96027
-0.871455
-0.953639
-0.963655
-0.38727
-0.58516
-0.913006
-0.846078
-0.933789
-0.911225
-0.838883
-0.928358
-0.926212
-0.959912
-0.652972
-0.852913
-0.960347
-0.928341
-0.966932
-0.933209
-0.846186
0.273031
-0.350184
-0.823996
-0.955519
-0.904303
-0.76622
-0.567602
-0.436839
-0.698703
-0.923216
-0.871329
-0.74722
-0.946749
-0.454801
-0.797772
-0.519828
-0.729919
-0.93913
-0.903868
-0.952564
-0.97043
-0.875519
-0.927034
-0.377165
-0.965045
-0.493328
-0.842829
-0.79069
-0.636766
-0.92158
-0.93743
-0.995807
-0.859983
-0.433094
-0.950966
-0.976134
-0.928271
0.174502
-0.904934
-0.625601
-0.356521
0.401709
-0.796742
-0.570003
-0.376334
-0.588759
-0.909222
-0.960929
-0.994507
-0.839001
-0.962897
-0.917639
-0.849733
-0.92337
-0.598532
-0.378483
-0.535098
-0.835133
-0.948083
-0.97558
-0.899519
-0.786742
-0.967292
-0.913551
-0.97642
-0.931224
-0.457154
-0.56526
-0.860371
-0.918225
-0.928074
-0.952243
-0.922435
-0.925254
-0.855385
-0.939311
-0.945745
-0.913395
-0.963746
-0.958222
-0.796881
-0.958428
-0.997341
-0.91634
-0.990841
-0.941227
-0.943023
-0.636096
-0.937785
-0.916953
-0.974911
-0.975534
-0.817067
-0.912503
-0.904688
0.434976
-0.435865
-0.534188
-0.430581
-0.437781
-0.691695
0.378942
-0.355654
-0.445105
-0.961186
-0.928176
-0.576785
-0.760009
-0.872604
-0.954113
-0.880926
-0.9459
-0.454973
-0.92141
-0.84871
-0.985746
-0.610912
-0.840292
-0.64191
-0.926472
-0.9482
-0.775376
-0.544827
-0.850939
-0.928397
-0.982813
-0.941142
-0.350468
-0.935488
-0.593135
-0.408494
-0.969479
-0.764964
-0.859681
-0.939274
-0.896891
-0.938044
-0.900816
-0.800393
-0.297622
-0.972543
-0.516943
-0.32922
-0.938504
-0.936535
-0.986949
-0.957553
-0.916477
-0.882272
-0.919055
-0.899509
-0.828722
-0.84878
-0.904691
-0.992249
-0.9314
-0.903752
-0.880388
-0.944076
-0.970632
-0.676609
-0.803109
-0.5882
-0.939071
-0.837287
-0.985817
-0.972469
-0.93542
-0.865189
-0.996073
-0.928659
-0.96456
-0.980472
-0.858873
0.366798
-0.929709
-0.611087
-0.426816
-0.574402
-0.427763
0.367957
-0.828549
-0.967602
-0.928845
-0.967348
-0.952872
-0.975587
-0.771051
-0.805508
-0.508031
-0.959268
-0.911058
-0.775648
-0.643055
-0.85927
-0.908551
-0.954566
-0.321497
-0.94199
-0.327697
-0.507425
-0.899856
-0.808445
-0.726726
-0.96138
-0.916576
-0.432778
-0.873891
-0.904826
-0.561698
-0.896377
-0.974792
-0.836631
-0.96191
-0.921398
-0.606714
-0.760462
-0.577724
-0.926586
-0.863159
-0.960106
-0.993376
-0.985326
-0.949082
-0.999864
-0.810115
-0.9228
-0.80671
-0.982114
-0.925094
-0.95412
-0.418847
-0.597608
-0.917929
-0.947522
-0.365348
-0.830913
-0.796061
-0.962808
-0.922996
-0.849984
-0.939152
-0.443223
-0.645437
-0.914855
-0.834873
-0.925896
-0.955431
-0.930184
-0.45272
-0.914224
-0.908993
-0.947829
-0.991641
-0.933394
-0.926536
-0.92307
-0.842183
-0.910109
-0.947374
-0.406309
-0.587106
-0.389231
-0.576616
-0.29554
-0.664865
-0.795506
-0.935431
-0.957605
-0.979515
-0.881328
-0.950205
-0.799274
-0.920787
-0.963741
-0.995708
-0.514579
-0.90182
-0.51331
-0.293564
-0.934314
-0.892716
-0.508407
-0.7888
-0.82652
-0.905871
0.329475
-0.471323
-0.802433
-0.308699
-0.856418
-0.953904
-0.9175
-0.996902
-0.9914
-0.923656
-0.938566
-0.74707
-0.921159
-0.958507
-0.99186
-0.975542
-0.969923
-0.89541
-0.998671
-0.990865
-0.946782
-0.909157
-0.603008
-0.442128
-0.953663
-0.912853
-0.55082
-0.917157
-0.630513
-0.802038
-0.839695
-0.442838
-0.880695
-0.940388
0.201511
-0.476985
-0.884026
-0.968237
-0.94703
-0.940753
-0.918225
-0.92394
-0.963793
0.16196
-0.914617
-0.84539
-0.929154
-0.83172
-0.91631
-0.841087
-0.997819
-0.629586
-0.927132
-0.627694
-0.919239
-0.593736
-0.432387
-0.975203
-0.945946
-0.92653
-0.506848
-0.375185
-0.548732
-0.358043
-0.610349
-0.28168
-0.814397
-0.716305
-0.794591
-0.359682
-0.848569
-0.364953
0.366
-0.887653
-0.957653
-0.922433
-0.842856
-0.790516
0.379923
-0.920633
-0.847004
-0.419331
-0.844606
-0.493653
-0.596784
-0.561485
-0.934251
-0.968358
-0.367086
-0.617483
-0.924904
-0.718112
-0.972478
-0.897366
-0.986318
-0.910802
-0.93063
-0.996142
-0.970934
-0.927628
-0.823725
-0.77686
-0.858489
-0.445065
0.443355
-0.946541
-0.855557
-0.384536
-0.570627
-0.993823
-0.947896
-0.37932
-0.541166
-0.915084
-0.541207
-0.912235
-0.947633
-0.950294
-0.627754
-0.632586
-0.932533
-0.624347
-0.948956
-0.993144
-0.440648
0.221942
-0.844324
-0.926768
-0.851903
-0.944306
-0.875548
-0.921781
-0.996373
-0.926263
-0.949019
-0.968449
-0.913148
-0.987964
-0.775482
-0.961825
-0.9058
-0.989974
-0.909461
-0.940989
-0.99582
-0.956289
-0.914438
-0.954292
-0.943629
-0.980688
-0.546875
-0.359047
0.338693
-0.356793
0.195163
-0.379036
-0.711201
-0.84337
-0.94357
-0.612152
-0.403894
-0.950061
-0.980147
-0.922152
-0.966213
-0.72829
-0.975676
-0.926911
-0.958461
-0.916426
-0.999471
-0.642441
-0.999615
-0.960959
-0.920717
-0.84689
-0.943876
0.387286
-0.791895
0.304566
-0.480944
-0.608861
-0.368289
-0.647617
-0.941991
-0.957802
-0.589235
-0.948186
-0.864976
-0.39114
-0.937691
-0.831176
-0.382386
-0.784065
-0.839297
-0.361738
-0.958953
-0.916408
-0.521405
-0.357609
-0.991557
-0.952896
-0.913595
-0.887138
-0.898683
-0.99272
-0.913357
-0.93301
-0.955605
-0.94365
-0.944713
-0.600449
-0.415645
-0.919778
-0.849829
-0.91457
-0.83428
-0.932606
-0.897093
-0.948296
-0.83295
-0.782439
-0.576811
-0.918304
-0.971715
-0.848682
-0.926889
-0.992846
-0.881081
-0.608518
-0.967095
-0.854648
-0.941095
-0.970053
-0.928596
0.418815
-0.349959
0.402464
-0.406359
-0.853607
-0.99948
-0.777365
-0.964601
-0.927292
-0.607857
-0.949549
-0.903679
-0.518872
-0.85953
-0.910507
-0.369146
0.255237
-0.912178
0.309086
-0.756858
-0.577077
-0.325172
-0.555209
-0.439523
-0.647026
-0.950235
-0.897554
-0.848124
-0.917293
-0.991066
-0.949373
-0.901293
-0.956754
-0.752034
-0.964317
-0.938056
-0.996692
-0.994742
-0.842958
-0.912515
-0.815527
-0.746618
-0.548698
-0.950901
-0.907212
-0.952369
-0.989191
-0.962273
-0.924696
-0.501157
-0.949871
-0.988518
-0.820933
-0.911839
-0.840806
-0.995891
-0.365219
-0.958847
-0.996684
-0.912278
-0.935524
-0.408031
-0.845147
-0.790195
-0.963625
-0.402915
-0.580762
-0.945571
-0.92807
-0.85205
-0.9382
-0.839752
-0.92345
-0.93588
-0.964197
-0.921217
-0.598631
-0.400639
-0.868484
-0.921474
-0.948702
-0.969805
-0.940239
-0.917125
-0.550948
-0.27664
0.235993
-0.481639
-0.902684
-0.630388
-0.815158
-0.859113
-0.436427
-0.956478
-0.871534
-0.993415
-0.806622
-0.362988
-0.356082
-0.94135
-0.759997
-0.805503
-0.896513
-0.594552
-0.465885
-0.936455
-0.94776
-0.928703
-0.946486
-0.978175
-0.827729
-0.535308
-0.790604
-0.894913
-0.968754
-0.856851
-0.91703
-0.992662
-0.90081
-0.977027
-0.943724
-0.744001
-0.956156
-0.944122
-0.92089
-0.99847
-0.882979
-0.985187
-0.922024
-0.993883
-0.521078
-0.915592
-0.979794
-0.929378
-0.842868
-0.927362
0.269323
-0.424162
-0.620917
-0.797519
0.373866
-0.315347
-0.67108
-0.941365
-0.975454
-0.948755
-0.876531
-0.642096
-0.476455
-0.902405
-0.957839
-0.928062
-0.955431
-0.407721
-0.57866
-0.931585
-0.84592
-0.960089
-0.949272
-0.890818
-0.947176
-0.856574
-0.593281
-0.853405
-0.996427
-0.952227
-0.92695
-0.974948
-0.928507
0.284373
-0.460019
-0.842476
-0.936277
-0.926594
-0.804076
-0.626251
-0.81931
-0.992146
-0.910077
-0.846011
-0.544051
-0.714617
-0.939889
-0.93539
-0.962384
-0.982948
-0.472692
-0.931538
-0.949761
-0.918282
-0.351177
-0.959181
-0.416207
-0.872869
-0.780907
-0.570128
-0.939898
-0.926848
-0.84078
-0.971727
-0.915253
-0.862566
-0.921489
-0.630813
-0.991504
-0.380572
0.366223
-0.918999
-0.60016
-0.396857
0.287408
-0.78706
-0.5813
-0.341802
-0.595498
-0.92268
-0.95189
-0.991491
-0.805831
-0.95727
-0.923797
-0.536009
-0.83919
-0.941152
-0.995952
-0.906461
-0.843552
-0.919223
-0.931978
-0.850281
-0.918814
-0.97245
-0.912875
-0.432606
-0.60015
-0.999889
-0.841705
-0.934515
-0.927374
-0.944928
-0.913494
-0.99663
-0.955301
-0.920462
-0.958666
-0.945828
-0.771856
-0.956682
-0.990137
-0.947663
-0.927639
-0.613721
-0.91612
-0.974659
-0.959176
-0.970533
-0.800366
-0.957196
-0.902861
-0.951347
-0.338859
-0.926719
-0.845608
-0.575791
-0.403383
-0.421078
-0.948398
-0.911071
-0.562398
-0.769223
-0.863785
-0.93585
-0.581987
-0.825914
-0.886413
-0.988164
-0.930701
-0.819786
-0.550023
-0.925577
-0.94393
-0.735163
-0.989054
-0.937228
-0.970122
-0.946127
-0.865097
-0.478742
-0.997643
-0.616237
-0.389076
-0.936112
-0.630436
-0.460474
-0.976455
-0.808424
-0.844792
-0.92892
-0.993109
-0.93236
-0.951748
-0.946523
-0.873779
-0.373254
-0.941575
-0.924806
-0.963118
-0.939
-0.965541
-0.911982
-0.859368
-0.921209
-0.99622
-0.52557
-0.908279
-0.814309
-0.9831
-0.94868
-0.82055
-0.901856
-0.947616
-0.535437
-0.746938
-0.992883
-0.901546
-0.950798
-0.903515
-0.824368
-0.999135
-0.845213
-0.94285
-0.986562
0.309915
-0.872383
-0.45328
-0.324925
-0.580044
-0.365468
0.454893
-0.712107
-0.99502
-0.993689
-0.851803
-0.53037
-0.94332
-0.903375
-0.758528
-0.516664
-0.8285
-0.894375
-0.942725
-0.980996
-0.957347
-0.422183
-0.97465
-0.439979
-0.655257
-0.943519
-0.855351
-0.823395
-0.976149
-0.910919
-0.3968
-0.858353
-0.932676
-0.584207
-0.986741
-0.99394
-0.863066
-0.974781
-0.929648
-0.573165
-0.760331
-0.577629
-0.908342
-0.814373
-0.931297
-0.987393
-0.949069
-0.98645
-0.820064
-0.944564
-0.869774
-0.914971
-0.954953
-0.924199
-0.365144
-0.623322
-0.936252
-0.963463
-0.426292
-0.836949
-0.803483
-0.954847
-0.903204
-0.851631
-0.912307
-0.357131
-0.56277
-0.995507
-0.837498
-0.916136
-0.989826
-0.94708
-0.92821
-0.962424
-0.413694
-0.944031
-0.939271
-0.981236
-0.921628
-0.927038
-0.938635
-0.849987
-0.94142
-0.204236
-0.631866
-0.50146
-0.56295
-0.379095
-0.575231
-0.992444
-0.917136
-0.96737
-0.774227
-0.951591
-0.946702
-0.981251
-0.949104
-0.905059
-0.55447
-0.913829
-0.527862
-0.35387
-0.944548
-0.896425
-0.581183
-0.776478
-0.817915
-0.897213
0.480639
-0.39276
-0.805359
-0.283896
-0.797981
-0.975086
-0.991738
-0.911282
-0.93903
-0.730874
-0.917902
-0.96901
-0.996303
-0.976367
-0.909975
-0.972293
-0.930234
-0.887516
-0.974118
-0.95154
-0.632973
-0.454924
-0.982352
-0.949256
-0.596476
-0.920215
-0.664594
-0.789414
-0.869035
-0.497678
-0.882304
-0.959326
0.192332
-0.484605
-0.884554
-0.950741
-0.942497
-0.946206
-0.987282
-0.972116
-0.926033
0.358657
-0.924673
-0.867951
-0.925981
-0.83008
-0.939083
-0.844983
-0.611898
-0.909509
-0.623973
-0.937361
-0.598066
-0.404911
-0.948883
-0.629623
-0.297627
-0.590736
-0.291273
-0.492209
-0.333601
-0.549852
-0.994624
-0.651953
-0.922106
-0.949354
-0.433823
-0.568412
-0.937005
-0.986837
-0.919939
-0.907466
-0.78291
-0.76332
0.296642
-0.886535
-0.835257
-0.42696
-0.812859
-0.409829
-0.998993
-0.938524
-0.963223
-0.989977
-0.779778
-0.947952
-0.93233
-0.608572
-0.981105
-0.497064
-0.612301
-0.965943
-0.669164
-0.949646
-0.984938
-0.925596
-0.921242
-0.843157
-0.783064
-0.857193
-0.356002
0.337557
-0.930785
-0.829301
-0.430844
0.259747
-0.893672
-0.930273
-0.872316
-0.928035
-0.8483
-0.934537
-0.960791
-0.906138
-0.512815
-0.998535
-0.638092
-0.913229
-0.555944
-0.936574
-0.959512
-0.435295
-0.942969
-0.940444
-0.997385
-0.924554
-0.967194
-0.938096
-0.953654
-0.993462
-0.740511
-0.952806
-0.910281
-0.998287
-0.962178
-0.920498
-0.988418
-0.948376
-0.920676
-0.998786
-0.59323
-0.49676
0.396695
-0.298354
0.155509
-0.91396
-0.974728
-0.889724
-0.955345
-0.840193
-0.941489
-0.970622
-0.971737
-0.918958
-0.960371
-0.661668
-0.932022
-0.841006
-0.462577
-0.541875
-0.990019
-0.9112
-0.879389
-0.817101
-0.912209
0.161976
-0.756736
0.414943
-0.417792
-0.571108
-0.270317
-0.550411
-0.444341
-0.983808
-0.952551
-0.96353
-0.897129
-0.827787
-0.341405
-0.798285
-0.869981
-0.481194
-0.969555
-0.911192
-0.655221
-0.940882
-0.920444
-0.931832
-0.889615
-0.924273
-0.940182
-0.909604
-0.948742
-0.903859
-0.966416
-0.99535
-0.567341
-0.39069
-0.900675
-0.859182
-0.884465
-0.940467
-0.943631
-0.977127
-0.990968
-0.849744
-0.787685
-0.537879
-0.896282
-0.968184
-0.998661
-0.951603
-0.929231
-0.780086
-0.615816
-0.982618
-0.937753
-0.840055
-0.899263
0.228296
-0.387986
0.363721
-0.331192
-0.568409
-0.955319
-0.990039
-0.913012
-0.821949
-0.950902
-0.915845
-0.551823
-0.987011
-0.839054
-0.91743
-0.388786
0.481537
-0.910955
0.235201
-0.753977
-0.581767
-0.40142
-0.578155
-0.374184
-0.927862
-0.993316
-0.933092
-0.926489
-0.95183
-0.811421
-0.96932
-0.956919
-0.946716
-0.999982
-0.998235
-0.824757
-0.929264
-0.858305
-0.758928
-0.585389
-0.946352
-0.923563
-0.82503
-0.948937
-0.917623
-0.565802
-0.95982
-0.988712
-0.830635
-0.922507
-0.999788
-0.941562
-0.858492
-0.464615
-0.963988
-0.921413
-0.941143
-0.392211
-0.865191
-0.753055
-0.963219
-0.43507
-0.568184
-0.926769
-0.923809
-0.948779
-0.9125
-0.856681
-0.914803
-0.9304
-0.969963
-0.918915
-0.606929
-0.464615
-0.858343
-0.924738
-0.919859
-0.93182
-0.635221
-0.427832
0.285682
-0.266028
-0.91013
-0.975823
-0.949234
-0.905938
-0.920617
-0.994004
-0.833028
-0.251796
-0.519631
-0.941514
-0.728635
-0.870539
-0.925085
-0.553272
-0.859917
-0.996691
-0.941651
-0.982273
-0.877204
-0.691167
-0.80741
-0.945255
-0.956967
-0.936999
-0.952895
-0.940755
-0.971608
-0.818849
-0.936015
-0.976332
-0.924878
-0.932818
-0.998928
-0.900536
-0.952082
-0.910137
-0.809996
-0.989757
-0.617578
-0.363899
-0.608324
-0.931648
-0.995397
-0.955877
-0.846235
-0.910823
0.522325
-0.417839
-0.481889
-0.740089
0.275397
-0.307355
-0.54716
-0.915409
-0.893627
-0.818194
-0.888197
-0.921504
-0.948864
-0.913897
-0.938219
-0.292752
-0.985919
-0.577876
-0.92012
-0.808201
-0.942131
-0.92045
-0.846075
-0.607645
-0.843728
-0.982738
-0.936242
0.327931
-0.31136
-0.926408
-0.985289
-0.826976
-0.99601
-0.936482
-0.820063
-0.619509
-0.781353
-0.955325
-0.918215
-0.916348
-0.97902
-0.832699
-0.457695
-0.924648
-0.965301
-0.943582
-0.367345
-0.957487
-0.447192
-0.865163
-0.807265
-0.59211
-0.906806
-0.4877
-0.911636
-0.932412
-0.858152
-0.96919
-0.927727
-0.895738
-0.946069
-0.603427
-0.465344
0.167256
-0.922805
-0.593954
-0.439076
0.358007
-0.791657
-0.575178
-0.370637
-0.811525
-0.969084
-0.92393
-0.589892
-0.85716
-0.947311
-0.91187
-0.911646
-0.992598
-0.949435
-0.945613
-0.950237
-0.878275
-0.946857
-0.961844
-0.910778
-0.421073
-0.625472
-0.984905
-0.844363
-0.927309
-0.997429
-0.932268
-0.997025
-0.972726
-0.906232
-0.965579
-0.956122
-0.76795
-0.948552
-0.919939
-0.925552
-0.500277
-0.898257
-0.986594
-0.928637
-0.956595
-0.372384
-0.923232
-0.844952
-0.994536
-0.626045
-0.354746
-0.414378
-0.953583
-0.923113
-0.582429
-0.778311
-0.833702
-0.991103
-0.592525
-0.8366
-0.930257
-0.993471
-0.969223
-0.830572
-0.601473
-0.929836
-0.96431
-0.757683
-0.891395
-0.93152
-0.958762
-0.951735
-0.869075
-0.403401
-0.615723
-0.431574
-0.922204
-0.592702
-0.36945
-0.959664
-0.75489
-0.835489
-0.904698
-0.933181
-0.936875
-0.926
-0.84848
-0.410052
-0.928296
-0.9173
-0.95217
-0.974075
-0.937634
-0.843621
-0.928538
-0.991464
-0.996146
-0.610626
-0.924692
-0.839793
-0.988382
-0.966092
-0.823111
-0.927361
-0.944171
-0.569879
-0.751023
-0.927934
-0.953859
-0.921267
-0.86805
-0.828703
-0.953389
-0.99466
-0.46219
-0.815864
-0.902323
-0.934136
-0.994021
-0.996529
-0.984509
-0.76845
-0.634306
-0.936194
-0.923029
-0.747921
-0.971055
-0.91645
-0.477002
-0.854563
-0.925311
-0.636719
-0.931294
-0.439608
-0.966327
-0.486973
-0.641084
-0.937214
-0.848623
-0.77315
-0.592426
-0.928101
-0.84678
-0.967913
-0.995404
-0.843099
-0.961055
-0.915892
-0.586118
-0.776419
-0.818207
-0.937064
-0.993492
-0.945862
-0.951576
-0.921569
-0.84673
-0.961979
-0.92674
-0.852838
-0.91483
-0.478575
-0.59917
-0.917299
-0.997133
-0.329957
-0.631892
-0.899769
-0.956211
-0.372242
-0.811013
-0.793957
-0.942221
-0.912091
-0.82249
-0.920165
-0.990388
-0.937211
-0.927219
-0.932044
-0.863194
-0.912288
-0.461904
-0.924415
-0.953428
-0.965895
-0.946807
-0.339965
-0.638563
-0.413112
-0.570177
-0.438432
-0.617593
-0.778829
-0.931953
-0.960991
-0.742375
-0.85852
-0.49069
-0.855009
-0.463235
-0.887922
-0.942043
0.178924
-0.824011
-0.950893
-0.924707
-0.997573
-0.997763
-0.941835
-0.990487
-0.980314
-0.955109
-0.898765
-0.957602
-0.91113
-0.756383
-0.941464
-0.971588
-0.977471
-0.993603
-0.933212
-0.96988
-0.995132
-0.981742
-0.569303
-0.889538
-0.576952
-0.918221
-0.531601
-0.296882
-0.952095
-0.972229
-0.927094
0.480558
-0.903279
-0.81398
-0.908484
-0.824288
-0.903341
-0.807956
-0.805526
-0.879811
-0.378745
-0.876034
-0.944715
0.178111
-0.438737
-0.833182
-0.991177
-0.953992
-0.927499
-0.661393
-0.427318
-0.98224
-0.952626
-0.644127
-0.95481
-0.609274
-0.955745
-0.99218
-0.980422
-0.925974
-0.942278
-0.591316
-0.36991
-0.540528
-0.341206
-0.562664
-0.309435
-0.795683
-0.759129
-0.849133
-0.329283
-0.806075
-0.418146
0.352769
-0.922159
-0.758906
-0.952228
-0.912467
-0.843469
-0.801997
0.34753
-0.932605
-0.850189
-0.485383
-0.8483
-0.427255
-0.483534
-0.543992
-0.938897
-0.960602
-0.415584
-0.646573
-0.915469
-0.94476
-0.926482
-0.916796
-0.933511
-0.982232
-0.903235
-0.831407
-0.806804
-0.878248
-0.458173
0.308146
-0.920381
-0.861915
-0.414399
-0.56093
-0.9575
-0.455427
-0.58539
-0.93459
-0.665043
-0.929632
-0.952637
-0.933888
-0.589358
-0.655696
-0.956329
-0.682504
-0.963934
-0.974055
-0.498566
0.270337
-0.867124
-0.939968
-0.861785
-0.939919
-0.863954
-0.929226
-0.958922
-0.920076
-0.972117
-0.725699
-0.999173
-0.958981
-0.886652
-0.992477
-0.981199
-0.882018
-0.933794
-0.980121
-0.993601
-0.947243
-0.910569
-0.977051
-0.91134
-0.636894
-0.383097
0.177082
-0.470394
0.361157
-0.314512
-0.776963
-0.827967
-0.895089
-0.569305
-0.41773
-0.954269
-0.87329
-0.824658
-0.932587
-0.994061
-0.643125
-0.942864
-0.934941
-0.820422
-0.935788
-0.984451
-0.978749
-0.902606
-0.993516
-0.926815
-0.975015
-0.652692
-0.389276
-0.934996
-0.851349
-0.905516
-0.839972
-0.923324
-0.938421
-0.93357
-0.957954
-0.476716
-0.851933
-0.892072
-0.545187
-0.968054
-0.954178
-0.656032
-0.343982
-0.963769
-0.921244
-0.969605
-0.946399
-0.897213
-0.937834
-0.928248
-0.466508
-0.973751
-0.93114
-0.799557
-0.883289
-0.996841
-0.99419
-0.929741
-0.8955
-0.808226
-0.846619
-0.709036
-0.540773
-0.898114
-0.93251
-0.971353
-0.79564
-0.905993
-0.9569
-0.992388
0.354877
-0.395013
0.295305
-0.451067
-0.842201
-0.78368
-0.949096
-0.936735
-0.63944
-0.362866
-0.829219
-0.720355
-0.574394
-0.94429
-0.955482
-0.377892
0.291171
-0.915835
0.191312
-0.778896
-0.62734
-0.415389
-0.588858
-0.440822
-0.546557
-0.945791
-0.914703
-0.874006
-0.949949
-0.923993
-0.549888
-0.993144
-0.83009
-0.897856
-0.42505
-0.843744
-0.79096
-0.625389
-0.965258
-0.929264
-0.950647
-0.84623
-0.940859
-0.545352
-0.960869
-0.858783
-0.928348
-0.836621
-0.921741
-0.912004
-0.917303
-0.996453
-0.905949
-0.384381
-0.8385
-0.760773
-0.958115
-0.350474
-0.512179
-0.912518
-0.986391
-0.914147
-0.826603
-0.32413
-0.950391
-0.99114
-0.907953
-0.890529
-0.940792
-0.908902
-0.600591
-0.372806
-0.860514
-0.919519
-0.924282
-0.944445
-0.927803
-0.818353
-0.921109
-0.922538
-0.544185
-0.36133
0.201315
-0.412365
-0.94831
-0.621597
-0.772651
-0.860268
-0.461197
-0.963059
-0.818431
-0.916601
-0.928273
-0.739929
-0.548046
-0.418681
-0.457407
-0.958644
-0.814571
-0.849837
-0.920856
-0.650339
-0.386133
-0.92065
-0.955455
-0.947812
-0.90391
-0.988492
-0.84955
-0.990161
-0.912115
-0.959617
-0.959665
-0.791818
-0.961703
-0.959686
-0.906221
-0.997327
-0.992079
-0.9001
-0.918922
-0.572214
-0.834957
-0.996667
-0.946554
-0.892716
-0.945663
-0.927941
-0.808798
-0.912362
0.201487
-0.379335
-0.57764
-0.790522
0.479911
-0.284516
-0.576734
-0.913598
-0.956835
-0.918672
-0.838069
-0.998549
-0.593864
-0.398401
-0.542681
-0.907105
-0.998547
-0.939077
-0.796036
-0.911439
-0.951894
-0.446322
-0.606028
-0.93864
-0.858626
-0.927599
-0.932523
-0.862254
-0.922926
-0.911013
-0.961741
0.326848
-0.373141
-0.825119
-0.961146
-0.904798
-0.757031
-0.583449
-0.409313
-0.594763
-0.896867
-0.849636
-0.830441
-0.958607
-0.428631
-0.846752
-0.594991
-0.79703
-0.960674
-0.929433
-0.927997
-0.991103
-0.841314
-0.988929
-0.940915
-0.957929
-0.937264
-0.433818
-0.534934
-0.849481
-0.9294
-0.912321
-0.964935
-0.917455
-0.917507
-0.842081
-0.919279
0.27809
-0.935322
-0.679544
-0.450199
0.183898
-0.773772
-0.627856
-0.403604
-0.548215
-0.916507
-0.947816
-0.879772
-0.952278
-0.940864
-0.875212
-0.937878
-0.604397
-0.48744
-0.570639
-0.862651
-0.969995
-0.932135
-0.818331
-0.958435
-0.917111
-0.900786
-0.99263
-0.900343
-0.950752
-0.914293
-0.938849
-0.95731
-0.740715
-0.931302
-0.980406
-0.908965
-0.99767
-0.993045
-0.613714
-0.921432
-0.964751
-0.954747
-0.958651
-0.794599
-0.953321
-0.905897
0.350283
-0.337445
-0.508848
-0.417173
-0.650198
-0.770953
0.312964
-0.413409
-0.437731
-0.965229
-0.938917
-0.609489
-0.787603
-0.858923
-0.903906
-0.911936
-0.962273
-0.382603
-0.927508
-0.814442
-0.646856
-0.849982
-0.903564
-0.999099
-0.940153
-0.913886
-0.378072
-0.951118
-0.607713
-0.442773
-0.952598
-0.785148
-0.841767
-0.910767
-0.910297
-0.966495
-0.930291
-0.851039
-0.400068
-0.630352
-0.338409
-0.92701
-0.933951
-0.96055
-0.91062
-0.925376
-0.91582
-0.890241
-0.829393
-0.950103
-0.987121
-0.816204
-0.845138
-0.915693
-0.956133
-0.563914
-0.734798
-0.991653
-0.558227
-0.919164
-0.837042
-0.997718
-0.937389
-0.933635
-0.840854
-0.90642
-0.956116
0.406223
-0.901536
-0.601565
-0.3457
-0.523232
-0.356477
0.35521
-0.760455
-0.968393
-0.925113
-0.973186
-0.964386
-0.948152
-0.801336
-0.874749
-0.630977
-0.975708
-0.940166
-0.812506
-0.537129
-0.819115
-0.914821
-0.969873
-0.98789
-0.926328
-0.830554
-0.996243
-0.901571
-0.947242
-0.845494
-0.975203
-0.932491
-0.621809
-0.775499
-0.500697
-0.912185
-0.814451
-0.975288
-0.990429
-0.949875
-0.823654
-0.341956
-0.924038
-0.917267
-0.944825
-0.907484
-0.906305
-0.91814
-0.836799
-0.919659
-0.438016
-0.579801
-0.930594
-0.971534
-0.399675
-0.832744
-0.775911
-0.94946
-0.903374
-0.818774
-0.913419
-0.32279
-0.58936
-0.981707
-0.929201
-0.993216
-0.865906
-0.937914
-0.959128
-0.9244
-0.935601
-0.419663
-0.523626
-0.290255
-0.547247
-0.329069
-0.548581
-0.799439
-0.995317
-0.912035
-0.963543
-0.925335
-0.964416
-0.728276
-0.902005
-0.959592
-0.979088
-0.961438
-0.928453
-0.995877
-0.946403
-0.918187
-0.997283
-0.9287
-0.957555
-0.719174
-0.898514
-0.95095
-0.994316
-0.98415
0.345197
-0.932293
-0.848673
-0.922059
-0.844378
-0.914789
-0.871756
-0.55925
-0.927628
-0.576047
-0.923755
-0.618606
-0.411191
-0.972163
-0.957659
-0.92298
-0.597632
-0.395016
-0.95559
-0.938654
-0.582954
-0.911593
-0.601512
-0.772365
-0.809718
-0.34402
-0.828932
-0.913404
0.449669
-0.403741
-0.807606
-0.960426
-0.914886
-0.977504
-0.926179
-0.999237
-0.919174
-0.948553
-0.578492
-0.334092
-0.57777
-0.42234
-0.534164
-0.434686
-0.869753
-0.801079
-0.792047
-0.472264
-0.880725
-0.300239
0.325236
-0.929799
-0.946003
-0.926098
-0.818865
-0.806306
0.26511
-0.92272
-0.836872
-0.430381
-0.835147
-0.362638
-0.567622
-0.658765
-0.920587
-0.982739
-0.44539
-0.634332
-0.953982
-0.985653
-0.895376
-0.935638
-0.9542
-0.897869
-0.996299
-0.943064
-0.918017
-0.832916
-0.797189
-0.819649
-0.38391
0.387309
-0.921462
-0.847943
-0.392119
-0.577751
-0.943433
-0.373357
-0.615615
-0.916653
-0.570975
-0.927029
-0.959083
-0.926666
-0.585151
-0.992303
-0.613632
-0.920108
-0.596852
-0.918154
-0.953417
-0.334717
0.308149
-0.839393
-0.925969
-0.857951
-0.90684
-0.821569
-0.931337
-0.987396
-0.758002
-0.954324
-0.898527
-0.934918
-0.953313
-0.96778
-0.914629
-0.955685
-0.928036
-0.590936
-0.420399
0.305195
-0.405083
0.135892
-0.459629
-0.723319
-0.864412
-0.935324
-0.488311
-0.405862
-0.950285
-0.926137
-0.930223
-0.797501
-0.941087
-0.970805
-0.952971
-0.912574
-0.929749
-0.953495
-0.90192
-0.940442
-0.994957
-0.547891
-0.294548
-0.918395
-0.819669
-0.91165
-0.802429
-0.8961
-0.889068
-0.940754
-0.865694
-0.374519
-0.758564
-0.840195
-0.374124
-0.961356
-0.955005
-0.560259
-0.358161
-0.983215
-0.942445
-0.914997
-0.921022
-0.930113
-0.999245
-0.920317
-0.834553
-0.606637
-0.994789
-0.960113
-0.837026
-0.913663
-0.95147
-0.914435
-0.972986
-0.844734
-0.788926
-0.588109
-0.945085
-0.960034
-0.872766
-0.935466
0.378504
-0.399777
0.413317
-0.354678
-0.869486
-0.992603
-0.810771
-0.96454
-0.877963
-0.56243
-0.971971
-0.93735
-0.603646
-0.873958
-0.936614
-0.491289
0.310186
-0.940156
0.368182
-0.808083
-0.622824
-0.397054
-0.634035
-0.39196
-0.575166
-0.964657
-0.993465
-0.920246
-0.862841
-0.97509
-0.996585
-0.832139
-0.914106
-0.80353
-0.760089
-0.52479
-0.961881
-0.908653
-0.94445
-0.982518
-0.973688
-0.926168
-0.571203
-0.956652
-0.998636
-0.847134
-0.902335
-0.817328
-0.900516
-0.921587
-0.986748
-0.402967
-0.952515
-0.99993
-0.91162
-0.932371
-0.374056
-0.842918
-0.773624
-0.962452
-0.329435
-0.602974
-0.920087
-0.926031
-0.832894
-0.937719
-0.859543
-0.938295
-0.940301
-0.968383
-0.946532
-0.648239
-0.447822
-0.869019
-0.939993
-0.921268
-0.963197
-0.589677
-0.32546
0.427435
-0.500626
-0.903765
-0.674377
-0.805392
-0.813248
-0.423206
-0.955848
-0.919538
-0.860506
-0.367498
-0.410949
-0.962811
-0.771416
-0.84182
-0.927793
-0.580267
-0.395398
-0.940477
-0.95371
-0.940079
-0.98451
-0.992711
-0.895355
-0.949099
-0.952226
-0.748845
-0.952949
-0.953318
-0.919875
-0.915615
-0.999616
-0.913785
-0.802511
-0.604673
-0.818469
-0.996613
-0.950027
-0.894128
-0.952359
-0.917442
-0.563733
-0.906974
-0.937124
-0.846925
-0.913885
0.306544
-0.413459
-0.583014
-0.782205
0.476484
-0.399806
-0.594891
-0.93822
-0.972585
-0.940066
-0.872985
-0.631111
-0.419948
-0.917124
-0.9616
-0.931147
-0.972751
-0.472147
-0.991509
-0.596839
-0.930859
-0.860071
-0.937613
-0.926257
-0.842631
-0.932368
0.322563
-0.489295
-0.875242
-0.93778
-0.951293
-0.726574
-0.61904
-0.864884
-0.953827
-0.838546
-0.633737
-0.817198
-0.979438
-0.930305
-0.957364
-0.917355
-0.906917
-0.808975
-0.902337
-0.922281
-0.9094
-0.265556
-0.512561
-0.998401
-0.818675
-0.907152
-0.904453
-0.937205
-0.949608
-0.940054
-0.851906
-0.934304
-0.606918
-0.984096
-0.415367
0.486543
-0.938513
-0.561057
-0.41407
0.291162
-0.780404
-0.673974
-0.399423
-0.599726
-0.922791
-0.964939
-0.853762
-0.975052
-0.949125
-0.616702
-0.858933
-0.972727
-0.924504
-0.863454
-0.895207
-0.922828
-0.986509
-0.932125
-0.991056
-0.953501
-0.924183
-0.954496
-0.956274
-0.746401
-0.964014
-0.579814
-0.937036
-0.961168
-0.967197
-0.915357
-0.752889
-0.968161
-0.948293
-0.970563
-0.466654
-0.947436
-0.881986
-0.664818
-0.347434
-0.354227
-0.970653
-0.9286
-0.59777
-0.811585
-0.827951
-0.905304
-0.955615
-0.908685
-0.803454
-0.903233
-0.99406
-0.92539
-0.963465
-0.942841
-0.86375
-0.438223
-0.599101
-0.317437
-0.908943
-0.576999
-0.326257
-0.954923
-0.812903
-0.828091
-0.91385
-0.989604
-0.925987
-0.939154
-0.954079
-0.866639
-0.389104
-0.922709
-0.925688
-0.997666
-0.942435
-0.909402
-0.814288
-0.948336
-0.988404
-0.602923
-0.917364
-0.837055
-0.990963
-0.959087
-0.818175
-0.911429
-0.948799
-0.521629
-0.775327
-0.989378
-0.937547
-0.969967
-0.932729
-0.84922
0.211944
-0.926211
-0.550603
-0.43662
-0.587144
-0.382951
0.217225
-0.757895
-0.821455
-0.616992
-0.937367
-0.934547
-0.735397
-0.492406
-0.854508
-0.912363
-0.963097
-0.937742
-0.854568
-0.928561
-0.964029
-0.859444
-0.974404
-0.939821
-0.625938
-0.814381
-0.643176
-0.927672
-0.862459
-0.975076
-0.966929
-0.993223
-0.847921
-0.900432
-0.403834
-0.898212
-0.916959
-0.929023
-0.999782
-0.912973
-0.888835
-0.920294
-0.810957
-0.91175
-0.993199
-0.274343
-0.558307
-0.897293
-0.9344
-0.292354
-0.830445
-0.733368
-0.948298
-0.913518
-0.833522
-0.910272
-0.38635
-0.526748
-0.987956
-0.834282
-0.905165
-0.980421
-0.926815
-0.891108
-0.952036
-0.358267
-0.631733
-0.389563
-0.591465
-0.471492
-0.528859
-0.989984
-0.95434
-0.962182
-0.771643
-0.932616
-0.950375
-0.953412
-0.917063
-0.996446
-0.946031
-0.908368
-0.984075
-0.937053
-0.966583
-0.778175
-0.924518
-0.951467
-0.95953
-0.904842
0.156493
-0.920674
-0.854373
-0.927434
-0.843766
-0.905716
-0.85197
-0.990732
-0.51512
-0.90129
-0.502836
-0.906542
-0.533709
-0.296051
-0.92654
-0.995028
-0.945894
-0.910615
-0.630361
-0.484254
-0.973344
-0.933064
-0.639722
-0.952788
-0.63021
-0.793299
-0.844612
-0.363643
-0.868337
-0.922567
0.181253
-0.479952
-0.833023
-0.936759
-0.953151
-0.913418
-0.952413
-0.500354
-0.279037
-0.61079
-0.470928
-0.584685
-0.38773
-0.554839
-0.984972
-0.569218
-0.92584
-0.955193
-0.372931
-0.590423
-0.915222
-0.999841
-0.971581
-0.91081
-0.822249
-0.778195
0.361217
-0.910868
-0.848975
-0.332838
-0.84823
-0.445734
-0.954186
-0.929098
-0.988624
-0.90819
-0.952915
-0.588059
-0.995878
-0.978975
-0.407694
-0.592558
-0.927645
-0.619065
-0.916984
-0.966488
-0.935996
-0.839375
-0.807838
-0.853904
-0.449065
0.242013
-0.931352
-0.861214
-0.466249
0.444103
-0.838334
-0.938486
-0.838969
-0.949905
-0.852814
-0.918259
-0.940346
-0.918641
-0.611408
-0.585279
-0.912986
-0.507979
-0.920264
-0.949467
-0.37098
-0.986041
-0.989253
-0.908565
-0.934004
-0.992824
-0.7373
-0.96316
-0.916596
-0.973213
-0.903374
-0.932425
-0.91755
-0.45607
-0.400584
0.396546
-0.262956
0.247988
-0.904378
-0.993569
-0.982811
-0.985562
-0.869686
-0.980373
-0.71638
-0.991893
-0.900531
-0.954303
-0.942074
-0.867767
-0.930234
-0.947513
-0.90007
-0.966218
-0.946885
-0.94575
-0.537268
-0.439617
-0.91491
-0.866754
-0.388834
-0.941008
-0.926834
-0.902508
-0.984087
-0.888126
-0.80452
-0.290146
-0.766525
-0.782804
-0.264467
-0.947735
-0.901096
-0.568919
-0.873417
-0.877803
-0.966129
-0.989198
-0.993171
-0.953345
-0.875769
-0.640259
-0.95393
-0.884335
-0.927494
-0.864256
-0.917706
-0.933258
-0.827818
-0.808675
-0.625175
-0.922682
-0.960836
-0.977433
-0.997117
0.238424
-0.365346
0.243146
-0.29302
-0.511482
-0.939347
-0.991821
-0.885262
-0.826394
-0.976375
-0.946877
-0.681582
-0.846613
-0.948762
-0.424964
0.259401
-0.916628
0.419739
-0.753388
-0.613816
-0.285719
-0.627533
-0.422227
-0.977882
-0.932427
-0.979518
-0.858942
-0.928754
-0.831216
-0.744933
-0.547117
-0.952119
-0.911679
-0.776831
-0.968405
-0.909958
-0.563557
-0.931971
-0.985415
-0.78353
-0.893463
-0.952186
-0.909562
-0.986323
-0.995837
-0.909076
-0.824193
-0.47527
-0.981771
-0.93634
-0.954224
-0.360242
-0.853164
-0.793135
-0.959837
-0.41243
-0.618691
-0.910798
-0.902495
-0.968169
-0.939257
-0.89182
-0.939063
-0.930038
-0.967772
-0.936321
-0.546755
-0.999006
-0.413309
-0.864704
-0.919129
-0.664155
-0.483313
0.3887
-0.363166
-0.93601
-0.9578
-0.933803
-0.953142
-0.990033
-0.847746
-0.392187
-0.447324
-0.953569
-0.778415
-0.833734
-0.944276
-0.6537
-0.99851
-0.928984
-0.999461
-0.934319
-0.926822
-0.970546
-0.80997
-0.929457
-0.97904
-0.915703
-0.936652
-0.986907
-0.949745
-0.905393
-0.867986
-0.540792
-0.780324
-0.979319
-0.953808
-0.8991
-0.997274
-0.904082
-0.953904
-0.911903
-0.827328
-0.988832
-0.565814
-0.311951
-0.999714
-0.601285
-0.935696
-0.992992
-0.955313
-0.860075
-0.908489
0.392654
-0.351353
-0.562235
-0.742209
0.443505
-0.384191
-0.494729
-0.899554
-0.924439
-0.832831
-0.935586
-0.93437
-0.938583
-0.906057
-0.965584
-0.296023
-0.982513
-0.561476
-0.924072
-0.822499
0.489288
-0.500705
-0.96533
-0.821911
-0.987551
-0.885067
-0.798545
-0.623572
-0.73592
-0.951606
-0.953004
-0.952082
-0.984423
-0.897363
-0.892642
-0.790891
-0.925948
-0.966752
-0.922167
-0.338264
-0.608499
-0.99934
-0.833883
-0.939029
-0.649781
-0.939946
-0.981475
-0.862468
-0.936746
-0.915906
-0.808134
-0.889486
-0.500949
-0.99061
-0.317351
0.473681
-0.9304
-0.604715
-0.347968
0.217823
-0.781622
-0.572787
-0.476767
-0.846143
-0.942917
-0.879132
-0.541285
-0.827067
-0.940933
-0.98534
-0.998461
-0.919168
-0.932219
-0.935244
-0.899942
-0.974042
-0.934007
-0.933678
-0.971646
-0.95563
-0.804958
-0.955422
-0.991208
-0.591675
-0.917538
-0.915385
-0.965649
-0.436565
-0.908239
-0.852915
-0.99418
-0.538198
-0.330485
-0.432566
-0.942409
-0.938641
-0.537299
-0.783547
-0.873908
-0.946316
-0.905026
-0.809419
-0.914239
-0.992125
-0.915798
-0.993098
-0.922606
-0.962818
-0.914264
-0.839678
-0.378497
-0.58442
-0.374055
-0.910733
-0.541796
-0.390009
-0.952489
-0.764672
-0.842928
-0.903516
-0.924717
-0.928685
-0.920377
-0.804594
-0.346953
-0.902997
-0.900981
-0.978896
-0.945366
-0.872919
-0.957546
-0.994116
-0.998603
-0.575917
-0.937641
-0.828975
-0.968116
-0.850602
-0.937809
-0.965306
-0.632184
-0.781203
-0.939689
-0.951435
-0.909568
-0.835884
-0.998376
-0.558093
-0.857512
-0.922442
-0.956116
-0.984192
-0.807152
-0.569616
-0.947971
-0.894571
-0.797225
-0.94555
-0.958531
-0.921501
-0.857738
-0.614582
-0.934258
-0.8725
-0.967525
-0.843063
-0.974132
-0.928302
-0.612624
-0.818445
-0.819506
-0.955199
-0.996666
-0.99152
-0.927195
-0.921953
-0.934284
-0.831703
-0.935747
-0.341879
-0.88461
-0.923316
-0.937107
-0.987118
-0.953955
-0.924736
-0.835794
-0.914545
-0.381088
-0.51509
-0.985578
-0.909844
-0.329701
-0.565487
-0.912916
-0.949354
-0.364967
-0.835111
-0.72689
-0.959634
-0.912251
-0.798592
-0.901644
-0.988663
-0.948341
-0.467109
-0.596501
-0.478064
-0.575122
-0.395121
-0.625241
-0.783374
-0.949866
-0.945119
-0.758008
-0.841523
-0.321629
-0.824112
-0.320627
-0.797379
-0.918251
0.33449
-0.997689
-0.99714
-0.962206
-0.935859
-0.946719
-0.922939
-0.742627
-0.926311
-0.93849
-0.998253
-0.990422
-0.874943
-0.946208
-0.928512
-0.961337
-0.948078
-0.926672
-0.99106
-0.613524
-0.933868
-0.598614
-0.930975
-0.593798
-0.355668
-0.956619
-0.951875
-0.921362
0.466144
-0.918047
-0.818624
-0.916242
-0.809377
-0.909441
-0.803525
-0.748354
-0.830815
-0.456818
-0.862973
-0.934014
0.3201
-0.45636
-0.850356
-0.996136
-0.967658
-0.915651
-0.999092
-0.988228
-0.597925
-0.320167
-0.937992
-0.910952
-0.570908
-0.91797
-0.581866
-0.536787
-0.340627
-0.504649
-0.34939
-0.506925
-0.315321
-0.837874
-0.797625
-0.843438
-0.466306
-0.876381
-0.411211
0.241179
-0.940995
-0.715285
-0.99831
-0.971037
-0.887596
-0.584495
-0.999
-0.636785
-0.922449
-0.63488
-0.928743
-0.947711
-0.413745
0.104278
-0.873432
-0.945049
-0.887939
-0.941663
-0.870086
-0.933694
-0.97455
-0.904654
-0.993503
-0.919208
-0.948137
-0.948718
-0.949355
-0.83211
-0.792186
-0.833465
-0.432634
0.375674
-0.935048
-0.838697
-0.385226
-0.634316
-0.978911
-0.488838
-0.640665
-0.940024
-0.605563
-0.947759
-0.994479
-0.916941
-0.902328
-0.988835
-0.947328
-0.902989
-0.969169
-0.917772
-0.984685
-0.770388
-0.955283
-0.89736
-0.920605
-0.947512
-0.985492
-0.597097
-0.431449
0.317174
-0.375976
0.2808
-0.350499
-0.733648
-0.856408
-0.932223
-0.523574
-0.436915
-0.951802
-0.830393
-0.755402
-0.924068
-0.939826
-0.604112
-0.921624
-0.99602
-0.9269
-0.923874
-0.943628
-0.578552
-0.385529
-0.924643
-0.838082
-0.918304
-0.840646
-0.915214
-0.926019
-0.922525
-0.966131
-0.332015
-0.749296
-0.856497
-0.389259
-0.967055
-0.916592
-0.545616
-0.325833
-0.993194
-0.945672
-0.910169
-0.897818
-0.98829
-0.875822
-0.811761
-0.592821
-0.964713
-0.848582
-0.917434
-0.953167
-0.925066
-0.841622
-0.837672
-0.799319
-0.597017
-0.942574
-0.9614
-0.845944
-0.917807
-0.965663
-0.997652
0.499043
-0.390144
0.290314
-0.332698
-0.839218
-0.790078
-0.964527
-0.908838
-0.619826
-0.425835
-0.838866
-0.798128
-0.575203
-0.923366
-0.962419
-0.340891
-0.63618
-0.979215
-0.873843
-0.932706
-0.866265
-0.972164
-0.936118
-0.853245
-0.831589
-0.586546
-0.971909
-0.922599
-0.962133
-0.998173
-0.819585
-0.931392
-0.957997
-0.914586
-0.545876
-0.982311
-0.998556
-0.366804
-0.831977
-0.906506
-0.910682
-0.959847
-0.915012
-0.848836
-0.917239
-0.933495
-0.904776
-0.991623
-0.911363
-0.33037
-0.828951
-0.746161
-0.93938
-0.322489
-0.568731
-0.899784
-0.981464
-0.913547
-0.803801
-0.384552
-0.949695
-0.987513
-0.93914
-0.919988
-0.56302
-0.350306
0.361826
-0.45875
-0.909989
-0.600098
-0.795108
-0.814007
-0.416663
-0.959311
-0.824463
-0.916129
-0.960263
-0.756765
-0.560531
-0.916674
-0.997258
-0.919381
-0.914897
-0.95901
-0.965904
-0.752085
-0.947667
-0.945462
-0.922526
-0.992152
-0.970848
-0.94435
-0.944379
-0.388823
-0.978911
-0.542654
-0.913979
-0.825696
-0.91348
-0.905972
-0.822345
-0.924682
-0.929074
-0.972112
-0.603817
-0.866207
-0.967642
-0.932948
-0.954656
-0.929566
-0.853924
-0.92663
0.434749
-0.455249
-0.609975
-0.791594
0.232771
-0.443541
-0.6002
-0.924881
-0.958288
-0.925427
-0.828029
-0.981504
-0.605148
-0.361968
-0.586931
-0.935713
-0.975
-0.873778
0.4584
-0.380781
-0.830119
-0.951474
-0.938893
-0.770874
-0.642862
-0.320636
-0.522801
-0.903517
-0.823771
-0.724373
-0.940682
-0.337675
-0.576514
-0.861421
-0.966201
-0.922808
-0.868704
-0.949285
-0.915688
-0.963156
-0.929295
-0.448658
-0.617426
-0.867617
-0.936349
-0.947366
-0.972056
-0.943289
-0.926961
-0.843882
-0.939305
0.309316
-0.935153
-0.603701
-0.474401
0.280547
-0.825884
-0.606539
-0.425413
-0.616349
-0.933303
-0.963688
-0.846326
-0.950115
-0.932195
-0.833274
-0.894306
-0.446626
-0.987995
-0.346566
-0.991152
-0.914802
-0.993007
-0.900016
-0.970299
-0.9112
-0.955916
-0.966959
-0.736301
-0.955316
-0.997539
-0.915507
-0.9937
-0.537305
-0.908666
-0.971841
-0.961803
-0.937718
-0.78682
-0.962316
-0.932589
0.300324
-0.382341
-0.607191
-0.419375
-0.580222
-0.783235
0.38156
-0.404864
-0.935726
-0.933584
-0.954596
-0.930522
-0.921218
-0.929662
-0.935862
-0.852354
-0.848343
-0.921852
-0.967068
-0.932178
-0.397614
-0.912825
-0.647845
-0.337576
-0.974106
-0.789335
-0.826932
-0.915584
-0.98939
-0.930384
-0.966506
-0.923645
-0.83352
-0.29275
-0.993556
-0.590135
-0.914635
-0.843691
-0.997667
-0.934598
-0.952142
-0.944012
-0.989269
-0.827654
-0.820454
-0.920713
-0.95351
-0.534694
-0.783333
-0.982365
-0.608074
-0.911121
-0.864658
-0.955427
0.237797
-0.919708
-0.565631
-0.418957
-0.62289
-0.335343
0.261742
-0.782984
-0.962399
-0.903559
-0.942849
-0.943051
-0.958937
-0.751344
-0.95214
-0.98593
-0.843562
-0.927091
-0.851755
-0.937296
-0.961847
-0.826907
-0.951762
-0.932029
-0.578296
-0.757632
-0.594412
-0.916329
-0.836685
-0.942147
-0.993816
-0.988928
-0.985443
-0.837965
-0.903846
-0.988063
-0.944765
-0.906898
-0.402286
-0.9286
-0.928219
-0.95252
-0.925916
-0.919616
-0.931036
-0.853772
-0.917425
-0.354686
-0.607665
-0.925461
-0.964158
-0.389687
-0.849754
-0.774591
-0.957577
-0.929402
-0.856918
-0.914055
-0.414238
-0.567819
-0.916463
-0.964876
-0.322925
-0.64161
-0.468021
-0.529803
-0.43264
-0.595349
-0.779596
-0.932985
-0.946688
-0.967155
-0.899591
-0.974005
-0.945454
-0.897285
-0.976779
-0.92328
-0.942814
-0.736703
-0.917663
-0.971658
-0.983429
-0.937673
-0.945741
-0.937382
-0.967612
0.430458
-0.916851
-0.842567
-0.937113
-0.812797
-0.902159
-0.852288
-0.993436
-0.581806
-0.921936
-0.587079
-0.934377
-0.550045
-0.38553
-0.953895
-0.943359
-0.914226
-0.996273
-0.619351
-0.421099
-0.977263
-0.955742
-0.610562
-0.93855
-0.639026
-0.799909
-0.882262
-0.467758
-0.868836
-0.920077
0.163123
-0.468653
-0.881622
-0.958081
-0.933204
-0.630681
-0.357558
-0.620063
-0.440368
-0.535129
-0.47539
-0.872755
-0.800832
-0.875425
-0.431797
-0.896425
-0.512132
0.239599
-0.940364
-0.943262
-0.90214
-0.55054
-0.990534
-0.599814
-0.919094
-0.552871
-0.917471
-0.942746
-0.292011
0.42253
-0.839531
-0.929111
-0.84447
-0.917028
-0.797395
-0.927904
-0.942812
-0.968263
-0.949697
-0.925744
-0.984001
-0.961865
-0.918883
-0.869033
-0.748567
-0.875249
-0.375425
0.284597
-0.921947
-0.834114
-0.428012
-0.594796
-0.993975
-0.955908
-0.396181
-0.655407
-0.8895
-0.52319
-0.935264
-0.994046
-0.956682
-0.90932
-0.954576
-0.93015
-0.784298
-0.969136
-0.923978
-0.946229
-0.964672
-0.578001
-0.393594
0.370639
-0.340376
0.306695
-0.423305
-0.824076
-0.842234
-0.958104
-0.636632
-0.468344
-0.981733
-0.92509
-0.919867
-0.902425
-0.950794
-0.914267
-0.970459
-0.991822
-0.593987
-0.387739
-0.924277
-0.852922
-0.929979
-0.840659
-0.938937
-0.91945
-0.991987
-0.926749
-0.830793
-0.371907
-0.793707
-0.834073
-0.396498
-0.950038
-0.908954
-0.557261
-0.389789
-0.997722
-0.960133
-0.936899
-0.904381
-0.994818
-0.810119
-0.582463
-0.946142
-0.818791
-0.916238
-0.968953
-0.920194
-0.952012
-0.988353
-0.860225
-0.797399
-0.558975
-0.920701
-0.962589
-0.998216
-0.857279
-0.928227
0.230915
-0.384206
0.326828
-0.415343
-0.845817
-0.728712
-0.960843
-0.920014
-0.549037
-0.977116
-0.923753
-0.611892
-0.962846
-0.843607
-0.901453
-0.819637
-0.866663
-0.926128
-0.867632
-0.783822
-0.586473
-0.954792
-0.916766
-0.939046
-0.98919
-0.99931
-0.91834
-0.863961
-0.921178
-0.92392
-0.954603
-0.89799
-0.553706
-0.348334
-0.839053
-0.924342
-0.909046
-0.952131
-0.918623
-0.917877
-0.992566
-0.486828
-0.960606
-0.93613
-0.925185
-0.371899
-0.848573
-0.773423
-0.937047
-0.393889
-0.617036
-0.926498
-0.994469
-0.914516
-0.819677
-0.594478
-0.421767
0.317163
-0.366677
-0.910769
-0.51991
-0.770904
-0.824191
-0.375924
-0.942908
-0.943146
-0.916182
-0.994098
-0.937604
-0.952137
-0.967608
-0.788106
-0.957423
-0.948929
-0.898091
-0.987147
-0.943674
-0.96015
-0.923326
-0.950466
-0.394076
-0.597013
-0.929407
-0.849074
-0.906117
-0.928368
-0.835879
-0.931187
-0.827926
-0.541597
-0.819995
-0.994847
-0.945538
-0.916507
-0.933394
-0.881206
-0.652131
-0.920827
-0.96865
-0.845941
-0.918848
0.294939
-0.381302
-0.603851
-0.729672
0.361052
-0.462151
-0.568956
-0.915467
-0.956413
-0.892657
-0.832706
-0.987801
-0.527884
-0.313772
-0.999544
0.45623
-0.403528
-0.845328
-0.976705
-0.919541
-0.819049
-0.622622
-0.960617
-0.912788
-0.608678
-0.863549
-0.968458
-0.917354
-0.84883
-0.920216
-0.91874
-0.823732
-0.925145
-0.961221
-0.95093
-0.476504
-0.617282
-0.850702
-0.938852
-0.927526
-0.958404
-0.946321
-0.913857
-0.842047
-0.92819
-0.61118
-0.392725
0.231496
-0.919274
-0.655262
-0.410732
0.244512
-0.786242
-0.580134
-0.433761
-0.605767
-0.937406
-0.978274
-0.991046
-0.837993
-0.986248
-0.896583
-0.9134
-0.985451
-0.91499
-0.98547
-0.962149
-0.925821
-0.959269
-0.976566
-0.745856
-0.946734
-0.999549
-0.57493
-0.918339
-0.959339
-0.933745
-0.955245
-0.748034
-0.962512
-0.942578
-0.935437
-0.940741
-0.828726
-0.405941
-0.916567
-0.920033
-0.995103
-0.93008
-0.899539
-0.968025
-0.929554
-0.864533
-0.924404
-0.935589
-0.950068
-0.926638
-0.873873
-0.461691
-0.5873
-0.447972
-0.931582
-0.567209
-0.345622
-0.952364
-0.752647
-0.825343
-0.90091
-0.975892
-0.933161
-0.954842
-0.907435
-0.820144
-0.996273
-0.841941
-0.949887
-0.622841
-0.933376
-0.860037
-0.959386
-0.836715
-0.92841
-0.952472
-0.580927
-0.777889
-0.987592
0.340261
-0.933241
-0.589773
-0.378072
-0.656831
-0.363396
0.223666
-0.788808
-0.967406
-0.994707
-0.837876
-0.923647
-0.82241
-0.990637
-0.898984
-0.947133
-0.997606
-0.84882
-0.965092
-0.927355
-0.600129
-0.741393
-0.512609
-0.915579
-0.828526
-0.930667
-0.991988
-0.857089
-0.927108
-0.980759
-0.936508
-0.906333
-0.356329
-0.91246
-0.902156
-0.951615
-0.998762
-0.920326
-0.916871
-0.906555
-0.808812
-0.938595
-0.998995
-0.465103
-0.621749
-0.935321
-0.948722
-0.382438
-0.865147
-0.780986
-0.962562
-0.948185
-0.824475
-0.933956
-0.406976
-0.606099
-0.994874
-0.966158
-0.393163
-0.581937
-0.486916
-0.53182
-0.449021
-0.632803
-0.994052
-0.94954
-0.904919
-0.981884
-0.937569
-0.910348
-0.982627
-0.997422
-0.926347
-0.938364
-0.729894
-0.899796
-0.987028
-0.957002
-0.935955
-0.998226
-0.956011
-0.999192
-0.969855
-0.94476
-0.926195
0.353907
-0.925811
-0.837722
-0.927091
-0.81681
-0.919855
-0.855067
-0.993985
-0.599165
-0.920677
-0.594767
-0.918767
-0.528854
-0.32056
-0.949231
-0.959283
-0.952702
-0.644692
-0.464594
-0.969478
-0.923292
-0.584544
-0.94057
-0.601509
-0.794333
-0.886496
-0.376706
-0.865327
-0.932771
0.262775
-0.463067
-0.850713
-0.590563
-0.439941
-0.636066
-0.434133
-0.595831
-0.375663
0.447855
-0.84847
-0.924065
-0.841501
-0.946306
-0.861191
-0.916039
-0.956599
-0.926986
-0.586105
-0.596714
-0.939115
-0.614443
-0.936262
-0.951373
-0.406314
-0.950492
-0.919344
-0.933037
-0.962579
-0.599211
-0.999852
-0.939252
-0.425796
-0.502417
-0.9317
-0.590119
-0.902996
-0.969023
-0.934234
-0.853725
-0.778103
-0.842485
-0.371793
0.38508
-0.906294
-0.834788
-0.411235
-0.949259
-0.929146
-0.993521
-0.970431
-0.921037
-0.993066
-0.991513
-0.907218
-0.962718
-0.994285
-0.794858
-0.961223
-0.941225
-0.556952
-0.426407
0.441548
-0.437721
0.245574
-0.910394
-0.915749
-0.999196
-0.919521
-0.835535
-0.918638
-0.927412
-0.941502
-0.97157
-0.926382
-0.968204
-0.998257
-0.614002
-0.433577
-0.9327
-0.861291
-0.318503
-0.98759
-0.964872
-0.903918
-0.922648
-0.939793
-0.845749
-0.429371
-0.763677
-0.829997
-0.275364
-0.945551
-0.910905
-0.564957
-0.947888
-0.904296
-0.847874
-0.543895
-0.998832
-0.949511
-0.836543
-0.916519
-0.995563
-0.809808
-0.929978
-0.954481
-0.854201
-0.727678
-0.589686
-0.922955
-0.94654
0.183587
-0.355284
0.426698
-0.351699
-0.83728
-0.95677
-0.921289
-0.578105
-0.962691
-0.872692
-0.938416
-0.98929
-0.947294
-0.999016
-0.844521
-0.913764
-0.813135
-0.759646
-0.548479
-0.934875
-0.91995
-0.951169
-0.979312
-0.928142
-0.834777
-0.907374
-0.927225
-0.942938
-0.940713
-0.654883
-0.42214
-0.850252
-0.951581
-0.908878
-0.909971
-0.981162
-0.997682
-0.912759
-0.859474
-0.336589
-0.951266
-0.995512
-0.899636
-0.903582
-0.474957
-0.814636
-0.765371
-0.957979
-0.411277
-0.567622
-0.912802
-0.612352
-0.496397
0.380681
-0.927538
-0.93909
-0.921308
-0.991557
-0.985325
-0.937568
-0.936162
-0.966297
-0.761063
-0.96146
-0.96629
-0.908257
-0.901107
-0.843958
-0.925423
-0.925978
-0.950673
-0.888945
-0.955622
-0.407294
-0.998692
-0.57388
-0.919681
-0.85757
-0.941782
-0.906629
-0.859644
-0.544988
-0.803145
-0.98113
-0.939629
-0.904774
-0.997684
-0.887288
-0.929381
-0.908074
-0.817537
-0.977702
-0.503438
-0.349158
-0.590059
-0.934348
-0.991968
-0.958904
-0.81583
-0.910617
0.332856
-0.302441
-0.520105
-0.736638
0.212198
-0.402105
-0.502804
0.254714
-0.372041
-0.834096
-0.989533
-0.938173
-0.612524
-0.869524
-0.975924
-0.943179
-0.9088
-0.95342
-0.953876
-0.946349
-0.857872
-0.930877
-0.945521
-0.934996
-0.397652
-0.566881
-0.991741
-0.841004
-0.917575
-0.540742
-0.93547
-0.938332
-0.850993
-0.978567
-0.946128
-0.896248
-0.946276
-0.656735
-0.446311
0.2843
-0.943772
-0.58023
-0.431969
0.340716
-0.759083
-0.591727
-0.401108
-0.994552
-0.902926
-0.889628
-0.98035
-0.998229
-0.97649
-0.915481
-0.988709
-0.968717
-0.928532
-0.920442
-0.964955
-0.752838
-0.946308
-0.606501
-0.898978
-0.92207
-0.936313
-0.915229
-0.817762
-0.321578
-0.916391
-0.922351
-0.981188
-0.955605
-0.971572
-0.933792
-0.838472
-0.930451
-0.992785
-0.916838
-0.993386
-0.941392
-0.949933
-0.94688
-0.844753
-0.418897
-0.998
-0.577678
-0.367104
-0.912081
-0.545842
-0.3716
-0.926627
-0.720134
-0.840433
-0.918173
-0.942799
-0.942237
-0.83676
-0.995484
-0.852127
-0.95969
-0.992865
-0.580434
-0.939145
-0.83729
-0.956809
-0.868746
-0.915094
-0.956553
-0.624824
-0.777332
-0.822949
-0.94664
-0.995435
-0.935315
-0.968241
-0.942676
-0.877296
-0.583248
-0.938404
-0.821958
-0.961582
-0.992584
-0.859994
-0.960157
-0.910703
-0.492623
-0.7753
-0.937789
-0.90813
-0.838462
-0.899177
-0.91738
-0.923936
-0.9313
-0.842216
-0.937933
-0.396914
-0.917121
-0.926552
-0.958687
-0.990015
-0.941869
-0.889694
-0.84479
-0.911962
-0.308672
-0.58706
-0.987128
-0.910271
-0.998484
-0.987089
-0.373995
-0.554547
-0.898525
-0.946497
-0.438772
-0.84246
-0.757066
-0.962679
-0.483488
-0.619565
-0.45756
-0.678053
-0.450269
-0.637055
-0.813088
-0.946901
-0.942759
-0.731978
-0.860321
-0.355416
-0.845432
-0.37803
-0.842419
-0.902323
0.385868
-0.771847
-0.936831
-0.957388
-0.997805
-0.984677
-0.940163
-0.954963
-0.793143
-0.877006
-0.913358
0.188431
-0.353724
-0.857221
-0.41217
-0.841322
-0.972344
-0.928996
-0.990422
-0.571691
-0.914775
-0.515611
-0.35054
-0.933831
-0.901814
-0.589597
-0.761381
-0.945868
-0.965371
-0.991454
-0.914066
-0.949558
-0.958983
-0.917526
-0.960475
-0.924863
-0.562712
-0.3774
-0.570022
-0.282762
-0.502537
-0.390889
-0.821292
-0.801559
-0.814804
-0.418749
-0.862219
-0.386142
0.346247
-0.923955
-0.770583
-0.956582
-0.910694
-0.85963
-0.823189
0.427951
-0.937187
-0.859388
-0.384762
-0.853424
-0.435602
-0.651457
-0.997365
-0.619759
-0.916414
-0.962317
-0.416664
-0.656864
-0.926856
-0.972035
-0.928823
-0.770118
-0.97852
-0.90011
-0.9916
-0.919466
-0.950148
-0.985337
-0.820175
-0.786733
-0.818089
-0.351902
0.374399
-0.897287
-0.807997
-0.374285
-0.586198
-0.985602
-0.951398
-0.386636
-0.552115
-0.927416
-0.595553
-0.920899
-0.994011
-0.933607
-0.895302
-0.58114
-0.591626
-0.925067
-0.612787
-0.923827
-0.958953
-0.400217
0.253329
-0.824521
-0.937017
-0.840752
-0.939395
-0.855392
-0.898087
-0.965742
-0.922288
-0.991885
-0.887951
-0.921049
-0.97201
-0.911097
-0.608333
-0.481085
0.418892
-0.357054
0.225626
-0.452065
-0.753779
-0.871062
-0.952174
-0.56387
-0.440078
-0.95867
-0.862171
-0.761937
-0.9327
-0.958106
-0.584807
-0.936237
-0.931161
-0.765491
-0.952695
-0.948274
-0.963457
-0.935735
-0.942559
0.299108
-0.738721
0.386646
-0.405051
-0.537904
-0.386626
-0.563434
-0.933757
-0.944666
-0.998423
-0.605835
-0.926338
-0.839127
-0.37856
-0.556631
-0.995465
-0.950035
-0.928567
-0.847618
-0.354648
-0.736387
-0.817164
-0.35251
-0.932079
-0.904951
-0.535543
-0.379167
-0.991718
-0.959633
-0.911844
-0.929397
-0.974362
-0.905469
-0.818602
-0.929966
-0.991023
-0.92664
-0.9061
-0.934246
-0.979888
-0.506978
-0.242423
-0.87876
-0.813868
-0.902334
-0.822069
-0.915621
-0.904153
-0.993438
-0.919882
-0.947856
0.443277
-0.437694
0.414455
-0.419614
-0.83709
-0.763803
-0.96759
-0.923214
-0.598742
-0.366414
-0.846565
-0.776566
-0.597629
-0.927459
-0.960619
-0.379091
0.241764
-0.92678
0.277462
-0.773487
-0.603847
-0.313856
-0.568193
-0.361345
-0.5801
-0.956167
-0.984263
-0.912181
-0.863477
-0.9516
-0.915861
-0.644129
-0.840428
-0.934453
-0.412233
-0.951963
-0.932893
-0.96077
-0.763551
-0.943592
-0.958629
-0.909613
-0.999404
-0.813087
-0.764
-0.630293
-0.94533
-0.921115
-0.960271
-0.991601
-0.994884
-0.807914
-0.892913
-0.548004
-0.955718
-0.991808
-0.823618
-0.907033
-0.834385
-0.962171
-0.9241
-0.984466
-0.999676
-0.608351
-0.31171
0.176252
-0.454673
-0.931864
-0.600549
-0.819859
-0.864694
-0.449385
-0.964789
-0.819999
-0.917918
-0.943919
-0.755456
-0.54582
-0.323797
-0.383222
-0.941452
-0.758476
-0.78916
-0.896744
-0.546192
-0.339843
-0.928579
-0.988647
-0.950348
-0.937916
-0.926865
-0.980621
-0.820552
-0.870781
-0.616124
-0.776218
-0.932706
-0.960564
-0.877266
-0.934828
-0.949597
-0.999898
-0.908535
-0.953323
-0.945049
-0.785803
-0.965417
-0.956345
-0.937656
-0.994862
-0.97736
-0.899028
-0.982144
-0.91977
-0.988519
0.226624
-0.38216
-0.830817
-0.918212
-0.914517
-0.699322
-0.544243
-0.528792
-0.663379
-0.961071
-0.888094
-0.830204
-0.985238
-0.49763
-0.878614
-0.540085
-0.764282
-0.961439
-0.917071
-0.957542
-0.981934
-0.902053
-0.939752
-0.379574
-0.94243
-0.378935
-0.839034
-0.746128
-0.630419
-0.908537
-0.906606
-0.985577
-0.818048
-0.442405
-0.951317
-0.988813
-0.950459
0.299247
-0.912009
-0.498236
-0.325274
0.44039
-0.722601
-0.556506
-0.271057
-0.516118
-0.995766
-0.894482
-0.91808
-0.982892
-0.828759
-0.972217
-0.923559
-0.825804
-0.939323
-0.613409
-0.999643
-0.393016
-0.64009
-0.815077
-0.951586
-0.992363
-0.892214
-0.81211
-0.953
-0.937189
-0.954421
-0.88696
-0.279666
-0.461184
-0.989031
-0.798756
-0.893669
-0.999112
-0.8825
-0.99665
-0.926442
-0.89631
-0.933096
-0.882594
-0.930598
-0.554437
-0.906366
-0.961677
-0.93848
-0.933512
-0.743058
-0.981573
-0.949438
0.194663
-0.470263
-0.661661
-0.473881
-0.652785
-0.820323
0.209893
-0.426499
-0.304516
-0.950614
-0.917666
-0.522879
-0.753347
-0.80736
-0.904894
-0.999094
-0.994351
-0.935721
-0.948281
-0.521116
-0.927755
-0.881429
-0.593821
-0.844654
-0.552474
-0.903048
-0.946458
-0.785076
-0.986646
-0.576637
-0.874696
-0.956384
-0.974341
-0.313123
-0.902502
-0.549213
-0.411028
-0.943303
-0.756568
-0.821167
-0.910544
-0.997008
-0.942907
-0.957023
-0.905292
-0.859503
-0.373429
-0.531064
-0.390172
-0.908946
-0.90231
-0.996411
-0.927569
-0.896984
-0.929522
-0.911694
-0.937852
-0.855311
-0.810968
-0.885161
-0.981931
-0.965031
-0.94733
0.40267
-0.935899
-0.550825
-0.440195
-0.635513
-0.401149
0.248216
-0.758524
-0.958483
-0.934876
-0.956302
-0.962537
-0.946555
-0.766394
-0.85726
-0.599574
-0.96776
-0.913938
-0.787989
-0.594396
-0.857089
-0.927569
-0.981308
-0.994882
-0.401547
-0.941536
-0.379997
-0.557107
-0.916493
-0.845145
-0.742023
-0.960337
-0.906981
-0.391802
-0.830611
-0.919817
-0.56148
-0.91901
-0.997504
-0.841069
-0.952138
-0.917927
-0.586213
-0.762036
-0.594559
-0.929803
-0.829122
-0.96328
-0.991503
-0.99156
-0.961353
-0.99702
-0.855711
-0.908203
-0.807174
-0.990356
-0.916718
-0.95751
-0.954856
-0.373797
-0.584182
-0.419991
-0.579495
-0.373759
-0.532487
-0.770881
-0.89577
-0.952889
-0.99583
-0.914142
-0.950747
-0.736286
-0.916981
-0.977448
-0.9953
-0.587325
-0.925265
-0.623621
-0.448164
-0.966239
-0.934219
-0.595128
-0.816448
-0.820947
-0.941655
0.249476
-0.409453
-0.853342
-0.404484
-0.863882
-0.997173
-0.961145
-0.913451
-0.999112
-0.907397
-0.943383
-0.769517
-0.904792
-0.951571
-0.994485
-0.973616
-0.913475
-0.99687
-0.953472
-0.934694
-0.625555
-0.434577
-0.581734
-0.517825
-0.603803
-0.454026
-0.860979
-0.749061
-0.84248
-0.367594
-0.818932
-0.351938
0.267306
-0.916841
-0.9565
-0.935585
-0.875617
-0.732045
0.300234
-0.902146
-0.834513
-0.440534
-0.863841
-0.332256
-0.571941
-0.977338
-0.502131
-0.902269
-0.94096
-0.391907
-0.578891
-0.889744
-0.813917
-0.935176
-0.939864
-0.985002
-0.939004
-0.970826
-0.998578
-0.95528
-0.937544
-0.875429
-0.771665
-0.872552
-0.463327
0.15349
-0.942152
-0.838418
-0.433884
-0.657113
-0.999531
-0.946115
-0.437181
-0.584128
-0.92642
-0.614663
-0.899506
-0.952369
-0.939503
-0.636519
-0.997307
-0.612676
-0.933898
-0.560639
-0.94299
-0.967318
-0.358076
0.368383
-0.829165
-0.926183
-0.822112
-0.913808
-0.85097
-0.931433
-0.945336
-0.978741
-0.941067
-0.936975
-0.634135
-0.475812
0.408855
-0.343853
0.225889
-0.490863
-0.802055
-0.886216
-0.942225
-0.604754
-0.411681
-0.976219
-0.984187
-0.931093
-0.966542
-0.791353
-0.969882
-0.957319
-0.956002
-0.943035
-0.512727
-0.990266
-0.944913
-0.927805
-0.833922
-0.939275
0.351901
-0.798952
0.299979
-0.431277
-0.584805
-0.394184
-0.661465
-0.936459
-0.95878
-0.671543
-0.972473
-0.82539
-0.454758
-0.982762
-0.87625
-0.792441
-0.311262
-0.752997
-0.843983
-0.350757
-0.945241
-0.895705
-0.520943
-0.441232
-0.990642
-0.975729
-0.946413
-0.92899
-0.919597
-0.985477
-0.934135
-0.99906
-0.894148
-0.935027
-0.903205
-0.948368
-0.982009
-0.547024
-0.423871
-0.910944
-0.845055
-0.927692
-0.854832
-0.929511
-0.911296
0.211226
-0.515265
0.243929
-0.460337
-0.875393
-0.779938
-0.956815
-0.926057
-0.591998
-0.954879
-0.92907
-0.576944
-0.992894
-0.828468
-0.899316
-0.381413
0.294009
-0.907944
0.310618
-0.706275
-0.527696
-0.390097
-0.62941
-0.338362
-0.608796
-0.946783
-0.98521
-0.92969
-0.840486
-0.939066
-0.932202
-0.940065
-0.929661
-0.814626
-0.969486
-0.971593
-0.993469
-0.843033
-0.92934
-0.871586
-0.782482
-0.60093
-0.957795
-0.928877
-0.981139
-0.944886
-0.92123
-0.601432
-0.953065
-0.999086
-0.820528
-0.902059
-0.840821
-0.669679
-0.45024
0.314311
-0.423109
-0.917354
-0.5577
-0.738412
-0.82922
-0.303098
-0.949263
-0.936964
-0.864055
-0.419872
-0.405427
-0.937641
-0.742052
-0.855812
-0.951685
-0.531527
-0.359764
-0.903074
-0.985041
-0.958775
-0.920064
-0.969199
-0.854999
-0.652419
-0.795915
-0.942085
-0.97445
-0.852879
-0.920983
-0.941113
-0.951486
-0.965395
-0.778819
-0.950683
-0.949735
-0.939945
-0.995495
-0.936713
-0.990823
-0.91105
0.282926
-0.458886
-0.871891
-0.965731
-0.954354
-0.778997
-0.631274
-0.831121
-0.99361
-0.941161
-0.884192
-0.663745
-0.804546
-0.983208
-0.938049
-0.981132
-0.326236
-0.906121
-0.956017
-0.980869
-0.909783
-0.375485
-0.956405
-0.401297
-0.842924
-0.760551
-0.579642
-0.939999
-0.945999
-0.986811
-0.858051
-0.951376
-0.919522
-0.810741
-0.900428
-0.489018
-0.972179
-0.291613
0.45065
-0.901849
-0.557262
-0.449061
0.322712
-0.761486
-0.54649
-0.364206
-0.626877
-0.951575
-0.978361
-0.995173
-0.861509
-0.947667
-0.924819
-0.626365
-0.830929
-0.959651
-0.912136
-0.880082
-0.901399
-0.886879
-0.788692
-0.889133
-0.931292
-0.911128
-0.998645
-0.326218
-0.566951
-0.986445
-0.818105
-0.92046
-0.929325
-0.941103
-0.580143
-0.930391
-0.962999
-0.958244
-0.943139
-0.752599
-0.956936
-0.936411
-0.971573
-0.376552
-0.93181
-0.82755
-0.999985
-0.609006
-0.457605
-0.40845
-0.938881
-0.917389
-0.579888
-0.812572
-0.829643
-0.930811
-0.998528
-0.602991
-0.842976
-0.926492
-0.953162
-0.830835
-0.604966
-0.922323
-0.960041
-0.781126
-0.997822
-0.925417
-0.959063
-0.9157
-0.828221
-0.357758
-0.987567
-0.566274
-0.412437
-0.917569
-0.577824
-0.324718
-0.957719
-0.763501
-0.824004
-0.931472
-0.998016
-0.922517
-0.918839
-0.920741
-0.835433
-0.402859
-0.901269
-0.90567
-0.996852
-0.927251
-0.92067
-0.942474
-0.900684
-0.835714
-0.925719
-0.996218
0.282457
-0.942437
-0.601806
-0.496179
-0.606489
-0.418428
0.348396
-0.793703
-0.854814
-0.633526
-0.959578
-0.940409
-0.77944
-0.630032
-0.86474
-0.954606
-0.976911
-0.910288
-0.989659
-0.402435
-0.964743
-0.381555
-0.558919
-0.922218
-0.839956
-0.785663
-0.946431
-0.912667
-0.43044
-0.881911
-0.891547
-0.564141
-0.99165
-0.843072
-0.963058
-0.939638
-0.60966
-0.75754
-0.635108
-0.953463
-0.870989
-0.97052
-0.996426
-0.968801
-0.999003
-0.863443
-0.926472
-0.867109
-0.997953
-0.931733
-0.959481
-0.972613
-0.403888
-0.664937
-0.440457
-0.61629
-0.379328
-0.612417
-0.999903
-0.941552
-0.961569
-0.798265
-0.943915
-0.944248
-0.993532
-0.95111
-0.911937
-0.602528
-0.939623
-0.605507
-0.395721
-0.960078
-0.928886
-0.597589
-0.745555
-0.82849
-0.908591
0.335165
-0.459213
-0.787894
-0.323036
-0.841354
-0.986217
-0.935148
-0.948044
-0.79508
-0.938074
-0.956048
-0.946299
-0.947083
-0.994642
-0.960315
-0.92072
-0.650258
-0.396368
-0.582591
-0.46648
-0.638329
-0.438769
-0.565496
-0.987833
-0.545194
-0.894845
-0.940663
-0.327223
-0.486859
-0.897714
-0.981078
-0.950769
-0.907356
-0.822212
-0.70142
0.330639
-0.903875
-0.805347
-0.39893
-0.835874
-0.263508
-0.926193
-0.974716
-0.788857
-0.931511
-0.948831
-0.589983
-0.966601
-0.453778
-0.689472
-0.940401
-0.62958
-0.944829
-0.970489
-0.932977
-0.881764
-0.796494
-0.848118
-0.416848
0.348573
-0.938288
-0.853939
-0.373092
0.328862
-0.852932
-0.906006
-0.816189
-0.925637
-0.840726
-0.90092
-0.950322
-0.933528
-0.552775
-0.992825
-0.55502
-0.91693
-0.567351
-0.907879
-0.961038
-0.411375
-0.940498
-0.930938
-0.998905
-0.948377
-0.989563
-0.652209
-0.422614
0.227832
-0.403586
0.261181
-0.925794
-0.995808
-0.9245
-0.961792
-0.808709
-0.959063
-0.977808
-0.953388
-0.936226
-0.964471
-0.98211
-0.548151
-0.899061
-0.825592
-0.37027
-0.633412
-0.958898
-0.926938
-0.862029
-0.927437
0.443241
-0.775317
0.276377
-0.511477
-0.541381
-0.41753
-0.619491
-0.322828
-0.994062
-0.958475
-0.939825
-0.934781
-0.932418
-0.822566
-0.402555
-0.733598
-0.86942
-0.433828
-0.953676
-0.928488
-0.577805
-0.941012
-0.929192
-0.993892
-0.922099
-0.836105
-0.90122
-0.90446
-0.94586
-0.950941
-0.922274
-0.941855
-0.586415
-0.42377
-0.92667
-0.830636
0.313548
-0.46512
0.196093
-0.454527
-0.558333
-0.960376
-0.984625
-0.91395
-0.80977
-0.96237
-0.905232
-0.578724
-0.981044
-0.82033
-0.929518
-0.322303
0.467456
-0.897146
0.346478
-0.726424
-0.515572
-0.431517
-0.580559
-0.304183
-0.956868
-0.941352
-0.926647
-0.931474
-0.82532
-0.991791
-0.976503
-0.948109
-0.867386
-0.930415
-0.890545
-0.805338
-0.602528
-0.967889
-0.913953
-0.843748
-0.947976
-0.926149
-0.552676
-0.952344
-0.997722
-0.832688
-0.938184
-0.598368
-0.357461
0.278431
-0.367883
-0.930617
-0.999269
-0.9456
-0.907439
-0.917355
-0.991305
-0.824062
-0.342272
-0.431283
-0.946469
-0.750431
-0.859603
-0.927739
-0.560833
-0.848274
-0.986413
-0.928464
-0.96994
-0.830415
-0.613203
-0.820617
-0.925078
-0.970759
-0.901163
-0.999495
-0.934463
-0.953714
-0.962797
-0.755851
-0.961451
-0.939258
-0.919857
-0.905292
-0.996094
0.290388
-0.444752
-0.960447
-0.99799
-0.836972
-0.996851
-0.909597
-0.840783
-0.605571
-0.802834
-0.963268
-0.911764
-0.918534
-0.994636
-0.852242
-0.468297
-0.923934
-0.960203
-0.945309
-0.372183
-0.968442
-0.47547
-0.90399
-0.768651
-0.639942
-0.947472
-0.544159
-0.930609
-0.978064
-0.864812
-0.951045
-0.907403
-0.84502
-0.92391
-0.584835
-0.992212
-0.997799
-0.31475
0.256354
-0.929371
-0.533929
-0.444059
0.215532
-0.760946
-0.57949
-0.370013
-0.868195
-0.950286
-0.913861
-0.583549
-0.826921
-0.960071
-0.993394
-0.940556
-0.923759
-0.949655
-0.914674
-0.927257
-0.869384
-0.922251
-0.963192
-0.911931
-0.423814
-0.639758
-0.847049
-0.921062
-0.59519
-0.923686
-0.997944
-0.92794
-0.957878
-0.420799
-0.919158
-0.864631
-0.570265
-0.390181
-0.438321
-0.958383
-0.923346
-0.677206
-0.81131
-0.837441
-0.994031
-0.618532
-0.834052
-0.910585
-0.998079
-0.96315
-0.823494
-0.600381
-0.947252
-0.93839
-0.772241
-0.905544
-0.925497
-0.963592
-0.938065
-0.867858
-0.447814
-0.991084
-0.58822
-0.481536
-0.917359
-0.682446
-0.474116
-0.967505
-0.81138
-0.840351
-0.946474
-0.936307
-0.938792
-0.92811
-0.860395
-0.457151
-0.936045
-0.941884
-0.986303
-0.96452
-0.941863
-0.863169
-0.935406
-0.571285
-0.836591
-0.907689
-0.945466
-0.988249
-0.995106
-0.836937
-0.642994
-0.950182
-0.94342
-0.760507
-0.970333
-0.932501
-0.362366
-0.806623
-0.918656
-0.592397
-0.987012
-0.945864
-0.364288
-0.96243
-0.425317
-0.654693
-0.914114
-0.85493
-0.799536
-0.531939
-0.921457
-0.865343
-0.959718
-0.996232
-0.992452
-0.858064
-0.939433
-0.935602
-0.575504
-0.748922
-0.849898
-0.953773
-0.914448
-0.936953
-0.928122
-0.865387
-0.998323
-0.96446
-0.498935
-0.599483
-0.43647
-0.578648
-0.404776
-0.581811
-0.764043
-0.945181
-0.954535
-0.747826
-0.849124
-0.467354
-0.848457
-0.374073
-0.862291
-0.933866
0.227476
-0.754514
-0.930935
-0.954223
-0.986086
-0.999262
-0.915707
-0.945396
-0.986719
-0.968005
-0.953962
-0.941593
-0.906733
-0.762794
-0.921489
-0.949043
-0.98833
-0.933372
-0.968817
-0.624966
-0.377145
-0.560392
-0.4187
-0.593134
-0.426667
-0.888623
-0.791408
-0.864871
-0.4089
-0.863111
-0.440918
0.40608
-0.940778
-0.766196
-0.961148
-0.923634
-0.84766
-0.719166
0.315374
-0.90133
-0.847154
-0.371327
-0.816965
-0.385395
-0.562454
-0.980349
-0.543099
-0.899581
-0.945546
-0.340852
-0.537254
-0.923158
-0.994065
-0.946376
-0.89949
-0.938525
-0.980266
-0.934661
-0.928694
-0.812778
-0.785821
-0.874725
-0.338173
0.342869
-0.925703
-0.843896
-0.469241
-0.628706
-0.968904
-0.440265
-0.626558
-0.949085
-0.605753
-0.922531
-0.992039
-0.955481
-0.905251
-0.538204
-0.97853
-0.546166
-0.917328
-0.600831
-0.921452
-0.93877
-0.385732
0.316009
-0.831083
-0.906076
-0.820776
-0.928994
-0.824414
-0.937496
-0.965749
-0.917178
-0.644698
-0.487447
0.476681
-0.435379
0.228998
-0.494744
-0.771424
-0.833305
-0.929515
-0.547056
-0.464698
-0.956443
-0.847952
-0.810431
-0.937735
-0.964562
-0.634635
-0.945024
-0.953733
-0.813824
-0.944286
-0.975238
-0.974643
-0.923742
-0.985856
-0.89036
-0.943958
-0.976363
-0.519591
-0.37993
-0.994832
-0.882421
-0.81676
-0.913124
-0.799842
-0.893943
-0.906802
-0.885184
-0.917174
-0.283899
-0.74111
-0.82358
-0.337451
-0.939205
-0.912983
-0.510726
-0.314766
-0.974801
-0.95094
-0.903287
-0.903236
-0.991199
-0.979588
-0.933116
-0.82451
-0.926024
-0.990874
-0.992403
-0.925467
0.34382
-0.38827
0.285983
-0.386328
-0.860167
-0.776763
-0.959531
-0.92187
-0.598879
-0.414348
-0.840517
-0.781386
-0.571629
-0.912156
-0.953655
-0.414167
0.27814
-0.918721
0.327636
-0.782583
-0.615532
-0.471871
-0.579064
-0.406807
-0.55664
-0.949585
-0.994061
-0.917319
-0.828951
-0.957928
-0.933518
-0.55602
-0.984261
-0.806214
-0.916634
-0.326149
-0.799749
-0.767106
-0.556377
-0.964917
-0.924836
-0.95751
-0.991639
-0.837577
-0.914775
-0.595624
-0.953662
-0.861232
-0.929788
-0.846696
-0.942796
-0.92228
-0.544945
-0.399041
0.356041
-0.424599
-0.920376
-0.545368
-0.760018
-0.832455
-0.425703
-0.955511
-0.844499
-0.933842
-0.962139
-0.772251
-0.622878
-0.362206
-0.374892
-0.957453
-0.785305
-0.860582
-0.914255
-0.569054
-0.285774
-0.901133
-0.987852
-0.93831
-0.898293
-0.910046
-0.975159
-0.810783
-0.893862
-0.958984
-0.944476
-0.73469
-0.959337
-0.951691
-0.919287
-0.990513
-0.997058
-0.918231
-0.999604
-0.914553
0.308715
-0.300518
-0.838892
-0.947373
-0.899847
-0.741583
-0.563066
-0.428634
-0.614708
-0.937589
-0.837602
-0.792531
-0.968385
-0.379182
-0.852508
-0.615738
-0.811649
-0.96179
-0.92714
-0.935997
-0.990542
-0.85506
-0.920019
-0.938239
-0.940304
-0.443009
-0.643724
-0.996441
-0.833646
-0.930388
-0.908889
-0.967157
-0.933603
-0.919565
-0.809879
-0.894753
0.455141
-0.943861
-0.639448
-0.441279
0.304692
-0.801896
-0.6512
-0.384723
-0.561777
-0.926218
-0.947133
-0.846626
-0.952081
-0.94143
-0.845047
-0.940848
-0.652414
-0.996079
-0.436133
-0.631634
-0.863544
-0.980811
-0.939891
-0.851739
-0.97586
-0.941989
-0.566636
-0.931926
-0.954717
-0.954771
-0.952517
-0.779984
-0.952796
-0.907385
0.307036
-0.364981
-0.609825
-0.378164
-0.559364
-0.773545
0.368531
-0.444639
-0.426482
-0.964518
-0.937683
-0.650114
-0.782573
-0.856457
-0.913428
-0.99603
-0.931643
-0.973698
-0.390261
-0.916167
-0.853492
-0.994935
-0.577175
-0.854677
-0.947415
-0.989109
-0.941135
-0.887273
-0.993875
-0.271094
-0.935617
-0.597314
-0.374438
-0.95993
-0.796728
-0.837885
-0.920564
-0.996605
-0.893517
-0.959512
-0.906649
-0.839972
-0.395272
-0.99876
-0.573791
-0.439211
-0.928984
-0.945939
-0.967609
-0.929381
-0.911299
-0.934049
-0.909869
-0.849218
0.153283
-0.928731
-0.610943
-0.358332
-0.59995
-0.406044
0.123915
-0.789074
-0.97305
-0.91597
-0.959381
-0.945298
-0.961472
-0.768962
-0.832809
-0.611499
-0.969753
-0.936914
-0.787616
-0.547636
-0.825115
-0.913591
-0.949437
-0.993463
-0.983529
-0.917953
-0.859028
-0.918102
-0.955541
-0.797262
-0.960052
-0.908199
-0.540031
-0.769508
-0.593271
-0.931261
-0.840851
-0.95507
-0.986995
-0.988081
-0.951186
-0.85069
-0.976312
-0.485156
-0.592694
-0.408157
-0.665765
-0.579783
-0.62643
-0.805841
-0.944148
-0.963064
-0.994091
-0.949491
-0.974261
-0.764761
-0.93128
-0.962786
-0.917851
-0.941593
-0.97347
-0.937243
-0.994762
-0.934264
-0.998088
-0.976233
-0.82154
-0.94272
-0.922345
-0.544511
-0.432616
-0.641317
-0.378406
-0.556901
-0.425488
-0.852552
-0.764385
-0.799557
-0.436892
-0.859815
-0.29897
0.369207
-0.915396
-0.992353
-0.972858
-0.945872
-0.869399
-0.77191
0.284806
-0.928305
-0.862365
-0.416784
-0.866797
-0.449015
-0.664101
-0.622459
-0.940294
-0.985517
-0.445877
-0.635559
-0.94116
-0.987579
-0.893411
-0.946235
-0.952899
-0.902491
-0.989375
-0.948817
-0.923564
-0.825244
-0.762568
-0.832452
-0.399079
0.379531
-0.918728
-0.827945
-0.351186
-0.496049
-0.997277
-0.943859
-0.368688
-0.526722
-0.885378
-0.516619
-0.923316
-0.963937
-0.924495
-0.606324
-0.539425
-0.926787
-0.612954
-0.917146
-0.960221
-0.379809
0.335663
-0.842212
-0.925928
-0.827222
-0.89651
-0.837073
-0.910583
-0.519352
-0.374987
0.262932
-0.451597
0.407231
-0.425219
-0.736993
-0.821062
-0.917861
-0.59218
-0.391214
-0.943562
-0.911608
-0.969803
-0.725875
-0.969734
-0.943015
-0.934403
-0.920032
-0.989849
-0.920424
-0.962057
-0.939032
-0.951095
-0.592894
-0.420293
-0.915347
-0.850521
-0.947797
-0.860683
-0.926715
-0.930988
-0.999793
-0.918713
-0.853748
-0.428601
-0.774724
-0.85326
-0.348471
-0.969383
-0.926198
-0.542207
-0.367081
-0.995536
-0.959918
-0.911276
-0.922857
-0.928026
-0.989769
-0.909647
0.319309
-0.347368
0.385639
-0.376799
-0.840516
-0.99968
-0.762068
-0.960047
-0.907947
-0.555935
-0.961083
-0.921541
-0.631649
-0.889759
-0.942908
-0.483412
0.239175
-0.918898
0.301066
-0.789337
-0.622015
-0.410686
-0.619299
-0.41182
-0.618224
-0.958588
-0.918796
-0.849188
-0.980422
-0.988056
-0.815913
-0.919464
-0.820762
-0.78661
-0.569779
-0.950443
-0.904832
-0.935066
-0.99853
-0.975028
-0.931647
-0.610645
-0.946908
-0.865507
-0.934917
-0.850008
-0.616597
-0.474723
0.266849
-0.414662
-0.909188
-0.578955
-0.787489
-0.849594
-0.419225
-0.956712
-0.938933
-0.864989
-0.401202
-0.432743
-0.956835
-0.780768
-0.848757
-0.927738
-0.562896
-0.423527
-0.925158
-0.953608
-0.917991
-0.997411
-0.99309
-0.927614
-0.94154
-0.972682
-0.786617
-0.931062
-0.958073
-0.911445
-0.996405
-0.937826
-0.931352
0.318665
-0.434743
-0.871142
-0.947926
-0.925692
-0.786479
-0.612128
-0.860752
-0.93355
-0.836295
-0.526206
-0.752032
-0.953512
-0.91713
-0.967773
-0.918276
-0.908361
-0.832161
-0.924443
-0.964462
-0.91569
-0.349308
-0.591186
-0.824837
-0.932527
-0.936956
-0.963351
-0.933873
-0.919108
-0.834604
-0.900555
-0.551129
-0.987575
-0.389936
0.356768
-0.922211
-0.578662
-0.413446
0.381257
-0.793199
-0.573265
-0.325345
-0.603436
-0.935651
-0.955397
-0.995101
-0.843703
-0.941465
-0.922608
-0.597862
-0.826139
-0.948807
-0.995984
-0.924982
-0.846028
-0.638604
-0.951847
-0.951811
-0.951938
-0.953905
-0.76962
-0.966494
-0.930043
-0.919025
-0.403424
-0.935212
-0.834444
-0.987646
-0.587307
-0.375217
-0.990548
-0.254357
-0.931162
-0.907217
-0.475332
-0.722881
-0.819823
-0.929078
-0.985293
-0.956255
-0.940594
-0.829189
-0.930946
-0.996603
-0.896688
-0.93718
-0.92201
-0.793637
-0.295388
-0.986339
-0.570343
-0.399726
-0.913644
-0.535723
-0.333104
-0.956425
-0.730231
-0.805822
-0.919697
-0.983891
-0.899068
-0.880966
-0.91522
-0.805279
-0.297817
-0.878819
-0.994945
-0.88729
-0.973918
-0.941131
-0.906766
0.293361
-0.919594
-0.532238
-0.386381
-0.600544
-0.410441
0.238269
-0.760687
-0.849987
-0.588731
-0.959671
-0.923514
-0.753273
-0.619835
-0.842158
-0.923224
-0.95298
-0.999593
-0.916292
-0.838478
-0.992705
-0.928033
-0.948494
-0.847385
-0.959406
-0.938598
-0.589368
-0.770022
-0.533142
-0.933235
-0.836006
-0.96005
-0.967861
-0.999082
-0.843352
-0.946977
-0.356571
-0.556176
-0.36205
-0.616681
-0.439828
-0.550329
-0.985236
-0.925488
-0.93902
-0.773993
-0.907899
-0.963777
-0.966243
-0.934295
-0.966186
-0.914829
-0.991767
-0.927679
-0.96207
-0.749561
-0.917801
-0.96843
-0.993782
-0.523232
-0.44487
-0.59245
-0.289362
-0.570867
-0.363795
-0.65736
-0.600465
-0.9335
-0.969057
-0.464696
-0.616827
-0.933425
-0.959253
-0.920154
-0.86552
-0.818976
0.223239
-0.924336
-0.865526
-0.459554
-0.851954
-0.445434
-0.975056
-0.928808
-0.990251
-0.891888
-0.924466
-0.493556
-0.963486
-0.416656
-0.575291
-0.921795
-0.614872
-0.914707
-0.999072
-0.953824
-0.935846
-0.791591
-0.771196
-0.812793
-0.348488
0.458638
-0.882252
-0.829528
-0.333715
0.204946
-0.85348
-0.947233
-0.874904
-0.929933
-0.853557
-0.935395
-0.959427
-0.90223
-0.551052
-0.995766
-0.609426
-0.916616
-0.556881
-0.908531
-0.959317
-0.402404
-0.544687
-0.363934
0.360263
-0.358846
0.38127
-0.917917
-0.996471
-0.979557
-0.994167
-0.913903
-0.957254
-0.733027
-0.976241
-0.943075
-0.940093
-0.915027
-0.875074
-0.967444
-0.934626
-0.922571
-0.951065
-0.941925
-0.962065
-0.990443
-0.578595
-0.363098
-0.916212
-0.818007
-0.412279
-0.956444
-0.922301
-0.93278
-0.994683
-0.898236
-0.836211
-0.259756
-0.745794
-0.828189
-0.353001
-0.932109
-0.914605
-0.617812
-0.921135
-0.886486
-0.99096
0.288448
-0.365039
0.376121
-0.405714
-0.610893
-0.956758
-0.944668
-0.852591
-0.955724
-0.916996
-0.602201
-0.990015
-0.832281
-0.91894
-0.317085
0.298216
-0.942876
0.311925
-0.760778
-0.600416
-0.377644
-0.552474
-0.421401
-0.998042
-0.950509
-0.848265
-0.937565
-0.809485
-0.783871
-0.581687
-0.959549
-0.939558
-0.874862
-0.969481
-0.918616
-0.583454
-0.974277
-0.999578
-0.832801
-0.926955
-0.584685
-0.420427
0.31463
-0.362613
-0.914198
-0.996658
-0.970295
-0.921966
-0.936175
-0.825089
-0.429999
-0.355839
-0.947993
-0.748054
-0.833467
-0.910487
-0.5623
-0.984129
-0.902154
-0.990206
-0.898167
-0.953147
-0.958287
-0.765186
-0.964895
-0.96264
-0.933398
-0.917781
-0.988594
0.322458
-0.368268
-0.95324
-0.991792
-0.811034
-0.984056
-0.89104
-0.842188
-0.535226
-0.749259
-0.935146
-0.904944
-0.946652
-0.969813
-0.934073
-0.927003
-0.872592
-0.941512
-0.985389
-0.93549
-0.432366
-0.60752
-0.85703
-0.913128
-0.599436
-0.920118
-0.951394
-0.858045
-0.961436
-0.917355
-0.864606
-0.921453
-0.566868
-0.45011
0.413475
-0.919066
-0.585639
-0.362064
0.447083
-0.733245
-0.578107
-0.45034
-0.832443
-0.941094
-0.886072
-0.491697
-0.824314
-0.915822
-0.971364
-0.893713
-0.587802
-0.92413
-0.990331
-0.9188
-0.932935
-0.336946
-0.904694
-0.819428
-0.991321
-0.502947
-0.401934
-0.360182
-0.940526
-0.922129
-0.549658
-0.732617
-0.834995
-0.956393
-0.937149
-0.85806
-0.926035
-0.924975
-0.928071
-0.961234
-0.937985
-0.851818
-0.399363
-0.998373
-0.623244
-0.350807
-0.927807
-0.591448
-0.36851
-0.944246
-0.773822
-0.86994
-0.930761
-0.9219
-0.909324
-0.917185
-0.816913
-0.330897
-0.927544
-0.891517
-0.990354
-0.943564
-0.601442
-0.847935
-0.940357
-0.956487
-0.985562
-0.85332
-0.557184
-0.947227
-0.918302
-0.759414
-0.998063
-0.927345
-0.978023
-0.906415
-0.793104
-0.970024
-0.515945
-0.920095
-0.829179
-0.962145
-0.991111
-0.790613
-0.936415
-0.915971
-0.563388
-0.769994
-0.850443
-0.940171
-0.992732
-0.973031
-0.419121
-0.663875
-0.430932
-0.697419
-0.479183
-0.604034
-0.754452
-0.925299
-0.95315
-0.776792
-0.888059
-0.410839
-0.835309
-0.308161
-0.850067
-0.921071
0.313799
-0.985548
-0.971877
-0.92578
-0.92728
-0.930067
-0.823161
-0.950308
-0.933939
-0.934966
-0.974602
-0.555132
-0.388904
-0.60669
-0.379634
-0.618448
-0.356565
-0.840574
-0.72157
-0.820296
-0.341181
-0.818584
-0.346071
0.403667
-0.922537
-0.801981
-0.950266
-0.930864
-0.662673
-0.60749
-0.923095
-0.568584
-0.917929
-0.962762
-0.377552
0.341004
-0.835013
-0.938735
-0.830737
-0.930191
-0.866054
-0.911331
-0.954559
-0.940931
-0.990423
-0.913534
-0.944489
-0.966956
-0.907042
-0.837196
-0.758902
-0.818714
-0.415078
0.39161
-0.928977
-0.825381
-0.351745
-0.523161
-0.99788
-0.933053
-0.349385
-0.536992
-0.922436
-0.568577
-0.926224
-0.990986
-0.969483
-0.937484
-0.54518
-0.40534
0.244221
-0.334945
0.313691
-0.393773
-0.776472
-0.829804
-0.919249
-0.593895
-0.359989
-0.964952
-0.839498
-0.749667
-0.997938
-0.890522
-0.947796
-0.520137
-0.924878
-0.994646
-0.913137
-0.899803
-0.967796
-0.58606
-0.4021
-0.934679
-0.868992
-0.936708
-0.86689
-0.940482
-0.932519
-0.919083
-0.947433
-0.379155
-0.770236
-0.846426
-0.431518
-0.962598
-0.906336
-0.614208
-0.434412
-0.996705
-0.953457
-0.923704
-0.921502
-0.901961
-0.840869
0.298911
-0.378604
0.35133
-0.376088
-0.861987
-0.777946
-0.959387
-0.919989
-0.559521
-0.346934
-0.842032
-0.749306
-0.598826
-0.907228
-0.950177
-0.422575
-0.530537
-0.937571
-0.980792
-0.820875
-0.898177
-0.828059
-0.992947
-0.938233
-0.900492
-0.991139
-0.832585
-0.733621
-0.507474
-0.923108
-0.909634
-0.945835
-0.986945
-0.98264
-0.830682
-0.911343
-0.637216
-0.379712
0.25803
-0.484431
-0.947704
-0.620771
-0.796749
-0.867416
-0.412301
-0.976423
-0.834641
-0.912666
-0.925509
-0.696978
-0.542733
-0.917432
-0.991025
-0.928251
-0.999763
-0.929035
-0.956101
-0.956174
-0.775771
-0.945482
-0.966604
-0.936461
-0.992172
0.293644
-0.447361
-0.864975
-0.955974
-0.921289
-0.773038
-0.584213
-0.40622
-0.623593
-0.914002
-0.860784
-0.783921
-0.958133
-0.453407
-0.584698
-0.811807
-0.933267
-0.977922
-0.893674
-0.820537
-0.999114
-0.92566
-0.917587
-0.941226
-0.917294
-0.381161
-0.594126
-0.996131
-0.849927
-0.931124
-0.921632
-0.950238
-0.910434
-0.904488
-0.841654
-0.908348
0.364841
-0.881874
-0.542322
-0.355839
0.364193
-0.750024
-0.486977
-0.368664
-0.575286
-0.903823
-0.943951
-0.996626
-0.809772
-0.947763
-0.880611
-0.84495
-0.892469
-0.544463
-0.987501
-0.364594
-0.571793
-0.922651
-0.961702
-0.956894
-0.956844
-0.76348
-0.955846
-0.927539
0.249864
-0.395183
-0.551058
-0.419838
-0.565891
-0.76614
0.268841
-0.419286
-0.923448
-0.926457
-0.953888
-0.926071
-0.907323
-0.902464
-0.926428
-0.853915
-0.844365
-0.915255
-0.940495
-0.909921
-0.404901
-0.920167
-0.606313
-0.384855
-0.960156
-0.745906
-0.8476
-0.918513
-0.993934
-0.914132
-0.940919
-0.935257
-0.82652
-0.383548
-0.999174
-0.58426
0.238635
-0.907943
-0.619619
-0.369175
-0.580228
-0.419408
0.396584
-0.794116
-0.962902
-0.923241
-0.949647
-0.929105
-0.957935
-0.742753
-0.959703
-0.986769
-0.835007
-0.921118
-0.839301
-0.938689
-0.97006
-0.842555
-0.952066
-0.923377
-0.600345
-0.786374
-0.609032
-0.922811
-0.857247
-0.959175
-0.954134
-0.439226
-0.616009
-0.444459
-0.60045
-0.407591
-0.613113
-0.788607
-0.92692
-0.937639
-0.942727
-0.900045
-0.99189
-0.964633
-0.925787
-0.99304
-0.935292
-0.961629
-0.781573
-0.941886
-0.955037
-0.578729
-0.325302
-0.546319
-0.35685
-0.569482
-0.428006
-0.841379
-0.792927
-0.852103
-0.477093
-0.90068
-0.357871
0.194551
-0.942243
-0.961987
-0.996217
-0.902238
-0.54902
-0.99584
-0.608845
-0.944138
-0.614048
-0.92661
-0.948439
-0.378858
0.176012
-0.855423
-0.961948
-0.898083
-0.935442
-0.87987
-0.948197
-0.910178
-0.952213
-0.980116
-0.905247
-0.992934
-0.94252
-0.90131
-0.811914
-0.788081
-0.816073
-0.395217
0.231648
-0.918327
-0.844554
-0.399083
-0.59022
-0.966847
-0.474281
-0.616445
-0.923531
-0.594799
-0.919024
-0.6025
-0.454268
0.3789
-0.42588
0.161645
-0.489164
-0.795877
-0.879171
-0.965472
-0.593002
-0.458438
-0.976505
-0.916292
-0.998401
-0.995174
-0.929233
-0.997853
-0.890953
-0.944587
-0.895488
-0.951411
-0.988413
-0.555962
-0.338347
-0.898097
-0.816175
-0.890746
-0.83323
-0.904139
-0.897415
-0.975583
-0.928721
-0.826813
-0.348227
-0.724529
-0.841937
-0.434099
-0.949768
-0.918572
-0.593395
-0.403241
-0.965604
-0.92105
-0.919206
0.350483
-0.373968
0.363818
-0.429953
-0.836019
-0.793648
-0.981292
-0.892709
-0.563536
-0.940935
-0.906842
-0.572451
-0.954814
-0.840098
-0.906871
-0.852146
-0.992759
-0.990927
-0.826407
-0.909723
-0.820921
-0.763431
-0.608453
-0.95331
-0.92468
-0.953332
-0.999677
-0.578243
-0.377546
0.28467
-0.384137
-0.91877
-0.608563
-0.820407
-0.80053
-0.330348
-0.964405
-0.914779
-0.995671
-0.926485
-0.998015
-0.994244
-0.915618
-0.961492
-0.954207
-0.800174
-0.952104
-0.958059
-0.921884
-0.993299
0.249788
-0.440825
-0.853383
-0.961675
-0.938957
-0.769445
-0.620897
-0.960545
-0.91132
-0.578134
-0.852474
-0.961032
-0.919382
-0.85223
-0.915093
-0.904597
-0.821526
-0.925346
-0.945516
-0.929188
-0.39322
-0.590602
-0.830433
-0.915878
-0.918867
-0.941641
-0.945695
-0.915694
-0.814301
-0.926248
-0.617295
-0.389232
0.379292
-0.937819
-0.54739
-0.415077
0.260081
-0.786583
-0.605721
-0.460322
-0.6111
-0.936295
-0.954548
-0.992273
-0.842788
-0.630307
-0.927365
-0.956602
-0.971796
-0.952436
-0.790488
-0.943379
-0.933947
-0.927624
-0.904993
-0.831194
-0.408622
-0.935028
-0.927429
-0.957428
-0.93963
-0.947016
-0.91006
-0.854506
-0.93269
-0.996893
-0.912318
-0.953938
-0.910057
-0.843016
-0.400173
-0.986312
-0.593798
-0.390142
-0.91753
-0.611871
-0.458281
-0.969785
-0.790496
-0.877785
-0.938397
0.420527
-0.936717
-0.566503
-0.441974
-0.651729
-0.325078
0.335139
-0.782441
-0.965932
-0.999213
-0.865636
-0.934723
-0.847303
-0.998405
-0.997951
-0.91606
-0.936743
-0.855107
-0.954102
-0.942381
-0.679
-0.795567
-0.600032
-0.940078
-0.843047
-0.966395
-0.994369
-0.96949
-0.406113
-0.574905
-0.421223
-0.555213
-0.341355
-0.608097
-0.999561
-0.937631
-0.938762
-0.990111
-0.964397
-0.923033
-0.949902
-0.964546
-0.792343
-0.922602
-0.947429
-0.645019
-0.38831
-0.668876
-0.428484
-0.619222
-0.493017
0.395851
-0.840164
-0.908168
-0.845378
-0.921184
-0.845951
-0.919937
-0.959187
-0.895445
-0.53437
-0.995095
-0.516154
-0.92072
-0.567508
-0.909159
-0.947368
-0.387437
-0.96152
-0.94147
-0.917333
-0.959038
-0.635396
-0.991742
-0.965862
-0.418017
-0.574298
-0.933742
-0.566128
-0.931882
-0.992979
-0.971789
-0.915716
-0.855188
-0.745293
-0.877425
-0.366683
0.177157
-0.933007
-0.854895
-0.433715
-0.561572
-0.409017
0.277691
-0.388405
0.324606
-0.937429
-0.918387
-0.999321
-0.903257
-0.863176
-0.920111
-0.949402
-0.934357
-0.97713
-0.90064
-0.971936
-0.99879
-0.597341
-0.375717
-0.929099
-0.852697
-0.470544
-0.97539
-0.935399
-0.934253
-0.946753
-0.842011
-0.410012
-0.821818
-0.852652
-0.387657
-0.960993
-0.93943
-0.610408
0.155232
-0.295685
0.33714
-0.390504
-0.829676
-0.973778
-0.92152
-0.63019
-0.950256
-0.874064
-0.931819
-0.9887
-0.95744
-0.999152
-0.893245
-0.928897
-0.848994
-0.794097
-0.598753
-0.967182
-0.915547
-0.60286
-0.469909
0.321583
-0.941174
-0.958404
-0.988832
-0.995993
-0.940429
-0.998529
-0.985432
-0.946716
-0.946364
-0.983818
-0.818888
-0.942323
-0.971144
0.444568
-0.399544
-0.852332
-0.963637
-0.904582
-0.542393
-0.851703
-0.970213
-0.945097
-0.950729
-0.989442
-0.956936
-0.939374
-0.86771
-0.955604
-0.950781
-0.956794
-0.44362
-0.596765
-0.999288
-0.861965
-0.943076
-0.657132
-0.947109
-0.965084
-0.872527
-0.959428
-0.940122
-0.860628
-0.929946
-0.634936
-0.416968
0.197338
-0.939097
-0.696826
-0.435799
0.299145
-0.808208
-0.647803
-0.450553
-0.598626
-0.928774
-0.930185
-0.948243
-0.940525
-0.847888
-0.461862
-0.934157
-0.955052
-0.977583
-0.970653
-0.936607
-0.842784
-0.90956
-0.997457
-0.937755
-0.931838
-0.97827
-0.932418
-0.876038
-0.540004
-0.637395
-0.450453
-0.951336
-0.656261
-0.43952
-0.969486
-0.815725
-0.850062
-0.866359
-0.962508
-0.998653
-0.927355
-0.944838
-0.920655
-0.832103
-0.995157
-0.624088
-0.941992
-0.85192
-0.959061
-0.999115
-0.851258
-0.977417
-0.933712
-0.609595
-0.789973
-0.972582
-0.448837
-0.550748
-0.421597
-0.612959
-0.409458
-0.623955
-0.80407
-0.955513
-0.933986
-0.733075
-0.840136
-0.315447
-0.822628
-0.311144
-0.827953
-0.904495
0.362564
-0.781957
-0.915667
-0.975781
-0.995692
-0.985423
-0.895837
-0.952682
-0.800651
-0.860372
-0.943595
0.207336
-0.399224
-0.874804
-0.399212
-0.870028
-0.966404
-0.937111
-0.565101
-0.947597
-0.563311
-0.470892
-0.972144
-0.931902
-0.635439
-0.607005
-0.423886
-0.598495
-0.387354
-0.57498
-0.478289
-0.861765
-0.722119
-0.836637
-0.379235
-0.835824
-0.410512
0.221149
-0.933556
-0.782113
-0.954262
-0.93408
-0.877526
-0.787882
0.334106
-0.927484
-0.871151
-0.404192
-0.837323
-0.400306
-0.59279
-0.983615
-0.510238
-0.91701
-0.947289
-0.357758
-0.589911
-0.887843
-0.999712
-0.962806
-0.927136
-0.80285
-0.963079
-0.918154
-0.993549
-0.924155
-0.958686
-0.996526
-0.52902
-0.300251
0.460032
-0.354975
0.33716
-0.397491
-0.769534
-0.849588
-0.912468
-0.613498
-0.475459
-0.96157
-0.83573
-0.759136
-0.914643
-0.950614
-0.60822
-0.937663
-0.953933
-0.743007
-0.958406
-0.953157
-0.94301
-0.918349
-0.983015
-0.989436
-0.916032
0.292594
-0.769422
0.415543
-0.344446
-0.595831
-0.342168
-0.573949
-0.915224
-0.965379
-0.995308
-0.575762
-0.907708
-0.859015
-0.388058
-0.541087
-0.94776
-0.935182
-0.857743
0.269977
-0.340873
0.458124
-0.391583
-0.83352
-0.74294
-0.935979
-0.920204
-0.614639
-0.420297
-0.825741
-0.773446
-0.563494
-0.926185
-0.955981
-0.332087
0.100124
-0.939269
0.318306
-0.791596
-0.624347
-0.434723
-0.61669
-0.340692
-0.55663
-0.931054
-0.996205
-0.924677
-0.840895
-0.967036
-0.936954
-0.596881
-0.887444
-0.931091
-0.456955
-0.967388
-0.911215
-0.968726
-0.71389
-0.921134
-0.931459
-0.984225
-0.899147
-0.996781
-0.530077
-0.386119
0.485891
-0.317279
-0.990445
-0.887696
-0.53749
-0.704858
-0.819677
-0.385167
-0.934009
-0.863045
-0.917436
-0.971696
-0.790886
-0.599619
-0.536137
-0.409057
-0.970196
-0.810716
-0.860964
-0.940793
-0.577973
-0.384735
-0.883722
-0.987276
-0.957224
-0.925935
-0.990389
-0.935435
-0.881563
-0.807787
-0.497896
-0.688484
-0.890941
-0.92655
-0.788911
-0.973079
-0.888774
-0.937761
0.298286
-0.358591
-0.819263
-0.934086
-0.904655
-0.999154
-0.75283
-0.605337
-0.440295
-0.62725
-0.92792
-0.852441
-0.80248
-0.962988
-0.465237
-0.87443
-0.533225
-0.777514
-0.952002
-0.898524
-0.940208
-0.993626
-0.989127
-0.8533
-0.930977
-0.357652
-0.948598
-0.328886
-0.803967
-0.764457
-0.565572
-0.901609
-0.895375
-0.991247
-0.808683
-0.401726
-0.930341
-0.974803
-0.93415
-0.584494
-0.916982
-0.977734
-0.935874
-0.951818
-0.788752
-0.972859
-0.939066
0.264452
-0.445435
-0.598833
-0.421986
-0.638132
-0.789439
0.240441
-0.461983
-0.298103
-0.945777
-0.913336
-0.561027
-0.748343
-0.788724
-0.896252
-0.982622
-0.939717
-0.953035
-0.395237
-0.938947
-0.855964
-0.595026
-0.837311
-0.553293
-0.899892
-0.958289
-0.765318
-0.988821
-0.590221
-0.868347
-0.955516
-0.969857
0.38608
-0.901661
-0.557685
-0.442572
-0.548509
-0.431672
0.134464
-0.768272
-0.955271
-0.934786
-0.952693
-0.955447
-0.963092
-0.787896
-0.879468
-0.605009
-0.971808
-0.938052
-0.78327
-0.614695
-0.822774
-0.940089
-0.969902
-0.982035
-0.388598
-0.937689
-0.317877
-0.49592
-0.917422
-0.811143
-0.729212
-0.932757
-0.918297
-0.32466
-0.804954
-0.915976
-0.549362
-0.997984
-0.906998
-0.940488
-0.382283
-0.643811
-0.387155
-0.60784
-0.439377
-0.579098
-0.78308
-0.936807
-0.96196
-0.923332
-0.960829
-0.800216
-0.913181
-0.942673
-0.989168
-0.571966
-0.898792
-0.555777
-0.325446
-0.953893
-0.900182
-0.534733
-0.734712
-0.843173
-0.898626
0.407457
-0.34047
-0.837501
-0.374227
-0.851266
-0.996546
-0.960538
-0.906183
-0.545569
-0.347261
-0.556981
-0.314232
-0.439495
-0.409546
-0.838775
-0.811017
-0.848516
-0.427587
-0.864265
-0.418156
0.341627
-0.923252
-0.999718
-0.935966
-0.918992
-0.826863
-0.787495
0.336975
-0.927666
-0.836432
-0.399361
-0.852634
-0.388585
-0.650566
-0.650067
-0.952418
-0.970227
-0.525346
-0.662837
-0.951617
-0.995284
-0.734937
-0.969395
-0.907618
-0.999033
-0.923846
-0.944819
-0.638182
-0.420251
0.366796
-0.339712
0.226196
-0.421429
-0.791576
-0.877106
-0.952126
-0.598854
-0.462293
-0.969169
-0.989511
-0.93061
-0.957026
-0.761499
-0.947168
-0.961944
-0.948537
-0.951371
-0.598093
-0.984245
-0.946133
-0.915458
-0.82296
-0.911895
0.318682
-0.757665
0.292205
-0.363876
-0.568763
-0.415651
-0.609863
-0.931101
-0.962701
-0.997237
-0.62497
-0.931314
-0.845184
-0.370645
0.252163
-0.4679
0.400425
-0.489826
-0.883076
-0.802827
-0.97342
-0.93471
-0.631897
-0.949494
-0.915842
-0.543773
-0.983023
-0.832584
-0.905744
-0.354696
0.378733
-0.90608
0.496639
-0.75347
-0.52257
-0.40092
-0.563547
-0.254056
-0.632435
-0.961918
-0.926325
-0.842306
-0.94384
-0.991235
-0.951289
-0.935072
-0.943144
-0.806091
-0.970358
-0.971893
-0.599899
-0.303002
0.259172
-0.480862
-0.924655
-0.66431
-0.817808
-0.854754
-0.465813
-0.959052
-0.908879
-0.995689
-0.839452
-0.399793
-0.374751
-0.962913
-0.758613
-0.860378
-0.928399
-0.547524
-0.48494
-0.934179
-0.967015
-0.940637
-0.958357
-0.982315
-0.844941
-0.59333
-0.784582
-0.926351
-0.964429
-0.867018
-0.922565
0.319217
-0.44505
-0.845938
-0.956964
-0.934414
-0.762197
-0.603671
-0.840431
-0.932729
-0.860968
-0.562652
-0.785635
-0.969643
-0.908625
-0.977357
-0.462683
-0.919841
-0.954178
-0.997818
-0.914298
-0.360057
-0.948542
-0.408044
-0.82452
-0.761717
-0.603044
-0.927896
-0.926388
-0.993804
-0.821259
-0.559436
-0.913123
-0.972817
-0.943537
-0.934773
-0.738387
-0.976726
-0.951054
-0.965264
-0.415162
-0.939396
-0.859354
-0.594498
-0.393323
-0.218607
-0.949512
-0.896127
-0.568731
-0.776617
-0.766137
-0.918271
-0.987377
-0.656259
-0.854247
-0.923514
-0.957231
-0.821323
-0.584441
-0.909215
-0.958168
-0.790258
-0.982557
0.371795
-0.939183
-0.567908
-0.489856
-0.634519
-0.419237
0.14323
-0.768192
-0.862778
-0.618189
-0.957578
-0.946769
-0.775646
-0.655184
-0.856822
-0.945806
-0.979931
-0.937565
-0.989409
-0.393712
-0.946039
-0.414048
-0.571191
-0.921765
-0.858345
-0.762518
-0.949993
-0.917559
-0.395857
-0.836163
-0.922728
-0.559936
-0.982256
-0.964957
-0.310952
-0.670455
-0.503194
-0.565295
-0.452324
-0.593811
-0.934093
-0.965197
-0.827515
-0.928071
-0.921564
-0.98675
-0.945598
-0.897962
-0.992199
-0.55349
-0.903955
-0.613981
-0.437585
-0.948399
-0.932849
-0.545058
-0.753645
-0.811049
-0.909297
0.392479
-0.3639
-0.819353
-0.33095
-0.795903
-0.608808
-0.368168
-0.604046
-0.432617
-0.578969
-0.398036
-0.650645
-0.999724
-0.569581
-0.923494
-0.960964
-0.394668
-0.566097
-0.902651
-0.999597
-0.972943
-0.946862
-0.86743
-0.770727
0.280286
-0.938664
-0.868122
-0.432061
-0.87304
-0.420156
-0.997962
-0.912055
-0.950911
-0.995657
-0.767673
-0.949101
-0.933164
-0.584982
-0.394571
0.268442
-0.390088
0.269858
-0.935071
-0.990114
-0.999536
-0.927462
-0.963358
-0.758737
-0.943365
-0.965492
-0.961246
-0.913809
-0.948866
-0.99944
-0.558549
-0.896319
-0.844033
-0.376957
-0.60001
-0.965874
-0.930487
-0.837194
-0.926025
0.288943
-0.794362
0.363918
-0.422327
-0.66066
-0.455168
-0.571358
0.226631
-0.418879
0.286484
-0.340818
-0.605295
-0.945936
-0.988196
-0.910011
-0.823289
-0.96897
-0.911752
-0.629225
-0.83977
-0.928724
-0.437281
0.184666
-0.905887
0.518643
-0.775947
-0.576682
-0.323032
-0.602742
-0.399728
-0.992263
-0.928885
-0.940408
-0.917901
-0.935088
-0.813275
-0.982469
-0.972004
-0.629526
-0.448063
0.460543
-0.390609
-0.909245
-0.98238
-0.950791
-0.913085
-0.995013
-0.940961
-0.995124
-0.86089
-0.412302
-0.339999
-0.959433
-0.76647
-0.836789
-0.937028
-0.594471
-0.831083
-0.98285
-0.918165
-0.969727
-0.842394
-0.656759
-0.832558
-0.950371
-0.966172
0.336522
-0.429574
-0.977074
-0.85354
-0.929296
-0.872846
-0.60362
-0.810627
-0.975535
-0.93967
-0.91426
-0.989562
-0.832495
-0.348293
-0.929923
-0.956006
-0.993979
-0.915995
-0.385078
-0.952659
-0.393631
-0.855882
-0.793805
-0.58662
-0.911245
-0.568368
-0.936598
-0.993927
-0.933982
-0.949408
-0.42128
-0.918055
-0.849854
-0.584676
-0.474519
-0.368861
-0.965615
-0.9251
-0.595321
-0.795023
-0.855909
-0.992385
-0.585048
-0.871828
-0.939414
-0.965792
-0.834998
-0.624018
-0.941174
-0.969493
-0.787248
-0.584401
-0.819799
-0.91393
-0.938692
-0.974382
-0.993559
-0.824936
-0.511181
-0.945553
-0.91109
-0.753681
-0.972028
-0.933625
-0.424118
-0.833126
-0.945814
-0.620133
-0.932145
-0.442036
-0.984991
-0.465255
-0.686815
-0.961367
-0.882841
-0.816739
-0.959011
-0.455202
-0.538697
-0.315419
-0.616452
-0.4098
-0.524057
-0.750038
-0.90854
-0.98025
-0.774039
-0.843714
-0.414982
-0.847024
-0.422223
-0.839613
-0.940259
0.277098
-0.736311
-0.913175
-0.960372
-0.984057
-0.984997
-0.917963
-0.943565
-0.638189
-0.409042
-0.64104
-0.412314
-0.578084
-0.456926
-0.84615
-0.747536
-0.846449
-0.347062
-0.844677
-0.411419
0.329191
-0.908629
-0.770355
-0.943422
-0.911644
-0.838252
-0.726209
0.302139
-0.93331
-0.869889
-0.409465
-0.852751
-0.400972
-0.584207
-0.996448
-0.559656
-0.904932
-0.926826
-0.363691
-0.537069
-0.926205
-0.994316
-0.96089
-0.938058
-0.620304
-0.485318
0.291565
-0.40393
0.345917
-0.378498
-0.730774
-0.845927
-0.917308
-0.591533
-0.409169
-0.929248
-0.854642
-0.770762
-0.950411
-0.956518
-0.589426
-0.934731
-0.953034
-0.804743
-0.931577
-0.970444
-0.972592
-0.937076
-0.997747
0.336791
-0.407526
0.244611
-0.361088
-0.820404
-0.74256
-0.944717
-0.923724
-0.541242
-0.422716
-0.844505
-0.784921
-0.627623
-0.911283
-0.968181
-0.338902
0.331631
-0.899035
0.300666
-0.80672
-0.639368
-0.435056
-0.617854
-0.400292
-0.551282
-0.939756
-0.986891
-0.998948
-0.922895
-0.81747
-0.958666
-0.92376
-0.631877
-0.994377
-0.841272
-0.930008
-0.459714
-0.620425
-0.435537
0.253183
-0.384715
-0.922094
-0.595079
-0.765777
-0.87416
-0.415257
-0.93884
-0.852171
-0.919076
-0.956857
-0.789522
-0.555437
-0.378595
-0.42036
-0.969488
-0.810917
-0.863836
-0.928103
-0.615932
-0.399608
-0.916591
-0.985576
-0.966448
-0.917804
-0.933497
-0.989319
-0.855932
0.399046
-0.348191
-0.827058
-0.937795
-0.907205
-0.757757
-0.552142
-0.402708
-0.604463
-0.936344
-0.873243
-0.776618
-0.972904
-0.368542
-0.841376
-0.609759
-0.778835
-0.969655
-0.926246
-0.953291
-0.994524
-0.846217
-0.997709
-0.933943
-0.542779
-0.909112
-0.970393
-0.942358
-0.946803
-0.737725
-0.988155
-0.931744
0.311152
-0.407225
-0.638546
-0.499617
-0.559133
-0.80856
0.384289
-0.428896
-0.422204
-0.974884
-0.945913
-0.588737
-0.805191
-0.848917
-0.918139
-0.985263
-0.933469
-0.960834
-0.433833
-0.925402
-0.844907
-0.632199
0.356806
-0.929937
-0.578598
-0.442499
-0.602904
-0.469321
0.244112
-0.745146
-0.971177
-0.912769
-0.936436
-0.959783
-0.963443
-0.721985
-0.834672
-0.601102
-0.981621
-0.932536
-0.803403
-0.63236
-0.853386
-0.937609
-0.959783
-0.951443
-0.353528
-0.590159
-0.355556
-0.619108
-0.386981
-0.507114
-0.795651
-0.923577
-0.941706
-0.991635
-0.912922
-0.95873
-0.780904
-0.912831
-0.961976
-0.996912
-0.615105
-0.389991
-0.61098
-0.356731
-0.583421
-0.442341
-0.853998
-0.799741
-0.86031
-0.457745
-0.849464
-0.383043
0.380907
-0.933846
-0.994969
-0.94564
-0.924899
-0.853239
-0.795691
0.189938
-0.927912
-0.832894
-0.37503
-0.854048
-0.420193
-0.628366
-0.592152
-0.932322
-0.958567
-0.36497
-0.605255
-0.925775
-0.612016
-0.402182
0.254541
-0.419781
0.354184
-0.499236
-0.813441
-0.888207
-0.939726
-0.655084
-0.491898
-0.982797
-0.993938
-0.934853
-0.945722
-0.799192
-0.948456
-0.962778
-0.966239
-0.937022
0.208686
-0.426713
0.366289
-0.390942
-0.856661
-0.790967
-0.954626
-0.918773
-0.562509
-0.945658
-0.899233
-0.527869
-0.999199
-0.867531
-0.919186
-0.389416
0.267296
-0.927426
0.42786
-0.756968
-0.538306
-0.370812
-0.56611
-0.432152
-0.620029
-0.957035
-0.999367
-0.902802
-0.830354
-0.618734
-0.403582
0.410988
-0.369527
-0.926574
-0.629592
-0.76482
-0.831739
-0.393128
-0.970059
-0.9133
-0.856631
-0.447362
-0.401837
-0.961487
-0.776889
-0.854572
-0.932189
-0.61652
-0.432541
-0.931193
-0.993455
-0.946378
-0.927903
0.193342
-0.384171
-0.877707
-0.96678
-0.940358
-0.787949
-0.597357
-0.848412
-0.936324
-0.868272
-0.614321
-0.771582
-0.958697
-0.931201
-0.965692
-0.984959
-0.555975
-0.937784
-0.94414
-0.966822
-0.963659
-0.77082
-0.933703
-0.906969
-0.938194
-0.351513
-0.940202
-0.841852
-0.995308
-0.588795
-0.401018
-0.387022
-0.947509
-0.898153
-0.58734
-0.756638
-0.854995
-0.929697
-0.992863
0.199283
-0.957108
-0.656471
-0.538263
-0.648893
-0.457288
0.109392
-0.841873
-0.994906
-0.842792
-0.603458
-0.95402
-0.922875
-0.786413
-0.628782
-0.875255
-0.923444
-0.967627
-0.960936
-0.416844
-0.601934
-0.342389
-0.588427
-0.449789
-0.626023
-0.991194
-0.92173
-0.939868
-0.731678
-0.914436
-0.976268
-0.611256
-0.42896
-0.620435
-0.360704
-0.618326
-0.355426
-0.580292
-0.980695
-0.608919
-0.937514
-0.965392
-0.369564
-0.631924
-0.921137
-0.998556
-0.971363
-0.912678
-0.850406
-0.781989
0.337864
-0.915045
-0.836778
-0.394464
-0.857611
-0.414555
-0.633698
-0.429334
0.263689
-0.488289
0.277026
-0.91949
-0.917231
-0.947201
-0.768666
-0.958573
-0.947218
-0.954202
0.343086
-0.361408
0.260798
-0.43483
-0.574293
-0.959997
-0.998377
-0.914513
-0.840139
-0.961463
-0.913113
-0.597929
-0.992974
-0.829816
-0.916776
-0.290739
0.429098
-0.910832
0.364267
-0.724743
-0.482783
-0.285479
-0.552951
-0.299204
-0.54028
-0.40669
0.162795
-0.415177
-0.936733
-0.960857
-0.927754
-0.914104
-0.990199
-0.796352
-0.294832
-0.404533
-0.936364
-0.7111
-0.809012
-0.912497
-0.55394
0.306743
-0.352866
-0.935758
-0.986126
-0.843999
-0.990193
-0.889458
-0.804945
-0.489487
-0.992957
-0.707369
-0.941021
-0.892249
-0.640544
-0.925505
-0.915586
-0.943535
-0.355139
-0.893088
-0.809965
-0.989777
-0.497631
-0.339868
-0.344634
-0.936974
-0.893606
-0.481607
-0.734929
-0.820042
-0.54859
-0.825121
-0.90449
-0.951225
-0.988006
-0.98682
-0.835541
-0.560003
-0.933436
-0.899487
-0.747793
-0.929683
-0.371326
-0.617905
-0.426685
-0.577544
-0.372295
-0.575462
-0.750624
-0.899495
-0.944784
-0.774367
-0.822496
-0.441706
-0.826997
-0.372655
-0.837484
-0.931076
0.281965
-0.511508
-0.344419
-0.541778
-0.32945
-0.522762
-0.299133
-0.808642
-0.805849
-0.828446
-0.373347
-0.805337
-0.406882
0.432038
-0.93725
-0.735989
-0.952981
-0.916975
-0.619288
-0.440454
0.205046
-0.427499
0.391117
-0.323775
-0.736317
-0.807793
-0.878948
-0.579421
-0.298275
-0.957404
-0.841856
-0.800647
-0.925353
-0.968883
-0.638844
0.38382
-0.455284
0.36386
-0.414009
-0.841699
-0.749711
-0.941179
-0.935573
-0.56613
-0.343627
-0.879025
-0.765133
-0.644474
-0.945978
-0.970969
-0.487292
-0.629138
-0.331956
0.195634
-0.440186
-0.927429
-0.562803
-0.759399
-0.872852
-0.396766
-0.979494
-0.807482
-0.941646
-0.938717
-0.774686
-0.627817
0.231318
-0.421801
-0.844452
-0.956471
-0.917371
-0.790883
-0.560402
-0.367983
-0.589277
-0.9078
-0.847779
-0.783124
-0.960505
-0.444267
-0.562965
-0.906737
-0.956775
-0.936624
-0.961275
-0.734172
-0.949634
-0.928713
0.37197
-0.479474
-0.551241
-0.410401
-0.657232
-0.802995
0.212093
0.348179
-0.927703
-0.557051
-0.33114
-0.512791
-0.419606
0.444514
-0.800164
-0.963372
-0.906225
-0.96498
-0.958378
-0.9448
-0.798754
-0.962231
-0.352292
-0.549492
-0.323829
-0.599672
-0.361972
-0.629962
-0.79346
-0.913967
-0.960342
-0.621548
-0.44521
-0.579916
-0.422857
-0.648336
-0.43285
-0.860663
-0.776071
-0.838442
-0.404307
-0.846228
-0.415013
0.34732
-0.908762
-0.557776
-0.274449
0.311163
-0.394819
0.293733
-0.413007
-0.781242
-0.846705
-0.913521
-0.571403
-0.38099
-0.949836
0.409826
-0.402205
0.299672
-0.466127
-0.860547
-0.804026
-0.962389
-0.923291
-0.580981
-0.527416
-0.34296
0.250218
-0.449715
-0.928148
-0.633874
-0.792027
-0.823897
-0.359426
-0.952613
0.225177
-0.437133
-0.854245
-0.947016
-0.925266
-0.745269
-0.552501
-0.660596
-0.941434
-0.934571
-0.973665
-0.960335
-0.780115
-0.956184
0.341706
-0.915504
-0.544297
-0.373519
-0.525023
-0.295931
0.411406
-0.71393
-0.959158
-0.418866
-0.592521
-0.334077
-0.553831
-0.420863
-0.544363
-0.608958
-0.352773
-0.595915
-0.503376
-0.629799
-0.383443
-0.582946
-0.41464
0.443197
-0.421406
0.254987
0.303892
-0.399554
0.261694
-0.309827
-0.580559
-0.422627
0.43193
0.28435
-0.372392
-0.578388
