0.525033 0.519055 -0.0195714 
0.525033 -0.437089 0.544066 
0.525033 -0.415655 -0.409237 
0.525033 -0.435106 0.0183967 
0.519055 -0.437089 -0.458221 
0.519055 -0.415655 0.555786 
0.519055 -0.435106 -0.0301194 
0.519055 -0.980863 -0.963866 
-0.437089 -0.415655 -0.426525 
-0.437089 -0.435106 0.530539 
-0.415655 -0.435106 0.542179 
-0.998423 -0.416424 -0.43065 
-0.998423 0.542635 -0.817664 
-0.998423 -0.826196 0.544454 
-0.416424 0.542635 0.684993 
-0.416424 -0.445899 -0.996534 
-0.416424 -0.818008 -0.903049 
-0.416424 0.582968 -0.832723 
-0.416424 -0.826196 0.624477 
0.542635 -0.445899 -0.835764 
0.542635 -0.818008 -0.83009 
0.542635 0.582968 -0.442382 
0.542635 -0.826196 -0.373252 
0.542635 -0.961781 -0.984244 
-0.445899 0.582968 0.501709 
-0.818008 0.582968 -0.926151 
-0.818008 -0.826196 -0.974526 
-0.818008 -0.961781 0.624687 
0.582968 -0.961781 -0.999719 
-0.988662 -0.45333 -0.354961 
-0.988662 0.476923 -0.791817 
-0.988662 -0.812725 0.663865 
0.525297 -0.45333 -0.856978 
0.525297 -0.870742 -0.753295 
0.525297 0.476923 -0.473637 
0.525297 -0.949089 -0.809717 
0.525297 -0.905253 -0.764721 
0.525297 -0.922808 -0.872594 
0.525297 -0.352812 0.622347 
0.525297 -0.813496 -0.389763 
0.525297 -0.812725 -0.997091 
0.525297 -0.994762 -0.891793 
0.525297 -0.993264 -0.812533 
-0.45333 0.476923 0.598657 
-0.45333 -0.352812 -0.998913 
-0.45333 -0.812725 0.69038 
-0.870742 0.476923 -0.963908 
-0.870742 -0.949089 -0.41456 
-0.870742 -0.905253 0.625597 
-0.870742 -0.922808 0.611563 
-0.870742 -0.352812 -0.797431 
-0.870742 -0.813496 -0.905118 
-0.870742 -0.994762 -0.829052 
-0.870742 -0.993264 -0.982361 
0.476923 -0.905253 -0.985338 
0.476923 -0.922808 -0.989028 
0.476923 -0.352812 -0.831826 
0.476923 -0.812725 -0.351335 
-0.949089 -0.905253 0.576899 
-0.949089 -0.922808 -0.833864 
-0.949089 -0.352812 -0.874825 
-0.949089 -0.813496 -0.922645 
-0.949089 -0.994762 0.600002 
-0.949089 -0.993264 -0.98085 
-0.905253 -0.922808 -0.408359 
-0.905253 -0.352812 -0.829958 
-0.905253 -0.813496 -0.910203 
-0.905253 -0.994762 -0.429833 
-0.905253 -0.993264 -0.979862 
-0.922808 -0.352812 -0.885725 
-0.922808 -0.813496 -0.968945 
-0.352812 -0.813496 0.5665 
-0.352812 -0.994762 -0.948404 
-0.352812 -0.993264 -0.418706 
-0.813496 -0.994762 -0.972839 
-0.813496 -0.993264 0.637223 
-0.354961 -0.791817 0.598657 
-0.354961 -0.868575 -0.869724 
-0.354961 -0.849742 -0.936536 
-0.354961 -0.842521 -0.860859 
-0.354961 0.663865 0.69038 
-0.354961 0.562933 -0.813173 
-0.354961 -0.432845 -0.988087 
-0.354961 -0.963296 -0.974724 
-0.791817 -0.868575 -0.992186 
-0.791817 -0.842521 -0.982937 
-0.791817 0.663865 -0.351335 
-0.791817 0.562933 -0.990009 
-0.911408 -0.868575 -0.838032 
-0.911408 -0.849742 0.617498 
-0.911408 -0.842521 -0.449594 
-0.911408 0.663865 -0.96115 
-0.911408 0.562933 -0.896666 
-0.911408 -0.432845 -0.943188 
-0.911408 -0.963296 -0.997266 
-0.868575 -0.849742 -0.433352 
-0.868575 -0.842521 0.565131 
-0.868575 0.663865 -0.847936 
-0.868575 0.562933 -0.915658 
-0.868575 -0.432845 -0.954978 
-0.868575 -0.963296 0.544454 
-0.849742 -0.842521 0.515602 
-0.849742 0.663865 -0.890411 
-0.849742 0.562933 -0.859114 
-0.849742 -0.432845 -0.916456 
-0.849742 -0.963296 -0.826647 
-0.842521 0.663865 -0.83555 
-0.842521 0.562933 -0.891839 
-0.842521 -0.432845 -0.948969 
-0.842521 -0.963296 -0.445553 
-0.996137 -0.843875 0.495857 
-0.996137 0.562933 -0.844991 
-0.996137 -0.432845 -0.458179 
0.663865 -0.843875 -0.99558 
0.663865 0.562933 -0.410589 
0.663865 -0.432845 -0.820332 
0.663865 -0.963296 -0.956051 
-0.843875 0.562933 -0.460168 
-0.843875 -0.432845 0.536806 
0.562933 -0.432845 0.566961 
0.562933 -0.963296 -0.980951 
-0.432845 -0.963296 -0.988683 
-0.839384 -0.45759 0.62028 
-0.839384 0.515842 -0.400614 
-0.962819 -0.45759 -0.96937 
-0.962819 -0.984815 0.684993 
-0.962819 0.515842 -0.938934 
-0.962819 -0.990742 0.624477 
-0.45759 0.625548 -0.846401 
-0.45759 0.515842 0.603572 
-0.45759 -0.990742 -0.936843 
-0.984815 0.515842 -0.987669 
-0.984815 -0.990742 -0.373252 
-0.838103 -0.464902 0.691135 
-0.838103 0.625548 -0.44172 
-0.464902 0.625548 0.457459 
-0.464902 0.515842 -0.865394 
0.625548 0.515842 -0.447453 
0.515842 -0.990742 -0.93756 
-0.0195714 0.544066 -0.458221 
-0.0195714 -0.409237 0.555786 
-0.0195714 0.0183967 -0.0301194 
0.544066 -0.409237 -0.426525 
0.544066 0.0183967 0.530539 
0.544066 -0.918792 -0.838014 
0.544066 -0.985087 -0.967584 
-0.409237 0.0183967 0.542179 
0.0183967 -0.918792 -0.985276 
-0.918792 -0.985087 0.501709 
-0.856978 -0.473637 0.598657 
-0.856978 0.622347 -0.998913 
-0.856978 -0.997091 0.69038 
-0.753295 -0.473637 -0.963908 
-0.753295 -0.809717 -0.41456 
-0.753295 -0.764721 0.625597 
-0.753295 -0.872594 0.611563 
-0.753295 0.622347 -0.797431 
-0.753295 -0.389763 -0.905118 
-0.753295 -0.891793 -0.829052 
-0.753295 -0.812533 -0.982361 
-0.473637 -0.764721 -0.985338 
-0.473637 -0.872594 -0.989028 
-0.473637 0.622347 -0.831826 
-0.473637 -0.997091 -0.351335 
-0.809717 -0.764721 0.576899 
-0.809717 -0.872594 -0.833864 
-0.809717 0.622347 -0.874825 
-0.809717 -0.952015 -0.97758 
-0.809717 -0.389763 -0.922645 
-0.809717 -0.891793 0.600002 
-0.809717 -0.812533 -0.98085 
-0.764721 -0.872594 -0.408359 
-0.764721 0.622347 -0.829958 
-0.764721 -0.952015 -0.999083 
-0.764721 -0.389763 -0.910203 
-0.764721 -0.891793 -0.429833 
-0.764721 -0.812533 -0.979862 
-0.872594 0.622347 -0.885725 
-0.872594 -0.389763 -0.968945 
0.622347 -0.952015 -0.777752 
0.622347 -0.389763 0.5665 
0.622347 -0.891793 -0.948404 
0.622347 -0.812533 -0.418706 
-0.952015 -0.389763 -0.304015 
-0.952015 -0.891793 -0.995872 
-0.952015 -0.812533 0.592101 
-0.389763 -0.891793 -0.972839 
-0.389763 -0.812533 0.637223 
-0.458221 0.555786 -0.426525 
-0.458221 -0.0301194 0.530539 
0.555786 -0.0301194 0.542179 
0.555786 -0.989137 -0.788832 
0.555786 -0.996752 -0.829514 
-0.0301194 -0.989137 -0.853416 
-0.0301194 -0.996752 -0.937851 
-0.965056 -0.963866 0.457459 
-0.989137 -0.996752 0.625734 
0.598657 -0.869724 -0.992186 
0.598657 -0.860859 -0.982937 
0.598657 -0.998913 -0.831826 
0.598657 0.69038 -0.351335 
0.598657 -0.813173 -0.990009 
-0.869724 -0.936536 -0.433352 
-0.869724 -0.860859 0.565131 
-0.869724 0.69038 -0.847936 
-0.869724 -0.813173 -0.915658 
-0.869724 -0.988087 -0.954978 
-0.869724 -0.974724 0.544454 
-0.936536 -0.860859 0.515602 
-0.936536 0.69038 -0.890411 
-0.936536 -0.813173 -0.859114 
-0.936536 -0.988087 -0.916456 
-0.936536 -0.974724 -0.826647 
-0.860859 0.69038 -0.83555 
-0.860859 -0.813173 -0.891839 
-0.860859 -0.988087 -0.948969 
-0.860859 -0.974724 -0.445553 
0.69038 -0.813173 -0.410589 
0.69038 -0.988087 -0.820332 
0.69038 -0.974724 -0.956051 
-0.813173 -0.988087 0.566961 
-0.813173 -0.974724 -0.980951 
-0.988087 -0.974724 -0.988683 
-0.99906 -0.419712 -0.391768 
-0.99906 0.642366 -0.828809 
-0.99906 -0.820087 0.582688 
-0.32369 -0.967941 -0.490568 
-0.32369 -0.95421 -0.995498 
-0.32369 -0.754195 -0.935561 
-0.32369 -0.909483 -0.953828 
-0.32369 -0.396591 -0.350795 
-0.32369 -0.419712 -0.986883 
-0.32369 -0.722878 -0.796893 
-0.32369 0.393048 0.545377 
-0.32369 0.642366 -0.785846 
-0.32369 -0.756586 0.571766 
-0.967941 -0.396591 -0.996793 
-0.967941 0.393048 -0.868354 
-0.967941 -0.756586 0.4602 
-0.95421 -0.396591 -0.435342 
-0.95421 -0.722878 0.508026 
-0.95421 0.393048 -0.857765 
-0.95421 0.642366 -0.995278 
-0.754195 -0.909483 0.501709 
-0.754195 -0.419712 -0.782405 
-0.754195 0.393048 -0.927298 
-0.754195 0.642366 -0.694429 
-0.754195 -0.820087 -0.916877 
-0.754195 -0.756586 -0.987217 
-0.909483 -0.419712 -0.976196 
-0.909483 0.393048 -0.975914 
-0.909483 0.642366 -0.917379 
-0.909483 -0.756586 -0.982891 
-0.396591 -0.419712 -0.948164 
-0.396591 -0.722878 0.65842 
-0.396591 0.393048 0.441533 
-0.396591 0.642366 -0.739578 
-0.396591 -0.756586 -0.79436 
-0.419712 -0.722878 -0.982098 
-0.419712 0.393048 -0.856557 
-0.419712 0.642366 0.57489 
-0.419712 -0.820087 0.676483 
-0.722878 0.393048 -0.434593 
-0.722878 0.642366 -0.860161 
-0.722878 -0.756586 -0.982543 
0.393048 0.642366 -0.466828 
0.393048 -0.756586 -0.452913 
0.642366 -0.820087 -0.399152 
0.642366 -0.756586 -0.962653 
-0.963908 0.625597 -0.985338 
-0.963908 0.611563 -0.989028 
-0.963908 -0.797431 -0.831826 
-0.41456 0.625597 0.576899 
-0.41456 -0.386651 -0.995635 
-0.41456 0.611563 -0.833864 
-0.41456 -0.797431 -0.874825 
-0.41456 -0.905118 -0.922645 
-0.41456 -0.829052 0.600002 
-0.41456 -0.982361 -0.98085 
0.625597 -0.386651 -0.807313 
0.625597 -0.806548 -0.978548 
0.625597 0.611563 -0.408359 
0.625597 -0.797431 -0.829958 
0.625597 -0.905118 -0.910203 
0.625597 -0.829052 -0.429833 
0.625597 -0.982361 -0.979862 
-0.989873 -0.386651 -0.437563 
-0.989873 -0.806548 0.603563 
-0.989873 0.611563 -0.839394 
-0.386651 -0.806548 0.56927 
-0.386651 0.611563 0.6021 
-0.806548 0.611563 -0.426756 
0.611563 -0.797431 -0.885725 
0.611563 -0.905118 -0.968945 
-0.797431 -0.905118 0.5665 
-0.797431 -0.829052 -0.948404 
-0.797431 -0.982361 -0.418706 
-0.905118 -0.829052 -0.972839 
-0.905118 -0.982361 0.637223 
-0.426525 0.530539 0.542179 
-0.426525 -0.97617 -0.880127 
0.530539 -0.97617 -0.853663 
0.530539 -0.838014 -0.985276 
-0.838014 -0.967584 0.501709 
0.653595 -0.395476 0.62028 
0.653595 -0.83703 -0.998579 
0.653595 -0.950927 -0.95253 
0.653595 -0.818911 -0.400614 
0.653595 0.445399 -0.458673 
0.653595 -0.442875 -0.835835 
0.653595 -0.9589 -0.958813 
-0.395476 -0.950927 -0.979159 
-0.395476 -0.818911 0.603572 
-0.395476 0.445399 -0.850231 
-0.395476 -0.9589 -0.98479 
-0.83703 0.445399 -0.350745 
-0.83703 -0.442875 0.554223 
-0.950927 -0.9589 0.4602 
0.445399 -0.442875 0.689321 
-0.992186 -0.982937 0.565131 
-0.992186 -0.351335 -0.847936 
-0.992186 -0.990009 -0.915658 
-0.985338 -0.989028 -0.408359 
-0.985338 -0.831826 -0.829958 
-0.982937 -0.989028 -0.981492 
-0.982937 -0.351335 -0.83555 
-0.982937 -0.990009 -0.891839 
-0.989028 -0.831826 -0.885725 
-0.351335 -0.990009 -0.410589 
0.576899 -0.995635 -0.807313 
0.576899 -0.444411 -0.848858 
0.576899 -0.833864 -0.408359 
0.576899 -0.874825 -0.829958 
0.576899 -0.97758 -0.999083 
0.576899 -0.922645 -0.910203 
0.576899 0.600002 -0.429833 
0.576899 -0.98085 -0.979862 
-0.995635 -0.833864 0.6021 
-0.444411 -0.994643 -0.444259 
-0.444411 0.600002 0.52961 
-0.444411 -0.828381 0.625264 
-0.833864 -0.874825 -0.885725 
-0.833864 -0.922645 -0.968945 
-0.874825 -0.97758 -0.777752 
-0.874825 -0.922645 0.5665 
-0.874825 0.600002 -0.948404 
-0.874825 -0.98085 -0.418706 
-0.97758 -0.922645 -0.304015 
-0.97758 0.600002 -0.995872 
-0.97758 -0.98085 0.592101 
-0.922645 0.600002 -0.972839 
-0.922645 -0.98085 0.637223 
-0.994643 0.600002 -0.82818 
-0.994643 -0.828381 0.493976 
0.600002 -0.828381 -0.416149 
-0.838032 -0.782675 -0.912952 
-0.838032 -0.964204 -0.937371 
-0.838032 0.617498 -0.433352 
-0.838032 -0.862769 -0.901861 
-0.838032 -0.449594 0.565131 
-0.838032 -0.96115 -0.847936 
-0.838032 -0.896666 -0.915658 
-0.838032 -0.943188 -0.954978 
-0.838032 -0.997266 0.544454 
-0.838032 -0.78693 -0.987226 
-0.782675 -0.964204 -0.437563 
-0.782675 0.617498 -0.715503 
-0.782675 0.496227 -0.935163 
-0.782675 -0.862769 0.603563 
-0.782675 -0.449594 -0.824422 
-0.782675 -0.997266 -0.97 
-0.782675 -0.847944 -0.391768 
-0.782675 -0.972026 -0.828809 
-0.782675 -0.78693 0.582688 
-0.964204 0.617498 -0.889004 
-0.964204 -0.862769 0.56927 
-0.964204 -0.449594 -0.877496 
-0.964204 -0.997266 -0.987189 
-0.964204 -0.847944 -0.997234 
-0.964204 -0.78693 -0.843912 
0.617498 0.496227 -0.449351 
0.617498 -0.862769 -0.769985 
0.617498 -0.449594 0.515602 
0.617498 -0.422168 -0.821063 
0.617498 -0.96115 -0.890411 
0.617498 -0.896666 -0.859114 
0.617498 -0.943188 -0.916456 
0.617498 -0.997266 -0.826647 
0.617498 -0.847944 -0.909408 
0.617498 -0.78693 -0.798761 
0.496227 -0.862769 -0.980387 
0.496227 -0.449594 -0.855271 
0.496227 -0.422168 0.691135 
0.496227 -0.860709 -0.44172 
0.496227 -0.896666 -0.991127 
0.496227 -0.847944 -0.911731 
0.496227 -0.972026 -0.984791 
0.496227 -0.78693 -0.912762 
-0.862769 -0.449594 -0.814004 
-0.862769 -0.997266 -0.963817 
-0.862769 -0.847944 -0.814105 
-0.862769 -0.972026 -0.996781 
-0.862769 -0.78693 -0.423643 
-0.449594 -0.422168 -0.997571 
-0.449594 -0.96115 -0.83555 
-0.449594 -0.896666 -0.891839 
-0.449594 -0.943188 -0.948969 
-0.449594 -0.997266 -0.445553 
-0.449594 -0.78693 -0.924254 
-0.422168 -0.860709 0.457459 
-0.96115 -0.896666 -0.410589 
-0.96115 -0.943188 -0.820332 
-0.96115 -0.997266 -0.956051 
-0.896666 -0.943188 0.566961 
-0.896666 -0.997266 -0.980951 
-0.943188 -0.997266 -0.988683 
-0.847944 -0.972026 0.57489 
-0.847944 -0.78693 0.676483 
-0.972026 -0.78693 -0.399152 
-0.984119 0.62028 -0.941758 
-0.984119 -0.400614 -0.978985 
0.62028 -0.95253 -0.979159 
0.62028 -0.400614 0.603572 
0.62028 -0.458673 -0.850231 
0.62028 -0.958813 -0.98479 
-0.998579 -0.458673 -0.350745 
-0.998579 -0.835835 0.554223 
-0.95253 -0.958813 0.4602 
-0.458673 -0.835835 0.689321 
0.542179 -0.788832 -0.853416 
0.542179 -0.880127 -0.853663 
0.542179 -0.829514 -0.937851 
-0.788832 -0.880127 0.493976 
-0.788832 -0.829514 0.625734 
-0.788832 -0.921489 -0.445462 
-0.880127 -0.829514 -0.453849 
-0.880127 -0.921489 -0.86402 
-0.829514 -0.921489 0.508026 
-0.43065 -0.941758 -0.96937 
-0.43065 -0.817664 0.684993 
-0.43065 -0.433352 -0.991198 
-0.43065 0.565131 -0.833637 
-0.43065 -0.978985 -0.938934 
-0.43065 0.544454 0.624477 
-0.912952 -0.937371 -0.437563 
-0.912952 -0.433352 -0.715503 
-0.912952 -0.901861 0.603563 
-0.912952 0.565131 -0.824422 
-0.912952 0.544454 -0.97 
-0.912952 -0.987226 0.582688 
-0.941758 -0.978985 0.603572 
-0.941758 0.544454 -0.936843 
-0.817664 0.565131 -0.989602 
-0.817664 -0.978985 -0.987669 
-0.817664 0.544454 -0.373252 
-0.937371 -0.433352 -0.889004 
-0.937371 -0.901861 0.56927 
-0.937371 0.565131 -0.877496 
-0.937371 0.544454 -0.987189 
-0.937371 -0.987226 -0.843912 
-0.433352 -0.901861 -0.769985 
-0.433352 0.565131 0.515602 
-0.433352 -0.847936 -0.890411 
-0.433352 -0.915658 -0.859114 
-0.433352 -0.954978 -0.916456 
-0.433352 0.544454 -0.826647 
-0.433352 -0.987226 -0.798761 
-0.901861 0.565131 -0.814004 
-0.901861 0.544454 -0.963817 
-0.901861 -0.987226 -0.423643 
0.565131 -0.847936 -0.83555 
0.565131 -0.915658 -0.891839 
0.565131 -0.954978 -0.948969 
0.565131 0.544454 -0.445553 
0.565131 -0.987226 -0.924254 
-0.847936 -0.915658 -0.410589 
-0.847936 -0.954978 -0.820332 
-0.847936 0.544454 -0.956051 
-0.915658 -0.954978 0.566961 
-0.915658 0.544454 -0.980951 
-0.978985 0.544454 -0.93756 
-0.954978 0.544454 -0.988683 
-0.96937 -0.938934 0.603572 
-0.96937 0.624477 -0.936843 
0.684993 -0.833637 -0.989602 
0.684993 -0.996534 -0.835764 
0.684993 -0.938934 -0.987669 
0.684993 -0.903049 -0.83009 
0.684993 -0.832723 -0.442382 
0.684993 0.624477 -0.373252 
-0.991198 -0.833637 0.515602 
-0.991198 0.624477 -0.826647 
-0.833637 0.624477 -0.445553 
-0.996534 -0.832723 0.501709 
-0.938934 0.624477 -0.93756 
-0.903049 -0.832723 -0.926151 
-0.903049 0.624477 -0.974526 
-0.807313 -0.978548 0.56927 
-0.807313 -0.408359 0.6021 
-0.978548 -0.408359 -0.426756 
-0.848858 -0.429833 0.52961 
-0.408359 -0.829958 -0.885725 
-0.408359 -0.910203 -0.968945 
-0.829958 -0.999083 -0.777752 
-0.829958 -0.910203 0.5665 
-0.829958 -0.429833 -0.948404 
-0.829958 -0.979862 -0.418706 
-0.999083 -0.910203 -0.304015 
-0.999083 -0.429833 -0.995872 
-0.999083 -0.979862 0.592101 
-0.910203 -0.429833 -0.972839 
-0.910203 -0.979862 0.637223 
-0.437563 -0.715503 -0.889004 
-0.437563 0.603563 0.56927 
-0.437563 -0.824422 -0.877496 
-0.437563 -0.839394 0.6021 
-0.437563 -0.97 -0.987189 
-0.437563 -0.391768 -0.997234 
-0.437563 0.582688 -0.843912 
-0.715503 -0.935163 -0.449351 
-0.715503 0.603563 -0.769985 
-0.715503 -0.824422 0.515602 
-0.715503 -0.839394 -0.996582 
-0.715503 -0.97 -0.826647 
-0.715503 -0.391768 -0.909408 
-0.715503 0.582688 -0.798761 
-0.935163 0.603563 -0.980387 
-0.935163 -0.824422 -0.855271 
-0.935163 -0.391768 -0.911731 
-0.935163 -0.828809 -0.984791 
-0.935163 0.582688 -0.912762 
0.603563 -0.824422 -0.814004 
0.603563 -0.839394 -0.426756 
0.603563 -0.950114 -0.993293 
0.603563 -0.97 -0.963817 
0.603563 -0.391768 -0.814105 
0.603563 -0.828809 -0.996781 
0.603563 0.582688 -0.423643 
-0.824422 -0.839394 -0.981492 
-0.824422 -0.97 -0.445553 
-0.824422 0.582688 -0.924254 
-0.950114 -0.97 -0.974526 
-0.950114 0.582688 -0.97165 
-0.391768 -0.828809 0.57489 
-0.391768 0.582688 0.676483 
-0.828809 0.582688 -0.399152 
-0.979159 -0.98479 0.4602 
-0.846401 0.603572 -0.447453 
0.603572 -0.936843 -0.93756 
-0.989602 -0.373252 -0.445553 
-0.835764 -0.442382 0.501709 
-0.987669 -0.373252 -0.93756 
-0.83009 -0.442382 -0.926151 
-0.83009 -0.373252 -0.974526 
-0.83009 -0.984244 0.624687 
-0.442382 -0.984244 -0.999719 
-0.889004 0.56927 -0.769985 
-0.889004 -0.877496 0.515602 
-0.889004 0.6021 -0.996582 
-0.889004 -0.987189 -0.826647 
-0.889004 -0.997234 -0.909408 
-0.889004 -0.843912 -0.798761 
0.56927 -0.877496 -0.814004 
0.56927 0.6021 -0.426756 
0.56927 -0.987189 -0.963817 
0.56927 -0.997234 -0.814105 
0.56927 -0.843912 -0.423643 
-0.877496 0.6021 -0.981492 
-0.877496 -0.987189 -0.445553 
-0.877496 -0.843912 -0.924254 
-0.997234 -0.843912 0.676483 
-0.449351 -0.769985 -0.980387 
-0.449351 0.515602 -0.855271 
-0.449351 -0.821063 0.691135 
-0.449351 -0.859114 -0.991127 
-0.449351 -0.909408 -0.911731 
-0.449351 -0.798761 -0.912762 
-0.769985 0.515602 -0.814004 
-0.769985 -0.996582 -0.426756 
-0.769985 -0.826647 -0.963817 
-0.769985 -0.909408 -0.814105 
-0.769985 -0.798761 -0.423643 
0.515602 -0.996582 -0.981492 
0.515602 -0.821063 -0.997571 
0.515602 -0.890411 -0.83555 
0.515602 -0.859114 -0.891839 
0.515602 -0.916456 -0.948969 
0.515602 -0.826647 -0.445553 
0.515602 -0.798761 -0.924254 
-0.890411 -0.859114 -0.410589 
-0.890411 -0.916456 -0.820332 
-0.890411 -0.826647 -0.956051 
-0.859114 -0.916456 0.566961 
-0.859114 -0.826647 -0.980951 
-0.916456 -0.826647 -0.988683 
-0.909408 -0.798761 0.676483 
-0.980387 -0.855271 -0.814004 
-0.980387 -0.911731 -0.814105 
-0.980387 -0.984791 -0.996781 
-0.980387 -0.912762 -0.423643 
-0.855271 0.691135 -0.997571 
-0.855271 -0.991127 -0.891839 
-0.855271 -0.912762 -0.924254 
0.691135 -0.44172 0.457459 
-0.911731 -0.984791 0.57489 
-0.911731 -0.912762 0.676483 
-0.984791 -0.912762 -0.399152 
-0.814004 -0.426756 -0.981492 
-0.814004 -0.963817 -0.445553 
-0.814004 -0.423643 -0.924254 
-0.993293 -0.963817 -0.974526 
-0.993293 -0.423643 -0.97165 
-0.814105 -0.996781 0.57489 
-0.814105 -0.423643 0.676483 
-0.996781 -0.423643 -0.399152 
-0.960145 -0.444259 -0.853416 
-0.960145 0.625264 -0.853663 
-0.960145 -0.836546 -0.937851 
-0.444259 0.52961 -0.82818 
-0.444259 0.625264 0.493976 
-0.444259 -0.836546 0.625734 
0.52961 0.625264 -0.416149 
0.52961 -0.836546 -0.991695 
0.625264 -0.836546 -0.453849 
-0.83555 -0.891839 -0.410589 
-0.83555 -0.948969 -0.820332 
-0.83555 -0.445553 -0.956051 
-0.891839 -0.948969 0.566961 
-0.891839 -0.445553 -0.980951 
-0.948969 -0.445553 -0.988683 
-0.490568 -0.350795 -0.996793 
-0.490568 0.545377 -0.868354 
-0.490568 0.571766 0.4602 
-0.995498 -0.350795 -0.435342 
-0.995498 -0.796893 0.508026 
-0.995498 0.545377 -0.857765 
-0.995498 -0.785846 -0.995278 
-0.935561 -0.953828 0.501709 
-0.935561 -0.986883 -0.782405 
-0.935561 0.545377 -0.927298 
-0.935561 -0.785846 -0.694429 
-0.935561 0.571766 -0.987217 
-0.953828 -0.986883 -0.976196 
-0.953828 0.545377 -0.975914 
-0.953828 -0.785846 -0.917379 
-0.953828 0.571766 -0.982891 
-0.350795 -0.986883 -0.948164 
-0.350795 -0.796893 0.65842 
-0.350795 0.545377 0.441533 
-0.350795 -0.785846 -0.739578 
-0.350795 0.571766 -0.79436 
-0.986883 -0.796893 -0.982098 
-0.986883 0.545377 -0.856557 
-0.986883 -0.785846 0.57489 
-0.796893 0.545377 -0.434593 
-0.796893 -0.785846 -0.860161 
-0.796893 0.571766 -0.982543 
0.545377 -0.785846 -0.466828 
0.545377 0.571766 -0.452913 
-0.785846 0.571766 -0.962653 
-0.885725 -0.968945 0.5665 
0.495857 -0.996151 -0.893952 
0.495857 -0.844991 -0.460168 
0.495857 -0.962935 -0.843383 
0.495857 -0.458179 0.536806 
0.495857 -0.350745 -0.820816 
0.495857 -0.993971 -0.9177 
0.495857 0.554223 -0.482261 
-0.996151 -0.844991 -0.96452 
-0.996151 -0.962935 0.625734 
-0.996151 -0.458179 -0.89798 
-0.996151 -0.993971 -0.445462 
-0.844991 -0.962935 -0.972739 
-0.844991 -0.458179 0.566961 
-0.962935 -0.458179 -0.878978 
-0.962935 -0.993971 0.508026 
-0.458179 -0.350745 -0.992764 
-0.458179 -0.993971 -0.959776 
-0.458179 0.554223 -0.847653 
-0.350745 0.554223 0.689321 
-0.777752 0.5665 -0.304015 
-0.777752 -0.948404 -0.995872 
-0.777752 -0.998583 -0.825933 
-0.777752 -0.418706 0.592101 
-0.777752 -0.986652 0.500084 
0.5665 -0.948404 -0.972839 
0.5665 -0.998583 -0.869487 
0.5665 -0.418706 0.637223 
0.5665 -0.986652 -0.809113 
-0.998583 -0.418706 -0.683023 
-0.998583 -0.986652 -0.93114 
-0.418706 -0.986652 -0.456448 
-0.304015 -0.995872 -0.972839 
-0.304015 -0.825933 -0.869487 
-0.304015 0.592101 0.637223 
-0.304015 -0.438163 -0.988631 
-0.304015 0.500084 -0.809113 
-0.825933 0.592101 -0.683023 
-0.825933 0.500084 -0.93114 
-0.825933 -0.967566 0.4602 
0.592101 -0.438163 -0.836131 
0.592101 0.500084 -0.456448 
0.592101 -0.967566 -0.933508 
-0.438163 0.500084 0.624687 
0.500084 -0.967566 -0.995514 
-0.869487 0.637223 -0.683023 
-0.869487 -0.809113 -0.93114 
0.637223 -0.988631 -0.836131 
0.637223 -0.809113 -0.456448 
-0.988631 -0.809113 0.624687 
-0.853416 -0.994099 -0.96452 
-0.853416 -0.853663 0.493976 
-0.853416 -0.937851 0.625734 
-0.994099 -0.853663 -0.980987 
-0.994099 -0.937851 -0.972739 
-0.853663 -0.937851 -0.453849 
0.457459 -0.865394 -0.447453 
-0.99558 -0.410589 -0.460168 
-0.99558 -0.820332 0.536806 
-0.410589 -0.820332 0.566961 
-0.410589 -0.956051 -0.980951 
-0.820332 -0.956051 -0.988683 
-0.893952 -0.460168 -0.96452 
-0.893952 -0.958651 0.493976 
-0.893952 -0.843383 0.625734 
-0.893952 0.536806 -0.89798 
-0.893952 -0.9177 -0.445462 
-0.460168 -0.958651 -0.980987 
-0.460168 -0.843383 -0.972739 
-0.460168 0.536806 0.566961 
-0.958651 -0.843383 -0.453849 
-0.958651 0.536806 -0.947211 
-0.958651 -0.9177 -0.86402 
-0.843383 0.536806 -0.878978 
-0.843383 -0.9177 0.508026 
-0.843383 -0.999005 -0.995278 
0.536806 -0.820816 -0.992764 
0.536806 -0.9177 -0.959776 
0.536806 -0.482261 -0.847653 
-0.985596 -0.9177 -0.982098 
-0.985596 -0.999005 0.57489 
-0.820816 -0.482261 0.689321 
-0.9177 -0.999005 -0.860161 
-0.82818 0.493976 -0.416149 
-0.82818 0.625734 -0.991695 
-0.96452 0.493976 -0.980987 
-0.96452 0.625734 -0.972739 
-0.96452 -0.89798 0.566961 
0.493976 0.625734 -0.453849 
0.493976 -0.89798 -0.947211 
0.493976 -0.445462 -0.86402 
0.625734 -0.89798 -0.878978 
0.625734 -0.832745 -0.435342 
0.625734 -0.445462 0.508026 
-0.89798 -0.445462 -0.959776 
-0.832745 -0.445462 0.65842 
-0.416149 -0.991695 -0.453849 
-0.683023 -0.93114 -0.456448 
-0.683023 0.4602 -0.933508 
-0.996793 -0.868354 0.441533 
-0.996793 0.4602 -0.79436 
-0.93114 0.4602 -0.995514 
-0.868354 0.4602 -0.452913 
-0.980987 -0.972739 -0.453849 
-0.980987 0.566961 -0.947211 
-0.972739 0.566961 -0.878978 
0.566961 -0.980951 -0.988683 
-0.836131 -0.456448 0.624687 
-0.456448 -0.933508 -0.995514 
-0.453849 -0.947211 -0.878978 
-0.453849 -0.86402 0.508026 
-0.947211 -0.86402 -0.959776 
-0.878978 0.508026 -0.959776 
-0.435342 0.508026 0.65842 
-0.435342 -0.857765 0.441533 
-0.435342 -0.995278 -0.739578 
0.508026 -0.857765 -0.434593 
0.508026 -0.995278 -0.860161 
-0.857765 -0.995278 -0.466828 
0.501709 -0.782405 -0.976196 
0.501709 -0.927298 -0.975914 
0.501709 -0.694429 -0.917379 
0.501709 -0.987217 -0.982891 
-0.782405 -0.927298 -0.856557 
-0.782405 -0.694429 0.57489 
-0.782405 -0.916877 0.676483 
-0.927298 -0.694429 -0.466828 
-0.927298 -0.987217 -0.452913 
-0.694429 -0.916877 -0.399152 
-0.694429 -0.987217 -0.962653 
-0.992764 -0.847653 0.689321 
-0.926151 0.624687 -0.999719 
0.624687 -0.966234 -0.952665 
-0.999719 -0.982891 -0.995514 
-0.976196 -0.975914 -0.856557 
-0.976196 -0.917379 0.57489 
-0.975914 -0.917379 -0.466828 
-0.975914 -0.982891 -0.452913 
-0.917379 -0.982891 -0.962653 
-0.948164 0.65842 -0.982098 
-0.948164 0.441533 -0.856557 
-0.948164 -0.739578 0.57489 
0.65842 0.441533 -0.434593 
0.65842 -0.739578 -0.860161 
0.65842 -0.79436 -0.982543 
0.441533 -0.739578 -0.466828 
0.441533 -0.79436 -0.452913 
-0.739578 -0.79436 -0.962653 
-0.990581 -0.952665 0.689321 
-0.982098 -0.856557 -0.434593 
-0.982098 0.57489 -0.860161 
-0.856557 0.57489 -0.466828 
0.57489 0.676483 -0.399152 
-0.434593 -0.860161 -0.466828 
-0.434593 -0.982543 -0.452913 
-0.860161 -0.982543 -0.962653 
-0.466828 -0.452913 -0.962653 
