-0.93315 0.497259 -0.866291 
-0.93315 0.536613 -0.919535 
-0.93315 -0.961051 -0.430805 
-0.93315 -0.467386 -0.851399 
-0.93315 -0.426098 -0.921869 
-0.93315 -0.415286 -0.840928 
-0.93315 -0.932588 0.626869 
-0.93315 -0.955 0.523736 
0.497259 0.536613 -0.0863968 
0.497259 -0.961051 -0.89087 
0.497259 -0.467386 0.464099 
0.497259 -0.426098 -0.461785 
0.497259 -0.415286 -0.0105506 
0.497259 -0.932588 -0.85497 
0.497259 -0.955 -0.930955 
0.536613 -0.467386 -0.499133 
0.536613 -0.426098 0.513957 
0.536613 -0.415286 -0.0300334 
0.536613 -0.932588 -0.965663 
0.536613 -0.955 -0.889427 
0.536613 -0.998225 -0.952003 
-0.961051 -0.467386 -0.934209 
-0.961051 -0.415286 -0.999033 
-0.961051 -0.932588 0.55872 
-0.961051 -0.955 -0.84018 
-0.467386 -0.426098 -0.462777 
-0.467386 -0.415286 0.499806 
-0.467386 -0.932588 -0.875778 
-0.467386 -0.955 -0.918231 
-0.426098 -0.415286 0.528664 
-0.426098 -0.932588 -0.994944 
-0.426098 -0.955 -0.85345 
-0.426098 -0.998225 -0.932322 
-0.415286 -0.932588 -0.923597 
-0.415286 -0.955 -0.831876 
-0.415286 -0.998225 -0.980252 
-0.932588 -0.955 -0.42054 
-0.901156 -0.890392 -0.461178 
-0.901156 -0.843226 -0.814949 
-0.901156 -0.473475 -0.850809 
-0.901156 -0.814564 0.618647 
-0.901156 0.483139 -0.854871 
-0.954091 -0.844906 0.464099 
-0.954091 0.664228 -0.959858 
-0.954091 -0.806883 -0.979379 
-0.954091 0.483139 -0.969843 
-0.844906 -0.47256 -0.848958 
-0.844906 0.664228 -0.789709 
-0.844906 -0.806883 -0.74625 
-0.844906 0.483139 -0.931992 
-0.844906 -0.988884 -0.824743 
-0.937672 -0.47256 -0.441964 
-0.937672 0.664228 -0.756586 
-0.937672 -0.806883 -0.738694 
-0.937672 -0.728335 0.61097 
-0.937672 -0.988884 -0.930515 
-0.47256 0.664228 0.426718 
-0.47256 -0.806883 0.492715 
-0.47256 0.483139 -0.870483 
-0.47256 -0.728335 0.534488 
-0.47256 -0.988884 -0.494083 
-0.890392 -0.843226 0.364308 
-0.890392 -0.473475 -0.298505 
-0.890392 -0.814564 0.451057 
-0.890392 0.483139 -0.645126 
0.664228 -0.473475 -0.844826 
0.664228 -0.814564 -0.974579 
0.664228 -0.806883 -0.406634 
0.664228 0.483139 -0.43336 
0.664228 -0.728335 -0.275715 
0.664228 -0.988884 -0.834669 
-0.843226 -0.473475 0.537712 
-0.843226 -0.814564 -0.411524 
-0.843226 0.483139 -0.417335 
-0.473475 -0.814564 -0.548424 
-0.473475 0.483139 0.590835 
-0.814564 0.483139 -0.647065 
-0.806883 0.483139 -0.994589 
-0.806883 -0.728335 -0.312936 
-0.806883 -0.988884 0.491986 
0.483139 -0.728335 -0.961573 
-0.728335 -0.988884 -0.767617 
0.607312 -0.426769 -0.819091 
0.607312 -0.918251 -0.96159 
0.607312 0.611491 -0.389795 
0.607312 -0.99149 -0.990495 
0.607312 -0.937691 -0.952426 
0.607312 -0.442866 0.552207 
0.607312 -0.826484 -0.405276 
-0.426769 0.611491 0.584 
-0.426769 -0.975538 -0.988053 
-0.426769 -0.442866 -0.995982 
-0.426769 -0.846713 0.55872 
-0.918251 0.611491 -0.950527 
-0.918251 -0.99149 -0.39745 
-0.918251 -0.937691 0.661295 
-0.918251 -0.975538 0.53416 
0.611491 -0.937691 -0.9942 
0.611491 -0.975538 -0.963906 
0.611491 -0.442866 -0.827326 
0.611491 -0.826484 -0.993568 
0.611491 -0.846713 -0.446533 
-0.99149 -0.937691 0.572228 
-0.99149 -0.975538 -0.818742 
-0.937691 -0.975538 -0.411267 
-0.442866 -0.826484 0.602855 
-0.866291 -0.919535 -0.0863968 
-0.866291 -0.430805 -0.89087 
-0.866291 -0.851399 0.464099 
-0.866291 -0.844044 -0.978994 
-0.866291 -0.921869 -0.461785 
-0.866291 -0.840928 -0.0105506 
-0.866291 0.626869 -0.85497 
-0.866291 0.523736 -0.930955 
-0.919535 -0.851399 -0.499133 
-0.919535 -0.921869 0.513957 
-0.919535 -0.840928 -0.0300334 
-0.919535 0.626869 -0.965663 
-0.919535 -0.842143 -0.977614 
-0.919535 0.523736 -0.889427 
-0.919535 -0.430681 -0.944605 
-0.430805 -0.851399 -0.934209 
-0.430805 -0.844044 0.584 
-0.430805 -0.840928 -0.999033 
-0.430805 0.626869 0.55872 
-0.430805 0.523736 -0.84018 
-0.851399 -0.921869 -0.462777 
-0.851399 -0.998679 -0.89814 
-0.851399 -0.840928 0.499806 
-0.851399 0.626869 -0.875778 
-0.851399 0.523736 -0.918231 
-0.851399 -0.430681 -0.997873 
-0.844044 0.626869 -0.446533 
-0.921869 -0.998679 -0.946535 
-0.921869 -0.840928 0.528664 
-0.921869 0.626869 -0.994944 
-0.921869 -0.842143 -0.917377 
-0.921869 0.523736 -0.85345 
-0.921869 -0.430681 -0.876764 
-0.998679 -0.840928 -0.840009 
-0.998679 0.523736 -0.980869 
-0.998679 -0.430681 -0.976846 
-0.840928 0.626869 -0.923597 
-0.840928 -0.842143 -0.984218 
-0.840928 0.523736 -0.831876 
-0.840928 -0.430681 -0.906338 
0.626869 -0.842143 -0.997975 
0.626869 0.523736 -0.42054 
0.626869 -0.430681 -0.8301 
-0.842143 0.523736 -0.399497 
-0.842143 -0.430681 0.478481 
0.523736 -0.430681 0.644179 
-0.942809 -0.755108 0.661725 
-0.942809 -0.461178 -0.469434 
-0.942809 -0.814949 -0.785023 
-0.942809 -0.850809 -0.951021 
-0.942809 0.618647 -0.780867 
-0.942809 -0.973425 -0.868787 
-0.979191 -0.821677 0.663297 
-0.979191 -0.495978 -0.38289 
-0.979191 0.450196 -0.793459 
-0.755108 -0.461178 0.428866 
-0.755108 -0.814949 -0.406655 
-0.755108 0.450196 -0.968448 
-0.755108 -0.850809 -0.763309 
-0.755108 0.618647 -0.362061 
-0.755108 -0.854871 -0.91529 
-0.755108 -0.973425 -0.6555 
-0.461178 -0.814949 0.364308 
-0.461178 0.450196 -0.870193 
-0.461178 -0.850809 -0.298505 
-0.461178 0.618647 0.451057 
-0.461178 -0.854871 -0.645126 
-0.461178 -0.973425 -0.392485 
-0.821677 -0.495978 0.630129 
-0.821677 0.450196 -0.378273 
-0.821677 0.618647 -0.990635 
-0.495978 0.450196 0.527095 
-0.495978 0.618647 -0.859235 
-0.814949 -0.850809 0.537712 
-0.814949 0.618647 -0.411524 
-0.814949 -0.854871 -0.417335 
-0.814949 -0.973425 0.4853 
0.450196 0.618647 -0.4783 
-0.850809 0.618647 -0.548424 
-0.850809 -0.854871 0.590835 
-0.850809 -0.973425 -0.362088 
0.618647 -0.854871 -0.647065 
0.618647 -0.973425 -0.798668 
-0.854871 -0.973425 -0.815368 
-0.0863968 0.464099 -0.499133 
-0.0863968 -0.461785 0.513957 
-0.0863968 -0.0105506 -0.0300334 
-0.0863968 -0.85497 -0.965663 
-0.0863968 -0.930955 -0.889427 
-0.89087 0.464099 -0.934209 
-0.89087 -0.978994 0.584 
-0.89087 -0.0105506 -0.999033 
-0.89087 -0.85497 0.55872 
-0.89087 -0.930955 -0.84018 
0.464099 -0.461785 -0.462777 
0.464099 -0.959858 -0.789709 
0.464099 -0.0105506 0.499806 
0.464099 -0.85497 -0.875778 
0.464099 -0.930955 -0.918231 
0.464099 -0.979379 -0.74625 
0.464099 -0.969843 -0.931992 
-0.978994 -0.85497 -0.446533 
-0.461785 -0.0105506 0.528664 
-0.461785 -0.85497 -0.994944 
-0.461785 -0.930955 -0.85345 
-0.959858 -0.0105506 -0.970101 
-0.959858 -0.979379 -0.406634 
-0.959858 -0.969843 -0.43336 
-0.0105506 -0.85497 -0.923597 
-0.0105506 -0.930955 -0.831876 
-0.0105506 -0.979379 -0.868269 
-0.85497 -0.930955 -0.42054 
-0.979379 -0.969843 -0.994589 
-0.819091 -0.389795 0.584 
-0.819091 0.552207 -0.995982 
-0.96159 -0.389795 -0.950527 
-0.96159 -0.990495 -0.39745 
-0.96159 -0.952426 0.661295 
-0.389795 -0.952426 -0.9942 
-0.389795 0.552207 -0.827326 
-0.389795 -0.405276 -0.993568 
-0.990495 -0.952426 0.572228 
0.552207 -0.405276 0.602855 
0.552207 -0.832388 -0.434631 
-0.405276 -0.832388 0.577166 
-0.499133 0.513957 -0.462777 
-0.499133 -0.0300334 0.499806 
-0.499133 -0.965663 -0.875778 
-0.499133 -0.889427 -0.918231 
-0.499133 -0.944605 -0.997873 
-0.499133 -0.924133 -0.987367 
0.513957 -0.0300334 0.528664 
0.513957 -0.965663 -0.994944 
0.513957 -0.977614 -0.917377 
0.513957 -0.889427 -0.85345 
0.513957 -0.944605 -0.876764 
0.513957 -0.924133 -0.83364 
0.513957 -0.952003 -0.932322 
-0.999231 -0.924133 -0.458083 
-0.999231 -0.952003 0.544175 
-0.0300334 -0.965663 -0.923597 
-0.0300334 -0.977614 -0.984218 
-0.0300334 -0.889427 -0.831876 
-0.0300334 -0.944605 -0.906338 
-0.0300334 -0.924133 -0.905267 
-0.0300334 -0.952003 -0.980252 
-0.965663 -0.977614 -0.997975 
-0.965663 -0.889427 -0.42054 
-0.965663 -0.944605 -0.8301 
-0.977614 -0.889427 -0.399497 
-0.977614 -0.944605 0.478481 
-0.889427 -0.944605 0.644179 
-0.924133 -0.952003 0.569207 
-0.934209 -0.999033 0.499806 
-0.934209 0.55872 -0.875778 
-0.934209 -0.84018 -0.918231 
0.584 -0.986261 -0.994582 
0.584 -0.988053 -0.963906 
0.584 -0.995982 -0.827326 
0.584 0.55872 -0.446533 
-0.986261 -0.988053 0.653508 
-0.999033 0.55872 -0.923597 
-0.999033 -0.84018 -0.831876 
0.55872 -0.84018 -0.42054 
-0.995461 -0.45412 -0.458083 
-0.995461 0.608018 -0.850649 
-0.995461 -0.819479 0.544175 
-0.42713 -0.98956 -0.355749 
-0.42713 -0.990962 -0.943911 
-0.42713 -0.362312 -0.35227 
-0.42713 -0.782325 -0.745961 
-0.42713 0.417174 0.465907 
-0.42713 0.608018 -0.834175 
-0.42713 -0.793641 0.615047 
-0.98956 -0.362312 -0.95247 
-0.98956 0.417174 -0.834611 
-0.98956 -0.793641 0.4853 
-0.990962 -0.362312 -0.419167 
-0.990962 -0.782325 0.502034 
-0.990962 0.417174 -0.864362 
-0.362312 -0.45412 -0.954946 
-0.362312 -0.782325 0.682786 
-0.362312 0.417174 0.382425 
-0.362312 0.608018 -0.753986 
-0.362312 -0.793641 -0.784674 
-0.45412 0.417174 -0.873699 
-0.45412 0.608018 0.474612 
-0.45412 -0.819479 0.569207 
-0.782325 0.417174 -0.481524 
-0.782325 0.608018 -0.941521 
-0.782325 -0.793641 -0.941347 
0.417174 0.608018 -0.487689 
0.417174 -0.793641 -0.461179 
0.608018 -0.819479 -0.447214 
0.608018 -0.793641 -0.979421 
-0.950527 0.661295 -0.9942 
-0.950527 -0.430564 -0.994582 
-0.950527 0.53416 -0.963906 
-0.39745 0.661295 0.572228 
-0.39745 -0.430564 -0.989429 
-0.39745 -0.990044 -0.458833 
-0.39745 0.53416 -0.818742 
-0.39745 -0.814785 0.571874 
0.661295 -0.430564 -0.822059 
0.661295 -0.990044 -0.842098 
0.661295 0.53416 -0.411267 
0.661295 -0.814785 -0.434604 
-0.430564 -0.851428 0.5175 
-0.430564 0.53416 0.653508 
-0.851428 0.53416 -0.43029 
-0.990044 -0.814785 0.508637 
0.53416 -0.814785 -0.984734 
-0.462777 -0.89814 -0.946535 
-0.462777 0.499806 0.528664 
-0.462777 -0.875778 -0.994944 
-0.462777 -0.918231 -0.85345 
-0.462777 -0.997873 -0.876764 
-0.462777 -0.824743 -0.978278 
-0.462777 -0.987367 -0.83364 
-0.848958 -0.789709 0.426718 
-0.848958 -0.89814 -0.869265 
-0.848958 0.499806 -0.974511 
-0.848958 -0.74625 0.492715 
-0.848958 -0.931992 -0.870483 
-0.848958 -0.824743 -0.494083 
-0.789709 0.499806 -0.970101 
-0.789709 -0.74625 -0.406634 
-0.789709 -0.931992 -0.43336 
-0.789709 -0.824743 -0.834669 
-0.89814 0.499806 -0.840009 
-0.89814 -0.918231 -0.980869 
-0.89814 -0.997873 -0.976846 
-0.89814 -0.74625 -0.459438 
-0.89814 -0.824743 0.552454 
0.499806 -0.875778 -0.923597 
0.499806 -0.918231 -0.831876 
0.499806 -0.997873 -0.906338 
0.499806 -0.74625 -0.868269 
0.499806 -0.824743 -0.840348 
0.499806 -0.987367 -0.905267 
-0.875778 -0.918231 -0.42054 
-0.875778 -0.997873 -0.8301 
-0.918231 -0.997873 0.644179 
-0.74625 -0.931992 -0.994589 
-0.74625 -0.824743 0.491986 
0.661725 -0.469434 0.428866 
0.661725 -0.825366 -0.692295 
0.661725 -0.785023 -0.406655 
0.661725 -0.915438 -0.955194 
0.661725 -0.951021 -0.763309 
0.661725 -0.780867 -0.362061 
0.661725 -0.888248 -0.894641 
0.661725 0.48984 -0.439382 
0.661725 -0.896392 -0.926078 
0.661725 -0.926493 -0.897091 
0.661725 -0.419503 -0.821266 
0.661725 -0.868787 -0.6555 
-0.469434 -0.825366 -0.66546 
-0.469434 -0.785023 0.364308 
-0.469434 -0.951021 -0.298505 
-0.469434 -0.780867 0.451057 
-0.469434 -0.888248 -0.966845 
-0.469434 0.48984 -0.868295 
-0.469434 -0.926493 -0.930222 
-0.469434 -0.868787 -0.392485 
-0.825366 -0.785023 -0.355749 
-0.825366 -0.915438 -0.943911 
-0.825366 -0.951021 -0.783929 
-0.825366 -0.780867 -0.939074 
-0.825366 -0.888248 -0.35227 
-0.825366 0.48984 -0.983295 
-0.825366 -0.896392 -0.745961 
-0.825366 -0.926493 0.465907 
-0.825366 -0.868787 0.615047 
-0.84389 0.48984 -0.434027 
-0.84389 -0.419503 0.554896 
-0.956848 -0.989457 0.576349 
-0.956848 -0.915438 0.61344 
-0.956848 -0.888248 -0.827385 
-0.956848 0.48984 -0.967838 
-0.956848 -0.896392 -0.448612 
-0.785023 -0.951021 0.537712 
-0.785023 -0.780867 -0.411524 
-0.785023 -0.888248 -0.95247 
-0.785023 0.48984 -0.986784 
-0.785023 -0.926493 -0.834611 
-0.785023 -0.868787 0.4853 
-0.989457 -0.915438 -0.416402 
-0.989457 -0.888248 -0.995242 
-0.989457 0.48984 -0.980434 
-0.989457 -0.896392 -0.842813 
-0.915438 -0.888248 -0.419167 
-0.915438 0.48984 -0.958752 
-0.915438 -0.896392 0.502034 
-0.915438 -0.926493 -0.864362 
-0.951021 -0.780867 -0.548424 
-0.951021 -0.926493 -0.993966 
-0.951021 -0.868787 -0.362088 
-0.780867 0.48984 -0.978074 
-0.780867 -0.868787 -0.798668 
-0.888248 0.48984 -0.974479 
-0.888248 -0.896392 0.682786 
-0.888248 -0.926493 0.382425 
-0.888248 -0.868787 -0.784674 
0.48984 -0.896392 -0.961967 
0.48984 -0.419503 0.612749 
-0.896392 -0.926493 -0.481524 
-0.896392 -0.868787 -0.941347 
-0.926493 -0.868787 -0.461179 
-0.9942 -0.994582 -0.822059 
-0.9942 -0.963906 -0.411267 
-0.994582 -0.963906 0.653508 
-0.827326 -0.993568 0.602855 
0.572228 -0.989429 -0.822059 
0.572228 -0.458833 -0.842098 
0.572228 -0.818742 -0.411267 
0.572228 0.571874 -0.434604 
-0.989429 -0.818742 0.653508 
-0.458833 0.571874 0.508637 
-0.458833 -0.84619 0.63907 
-0.818742 0.571874 -0.984734 
0.571874 -0.84619 -0.446031 
-0.836467 0.552289 -0.429113 
-0.836467 0.663297 -0.996444 
-0.836467 -0.396959 0.513302 
0.552289 0.663297 -0.413853 
0.552289 -0.396959 0.661447 
0.552289 -0.38289 -0.822368 
0.552289 -0.793459 -0.981822 
0.663297 -0.396959 -0.811933 
0.663297 -0.38289 0.630129 
0.663297 -0.793459 -0.378273 
-0.396959 -0.38289 -0.989276 
-0.38289 -0.793459 0.527095 
0.428866 -0.692295 -0.66546 
0.428866 -0.406655 0.364308 
0.428866 -0.968448 -0.870193 
0.428866 -0.763309 -0.298505 
0.428866 -0.362061 0.451057 
0.428866 -0.91529 -0.645126 
0.428866 -0.894641 -0.966845 
0.428866 -0.439382 -0.868295 
0.428866 -0.897091 -0.930222 
0.428866 -0.6555 -0.392485 
-0.692295 -0.406655 -0.355749 
-0.692295 -0.955194 -0.943911 
-0.692295 -0.763309 -0.783929 
-0.692295 -0.362061 -0.939074 
-0.692295 -0.91529 -0.984687 
-0.692295 -0.894641 -0.35227 
-0.692295 -0.439382 -0.983295 
-0.692295 -0.926078 -0.745961 
-0.692295 -0.897091 0.465907 
-0.692295 -0.6555 0.615047 
-0.406655 -0.763309 0.537712 
-0.406655 -0.362061 -0.411524 
-0.406655 -0.91529 -0.417335 
-0.406655 -0.894641 -0.95247 
-0.406655 -0.439382 -0.986784 
-0.406655 -0.897091 -0.834611 
-0.406655 -0.6555 0.4853 
-0.968448 -0.362061 -0.4783 
-0.955194 -0.894641 -0.419167 
-0.955194 -0.439382 -0.958752 
-0.955194 -0.926078 0.502034 
-0.955194 -0.897091 -0.864362 
-0.763309 -0.362061 -0.548424 
-0.763309 -0.91529 0.590835 
-0.763309 -0.897091 -0.993966 
-0.763309 -0.6555 -0.362088 
-0.362061 -0.91529 -0.647065 
-0.362061 -0.439382 -0.978074 
-0.362061 -0.6555 -0.798668 
-0.91529 -0.6555 -0.815368 
-0.894641 -0.439382 -0.974479 
-0.894641 -0.926078 0.682786 
-0.894641 -0.897091 0.382425 
-0.894641 -0.6555 -0.784674 
-0.439382 -0.926078 -0.961967 
-0.439382 -0.821266 0.612749 
-0.926078 -0.897091 -0.481524 
-0.926078 -0.6555 -0.941347 
-0.897091 -0.6555 -0.461179 
-0.987138 -0.917377 0.55004 
-0.987138 -0.85345 -0.836336 
-0.987138 -0.876764 -0.488891 
-0.946535 0.528664 -0.840009 
-0.946535 -0.85345 -0.980869 
-0.946535 -0.876764 -0.976846 
-0.946535 -0.978278 0.552454 
0.528664 -0.994944 -0.923597 
0.528664 -0.917377 -0.984218 
0.528664 -0.85345 -0.831876 
0.528664 -0.876764 -0.906338 
0.528664 -0.978278 -0.840348 
0.528664 -0.83364 -0.905267 
0.528664 -0.908447 -0.941076 
0.528664 -0.932322 -0.980252 
-0.994944 -0.917377 -0.997975 
-0.994944 -0.85345 -0.42054 
-0.994944 -0.876764 -0.8301 
-0.917377 -0.85345 -0.399497 
-0.917377 -0.876764 0.478481 
-0.85345 -0.876764 0.644179 
-0.83364 -0.908447 0.474612 
-0.83364 -0.932322 0.569207 
-0.908447 -0.932322 -0.447214 
-0.441964 -0.756586 0.426718 
-0.441964 0.513302 -0.860335 
-0.441964 -0.738694 0.492715 
-0.441964 0.61097 0.534488 
-0.441964 -0.930515 -0.494083 
-0.756586 0.513302 -0.973996 
-0.756586 -0.738694 -0.406634 
-0.756586 0.61097 -0.275715 
-0.756586 -0.930515 -0.834669 
-0.429113 -0.996444 -0.413853 
-0.429113 0.513302 0.661447 
-0.429113 0.61097 -0.836841 
-0.996444 0.513302 -0.811933 
0.513302 -0.738694 -0.966228 
0.513302 0.61097 -0.456639 
-0.738694 0.61097 -0.312936 
-0.738694 -0.930515 0.491986 
0.61097 -0.930515 -0.767617 
0.426718 -0.860335 -0.973996 
0.426718 -0.974511 -0.970101 
0.426718 0.492715 -0.406634 
0.426718 -0.870483 -0.43336 
0.426718 0.534488 -0.275715 
0.426718 -0.494083 -0.834669 
-0.860335 0.492715 -0.966228 
-0.860335 0.534488 -0.456639 
-0.869265 -0.974511 -0.840009 
-0.869265 0.492715 -0.459438 
-0.869265 0.534488 -0.976193 
-0.869265 -0.494083 0.552454 
-0.974511 0.492715 -0.868269 
-0.974511 -0.494083 -0.840348 
0.492715 -0.870483 -0.994589 
0.492715 0.534488 -0.312936 
0.492715 -0.494083 0.491986 
-0.870483 0.534488 -0.961573 
0.534488 -0.494083 -0.767617 
-0.822059 -0.411267 0.653508 
-0.842098 -0.434604 0.508637 
-0.411267 -0.434604 -0.984734 
-0.467671 0.57456 0.5175 
-0.467671 -0.841794 0.653508 
-0.467671 0.544175 -0.858537 
0.57456 -0.841794 -0.43029 
0.57456 -0.458083 -0.848094 
0.57456 0.544175 -0.448983 
-0.458083 -0.850649 0.474612 
-0.458083 0.544175 0.569207 
-0.850649 0.544175 -0.447214 
-0.66546 0.364308 -0.355749 
-0.66546 -0.298505 -0.783929 
-0.66546 0.451057 -0.939074 
-0.66546 -0.645126 -0.984687 
-0.66546 -0.966845 -0.35227 
-0.66546 -0.868295 -0.983295 
-0.66546 -0.930222 0.465907 
-0.66546 -0.392485 0.615047 
0.364308 -0.298505 0.537712 
0.364308 0.451057 -0.411524 
0.364308 -0.645126 -0.417335 
0.364308 -0.966845 -0.95247 
0.364308 -0.868295 -0.986784 
0.364308 -0.930222 -0.834611 
0.364308 -0.392485 0.4853 
-0.870193 0.451057 -0.4783 
-0.298505 0.451057 -0.548424 
-0.298505 -0.645126 0.590835 
-0.298505 -0.930222 -0.993966 
-0.298505 -0.392485 -0.362088 
0.451057 -0.645126 -0.647065 
0.451057 -0.868295 -0.978074 
0.451057 -0.392485 -0.798668 
-0.645126 -0.392485 -0.815368 
-0.966845 -0.868295 -0.974479 
-0.966845 -0.930222 0.382425 
-0.966845 -0.392485 -0.784674 
-0.930222 -0.392485 -0.461179 
-0.973996 -0.406634 -0.966228 
-0.973996 -0.275715 -0.456639 
-0.970101 -0.406634 -0.868269 
-0.970101 -0.834669 -0.840348 
-0.844826 -0.974579 -0.548424 
-0.844826 -0.43336 0.590835 
-0.974579 -0.43336 -0.647065 
-0.406634 -0.43336 -0.994589 
-0.406634 -0.275715 -0.312936 
-0.406634 -0.834669 0.491986 
-0.43336 -0.275715 -0.961573 
-0.275715 -0.834669 -0.767617 
0.5175 0.653508 -0.43029 
0.5175 -0.858537 -0.448983 
-0.413853 0.661447 -0.811933 
-0.413853 -0.822368 0.630129 
-0.413853 -0.981822 -0.378273 
0.661447 -0.822368 -0.989276 
0.661447 -0.836841 -0.456639 
-0.822368 -0.981822 0.527095 
-0.811933 0.630129 -0.989276 
0.630129 -0.378273 0.527095 
0.630129 -0.990635 -0.859235 
-0.378273 -0.990635 -0.4783 
-0.848094 -0.448983 0.569207 
-0.407377 0.508637 -0.847338 
-0.407377 0.63907 0.576349 
-0.407377 -0.818015 0.61344 
0.508637 0.63907 -0.446031 
0.63907 -0.818015 -0.416402 
-0.966228 -0.456639 -0.312936 
-0.355749 -0.783929 0.537712 
-0.355749 -0.939074 -0.411524 
-0.355749 -0.984687 -0.417335 
-0.355749 -0.35227 -0.95247 
-0.355749 -0.983295 -0.986784 
-0.355749 0.465907 -0.834611 
-0.355749 0.615047 0.4853 
-0.943911 -0.35227 -0.419167 
-0.943911 -0.983295 -0.958752 
-0.943911 -0.745961 0.502034 
-0.943911 0.465907 -0.864362 
-0.783929 -0.939074 -0.548424 
-0.783929 -0.984687 0.590835 
-0.783929 0.465907 -0.993966 
-0.783929 0.615047 -0.362088 
-0.939074 -0.984687 -0.647065 
-0.939074 -0.983295 -0.978074 
-0.939074 0.615047 -0.798668 
-0.984687 0.615047 -0.815368 
-0.35227 -0.983295 -0.974479 
-0.35227 -0.745961 0.682786 
-0.35227 0.465907 0.382425 
-0.35227 -0.834175 -0.753986 
-0.35227 0.615047 -0.784674 
-0.983295 -0.745961 -0.961967 
-0.745961 0.465907 -0.481524 
-0.745961 -0.834175 -0.941521 
-0.745961 0.615047 -0.941347 
0.465907 -0.834175 -0.487689 
0.465907 0.615047 -0.461179 
-0.834175 0.615047 -0.979421 
-0.989683 0.55004 -0.98196 
-0.989683 -0.488891 -0.984887 
0.55004 -0.836336 -0.399497 
0.55004 -0.488891 0.478481 
0.55004 -0.434027 -0.847443 
0.55004 0.554896 -0.460248 
-0.836336 -0.488891 0.644179 
-0.488891 0.554896 -0.869081 
-0.434027 0.554896 0.612749 
-0.836206 0.602855 -0.432927 
-0.836206 -0.434631 0.530484 
-0.836206 -0.984887 -0.976846 
0.602855 -0.98196 -0.985801 
0.602855 -0.434631 0.577166 
0.602855 -0.984887 -0.953884 
-0.98196 -0.984887 0.478481 
-0.434631 -0.984887 -0.955517 
-0.432927 0.530484 0.577166 
-0.432927 -0.976846 -0.953884 
-0.432927 0.552454 -0.844212 
-0.840009 -0.980869 -0.831876 
-0.840009 0.530484 -0.97112 
-0.840009 -0.976846 -0.906338 
-0.840009 -0.459438 -0.868269 
-0.840009 0.552454 -0.840348 
-0.980869 0.530484 -0.990555 
-0.980869 -0.976846 0.644179 
0.530484 -0.976846 -0.955517 
0.530484 -0.459438 -0.852394 
0.530484 0.552454 -0.444092 
-0.459438 -0.976193 -0.312936 
-0.459438 0.552454 0.491986 
-0.976193 0.552454 -0.767617 
-0.985801 -0.953884 0.478481 
0.577166 -0.953884 -0.955517 
0.577166 -0.844212 -0.444092 
-0.923597 -0.984218 -0.997975 
-0.923597 -0.831876 -0.42054 
-0.923597 -0.906338 -0.8301 
-0.984218 -0.831876 -0.399497 
-0.984218 -0.906338 0.478481 
-0.831876 -0.97112 -0.990555 
-0.831876 -0.906338 0.644179 
-0.97112 -0.906338 -0.955517 
-0.97112 -0.868269 -0.852394 
-0.97112 -0.840348 -0.444092 
-0.868269 -0.840348 0.491986 
-0.905267 -0.941076 0.474612 
-0.905267 -0.980252 0.569207 
-0.941076 -0.980252 -0.447214 
0.527095 -0.859235 -0.4783 
-0.997975 -0.42054 -0.399497 
-0.997975 -0.8301 0.478481 
-0.42054 -0.8301 0.644179 
-0.399497 0.478481 0.644179 
0.478481 -0.460248 -0.869081 
-0.847443 -0.460248 0.612749 
-0.847338 0.576349 -0.446031 
0.576349 0.61344 -0.416402 
0.576349 -0.827385 -0.995242 
0.576349 -0.967838 -0.980434 
0.576349 -0.448612 -0.842813 
0.61344 -0.827385 -0.419167 
0.61344 -0.967838 -0.958752 
0.61344 -0.448612 0.502034 
-0.827385 -0.967838 -0.974479 
-0.827385 -0.448612 0.682786 
-0.967838 -0.448612 -0.961967 
-0.996517 -0.99943 0.474612 
0.537712 -0.411524 -0.548424 
0.537712 -0.417335 0.590835 
0.537712 -0.834611 -0.993966 
0.537712 0.4853 -0.362088 
-0.411524 -0.417335 -0.647065 
-0.411524 -0.986784 -0.978074 
-0.411524 0.4853 -0.798668 
-0.417335 0.4853 -0.815368 
-0.95247 -0.986784 -0.974479 
-0.95247 -0.834611 0.382425 
-0.95247 0.4853 -0.784674 
-0.834611 0.4853 -0.461179 
-0.990555 0.644179 -0.955517 
-0.852394 -0.444092 0.491986 
-0.416402 -0.995242 -0.419167 
-0.416402 -0.980434 -0.958752 
-0.416402 -0.842813 0.502034 
-0.995242 -0.980434 -0.974479 
-0.995242 -0.842813 0.682786 
-0.980434 -0.842813 -0.961967 
-0.419167 -0.958752 -0.974479 
-0.419167 0.502034 0.682786 
-0.419167 -0.864362 0.382425 
-0.958752 0.502034 -0.961967 
0.502034 -0.864362 -0.481524 
-0.548424 0.590835 -0.647065 
-0.548424 -0.362088 -0.798668 
0.590835 -0.362088 -0.815368 
-0.993966 -0.362088 -0.461179 
-0.647065 -0.798668 -0.815368 
-0.994589 -0.312936 -0.961573 
-0.312936 0.491986 -0.767617 
-0.954946 0.382425 -0.873699 
-0.954946 -0.753986 0.474612 
-0.974479 0.682786 -0.961967 
0.682786 0.382425 -0.481524 
0.682786 -0.753986 -0.941521 
0.682786 -0.784674 -0.941347 
0.382425 -0.753986 -0.487689 
0.382425 -0.784674 -0.461179 
-0.753986 -0.784674 -0.979421 
-0.873699 0.474612 -0.487689 
0.474612 0.569207 -0.447214 
-0.481524 -0.941521 -0.487689 
-0.481524 -0.941347 -0.461179 
-0.941521 -0.941347 -0.979421 
-0.487689 -0.461179 -0.979421 
