-0.939206 0.521314 -0.911329 
-0.939206 0.516492 -0.998165 
-0.939206 -0.995285 -0.468008 
-0.939206 -0.444449 -0.939119 
-0.939206 -0.965282 0.561781 
-0.939206 -0.925505 0.529188 
-0.939206 -0.976693 -0.421406 
-0.911754 0.516492 -0.94538 
-0.911754 -0.93117 0.636634 
-0.911754 -0.952895 0.616099 
0.521314 0.516492 0.0196388 
0.521314 -0.995285 -0.973599 
0.521314 -0.444449 0.531842 
0.521314 -0.446478 -0.417621 
0.521314 -0.463911 -0.00176533 
0.521314 -0.965282 -0.944063 
0.521314 -0.925505 -0.895002 
0.521314 -0.976693 -0.965102 
0.516492 -0.444449 -0.428333 
0.516492 -0.446478 0.514945 
0.516492 -0.463911 -0.0318397 
0.516492 -0.93117 -0.911491 
0.516492 -0.925505 -0.949633 
0.516492 -0.976693 -0.960472 
-0.995285 -0.965282 0.491721 
-0.995285 -0.925505 -0.858006 
-0.444449 -0.446478 -0.412305 
-0.444449 -0.463911 0.567826 
-0.444449 -0.965282 -0.985605 
-0.444449 -0.925505 -0.896319 
-0.444449 -0.976693 -0.953969 
-0.446478 -0.463911 0.529786 
-0.446478 -0.925505 -0.963244 
-0.446478 -0.976693 -0.943433 
-0.463911 -0.925505 -0.936319 
-0.463911 -0.976693 -0.946476 
-0.965282 -0.925505 -0.463784 
-0.965282 -0.976693 -0.84254 
-0.93117 -0.952895 -0.398475 
-0.925505 -0.976693 0.649277 
-0.888964 -0.492388 -0.978727 
-0.888964 0.637051 -0.888573 
-0.888964 -0.8374 -0.957724 
-0.888964 0.485259 -0.961271 
-0.888964 -0.992684 -0.996557 
-0.919952 -0.492388 -0.48338 
-0.919952 0.637051 -0.75798 
-0.919952 -0.8374 -0.783455 
-0.919952 -0.742901 0.656314 
-0.919952 -0.992684 -0.927002 
-0.492388 0.637051 0.387658 
-0.492388 -0.8374 0.405635 
-0.492388 0.485259 -0.877377 
-0.492388 -0.742901 0.409658 
-0.492388 -0.992684 -0.475838 
-0.964326 -0.847172 0.249535 
-0.964326 -0.422941 -0.379264 
-0.964326 -0.970228 0.514716 
-0.964326 0.485259 -0.78126 
-0.964326 -0.995706 -0.39565 
0.637051 -0.422941 -0.820877 
0.637051 -0.8374 -0.447641 
0.637051 0.485259 -0.453933 
0.637051 -0.742901 -0.344078 
0.637051 -0.992684 -0.824232 
-0.847172 -0.422941 0.521481 
-0.847172 -0.970228 -0.442611 
-0.847172 0.485259 -0.422885 
-0.847172 -0.995706 0.472178 
-0.422941 -0.970228 -0.640582 
-0.422941 0.485259 0.636061 
-0.422941 -0.995706 -0.402051 
-0.970228 0.485259 -0.845887 
-0.970228 -0.995706 -0.789784 
-0.8374 -0.742901 -0.376745 
-0.8374 -0.992684 0.622752 
0.485259 -0.742901 -0.959736 
0.485259 -0.995706 -0.790014 
-0.742901 -0.992684 -0.743849 
0.645194 -0.436245 -0.828832 
0.645194 -0.838431 -0.864798 
0.645194 0.535935 -0.431236 
0.645194 -0.711664 -0.621602 
0.645194 -0.702779 -0.692379 
0.645194 -0.410353 0.558338 
0.645194 -0.838746 -0.46844 
0.645194 -0.907707 -0.823997 
-0.436245 -0.838431 -0.983154 
-0.436245 0.535935 0.601258 
-0.436245 -0.702779 -0.980465 
-0.436245 -0.410353 -0.999211 
-0.436245 -0.861606 0.491721 
-0.838431 0.535935 -0.892025 
-0.838431 -0.711664 -0.458353 
-0.838431 -0.702779 0.640835 
-0.838431 -0.978428 0.506354 
-0.838431 -0.410353 -0.980416 
-0.838431 -0.907707 -0.829617 
0.535935 -0.711664 -0.893071 
0.535935 -0.702779 -0.842576 
0.535935 -0.978428 -0.978684 
0.535935 -0.410353 -0.840497 
0.535935 -0.861606 -0.462645 
-0.711664 -0.702779 0.480065 
-0.711664 -0.978428 -0.861177 
-0.711664 -0.410353 -0.770366 
-0.711664 -0.838746 -0.939797 
-0.711664 -0.907707 0.610195 
-0.702779 -0.978428 -0.438356 
-0.702779 -0.410353 -0.870214 
-0.702779 -0.907707 -0.437807 
-0.410353 -0.838746 0.530785 
-0.410353 -0.907707 -0.853491 
-0.838746 -0.907707 -0.948844 
-0.911329 -0.998165 0.0196388 
-0.911329 -0.468008 -0.973599 
-0.911329 -0.939119 0.531842 
-0.911329 0.561781 -0.944063 
-0.911329 0.529188 -0.895002 
-0.911329 -0.421406 -0.965102 
-0.998165 -0.939119 -0.428333 
-0.998165 0.529188 -0.949633 
-0.998165 -0.421406 -0.960472 
-0.468008 -0.856863 0.601258 
-0.468008 0.561781 0.491721 
-0.468008 0.529188 -0.858006 
-0.939119 0.561781 -0.985605 
-0.939119 0.529188 -0.896319 
-0.939119 -0.421406 -0.953969 
-0.856863 0.561781 -0.462645 
-0.993877 -0.842082 -0.897139 
-0.993877 0.529188 -0.887717 
-0.993877 -0.97331 0.608826 
-0.993877 -0.421406 -0.835049 
0.561781 0.529188 -0.463784 
0.561781 -0.421406 -0.84254 
-0.842082 0.529188 -0.449586 
-0.842082 -0.97331 -0.736088 
-0.842082 -0.421406 0.459958 
0.529188 -0.97331 -0.834003 
0.529188 -0.421406 0.649277 
-0.97331 -0.421406 -0.716482 
-0.94538 -0.424346 -0.954268 
-0.94538 0.636634 -0.911491 
-0.947369 -0.758148 0.631387 
-0.947369 -0.443402 -0.447854 
-0.947369 -0.821769 -0.774554 
-0.947369 -0.891281 -0.954166 
-0.947369 0.616099 -0.776567 
-0.947369 -0.967443 -0.789129 
-0.999764 -0.84017 0.6064 
-0.999764 -0.424346 -0.407488 
-0.999764 0.636634 -0.836608 
-0.758148 -0.443402 0.492041 
-0.758148 -0.821769 -0.378383 
-0.758148 0.636634 -0.968199 
-0.758148 -0.891281 -0.771912 
-0.758148 0.616099 -0.345378 
-0.758148 -0.967568 -0.971349 
-0.758148 -0.967443 -0.526676 
-0.443402 -0.821769 0.249535 
-0.443402 0.636634 -0.840247 
-0.443402 -0.891281 -0.379264 
-0.443402 0.616099 0.514716 
-0.443402 -0.967568 -0.78126 
-0.443402 -0.967443 -0.39565 
-0.84017 -0.424346 0.562923 
-0.84017 0.636634 -0.447799 
-0.424346 0.636634 0.552714 
-0.424346 0.616099 -0.833865 
-0.821769 0.636634 -0.987356 
-0.821769 -0.891281 0.521481 
-0.821769 0.616099 -0.442611 
-0.821769 -0.967568 -0.422885 
-0.821769 -0.967443 0.472178 
0.636634 0.616099 -0.398475 
-0.891281 0.616099 -0.640582 
-0.891281 -0.967568 0.636061 
-0.891281 -0.967443 -0.402051 
0.616099 -0.967568 -0.845887 
0.616099 -0.967443 -0.789784 
-0.967568 -0.967443 -0.790014 
0.0196388 0.531842 -0.428333 
0.0196388 -0.417621 0.514945 
0.0196388 -0.981328 -0.948066 
0.0196388 -0.990295 -0.9798 
0.0196388 -0.981738 -0.958661 
0.0196388 -0.00176533 -0.0318397 
0.0196388 -0.895002 -0.949633 
0.0196388 -0.965102 -0.960472 
0.0196388 -0.995878 -0.97427 
-0.973599 -0.944063 0.491721 
-0.973599 -0.895002 -0.858006 
0.531842 -0.417621 -0.412305 
0.531842 -0.981328 -0.907965 
0.531842 -0.990295 -0.985326 
0.531842 -0.981738 -0.943226 
0.531842 -0.00176533 0.567826 
0.531842 -0.944063 -0.985605 
0.531842 -0.895002 -0.896319 
0.531842 -0.965102 -0.953969 
0.531842 -0.995878 -0.88633 
-0.417621 -0.981328 -0.818733 
-0.417621 -0.990295 -0.970815 
-0.417621 -0.981738 -0.897428 
-0.417621 -0.00176533 0.529786 
-0.417621 -0.895002 -0.963244 
-0.417621 -0.965102 -0.943433 
-0.417621 -0.995878 -0.807931 
-0.981328 -0.990295 -0.423353 
-0.981328 -0.981738 0.650112 
-0.981328 -0.00176533 -0.761048 
-0.981328 -0.995878 0.426296 
-0.990295 -0.981738 0.544413 
-0.990295 -0.00176533 -0.944987 
-0.990295 -0.995878 -0.857429 
-0.981738 -0.00176533 -0.855699 
-0.981738 -0.995878 -0.465542 
-0.00176533 -0.895002 -0.936319 
-0.00176533 -0.965102 -0.946476 
-0.00176533 -0.995878 -0.714893 
-0.944063 -0.895002 -0.463784 
-0.944063 -0.965102 -0.84254 
-0.895002 -0.965102 0.649277 
-0.828832 -0.864798 -0.983154 
-0.828832 -0.431236 0.601258 
-0.828832 -0.692379 -0.980465 
-0.828832 0.558338 -0.999211 
-0.864798 -0.431236 -0.892025 
-0.864798 -0.621602 -0.458353 
-0.864798 -0.692379 0.640835 
-0.864798 0.558338 -0.980416 
-0.864798 -0.823997 -0.829617 
-0.431236 -0.621602 -0.893071 
-0.431236 -0.692379 -0.842576 
-0.431236 0.558338 -0.840497 
-0.621602 -0.692379 0.480065 
-0.621602 -0.960091 -0.425767 
-0.621602 0.558338 -0.770366 
-0.621602 -0.46844 -0.939797 
-0.621602 -0.823997 0.610195 
-0.692379 -0.960091 -0.848906 
-0.692379 0.558338 -0.870214 
-0.692379 -0.823997 -0.437807 
-0.960091 0.558338 -0.94775 
-0.960091 -0.46844 -0.983036 
-0.960091 -0.823997 0.575245 
0.558338 -0.991896 -0.808411 
0.558338 -0.46844 0.530785 
0.558338 -0.823997 -0.853491 
0.558338 -0.849341 -0.437494 
-0.991896 -0.46844 -0.404493 
-0.991896 -0.849341 0.608826 
-0.46844 -0.823997 -0.948844 
-0.46844 -0.849341 0.575159 
-0.428333 0.514945 -0.412305 
-0.428333 -0.948066 -0.907965 
-0.428333 -0.9798 -0.985326 
-0.428333 -0.958661 -0.943226 
-0.428333 -0.0318397 0.567826 
-0.428333 -0.949633 -0.896319 
-0.428333 -0.960472 -0.953969 
-0.428333 -0.97427 -0.88633 
0.514945 -0.948066 -0.818733 
0.514945 -0.9798 -0.970815 
0.514945 -0.958661 -0.897428 
0.514945 -0.0318397 0.529786 
0.514945 -0.949633 -0.963244 
0.514945 -0.960472 -0.943433 
0.514945 -0.97427 -0.807931 
-0.948066 -0.9798 -0.423353 
-0.948066 -0.958661 0.650112 
-0.948066 -0.0318397 -0.761048 
-0.948066 -0.97427 0.426296 
-0.9798 -0.958661 0.544413 
-0.9798 -0.0318397 -0.944987 
-0.9798 -0.97427 -0.857429 
-0.958661 -0.0318397 -0.855699 
-0.958661 -0.97427 -0.465542 
-0.0318397 -0.949633 -0.936319 
-0.0318397 -0.960472 -0.946476 
-0.0318397 -0.97427 -0.714893 
-0.954268 -0.911491 0.552714 
-0.949633 -0.960472 0.649277 
-0.983154 0.601258 -0.892025 
-0.983154 -0.980465 0.640835 
-0.983154 -0.999211 -0.980416 
0.601258 -0.980465 -0.842576 
0.601258 -0.999211 -0.840497 
0.601258 0.491721 -0.462645 
-0.980465 -0.999211 -0.870214 
0.491721 -0.858006 -0.463784 
-0.463722 -0.959789 -0.97142 
-0.463722 -0.296345 -0.385269 
-0.463722 -0.755486 -0.771538 
-0.463722 0.42168 0.406519 
-0.463722 0.594419 -0.849276 
-0.463722 -0.834039 0.676492 
-0.959789 -0.296345 -0.388353 
-0.959789 -0.755486 0.581737 
-0.959789 0.42168 -0.853516 
-0.986843 0.594419 -0.985347 
-0.296345 -0.453662 -0.911955 
-0.296345 -0.755486 0.626574 
-0.296345 0.42168 0.431667 
-0.296345 0.594419 -0.684865 
-0.296345 -0.834039 -0.775482 
-0.453662 0.42168 -0.86181 
-0.453662 0.594419 0.520549 
-0.453662 -0.841982 0.642998 
-0.755486 0.42168 -0.472845 
-0.755486 0.594419 -0.902894 
-0.755486 -0.834039 -0.936447 
0.42168 0.594419 -0.475234 
0.42168 -0.834039 -0.474313 
0.594419 -0.841982 -0.441208 
-0.892025 -0.458353 -0.893071 
-0.892025 0.640835 -0.842576 
-0.892025 0.506354 -0.978684 
-0.892025 -0.980416 -0.840497 
-0.458353 0.640835 0.480065 
-0.458353 0.506354 -0.861177 
-0.458353 -0.980416 -0.770366 
-0.458353 -0.829617 0.610195 
0.640835 -0.452892 -0.836075 
0.640835 0.506354 -0.438356 
0.640835 -0.980416 -0.870214 
0.640835 -0.829617 -0.437807 
-0.452892 -0.857705 0.544413 
-0.452892 0.506354 0.603264 
-0.857705 0.506354 -0.447582 
-0.980416 -0.829617 -0.853491 
-0.412305 -0.907965 -0.818733 
-0.412305 -0.985326 -0.970815 
-0.412305 -0.943226 -0.897428 
-0.412305 0.567826 0.529786 
-0.412305 -0.896319 -0.963244 
-0.412305 -0.953969 -0.943433 
-0.412305 -0.950955 -0.905404 
-0.412305 -0.88633 -0.807931 
-0.978727 -0.888573 0.387658 
-0.978727 -0.957724 0.405635 
-0.978727 -0.961271 -0.877377 
-0.978727 -0.996557 -0.475838 
-0.907965 -0.985326 -0.423353 
-0.907965 -0.943226 0.650112 
-0.907965 0.567826 -0.761048 
-0.907965 -0.950955 -0.477636 
-0.907965 -0.88633 0.426296 
-0.888573 0.567826 -0.997084 
-0.888573 -0.957724 -0.447641 
-0.888573 -0.961271 -0.453933 
-0.888573 -0.996557 -0.824232 
-0.985326 -0.943226 0.544413 
-0.985326 0.567826 -0.944987 
-0.985326 -0.88633 -0.857429 
-0.943226 0.567826 -0.855699 
-0.943226 -0.950955 -0.848411 
-0.943226 -0.88633 -0.465542 
0.567826 -0.896319 -0.936319 
0.567826 -0.953969 -0.946476 
0.567826 -0.950955 -0.83619 
0.567826 -0.88633 -0.714893 
-0.985605 -0.896319 -0.463784 
-0.985605 -0.953969 -0.84254 
-0.896319 -0.953969 0.649277 
-0.896319 -0.996557 -0.953023 
-0.953969 -0.996557 -0.95493 
-0.957724 -0.996557 0.622752 
-0.950955 -0.88633 0.642998 
0.631387 -0.447854 0.492041 
0.631387 -0.871627 -0.749049 
0.631387 -0.774554 -0.378383 
0.631387 -0.954166 -0.771912 
0.631387 -0.776567 -0.345378 
0.631387 -0.951828 -0.944477 
0.631387 0.421517 -0.483393 
0.631387 -0.94357 -0.964471 
0.631387 -0.968281 -0.93599 
0.631387 -0.454823 -0.843812 
0.631387 -0.789129 -0.526676 
-0.447854 -0.871627 -0.761901 
-0.447854 -0.774554 0.249535 
-0.447854 -0.954166 -0.379264 
-0.447854 -0.776567 0.514716 
-0.447854 0.421517 -0.877134 
-0.447854 -0.968281 -0.97391 
-0.447854 -0.789129 -0.39565 
-0.871627 -0.774554 -0.446603 
-0.871627 -0.954166 -0.810566 
-0.871627 -0.776567 -0.953458 
-0.871627 -0.951828 -0.385269 
-0.871627 0.421517 -0.983275 
-0.871627 -0.94357 -0.771538 
-0.871627 -0.968281 0.406519 
-0.871627 -0.789129 0.676492 
-0.857758 0.421517 -0.425561 
-0.857758 -0.454823 0.539913 
-0.774554 -0.954166 0.521481 
-0.774554 -0.776567 -0.442611 
-0.774554 -0.951828 -0.977852 
-0.774554 0.421517 -0.984744 
-0.774554 -0.968281 -0.876919 
-0.774554 -0.789129 0.472178 
-0.954166 -0.776567 -0.640582 
-0.954166 -0.789129 -0.402051 
-0.776567 0.421517 -0.992453 
-0.776567 -0.789129 -0.789784 
-0.951828 0.421517 -0.98011 
-0.951828 -0.94357 0.626574 
-0.951828 -0.968281 0.431667 
-0.951828 -0.789129 -0.775482 
0.421517 -0.94357 -0.941806 
0.421517 -0.454823 0.655148 
0.421517 -0.789129 -0.968676 
-0.94357 -0.968281 -0.472845 
-0.94357 -0.454823 -0.988102 
-0.94357 -0.789129 -0.936447 
-0.968281 -0.789129 -0.474313 
-0.893071 -0.842576 0.480065 
-0.893071 -0.978684 -0.861177 
-0.893071 -0.840497 -0.770366 
-0.842576 -0.978684 -0.438356 
-0.842576 -0.840497 -0.870214 
0.480065 -0.425767 -0.848906 
0.480065 -0.861177 -0.438356 
0.480065 -0.770366 -0.870214 
0.480065 0.610195 -0.437807 
-0.425767 -0.770366 -0.94775 
-0.425767 -0.939797 -0.983036 
-0.425767 -0.984471 -0.388987 
-0.425767 0.610195 0.575245 
-0.425767 -0.81868 0.680238 
-0.770366 -0.939797 0.530785 
-0.770366 0.610195 -0.853491 
-0.939797 0.610195 -0.948844 
-0.984471 0.610195 -0.805304 
-0.984471 -0.81868 0.532976 
0.610195 -0.81868 -0.388901 
-0.871246 0.41845 -0.435245 
-0.871246 -0.48008 0.496467 
0.41845 0.6064 -0.461452 
0.41845 -0.48008 0.638066 
0.41845 -0.407488 -0.820158 
0.41845 -0.699419 -0.889281 
0.41845 -0.836608 -0.995714 
0.41845 -0.87986 -0.978312 
0.41845 -0.773345 -0.931024 
0.6064 -0.48008 -0.839949 
0.6064 -0.407488 0.562923 
0.6064 -0.699419 -0.770962 
0.6064 -0.836608 -0.447799 
0.6064 -0.87986 -0.92619 
0.6064 -0.773345 -0.804724 
0.6064 -0.934127 -0.927513 
-0.48008 -0.407488 -0.983941 
-0.407488 -0.699419 -0.953002 
-0.407488 -0.836608 0.552714 
-0.407488 -0.773345 -0.962403 
-0.699419 -0.87986 0.532976 
-0.699419 -0.773345 0.569068 
-0.699419 -0.934127 -0.431804 
-0.87986 -0.773345 -0.428019 
-0.87986 -0.934127 -0.820323 
-0.773345 -0.934127 0.581737 
0.492041 -0.749049 -0.761901 
0.492041 -0.378383 0.249535 
0.492041 -0.968199 -0.840247 
0.492041 -0.771912 -0.379264 
0.492041 -0.345378 0.514716 
0.492041 -0.971349 -0.78126 
0.492041 -0.483393 -0.877134 
0.492041 -0.93599 -0.97391 
0.492041 -0.526676 -0.39565 
-0.749049 -0.378383 -0.446603 
-0.749049 -0.771912 -0.810566 
-0.749049 -0.345378 -0.953458 
-0.749049 -0.971349 -0.970482 
-0.749049 -0.944477 -0.385269 
-0.749049 -0.483393 -0.983275 
-0.749049 -0.964471 -0.771538 
-0.749049 -0.93599 0.406519 
-0.749049 -0.526676 0.676492 
-0.378383 -0.968199 -0.987356 
-0.378383 -0.771912 0.521481 
-0.378383 -0.345378 -0.442611 
-0.378383 -0.971349 -0.422885 
-0.378383 -0.944477 -0.977852 
-0.378383 -0.483393 -0.984744 
-0.378383 -0.93599 -0.876919 
-0.378383 -0.526676 0.472178 
-0.968199 -0.345378 -0.398475 
-0.771912 -0.345378 -0.640582 
-0.771912 -0.971349 0.636061 
-0.771912 -0.526676 -0.402051 
-0.345378 -0.971349 -0.845887 
-0.345378 -0.483393 -0.992453 
-0.345378 -0.526676 -0.789784 
-0.971349 -0.526676 -0.790014 
-0.944477 -0.483393 -0.98011 
-0.944477 -0.964471 0.626574 
-0.944477 -0.93599 0.431667 
-0.944477 -0.526676 -0.775482 
-0.483393 -0.964471 -0.941806 
-0.483393 -0.843812 0.655148 
-0.483393 -0.526676 -0.968676 
-0.964471 -0.93599 -0.472845 
-0.964471 -0.843812 -0.988102 
-0.964471 -0.526676 -0.936447 
-0.93599 -0.526676 -0.474313 
-0.818733 -0.970815 -0.423353 
-0.818733 -0.897428 0.650112 
-0.818733 0.529786 -0.761048 
-0.818733 -0.905404 -0.477636 
-0.818733 -0.807931 0.426296 
-0.970815 -0.897428 0.544413 
-0.970815 0.529786 -0.944987 
-0.970815 -0.807931 -0.857429 
-0.897428 0.529786 -0.855699 
-0.897428 -0.905404 -0.848411 
-0.897428 -0.807931 -0.465542 
0.529786 -0.963244 -0.936319 
0.529786 -0.943433 -0.946476 
0.529786 -0.905404 -0.83619 
0.529786 -0.807931 -0.714893 
-0.963244 -0.943433 0.649277 
-0.905404 -0.807931 0.642998 
-0.48338 -0.75798 0.387658 
-0.48338 0.496467 -0.873122 
-0.48338 -0.783455 0.405635 
-0.48338 0.656314 0.409658 
-0.48338 -0.927002 -0.475838 
-0.75798 0.496467 -0.979411 
-0.75798 -0.783455 -0.447641 
-0.75798 0.656314 -0.344078 
-0.75798 -0.927002 -0.824232 
-0.435245 0.496467 0.638066 
-0.435245 0.656314 -0.821557 
0.496467 -0.783455 -0.973404 
0.496467 0.656314 -0.435476 
-0.783455 0.656314 -0.376745 
-0.783455 -0.927002 0.622752 
0.656314 -0.927002 -0.743849 
0.387658 -0.873122 -0.979411 
0.387658 -0.866381 -0.995707 
0.387658 0.405635 -0.447641 
0.387658 -0.877377 -0.453933 
0.387658 0.409658 -0.344078 
0.387658 -0.475838 -0.824232 
-0.873122 0.405635 -0.973404 
-0.873122 0.409658 -0.435476 
-0.866381 0.405635 -0.417929 
-0.866381 0.409658 -0.972418 
-0.866381 -0.475838 0.534136 
0.405635 0.409658 -0.376745 
0.405635 -0.475838 0.622752 
-0.877377 0.409658 -0.959736 
0.409658 -0.475838 -0.743849 
-0.836075 -0.438356 0.603264 
-0.848906 -0.870214 -0.94775 
-0.848906 -0.437807 0.575245 
-0.870214 -0.437807 -0.853491 
-0.423353 0.650112 0.544413 
-0.423353 -0.838687 0.603264 
-0.423353 -0.761048 -0.944987 
-0.423353 0.426296 -0.857429 
0.650112 -0.838687 -0.447582 
0.650112 -0.761048 -0.855699 
0.650112 -0.477636 -0.848411 
0.650112 0.426296 -0.465542 
-0.761048 -0.477636 -0.83619 
-0.761048 -0.870901 -0.974745 
-0.761048 0.426296 -0.714893 
-0.477636 -0.870901 0.520549 
-0.477636 0.426296 0.642998 
-0.870901 0.426296 -0.441208 
-0.761901 0.249535 -0.446603 
-0.761901 -0.379264 -0.810566 
-0.761901 0.514716 -0.953458 
-0.761901 -0.78126 -0.970482 
-0.761901 -0.877134 -0.983275 
-0.761901 -0.97391 0.406519 
-0.761901 -0.39565 0.676492 
0.249535 -0.840247 -0.987356 
0.249535 -0.379264 0.521481 
0.249535 0.514716 -0.442611 
0.249535 -0.78126 -0.422885 
0.249535 -0.877134 -0.984744 
0.249535 -0.97391 -0.876919 
0.249535 -0.39565 0.472178 
-0.840247 0.514716 -0.398475 
-0.379264 0.514716 -0.640582 
-0.379264 -0.78126 0.636061 
-0.379264 -0.39565 -0.402051 
0.514716 -0.78126 -0.845887 
0.514716 -0.877134 -0.992453 
0.514716 -0.39565 -0.789784 
-0.78126 -0.39565 -0.790014 
-0.877134 -0.39565 -0.968676 
-0.97391 -0.39565 -0.474313 
-0.979411 -0.447641 -0.973404 
-0.979411 -0.344078 -0.435476 
-0.995707 -0.447641 -0.417929 
-0.995707 -0.344078 -0.972418 
-0.995707 -0.824232 0.534136 
-0.820877 -0.453933 0.636061 
-0.447641 -0.344078 -0.376745 
-0.447641 -0.824232 0.622752 
-0.453933 -0.344078 -0.959736 
-0.344078 -0.824232 -0.743849 
0.544413 0.603264 -0.447582 
0.544413 -0.944987 -0.855699 
0.544413 -0.857429 -0.465542 
-0.944987 -0.857429 -0.714893 
-0.461452 0.638066 -0.839949 
-0.461452 -0.820158 0.562923 
-0.461452 -0.889281 -0.770962 
-0.461452 -0.995714 -0.447799 
-0.461452 -0.978312 -0.92619 
-0.461452 -0.931024 -0.804724 
0.638066 -0.820158 -0.983941 
0.638066 -0.821557 -0.435476 
-0.820158 -0.889281 -0.953002 
-0.820158 -0.995714 0.552714 
-0.820158 -0.931024 -0.962403 
-0.889281 -0.978312 0.532976 
-0.889281 -0.931024 0.569068 
-0.978312 -0.931024 -0.428019 
-0.839949 0.562923 -0.983941 
0.562923 -0.770962 -0.953002 
0.562923 -0.447799 0.552714 
0.562923 -0.804724 -0.962403 
-0.770962 -0.92619 0.532976 
-0.770962 -0.804724 0.569068 
-0.770962 -0.927513 -0.431804 
-0.92619 -0.804724 -0.428019 
-0.92619 -0.927513 -0.820323 
-0.804724 -0.927513 0.581737 
-0.855699 -0.848411 -0.83619 
-0.855699 -0.465542 -0.714893 
-0.848411 -0.465542 0.642998 
-0.94775 -0.983036 0.530785 
-0.94775 0.575245 -0.853491 
-0.983036 0.575245 -0.948844 
-0.388987 0.575245 -0.805304 
-0.388987 0.680238 0.532976 
-0.388987 -0.789172 0.569068 
-0.388987 -0.966936 -0.431804 
0.575245 0.680238 -0.388901 
0.575245 -0.789172 -0.962045 
0.680238 -0.789172 -0.428019 
0.680238 -0.966936 -0.820323 
-0.789172 -0.966936 0.581737 
-0.973404 -0.435476 -0.376745 
-0.446603 -0.810566 0.521481 
-0.446603 -0.953458 -0.442611 
-0.446603 -0.970482 -0.422885 
-0.446603 -0.385269 -0.977852 
-0.446603 -0.983275 -0.984744 
-0.446603 0.406519 -0.876919 
-0.446603 0.676492 0.472178 
-0.97142 -0.385269 -0.388353 
-0.97142 -0.983275 -0.993813 
-0.97142 -0.771538 0.581737 
-0.97142 0.406519 -0.853516 
-0.810566 -0.953458 -0.640582 
-0.810566 -0.970482 0.636061 
-0.810566 0.676492 -0.402051 
-0.953458 -0.970482 -0.845887 
-0.953458 -0.983275 -0.992453 
-0.953458 0.676492 -0.789784 
-0.970482 0.676492 -0.790014 
-0.385269 -0.983275 -0.98011 
-0.385269 -0.771538 0.626574 
-0.385269 0.406519 0.431667 
-0.385269 -0.849276 -0.684865 
-0.385269 0.676492 -0.775482 
-0.983275 -0.771538 -0.941806 
-0.983275 0.676492 -0.968676 
-0.771538 0.406519 -0.472845 
-0.771538 -0.849276 -0.902894 
-0.771538 0.676492 -0.936447 
0.406519 -0.849276 -0.475234 
0.406519 0.676492 -0.474313 
-0.93961 -0.96908 -0.808411 
-0.93961 -0.83994 0.530785 
-0.93961 0.555977 -0.909437 
-0.93961 -0.869367 -0.437494 
-0.93961 -0.433353 -0.985098 
-0.96908 -0.83994 -0.404493 
-0.96908 0.555977 -0.897139 
-0.96908 -0.833924 -0.887717 
-0.96908 -0.869367 0.608826 
-0.96908 -0.433353 -0.835049 
-0.83994 0.555977 -0.733475 
-0.83994 -0.833924 -0.93478 
-0.83994 -0.869367 0.575159 
-0.83994 -0.433353 -0.821166 
-0.83994 0.539913 -0.970772 
0.555977 -0.833924 -0.449586 
0.555977 -0.869367 -0.736088 
0.555977 -0.433353 0.459958 
0.555977 -0.425561 -0.837549 
0.555977 0.539913 -0.445927 
-0.833924 -0.869367 -0.834003 
-0.833924 -0.433353 0.649277 
-0.869367 -0.433353 -0.716482 
-0.433353 0.539913 -0.848115 
-0.425561 0.539913 0.655148 
-0.808411 0.530785 -0.404493 
-0.808411 -0.909437 -0.897139 
-0.808411 -0.437494 0.608826 
-0.808411 -0.985098 -0.835049 
-0.808411 -0.989797 0.534136 
0.530785 -0.909437 -0.733475 
0.530785 -0.853491 -0.948844 
0.530785 -0.437494 0.575159 
0.530785 -0.985098 -0.821166 
0.530785 -0.989797 -0.828576 
-0.909437 -0.437494 -0.736088 
-0.909437 -0.985098 0.459958 
-0.437494 -0.985098 -0.716482 
-0.437494 -0.989797 -0.414862 
-0.985098 -0.989797 -0.95493 
-0.404493 -0.897139 -0.733475 
-0.404493 -0.887717 -0.93478 
-0.404493 0.608826 0.575159 
-0.404493 -0.835049 -0.821166 
-0.404493 0.534136 -0.828576 
-0.897139 -0.887717 -0.449586 
-0.897139 0.608826 -0.736088 
-0.897139 -0.835049 0.459958 
-0.887717 0.608826 -0.834003 
-0.887717 -0.835049 0.649277 
-0.887717 0.534136 -0.953023 
0.608826 -0.835049 -0.716482 
0.608826 -0.417929 -0.826411 
0.608826 0.534136 -0.414862 
-0.835049 0.534136 -0.95493 
-0.417929 -0.972418 -0.376745 
-0.417929 0.534136 0.622752 
-0.972418 0.534136 -0.743849 
-0.733475 -0.93478 -0.449586 
-0.733475 0.575159 -0.736088 
-0.733475 -0.821166 0.459958 
-0.733475 -0.970772 -0.445927 
-0.93478 0.575159 -0.834003 
-0.93478 -0.821166 0.649277 
-0.93478 -0.828576 -0.953023 
0.575159 -0.821166 -0.716482 
0.575159 -0.828576 -0.414862 
-0.821166 -0.828576 -0.95493 
-0.821166 -0.970772 -0.848115 
-0.936319 -0.946476 0.649277 
-0.83619 -0.974745 0.520549 
-0.83619 -0.714893 0.642998 
-0.974745 -0.714893 -0.441208 
-0.953002 -0.962403 0.569068 
0.552714 -0.833865 -0.398475 
-0.463784 -0.84254 0.649277 
-0.449586 -0.736088 -0.834003 
-0.449586 0.459958 0.649277 
-0.736088 0.459958 -0.716482 
0.459958 -0.445927 -0.848115 
-0.837549 -0.445927 0.655148 
-0.805304 0.532976 -0.388901 
-0.805304 0.569068 -0.962045 
0.532976 0.569068 -0.428019 
0.532976 -0.828676 -0.992919 
0.532976 -0.431804 -0.820323 
0.569068 -0.828676 -0.388353 
0.569068 -0.431804 0.581737 
-0.828676 -0.431804 0.626574 
-0.388901 -0.962045 -0.428019 
-0.987356 -0.442611 -0.398475 
0.521481 -0.442611 -0.640582 
0.521481 -0.422885 0.636061 
0.521481 0.472178 -0.402051 
-0.442611 -0.422885 -0.845887 
-0.442611 -0.984744 -0.992453 
-0.442611 0.472178 -0.789784 
-0.422885 0.472178 -0.790014 
-0.977852 -0.984744 -0.98011 
-0.977852 -0.876919 0.431667 
-0.977852 0.472178 -0.775482 
-0.984744 0.472178 -0.968676 
-0.876919 0.472178 -0.474313 
-0.834003 0.649277 -0.716482 
-0.834003 -0.953023 -0.414862 
0.649277 -0.953023 -0.95493 
-0.716482 -0.414862 -0.95493 
-0.826411 -0.414862 0.622752 
-0.428019 -0.992919 -0.388353 
-0.428019 -0.820323 0.581737 
-0.992919 -0.820323 0.626574 
-0.388353 -0.993813 -0.98011 
-0.388353 0.581737 0.626574 
-0.388353 -0.853516 0.431667 
-0.993813 0.581737 -0.941806 
0.581737 -0.853516 -0.472845 
-0.640582 0.636061 -0.845887 
-0.640582 -0.402051 -0.789784 
0.636061 -0.402051 -0.790014 
-0.845887 -0.789784 -0.790014 
-0.992453 -0.789784 -0.968676 
-0.376745 0.622752 -0.743849 
-0.911955 0.431667 -0.86181 
-0.911955 -0.684865 0.520549 
-0.98011 0.626574 -0.941806 
-0.98011 -0.775482 -0.968676 
0.626574 0.431667 -0.472845 
0.626574 -0.684865 -0.902894 
0.626574 -0.775482 -0.936447 
0.431667 -0.684865 -0.475234 
0.431667 -0.775482 -0.474313 
-0.86181 0.520549 -0.475234 
0.520549 0.642998 -0.441208 
-0.941806 0.655148 -0.988102 
-0.941806 -0.968676 -0.936447 
-0.472845 -0.902894 -0.475234 
-0.472845 -0.936447 -0.474313 
