-0.980615 0.560825 -0.943613 
-0.980615 -0.396465 -0.98794 
-0.980615 -0.940849 -0.957195 
-0.980615 -0.949221 -0.761368 
-0.980615 -0.989136 0.610934 
0.560825 0.540341 -0.038779 
0.560825 -0.396465 0.591052 
0.560825 -0.940849 -0.826186 
0.560825 -0.949221 -0.845426 
0.560825 -0.398427 -0.41497 
0.560825 -0.423057 -0.000917913 
0.560825 -0.989136 -0.93863 
0.560825 -0.990601 -0.914296 
0.540341 -0.396465 -0.437719 
0.540341 -0.398427 0.56641 
0.540341 -0.423057 -0.0460628 
-0.984017 -0.981466 0.5743 
-0.396465 -0.940849 -0.894288 
-0.396465 -0.949221 -0.912843 
-0.396465 -0.398427 -0.406149 
-0.396465 -0.423057 0.571372 
-0.396465 -0.989136 -0.985575 
-0.396465 -0.990601 -0.954933 
-0.940849 -0.949221 0.668462 
-0.940849 -0.989136 -0.782172 
-0.940849 -0.990601 0.501307 
-0.949221 -0.989136 -0.332737 
-0.949221 -0.990601 -0.438144 
-0.398427 -0.423057 0.527182 
-0.989136 -0.990601 -0.991402 
-0.978953 -0.963375 -0.472314 
-0.978953 -0.863511 -0.811285 
-0.978953 -0.470954 -0.765783 
-0.978953 -0.9364 0.610934 
-0.978953 0.567355 -0.858338 
-0.978953 -0.996563 -0.978607 
-0.955512 -0.497859 -0.470545 
-0.955512 0.665728 -0.804608 
-0.955512 -0.842855 -0.751353 
-0.955512 -0.776523 0.632178 
-0.955512 -0.980964 -0.953697 
-0.497859 0.665728 0.348534 
-0.497859 -0.842855 0.359073 
-0.497859 0.567355 -0.873114 
-0.497859 -0.776523 0.460501 
-0.497859 -0.980964 -0.498735 
-0.963375 -0.863511 0.34225 
-0.963375 -0.470954 -0.227855 
-0.963375 -0.9364 0.466108 
-0.963375 0.567355 -0.737766 
-0.963375 -0.996563 -0.351282 
0.665728 -0.470954 -0.848132 
0.665728 -0.842855 -0.487897 
0.665728 0.567355 -0.414186 
0.665728 -0.776523 -0.401325 
0.665728 -0.980964 -0.817829 
-0.863511 -0.470954 0.55293 
-0.863511 -0.9364 -0.400323 
-0.863511 0.567355 -0.478178 
-0.863511 -0.996563 0.54431 
-0.470954 -0.9364 -0.425224 
-0.470954 0.567355 0.513001 
-0.470954 -0.996563 -0.392608 
-0.9364 0.567355 -0.719847 
-0.9364 -0.996563 -0.789702 
-0.842855 -0.776523 -0.337762 
-0.842855 -0.980964 0.584933 
0.567355 -0.776523 -0.974848 
0.567355 -0.996563 -0.823326 
-0.776523 -0.980964 -0.789274 
0.578162 -0.474262 -0.830222 
0.578162 0.493709 -0.396965 
0.578162 -0.858614 -0.877239 
0.578162 -0.926047 -0.975522 
0.578162 -0.97743 -0.964004 
0.578162 -0.46938 0.504453 
0.578162 -0.861323 -0.480615 
0.578162 -0.938086 -0.92543 
0.578162 -0.997114 -0.894723 
-0.474262 0.493709 0.5743 
-0.474262 -0.867502 0.545878 
0.493709 -0.858614 -0.955809 
0.493709 -0.926047 -0.958434 
0.493709 -0.46938 -0.836198 
0.493709 -0.867502 -0.456137 
-0.858614 -0.926047 0.490568 
-0.858614 -0.97743 -0.432766 
-0.858614 -0.46938 -0.925854 
-0.858614 -0.861323 -0.987374 
-0.858614 -0.938086 0.546239 
-0.926047 -0.97743 -0.812502 
-0.926047 -0.938086 -0.425041 
-0.97743 -0.46938 -0.969078 
-0.97743 -0.938086 0.518489 
-0.46938 -0.861323 0.542564 
-0.46938 -0.938086 -0.936982 
-0.46938 -0.997114 -0.825616 
-0.861323 -0.938086 -0.981799 
-0.861323 -0.997114 -0.87694 
-0.429136 -0.837575 0.5743 
-0.429136 0.590156 0.545878 
-0.429136 0.571787 -0.824128 
-0.429136 -0.439857 -0.999716 
-0.837575 0.590156 -0.456137 
-0.837575 0.571787 -0.994565 
-0.895007 -0.850849 -0.869412 
-0.895007 0.571787 -0.823088 
-0.895007 -0.94987 0.607098 
-0.895007 -0.439857 -0.812269 
-0.895007 -0.971563 -0.412088 
-0.895007 -0.88003 0.554955 
0.590156 0.571787 -0.410752 
0.590156 -0.439857 -0.832338 
0.590156 -0.88003 -0.990503 
-0.850849 0.571787 -0.45574 
-0.850849 -0.94987 -0.778071 
-0.850849 -0.439857 0.540953 
-0.850849 -0.88003 -0.990644 
0.571787 -0.94987 -0.862568 
0.571787 -0.439857 0.580032 
0.571787 -0.971563 -0.995984 
0.571787 -0.88003 -0.874223 
-0.94987 -0.439857 -0.788606 
-0.94987 -0.971563 -0.804792 
-0.94987 -0.88003 -0.41973 
-0.439857 -0.88003 -0.924312 
-0.971563 -0.88003 0.584933 
-0.943613 -0.98794 0.591052 
-0.943613 -0.957195 -0.826186 
-0.943613 -0.761368 -0.845426 
-0.943613 -0.472314 -0.964076 
-0.943613 0.610934 -0.93863 
-0.98794 -0.957195 -0.894288 
-0.98794 -0.761368 -0.912843 
-0.98794 -0.472314 -0.999376 
-0.98794 0.610934 -0.985575 
-0.957195 -0.761368 0.668462 
-0.957195 -0.472314 -0.434694 
-0.957195 -0.811285 -0.751974 
-0.957195 -0.765783 -0.931251 
-0.957195 0.610934 -0.782172 
-0.957195 -0.978607 -0.796241 
-0.761368 -0.472314 0.4928 
-0.761368 -0.811285 -0.388609 
-0.761368 0.478352 -0.97973 
-0.761368 -0.765783 -0.722711 
-0.761368 0.610934 -0.332737 
-0.761368 -0.858338 -0.948529 
-0.761368 -0.978607 -0.604347 
-0.472314 -0.811285 0.34225 
-0.472314 0.478352 -0.859218 
-0.472314 -0.765783 -0.227855 
-0.472314 0.610934 0.466108 
-0.472314 -0.858338 -0.737766 
-0.472314 -0.978607 -0.351282 
-0.844125 -0.451539 0.566984 
-0.844125 0.478352 -0.402853 
-0.844125 0.610934 -0.991407 
-0.451539 0.478352 0.65378 
-0.451539 0.610934 -0.824734 
-0.811285 0.478352 -0.982632 
-0.811285 -0.765783 0.55293 
-0.811285 0.610934 -0.400323 
-0.811285 -0.858338 -0.478178 
-0.811285 -0.978607 0.54431 
0.478352 -0.765783 -0.948899 
0.478352 0.610934 -0.439305 
0.478352 -0.858338 -0.971017 
-0.765783 0.610934 -0.425224 
-0.765783 -0.858338 0.513001 
-0.765783 -0.978607 -0.392608 
0.610934 -0.858338 -0.719847 
0.610934 -0.978607 -0.789702 
-0.858338 -0.978607 -0.823326 
-0.038779 -0.933792 -0.910382 
-0.038779 0.591052 -0.437719 
-0.038779 -0.41497 0.56641 
-0.038779 -0.981924 -0.999482 
-0.038779 -0.997222 -0.932238 
-0.038779 -0.000917913 -0.0460628 
-0.933792 0.591052 -0.751492 
-0.933792 -0.41497 -0.636874 
-0.933792 -0.981924 0.596015 
-0.933792 -0.997222 0.498754 
-0.933792 -0.000917913 -0.493863 
0.591052 -0.826186 -0.894288 
0.591052 -0.845426 -0.912843 
0.591052 -0.41497 -0.406149 
0.591052 -0.981924 -0.803116 
0.591052 -0.964076 -0.999376 
0.591052 -0.997222 -0.917971 
0.591052 -0.000917913 0.571372 
0.591052 -0.93863 -0.985575 
0.591052 -0.914296 -0.954933 
-0.826186 -0.845426 0.668462 
-0.826186 -0.964076 -0.434694 
-0.826186 -0.93863 -0.782172 
-0.826186 -0.914296 0.501307 
-0.845426 -0.964076 0.4928 
-0.845426 -0.93863 -0.332737 
-0.845426 -0.914296 -0.438144 
-0.41497 -0.981924 -0.855629 
-0.41497 -0.997222 -0.685912 
-0.41497 -0.000917913 0.527182 
-0.981924 -0.997222 -0.428914 
-0.981924 -0.000917913 -0.682634 
-0.964076 -0.93863 0.466108 
-0.964076 -0.914296 -0.854182 
-0.997222 -0.000917913 -0.731141 
-0.93863 -0.914296 -0.991402 
-0.830222 -0.396965 0.5743 
-0.396965 -0.877239 -0.955809 
-0.396965 -0.975522 -0.958434 
-0.396965 0.504453 -0.836198 
-0.877239 -0.975522 0.490568 
-0.877239 -0.964004 -0.432766 
-0.877239 0.504453 -0.925854 
-0.877239 -0.480615 -0.987374 
-0.877239 -0.92543 0.546239 
-0.975522 -0.964004 -0.812502 
-0.975522 -0.92543 -0.425041 
-0.964004 0.504453 -0.969078 
-0.964004 -0.92543 0.518489 
-0.909475 0.504453 -0.765921 
-0.909475 -0.480615 -0.752314 
-0.909475 -0.996852 0.690433 
-0.909475 -0.866934 -0.805907 
-0.909475 -0.936895 -0.492414 
-0.909475 -0.894723 0.427639 
0.504453 -0.480615 0.542564 
0.504453 -0.996852 -0.88117 
0.504453 -0.92543 -0.936982 
0.504453 -0.866934 -0.458104 
0.504453 -0.936895 -0.931633 
0.504453 -0.894723 -0.825616 
-0.480615 -0.996852 -0.810489 
-0.480615 -0.92543 -0.981799 
-0.480615 -0.866934 0.566814 
-0.480615 -0.936895 -0.987338 
-0.480615 -0.894723 -0.87694 
-0.996852 -0.866934 -0.778071 
-0.996852 -0.936895 -0.845617 
-0.996852 -0.894723 -0.446293 
-0.866934 -0.894723 -0.946849 
-0.936895 -0.894723 0.605652 
-0.910382 -0.437719 -0.751492 
-0.910382 0.56641 -0.636874 
-0.910382 -0.999482 0.596015 
-0.910382 -0.971939 -0.47136 
-0.910382 -0.932238 0.498754 
-0.910382 -0.0460628 -0.493863 
-0.437719 0.56641 -0.406149 
-0.437719 -0.999482 -0.803116 
-0.437719 -0.932238 -0.917971 
-0.437719 -0.0460628 0.571372 
0.56641 -0.999482 -0.855629 
0.56641 -0.971939 -0.811314 
0.56641 -0.932238 -0.685912 
0.56641 -0.0460628 0.527182 
-0.999482 -0.971939 -0.844588 
-0.999482 -0.932238 -0.428914 
-0.999482 -0.0460628 -0.682634 
-0.971939 -0.932238 0.5737 
-0.971939 -0.0460628 -0.90291 
-0.932238 -0.0460628 -0.731141 
0.5743 0.545878 -0.456137 
0.5743 -0.824128 -0.994565 
0.545878 -0.824128 -0.410752 
0.545878 -0.999716 -0.832338 
-0.824128 -0.999716 0.580032 
-0.46049 -0.948392 -0.967452 
-0.46049 -0.346425 -0.284611 
-0.46049 -0.688882 -0.759334 
-0.46049 0.393332 0.465256 
-0.46049 0.610769 -0.84303 
-0.46049 -0.843983 0.663761 
-0.948392 -0.346425 -0.424042 
-0.948392 -0.688882 0.513178 
-0.948392 0.393332 -0.845844 
-0.346425 -0.437977 -0.953782 
-0.346425 -0.688882 0.644112 
-0.346425 0.393332 0.450307 
-0.346425 0.610769 -0.756884 
-0.346425 -0.843983 -0.661754 
-0.437977 -0.688882 -0.991894 
-0.437977 0.393332 -0.872767 
-0.437977 0.610769 0.522074 
-0.437977 -0.829378 0.604303 
-0.688882 0.393332 -0.418024 
-0.688882 0.610769 -0.88397 
-0.688882 -0.843983 -0.907795 
0.393332 0.610769 -0.501328 
0.393332 -0.843983 -0.435199 
0.610769 -0.829378 -0.437667 
-0.751492 -0.468684 -0.895309 
-0.751492 -0.636874 -0.406149 
-0.751492 0.596015 -0.803116 
-0.751492 -0.978823 -0.933582 
-0.751492 0.498754 -0.917971 
-0.751492 -0.493863 0.571372 
-0.751492 -0.820611 -0.90424 
-0.468684 -0.636874 -0.989563 
-0.468684 0.596015 0.490568 
-0.468684 -0.978823 -0.432766 
-0.468684 0.498754 -0.858269 
-0.468684 -0.493863 -0.868611 
-0.468684 -0.820611 0.546239 
-0.636874 0.596015 -0.855629 
-0.636874 -0.47136 -0.811314 
-0.636874 -0.860575 -0.95855 
-0.636874 0.498754 -0.685912 
-0.636874 -0.493863 0.527182 
0.596015 -0.47136 -0.844588 
0.596015 -0.978823 -0.812502 
0.596015 0.498754 -0.428914 
0.596015 -0.493863 -0.682634 
0.596015 -0.820611 -0.425041 
-0.47136 -0.860575 0.562693 
-0.47136 0.498754 0.5737 
-0.47136 -0.493863 -0.90291 
-0.860575 0.498754 -0.447859 
-0.978823 -0.493863 -0.987675 
-0.978823 -0.820611 0.518489 
0.498754 -0.493863 -0.731141 
-0.493863 -0.820611 -0.922984 
-0.894288 -0.912843 0.668462 
-0.894288 -0.999376 -0.434694 
-0.894288 -0.985575 -0.782172 
-0.894288 -0.954933 0.501307 
-0.895309 -0.406149 -0.989563 
-0.895309 -0.803116 0.490568 
-0.895309 -0.933582 -0.432766 
-0.895309 -0.917971 -0.858269 
-0.895309 0.571372 -0.868611 
-0.895309 -0.90424 0.546239 
-0.895309 -0.977822 -0.824074 
-0.912843 -0.999376 0.4928 
-0.912843 -0.985575 -0.332737 
-0.912843 -0.954933 -0.438144 
-0.406149 -0.803116 -0.855629 
-0.406149 -0.917971 -0.685912 
-0.406149 0.571372 0.527182 
-0.803116 -0.933582 -0.812502 
-0.803116 -0.917971 -0.428914 
-0.803116 0.571372 -0.682634 
-0.803116 -0.90424 -0.425041 
-0.803116 -0.977822 -0.979789 
-0.999376 -0.985575 0.466108 
-0.999376 -0.954933 -0.854182 
-0.933582 0.571372 -0.987675 
-0.933582 -0.90424 0.518489 
-0.933582 -0.977822 0.691078 
-0.917971 0.571372 -0.731141 
0.571372 -0.90424 -0.922984 
-0.90424 -0.977822 -0.418193 
-0.985575 -0.954933 -0.991402 
0.668462 -0.434694 0.4928 
0.668462 -0.877214 -0.80762 
0.668462 -0.751974 -0.388609 
0.668462 -0.91539 -0.975479 
0.668462 -0.931251 -0.722711 
0.668462 -0.782172 -0.332737 
0.668462 -0.877632 -0.883635 
0.668462 0.501307 -0.438144 
0.668462 -0.896249 -0.93831 
0.668462 -0.945055 -0.936404 
0.668462 -0.461486 -0.841072 
0.668462 -0.796241 -0.604347 
-0.434694 -0.877214 -0.744797 
-0.434694 -0.751974 0.34225 
-0.434694 -0.931251 -0.227855 
-0.434694 -0.782172 0.466108 
-0.434694 -0.877632 -0.918677 
-0.434694 0.501307 -0.854182 
-0.434694 -0.896249 -0.992669 
-0.434694 -0.945055 -0.939168 
-0.434694 -0.796241 -0.351282 
-0.877214 -0.751974 -0.421111 
-0.877214 -0.91539 -0.967452 
-0.877214 -0.931251 -0.812771 
-0.877214 -0.782172 -0.964625 
-0.877214 -0.877632 -0.284611 
-0.877214 0.501307 -0.964519 
-0.877214 -0.896249 -0.759334 
-0.877214 -0.945055 0.465256 
-0.877214 -0.796241 0.663761 
-0.878438 0.501307 -0.492414 
-0.878438 -0.461486 0.427639 
-0.996083 -0.91539 0.552182 
-0.996083 -0.877632 -0.830455 
-0.996083 0.501307 -0.977005 
-0.996083 -0.896249 -0.454988 
-0.751974 -0.931251 0.55293 
-0.751974 -0.782172 -0.400323 
-0.751974 -0.877632 -0.90055 
-0.751974 0.501307 -0.956841 
-0.751974 -0.945055 -0.842958 
-0.751974 -0.796241 0.54431 
-0.91539 -0.877632 -0.424042 
-0.91539 0.501307 -0.890177 
-0.91539 -0.896249 0.513178 
-0.91539 -0.945055 -0.845844 
-0.91539 -0.461486 -0.9394 
-0.931251 -0.782172 -0.425224 
-0.931251 -0.796241 -0.392608 
-0.782172 0.501307 -0.991402 
-0.782172 -0.796241 -0.789702 
-0.877632 0.501307 -0.92462 
-0.877632 -0.896249 0.644112 
-0.877632 -0.945055 0.450307 
-0.877632 -0.461486 -0.994432 
-0.877632 -0.796241 -0.661754 
0.501307 -0.896249 -0.902637 
0.501307 -0.945055 -0.981551 
0.501307 -0.461486 0.605652 
0.501307 -0.796241 -0.949916 
-0.896249 -0.945055 -0.418024 
-0.896249 -0.461486 -0.96357 
-0.896249 -0.796241 -0.907795 
-0.945055 -0.796241 -0.435199 
-0.955809 -0.958434 0.490568 
-0.955809 -0.836198 -0.925854 
-0.456137 -0.994565 -0.410752 
-0.989563 0.490568 -0.855629 
-0.989563 -0.858269 -0.685912 
-0.989563 -0.868611 0.527182 
0.490568 -0.432766 -0.812502 
0.490568 -0.858269 -0.428914 
0.490568 -0.868611 -0.682634 
0.490568 0.546239 -0.425041 
0.490568 -0.824074 -0.979789 
-0.432766 -0.925854 -0.969078 
-0.432766 -0.868611 -0.987675 
-0.432766 -0.989761 -0.369239 
-0.432766 0.546239 0.518489 
-0.432766 -0.824074 0.691078 
-0.858269 -0.868611 -0.731141 
-0.925854 -0.987374 0.542564 
-0.925854 0.546239 -0.936982 
-0.987374 0.546239 -0.981799 
-0.868611 0.546239 -0.922984 
-0.989761 0.546239 -0.82517 
-0.989761 -0.824074 0.599171 
0.546239 -0.824074 -0.418193 
-0.861861 -0.983605 -0.980361 
-0.861861 0.554112 -0.468336 
-0.861861 -0.448412 0.481822 
-0.983605 0.554112 -0.948878 
-0.983605 -0.448412 -0.966102 
-0.983605 -0.973934 -0.4137 
-0.983605 -0.93782 0.589656 
0.554112 0.524109 -0.426961 
0.554112 -0.448412 0.557234 
0.554112 -0.459403 -0.822989 
0.554112 -0.830413 -0.983243 
0.554112 -0.973934 -0.992154 
0.554112 -0.93782 -0.928553 
0.524109 -0.448412 -0.847025 
0.524109 -0.459403 0.566984 
0.524109 -0.9331 -0.92153 
0.524109 -0.830413 -0.402853 
0.524109 -0.91106 -0.900591 
0.524109 -0.929374 -0.94405 
0.524109 -0.93782 -0.999781 
-0.448412 -0.93782 -0.967831 
-0.459403 -0.9331 -0.991517 
-0.459403 -0.830413 0.65378 
-0.459403 -0.91106 -0.978094 
-0.9331 -0.91106 0.552182 
-0.9331 -0.929374 -0.454988 
-0.91106 -0.929374 0.513178 
-0.973934 -0.929374 -0.991894 
-0.973934 -0.93782 0.604303 
0.4928 -0.80762 -0.744797 
0.4928 -0.388609 0.34225 
0.4928 -0.97973 -0.859218 
0.4928 -0.722711 -0.227855 
0.4928 -0.332737 0.466108 
0.4928 -0.948529 -0.737766 
0.4928 -0.883635 -0.918677 
0.4928 -0.438144 -0.854182 
0.4928 -0.93831 -0.992669 
0.4928 -0.936404 -0.939168 
0.4928 -0.604347 -0.351282 
-0.80762 -0.388609 -0.421111 
-0.80762 -0.975479 -0.967452 
-0.80762 -0.722711 -0.812771 
-0.80762 -0.332737 -0.964625 
-0.80762 -0.948529 -0.990925 
-0.80762 -0.883635 -0.284611 
-0.80762 -0.438144 -0.964519 
-0.80762 -0.93831 -0.759334 
-0.80762 -0.936404 0.465256 
-0.80762 -0.604347 0.663761 
-0.388609 -0.97973 -0.982632 
-0.388609 -0.722711 0.55293 
-0.388609 -0.332737 -0.400323 
-0.388609 -0.948529 -0.478178 
-0.388609 -0.883635 -0.90055 
-0.388609 -0.438144 -0.956841 
-0.388609 -0.936404 -0.842958 
-0.388609 -0.604347 0.54431 
-0.97973 -0.722711 -0.948899 
-0.97973 -0.332737 -0.439305 
-0.97973 -0.948529 -0.971017 
-0.975479 -0.883635 -0.424042 
-0.975479 -0.438144 -0.890177 
-0.975479 -0.93831 0.513178 
-0.975479 -0.936404 -0.845844 
-0.975479 -0.841072 -0.9394 
-0.722711 -0.332737 -0.425224 
-0.722711 -0.948529 0.513001 
-0.722711 -0.604347 -0.392608 
-0.332737 -0.948529 -0.719847 
-0.332737 -0.438144 -0.991402 
-0.332737 -0.604347 -0.789702 
-0.948529 -0.604347 -0.823326 
-0.883635 -0.438144 -0.92462 
-0.883635 -0.93831 0.644112 
-0.883635 -0.936404 0.450307 
-0.883635 -0.841072 -0.994432 
-0.883635 -0.604347 -0.661754 
-0.438144 -0.93831 -0.902637 
-0.438144 -0.936404 -0.981551 
-0.438144 -0.841072 0.605652 
-0.438144 -0.604347 -0.949916 
-0.93831 -0.936404 -0.418024 
-0.93831 -0.841072 -0.96357 
-0.93831 -0.604347 -0.907795 
-0.936404 -0.604347 -0.435199 
-0.855629 -0.811314 -0.844588 
-0.855629 -0.685912 -0.428914 
-0.855629 0.527182 -0.682634 
-0.811314 -0.95855 0.562693 
-0.811314 -0.685912 0.5737 
-0.811314 0.527182 -0.90291 
-0.95855 -0.685912 -0.447859 
-0.685912 0.527182 -0.731141 
-0.470545 -0.804608 0.348534 
-0.470545 0.481822 -0.872951 
-0.470545 -0.751353 0.359073 
-0.470545 0.632178 0.460501 
-0.470545 -0.953697 -0.498735 
-0.980361 -0.468336 -0.948878 
-0.980361 0.481822 -0.966102 
-0.804608 0.481822 -0.987827 
-0.804608 -0.751353 -0.487897 
-0.804608 0.632178 -0.401325 
-0.804608 -0.953697 -0.817829 
-0.468336 0.481822 0.557234 
-0.468336 0.632178 -0.844425 
0.481822 -0.751353 -0.978767 
0.481822 0.632178 -0.453496 
-0.751353 0.632178 -0.337762 
-0.751353 -0.953697 0.584933 
0.632178 -0.953697 -0.789274 
0.348534 -0.872951 -0.987827 
0.348534 -0.854178 -0.994161 
0.348534 0.359073 -0.487897 
0.348534 -0.873114 -0.414186 
0.348534 0.460501 -0.401325 
0.348534 -0.498735 -0.817829 
-0.872951 0.359073 -0.978767 
-0.872951 0.460501 -0.453496 
-0.854178 0.359073 -0.412088 
-0.854178 0.460501 -0.961157 
-0.854178 -0.498735 0.554955 
0.359073 0.460501 -0.337762 
0.359073 -0.498735 0.584933 
-0.873114 0.460501 -0.974848 
0.460501 -0.498735 -0.789274 
-0.844588 -0.428914 0.5737 
-0.844588 -0.682634 -0.90291 
-0.812502 -0.682634 -0.987675 
-0.812502 -0.425041 0.518489 
-0.812502 -0.979789 0.691078 
-0.428914 -0.682634 -0.731141 
-0.682634 -0.425041 -0.922984 
-0.425041 -0.979789 -0.418193 
-0.39429 0.586222 0.562693 
-0.39429 -0.83068 0.5737 
-0.39429 -0.4137 -0.985229 
-0.39429 0.589656 -0.81544 
-0.948878 -0.966102 0.557234 
-0.948878 -0.4137 -0.992154 
-0.948878 0.589656 -0.928553 
0.586222 -0.83068 -0.447859 
0.586222 -0.4137 -0.815633 
0.586222 0.589656 -0.418107 
-0.966102 0.589656 -0.967831 
-0.83068 0.589656 -0.997499 
-0.4137 -0.844243 0.522074 
-0.4137 0.589656 0.604303 
-0.844243 0.589656 -0.437667 
-0.744797 0.34225 -0.421111 
-0.744797 -0.227855 -0.812771 
-0.744797 0.466108 -0.964625 
-0.744797 -0.737766 -0.990925 
-0.744797 -0.918677 -0.284611 
-0.744797 -0.854182 -0.964519 
-0.744797 -0.992669 -0.759334 
-0.744797 -0.939168 0.465256 
-0.744797 -0.351282 0.663761 
0.34225 -0.859218 -0.982632 
0.34225 -0.227855 0.55293 
0.34225 0.466108 -0.400323 
0.34225 -0.737766 -0.478178 
0.34225 -0.918677 -0.90055 
0.34225 -0.854182 -0.956841 
0.34225 -0.939168 -0.842958 
0.34225 -0.351282 0.54431 
-0.859218 -0.227855 -0.948899 
-0.859218 0.466108 -0.439305 
-0.859218 -0.737766 -0.971017 
-0.227855 0.466108 -0.425224 
-0.227855 -0.737766 0.513001 
-0.227855 -0.351282 -0.392608 
0.466108 -0.737766 -0.719847 
0.466108 -0.854182 -0.991402 
0.466108 -0.351282 -0.789702 
-0.737766 -0.351282 -0.823326 
-0.918677 -0.854182 -0.92462 
-0.918677 -0.992669 0.644112 
-0.918677 -0.939168 0.450307 
-0.918677 -0.351282 -0.661754 
-0.854182 -0.992669 -0.902637 
-0.854182 -0.939168 -0.981551 
-0.854182 -0.351282 -0.949916 
-0.992669 -0.939168 -0.418024 
-0.992669 -0.351282 -0.907795 
-0.939168 -0.351282 -0.435199 
-0.987827 -0.487897 -0.978767 
-0.987827 -0.401325 -0.453496 
-0.994161 -0.487897 -0.412088 
-0.994161 -0.401325 -0.961157 
-0.994161 -0.817829 0.554955 
-0.848132 -0.414186 0.513001 
-0.487897 -0.401325 -0.337762 
-0.487897 -0.817829 0.584933 
-0.414186 -0.401325 -0.974848 
-0.401325 -0.817829 -0.789274 
0.562693 0.5737 -0.447859 
0.562693 -0.985229 -0.815633 
0.562693 -0.81544 -0.418107 
0.5737 -0.90291 -0.731141 
0.5737 -0.81544 -0.997499 
-0.985229 -0.81544 0.604303 
-0.426961 0.557234 -0.847025 
-0.426961 -0.822989 0.566984 
-0.426961 -0.983243 -0.402853 
-0.426961 -0.928553 -0.999781 
0.557234 -0.844425 -0.453496 
0.557234 -0.928553 -0.967831 
-0.822989 -0.983243 0.65378 
-0.992154 -0.928553 0.604303 
-0.847025 -0.999781 -0.967831 
0.566984 -0.92153 -0.991517 
0.566984 -0.402853 0.65378 
0.566984 -0.900591 -0.978094 
0.566984 -0.991407 -0.824734 
-0.92153 -0.900591 0.552182 
-0.92153 -0.94405 -0.454988 
-0.402853 -0.991407 -0.439305 
-0.900591 -0.94405 0.513178 
-0.447859 -0.418107 -0.997499 
-0.815633 -0.418107 0.604303 
-0.969078 0.518489 -0.936982 
-0.987675 0.518489 -0.922984 
-0.369239 0.518489 -0.82517 
-0.369239 0.691078 0.599171 
-0.369239 -0.807678 0.552182 
-0.369239 -0.987427 -0.454988 
0.518489 0.691078 -0.418193 
0.518489 -0.807678 -0.993181 
0.691078 -0.807678 -0.434989 
0.691078 -0.987427 -0.841271 
-0.807678 -0.987427 0.513178 
-0.978767 -0.453496 -0.337762 
-0.421111 -0.812771 0.55293 
-0.421111 -0.964625 -0.400323 
-0.421111 -0.990925 -0.478178 
-0.421111 -0.284611 -0.90055 
-0.421111 -0.964519 -0.956841 
-0.421111 0.465256 -0.842958 
-0.421111 0.663761 0.54431 
-0.967452 -0.284611 -0.424042 
-0.967452 -0.964519 -0.890177 
-0.967452 -0.759334 0.513178 
-0.967452 0.465256 -0.845844 
-0.812771 -0.964625 -0.425224 
-0.812771 -0.990925 0.513001 
-0.812771 0.663761 -0.392608 
-0.964625 -0.990925 -0.719847 
-0.964625 -0.964519 -0.991402 
-0.964625 0.663761 -0.789702 
-0.990925 0.663761 -0.823326 
-0.284611 -0.964519 -0.92462 
-0.284611 -0.759334 0.644112 
-0.284611 0.465256 0.450307 
-0.284611 -0.84303 -0.756884 
-0.284611 0.663761 -0.661754 
-0.964519 -0.759334 -0.902637 
-0.964519 0.465256 -0.981551 
-0.964519 0.663761 -0.949916 
-0.759334 0.465256 -0.418024 
-0.759334 -0.84303 -0.88397 
-0.759334 0.663761 -0.907795 
0.465256 -0.84303 -0.501328 
0.465256 0.663761 -0.435199 
-0.765921 -0.925853 -0.850148 
-0.765921 -0.752314 0.542564 
-0.765921 0.690433 -0.88117 
-0.765921 -0.805907 -0.458104 
-0.765921 -0.407524 -0.97512 
-0.765921 -0.492414 -0.931633 
-0.765921 0.427639 -0.825616 
-0.925853 -0.752314 -0.430743 
-0.925853 0.690433 -0.869412 
-0.925853 -0.831861 -0.823088 
-0.925853 -0.805907 0.607098 
-0.925853 -0.407524 -0.812269 
-0.752314 0.690433 -0.810489 
-0.752314 -0.831861 -0.970749 
-0.752314 -0.805907 0.566814 
-0.752314 -0.407524 -0.890051 
-0.752314 -0.492414 -0.987338 
-0.752314 0.427639 -0.87694 
0.690433 -0.831861 -0.45574 
0.690433 -0.805907 -0.778071 
0.690433 -0.407524 0.540953 
0.690433 -0.492414 -0.845617 
0.690433 0.427639 -0.446293 
-0.831861 -0.805907 -0.862568 
-0.831861 -0.407524 0.580032 
-0.805907 -0.407524 -0.788606 
-0.805907 0.427639 -0.946849 
-0.407524 0.427639 -0.854722 
-0.492414 0.427639 0.605652 
-0.850148 0.542564 -0.430743 
-0.850148 -0.88117 -0.869412 
-0.850148 -0.458104 0.607098 
-0.850148 -0.97512 -0.812269 
0.542564 -0.88117 -0.810489 
0.542564 -0.936982 -0.981799 
0.542564 -0.458104 0.566814 
0.542564 -0.97512 -0.890051 
0.542564 -0.931633 -0.987338 
0.542564 -0.825616 -0.87694 
-0.88117 -0.458104 -0.778071 
-0.88117 -0.97512 0.540953 
-0.88117 -0.931633 -0.845617 
-0.88117 -0.825616 -0.446293 
-0.458104 -0.97512 -0.788606 
-0.458104 -0.825616 -0.946849 
-0.97512 -0.825616 -0.854722 
-0.931633 -0.825616 0.605652 
-0.430743 -0.869412 -0.810489 
-0.430743 -0.823088 -0.970749 
-0.430743 0.607098 0.566814 
-0.430743 -0.812269 -0.890051 
-0.430743 -0.412088 -0.988053 
-0.430743 0.554955 -0.839471 
-0.869412 -0.823088 -0.45574 
-0.869412 0.607098 -0.778071 
-0.869412 -0.812269 0.540953 
-0.869412 0.554955 -0.990644 
-0.823088 0.607098 -0.862568 
-0.823088 -0.812269 0.580032 
-0.823088 -0.412088 -0.995984 
-0.823088 0.554955 -0.874223 
0.607098 -0.812269 -0.788606 
0.607098 -0.412088 -0.804792 
0.607098 0.554955 -0.41973 
-0.812269 0.554955 -0.924312 
-0.412088 -0.961157 -0.337762 
-0.412088 0.554955 0.584933 
-0.961157 0.554955 -0.789274 
-0.810489 -0.970749 -0.45574 
-0.810489 0.566814 -0.778071 
-0.810489 -0.890051 0.540953 
-0.810489 -0.839471 -0.990644 
-0.810489 -0.987338 -0.845617 
-0.810489 -0.87694 -0.446293 
-0.970749 0.566814 -0.862568 
-0.970749 -0.890051 0.580032 
-0.970749 -0.988053 -0.995984 
-0.970749 -0.839471 -0.874223 
0.566814 -0.890051 -0.788606 
0.566814 -0.988053 -0.804792 
0.566814 -0.839471 -0.41973 
0.566814 -0.87694 -0.946849 
-0.890051 -0.839471 -0.924312 
-0.890051 -0.87694 -0.854722 
-0.988053 -0.839471 0.584933 
-0.987338 -0.87694 0.605652 
-0.991517 -0.978094 0.552182 
0.65378 -0.824734 -0.439305 
-0.410752 -0.832338 0.580032 
-0.410752 -0.990503 -0.874223 
-0.832338 -0.990503 -0.924312 
-0.45574 -0.778071 -0.862568 
-0.45574 0.540953 0.580032 
-0.45574 -0.990644 -0.874223 
-0.778071 0.540953 -0.788606 
-0.778071 -0.990644 -0.41973 
-0.778071 -0.446293 -0.946849 
0.540953 -0.990644 -0.924312 
0.540953 -0.446293 -0.854722 
-0.845617 -0.446293 0.605652 
-0.82517 0.599171 -0.418193 
-0.82517 0.552182 -0.993181 
0.599171 0.552182 -0.434989 
0.599171 -0.830455 -0.993411 
0.599171 -0.454988 -0.841271 
0.552182 -0.830455 -0.424042 
0.552182 -0.977005 -0.890177 
0.552182 -0.454988 0.513178 
-0.830455 -0.977005 -0.92462 
-0.830455 -0.454988 0.644112 
-0.977005 -0.454988 -0.902637 
-0.418193 -0.993181 -0.434989 
-0.982632 0.55293 -0.948899 
-0.982632 -0.400323 -0.439305 
-0.982632 -0.478178 -0.971017 
0.55293 -0.400323 -0.425224 
0.55293 -0.478178 0.513001 
0.55293 0.54431 -0.392608 
-0.400323 -0.478178 -0.719847 
-0.400323 -0.956841 -0.991402 
-0.400323 0.54431 -0.789702 
-0.478178 0.54431 -0.823326 
-0.90055 -0.956841 -0.92462 
-0.90055 -0.842958 0.450307 
-0.90055 0.54431 -0.661754 
-0.956841 -0.842958 -0.981551 
-0.956841 0.54431 -0.949916 
-0.842958 0.54431 -0.435199 
-0.948899 -0.439305 -0.425224 
-0.948899 -0.971017 0.513001 
-0.439305 -0.971017 -0.719847 
-0.862568 0.580032 -0.788606 
-0.862568 -0.995984 -0.804792 
-0.862568 -0.874223 -0.41973 
0.580032 -0.874223 -0.924312 
-0.995984 -0.874223 0.584933 
-0.788606 -0.41973 -0.924312 
-0.788606 -0.946849 -0.854722 
-0.804792 -0.41973 0.584933 
-0.434989 -0.993411 -0.424042 
-0.434989 -0.841271 0.513178 
-0.993411 -0.841271 0.644112 
-0.424042 -0.890177 -0.92462 
-0.424042 0.513178 0.644112 
-0.424042 -0.845844 0.450307 
-0.424042 -0.9394 -0.994432 
-0.890177 0.513178 -0.902637 
-0.890177 -0.845844 -0.981551 
-0.890177 -0.9394 0.605652 
0.513178 -0.845844 -0.418024 
0.513178 -0.9394 -0.96357 
-0.425224 0.513001 -0.719847 
-0.425224 -0.392608 -0.789702 
0.513001 -0.392608 -0.823326 
-0.719847 -0.789702 -0.823326 
-0.991402 -0.789702 -0.949916 
-0.337762 0.584933 -0.789274 
-0.953782 0.644112 -0.991894 
-0.953782 0.450307 -0.872767 
-0.953782 -0.756884 0.522074 
-0.92462 0.644112 -0.902637 
-0.92462 0.450307 -0.981551 
-0.92462 -0.994432 0.605652 
-0.92462 -0.661754 -0.949916 
0.644112 0.450307 -0.418024 
0.644112 -0.756884 -0.88397 
0.644112 -0.994432 -0.96357 
0.644112 -0.661754 -0.907795 
0.450307 -0.756884 -0.501328 
0.450307 -0.661754 -0.435199 
-0.991894 -0.872767 -0.418024 
-0.991894 0.522074 -0.88397 
-0.872767 0.522074 -0.501328 
0.522074 0.604303 -0.437667 
-0.902637 -0.981551 -0.418024 
-0.902637 0.605652 -0.96357 
-0.902637 -0.949916 -0.907795 
-0.981551 -0.949916 -0.435199 
-0.418024 -0.88397 -0.501328 
-0.418024 -0.907795 -0.435199 
