-0.988679 -0.90814 -0.976179 
-0.988679 -0.751618 -0.505777 
-0.988679 -0.877777 0.621884 
-0.988679 -0.678524 -0.77707 
-0.988679 -0.836438 -0.78492 
-0.988679 -0.899909 -0.910202 
0.473544 0.439863 0.0705676 
0.473544 -0.465705 0.541094 
0.473544 -0.503992 -0.441106 
0.473544 -0.90814 -0.778518 
0.473544 -0.751618 -0.811069 
0.473544 -0.877777 -0.93806 
0.473544 -0.490515 -0.0149375 
0.473544 -0.678524 -0.84249 
0.473544 -0.836438 -0.773656 
0.473544 -0.899909 -0.994762 
0.439863 -0.465705 -0.369713 
0.439863 -0.503992 0.510304 
0.439863 -0.90814 -0.910464 
0.439863 -0.751618 -0.858526 
0.439863 -0.877777 -0.988013 
0.439863 -0.490515 0.0614465 
0.439863 -0.678524 -0.745536 
0.439863 -0.836438 -0.888768 
0.439863 -0.899909 -0.905965 
-0.465705 -0.503992 -0.411574 
-0.465705 -0.90814 -0.724054 
-0.465705 -0.751618 -0.929002 
-0.465705 -0.490515 0.541468 
-0.465705 -0.678524 -0.962693 
-0.465705 -0.836438 -0.832686 
-0.503992 -0.90814 -0.924766 
-0.503992 -0.751618 -0.96321 
-0.503992 -0.490515 0.542373 
-0.503992 -0.678524 -0.897463 
-0.503992 -0.836438 -0.949851 
-0.503992 -0.899909 -0.980312 
-0.90814 -0.751618 -0.465127 
-0.90814 -0.877777 -0.827859 
-0.90814 -0.490515 -0.857855 
-0.90814 -0.678524 -0.779711 
-0.90814 -0.836438 0.597626 
-0.90814 -0.899909 -0.953542 
-0.751618 -0.877777 0.370755 
-0.751618 -0.490515 -0.971564 
-0.751618 -0.678524 0.437595 
-0.751618 -0.836438 0.45384 
-0.751618 -0.899909 -0.396202 
-0.877777 -0.678524 -0.318921 
-0.877777 -0.836438 -0.407473 
-0.877777 -0.899909 -0.676104 
-0.490515 -0.678524 -0.959702 
-0.490515 -0.836438 -0.923449 
-0.678524 -0.836438 -0.423765 
-0.678524 -0.899909 0.623161 
-0.836438 -0.899909 -0.790634 
-0.941329 -0.936914 -0.446587 
-0.941329 -0.850431 -0.79726 
-0.941329 -0.455587 -0.810306 
-0.941329 -0.892908 0.666851 
-0.941329 0.485971 -0.83999 
-0.941329 -0.990562 -0.991848 
-0.976179 -0.505777 -0.465127 
-0.976179 0.621884 -0.827859 
-0.976179 -0.77707 -0.779711 
-0.976179 -0.78492 0.597626 
-0.976179 -0.910202 -0.953542 
-0.505777 0.621884 0.370755 
-0.505777 -0.77707 0.437595 
-0.505777 0.485971 -0.888618 
-0.505777 -0.78492 0.45384 
-0.505777 -0.910202 -0.396202 
-0.936914 -0.850431 0.408567 
-0.936914 -0.455587 -0.328554 
-0.936914 -0.892908 0.466116 
-0.936914 0.485971 -0.690354 
-0.936914 -0.990562 -0.415855 
0.621884 -0.455587 -0.847977 
0.621884 -0.77707 -0.318921 
0.621884 0.485971 -0.463634 
0.621884 -0.78492 -0.407473 
0.621884 -0.910202 -0.676104 
-0.850431 -0.455587 0.501093 
-0.850431 -0.892908 -0.392527 
-0.850431 0.485971 -0.413252 
-0.850431 -0.990562 0.458081 
-0.455587 -0.892908 -0.533367 
-0.455587 0.485971 0.645229 
-0.455587 -0.990562 -0.330841 
-0.892908 0.485971 -0.683828 
-0.892908 -0.990562 -0.829347 
-0.77707 0.485971 -0.985808 
-0.77707 -0.78492 -0.423765 
-0.77707 -0.910202 0.623161 
0.485971 -0.78492 -0.986328 
0.485971 -0.990562 -0.783017 
-0.78492 -0.910202 -0.790634 
0.57129 -0.445299 -0.8497 
0.57129 -0.966971 -0.938166 
0.57129 0.567252 -0.44777 
0.57129 -0.932266 -0.89734 
0.57129 -0.458471 0.529155 
0.57129 -0.835407 -0.409964 
0.57129 -0.967113 -0.996969 
0.57129 -0.953285 -0.943066 
-0.445299 0.567252 0.573319 
-0.445299 -0.859088 0.522236 
-0.445299 -0.990435 -0.99177 
-0.966971 -0.932266 -0.39479 
-0.966971 -0.458471 -0.983031 
-0.966971 -0.953285 -0.803499 
0.567252 -0.458471 -0.852921 
0.567252 -0.859088 -0.46255 
0.567252 -0.967113 -0.980564 
0.567252 -0.990435 -0.985661 
-0.932266 -0.458471 -0.941663 
-0.932266 -0.967113 -0.766936 
-0.932266 -0.990435 -0.964228 
-0.932266 -0.953285 0.66137 
-0.458471 -0.835407 0.698458 
-0.458471 -0.953285 -0.983956 
-0.967113 -0.990435 0.645229 
-0.967113 -0.953285 -0.330841 
-0.990435 -0.953285 -0.783017 
-0.963397 -0.964658 -0.442736 
-0.963397 0.676542 -0.976491 
-0.963397 -0.910131 0.455472 
-0.963397 0.529898 -0.956683 
-0.963397 -0.459881 -0.994931 
-0.42799 -0.843304 0.573319 
-0.42799 0.676542 0.522236 
-0.42799 0.529898 -0.849272 
-0.843304 0.676542 -0.46255 
-0.964658 -0.860003 -0.944067 
-0.964658 -0.910131 0.655709 
-0.964658 0.529898 -0.88908 
-0.964658 -0.459881 -0.874976 
0.676542 -0.910131 -0.961318 
0.676542 0.529898 -0.4169 
0.676542 -0.459881 -0.838496 
-0.860003 -0.910131 -0.979345 
-0.860003 0.529898 -0.450989 
-0.860003 -0.459881 0.541536 
-0.910131 0.529898 -0.859204 
-0.910131 -0.459881 -0.894119 
0.529898 -0.459881 0.586478 
-0.921355 -0.751373 0.579377 
-0.921355 -0.446587 -0.478282 
-0.921355 -0.79726 -0.807127 
-0.921355 -0.810306 -0.989257 
-0.921355 0.666851 -0.755439 
-0.921355 -0.991848 -0.862584 
-0.990064 -0.857185 0.662741 
-0.990064 -0.442736 -0.473325 
-0.990064 0.455472 -0.81482 
-0.751373 -0.446587 0.471444 
-0.751373 -0.79726 -0.358831 
-0.751373 0.455472 -0.944912 
-0.751373 -0.810306 -0.79463 
-0.751373 0.666851 -0.346853 
-0.751373 -0.83999 -0.950915 
-0.751373 -0.991848 -0.592148 
-0.446587 -0.442736 -0.963952 
-0.446587 -0.79726 0.408567 
-0.446587 0.455472 -0.812855 
-0.446587 -0.810306 -0.328554 
-0.446587 0.666851 0.466116 
-0.446587 -0.83999 -0.690354 
-0.446587 -0.991848 -0.415855 
-0.857185 -0.442736 0.376259 
-0.857185 0.455472 -0.456095 
-0.857185 -0.956683 -0.997359 
-0.857185 0.666851 -0.967835 
-0.857185 -0.994931 -0.978641 
-0.442736 0.455472 0.655709 
-0.442736 -0.956683 -0.88908 
-0.442736 0.666851 -0.774395 
-0.442736 -0.994931 -0.874976 
-0.976491 0.455472 -0.961318 
-0.976491 -0.956683 -0.4169 
-0.976491 -0.994931 -0.838496 
-0.79726 0.455472 -0.95922 
-0.79726 -0.810306 0.501093 
-0.79726 0.666851 -0.392527 
-0.79726 -0.83999 -0.413252 
-0.79726 -0.991848 0.458081 
0.455472 -0.956683 -0.859204 
0.455472 -0.810306 -0.95541 
0.455472 0.666851 -0.379224 
0.455472 -0.994931 -0.894119 
0.455472 -0.83999 -0.967656 
-0.956683 -0.994931 0.586478 
-0.810306 0.666851 -0.533367 
-0.810306 -0.83999 0.645229 
-0.810306 -0.991848 -0.330841 
0.666851 -0.83999 -0.683828 
0.666851 -0.991848 -0.829347 
-0.83999 -0.991848 -0.783017 
0.0705676 0.541094 -0.369713 
0.0705676 -0.441106 0.510304 
0.0705676 -0.778518 -0.910464 
0.0705676 -0.811069 -0.858526 
0.0705676 -0.93806 -0.988013 
0.0705676 -0.900225 -0.990667 
0.0705676 -0.0149375 0.0614465 
0.0705676 -0.84249 -0.745536 
0.0705676 -0.773656 -0.888768 
0.0705676 -0.994762 -0.905965 
0.541094 -0.441106 -0.411574 
0.541094 -0.778518 -0.724054 
0.541094 -0.811069 -0.929002 
0.541094 -0.992925 -0.879302 
0.541094 -0.900225 -0.77607 
0.541094 -0.0149375 0.541468 
0.541094 -0.84249 -0.962693 
0.541094 -0.773656 -0.832686 
-0.441106 -0.778518 -0.924766 
-0.441106 -0.811069 -0.96321 
-0.441106 -0.900225 -0.970852 
-0.441106 -0.0149375 0.542373 
-0.441106 -0.84249 -0.897463 
-0.441106 -0.773656 -0.949851 
-0.441106 -0.994762 -0.980312 
-0.778518 -0.811069 -0.465127 
-0.778518 -0.93806 -0.827859 
-0.778518 -0.992925 -0.413112 
-0.778518 -0.900225 0.578815 
-0.778518 -0.0149375 -0.857855 
-0.778518 -0.84249 -0.779711 
-0.778518 -0.773656 0.597626 
-0.778518 -0.994762 -0.953542 
-0.811069 -0.93806 0.370755 
-0.811069 -0.900225 -0.858921 
-0.811069 -0.0149375 -0.971564 
-0.811069 -0.84249 0.437595 
-0.811069 -0.773656 0.45384 
-0.811069 -0.994762 -0.396202 
-0.93806 -0.84249 -0.318921 
-0.93806 -0.773656 -0.407473 
-0.93806 -0.994762 -0.676104 
-0.992925 -0.900225 0.650631 
-0.992925 -0.0149375 -0.959546 
-0.992925 -0.773656 -0.833337 
-0.900225 -0.0149375 -0.892722 
-0.900225 -0.84249 -0.976382 
-0.900225 -0.773656 -0.432259 
-0.0149375 -0.84249 -0.959702 
-0.0149375 -0.773656 -0.923449 
-0.84249 -0.773656 -0.423765 
-0.84249 -0.994762 0.623161 
-0.773656 -0.994762 -0.790634 
-0.8497 -0.44777 0.573319 
-0.938166 -0.89734 -0.39479 
-0.938166 0.529155 -0.983031 
-0.938166 -0.975325 0.321808 
-0.938166 -0.943066 -0.803499 
-0.44777 0.529155 -0.852921 
-0.44777 -0.996969 -0.980564 
-0.89734 0.529155 -0.941663 
-0.89734 -0.996969 -0.766936 
-0.89734 -0.975325 0.532065 
-0.89734 -0.943066 0.66137 
0.529155 -0.409964 0.698458 
0.529155 -0.841819 -0.420066 
0.529155 -0.943066 -0.983956 
-0.409964 -0.841819 0.512872 
-0.996969 -0.975325 -0.976466 
-0.996969 -0.943066 -0.330841 
-0.975325 -0.943066 -0.391231 
-0.369713 0.510304 -0.411574 
-0.369713 -0.910464 -0.724054 
-0.369713 -0.858526 -0.929002 
-0.369713 -0.990667 -0.77607 
-0.369713 0.0614465 0.541468 
-0.369713 -0.745536 -0.962693 
-0.369713 -0.888768 -0.832686 
0.510304 -0.910464 -0.924766 
0.510304 -0.858526 -0.96321 
0.510304 -0.997644 -0.898158 
0.510304 -0.926115 -0.89416 
0.510304 -0.975415 -0.902997 
0.510304 -0.990667 -0.970852 
0.510304 -0.948178 -0.967449 
0.510304 0.0614465 0.542373 
0.510304 -0.745536 -0.897463 
0.510304 -0.888768 -0.949851 
0.510304 -0.905965 -0.980312 
-0.910464 -0.858526 -0.465127 
-0.910464 -0.988013 -0.827859 
-0.910464 -0.990667 0.578815 
-0.910464 0.0614465 -0.857855 
-0.910464 -0.745536 -0.779711 
-0.910464 -0.888768 0.597626 
-0.910464 -0.905965 -0.953542 
-0.858526 -0.988013 0.370755 
-0.858526 -0.990667 -0.858921 
-0.858526 0.0614465 -0.971564 
-0.858526 -0.745536 0.437595 
-0.858526 -0.888768 0.45384 
-0.858526 -0.905965 -0.396202 
-0.997644 -0.926115 -0.368235 
-0.997644 -0.975415 0.658449 
-0.997644 -0.948178 -0.814847 
-0.988013 -0.745536 -0.318921 
-0.988013 -0.888768 -0.407473 
-0.988013 -0.905965 -0.676104 
-0.926115 -0.975415 0.609075 
-0.926115 -0.948178 0.569665 
-0.975415 -0.948178 -0.4252 
-0.990667 -0.948178 -0.953073 
-0.990667 0.0614465 -0.892722 
-0.990667 -0.745536 -0.976382 
-0.990667 -0.888768 -0.432259 
0.0614465 -0.745536 -0.959702 
0.0614465 -0.888768 -0.923449 
-0.745536 -0.888768 -0.423765 
-0.745536 -0.905965 0.623161 
-0.888768 -0.905965 -0.790634 
0.573319 0.522236 -0.46255 
0.573319 -0.99177 -0.985661 
0.522236 -0.849272 -0.4169 
-0.39479 -0.983031 -0.941663 
-0.39479 -0.978053 -0.973049 
-0.39479 -0.35721 -0.317457 
-0.39479 -0.799068 -0.777176 
-0.39479 0.321808 0.532065 
-0.39479 0.579057 -0.831073 
-0.39479 -0.803499 0.66137 
-0.983031 -0.803499 -0.983956 
-0.978053 -0.35721 -0.458155 
-0.978053 -0.799068 0.50746 
-0.978053 0.321808 -0.861659 
-0.35721 -0.475523 -0.953904 
-0.35721 -0.799068 0.527997 
-0.35721 0.321808 0.5161 
-0.35721 0.579057 -0.726526 
-0.35721 -0.803499 -0.684503 
-0.475523 0.321808 -0.887575 
-0.475523 0.579057 0.454012 
-0.475523 -0.853731 0.611379 
-0.799068 0.321808 -0.487481 
-0.799068 0.579057 -0.92723 
-0.799068 -0.803499 -0.901798 
0.321808 0.579057 -0.520797 
0.321808 -0.803499 -0.391231 
0.579057 -0.853731 -0.480047 
0.579057 -0.803499 -0.992744 
-0.392704 -0.988442 -0.960666 
-0.392704 0.675443 0.598677 
-0.392704 -0.891285 -0.978409 
-0.392704 -0.987704 -0.410037 
-0.392704 -0.927153 -0.956614 
-0.392704 0.473686 -0.831347 
-0.392704 -0.831333 0.54876 
-0.900322 -0.988442 -0.84246 
-0.900322 0.675443 -0.949121 
-0.900322 -0.48906 -0.845129 
-0.900322 -0.891285 0.472766 
-0.900322 -0.983998 0.662741 
-0.900322 -0.859302 -0.911175 
-0.900322 -0.927153 -0.441487 
-0.900322 0.473686 -0.824935 
-0.988442 0.675443 -0.956617 
-0.988442 -0.891285 -0.413112 
-0.988442 -0.927153 0.578815 
0.675443 -0.48906 -0.845073 
0.675443 -0.891285 -0.921075 
0.675443 -0.987704 -0.822147 
0.675443 -0.927153 -0.919998 
0.675443 0.473686 -0.429255 
0.675443 -0.831333 -0.441384 
-0.48906 -0.891285 -0.924766 
-0.48906 -0.983998 -0.871413 
-0.48906 -0.859302 0.609075 
-0.48906 0.473686 0.569665 
-0.891285 -0.983998 -0.441358 
-0.891285 -0.859302 -0.981717 
-0.891285 -0.927153 0.650631 
-0.891285 0.473686 -0.870109 
-0.983998 -0.859302 -0.898462 
-0.983998 -0.927153 -0.832499 
-0.983998 0.473686 -0.904285 
-0.859302 0.473686 -0.4252 
-0.987704 -0.831333 0.47818 
-0.927153 0.473686 -0.953073 
-0.964781 -0.724054 -0.84246 
-0.964781 -0.879302 0.472766 
-0.964781 -0.77607 -0.441487 
-0.411574 -0.724054 -0.924766 
-0.411574 -0.929002 -0.96321 
-0.411574 -0.77607 -0.970852 
-0.411574 0.541468 0.542373 
-0.411574 -0.962693 -0.897463 
-0.411574 -0.832686 -0.949851 
-0.724054 -0.929002 -0.465127 
-0.724054 -0.879302 -0.413112 
-0.724054 -0.77607 0.578815 
-0.724054 0.541468 -0.857855 
-0.724054 -0.962693 -0.779711 
-0.724054 -0.832686 0.597626 
-0.929002 -0.77607 -0.858921 
-0.929002 0.541468 -0.971564 
-0.929002 -0.962693 0.437595 
-0.929002 -0.832686 0.45384 
-0.879302 -0.77607 0.650631 
-0.879302 0.541468 -0.959546 
-0.879302 -0.832686 -0.833337 
-0.77607 0.541468 -0.892722 
-0.77607 -0.962693 -0.976382 
-0.77607 -0.832686 -0.432259 
0.541468 -0.962693 -0.959702 
0.541468 -0.832686 -0.923449 
-0.962693 -0.832686 -0.423765 
0.579377 -0.478282 0.471444 
0.579377 -0.946398 -0.823085 
0.579377 -0.841289 -0.998496 
0.579377 -0.807127 -0.358831 
0.579377 -0.989257 -0.79463 
0.579377 -0.755439 -0.346853 
0.579377 -0.977252 -0.948865 
0.579377 0.601034 -0.384861 
0.579377 -0.972561 -0.974311 
0.579377 -0.392182 -0.811628 
0.579377 -0.862584 -0.592148 
-0.478282 -0.946398 -0.802682 
-0.478282 -0.807127 0.408567 
-0.478282 -0.989257 -0.328554 
-0.478282 -0.755439 0.466116 
-0.478282 -0.977252 -0.992578 
-0.478282 0.601034 -0.836718 
-0.478282 -0.862584 -0.415855 
-0.946398 -0.807127 -0.460939 
-0.946398 -0.989257 -0.766936 
-0.946398 -0.755439 -0.994127 
-0.946398 -0.977252 -0.317457 
-0.946398 -0.972561 -0.777176 
-0.946398 -0.862584 0.66137 
-0.841289 -0.999478 0.697354 
-0.841289 0.601034 -0.431911 
-0.841289 -0.392182 0.492866 
-0.999478 0.601034 -0.823408 
-0.999478 -0.392182 -0.424558 
-0.807127 -0.989257 0.501093 
-0.807127 -0.755439 -0.392527 
-0.807127 -0.977252 -0.934377 
-0.807127 0.601034 -0.973027 
-0.807127 -0.862584 0.458081 
-0.989257 -0.755439 -0.533367 
-0.989257 -0.862584 -0.330841 
-0.755439 0.601034 -0.954713 
-0.755439 -0.862584 -0.829347 
-0.977252 -0.972561 0.527997 
-0.977252 -0.862584 -0.684503 
0.601034 -0.392182 0.64778 
0.601034 -0.862584 -0.987137 
-0.972561 -0.862584 -0.901798 
-0.980564 -0.985661 0.645229 
-0.960666 0.598677 -0.956617 
-0.960666 -0.978409 -0.413112 
-0.960666 -0.956614 0.578815 
-0.960666 -0.987936 0.597626 
0.598677 -0.978409 -0.921075 
0.598677 -0.410037 -0.822147 
0.598677 -0.956614 -0.919998 
0.598677 -0.831347 -0.429255 
0.598677 0.54876 -0.441384 
0.598677 -0.798677 -0.979111 
-0.978409 -0.956614 0.650631 
-0.978409 -0.831347 -0.870109 
-0.978409 -0.987936 -0.833337 
-0.410037 -0.993155 -0.448122 
-0.410037 0.54876 0.47818 
-0.410037 -0.798677 0.713267 
-0.956614 -0.831347 -0.953073 
-0.956614 -0.987936 -0.432259 
-0.993155 0.54876 -0.864826 
-0.993155 -0.798677 0.42528 
0.54876 -0.798677 -0.428014 
-0.84246 -0.949121 -0.956617 
-0.84246 0.472766 -0.413112 
-0.84246 -0.441487 0.578815 
-0.949121 -0.845129 -0.845073 
-0.949121 0.472766 -0.921075 
-0.949121 -0.441487 -0.919998 
-0.949121 -0.824935 -0.429255 
-0.845129 0.472766 -0.924766 
-0.845129 0.662741 -0.871413 
-0.845129 -0.911175 0.609075 
-0.845129 -0.824935 0.569665 
-0.845129 -0.473325 -0.988638 
0.472766 0.662741 -0.441358 
0.472766 -0.911175 -0.981717 
0.472766 -0.441487 0.650631 
0.472766 -0.824935 -0.870109 
0.472766 -0.473325 -0.871231 
0.662741 -0.911175 -0.898462 
0.662741 -0.441487 -0.832499 
0.662741 -0.824935 -0.904285 
0.662741 -0.473325 0.376259 
0.662741 -0.81482 -0.456095 
-0.911175 -0.824935 -0.4252 
-0.911175 -0.473325 -0.990977 
-0.441487 -0.824935 -0.953073 
-0.473325 -0.81482 0.655709 
0.471444 -0.823085 -0.802682 
0.471444 -0.358831 0.408567 
0.471444 -0.944912 -0.812855 
0.471444 -0.79463 -0.328554 
0.471444 -0.346853 0.466116 
0.471444 -0.950915 -0.690354 
0.471444 -0.948865 -0.992578 
0.471444 -0.384861 -0.836718 
0.471444 -0.955972 -0.972087 
0.471444 -0.592148 -0.415855 
-0.823085 -0.358831 -0.460939 
-0.823085 -0.79463 -0.766936 
-0.823085 -0.346853 -0.994127 
-0.823085 -0.950915 -0.964228 
-0.823085 -0.948865 -0.317457 
-0.823085 -0.974311 -0.777176 
-0.823085 -0.955972 0.532065 
-0.823085 -0.592148 0.66137 
-0.998496 -0.384861 -0.431911 
-0.998496 -0.811628 0.492866 
-0.358831 -0.944912 -0.95922 
-0.358831 -0.79463 0.501093 
-0.358831 -0.346853 -0.392527 
-0.358831 -0.950915 -0.413252 
-0.358831 -0.948865 -0.934377 
-0.358831 -0.384861 -0.973027 
-0.358831 -0.955972 -0.845533 
-0.358831 -0.592148 0.458081 
-0.944912 -0.79463 -0.95541 
-0.944912 -0.346853 -0.379224 
-0.944912 -0.950915 -0.967656 
-0.79463 -0.346853 -0.533367 
-0.79463 -0.950915 0.645229 
-0.79463 -0.955972 -0.976466 
-0.79463 -0.592148 -0.330841 
-0.346853 -0.950915 -0.683828 
-0.346853 -0.384861 -0.954713 
-0.346853 -0.592148 -0.829347 
-0.950915 -0.592148 -0.783017 
-0.948865 -0.974311 0.527997 
-0.948865 -0.955972 0.5161 
-0.948865 -0.592148 -0.684503 
-0.384861 -0.811628 0.64778 
-0.384861 -0.592148 -0.987137 
-0.974311 -0.955972 -0.487481 
-0.974311 -0.592148 -0.901798 
-0.955972 -0.592148 -0.391231 
-0.924766 -0.96321 -0.465127 
-0.924766 -0.970852 0.578815 
-0.924766 0.542373 -0.857855 
-0.924766 -0.897463 -0.779711 
-0.924766 -0.949851 0.597626 
-0.924766 -0.980312 -0.953542 
-0.96321 -0.970852 -0.858921 
-0.96321 0.542373 -0.971564 
-0.96321 -0.897463 0.437595 
-0.96321 -0.949851 0.45384 
-0.96321 -0.980312 -0.396202 
-0.898158 -0.89416 -0.368235 
-0.898158 -0.902997 0.658449 
-0.898158 -0.967449 -0.814847 
-0.898158 -0.980267 -0.485756 
-0.898158 -0.921045 0.442788 
-0.89416 -0.902997 0.609075 
-0.89416 -0.967449 0.569665 
-0.89416 -0.980267 -0.999826 
-0.89416 -0.921045 -0.8311 
-0.902997 -0.967449 -0.4252 
-0.902997 -0.980267 -0.853009 
-0.902997 -0.921045 -0.463877 
-0.970852 -0.967449 -0.953073 
-0.970852 0.542373 -0.892722 
-0.970852 -0.897463 -0.976382 
-0.970852 -0.949851 -0.432259 
0.542373 -0.897463 -0.959702 
0.542373 -0.949851 -0.923449 
-0.897463 -0.949851 -0.423765 
-0.897463 -0.980312 0.623161 
-0.949851 -0.980312 -0.790634 
-0.980267 -0.921045 0.611379 
-0.465127 -0.827859 0.370755 
-0.465127 0.578815 -0.858921 
-0.465127 -0.857855 -0.971564 
-0.465127 -0.779711 0.437595 
-0.465127 0.597626 0.45384 
-0.465127 -0.953542 -0.396202 
-0.956617 -0.413112 -0.921075 
-0.956617 0.578815 -0.919998 
-0.827859 -0.779711 -0.318921 
-0.827859 0.597626 -0.407473 
-0.827859 -0.953542 -0.676104 
-0.413112 0.578815 0.650631 
-0.413112 -0.857855 -0.959546 
-0.413112 0.597626 -0.833337 
0.578815 -0.857855 -0.892722 
0.578815 -0.779711 -0.976382 
0.578815 0.597626 -0.432259 
-0.857855 -0.779711 -0.959702 
-0.857855 0.597626 -0.923449 
-0.779711 0.597626 -0.423765 
-0.779711 -0.953542 0.623161 
0.597626 -0.953542 -0.790634 
0.370755 -0.812628 -0.936253 
0.370755 0.437595 -0.318921 
0.370755 -0.888618 -0.463634 
0.370755 0.45384 -0.407473 
0.370755 -0.396202 -0.676104 
-0.858921 -0.971564 -0.892722 
-0.858921 0.437595 -0.976382 
-0.858921 0.45384 -0.432259 
-0.812628 -0.971568 0.622092 
-0.812628 0.437595 -0.427688 
-0.812628 0.45384 -0.960896 
-0.812628 -0.396202 0.496763 
-0.971564 0.437595 -0.959702 
-0.971564 0.45384 -0.923449 
-0.971568 0.437595 -0.820418 
-0.971568 -0.396202 -0.434362 
0.437595 -0.888618 -0.985808 
0.437595 0.45384 -0.423765 
0.437595 -0.396202 0.623161 
-0.888618 0.45384 -0.986328 
0.45384 -0.396202 -0.790634 
-0.845073 -0.921075 -0.924766 
-0.845073 -0.429255 0.569665 
-0.921075 -0.919998 0.650631 
-0.921075 -0.429255 -0.870109 
-0.822147 -0.441384 0.47818 
-0.822147 -0.979111 0.713267 
-0.919998 -0.429255 -0.953073 
-0.441384 -0.979111 -0.428014 
-0.368235 0.658449 0.609075 
-0.368235 -0.814847 0.569665 
-0.368235 -0.485756 -0.999826 
-0.368235 0.442788 -0.8311 
0.658449 -0.814847 -0.4252 
0.658449 -0.987119 -0.999366 
0.658449 -0.485756 -0.853009 
0.658449 0.442788 -0.463877 
-0.485756 -0.885714 0.454012 
-0.485756 0.442788 0.611379 
-0.885714 0.442788 -0.480047 
-0.802682 0.408567 -0.460939 
-0.802682 -0.328554 -0.766936 
-0.802682 0.466116 -0.994127 
-0.802682 -0.690354 -0.964228 
-0.802682 -0.992578 -0.317457 
-0.802682 -0.972087 0.532065 
-0.802682 -0.415855 0.66137 
-0.963952 -0.812855 0.655709 
-0.963952 0.466116 -0.774395 
0.408567 -0.812855 -0.95922 
0.408567 -0.328554 0.501093 
0.408567 0.466116 -0.392527 
0.408567 -0.690354 -0.413252 
0.408567 -0.992578 -0.934377 
0.408567 -0.836718 -0.973027 
0.408567 -0.972087 -0.845533 
0.408567 -0.415855 0.458081 
-0.812855 -0.328554 -0.95541 
-0.812855 0.466116 -0.379224 
-0.812855 -0.690354 -0.967656 
-0.328554 0.466116 -0.533367 
-0.328554 -0.690354 0.645229 
-0.328554 -0.972087 -0.976466 
-0.328554 -0.415855 -0.330841 
0.466116 -0.690354 -0.683828 
0.466116 -0.836718 -0.954713 
0.466116 -0.415855 -0.829347 
-0.690354 -0.415855 -0.783017 
-0.992578 -0.972087 0.5161 
-0.992578 -0.415855 -0.684503 
-0.836718 -0.415855 -0.987137 
-0.972087 -0.415855 -0.391231 
-0.936253 -0.318921 -0.427688 
-0.936253 -0.407473 -0.960896 
-0.936253 -0.676104 0.496763 
-0.847977 -0.463634 0.645229 
-0.318921 -0.463634 -0.985808 
-0.318921 -0.407473 -0.423765 
-0.318921 -0.676104 0.623161 
-0.463634 -0.407473 -0.986328 
-0.407473 -0.676104 -0.790634 
-0.924766 -0.871413 -0.441358 
-0.924766 0.609075 -0.981717 
-0.924766 0.569665 -0.870109 
-0.924766 -0.988638 -0.871231 
-0.871413 0.609075 -0.898462 
-0.871413 0.569665 -0.904285 
-0.871413 -0.988638 0.376259 
0.609075 0.569665 -0.4252 
0.609075 -0.988638 -0.990977 
0.609075 -0.999826 -0.853009 
0.609075 -0.8311 -0.463877 
-0.999826 -0.8311 0.611379 
-0.441358 -0.981717 -0.898462 
-0.441358 0.650631 -0.832499 
-0.441358 -0.870109 -0.904285 
-0.441358 -0.871231 0.376259 
-0.981717 -0.870109 -0.4252 
-0.981717 -0.871231 -0.990977 
0.650631 -0.870109 -0.953073 
0.650631 -0.959546 -0.892722 
0.650631 -0.833337 -0.432259 
-0.959546 -0.833337 -0.923449 
-0.898462 -0.904285 -0.4252 
-0.898462 0.376259 -0.990977 
-0.898462 -0.978641 -0.999366 
-0.832499 -0.904285 -0.953073 
0.376259 -0.456095 0.655709 
0.376259 -0.997359 -0.88908 
0.376259 -0.967835 -0.774395 
0.376259 -0.978641 -0.874976 
-0.456095 -0.997359 -0.859204 
-0.456095 -0.967835 -0.379224 
-0.456095 -0.978641 -0.894119 
-0.997359 -0.978641 0.586478 
-0.990977 -0.999366 -0.874976 
-0.853009 -0.463877 0.611379 
-0.448122 0.47818 -0.864826 
-0.448122 0.713267 0.42528 
-0.448122 -0.821276 0.637775 
-0.448122 -0.994761 -0.442863 
0.47818 0.713267 -0.428014 
0.713267 -0.821276 -0.456606 
0.713267 -0.994761 -0.854273 
-0.821276 -0.994761 0.50746 
-0.892722 -0.976382 -0.959702 
-0.892722 -0.432259 -0.923449 
-0.976382 -0.432259 -0.423765 
-0.941663 0.66137 -0.983956 
-0.460939 -0.766936 0.501093 
-0.460939 -0.994127 -0.392527 
-0.460939 -0.964228 -0.413252 
-0.460939 -0.317457 -0.934377 
-0.460939 0.532065 -0.845533 
-0.460939 0.66137 0.458081 
-0.973049 -0.317457 -0.458155 
-0.973049 -0.777176 0.50746 
-0.973049 0.532065 -0.861659 
-0.766936 -0.994127 -0.533367 
-0.766936 -0.964228 0.645229 
-0.766936 0.532065 -0.976466 
-0.766936 0.66137 -0.330841 
-0.994127 -0.964228 -0.683828 
-0.994127 0.66137 -0.829347 
-0.964228 0.66137 -0.783017 
-0.317457 -0.777176 0.527997 
-0.317457 0.532065 0.5161 
-0.317457 -0.831073 -0.726526 
-0.317457 0.66137 -0.684503 
-0.777176 0.532065 -0.487481 
-0.777176 -0.831073 -0.92723 
-0.777176 0.66137 -0.901798 
0.532065 -0.831073 -0.520797 
0.532065 0.66137 -0.391231 
-0.831073 0.66137 -0.992744 
0.697354 -0.819995 -0.450989 
0.697354 -0.373438 0.541536 
0.697354 -0.431911 -0.823408 
0.697354 0.492866 -0.424558 
-0.819995 -0.373438 0.586478 
-0.373438 -0.431911 -0.996977 
-0.373438 0.492866 -0.824821 
-0.431911 0.492866 0.64778 
-0.833572 0.698458 -0.453174 
-0.833572 -0.420066 0.622092 
0.698458 -0.420066 0.512872 
-0.453174 0.622092 0.512872 
-0.453174 0.496763 -0.855814 
0.622092 -0.427688 -0.820418 
0.622092 0.496763 -0.434362 
-0.427688 -0.960896 -0.423765 
-0.427688 0.496763 0.623161 
-0.960896 0.496763 -0.790634 
0.512872 -0.855814 -0.434362 
-0.959702 -0.923449 -0.423765 
-0.944067 0.655709 -0.979345 
-0.944067 -0.88908 -0.450989 
-0.944067 -0.874976 0.541536 
0.655709 -0.88908 -0.859204 
0.655709 -0.774395 -0.379224 
0.655709 -0.874976 -0.894119 
-0.88908 -0.874976 0.586478 
-0.961318 -0.4169 -0.859204 
-0.961318 -0.838496 -0.894119 
-0.4169 -0.838496 0.586478 
-0.979345 -0.450989 -0.859204 
-0.979345 0.541536 -0.894119 
-0.450989 0.541536 0.586478 
0.541536 -0.823408 -0.996977 
0.541536 -0.424558 -0.824821 
-0.823408 -0.424558 0.64778 
-0.864826 0.42528 -0.428014 
0.42528 0.637775 -0.456606 
0.42528 -0.835847 -0.998968 
0.42528 -0.442863 -0.854273 
0.637775 -0.835847 -0.458155 
0.637775 -0.442863 0.50746 
-0.835847 -0.442863 0.527997 
-0.95922 0.501093 -0.95541 
-0.95922 -0.392527 -0.379224 
-0.95922 -0.413252 -0.967656 
0.501093 -0.392527 -0.533367 
0.501093 -0.413252 0.645229 
0.501093 -0.845533 -0.976466 
0.501093 0.458081 -0.330841 
-0.392527 -0.413252 -0.683828 
-0.392527 -0.973027 -0.954713 
-0.392527 0.458081 -0.829347 
-0.413252 0.458081 -0.783017 
-0.934377 -0.845533 0.5161 
-0.934377 0.458081 -0.684503 
-0.973027 0.458081 -0.987137 
-0.845533 0.458081 -0.391231 
-0.859204 -0.894119 0.586478 
-0.95541 -0.379224 -0.533367 
-0.95541 -0.967656 0.645229 
-0.379224 -0.967656 -0.683828 
-0.820418 -0.434362 0.623161 
-0.456606 -0.998968 -0.458155 
-0.456606 -0.854273 0.50746 
-0.998968 -0.854273 0.527997 
-0.458155 0.50746 0.527997 
-0.458155 -0.861659 0.5161 
0.50746 -0.861659 -0.487481 
-0.533367 0.645229 -0.683828 
-0.533367 -0.330841 -0.829347 
0.645229 -0.330841 -0.783017 
-0.976466 -0.330841 -0.391231 
-0.683828 -0.829347 -0.783017 
-0.954713 -0.829347 -0.987137 
-0.996977 -0.824821 0.64778 
-0.985808 -0.423765 -0.986328 
-0.423765 0.623161 -0.790634 
-0.953904 0.5161 -0.887575 
-0.953904 -0.726526 0.454012 
0.527997 0.5161 -0.487481 
0.527997 -0.726526 -0.92723 
0.527997 -0.684503 -0.901798 
0.5161 -0.726526 -0.520797 
0.5161 -0.684503 -0.391231 
-0.726526 -0.684503 -0.992744 
-0.887575 0.454012 -0.520797 
0.454012 0.611379 -0.480047 
-0.487481 -0.92723 -0.520797 
-0.487481 -0.901798 -0.391231 
-0.92723 -0.901798 -0.992744 
-0.520797 -0.391231 -0.992744 
