-0.955713
-0.410693
-0.526951
-0.277776
-0.639406
-0.381379
-0.54165
-0.702816
-0.926904
-0.975263
-0.814336
-0.833629
-0.481904
-0.846564
-0.409602
-0.867548
-0.933936
0.278929
-0.728079
-0.907536
-0.977838
-0.98503
-0.995766
-0.916327
-0.944605
-0.811166
-0.843442
-0.942389
0.206412
-0.394332
-0.856133
-0.494851
-0.853178
-0.998639
-0.946851
-0.919021
-0.663343
-0.953613
-0.650771
-0.468542
-0.983855
-0.950945
-0.65021
-0.807041
-0.940213
-0.948906
-0.999557
-0.929332
-0.96505
-0.99007
-0.968608
-0.944021
-0.950862
-0.944374
-0.779174
-0.801699
-0.286879
-0.784945
-0.903442
0.409415
-0.281758
-0.815278
-0.984671
-0.926209
-0.886097
-0.526876
-0.409517
-0.93619
-0.926804
-0.594136
-0.92185
-0.591983
-0.987146
-0.908384
-0.942723
-0.964044
-0.880485
-0.997149
-0.462308
-0.922517
-0.55346
-0.90408
-0.636273
-0.416447
-0.94648
-0.979581
-0.996282
-0.898276
0.269448
-0.937564
-0.854367
-0.92859
-0.89128
-0.945695
-0.840255
-0.637722
-0.432218
-0.613169
-0.444018
-0.625773
-0.353601
-0.852324
-0.753667
-0.825173
-0.444548
-0.838552
-0.38773
0.494975
-0.902311
-0.780827
-0.946072
-0.930723
-0.836373
-0.761518
0.339033
-0.914488
-0.82607
-0.440307
-0.869469
-0.399268
-0.589038
-0.986815
-0.581564
-0.910291
-0.946845
-0.357221
-0.56165
-0.90147
-0.969435
-0.931356
-0.789412
-0.947379
-0.959782
-0.988075
-0.912578
-0.94678
-0.858177
-0.771675
-0.845359
-0.410396
0.396136
-0.922019
-0.86233
-0.445765
-0.590142
-0.989067
-0.950971
-0.326008
-0.560245
-0.916945
-0.634131
-0.918773
-0.999746
-0.969638
-0.938278
-0.608501
-0.590665
-0.927453
-0.632857
-0.906697
-0.963706
-0.436907
0.346823
-0.829982
-0.913113
-0.820754
-0.916756
-0.859942
-0.918791
-0.951981
-0.942148
-0.991416
-0.950063
-0.972255
-0.943157
-0.934607
-0.762086
-0.94954
-0.923326
-0.977334
-0.913449
-0.946043
-0.990791
-0.991043
-0.96625
-0.924164
-0.958103
-0.918343
-0.993128
-0.596056
-0.461206
0.273555
-0.361925
0.218874
-0.415137
-0.784252
-0.873839
-0.92843
-0.610986
-0.511431
-0.959584
-0.826128
-0.766276
-0.93204
-0.952451
-0.558866
-0.922702
-0.948786
-0.788384
-0.95083
-0.968272
-0.977061
-0.947333
-0.997774
-0.912055
0.391883
-0.772874
0.153144
-0.402906
-0.528987
-0.352549
-0.60101
-0.919368
-0.949582
-0.994114
-0.608289
-0.920218
-0.818204
-0.360879
-0.593506
-0.994814
-0.95145
-0.91494
-0.815721
-0.35529
-0.742852
-0.826445
-0.458294
-0.933017
-0.909158
-0.593879
-0.410039
-0.99637
-0.950659
-0.93223
-0.933635
-0.992627
-0.903373
-0.817254
-0.917705
-0.999919
-0.936666
-0.893828
-0.937613
-0.986944
-0.553765
-0.376264
-0.926034
-0.841801
-0.921389
-0.851804
-0.900544
-0.914284
-0.917051
-0.941464
-0.866674
-0.795273
-0.641027
-0.931758
-0.974648
-0.852152
-0.933925
-0.951823
-0.999048
-0.557063
-0.995033
-0.965699
-0.860288
-0.9199
-0.955165
-0.928928
-0.839585
0.218519
-0.363554
0.426072
-0.371694
-0.849639
-0.829157
-0.971702
-0.929259
-0.617152
-0.250423
-0.815236
-0.735055
-0.584163
-0.895715
-0.93663
-0.324301
0.342172
-0.93084
0.251085
-0.775657
-0.610117
-0.395998
-0.602162
-0.510977
-0.663575
-0.980584
-0.947545
-0.885003
-0.948399
-0.932318
-0.537569
-0.990016
-0.8244
-0.894213
-0.367536
-0.960382
-0.915469
-0.950969
-0.803293
-0.958957
-0.938876
-0.997126
-0.901068
-0.983834
-0.80721
-0.713597
-0.570198
-0.934975
-0.919212
-0.954072
-0.989303
-0.973595
-0.812227
-0.897279
-0.498677
-0.941957
-0.993211
-0.853248
-0.932121
-0.854185
-0.99468
-0.940143
-0.904743
-0.992954
-0.467362
-0.850803
-0.816187
-0.982249
-0.394695
-0.633956
-0.948277
-0.934024
-0.861032
-0.332465
-0.957637
-0.993683
-0.917579
-0.939079
-0.972658
-0.941126
-0.668685
-0.478215
-0.864835
-0.951184
-0.946769
-0.973529
-0.939963
-0.83896
-0.916886
-0.945043
-0.912537
-0.909496
-0.626556
-0.400737
0.307097
-0.388195
-0.930314
-0.621952
-0.777754
-0.856916
-0.468986
-0.957632
-0.822003
-0.920782
-0.947905
-0.774955
-0.562559
-0.315305
-0.391204
-0.95079
-0.756659
-0.852035
-0.932307
-0.628823
-0.436561
-0.939322
-0.992967
-0.972831
-0.940167
-0.916827
-0.981155
-0.827237
-0.847573
-0.645331
-0.789199
-0.924599
-0.964814
-0.840141
-0.99397
-0.916382
-0.960316
-0.991146
-0.923241
-0.959188
-0.946824
-0.785702
-0.964755
-0.966609
-0.928008
-0.995953
-0.911417
-0.934361
-0.932872
0.31132
-0.372819
-0.584691
-0.796628
0.449621
-0.38323
-0.608748
-0.926887
-0.947531
-0.917148
-0.843949
-0.998179
-0.582064
-0.374308
-0.516872
-0.919438
-0.952148
-0.849696
-0.9218
-0.958516
-0.455123
-0.593771
-0.917526
-0.852894
-0.918322
-0.930864
-0.849516
-0.922652
-0.903436
-0.95777
-0.555128
-0.836922
-0.993514
-0.968231
-0.919261
-0.952177
-0.921215
-0.823004
0.352711
-0.391322
-0.850617
-0.955206
-0.94342
-0.775948
-0.620351
-0.352727
-0.616653
-0.927516
-0.86904
-0.781155
-0.955866
-0.410281
-0.847534
-0.599298
-0.782413
-0.959691
-0.939419
-0.969878
-0.998481
-0.846265
-0.990336
-0.931706
-0.403549
-0.967316
-0.528445
-0.858534
-0.768681
-0.579403
-0.93882
-0.928501
-0.991818
-0.839058
-0.432828
-0.931756
-0.96338
-0.913995
0.389714
-0.91267
-0.532381
-0.305165
0.195143
-0.714974
-0.53006
-0.374823
-0.597917
-0.894522
-0.951636
-0.98761
-0.839276
-0.969277
-0.901853
-0.840559
-0.905965
-0.545849
-0.997045
-0.339035
-0.554405
-0.830513
-0.960892
-0.97918
-0.930859
-0.843952
-0.939844
-0.920976
-0.947798
-0.893373
-0.407766
-0.613429
-0.995577
-0.851835
-0.929426
-0.919952
-0.950815
-0.912533
-0.932906
-0.858098
-0.921863
-0.92609
-0.932184
-0.967976
-0.92488
-0.809152
-0.970353
-0.999145
-0.920978
-0.914805
-0.998697
-0.93475
-0.538427
-0.908061
-0.959881
-0.971111
-0.953111
-0.781453
-0.962396
-0.92827
0.36473
-0.381217
-0.605132
-0.45465
-0.579975
-0.773554
0.361987
-0.438162
-0.444216
-0.960739
-0.92565
-0.629893
-0.797097
-0.87526
-0.936588
-0.937673
-0.977633
-0.431781
-0.93038
-0.844139
-0.635878
-0.823476
-0.62005
-0.911773
-0.935801
-0.727854
-0.984577
-0.544844
-0.832333
-0.910273
-0.995573
-0.930958
-0.335088
-0.904637
-0.544374
-0.450068
-0.93739
-0.753982
-0.83844
-0.918495
-0.999817
-0.934939
-0.94313
-0.917949
-0.828984
-0.384132
-0.979929
-0.561378
-0.379279
-0.921761
-0.937395
-0.970842
-0.929827
-0.929563
-0.909413
-0.929409
-0.852306
-0.836486
-0.919698
-0.995961
-0.955247
-0.913696
-0.847225
-0.917238
-0.96486
-0.596857
-0.793617
-0.994128
-0.581944
-0.92787
-0.848744
-0.97097
-0.941201
-0.868082
-0.922211
-0.970159
-0.930458
-0.995821
-0.832066
0.209971
-0.930828
-0.606501
-0.406423
-0.58588
-0.401143
0.207755
-0.774355
-0.959668
-0.892825
-0.953066
-0.956637
-0.961477
-0.745095
-0.804586
-0.52481
-0.939242
-0.913068
-0.772491
-0.599648
-0.841608
-0.919998
-0.951945
-0.986702
-0.986378
-0.399831
-0.972378
-0.499518
-0.641879
-0.920512
-0.849885
-0.809889
-0.965588
-0.919062
-0.419284
-0.848463
-0.918145
-0.579093
-0.92955
-0.996912
-0.830023
-0.942334
-0.893413
-0.549719
-0.769643
-0.574902
-0.908034
-0.848696
-0.962098
-0.996689
-0.986498
-0.93409
-0.996958
-0.83412
-0.9235
-0.854696
-0.940367
-0.94389
-0.397725
-0.617768
-0.926208
-0.975653
-0.402341
-0.84329
-0.805043
-0.971152
-0.911887
-0.853655
-0.926629
-0.413395
-0.593126
-0.897797
-0.868647
-0.918864
-0.96078
-0.925508
-0.413253
-0.934773
-0.948519
-0.959935
-0.929392
-0.936495
-0.928024
-0.866476
-0.91913
-0.98154
-0.478883
-0.59945
-0.402142
-0.628856
-0.517914
-0.634184
-0.794554
-0.946432
-0.935633
-0.982081
-0.917253
-0.967783
-0.799301
-0.935103
-0.960172
-0.989187
-0.578474
-0.924851
-0.580627
-0.386052
-0.943426
-0.919118
-0.584363
-0.753916
-0.85227
-0.933367
0.289657
-0.389739
-0.82865
-0.357241
-0.845656
-0.998842
-0.968252
-0.925468
-0.993403
-0.925166
-0.965717
-0.778392
-0.949328
-0.949404
-0.950373
-0.922759
-0.981181
-0.908769
-0.997067
-0.600863
-0.352679
-0.946282
-0.930947
-0.549361
-0.903265
-0.582483
-0.77283
-0.850149
-0.40102
-0.854787
-0.930446
0.2969
-0.400131
-0.864585
-0.990549
-0.967929
-0.930276
-0.937433
-0.943101
-0.997058
-0.93788
-0.968263
0.420086
-0.902485
-0.820983
-0.910763
-0.839917
-0.891946
-0.823019
-0.977482
-0.596529
-0.930803
-0.581958
-0.921372
-0.543604
-0.373841
-0.955426
-0.931801
-0.911026
-0.566228
-0.500077
-0.686751
-0.37
-0.570952
-0.429457
-0.855927
-0.789101
-0.834524
-0.480551
-0.864228
-0.337775
0.244553
-0.933584
-0.958288
-0.939601
-0.886477
-0.811813
0.248501
-0.943303
-0.90372
-0.379441
-0.84189
-0.523673
-0.700613
-0.60969
-0.950803
-0.984332
-0.449355
-0.642917
-0.949867
-0.994714
-0.745962
-0.969262
-0.916416
-0.97474
-0.917924
-0.946464
-0.980813
-0.925251
-0.908188
-0.802372
-0.716673
-0.812223
-0.407097
0.431412
-0.892864
-0.83264
-0.348329
-0.533932
-0.973033
-0.927538
-0.311224
-0.582552
-0.887251
-0.427163
-0.909692
-0.951161
-0.920462
-0.578039
-0.993572
-0.535315
-0.934866
-0.562484
-0.907941
-0.968937
-0.423134
0.27583
-0.789395
-0.899004
-0.835635
-0.912779
-0.830383
-0.903016
-0.975379
-0.91849
-0.937863
-0.969583
-0.883634
-0.993103
-0.813
-0.917017
-0.946969
-0.985938
-0.941169
-0.974978
-0.977027
-0.963198
-0.941974
-0.971234
-0.555838
-0.373162
0.398871
-0.424544
0.347089
-0.402563
-0.769061
-0.849692
-0.918212
-0.573021
-0.385402
-0.962249
-0.988449
-0.929162
-0.953104
-0.73237
-0.961687
-0.944067
-0.945206
-0.929614
-0.991394
-0.585745
-0.972486
-0.939078
-0.865629
-0.923409
0.39396
-0.793117
0.318196
-0.388015
-0.572136
-0.353782
-0.600945
-0.930727
-0.93914
-0.990815
-0.591434
-0.924392
-0.822764
-0.376876
-0.988054
-0.902836
-0.837329
-0.322038
-0.789669
-0.842781
-0.406853
-0.957608
-0.929164
-0.566031
-0.359935
-0.988528
-0.951563
-0.917933
-0.899039
-0.917851
-0.993897
-0.931119
-0.922043
-0.965424
-0.938347
-0.954161
-0.995887
-0.643178
-0.323877
-0.93144
-0.824554
-0.910288
-0.810802
-0.901798
-0.914797
-0.959698
-0.832901
-0.793741
-0.600402
-0.926621
-0.966252
-0.839361
-0.918382
-0.997412
-0.862393
-0.608125
-0.973053
-0.83565
-0.941595
-0.959284
-0.912404
0.421843
-0.424591
0.258528
-0.295688
-0.795153
-0.751579
-0.930512
-0.906464
-0.569351
-0.954592
-0.94543
-0.622448
-0.857437
-0.951498
-0.468717
0.224738
-0.938126
0.236831
-0.788651
-0.589551
-0.50242
-0.63449
-0.332719
-0.558191
-0.943425
-0.991987
-0.932416
-0.829344
-0.928766
-0.968409
-0.9066
-0.960761
-0.723974
-0.927211
-0.938305
-0.979109
-0.846418
-0.945695
-0.842844
-0.820593
-0.645345
-0.986304
-0.93876
-0.952759
-0.990853
-0.955052
-0.66238
-0.973949
-0.859127
-0.954823
-0.870393
-0.393072
-0.950179
-0.912819
-0.914388
-0.221884
-0.80394
-0.713288
-0.942627
-0.316728
-0.528376
-0.900734
-0.989323
-0.896618
-0.79367
-0.935183
-0.870987
-0.93359
-0.921199
-0.943686
-0.921322
-0.523739
-0.998785
-0.416636
-0.840088
-0.898824
-0.99249
-0.997842
-0.929841
-0.941867
-0.916471
-0.892767
-0.987653
-0.586761
-0.427741
0.359175
-0.326313
-0.917867
-0.635175
-0.767475
-0.841373
-0.449785
-0.965817
-0.919653
-0.861204
-0.450925
-0.426299
-0.968315
-0.802876
-0.873365
-0.935336
-0.597411
-0.466496
-0.931422
-0.977104
-0.932514
-0.947573
-0.996287
-0.822568
-0.490555
-0.70879
-0.889819
-0.937434
-0.819459
-0.985228
-0.898029
-0.98857
-0.906928
-0.949734
-0.973375
-0.8113
-0.941379
-0.968133
-0.925642
-0.937956
-0.952651
-0.97911
-0.59904
-0.911504
-0.941092
-0.830991
-0.911022
0.329217
-0.33163
-0.565057
-0.779594
0.413613
-0.369094
-0.5762
-0.900361
-0.973187
-0.916851
-0.861521
-0.580155
-0.366582
-0.946354
-0.96412
-0.92375
-0.971717
-0.42849
-0.648264
-0.935479
-0.848453
-0.90947
-0.91588
-0.888222
-0.934378
-0.835531
-0.52536
-0.831272
-0.985566
-0.919299
-0.910207
-0.935639
-0.884168
0.265457
-0.357371
-0.83241
-0.95088
-0.926082
-0.762745
-0.581712
-0.835585
-0.929675
-0.859046
-0.566455
-0.761357
-0.951247
-0.917274
-0.964076
-0.408937
-0.947524
-0.964855
-0.998282
-0.934894
-0.351099
-0.956181
-0.369517
-0.823571
-0.756935
-0.542042
-0.917447
-0.915737
-0.986392
-0.827392
-0.956021
-0.926516
-0.831899
-0.919165
-0.548439
-0.988472
-0.416467
0.414668
-0.921216
-0.606714
-0.415037
0.267909
-0.783161
-0.634282
-0.389761
-0.552936
-0.924717
-0.957065
-0.99724
-0.82751
-0.959282
-0.935821
-0.603219
-0.847469
-0.949484
-0.935787
-0.86134
-0.912998
-0.933078
-0.850036
-0.936433
-0.964346
-0.921588
-0.468593
-0.549322
-0.861883
-0.90286
-0.899314
-0.947668
-0.925804
-0.998674
-0.9488
-0.90899
-0.957015
-0.945559
-0.770286
-0.954711
-0.993122
-0.923041
-0.918605
-0.988574
-0.578736
-0.925019
-0.945815
-0.953107
-0.949428
-0.767417
-0.96115
-0.90812
-0.935535
-0.316592
-0.902477
-0.832263
-0.562583
-0.407055
-0.335547
-0.936218
-0.907216
-0.520716
-0.727183
-0.803689
-0.921242
-0.977295
-0.64234
-0.906909
-0.956125
-0.984815
-0.843529
-0.619884
-0.930567
-0.963497
-0.786007
-0.998828
-0.930202
-0.942938
-0.916783
-0.817304
-0.316259
-0.994477
-0.603772
-0.405533
-0.924931
-0.533255
-0.381341
-0.950692
-0.787667
-0.841442
-0.916645
-0.983199
-0.907744
-0.90336
-0.920669
-0.828148
-0.323868
-0.902972
-0.888329
-0.995391
-0.94898
-0.917147
-0.974245
-0.946434
-0.877207
-0.920718
-0.601502
-0.944411
-0.860326
-0.975906
-0.816768
-0.936567
-0.953843
-0.621273
-0.783634
-0.996007
-0.943735
-0.955394
-0.918216
-0.841988
-0.990652
-0.871578
-0.965918
0.302496
-0.931597
-0.591325
-0.430668
-0.58737
-0.383506
0.29761
-0.79812
-0.993284
-0.843494
-0.508627
-0.957637
-0.910616
-0.747333
-0.608341
-0.83615
-0.926518
-0.948344
-0.916307
-0.372019
-0.96446
-0.336948
-0.558386
-0.911333
-0.815634
-0.77438
-0.959723
-0.907092
-0.393859
-0.843155
-0.91167
-0.566544
-0.988591
-0.99434
-0.811108
-0.966011
-0.929181
-0.607799
-0.78041
-0.593898
-0.919156
-0.850455
-0.935089
-0.950867
-0.860134
-0.942437
-0.815603
-0.989384
-0.907937
-0.942403
-0.922168
-0.999777
-0.3834
-0.617325
-0.917739
-0.969047
-0.410104
-0.843247
-0.792306
-0.95449
-0.938811
-0.855649
-0.9338
-0.410661
-0.582357
-0.839772
-0.930353
-0.993238
-0.943826
-0.94375
-0.934448
-0.423014
-0.94096
-0.906074
-0.967143
-0.993951
-0.931889
-0.920997
-0.92614
-0.82908
-0.960245
-0.40317
-0.599643
-0.375714
-0.583045
-0.395632
-0.621643
-0.994865
-0.892215
-0.939981
-0.768383
-0.915561
-0.963743
-0.99975
-0.955271
-0.9217
-0.992102
-0.582508
-0.93686
-0.549002
-0.360977
-0.949035
-0.907884
-0.590659
-0.778616
-0.831629
-0.919115
0.325798
-0.395287
-0.829268
-0.370335
-0.834348
-0.98588
-0.932939
-0.96089
-0.787073
-0.924349
-0.948192
-0.9518
-0.904907
-0.994184
-0.949406
-0.90713
-0.9693
-0.92329
-0.997887
-0.579597
-0.425426
-0.950245
-0.931368
-0.584514
-0.920613
-0.587575
-0.75691
-0.861819
-0.409604
-0.840343
-0.939012
0.386989
-0.351187
-0.856688
-0.958559
-0.915558
-0.985562
-0.894038
-0.964038
-0.968897
-0.936438
0.273849
-0.933034
-0.866882
-0.919804
-0.81506
-0.934117
-0.826635
-0.611946
-0.926337
-0.570481
-0.912352
-0.595333
-0.35744
-0.952072
-0.587907
-0.404407
-0.603755
-0.414061
-0.600173
-0.374134
-0.582042
-0.996355
-0.587422
-0.910815
-0.943016
-0.399968
-0.56646
-0.927645
-0.945016
-0.938909
-0.862885
-0.803133
0.26538
-0.932959
-0.850576
-0.400729
-0.864339
-0.432484
-0.990452
-0.933184
-0.93591
-0.748093
-0.967443
-0.918373
-0.559625
-0.994533
-0.948132
-0.345877
-0.613872
-0.913607
-0.584468
-0.919219
-0.969695
-0.948928
-0.874182
-0.754527
-0.855632
-0.401257
0.182663
-0.93488
-0.82489
-0.421757
0.37848
-0.838527
-0.926049
-0.842064
-0.911015
-0.852002
-0.932428
-0.954068
-0.945892
-0.619638
-0.997397
-0.56981
-0.92016
-0.605987
-0.933921
-0.965078
-0.417412
-0.962421
-0.929876
-0.995294
-0.932719
-0.9586
-0.986949
-0.910731
-0.955698
-0.743868
-0.943619
-0.923416
-0.959638
-0.919129
-0.94899
-0.935446
-0.990793
-0.588958
-0.392654
0.318048
-0.369738
0.317923
-0.926541
-0.976924
-0.925787
-0.944377
-0.762212
-0.965022
-0.952688
-0.961445
-0.91485
-0.957482
-0.998851
-0.596275
-0.913097
-0.831317
-0.34271
-0.600531
-0.949365
-0.915481
-0.848931
-0.928266
0.413136
-0.76604
0.351686
-0.372135
-0.601797
-0.400979
-0.516691
-0.427633
-0.999584
-0.952472
-0.954444
-0.920212
-0.929807
-0.852767
-0.448032
-0.771655
-0.834206
-0.360735
-0.965804
-0.898158
-0.588301
-0.919688
-0.930926
-0.989398
-0.911204
-0.84773
-0.935537
-0.933268
-0.919084
-0.951787
-0.916858
-0.957107
-0.992962
-0.588982
-0.366409
-0.920784
-0.842163
-0.995008
-0.861079
-0.920968
-0.956911
-0.840322
-0.769079
-0.554943
-0.913786
-0.965477
-0.981027
-0.959128
-0.925113
-0.85249
-0.590191
-0.99506
-0.950485
-0.856713
-0.915729
0.318351
-0.386175
0.262093
-0.427878
-0.610712
-0.960476
-0.990433
-0.921284
-0.817092
-0.959017
-0.930859
-0.523734
-0.991892
-0.858893
-0.915824
-0.384506
0.262287
-0.919892
0.412137
-0.751761
-0.566911
-0.390878
-0.567481
-0.401057
-0.928714
-0.99347
-0.958141
-0.908245
-0.95225
-0.766813
-0.951267
-0.95663
-0.955982
-0.99017
-0.864319
-0.943647
-0.866517
-0.762872
-0.62634
-0.936397
-0.928441
-0.827721
-0.943045
-0.941929
-0.613326
-0.939107
-0.982642
-0.823993
-0.91104
-0.996779
-0.994034
-0.919019
-0.847695
-0.425327
-0.968981
-0.991933
-0.935609
-0.930902
-0.397444
-0.851679
-0.780143
-0.970331
-0.426617
-0.593006
-0.928747
-0.922883
-0.952189
-0.920272
-0.833323
-0.934289
-0.910715
-0.944701
-0.928605
-0.548463
-0.993885
-0.446566
-0.839985
-0.927527
-0.93439
-0.919454
-0.995477
-0.576856
-0.392693
0.211252
-0.456743
-0.939243
-0.99855
-0.968007
-0.925982
-0.891943
-0.999311
-0.82806
-0.379887
-0.392759
-0.947321
-0.753411
-0.846592
-0.918594
-0.609109
-0.856895
-0.996188
-0.916841
-0.954577
-0.987694
-0.831866
-0.55506
-0.749484
-0.914194
-0.94398
-0.929833
-0.935833
-0.966775
-0.952949
-0.792027
-0.944526
-0.962101
-0.922142
-0.933492
-0.995779
-0.991317
-0.929784
-0.960465
-0.91615
-0.838445
-0.603573
-0.415878
-0.597137
-0.926596
-0.956
-0.83366
-0.921738
0.243153
-0.393535
-0.561817
-0.798399
0.349799
-0.360956
-0.603672
-0.930751
-0.929546
-0.863758
-0.926247
-0.909052
-0.941104
-0.904669
-0.968272
-0.304771
-0.991866
-0.599551
-0.919217
-0.853892
-0.95202
-0.927898
-0.843835
-0.564686
-0.826807
-0.989488
-0.956528
-0.912132
0.417131
-0.401448
-0.959909
-0.79381
-0.982838
-0.91642
-0.848544
-0.561869
-0.762139
-0.95225
-0.928917
-0.929988
-0.994098
-0.818775
-0.420594
-0.914011
-0.948633
-0.997881
-0.927879
-0.333292
-0.952632
-0.38285
-0.835482
-0.78639
-0.594778
-0.895779
-0.603935
-0.920324
-0.981564
-0.997807
-0.843709
-0.942858
-0.928646
-0.873215
-0.940204
-0.602991
-0.447074
0.179901
-0.918408
-0.594706
-0.380301
0.331422
-0.794669
-0.52394
-0.427111
-0.840204
-0.958403
-0.934053
-0.606131
-0.82407
-0.951112
-0.919371
-0.932023
-0.962623
-0.93025
-0.944026
-0.846965
-0.915389
-0.95165
-0.924074
-0.403298
-0.58241
-0.995478
-0.841169
-0.928461
-0.915824
-0.997506
-0.97018
-0.917627
-0.954559
-0.945237
-0.755425
-0.94711
-0.927204
-0.922481
-0.60033
-0.935225
-0.988505
-0.932191
-0.965968
-0.306266
-0.939368
-0.829498
-0.988036
-0.592997
-0.456385
-0.37297
-0.957725
-0.928485
-0.595587
-0.772583
-0.858371
-0.983107
-0.57835
-0.829481
-0.912828
-0.988115
-0.95641
-0.804424
-0.562558
-0.913053
-0.9491
-0.759159
-0.917504
-0.992463
-0.906307
-0.956304
-0.935311
-0.869066
-0.436048
-0.618353
-0.413342
-0.912373
-0.566749
-0.410568
-0.955681
-0.719431
-0.842174
-0.915885
-0.923067
-0.925457
-0.908471
-0.867709
-0.442377
-0.901113
-0.914674
-0.998203
-0.947774
-0.972529
-0.912749
-0.821312
-0.904412
-0.988944
-0.999872
-0.597457
-0.936054
-0.857607
-0.964965
-0.851622
-0.926355
-0.964029
-0.590731
-0.773856
-0.922593
-0.970415
-0.911317
-0.876745
-0.85328
-0.954835
-0.990531
-0.598796
-0.846495
-0.928577
-0.956948
-0.859497
-0.587772
-0.952212
-0.922734
-0.786045
-0.94952
-0.909465
-0.400694
-0.823191
-0.901365
-0.538723
-0.993399
-0.931196
-0.351985
-0.952797
-0.392084
-0.566424
-0.926545
-0.846961
-0.734499
-0.57253
-0.906206
-0.866633
-0.948098
-0.995892
-0.867369
-0.953766
-0.9152
-0.578011
-0.762241
-0.828586
-0.96561
-0.996962
-0.916918
-0.956657
-0.923259
-0.829295
-0.991585
-0.969958
-0.918635
-0.829317
-0.919612
-0.41901
-0.597654
-0.941126
-0.401751
-0.60716
-0.92417
-0.976642
-0.417092
-0.853364
-0.803925
-0.96438
-0.932914
-0.824028
-0.935567
-0.885291
-0.92028
-0.925044
-0.844901
-0.939965
-0.381763
-0.925822
-0.936466
-0.960777
-0.990429
-0.953648
-0.377209
-0.576991
-0.340457
-0.590324
-0.437851
-0.590703
-0.748204
-0.936246
-0.970549
-0.797637
-0.870625
-0.441584
-0.84744
-0.38646
-0.853538
-0.938005
0.293311
-0.778957
-0.903833
-0.966006
-0.995457
-0.940857
-0.978932
-0.994529
-0.943129
-0.920112
-0.96858
-0.93903
-0.754729
-0.925078
-0.970497
-0.994287
-0.925973
-0.958211
-0.995838
-0.522035
-0.900972
-0.595239
-0.923013
-0.51543
-0.425052
-0.950532
-0.977795
-0.89496
0.406278
-0.931201
-0.848966
-0.941379
-0.865084
-0.938046
-0.852999
-0.777209
-0.829933
-0.335988
-0.846648
-0.935866
0.324486
-0.412779
-0.834602
-0.985672
-0.940841
-0.907803
-0.638403
-0.441002
-0.966066
-0.927288
-0.607596
-0.939051
-0.635803
-0.997193
-0.998734
-0.920851
-0.946683
-0.946887
-0.934882
-0.590925
-0.392934
-0.587005
-0.388642
-0.642085
-0.369764
-0.843746
-0.750455
-0.875388
-0.414619
-0.849677
-0.450794
0.266035
-0.926727
-0.813216
-0.948658
-0.924829
-0.844302
-0.768317
0.265955
-0.918311
-0.844375
-0.441514
-0.866922
-0.408057
-0.603487
-0.99113
-0.538512
-0.937945
-0.96096
-0.384503
-0.629888
-0.917249
-0.973496
-0.936085
-0.988319
-0.920331
-0.937117
-0.957897
-0.917872
-0.844199
-0.782568
-0.822898
-0.394829
0.274548
-0.900917
-0.834062
-0.372051
-0.581169
-0.992235
-0.954601
-0.322568
-0.613156
-0.913984
-0.589178
-0.924873
-0.999013
-0.963466
-0.93114
-0.598547
-0.998015
-0.573817
-0.902654
-0.55248
-0.935642
-0.968194
-0.352766
0.367013
-0.850777
-0.917582
-0.818232
-0.928625
-0.814571
-0.919473
-0.944736
-0.918681
-0.993282
-0.754103
-0.938883
-0.917588
-0.924634
-0.94952
-0.997029
-0.960312
-0.933587
-0.966061
-0.935961
-0.579346
-0.359866
0.214088
-0.485025
0.271798
-0.387374
-0.790806
-0.838426
-0.910419
-0.611881
-0.434794
-0.941883
-0.884432
-0.798603
-0.926043
-0.95739
-0.608379
-0.92527
-0.95399
-0.758849
-0.978007
-0.963832
-0.948804
-0.925247
-0.984773
-0.921993
-0.95145
-0.992706
-0.570817
-0.356079
-0.929177
-0.849925
-0.916909
-0.820353
-0.916396
-0.935305
-0.938115
-0.963661
-0.400684
-0.765007
-0.852469
-0.459999
-0.941577
-0.928587
-0.618694
-0.397477
-0.994278
-0.948716
-0.919466
-0.934204
-0.997587
-0.934492
-0.863693
-0.93138
-0.997778
-0.915777
-0.552039
-0.992338
-0.966186
-0.825045
-0.932807
-0.999512
-0.944773
-0.904512
-0.822127
-0.833201
-0.780965
-0.590253
-0.928867
-0.95391
-0.990314
-0.835187
-0.911698
-0.968524
-0.998865
0.308972
-0.340278
0.258288
-0.386692
-0.838427
-0.788959
-0.951515
-0.941471
-0.648591
-0.424391
-0.842096
-0.772682
-0.593563
-0.909739
-0.959034
-0.353295
0.287163
-0.917694
0.443643
-0.740899
-0.580006
-0.37239
-0.637942
-0.373731
-0.616636
-0.946967
-0.911687
-0.863249
-0.96757
-0.938151
-0.622542
-0.86368
-0.929744
-0.478574
-0.985873
-0.818906
-0.751349
-0.559909
-0.939192
-0.916631
-0.952252
-0.984137
-0.992341
-0.829208
-0.910911
-0.537164
-0.946656
-0.981423
-0.827548
-0.910123
-0.836679
-0.950869
-0.902472
-0.912362
-0.905121
-0.376186
-0.824946
-0.804992
-0.973833
-0.367707
-0.611792
-0.921328
-0.921055
-0.839456
-0.430696
-0.970362
-0.915206
-0.939036
-0.963019
-0.921463
-0.617157
-0.427927
-0.851454
-0.928374
-0.942764
-0.961957
-0.940512
-0.855808
-0.948356
-0.928662
-0.562441
-0.451303
0.3573
-0.369062
-0.941922
-0.607768
-0.754586
-0.87201
-0.480521
-0.949067
-0.860255
-0.920054
-0.949704
-0.75181
-0.542242
-0.424785
-0.356356
-0.94007
-0.773005
-0.83883
-0.942611
-0.562103
-0.438665
-0.914022
-0.948407
-0.937763
-0.934722
-0.877039
-0.983786
-0.904421
-0.962588
-0.949962
-0.775196
-0.974182
-0.954448
-0.918856
-0.999796
-0.992397
-0.91042
-0.990868
-0.922976
-0.551105
-0.867879
-0.932594
-0.929626
-0.944843
-0.908693
-0.811381
-0.921226
0.293642
-0.353102
-0.635544
-0.810747
0.399496
-0.421531
-0.584907
-0.919175
-0.964228
-0.922796
-0.856792
-0.579628
-0.393027
-0.607439
-0.934073
-0.943142
-0.862157
-0.932136
-0.961292
-0.43994
-0.597406
-0.924173
-0.851398
-0.926568
-0.924518
-0.876092
-0.930684
-0.928712
-0.961718
0.28148
-0.430278
-0.854418
-0.976909
-0.926435
-0.80149
-0.632408
-0.456263
-0.611155
-0.927487
-0.849095
-0.752568
-0.963173
-0.412215
-0.826155
-0.537916
-0.769577
-0.959734
-0.911183
-0.959014
-0.993616
-0.856688
-0.928354
-0.957359
-0.917202
-0.386898
-0.586716
-0.996995
-0.854129
-0.934375
-0.911483
-0.969028
-0.907417
-0.916994
-0.867664
-0.934736
0.333673
-0.936038
-0.565544
-0.374156
0.323098
-0.732198
-0.565874
-0.430523
-0.605853
-0.910213
-0.962538
-0.994747
-0.846968
-0.951231
-0.914564
-0.83167
-0.916259
-0.586823
-0.99417
-0.407052
-0.576525
-0.830267
-0.93978
-0.996771
-0.900812
-0.822094
-0.944919
-0.903488
-0.920048
-0.994696
-0.909059
-0.95115
-0.911542
-0.957862
-0.943188
-0.77007
-0.95887
-0.999459
-0.929338
-0.998923
-0.99351
-0.661484
-0.944558
-0.945262
-0.979066
-0.986322
-0.846207
-0.951496
-0.913482
0.31122
-0.369995
-0.559311
-0.402183
-0.50318
-0.750774
0.345519
-0.383056
-0.396742
-0.941789
-0.921965
-0.595102
-0.791401
-0.854258
-0.947767
-0.923159
-0.961483
-0.393112
-0.928918
-0.830934
-0.993998
-0.611851
-0.833811
-0.927388
-0.996645
-0.999591
-0.936007
-0.930754
-0.357391
-0.916532
-0.580896
-0.417966
-0.938781
-0.744119
-0.865768
-0.94076
-0.895013
-0.943671
-0.894338
-0.804982
-0.305722
-0.985699
-0.539755
-0.353438
-0.921806
-0.919201
-0.997111
-0.953272
-0.930283
-0.911753
-0.891437
-0.904336
-0.804318
-0.963795
-0.825061
-0.856875
-0.928315
-0.97188
-0.612607
-0.792985
-0.613255
-0.932277
-0.833266
-0.993994
-0.970373
-0.938626
-0.850846
-0.999803
-0.924329
-0.966559
0.308017
-0.904536
-0.632887
-0.346705
-0.533328
-0.456445
0.258206
-0.73976
-0.952733
-0.946958
-0.970439
-0.957135
-0.933771
-0.781724
-0.846071
-0.548288
-0.945864
-0.920522
-0.734459
-0.56615
-0.801407
-0.902275
-0.957095
-0.982577
-0.922041
-0.832498
-0.921264
-0.960575
-0.846755
-0.951088
-0.921548
-0.623687
-0.782076
-0.595749
-0.903854
-0.833536
-0.962994
-0.953693
-0.985192
-0.828229
-0.400652
-0.948995
-0.919734
-0.974586
-0.90067
-0.907699
-0.926045
-0.837076
-0.917877
-0.356526
-0.616282
-0.934469
-0.969452
-0.412151
-0.85596
-0.769925
-0.952845
-0.914626
-0.831678
-0.919214
-0.375958
-0.55301
-0.992814
-0.933885
-0.841113
-0.918176
-0.991462
-0.940169
-0.9277
-0.955445
-0.462421
-0.568466
-0.326737
-0.648476
-0.429607
-0.537285
-0.772097
-0.905515
-0.951063
-0.997609
-0.913844
-0.942147
-0.765958
-0.909541
-0.951237
-0.988594
-0.952704
-0.91642
-0.999615
-0.965893
-0.939939
-0.996314
-0.941513
-0.966453
-0.791901
-0.923057
-0.949396
-0.998739
0.334937
-0.924117
-0.864504
-0.939828
-0.826288
-0.932153
-0.850986
-0.999013
-0.534577
-0.920439
-0.532024
-0.923307
-0.598304
-0.365848
-0.960761
-0.942918
-0.918791
-0.995654
-0.577544
-0.436707
-0.958069
-0.928343
-0.579406
-0.920939
-0.567547
-0.754179
-0.835615
-0.365999
-0.836422
-0.914694
0.359723
-0.348185
-0.830483
-0.983144
-0.968945
-0.910577
-0.961804
-0.917308
-0.989395
-0.901894
-0.963852
-0.628915
-0.36501
-0.650133
-0.383385
-0.498228
-0.491913
-0.868035
-0.75164
-0.86088
-0.487875
-0.887961
-0.468619
0.214369
-0.941408
-0.990193
-0.957003
-0.920681
-0.836775
-0.762429
0.376025
-0.929416
-0.852475
-0.396114
-0.843237
-0.417428
-0.626719
-0.99355
-0.56952
-0.929735
-0.965122
-0.328222
-0.594192
-0.917863
-0.93942
-0.962464
-0.941771
-0.933426
-0.995353
-0.959297
-0.906975
-0.834059
-0.773575
-0.850796
-0.372014
0.326432
-0.917514
-0.851331
-0.452662
-0.602291
-0.997828
-0.953853
-0.351645
-0.587245
-0.935409
-0.621041
-0.91707
-0.957254
-0.909578
-0.585364
-0.993818
-0.564889
-0.91898
-0.547123
-0.929447
-0.944567
-0.411539
0.347462
-0.818282
-0.901818
-0.813695
-0.911815
-0.841974
-0.913919
-0.997336
-0.991499
-0.78938
-0.950423
-0.930939
-0.949782
-0.962004
-0.998834
-0.958405
-0.927811
-0.942074
-0.930999
-0.631447
-0.485194
0.180964
-0.428757
0.330381
-0.387488
-0.725624
-0.84154
-0.924398
-0.579189
-0.35756
-0.949986
-0.947282
-0.934276
-0.792975
-0.933688
-0.976765
-0.968277
-0.932434
-0.99082
-0.996842
-0.904314
-0.962248
-0.90616
-0.951665
-0.995108
-0.635547
-0.393104
-0.942596
-0.845201
-0.902669
-0.819206
-0.915343
-0.890049
-0.961465
-0.871113
-0.449988
-0.783005
-0.872906
-0.407526
-0.964242
-0.957514
-0.642651
-0.393335
-0.977474
-0.935574
-0.901937
-0.928281
-0.946896
-0.932143
-0.856022
-0.519586
-0.991761
-0.943839
-0.838445
-0.920182
-0.93941
-0.903258
-0.97425
-0.859198
-0.758454
-0.646461
-0.934806
-0.949741
-0.984332
-0.864099
-0.920029
0.318815
-0.464815
0.327018
-0.382941
-0.837281
-0.759956
-0.963428
-0.927203
-0.535194
-0.966461
-0.924332
-0.624171
-0.997765
-0.861391
-0.934294
-0.419603
0.259938
-0.915435
0.38519
-0.802866
-0.61932
-0.382627
-0.631892
-0.362981
-0.561504
-0.935994
-0.997666
-0.884867
-0.829003
-0.865473
-0.921634
-0.842236
-0.758707
-0.596975
-0.966945
-0.934708
-0.955497
-0.98332
-0.952916
-0.924536
-0.62702
-0.959655
-0.811732
-0.925186
-0.825519
-0.916497
-0.904566
-0.981742
-0.397495
-0.956891
-0.919283
-0.913586
-0.401497
-0.822069
-0.780846
-0.956296
-0.391618
-0.566051
-0.915253
-0.99759
-0.933884
-0.831881
-0.93934
-0.854906
-0.938716
-0.928587
-0.948382
-0.919968
-0.580445
-0.459189
-0.865591
-0.919277
-0.908205
-0.946041
-0.665891
-0.399233
0.244576
-0.425088
-0.937317
-0.609454
-0.812014
-0.886318
-0.425741
-0.97157
-0.924227
-0.996671
-0.832931
-0.374227
-0.450353
-0.968481
-0.800406
-0.85244
-0.936457
-0.605744
-0.413434
-0.928576
-0.948966
-0.931357
-0.932687
-0.938126
-0.966121
-0.804945
-0.937481
-0.987295
-0.949286
-0.943683
-0.99406
-0.998269
-0.940049
-0.816062
-0.553141
-0.782454
-0.99228
-0.952678
-0.9007
-0.965217
-0.920052
-0.553415
-0.907371
-0.987025
-0.937098
-0.796007
-0.896243
0.290567
-0.293652
-0.550198
-0.743445
0.43859
-0.2899
-0.538078
-0.897192
-0.96628
-0.932109
-0.840495
-0.993233
-0.650528
-0.374196
-0.908283
-0.943901
-0.894036
-0.956348
-0.329647
-0.987524
-0.61215
-0.924345
-0.831827
-0.927256
-0.928344
-0.838472
-0.919119
0.297346
-0.440764
-0.860952
-0.943373
-0.930954
-0.764579
-0.562052
-0.87498
-0.944144
-0.880384
-0.586507
-0.803503
-0.980838
-0.934682
-0.967389
-0.983038
-0.897389
-0.919622
-0.796061
-0.917912
-0.942064
-0.892828
-0.357063
-0.540269
-0.980282
-0.84405
-0.916785
-0.901789
-0.926708
-0.96224
-0.935284
-0.822402
-0.932588
-0.660082
-0.981155
-0.38224
0.392794
-0.904308
-0.523927
-0.384105
0.440196
-0.735129
-0.615054
-0.358302
-0.541918
-0.994529
-0.881988
-0.93351
-0.989169
-0.820912
-0.957008
-0.919434
-0.607148
-0.838557
-0.953817
-0.999696
-0.927786
-0.831112
-0.936979
-0.91564
-0.993298
-0.943391
-0.943362
-0.942516
-0.961549
-0.935521
-0.820453
-0.970586
-0.546935
-0.915114
-0.988804
-0.942246
-0.943023
-0.708977
-0.97341
-0.948377
-0.956898
-0.469778
-0.940519
-0.873171
-0.618448
-0.456654
-0.282492
-0.96927
-0.930577
-0.560958
-0.803624
-0.821345
-0.908939
-0.987361
-0.984687
-0.956382
-0.899396
-0.826145
-0.909098
-0.932897
-0.960487
-0.909311
-0.854177
-0.477554
-0.999484
-0.570688
-0.358118
-0.902691
-0.509703
-0.318542
-0.937784
-0.773415
-0.823542
-0.900931
-0.988284
-0.985089
-0.938167
-0.919058
-0.916295
-0.827918
-0.37986
-0.909102
-0.891056
-0.983079
-0.942906
-0.888765
-0.854178
-0.937604
-0.997577
-0.623936
-0.944698
-0.869515
-0.965969
-0.844096
-0.915973
-0.968352
-0.613596
-0.784495
-0.991841
-0.94662
-0.979225
-0.923122
-0.872878
0.344282
-0.929925
-0.601192
-0.42697
-0.631538
-0.493818
0.271024
-0.797301
-0.998339
-0.84512
-0.622358
-0.973298
-0.937802
-0.79643
-0.616552
-0.85441
-0.92102
-0.969172
-0.944653
-0.859983
-0.933728
-0.977337
-0.847119
-0.970294
-0.939549
-0.610727
-0.836033
-0.647609
-0.923916
-0.853634
-0.977997
-0.972448
-0.874071
-0.902379
-0.286616
-0.878073
-0.907772
-0.934458
-0.987589
-0.923587
-0.919996
-0.915907
-0.816709
-0.918121
-0.983383
-0.39996
-0.490548
-0.91925
-0.946275
-0.37153
-0.819305
-0.726904
-0.927895
-0.933708
-0.8329
-0.91892
-0.464072
-0.560583
-0.996539
-0.829768
-0.937434
-0.995012
-0.960248
-0.928126
-0.958631
-0.411698
-0.55397
-0.380938
-0.637538
-0.390364
-0.603531
-0.992516
-0.998046
-0.930018
-0.958839
-0.772535
-0.922249
-0.9516
-0.944852
-0.947128
-0.964633
-0.949306
-0.998841
-0.924125
-0.984088
-0.81472
-0.922112
-0.939516
-0.956867
-0.920734
0.333063
-0.925664
-0.808568
-0.926739
-0.852768
-0.919173
-0.837333
-0.99456
-0.59839
-0.921168
-0.580648
-0.923677
-0.601969
-0.368448
-0.94865
-0.99148
-0.955836
-0.913595
-0.992707
-0.572404
-0.322556
-0.956464
-0.913996
-0.60508
-0.918555
-0.518901
-0.718279
-0.848132
-0.339095
-0.821198
-0.903301
0.222855
-0.351119
-0.833877
-0.957799
-0.909315
-0.997021
-0.917954
-0.952819
-0.6217
-0.417075
-0.639112
-0.362038
-0.58504
-0.450744
-0.556762
-0.998698
-0.596273
-0.902458
-0.948514
-0.412004
-0.58234
-0.929399
-0.987911
-0.945072
-0.914038
-0.844768
-0.768698
0.352202
-0.914855
-0.841788
-0.365074
-0.830067
-0.362285
-0.954991
-0.93812
-0.991493
-0.922121
-0.980361
-0.631834
-0.964955
-0.439855
-0.611534
-0.925721
-0.587125
-0.946732
-0.993596
-0.933628
-0.920599
-0.823995
-0.772297
-0.837601
-0.34331
0.349182
-0.920555
-0.835293
-0.404551
0.328004
-0.855932
-0.896978
-0.844181
-0.925151
-0.841838
-0.925045
-0.963557
-0.913
-0.557308
-0.992248
-0.516651
-0.904082
-0.524866
-0.895769
-0.945254
-0.303028
-0.995996
-0.998204
-0.929747
-0.963201
-0.989242
-0.782461
-0.957249
-0.927007
-0.958763
-0.923186
-0.953932
-0.93029
-0.598421
-0.424713
0.33153
-0.413117
0.206925
-0.91908
-0.992168
-0.935016
-0.940863
-0.790383
-0.944781
-0.958101
-0.969774
-0.917884
-0.837318
-0.9402
-0.925207
-0.926844
-0.970334
-0.932803
-0.944042
-0.998594
-0.568328
-0.462262
-0.897281
-0.85299
-0.391119
-0.999113
-0.962921
-0.928133
-0.927774
-0.999938
-0.90683
-0.867393
-0.404994
-0.747159
-0.826996
-0.391128
-0.962869
-0.929013
-0.582737
-0.929145
-0.937348
-0.991979
-0.948898
-0.926941
-0.840628
-0.559543
-0.996181
-0.954415
-0.840363
-0.916915
-0.994289
-0.848878
-0.92525
-0.955839
-0.987391
-0.862218
-0.762735
-0.61836
-0.922374
-0.964395
0.26561
-0.464077
0.239414
-0.386702
-0.546476
-0.950352
-0.983846
-0.927145
-0.862136
-0.952245
-0.940502
-0.640954
-0.860526
-0.937991
-0.44532
0.280657
-0.938725
0.238379
-0.800253
-0.615497
-0.417684
-0.633
-0.44161
-0.961237
-0.856927
-0.955297
-0.860695
-0.795952
-0.614792
-0.980696
-0.929311
-0.853356
-0.963335
-0.953091
-0.656384
-0.961359
-0.844641
-0.930315
-0.907735
-0.903193
-0.987948
-0.985848
-0.905158
-0.814991
-0.332965
-0.927611
-0.990059
-0.914924
-0.887194
-0.996319
-0.344713
-0.835165
-0.751671
-0.933854
-0.344494
-0.524018
-0.906195
-0.998124
-0.90257
-0.950211
-0.927344
-0.823783
-0.921087
-0.898333
-0.94863
-0.932635
-0.539171
-0.991513
-0.39586
-0.83592
-0.898484
-0.641746
-0.468916
0.359367
-0.39193
-0.913561
-0.989075
-0.961474
-0.946747
-0.952386
-0.878694
-0.481458
-0.486999
-0.976863
-0.813845
-0.86367
-0.947584
-0.675007
-0.923057
-0.940898
-0.937344
-0.966783
-0.794006
-0.92938
-0.962777
-0.930323
-0.952491
-0.939104
-0.994825
-0.906996
-0.845583
-0.515017
-0.818167
-0.987778
-0.952448
-0.912286
-0.889791
-0.941839
-0.875529
-0.815626
-0.992639
-0.526683
-0.310135
-0.601403
-0.905365
-0.994795
-0.964371
-0.812348
-0.895953
0.309051
-0.373451
-0.578696
-0.732367
0.443276
-0.385
-0.540336
-0.89629
-0.910572
-0.81774
-0.921761
-0.927847
-0.954678
-0.926125
-0.972493
-0.394419
-0.998361
-0.642213
-0.941753
-0.82985
0.173137
-0.428903
-0.944889
-0.993298
-0.860408
-0.940589
-0.872559
-0.592939
-0.774804
-0.9686
-0.92558
-0.906318
-0.949555
-0.927217
-0.94993
-0.856165
-0.944899
-0.964902
-0.893107
-0.365859
-0.631994
-0.994379
-0.813691
-0.924896
-0.549598
-0.913157
-0.940126
-0.985961
-0.824431
-0.959432
-0.931632
-0.854456
-0.940129
-0.571303
-0.468343
0.329684
-0.909451
-0.516397
-0.318643
0.45239
-0.775561
-0.599167
-0.303337
-0.834178
-0.957739
-0.94279
-0.62972
-0.81373
-0.947219
-0.991105
-0.9049
-0.929103
-0.915822
-0.999351
-0.994551
-0.934985
-0.965845
-0.932614
-0.960059
-0.949626
-0.812947
-0.963853
-0.618665
-0.915649
-0.912236
-0.961113
-0.396994
-0.931068
-0.850728
-0.600243
-0.419505
-0.398625
-0.965895
-0.934834
-0.567923
-0.787883
-0.852685
-0.971742
-0.927694
-0.852838
-0.949739
-0.991276
-0.930557
-0.914672
-0.968981
-0.932147
-0.852614
-0.371893
-0.654922
-0.424438
-0.919899
-0.576134
-0.406649
-0.972603
-0.80768
-0.843296
-0.930186
-0.931152
-0.928893
-0.919924
-0.871718
-0.45052
-0.918123
-0.914785
-0.956207
-0.818938
-0.95283
-0.991157
-0.996248
-0.565078
-0.892994
-0.832961
-0.984885
-0.936377
-0.850562
-0.923053
-0.956302
-0.61896
-0.754215
-0.910439
-0.956837
-0.921765
-0.84822
-0.995147
-0.54675
-0.813408
-0.918261
-0.963605
-0.985174
-0.857615
-0.615709
-0.962452
-0.925485
-0.798601
-0.921132
-0.964863
-0.92884
-0.882134
-0.588469
-0.926978
-0.846637
-0.95926
-0.861522
-0.954189
-0.922024
-0.599056
-0.783025
-0.839596
-0.970374
-0.991058
-0.905245
-0.920541
-0.903314
-0.847249
-0.933626
-0.330399
-0.918221
-0.931716
-0.958975
-0.99659
-0.946419
-0.904388
-0.808882
-0.912874
-0.346276
-0.555417
-0.98962
-0.920702
-0.987981
-0.402301
-0.590373
-0.921362
-0.946132
-0.389696
-0.842127
-0.775879
-0.946415
-0.900257
-0.836409
-0.93326
-0.989576
-0.947891
-0.341296
-0.49797
-0.358978
-0.52923
-0.424851
-0.563635
-0.791847
-0.931116
-0.955187
-0.777665
-0.844204
-0.380579
-0.841363
-0.413638
-0.825521
-0.916671
0.204015
-0.995468
-0.98759
-0.943868
-0.910864
-0.967277
-0.904057
-0.718252
-0.911057
-0.958528
-0.996023
-0.991026
-0.896768
-0.931258
-0.938206
-0.97851
-0.947664
-0.923478
-0.997876
-0.584125
-0.906397
-0.638339
-0.945393
-0.57394
-0.432473
-0.958177
-0.949742
-0.9258
0.321655
-0.945643
-0.869956
-0.933249
-0.82432
-0.925868
-0.864918
-0.787193
-0.830957
-0.441971
-0.87464
-0.943196
0.291259
-0.423937
-0.853277
-0.971765
-0.925352
-0.624217
-0.41747
-0.964892
-0.940506
-0.63917
-0.937206
-0.599334
-0.609902
-0.444461
-0.579574
-0.389196
-0.588274
-0.420801
-0.832687
-0.757674
-0.833873
-0.413043
-0.83002
-0.356675
0.380912
-0.91564
-0.802511
-0.949736
-0.912027
-0.592165
-0.582167
-0.918405
-0.623464
-0.908177
-0.953237
-0.425349
0.240687
-0.853126
-0.918112
-0.85132
-0.933993
-0.862909
-0.915059
-0.946258
-0.913778
-0.989912
-0.918213
-0.948265
-0.963582
-0.906456
-0.830578
-0.769181
-0.842404
-0.400182
0.283639
-0.939413
-0.8728
-0.448439
-0.610254
-0.963491
-0.448965
-0.546009
-0.938519
-0.602785
-0.914004
-0.966629
-0.922607
-0.997804
-0.957409
-0.930051
-0.955726
-0.913989
-0.982353
-0.743636
-0.953951
-0.930714
-0.992169
-0.914435
-0.955574
-0.994284
-0.565052
-0.39062
0.293832
-0.457493
0.272246
-0.430709
-0.772411
-0.879037
-0.936895
-0.599569
-0.494507
-0.960025
-0.870479
-0.783209
-0.924679
-0.964347
-0.596777
-0.933022
-0.940418
-0.908141
-0.962007
-0.98664
-0.571687
-0.371498
-0.906604
-0.838139
-0.921833
-0.831396
-0.942553
-0.926878
-0.913559
-0.949368
-0.345948
-0.774178
-0.825112
-0.399783
-0.968232
-0.939955
-0.601665
-0.441509
-0.969005
-0.917272
-0.920107
-0.989985
-0.924178
-0.826159
-0.531811
-0.981916
-0.958674
-0.807849
-0.912912
-0.952274
-0.908927
-0.825489
-0.840435
-0.76683
-0.596801
-0.91436
-0.953979
-0.867934
-0.930158
-0.961066
-0.991562
0.482628
-0.328689
0.321112
-0.374858
-0.827858
-0.801044
-0.956023
-0.914125
-0.608365
-0.45405
-0.823961
-0.756661
-0.524165
-0.921227
-0.950076
-0.291148
-0.641759
-0.968579
-0.905077
-0.951171
-0.880249
-0.957172
-0.929859
-0.990956
-0.806739
-0.785874
-0.625526
-0.9747
-0.935554
-0.963637
-0.836648
-0.913248
-0.965716
-0.944581
-0.596658
-0.997896
-0.496412
-0.844868
-0.936881
-0.928375
-0.965773
-0.926357
-0.825772
-0.910689
-0.933705
-0.88475
-0.984173
-0.99929
-0.87983
-0.999268
-0.294542
-0.803498
-0.763427
-0.945168
-0.342703
-0.512436
-0.901414
-0.991287
-0.917344
-0.82532
-0.334956
-0.928966
-0.987875
-0.917815
-0.883981
-0.535096
-0.416615
0.319292
-0.417955
-0.92782
-0.638912
-0.793624
-0.828625
-0.431294
-0.95772
-0.849556
-0.917021
-0.946762
-0.748531
-0.574674
-0.921061
-0.929955
-0.991658
-0.895224
-0.969715
-0.943742
-0.767891
-0.95028
-0.958889
-0.933611
-0.985725
-0.98812
-0.944136
-0.969434
-0.456941
-0.648036
-0.91798
-0.870686
-0.942189
-0.930294
-0.853705
-0.937202
-0.913393
-0.967186
-0.548367
-0.84666
-0.997839
-0.937607
-0.912882
-0.958895
-0.914868
-0.81032
-0.916548
0.344931
-0.377063
-0.620209
-0.792889
0.2709
-0.339127
-0.591612
-0.912822
-0.961
-0.936574
-0.851827
-0.624669
-0.423078
-0.562774
-0.907012
-0.999556
-0.9605
-0.819441
0.363395
-0.396043
-0.845341
-0.952617
-0.933035
-0.772665
-0.616694
-0.437623
-0.603212
-0.916986
-0.832675
-0.799652
-0.957888
-0.327797
-0.591874
-0.847325
-0.973321
-0.988755
-0.925893
-0.86038
-0.95311
-0.999259
-0.905185
-0.961529
-0.932612
-0.42459
-0.584721
-0.99725
-0.840008
-0.931
-0.918725
-0.962256
-0.935344
-0.933767
-0.850132
-0.928662
0.367342
-0.928285
-0.617995
-0.33501
0.289009
-0.806508
-0.643103
-0.439418
-0.615228
-0.928626
-0.950086
-0.839602
-0.958689
-0.929711
-0.840809
-0.929423
-0.59744
-0.991592
-0.379426
-0.900756
-0.987528
-0.910539
-0.970414
-0.895662
-0.948069
-0.958655
-0.766387
-0.942187
-0.999829
-0.915966
-0.636606
-0.943393
-0.949784
-0.971579
-0.956979
-0.800958
-0.958992
-0.934917
0.349733
-0.425565
-0.574847
-0.414262
-0.603025
-0.768779
0.380237
-0.356376
-0.909867
-0.940068
-0.998536
-0.979762
-0.952967
-0.932004
-0.913469
-0.897411
-0.878829
-0.795735
-0.841092
-0.920659
-0.989166
-0.957785
-0.922961
-0.333511
-0.920854
-0.518961
-0.413195
-0.954449
-0.77483
-0.850457
-0.933517
-0.990921
-0.914357
-0.942665
-0.90234
-0.823415
-0.326682
-0.986566
-0.532381
-0.936728
-0.875618
-0.996267
-0.923167
-0.943302
-0.960351
-0.854483
-0.829629
-0.939329
-0.972667
-0.650479
-0.793712
-0.618802
-0.932196
-0.876
-0.958086
0.364543
-0.924722
-0.588406
-0.477868
-0.607159
-0.3786
0.15491
-0.767836
-0.95339
-0.943605
-0.963091
-0.95489
-0.955521
-0.784146
-0.965169
-0.862186
-0.921225
-0.8426
-0.995268
-0.9137
-0.970658
-0.82856
-0.958789
-0.918197
-0.597775
-0.792916
-0.636544
-0.945937
-0.823971
-0.960339
-0.99406
-0.857949
-0.942092
-0.95654
-0.923469
-0.279542
-0.998759
-0.919429
-0.893963
-0.945023
-0.978839
-0.926583
-0.912701
-0.908173
-0.809296
-0.905344
-0.38695
-0.547805
-0.929704
-0.961143
-0.405248
-0.819664
-0.752508
-0.933903
-0.920357
-0.841024
-0.922421
-0.41623
-0.588688
-0.995672
-0.921215
-0.986997
-0.944648
-0.38244
-0.605224
-0.401188
-0.543876
-0.418733
-0.544321
-0.750165
-0.996213
-0.906488
-0.973023
-0.993674
-0.944615
-0.934443
-0.947585
-0.934262
-0.994494
-0.916092
-0.957636
-0.798109
-0.891111
-0.937434
-0.990148
-0.953496
-0.93352
-0.91523
-0.948175
0.360942
-0.91529
-0.862963
-0.929846
-0.835105
-0.928812
-0.825721
-0.994227
-0.596938
-0.916365
-0.585565
-0.922789
-0.579045
-0.363282
-0.956889
-0.958006
-0.918989
-0.605085
-0.406189
-0.966686
-0.939843
-0.618392
-0.914357
-0.583181
-0.743502
-0.824145
-0.38441
-0.842427
-0.915115
0.247625
-0.412182
-0.836603
-0.938821
-0.901898
-0.596406
-0.365009
-0.554389
-0.374611
-0.536197
-0.400628
-0.850605
-0.757136
-0.832441
-0.414146
-0.846805
-0.378296
0.307336
-0.904053
-0.968113
-0.915554
-0.528511
-0.999838
-0.644809
-0.928572
-0.597854
-0.934913
-0.961296
-0.378757
0.326987
-0.841259
-0.927403
-0.840592
-0.937086
-0.829587
-0.932008
-0.914046
-0.964864
-0.967649
-0.934185
-0.994335
-0.946776
-0.928018
-0.856512
-0.78937
-0.841412
-0.470682
0.399047
-0.940763
-0.857406
-0.376171
-0.566733
-0.954552
-0.36157
-0.562708
-0.924803
-0.601515
-0.92996
-0.990892
-0.956898
-0.914694
-0.963532
-0.91212
-0.997286
-0.997029
-0.770272
-0.961502
-0.905012
-0.925081
-0.941628
-0.639415
-0.46656
0.362855
-0.420692
0.211427
-0.456804
-0.763825
-0.868934
-0.941622
-0.537347
-0.431103
-0.95823
-0.915134
-0.918386
-0.916324
-0.936034
-0.906119
-0.95314
-0.994301
-0.533251
-0.395725
-0.918689
-0.851933
-0.919639
-0.828782
-0.917651
-0.93079
-0.986958
-0.903131
-0.828609
-0.405422
-0.765656
-0.855937
-0.324725
-0.964252
-0.912392
-0.595949
-0.37234
-0.987856
-0.944723
-0.906881
-0.92642
-0.824815
-0.624217
-0.989645
-0.961734
-0.84217
-0.911319
-0.975244
-0.929772
-0.967378
-0.996392
-0.861454
-0.790347
-0.620646
-0.941548
-0.960569
-0.858803
-0.926129
0.375475
-0.398025
0.313408
-0.399975
-0.847229
-0.764066
-0.952911
-0.903743
-0.561264
-0.951044
-0.926862
-0.569794
-0.969598
-0.995764
-0.848873
-0.916638
-0.83147
-0.998848
-0.856696
-0.944719
-0.884815
-0.822722
-0.538989
-0.969194
-0.9249
-0.954057
-0.985843
-0.915337
-0.849232
-0.923115
-0.921218
-0.956894
-0.896977
-0.56053
-0.989899
-0.32978
-0.827625
-0.916688
-0.903472
-0.936464
-0.922193
-0.93445
-0.999213
-0.430464
-0.960076
-0.94433
-0.926106
-0.35104
-0.861403
-0.781162
-0.951834
-0.373124
-0.618602
-0.915123
-0.987286
-0.913313
-0.808367
-0.559033
-0.36704
0.325762
-0.416788
-0.915188
-0.58153
-0.776564
-0.809191
-0.347944
-0.952766
-0.904623
-0.997738
-0.91322
-0.993601
-0.943362
-0.951626
-0.971381
-0.721641
-0.945106
-0.955953
-0.91856
-0.981464
-0.927139
-0.954118
-0.926513
-0.943089
-0.384663
-0.997361
-0.551728
-0.917302
-0.839149
-0.899213
-0.917809
-0.81908
-0.903821
-0.845119
-0.631317
-0.853332
-0.963043
-0.924169
-0.975357
-0.935228
-0.626913
-0.925487
-0.968239
-0.85021
-0.908666
0.389289
-0.465325
-0.622203
-0.771064
0.368354
-0.454308
-0.582843
-0.941729
-0.962886
-0.930674
-0.832311
-0.989514
-0.573155
-0.336881
0.373176
-0.374523
-0.842473
-0.947242
-0.9236
-0.744875
-0.578026
-0.95159
-0.919215
-0.568605
-0.867696
-0.957075
-0.909115
-0.82768
-0.92997
-0.923355
-0.850154
-0.920459
-0.960404
-0.939764
-0.404596
-0.658635
-0.863226
-0.943224
-0.931257
-0.978614
-0.952337
-0.930071
-0.848689
-0.91116
-0.553951
-0.435917
0.140795
-0.936425
-0.645596
-0.45966
0.414366
-0.82598
-0.609654
-0.440823
-0.588146
-0.910016
-0.945281
-0.862244
-0.98599
-0.894649
-0.922244
-0.993371
-0.908693
-0.995804
-0.976465
-0.909535
-0.949829
-0.968737
-0.750733
-0.952267
-0.991653
-0.571728
-0.922943
-0.973308
-0.950313
-0.934469
-0.749061
-0.964435
-0.922645
-0.913057
-0.917555
-0.834403
-0.351798
-0.926175
-0.914524
-0.997782
-0.93745
-0.900014
-0.964623
-0.936774
-0.839356
-0.949191
-0.92688
-0.953484
-0.930773
-0.836432
-0.405498
-0.634128
-0.494896
-0.935345
-0.622619
-0.292345
-0.973261
-0.780166
-0.837428
-0.913558
-0.995922
-0.925623
-0.959603
-0.911622
-0.816088
-0.989972
-0.835554
-0.96494
-0.995704
-0.571596
-0.926527
-0.869594
-0.993158
-0.956431
-0.823633
-0.930519
-0.956328
-0.58421
-0.783669
-0.981895
0.293336
-0.921663
-0.573519
-0.431118
-0.610231
-0.328484
0.321807
-0.771394
-0.946697
-0.994854
-0.845183
-0.920244
-0.858814
-0.927798
-0.959227
-0.866026
-0.961569
-0.943899
-0.53938
-0.78996
-0.593086
-0.915006
-0.821455
-0.964882
-0.998617
-0.843338
-0.915625
-0.996057
-0.953707
-0.909812
-0.906174
-0.392194
-0.91362
-0.915729
-0.940661
-0.991144
-0.924608
-0.934611
-0.933954
-0.839894
-0.930167
-0.991617
-0.384227
-0.577149
-0.930686
-0.945246
-0.33991
-0.851091
-0.742084
-0.96257
-0.936233
-0.844856
-0.914763
-0.385398
-0.544403
-0.992219
-0.962203
-0.409109
-0.616178
-0.438714
-0.556327
-0.410156
-0.624457
-0.939619
-0.9318
-0.961553
-0.929408
-0.999496
-0.911706
-0.999828
-0.969814
-0.791784
-0.911758
-0.956086
-0.952915
-0.923068
-0.981157
-0.915796
-0.944219
-0.947579
-0.923474
0.411499
-0.899925
-0.825081
-0.908871
-0.831775
-0.904326
-0.817611
-0.9863
-0.593869
-0.940695
-0.601076
-0.916396
-0.602298
-0.367728
-0.957149
-0.986011
-0.950078
-0.928722
-0.978535
-0.581521
-0.348582
-0.962373
-0.903045
-0.556453
-0.927803
-0.519743
-0.772568
-0.862444
-0.3877
-0.830642
-0.908001
0.363055
-0.360316
-0.827485
-0.600308
-0.36568
-0.584233
-0.443162
-0.578299
-0.322629
0.230639
-0.857853
-0.915515
-0.89229
-0.914531
-0.827408
-0.936908
-0.978042
-0.904647
-0.56703
-0.991039
-0.553077
-0.897406
-0.480678
-0.921517
-0.92177
-0.334058
-0.947973
-0.934553
-0.935649
-0.962229
-0.59402
-0.999621
-0.969219
-0.426339
-0.659913
-0.934618
-0.633199
-0.944918
-0.991719
-0.946667
-0.90927
-0.832306
-0.771978
-0.836683
-0.373585
0.340681
-0.90709
-0.826153
-0.41318
-0.941916
-0.941869
-0.990439
-0.952096
-0.90173
-0.998196
-0.989328
-0.939013
-0.962074
-0.996405
-0.783436
-0.957691
-0.936604
-0.588505
-0.420073
0.399939
-0.379846
0.325133
-0.933477
-0.9144
-0.989575
-0.932498
-0.859139
-0.927466
-0.923517
-0.907153
-0.961798
-0.915402
-0.962456
-0.994908
-0.579179
-0.396346
-0.928891
-0.842856
-0.398926
-0.947886
-0.934279
-0.933013
-0.986531
-0.905312
-0.840399
-0.376502
-0.746638
-0.828446
-0.324653
-0.944498
-0.920433
-0.563266
-0.993117
-0.958982
-0.929363
-0.826343
-0.599302
-0.965636
-0.847135
-0.918127
-0.846581
-0.927358
-0.953931
-0.991382
-0.860071
-0.771901
-0.614715
-0.916839
-0.949212
0.329556
-0.393398
0.301396
-0.350831
-0.854262
-0.962413
-0.924808
-0.610988
-0.952706
-0.992238
-0.826441
-0.920183
-0.950953
-0.996521
-0.832749
-0.925823
-0.845098
-0.765293
-0.548561
-0.959658
-0.923026
-0.934683
-0.948188
-0.917437
-0.8544
-0.921904
-0.91887
-0.946027
-0.92136
-0.568221
-0.989483
-0.316074
-0.820029
-0.928613
-0.926593
-0.920113
-0.995595
-0.996829
-0.923237
-0.850766
-0.421793
-0.964171
-0.910173
-0.90856
-0.414297
-0.845014
-0.757627
-0.947777
-0.436624
-0.56815
-0.911141
-0.581714
-0.39853
0.275306
-0.928406
-0.92889
-0.986822
-0.914281
-0.991403
-0.927172
-0.950834
-0.952902
-0.745813
-0.962351
-0.952659
-0.931684
-0.91624
-0.861038
-0.90615
-0.930979
-0.950195
-0.911235
-0.952672
-0.346855
-0.522167
-0.906048
-0.849081
-0.960163
-0.929274
-0.847629
-0.585145
-0.875517
-0.959305
-0.931448
-0.913346
-0.931308
-0.922885
-0.842226
-0.992742
-0.581936
-0.407818
-0.60593
-0.931438
-0.993929
-0.948402
-0.823614
-0.931448
0.287042
-0.407323
-0.569374
-0.762103
0.176373
-0.407888
-0.554867
0.370455
-0.329565
-0.881923
-0.973615
-0.915179
-0.592288
-0.856078
-0.950384
-0.935105
-0.944685
-0.966913
-0.93424
-0.911592
-0.825236
-0.927028
-0.94732
-0.947844
-0.449382
-0.604993
-0.866349
-0.927624
-0.629244
-0.936881
-0.979038
-0.881566
-0.951516
-0.935733
-0.829793
-0.92974
-0.553159
-0.413117
0.354912
-0.946233
-0.607484
-0.423302
0.297155
-0.789017
-0.629878
-0.46545
-0.982675
-0.895665
-0.91273
-0.99242
-0.996215
-0.907337
-0.975308
-0.956392
-0.929165
-0.943648
-0.975258
-0.761657
-0.933762
-0.548222
-0.938345
-0.904914
-0.946274
-0.927834
-0.838369
-0.409427
-0.922525
-0.914188
-0.988857
-0.960325
-0.955864
-0.933223
-0.863009
-0.930227
-0.925188
-0.937284
-0.966414
-0.92602
-0.872776
-0.358925
-0.606939
-0.404144
-0.922751
-0.577526
-0.353888
-0.959514
-0.792782
-0.853044
-0.919203
-0.946455
-0.913411
-0.812818
-0.984978
-0.836278
-0.953586
-0.994868
-0.999496
-0.568662
-0.918474
-0.812791
-0.999443
-0.936043
-0.852539
-0.918522
-0.943763
-0.586798
-0.736074
-0.819519
-0.937875
-0.995684
-0.989146
-0.972304
-0.915696
-0.95307
-0.911999
-0.833887
-0.992901
-0.513769
-0.885966
-0.831502
-0.947374
-0.993221
-0.98629
-0.82103
-0.928038
-0.891368
-0.467187
-0.712135
-0.965677
-0.94357
-0.840252
-0.900644
-0.933226
-0.951931
-0.938833
-0.879964
-0.92743
-0.468841
-0.956923
-0.93662
-0.970618
-0.969371
-0.908937
-0.87328
-0.944161
-0.465054
-0.632731
-0.927369
-0.994677
-0.449315
-0.639206
-0.930321
-0.969982
-0.49774
-0.857709
-0.790856
-0.957466
-0.377895
-0.550744
-0.486742
-0.533218
-0.33695
-0.582067
-0.791195
-0.920234
-0.962072
-0.802584
-0.831334
-0.412303
-0.825474
-0.304296
-0.854458
-0.901333
0.437444
-0.757957
-0.923151
-0.956453
-0.997491
-0.996222
-0.908657
-0.95541
-0.769323
-0.820525
-0.924488
0.255109
-0.448816
-0.848262
-0.446011
-0.856657
-0.998561
-0.95144
-0.917751
-0.587808
-0.926441
-0.637468
-0.472474
-0.950436
-0.923506
-0.612035
-0.730723
-0.896838
-0.966353
-0.989885
-0.905317
-0.943843
-0.998832
-0.944993
-0.900762
-0.961792
-0.928961
-0.614313
-0.428468
-0.551078
-0.443778
-0.616242
-0.416638
-0.859112
-0.751792
-0.825588
-0.293357
-0.82228
-0.36745
0.34482
-0.922269
-0.783103
-0.966236
-0.931559
-0.847218
-0.80118
0.316708
-0.916445
-0.836485
-0.338628
-0.846036
-0.369539
-0.560582
-0.987271
-0.551565
-0.916884
-0.946398
-0.358621
-0.570603
-0.90322
-0.99096
-0.962132
-0.932435
-0.771554
-0.946199
-0.953104
-0.999946
-0.999206
-0.924236
-0.976023
-0.852439
-0.785684
-0.848222
-0.430381
0.260578
-0.915673
-0.853694
-0.399086
-0.590528
-0.994383
-0.950353
-0.436581
-0.54578
-0.926522
-0.6027
-0.925123
-0.999086
-0.95902
-0.927848
-0.595689
-0.60879
-0.914515
-0.570966
-0.928826
-0.95412
-0.424179
0.354709
-0.855511
-0.914153
-0.827168
-0.912748
-0.847382
-0.925403
-0.948061
-0.921532
-0.92515
-0.956041
-0.958333
-0.91673
-0.581223
-0.415203
0.411914
-0.379647
0.423503
-0.414048
-0.733563
-0.800478
-0.904732
-0.56892
-0.353855
-0.937408
-0.85494
-0.800771
-0.905426
-0.967828
-0.570712
-0.921105
-0.935404
-0.786567
-0.954745
-0.949967
-0.962895
-0.918102
-0.991717
-0.99868
-0.924578
0.422948
-0.776639
0.18422
-0.416112
-0.624627
-0.462528
-0.614077
-0.917021
-0.950623
-0.999097
-0.531203
-0.918931
-0.842751
-0.400574
-0.623109
-0.976737
-0.947754
-0.861826
-0.403667
-0.780529
-0.832552
-0.376387
-0.961005
-0.923088
-0.579069
-0.372139
-0.988561
-0.972046
-0.90486
-0.930867
-0.925215
-0.850042
-0.935696
-0.926202
-0.936785
-0.965425
-0.58878
-0.360213
-0.930615
-0.851633
-0.922558
-0.809301
-0.924238
-0.911617
-0.942877
-0.966416
0.338234
-0.404057
0.250408
-0.403215
-0.847114
-0.728945
-0.947954
-0.915857
-0.608599
-0.398284
-0.863188
-0.760594
-0.578137
-0.932946
-0.947328
-0.409662
0.330007
-0.954926
0.227729
-0.785792
-0.599981
-0.382688
-0.625719
-0.458351
-0.590247
-0.956577
-0.998363
-0.928127
-0.860036
-0.949525
-0.924989
-0.594863
-0.997087
-0.850783
-0.924369
-0.445707
-0.966135
-0.906914
-0.960538
-0.804558
-0.961977
-0.963052
-0.99481
-0.925584
-0.825232
-0.782629
-0.555484
-0.963225
-0.921223
-0.951045
-0.99496
-0.835004
-0.918882
-0.626073
-0.964582
-0.999948
-0.855635
-0.943987
-0.855698
-0.961825
-0.926948
-0.992491
-0.586916
-0.456448
0.295377
-0.401278
-0.997115
-0.897975
-0.433622
-0.715693
-0.812322
-0.370142
-0.934363
-0.853236
-0.959147
-0.966966
-0.810093
-0.65798
-0.41482
-0.355815
-0.949186
-0.765694
-0.806624
-0.924922
-0.564894
-0.294526
-0.889094
-0.975459
-0.933686
-0.911309
-0.932307
-0.86534
-0.826919
-0.692741
-0.822773
-0.958432
-0.976984
-0.841314
-0.989509
-0.935132
-0.977345
-0.923794
-0.948687
-0.951249
-0.739856
-0.965315
-0.944251
-0.905788
-0.971322
-0.928704
-0.986419
-0.906096
-0.994256
0.337864
-0.322535
-0.836468
-0.928217
-0.88703
-0.743217
-0.536416
-0.466809
-0.62454
-0.920995
-0.818598
-0.797451
-0.957197
-0.368143
-0.846135
-0.623373
-0.785345
-0.971265
-0.932364
-0.951503
-0.999263
-0.858984
-0.936466
-0.295783
-0.945423
-0.409973
-0.830655
-0.758279
-0.571796
-0.91556
-0.889775
-0.987191
-0.825504
-0.407529
-0.940747
-0.968331
-0.994539
-0.925
0.340924
-0.940442
-0.588055
-0.40409
0.357038
-0.79062
-0.619035
-0.394025
-0.553909
-0.941892
-0.941254
-0.996995
-0.855402
-0.979644
-0.946518
-0.862749
-0.922073
-0.61848
-0.43556
-0.654938
-0.8777
-0.970928
-0.948251
-0.851922
-0.962165
-0.936722
-0.955697
-0.925283
-0.362711
-0.508376
-0.852834
-0.917353
-0.891534
-0.940911
-0.923642
-0.937067
-0.858092
-0.925538
-0.580267
-0.929637
-0.964309
-0.935721
-0.946857
-0.769029
-0.96357
-0.931079
0.269602
-0.425396
-0.575126
-0.355658
-0.598989
-0.756595
0.336008
-0.431588
-0.456684
-0.966726
-0.931322
-0.604137
-0.807636
-0.869506
-0.929139
-0.918674
-0.958174
-0.421584
-0.933967
-0.846433
-0.997057
-0.629257
-0.811263
-0.616344
-0.925292
-0.947183
-0.761614
-0.99447
-0.562893
-0.858666
-0.932261
-0.989836
-0.956489
-0.29404
-0.909837
-0.564237
-0.319763
-0.950158
-0.770079
-0.833054
-0.911134
-0.998338
-0.941696
-0.968235
-0.922186
-0.828393
-0.358379
-0.549271
-0.460462
-0.930628
-0.936886
-0.973433
-0.927932
-0.937503
-0.922721
-0.926695
-0.846832
-0.814058
-0.890503
-0.996164
-0.955706
-0.917351
0.244181
-0.913398
-0.541348
-0.326588
-0.57035
-0.363237
0.296346
-0.752815
-0.942649
-0.923432
-0.965576
-0.949719
-0.958018
-0.766958
-0.850388
-0.61096
-0.970625
-0.910351
-0.80197
-0.608346
-0.840013
-0.926119
-0.970909
-0.999398
-0.305779
-0.951238
-0.45561
-0.609465
-0.92807
-0.860159
-0.791703
-0.956371
-0.914137
-0.374669
-0.839266
-0.920689
-0.60127
-0.983716
-0.924723
-0.823803
-0.947502
-0.912696
-0.548991
-0.742268
-0.53431
-0.937201
-0.811232
-0.956138
-0.991551
-0.991928
-0.961437
-0.848415
-0.907225
-0.813983
-0.994136
-0.892772
-0.95241
-0.948857
-0.387262
-0.554872
-0.349386
-0.607396
-0.442818
-0.525753
-0.720709
-0.910882
-0.960268
-0.999864
-0.932586
-0.967099
-0.773958
-0.917844
-0.945704
-0.997647
-0.591587
-0.930917
-0.644767
-0.452342
-0.978095
-0.953284
-0.64876
-0.792363
-0.8381
-0.924621
0.227526
-0.345117
-0.86398
-0.464754
-0.812246
-0.983098
-0.928505
-0.909775
-0.926215
-0.955971
-0.770796
-0.908348
-0.945234
-0.990099
-0.948746
-0.928474
-0.947714
-0.927252
-0.566669
-0.422802
-0.551629
-0.365424
-0.565322
-0.432382
-0.844203
-0.784383
-0.850395
-0.455
-0.860496
-0.382226
0.141501
-0.939022
-0.950352
-0.913439
-0.829854
-0.782072
0.352466
-0.938416
-0.829341
-0.405709
-0.859069
-0.359441
-0.588627
-0.996724
-0.611295
-0.916288
-0.9622
-0.453447
-0.581716
-0.924623
-0.989141
-0.767281
-0.959106
-0.92087
-0.994832
-0.924069
-0.947948
-0.996088
-0.95703
-0.905892
-0.823707
-0.784076
-0.831289
-0.394235
0.375579
-0.921408
-0.840846
-0.362867
-0.605107
-0.958429
-0.441301
-0.579636
-0.930458
-0.59682
-0.912526
-0.965413
-0.921675
-0.589678
-0.9949
-0.601142
-0.925685
-0.587069
-0.917634
-0.960767
-0.414603
0.267188
-0.841342
-0.905959
-0.842989
-0.920533
-0.842263
-0.920898
-0.992276
-0.919463
-0.95562
-0.95853
-0.915446
-0.575088
-0.387704
0.366318
-0.329302
0.355985
-0.42433
-0.783371
-0.865277
-0.93387
-0.606138
-0.450822
-0.973001
-0.998113
-0.991143
-0.917182
-0.957319
-0.761258
-0.954489
-0.95281
-0.956608
-0.936661
-0.999319
-0.533748
-0.991609
-0.954622
-0.919298
-0.855346
-0.930741
0.298411
-0.77411
0.313525
-0.512712
-0.5952
-0.448146
-0.579069
-0.928158
-0.960657
-0.606533
-0.939359
-0.858721
-0.420587
-0.985349
-0.907149
-0.797643
-0.290753
-0.732834
-0.847603
-0.318178
-0.941921
-0.912116
-0.544729
-0.368515
-0.996887
-0.957421
-0.922465
-0.914559
-0.914918
-0.996518
-0.919734
-0.907511
-0.94866
-0.908335
-0.940389
-0.996436
-0.527603
-0.383765
-0.903076
-0.842881
-0.923127
-0.838527
-0.912671
-0.913745
0.282309
-0.346869
0.344672
-0.469236
-0.854406
-0.823471
-0.980952
-0.932282
-0.641483
-0.939319
-0.941499
-0.520972
-0.991474
-0.849456
-0.881611
-0.366915
0.378774
-0.933896
0.229755
-0.800711
-0.607448
-0.407999
-0.632422
-0.47302
-0.663825
-0.967758
-0.998407
-0.951156
-0.867972
-0.891139
-0.99645
-0.951047
-0.923873
-0.969236
-0.778778
-0.960501
-0.962911
-0.998018
-0.985151
-0.804276
-0.891559
-0.805902
-0.783435
-0.540412
-0.949474
-0.919279
-0.960885
-0.939107
-0.918286
-0.574411
-0.964536
-0.997745
-0.84756
-0.937717
-0.865333
-0.984781
-0.559362
-0.405663
0.274619
-0.390802
-0.913618
-0.597852
-0.791089
-0.832316
-0.336501
-0.963049
-0.912331
-0.841464
-0.381265
-0.36555
-0.962521
-0.75001
-0.834576
-0.937345
-0.604493
-0.444001
-0.907981
-0.995186
-0.960603
-0.918456
-0.939077
-0.999117
-0.831
-0.619336
-0.776675
-0.93477
-0.939681
-0.823017
-0.993507
-0.908916
-0.987804
-0.898786
-0.958998
-0.956565
-0.724159
-0.967799
-0.939052
-0.915269
-0.982898
-0.917386
-0.990352
-0.920216
-0.993172
0.486939
-0.393639
-0.84318
-0.960058
-0.93486
-0.778673
-0.643936
-0.833567
-0.982118
-0.916162
-0.830934
-0.560513
-0.76436
-0.959011
-0.912503
-0.959982
-0.380475
-0.936338
-0.963086
-0.941939
-0.43502
-0.964569
-0.403199
-0.881556
-0.793039
-0.658984
-0.920549
-0.925926
-0.852127
-0.952165
-0.918858
-0.834346
-0.909034
-0.576699
-0.985801
-0.32565
0.392313
-0.920224
-0.561427
-0.435578
0.44521
-0.766174
-0.585012
-0.398434
-0.585839
-0.932282
-0.958296
-0.842621
-0.960881
-0.921939
-0.572426
-0.850205
-0.948885
-0.990254
-0.921486
-0.835118
-0.936126
-0.913855
-0.839853
-0.930729
-0.954887
-0.917215
-0.377342
-0.625621
-0.990247
-0.84024
-0.934101
-0.924424
-0.954273
-0.593263
-0.918905
-0.953471
-0.968808
-0.95001
-0.796692
-0.954098
-0.932715
-0.980836
-0.426633
-0.94457
-0.822864
-0.633814
-0.45554
-0.40929
-0.972586
-0.931508
-0.603368
-0.810491
-0.852799
-0.939279
-0.514984
-0.866441
-0.931812
-0.965664
-0.829698
-0.581755
-0.934306
-0.950552
-0.792073
-0.990324
-0.905205
-0.946979
-0.898426
-0.823764
-0.334945
-0.998931
-0.985784
-0.496268
-0.279939
-0.890848
-0.599828
-0.283832
-0.939142
-0.749019
-0.820853
-0.906297
-0.990221
-0.919862
-0.922225
-0.92061
-0.849864
-0.393428
-0.924921
-0.921761
-0.999035
-0.95917
-0.919069
-0.934843
-0.897314
-0.7948
-0.914163
-0.979961
0.387676
-0.933364
-0.565366
-0.482772
-0.623645
-0.408112
0.269302
-0.798454
-0.853979
-0.625314
-0.960936
-0.938813
-0.814438
-0.664691
-0.857462
-0.947665
-0.969905
-0.89814
-0.992351
-0.32422
-0.92909
-0.367845
-0.570565
-0.90876
-0.840882
-0.699713
-0.930896
-0.910411
-0.320748
-0.82814
-0.901788
-0.506248
-0.994507
-0.984167
-0.80987
-0.941776
-0.937798
-0.564727
-0.746755
-0.569831
-0.929747
-0.835252
-0.957038
-0.989469
-0.965852
-0.86688
-0.902756
-0.815434
-0.985276
-0.908073
-0.932757
-0.962666
-0.382895
-0.612722
-0.416912
-0.611341
-0.341042
-0.628142
-0.993663
-0.922885
-0.966711
-0.803098
-0.922672
-0.959779
-0.995403
-0.96572
-0.924024
-0.994018
-0.563501
-0.897597
-0.59055
-0.366597
-0.954158
-0.922239
-0.508458
-0.737262
-0.840485
-0.911844
0.430396
-0.380774
-0.823428
-0.331252
-0.848645
-0.989312
-0.984751
-0.912337
-0.944366
-0.775285
-0.914936
-0.95877
-0.962524
-0.910366
-0.983799
-0.953224
-0.910371
-0.635426
-0.346895
-0.562914
-0.422232
-0.57903
-0.426102
-0.568403
-0.594315
-0.912879
-0.940603
-0.400569
-0.584088
-0.924037
-0.997098
-0.951985
-0.904261
-0.807067
-0.738923
0.359129
-0.903292
-0.827243
-0.33972
-0.81262
-0.353262
-0.993809
-0.944155
-0.96072
-0.784968
-0.946774
-0.939108
-0.576028
-0.957316
-0.394468
-0.558925
-0.927286
-0.625914
-0.929038
-0.96669
-0.92565
-0.884248
-0.817113
-0.868046
-0.384204
0.327979
-0.945314
-0.867533
-0.399092
0.237598
-0.845496
-0.912938
-0.850689
-0.940005
-0.846594
-0.936945
-0.955726
-0.919417
-0.614628
-0.607611
-0.902229
-0.556761
-0.910082
-0.958303
-0.379823
-0.95027
-0.921844
-0.935376
-0.962533
-0.592395
-0.334274
0.223693
-0.367
0.266926
-0.935923
-0.997498
-0.925241
-0.95655
-0.784566
-0.961031
-0.964179
-0.966936
-0.914777
-0.955923
-0.997938
-0.615756
-0.934148
-0.830439
-0.36731
-0.566724
-0.979085
-0.952019
-0.928096
-0.809234
-0.903949
0.348357
-0.759854
0.28343
-0.42121
-0.539374
-0.319937
-0.593908
-0.364453
-0.998699
-0.952463
-0.920863
-0.926949
-0.998418
-0.92705
-0.830438
-0.444148
-0.77853
-0.839448
-0.405033
-0.961793
-0.929096
-0.585002
-0.947201
-0.934513
-0.993684
-0.916236
-0.837991
-0.905827
-0.931738
-0.912896
-0.945915
-0.901654
-0.954366
-0.992506
-0.591242
-0.362079
-0.927656
-0.843692
0.277809
-0.410347
0.402726
-0.415482
-0.575675
-0.955011
-0.996953
-0.920364
-0.848637
-0.957682
-0.937516
-0.620725
-0.827338
-0.936869
-0.439795
0.331122
-0.915871
0.423639
-0.750993
-0.582012
-0.43954
-0.595137
-0.362764
-0.927503
-0.969238
-0.912662
-0.951821
-0.775523
-0.955856
-0.948535
-0.933305
-0.987864
-0.855581
-0.921419
-0.870729
-0.776252
-0.534631
-0.965862
-0.903847
-0.846235
-0.963712
-0.93398
-0.644936
-0.958246
-0.988079
-0.841836
-0.913758
-0.997108
-0.580839
-0.311702
0.405511
-0.439938
-0.93028
-0.957749
-0.942882
-0.937979
-0.99965
-0.880037
-0.476034
-0.394327
-0.963013
-0.810469
-0.866496
-0.938677
-0.631223
-0.827312
-0.991384
-0.899122
-0.94792
-0.995219
-0.99991
-0.803292
-0.54938
-0.73918
-0.998975
-0.895136
-0.938087
-0.877219
-0.976748
-0.998778
-0.929115
-0.958064
-0.949996
-0.727304
-0.956397
-0.931745
-0.930874
-0.942653
-0.980353
0.26821
-0.450563
-0.964389
-0.833336
-0.996469
-0.913006
-0.838743
-0.588239
-0.766571
-0.94469
-0.923991
-0.941085
-0.994389
-0.840492
-0.401469
-0.926306
-0.976698
-0.916103
-0.396266
-0.966242
-0.46254
-0.873487
-0.781165
-0.580755
-0.941789
-0.554937
-0.903353
-0.945581
-0.996579
-0.831379
-0.950242
-0.926512
-0.83931
-0.922059
-0.588557
-0.995869
-0.331909
0.20093
-0.935325
-0.577394
-0.335471
0.398888
-0.768374
-0.56926
-0.338881
-0.855628
-0.952731
-0.911279
-0.573167
-0.807499
-0.945081
-0.986506
-0.911876
-0.913518
-0.963624
-0.916453
-0.930579
-0.843448
-0.916921
-0.954453
-0.913065
-0.381656
-0.561637
-0.989295
-0.843137
-0.924016
-0.569691
-0.910352
-0.999424
-0.917563
-0.968257
-0.432904
-0.903281
-0.870307
-0.581577
-0.339769
-0.358212
-0.940395
-0.910814
-0.625233
-0.768922
-0.822508
-0.987018
-0.611987
-0.855777
-0.930235
-0.93882
-0.828049
-0.55608
-0.911214
-0.954311
-0.751706
-0.903007
-0.933743
-0.984365
-0.94335
-0.886686
-0.480682
-0.627621
-0.495124
-0.936667
-0.635283
-0.379384
-0.976988
-0.818867
-0.833468
-0.932264
-0.948207
-0.952698
-0.938599
-0.874188
-0.492451
-0.930751
-0.92468
-0.957163
-0.974435
-0.936763
-0.855139
-0.912299
-0.614349
-0.861906
-0.927141
-0.972656
-0.857868
-0.605044
-0.967717
-0.935236
-0.800859
-0.939404
-0.898667
-0.397759
-0.841107
-0.906964
-0.56117
-0.993847
-0.926851
-0.989852
-0.358371
-0.94844
-0.441714
-0.602712
-0.907615
-0.830327
-0.764391
-0.5095
-0.910489
-0.813584
-0.953586
-0.991961
-0.996229
-0.873147
-0.956559
-0.919772
-0.568021
-0.75224
-0.867326
-0.973666
-0.99924
-0.902589
-0.926991
-0.925353
-0.834696
-0.994406
-0.978666
-0.41232
-0.608751
-0.40366
-0.57366
-0.439164
-0.631105
-0.779983
-0.931051
-0.964968
-0.763699
-0.848461
-0.393389
-0.842254
-0.420321
-0.851872
-0.927196
0.218792
-0.791645
-0.927784
-0.970709
-0.990436
-0.923315
-0.952198
-0.986801
-0.958597
-0.906603
-0.933531
-0.911853
-0.787796
-0.926184
-0.946957
-0.930983
-0.956248
-0.64104
-0.427626
-0.611278
-0.455985
-0.617249
-0.440904
-0.872064
-0.758268
-0.87044
-0.411457
-0.875436
-0.446978
0.327531
-0.925993
-0.782282
-0.964708
-0.94761
-0.863183
-0.744806
0.383993
-0.887186
-0.80997
-0.373334
-0.82605
-0.298056
-0.539658
-0.981883
-0.601788
-0.876661
-0.955137
-0.291491
-0.45711
-0.914388
-0.989683
-0.963189
-0.920583
-0.955463
-0.974193
-0.93409
-0.934255
-0.854291
-0.783917
-0.83973
-0.384112
0.342932
-0.926153
-0.846573
-0.417316
-0.633535
-0.993509
-0.968739
-0.35454
-0.599531
-0.916676
-0.606895
-0.941362
-0.992188
-0.963954
-0.931233
-0.599983
-0.987567
-0.549897
-0.904227
-0.555455
-0.898922
-0.932293
-0.294652
0.357896
-0.816392
-0.878317
-0.806432
-0.910808
-0.789224
-0.917832
-0.951845
-0.916636
-0.571356
-0.363855
0.463174
-0.407609
0.340618
-0.37194
-0.762166
-0.829544
-0.917902
-0.571755
-0.377741
-0.946642
-0.833626
-0.786799
-0.927517
-0.950971
-0.618536
-0.927454
-0.951445
-0.754904
-0.981129
-0.954502
-0.931554
-0.892705
-0.998711
-0.996814
-0.922232
-0.963392
-0.998026
-0.619669
-0.384921
-0.933496
-0.843654
-0.921259
-0.858631
-0.909384
-0.928367
-0.923018
-0.957655
-0.414369
-0.776311
-0.834111
-0.375496
-0.964975
-0.92498
-0.616305
-0.399837
-0.952107
-0.916762
-0.931455
-0.92324
-0.842976
-0.927038
-0.997364
-0.931908
0.454646
-0.367718
0.370341
-0.397726
-0.847261
-0.753456
-0.968198
-0.920083
-0.566924
-0.408421
-0.84988
-0.791631
-0.613279
-0.918168
-0.956341
-0.427983
0.233915
-0.925297
0.334454
-0.723795
-0.55011
-0.415527
-0.595096
-0.333583
-0.542937
-0.966509
-0.986992
-0.922864
-0.80704
-0.965217
-0.92522
-0.589266
-0.858233
-0.913097
-0.37274
-0.832722
-0.76045
-0.554703
-0.957001
-0.923538
-0.955266
-0.994779
-0.994497
-0.851423
-0.917273
-0.612353
-0.957337
-0.998309
-0.843537
-0.920009
-0.862544
-0.968633
-0.932946
-0.508832
-0.321696
0.238147
-0.462423
-0.934603
-0.575484
-0.814189
-0.845494
-0.414516
-0.968261
-0.8183
-0.912716
-0.947848
-0.764546
-0.583831
-0.364936
-0.333087
-0.921571
-0.727923
-0.833105
-0.912799
-0.517746
-0.35207
-0.936683
-0.992989
-0.956383
-0.891413
-0.901883
-0.992903
-0.805476
-0.989281
-0.907399
-0.952323
-0.938772
-0.730143
-0.957288
-0.954143
-0.923912
-0.997494
-0.989518
-0.915655
-0.991334
-0.932703
0.266411
-0.320689
-0.811097
-0.940936
-0.904635
-0.747435
-0.523513
-0.418222
-0.622917
-0.931861
-0.850787
-0.774037
-0.957094
-0.422631
-0.85372
-0.571919
-0.779597
-0.955234
-0.895071
-0.925957
-0.990093
-0.999445
-0.859487
-0.921136
-0.949504
-0.93155
-0.461208
-0.553892
-0.992418
-0.866545
-0.916842
-0.922534
-0.954703
-0.942484
-0.92806
-0.846995
-0.922924
0.262563
-0.946573
-0.58432
-0.427427
0.269135
-0.812678
-0.640274
-0.439049
-0.560295
-0.920678
-0.949819
-0.99519
-0.860963
-0.975499
-0.94389
-0.884267
-0.932218
-0.630287
-0.995079
-0.454091
-0.634434
-0.862518
-0.968114
-0.998883
-0.92428
-0.859475
-0.971557
-0.945178
-0.596777
-0.925719
-0.962924
-0.947393
-0.955558
-0.755646
-0.954016
-0.910158
0.355667
-0.444168
-0.597756
-0.419846
-0.579872
-0.766516
0.246109
-0.412244
-0.372545
-0.927104
-0.9027
-0.561272
-0.748667
-0.809267
-0.898575
-0.977398
-0.929459
-0.952223
-0.382423
-0.923702
-0.826727
-0.99782
-0.548332
-0.863696
-0.918034
-0.959291
-0.921318
-0.400916
-0.912224
-0.565103
-0.391314
-0.965138
-0.781656
-0.854515
-0.924379
-0.941765
-0.958306
-0.946876
-0.833272
-0.422911
-0.586262
-0.403038
-0.9244
-0.91995
-0.994574
-0.950532
-0.933279
-0.911212
-0.923384
-0.932112
-0.854226
0.281138
-0.902663
-0.570769
-0.338594
-0.582459
-0.344885
0.353684
-0.755429
-0.954926
-0.921005
-0.965619
-0.96875
-0.949729
-0.808174
-0.857559
-0.553282
-0.937008
-0.924217
-0.720182
-0.512511
-0.836768
-0.908483
-0.924343
-0.992051
-0.993592
-0.931551
-0.836303
-0.993289
-0.922792
-0.941366
-0.841467
-0.948518
-0.91134
-0.532057
-0.766796
-0.573593
-0.905103
-0.819613
-0.95513
-0.99792
-0.995124
-0.960497
-0.98834
-0.846875
-0.949678
-0.377317
-0.584022
-0.373704
-0.571415
-0.452494
-0.588223
-0.776436
-0.919922
-0.968172
-0.918827
-0.94238
-0.753735
-0.926029
-0.96549
-0.993821
-0.957144
-0.912114
-0.989159
-0.959939
-0.900995
-0.996323
-0.909532
-0.957989
-0.772063
-0.913468
-0.964389
-0.996667
-0.594655
-0.436805
-0.597738
-0.375653
-0.574821
-0.345478
-0.836351
-0.781879
-0.860301
-0.431167
-0.857787
-0.449614
0.250742
-0.922937
-0.94935
-0.913381
-0.832577
-0.76928
0.382074
-0.907118
-0.871363
-0.385011
-0.831423
-0.440962
-0.611236
-0.997553
-0.600501
-0.918393
-0.96031
-0.423704
-0.611133
-0.929784
-0.999363
-0.907905
-0.954936
-0.942451
-0.936987
-0.940196
-0.906219
-0.836879
-0.755707
-0.837317
-0.361321
0.374743
-0.90979
-0.840283
-0.42041
-0.611623
-0.997353
-0.971979
-0.363511
-0.608332
-0.913948
-0.582237
-0.919556
-0.951393
-0.9195
-0.579102
-0.992018
-0.552363
-0.922666
-0.561437
-0.917529
-0.953818
-0.413464
0.345035
-0.845222
-0.924472
-0.837113
-0.901196
-0.848705
-0.929849
-0.634633
-0.383992
0.303545
-0.460373
0.361542
-0.406704
-0.771224
-0.827196
-0.924835
-0.624324
-0.402496
-0.951037
-0.996653
-0.917441
-0.9532
-0.785582
-0.959815
-0.959867
-0.97055
-0.933117
-0.994482
-0.920602
-0.942938
-0.908454
-0.95657
-0.989854
-0.584792
-0.339697
-0.919959
-0.829919
-0.924822
-0.853746
-0.909894
-0.922597
-0.998449
-0.913041
-0.842046
-0.40129
-0.780152
-0.843316
-0.386263
-0.94819
-0.929175
-0.605262
-0.410994
-0.99665
-0.93932
-0.919206
-0.917859
-0.935854
-0.989742
-0.920623
0.155544
-0.429814
0.24787
-0.443938
-0.857063
-0.774846
-0.961502
-0.949343
-0.649757
-0.950577
-0.922491
-0.551619
-0.978231
-0.799704
-0.930401
-0.308401
0.502443
-0.922024
0.200949
-0.739536
-0.578015
-0.433833
-0.524096
-0.422733
-0.585283
-0.954981
-0.986343
-0.929598
-0.851866
-0.996138
-0.819578
-0.924029
-0.856962
-0.780297
-0.616468
-0.968839
-0.947952
-0.97509
-0.998692
-0.960604
-0.924538
-0.631893
-0.958575
-0.992183
-0.842124
-0.940296
-0.849624
-0.587041
-0.488338
0.329657
-0.326234
-0.897831
-0.516221
-0.738065
-0.845635
-0.402634
-0.931967
-0.935322
-0.857447
-0.462455
-0.447967
-0.967308
-0.796708
-0.875719
-0.929645
-0.643791
-0.404175
-0.902491
-0.988066
-0.953591
-0.934534
-0.98529
-0.994053
-0.925933
-0.960846
-0.959215
-0.769768
-0.961743
-0.961133
-0.923977
-0.991893
-0.947431
-0.914033
0.301158
-0.340897
-0.841624
-0.959946
-0.912265
-0.797659
-0.587804
-0.833875
-0.904435
-0.818282
-0.596154
-0.761384
-0.938882
-0.929619
-0.956757
-0.998373
-0.924852
-0.93487
-0.849827
-0.917253
-0.95329
-0.926416
-0.398023
-0.578553
-0.846153
-0.926467
-0.940834
-0.963038
-0.950876
-0.935704
-0.843293
-0.921002
-0.556655
-0.996598
-0.388328
0.295678
-0.91917
-0.614239
-0.388133
0.338973
-0.759828
-0.608742
-0.447563
-0.599013
-0.907178
-0.955308
-0.998785
-0.839877
-0.95478
-0.919199
-0.610136
-0.823655
-0.949167
-0.929731
-0.841684
-0.611536
-0.940045
-0.944321
-0.95562
-0.973785
-0.797865
-0.9628
-0.926451
-0.950249
-0.323782
-0.997733
-0.898598
-0.833297
-0.990914
-0.513123
-0.336458
-0.428269
-0.933984
-0.927686
-0.550262
-0.709809
-0.851323
-0.927554
-0.997762
-0.962355
-0.921869
-0.84411
-0.922584
-0.996629
-0.90719
-0.954528
-0.904512
-0.813566
-0.271928
-0.98659
-0.549337
-0.396559
-0.928541
-0.540049
-0.380541
-0.940812
-0.76501
-0.86177
-0.933584
-0.994149
-0.915837
-0.902348
-0.9161
-0.812114
-0.388531
-0.900352
-0.905174
-0.979966
-0.956768
-0.9181
0.253646
-0.906405
-0.558631
-0.324953
-0.597894
-0.390293
0.395019
-0.754784
-0.990642
-0.843193
-0.563834
-0.964281
-0.918866
-0.79588
-0.619577
-0.81727
-0.908507
-0.957036
-0.992031
-0.904949
-0.814102
-0.984886
-0.912562
-0.933435
-0.986136
-0.827548
-0.942298
-0.901863
-0.518621
-0.746866
-0.568047
-0.88013
-0.816751
-0.934782
-0.979414
-0.954598
-0.999117
-0.991549
-0.804871
-0.936712
-0.289821
-0.488337
-0.332565
-0.575872
-0.353196
-0.519305
-0.992785
-0.997497
-0.913885
-0.963156
-0.7773
-0.893625
-0.95902
-0.962667
-0.915336
-0.948369
-0.892907
-0.988876
-0.999753
-0.911693
-0.952374
-0.779949
-0.995811
-0.903427
-0.978945
-0.982077
-0.591484
-0.443624
-0.605897
-0.331312
-0.559658
-0.378566
-0.636216
-0.607181
-0.914239
-0.958646
-0.384165
-0.58124
-0.917832
-0.945705
-0.935532
-0.859573
-0.79328
0.20673
-0.937355
-0.870451
-0.402966
-0.860061
-0.431704
-0.967332
-0.921588
-0.996412
-0.912575
-0.939956
-0.531968
-0.930675
-0.357306
-0.583417
-0.920775
-0.576356
-0.919758
-0.991439
-0.952393
-0.913915
-0.846561
-0.766594
-0.86383
-0.367203
0.321301
-0.891263
-0.840481
-0.337972
0.299344
-0.847924
-0.935267
-0.852782
-0.911483
-0.852714
-0.922221
-0.965749
-0.924172
-0.565067
-0.590506
-0.937567
-0.641782
-0.922011
-0.974303
-0.455019
-0.559715
-0.382009
0.249752
-0.372712
0.368929
-0.932172
-0.99446
-0.931826
-0.952242
-0.774542
-0.957631
-0.959483
-0.952777
-0.906749
-0.848718
-0.910166
-0.934856
-0.929417
-0.955106
-0.94352
-0.979046
-0.607265
-0.359737
-0.9395
-0.831552
-0.448759
-0.998358
-0.959143
-0.936972
-0.937059
-0.928143
-0.856601
-0.481331
-0.807687
-0.835284
-0.433119
-0.953571
-0.93609
-0.602155
-0.931795
-0.924328
0.37123
-0.406591
0.321195
-0.342402
-0.627736
-0.969213
-0.997675
-0.932128
-0.859193
-0.952632
-0.938264
-0.561566
-0.862937
-0.937211
-0.468841
0.235626
-0.942213
0.280333
-0.79322
-0.616198
-0.43681
-0.647011
-0.43571
-0.997308
-0.952959
-0.999178
-0.997415
-0.836503
-0.925973
-0.855508
-0.770267
-0.618202
-0.961236
-0.917738
-0.861123
-0.962613
-0.939608
-0.581904
-0.968205
-0.874382
-0.949276
-0.610622
-0.417133
0.346522
-0.430672
-0.932249
-0.998063
-0.960758
-0.927502
-0.914281
-0.99976
-0.862618
-0.435292
-0.370042
-0.956414
-0.768789
-0.838525
-0.9328
-0.571758
-0.988518
-0.925571
-0.997286
-0.941485
-0.9559
-0.950259
-0.790332
-0.958953
-0.953481
-0.932172
-0.914215
0.328773
-0.370606
-0.963739
-0.983867
-0.847531
-0.944175
-0.868872
-0.583814
-0.772989
-0.966144
-0.918394
-0.904395
-0.949076
-0.934084
-0.923757
-0.859745
-0.920586
-0.97095
-0.925978
-0.390487
-0.541457
-0.851173
-0.898901
-0.543582
-0.997486
-0.897133
-0.950016
-0.992279
-0.820194
-0.967806
-0.914205
-0.846775
-0.932252
-0.60908
-0.998518
-0.406466
0.198079
-0.913185
-0.592275
-0.293599
0.444756
-0.725068
-0.578049
-0.29825
-0.817024
-0.952293
-0.928481
-0.576266
-0.832598
-0.957235
-0.988107
-0.921538
-0.55175
-0.93307
-0.990361
-0.931395
-0.962025
-0.40594
-0.948064
-0.860948
-0.654861
-0.471678
-0.376703
-0.958173
-0.928646
-0.588798
-0.799893
-0.842971
-0.945523
-0.914074
-0.834815
-0.896429
-0.994392
-0.907081
-0.989407
-0.923002
-0.944766
-0.91486
-0.841683
-0.377852
-0.999692
-0.577319
-0.402274
-0.923542
-0.512997
-0.358228
-0.932864
-0.754524
-0.809427
-0.908994
-0.933627
-0.912967
-0.923068
-0.852233
-0.354953
-0.915743
-0.922945
-0.958635
-0.613993
-0.853393
-0.923689
-0.953581
-0.992542
-0.847586
-0.557275
-0.953571
-0.910561
-0.752795
-0.92872
-0.948593
-0.917522
-0.821505
-0.990443
-0.598172
-0.918894
-0.85347
-0.959921
-0.994443
-0.858913
-0.966711
-0.904436
-0.58578
-0.760459
-0.849728
-0.941949
-0.960605
-0.439556
-0.516703
-0.367642
-0.628654
-0.444059
-0.582182
-0.764548
-0.909361
-0.962628
-0.78511
-0.85334
-0.405196
-0.849785
-0.403548
-0.836462
-0.9285
0.378041
-0.996298
-0.96193
-0.925991
-0.945529
-0.941468
-0.807748
-0.926471
-0.944854
-0.994202
-0.942066
-0.974287
-0.609366
-0.391849
-0.58197
-0.458979
-0.606821
-0.444615
-0.842979
-0.777055
-0.864614
-0.301147
-0.860772
-0.433556
0.2417
-0.916925
-0.776591
-0.958068
-0.930732
-0.582938
-0.600473
-0.901278
-0.562836
-0.924263
-0.94477
-0.368478
0.331471
-0.832818
-0.938567
-0.823194
-0.922835
-0.851718
-0.925083
-0.944344
-0.918594
-0.935394
-0.955989
-0.95241
-0.93091
-0.866605
-0.805651
-0.859912
-0.39866
0.287244
-0.936732
-0.844952
-0.46011
-0.616747
-0.996053
-0.97164
-0.341856
-0.623294
-0.929945
-0.585791
-0.941811
-0.994152
-0.968716
-0.930749
-0.538532
-0.357496
0.194745
-0.430769
0.433519
-0.325522
-0.791489
-0.813851
-0.923262
-0.583075
-0.305541
-0.952021
-0.854999
-0.789729
-0.942647
-0.95245
-0.599384
-0.928404
-0.924515
-0.91164
-0.967122
-0.985125
-0.582627
-0.336968
-0.924796
-0.834271
-0.917607
-0.834899
-0.920373
-0.928566
-0.930267
-0.954438
-0.454133
-0.778612
-0.852289
-0.424771
-0.953394
-0.921631
-0.589866
-0.442256
-0.995551
-0.940654
-0.921598
-0.910089
-0.998325
-0.943496
-0.859948
0.350644
-0.384036
0.254047
-0.375493
-0.816521
-0.761357
-0.950607
-0.921545
-0.561787
-0.425444
-0.826029
-0.80183
-0.619403
-0.904374
-0.952136
-0.357145
-0.590648
-0.963831
-0.85509
-0.932974
-0.85246
-0.963276
-0.931
-0.986908
-0.998825
-0.837077
-0.773756
-0.545438
-0.957946
-0.919906
-0.953595
-0.986188
-0.857397
-0.925053
-0.619228
-0.478986
0.334356
-0.348293
-0.922956
-0.572166
-0.745879
-0.845411
-0.344521
-0.942459
-0.859545
-0.923436
-0.975058
-0.811534
-0.593207
-0.92254
-0.997215
-0.92111
-0.980098
-0.930078
-0.945691
-0.956568
-0.76101
-0.963919
-0.954469
-0.924299
-0.995934
0.364427
-0.44628
-0.849734
-0.978365
-0.91892
-0.790276
-0.590341
-0.379938
-0.591521
-0.93122
-0.869497
-0.733821
-0.947539
-0.418938
-0.584879
-0.844686
-0.955832
-0.926499
-0.858593
-0.940578
-0.916188
-0.940066
-0.928418
-0.353843
-0.565187
-0.990428
-0.827396
-0.916031
-0.926124
-0.960755
-0.898885
-0.910338
-0.834079
-0.908235
0.352021
-0.921874
-0.576604
-0.387018
0.310507
-0.743947
-0.544216
-0.402576
-0.628097
-0.909662
-0.967791
-0.825181
-0.93359
-0.906243
-0.813465
-0.915361
-0.593178
-0.987643
-0.35941
-0.62973
-0.929268
-0.946033
-0.957031
-0.962356
-0.775055
-0.948625
-0.920629
0.380921
-0.384224
-0.619534
-0.487342
-0.513296
-0.751767
0.230641
-0.350079
-0.917368
-0.916726
-0.986349
-0.956928
-0.928437
-0.919548
-0.903577
-0.912334
-0.825812
-0.820904
-0.909001
-0.988859
-0.945196
-0.916619
-0.364961
-0.91438
-0.556886
-0.338446
-0.940888
-0.751395
-0.83804
-0.930602
-0.985586
-0.891692
-0.939745
-0.900479
-0.829749
-0.377805
-0.996153
-0.559956
0.417887
-0.929889
-0.612934
-0.399559
-0.611212
-0.429046
0.384656
-0.77108
-0.948629
-0.931455
-0.9545
-0.971633
-0.961243
-0.770455
-0.960564
-0.85509
-0.909458
-0.795042
-0.983508
-0.908811
-0.947646
-0.850131
-0.951547
-0.926868
-0.599327
-0.772668
-0.602792
-0.91104
-0.850144
-0.947615
-0.999859
-0.958116
-0.426847
-0.592484
-0.420076
-0.604603
-0.332664
-0.605242
-0.771965
-0.929441
-0.947145
-0.994722
-0.951867
-0.883098
-0.986743
-0.940692
-0.909362
-0.996077
-0.918397
-0.948001
-0.776564
-0.918645
-0.974698
-0.991759
-0.564466
-0.366082
-0.662331
-0.410209
-0.628923
-0.360853
-0.837823
-0.76585
-0.849309
-0.389219
-0.853785
-0.418197
0.335493
-0.933168
-0.950435
-0.914249
-0.579944
-0.576197
-0.937185
-0.587861
-0.92218
-0.962502
-0.368841
0.419869
-0.839821
-0.921408
-0.844356
-0.920418
-0.838214
-0.917404
-0.994323
-0.914589
-0.954266
-0.954266
-0.930285
-0.961495
-0.926393
-0.830056
-0.758623
-0.84829
-0.413593
0.32439
-0.906011
-0.844072
-0.397248
-0.580636
-0.997159
-0.954916
-0.385087
-0.539945
-0.901328
-0.58166
-0.924137
-0.560197
-0.463223
0.200585
-0.412254
0.334518
-0.354672
-0.736021
-0.805639
-0.903533
-0.552084
-0.369335
-0.944444
-0.926147
-0.992811
-0.896915
-0.918744
-0.955226
-0.929425
-0.949792
-0.998679
-0.583742
-0.393604
-0.933057
-0.854435
-0.927257
-0.819372
-0.916235
-0.916707
-0.944425
-0.859532
-0.451794
-0.764333
-0.840785
-0.371344
-0.955268
-0.924704
-0.597088
-0.331445
-0.990181
-0.94719
-0.897057
-0.998569
-0.916942
0.127401
-0.363172
0.358273
-0.346478
-0.835046
-0.758193
-0.95796
-0.918618
-0.576965
-0.944927
-0.894765
-0.514137
-0.933079
-0.820015
-0.907829
-0.818148
-0.977766
-0.981159
-0.809244
-0.90075
-0.809764
-0.708733
-0.539864
-0.927997
-0.912575
-0.942071
-0.98999
-0.685284
-0.471661
0.239484
-0.373042
-0.930216
-0.576301
-0.760285
-0.871002
-0.482334
-0.965899
-0.937121
-0.942267
-0.94633
-0.937127
-0.970911
-0.820294
-0.928873
-0.983956
-0.938818
0.27351
-0.441308
-0.856597
-0.961747
-0.922552
-0.793873
-0.620658
-0.953351
-0.912657
-0.584912
-0.821029
-0.953712
-0.98952
-0.918296
-0.81655
-0.915312
-0.913719
-0.807966
-0.896525
-0.947903
-0.909007
-0.317933
-0.571541
-0.982214
-0.825836
-0.926643
-0.919955
-0.949928
-0.959217
-0.927557
-0.819708
-0.917195
-0.603521
-0.989005
-0.357891
0.428219
-0.902031
-0.549759
-0.332813
0.364019
-0.736816
-0.531729
-0.409509
-0.592718
-0.918845
-0.945515
-0.976969
-0.826353
-0.580107
-0.915753
-0.95478
-0.95488
-0.966247
-0.793294
-0.947504
-0.922932
-0.930805
-0.933396
-0.851105
-0.442102
-0.926446
-0.934527
-0.969473
-0.924157
-0.941731
-0.882744
-0.999266
-0.820008
-0.912153
-0.991592
-0.917831
-0.970525
-0.910575
-0.839478
-0.387416
-0.988439
-0.577549
-0.366451
-0.923311
-0.57189
-0.438854
-0.953204
-0.758693
-0.864377
-0.925721
-0.999797
0.291491
-0.91542
-0.587232
-0.30279
-0.561782
-0.394658
0.339678
-0.780771
-0.944782
-0.98625
-0.817049
-0.921622
-0.85276
-0.927155
-0.970221
-0.998527
-0.849653
-0.957533
-0.914276
-0.567559
-0.786133
-0.574486
-0.919677
-0.828943
-0.958864
-0.955153
-0.368024
-0.536547
-0.337458
-0.5718
-0.400857
-0.584295
-0.992137
-0.956852
-0.923439
-0.954807
-0.937348
-0.999864
-0.999999
-0.91664
-0.962129
-0.754432
-0.922571
-0.961725
-0.616038
-0.450411
-0.644987
-0.37226
-0.569482
-0.453603
0.367169
-0.842017
-0.902663
-0.832415
-0.932012
-0.82939
-0.927082
-0.959911
-0.909636
-0.608575
-0.574666
-0.902666
-0.576117
-0.918749
-0.952776
-0.377845
-0.965768
-0.92246
-0.992136
-0.932544
-0.964487
-0.594091
-0.994175
-0.959286
-0.384716
-0.550737
-0.921784
-0.610321
-0.925567
-0.99745
-0.951255
-0.913392
-0.828625
-0.764784
-0.83992
-0.408637
0.283622
-0.917264
-0.858739
-0.416802
-0.590658
-0.402553
0.33161
-0.416532
0.332334
-0.932241
-0.929856
-0.91919
-0.849473
-0.929595
-0.935691
-0.920685
-0.960355
-0.935367
-0.965468
-0.605583
-0.454651
-0.933187
-0.844975
-0.440845
-0.968793
-0.92822
-0.942938
-0.923317
-0.856337
-0.369894
-0.799149
-0.870163
-0.471955
-0.960847
-0.949537
-0.657995
0.26605
-0.383119
0.405017
-0.450231
-0.849836
-0.955021
-0.917425
-0.619976
-0.965991
-0.99916
-0.850534
-0.930433
-0.964588
-0.998211
-0.834583
-0.923377
-0.826446
-0.795942
-0.606556
-0.96766
-0.941171
-0.587348
-0.411073
0.214047
-0.932566
-0.941147
-0.942414
-0.999085
-0.916398
-0.951257
-0.974056
-0.809355
-0.950425
-0.979049
0.29671
-0.380999
-0.837627
-0.968731
-0.924729
-0.593525
-0.846599
-0.958784
-0.999521
-0.924422
-0.91366
-0.958185
-0.928194
-0.929557
-0.850097
-0.931521
-0.965685
-0.923084
-0.438479
-0.614341
-0.992237
-0.858245
-0.918727
-0.55851
-0.921056
-0.943067
-0.992051
-0.857574
-0.960782
-0.934615
-0.86127
-0.945174
-0.604648
-0.441494
0.333481
-0.931865
-0.606946
-0.448363
0.314356
-0.769902
-0.655403
-0.434161
-0.611463
-0.910247
-0.918078
-0.920579
-0.916784
-0.825585
-0.36325
-0.917205
-0.913221
-0.993021
-0.947901
-0.956179
-0.927465
-0.856478
-0.937572
-0.919976
-0.923939
-0.952857
-0.929129
-0.851272
-0.394694
-0.999992
-0.603971
-0.384315
-0.92575
-0.58974
-0.359607
-0.943957
-0.787819
-0.8538
-0.852437
-0.970772
-0.920841
-0.950933
-0.927026
-0.856638
-0.993892
-0.616874
-0.933854
-0.843632
-0.969306
-0.831424
-0.963
-0.942688
-0.646562
-0.810359
-0.968837
-0.436962
-0.531398
-0.365039
-0.639898
-0.387822
-0.614932
-0.784154
-0.933868
-0.947158
-0.792192
-0.86251
-0.426349
-0.80612
-0.366494
-0.853375
-0.92283
0.313117
-0.779615
-0.937758
-0.966724
-0.997105
-0.990647
-0.898963
-0.949041
-0.790825
-0.857579
-0.938573
0.26391
-0.363717
-0.87329
-0.481253
-0.862102
-0.946539
-0.923073
-0.99564
-0.610086
-0.932351
-0.609766
-0.429034
-0.96766
-0.94125
-0.619047
-0.591085
-0.446208
-0.648811
-0.334434
-0.603515
-0.442764
-0.856758
-0.751805
-0.840973
-0.395291
-0.851145
-0.408449
0.339579
-0.9355
-0.737563
-0.958035
-0.931784
-0.845306
-0.773254
0.17592
-0.922274
-0.859431
-0.38661
-0.835358
-0.418143
-0.583826
-0.997116
-0.607031
-0.924395
-0.957205
-0.386896
-0.579195
-0.92633
-0.996976
-0.950903
-0.926924
-0.78015
-0.952405
-0.925282
-0.996885
-0.926068
-0.961248
-0.992395
-0.524275
-0.414782
0.336388
-0.319419
0.272914
-0.426793
-0.76206
-0.856996
-0.918746
-0.579203
-0.395931
-0.964398
-0.81855
-0.759332
-0.998542
-0.921167
-0.947696
-0.587122
-0.919554
-0.961856
-0.795946
-0.966536
-0.955733
-0.961328
-0.916618
-0.976371
-0.929563
0.29973
-0.786657
0.319821
-0.397232
-0.640107
-0.392103
-0.614885
-0.919452
-0.954891
-0.565126
-0.933992
-0.850514
-0.398597
-0.551643
-0.996914
-0.955554
-0.929776
-0.838481
0.359369
-0.3004
0.380085
-0.381261
-0.830844
-0.801418
-0.952757
-0.92203
-0.591486
-0.383482
-0.823828
-0.722884
-0.556252
-0.91738
-0.950653
-0.316336
0.259639
-0.951108
0.148342
-0.796998
-0.66398
-0.490484
-0.621845
-0.509757
-0.611177
-0.975725
-0.935894
-0.876404
-0.951067
-0.940668
-0.566603
-0.993625
-0.83795
-0.903096
-0.421282
-0.966909
-0.90696
-0.972846
-0.721095
-0.928691
-0.944522
-0.983266
-0.892784
-0.986274
-0.587826
-0.39886
0.227167
-0.418042
-0.926761
-0.663079
-0.774245
-0.866117
-0.471357
-0.971183
-0.845993
-0.922565
-0.931863
-0.750033
-0.566077
-0.38474
-0.478832
-0.952839
-0.784808
-0.866037
-0.921826
-0.647808
-0.425882
-0.950066
-0.966252
-0.940235
-0.910581
-0.986319
-0.83271
-0.864949
-0.568594
-0.751169
-0.927622
-0.964677
-0.836847
-0.925845
-0.949594
-0.997589
0.420605
-0.400358
-0.843869
-0.942994
-0.91212
-0.747358
-0.535572
-0.323606
-0.621966
-0.900282
-0.857318
-0.786031
-0.958087
-0.445993
-0.83105
-0.576659
-0.752628
-0.937932
-0.912858
-0.937288
-0.984887
-0.798625
-0.983834
-0.911125
-0.367526
-0.968977
-0.427979
-0.845786
-0.828409
-0.640534
-0.934173
-0.90993
-0.999323
-0.843158
-0.426986
-0.936603
-0.970605
-0.9336
-0.588034
-0.91665
-0.9709
-0.962373
-0.94911
-0.763745
-0.951817
-0.93346
0.247247
-0.384216
-0.545923
-0.435635
-0.596725
-0.778353
0.328671
-0.446808
-0.453235
-0.961837
-0.944
-0.644928
-0.789343
-0.868995
-0.921856
-0.921666
-0.971923
-0.354328
-0.920962
-0.835967
-0.618817
-0.808423
-0.531196
-0.896238
-0.955845
-0.762639
-0.984489
-0.528381
-0.83304
-0.912992
-0.997079
-0.941896
0.355175
-0.916074
-0.550002
-0.439113
-0.548588
-0.397761
0.267542
-0.775194
-0.939302
-0.921387
-0.961262
-0.960319
-0.95242
-0.786217
-0.849281
-0.650248
-0.960703
-0.933538
-0.793873
-0.574015
-0.857387
-0.922799
-0.960399
-0.997549
-0.998404
-0.451772
-0.959458
-0.396041
-0.572773
-0.941793
-0.848053
-0.784115
-0.94633
-0.91472
-0.335035
-0.845919
-0.915844
-0.578996
-0.999077
-0.919462
-0.998916
-0.956403
-0.369919
-0.634715
-0.353401
-0.598098
-0.436187
-0.595689
-0.743965
-0.921504
-0.958516
-0.998494
-0.942333
-0.964517
-0.771115
-0.934154
-0.957308
-0.990606
-0.652388
-0.929476
-0.592548
-0.409131
-0.970374
-0.92263
-0.621427
-0.765619
-0.839065
-0.939171
0.396436
-0.430979
-0.840651
-0.40891
-0.858402
-0.953478
-0.916315
-0.598693
-0.336512
-0.634074
-0.39227
-0.563378
-0.444026
-0.857512
-0.823302
-0.865524
-0.500529
-0.880067
-0.46454
0.223511
-0.936679
-0.995665
-0.96145
-0.915211
-0.839609
-0.769109
0.379907
-0.926792
-0.84872
-0.385581
-0.833856
-0.388043
-0.575041
-0.599754
-0.921194
-0.961192
-0.489443
-0.595297
-0.938652
-0.775798
-0.94531
-0.934074
-0.924665
-0.950544
-0.596577
-0.408494
0.332063
-0.390979
0.248216
-0.35285
-0.796802
-0.861717
-0.939886
-0.619127
-0.404424
-0.965424
-0.917186
-0.962282
-0.783748
-0.950807
-0.957893
-0.954049
-0.912142
-0.989379
-0.625826
-0.991259
-0.947121
-0.918453
-0.837675
-0.898413
0.295629
-0.796528
0.261627
-0.395211
-0.532406
-0.403534
-0.588198
-0.935191
-0.969807
-0.593366
-0.913377
-0.838265
-0.373952
0.213088
-0.420659
0.263754
-0.440823
-0.853463
-0.793567
-0.959495
-0.927817
-0.582017
-0.959884
-0.919378
-0.623412
-0.994924
-0.843329
-0.917439
-0.393206
0.290088
-0.899374
0.365321
-0.752784
-0.554622
-0.312259
-0.560374
-0.355776
-0.540192
-0.942322
-0.977334
-0.917031
-0.810806
-0.944135
-0.951217
-0.923459
-0.927175
-0.801392
-0.973817
-0.968816
-0.997255
-0.617086
-0.424212
0.226844
-0.421162
-0.938733
-0.652192
-0.793339
-0.873141
-0.458913
-0.960441
-0.935251
-0.992503
-0.846204
-0.387683
-0.464877
-0.959422
-0.771785
-0.849413
-0.93017
-0.612926
-0.40193
-0.925881
-0.997862
-0.969528
-0.928032
-0.971199
-0.992197
-0.850723
-0.595304
-0.783832
-0.925107
-0.960126
-0.848908
-0.991748
-0.923501
0.303816
-0.447468
-0.831366
-0.963376
-0.94139
-0.787474
-0.594306
-0.873625
-0.997774
-0.931192
-0.846322
-0.61818
-0.788242
-0.960242
-0.926638
-0.949799
-0.424033
-0.917311
-0.955193
-0.921285
-0.381555
-0.964847
-0.417909
-0.847432
-0.735286
-0.592446
-0.920216
-0.919142
-0.991712
-0.821365
-0.626557
-0.92106
-0.938063
-0.971915
-0.963735
-0.777742
-0.958905
-0.920871
-0.957223
-0.45548
-0.927154
-0.835839
-0.991437
-0.599334
-0.392645
-0.428598
-0.956484
-0.922134
-0.573393
-0.768795
-0.84633
-0.91345
-0.994101
-0.616891
-0.843061
-0.926131
-0.996188
-0.964989
-0.841964
-0.603747
-0.936698
-0.948913
-0.784767
-0.992243
0.410012
-0.942169
-0.586194
-0.408573
-0.592107
-0.417884
0.321795
-0.757041
-0.853045
-0.617161
-0.956794
-0.931431
-0.769089
-0.551747
-0.812776
-0.928851
-0.954622
-0.994139
-0.950071
-0.401608
-0.966396
-0.458876
-0.592621
-0.907736
-0.859827
-0.763761
-0.957057
-0.919736
-0.351049
-0.808651
-0.910012
-0.563094
-0.992504
-0.981777
-0.422439
-0.620047
-0.486523
-0.598035
-0.40787
-0.620245
-0.999631
-0.930564
-0.960504
-0.787745
-0.915309
-0.95926
-0.994052
-0.96094
-0.93842
-0.975915
-0.540559
-0.910921
-0.574164
-0.322499
-0.921948
-0.908736
-0.521845
-0.751235
-0.847051
-0.915031
0.36128
-0.340246
-0.807885
-0.343703
-0.842979
-0.635081
-0.437705
-0.670767
-0.478706
-0.647308
-0.457634
-0.615692
-0.989261
-0.546434
-0.916139
-0.966506
-0.379142
-0.572354
-0.921049
-0.999453
-0.964239
-0.926516
-0.858873
-0.784144
0.319545
-0.923793
-0.845944
-0.396205
-0.858175
-0.447398
-0.978209
-0.917251
-0.963794
-0.76319
-0.958816
-0.935727
-0.568254
-0.467885
0.321976
-0.401146
0.22933
-0.937984
-0.999734
-0.919048
-0.942507
-0.730008
-0.967665
-0.959173
-0.961419
-0.910269
-0.935211
-0.993266
-0.568057
-0.90488
-0.836857
-0.416967
-0.607129
-0.973804
-0.920195
-0.821909
-0.921172
0.381044
-0.759494
0.350151
-0.355092
-0.5787
-0.407549
-0.551494
0.371097
-0.427345
0.214594
-0.291664
-0.570896
-0.937492
-0.989506
-0.924136
-0.835016
-0.972935
-0.931806
-0.630821
-0.865818
-0.943186
-0.427804
0.275506
-0.932339
0.448172
-0.757798
-0.568001
-0.395575
-0.618826
-0.36825
-0.977972
-0.926876
-0.96611
-0.900252
-0.962614
-0.749266
-0.936233
-0.950889
-0.655992
-0.463542
0.327111
-0.423444
-0.92608
-0.971615
-0.925053
-0.929255
-0.994896
-0.835276
-0.390554
-0.37698
-0.938653
-0.746918
-0.838187
-0.924791
-0.577089
-0.837156
-0.986472
-0.941895
-0.970353
-0.853063
-0.613293
-0.770157
-0.938355
-0.961656
0.282446
-0.434771
-0.971698
-0.853502
-0.924483
-0.842385
-0.544872
-0.80299
-0.964642
-0.937219
-0.91462
-0.992273
-0.845466
-0.396084
-0.941546
-0.953666
-0.9801
-0.903359
-0.352105
-0.945704
-0.355286
-0.820539
-0.751456
-0.549605
-0.905543
-0.587506
-0.936994
-0.92857
-0.957394
-0.406671
-0.929536
-0.853069
-0.582136
-0.37378
-0.340948
-0.950181
-0.922421
-0.616804
-0.779598
-0.853833
-0.570708
-0.859342
-0.920602
-0.999841
-0.944461
-0.831376
-0.555238
-0.905189
-0.945272
-0.746884
-0.595124
-0.853501
-0.935682
-0.952088
-0.985708
-0.822269
-0.507984
-0.938353
-0.908695
-0.758154
-0.958851
-0.918313
-0.388821
-0.824527
-0.938907
-0.638807
-0.934432
-0.993415
-0.411859
-0.961959
-0.41159
-0.586894
-0.933896
-0.861427
-0.779847
-0.958295
-0.346315
-0.534331
-0.399997
-0.601591
-0.361551
-0.599698
-0.76073
-0.921484
-0.949681
-0.787879
-0.839094
-0.429954
-0.815403
-0.347811
-0.806855
-0.920801
0.390242
-0.749415
-0.913247
-0.955318
-0.996876
-0.990066
-0.914141
-0.952112
-0.572459
-0.463194
-0.644931
-0.367523
-0.599615
-0.40375
-0.854879
-0.790782
-0.855721
-0.446574
-0.864768
-0.401016
0.276642
-0.939569
-0.763544
-0.961646
-0.935934
-0.856687
-0.76724
0.292651
-0.934568
-0.873637
-0.367532
-0.822549
-0.402988
-0.595371
-0.990679
-0.593688
-0.921378
-0.959192
-0.450274
-0.58346
-0.933242
-0.994676
-0.953562
-0.921331
-0.518843
-0.387007
0.40407
-0.295095
0.307043
-0.398367
-0.808028
-0.835861
-0.923497
-0.592423
-0.383966
-0.968133
-0.81516
-0.758411
-0.895052
-0.922805
-0.550239
-0.896696
-0.971964
-0.733452
-0.96513
-0.923853
-0.933547
-0.911018
-0.986762
-0.980212
0.276187
-0.400533
0.324297
-0.386331
-0.835275
-0.782422
-0.961165
-0.922371
-0.613201
-0.385687
-0.866622
-0.765341
-0.567678
-0.892288
-0.953186
-0.380087
0.349763
-0.928475
0.237323
-0.795575
-0.62248
-0.373967
-0.577106
-0.397847
-0.607632
-0.960566
-0.992317
-0.943883
-0.837632
-0.946242
-0.928933
-0.574081
-0.858872
-0.92944
-0.399631
-0.633366
-0.448736
0.273491
-0.379795
-0.933407
-0.570003
-0.761279
-0.839883
-0.43898
-0.964138
-0.858505
-0.951355
-0.96083
-0.787357
-0.621782
-0.42487
-0.418065
-0.960608
-0.783488
-0.836171
-0.917154
-0.56086
-0.394673
-0.911838
-0.988336
-0.965429
-0.908298
-0.929484
-0.854849
0.316026
-0.400676
-0.837037
-0.958566
-0.918848
-0.757243
-0.567008
-0.40412
-0.636395
-0.925106
-0.844855
-0.747624
-0.960076
-0.45677
-0.837348
-0.566438
-0.731298
-0.943801
-0.908117
-0.951185
-0.839531
-0.918213
-0.584939
-0.914986
-0.949877
-0.956334
-0.951056
-0.773423
-0.946301
-0.921666
0.29069
-0.46986
-0.589407
-0.388284
-0.518038
-0.775404
0.266961
-0.378675
-0.402998
-0.96564
-0.932524
-0.543644
-0.766586
-0.833907
-0.924291
-0.991208
-0.922595
-0.963319
-0.396872
-0.934891
-0.856157
-0.591775
0.312909
-0.912721
-0.604193
-0.350041
-0.568722
-0.340929
0.362248
-0.781655
-0.949393
-0.920311
-0.969429
-0.957515
-0.946656
-0.788376
-0.844358
-0.556554
-0.960891
-0.901619
-0.739434
-0.56536
-0.805924
-0.922352
-0.938508
-0.993649
-0.995382
-0.953691
-0.438838
-0.583719
-0.396197
-0.559426
-0.410582
-0.618048
-0.771134
-0.919272
-0.952201
-0.998417
-0.9175
-0.949835
-0.783386
-0.906448
-0.953972
-0.999644
-0.552004
-0.415078
-0.583966
-0.405192
-0.587021
-0.364461
-0.822717
-0.765408
-0.858817
-0.393526
-0.832462
-0.414108
0.368886
-0.917058
-0.96149
-0.92962
-0.831234
-0.77576
0.339497
-0.939084
-0.835201
-0.44269
-0.867608
-0.379093
-0.609905
-0.576026
-0.919284
-0.945977
-0.339412
-0.583705
-0.912912
-0.602122
-0.408815
0.336536
-0.41241
0.352986
-0.346398
-0.758063
-0.815248
-0.912071
-0.593042
-0.343216
-0.949708
-0.998957
-0.925162
-0.95727
-0.737715
-0.969063
-0.962556
-0.95421
-0.925735
-0.992224
0.292841
-0.386754
0.269073
-0.448888
-0.844281
-0.772442
-0.959053
-0.934358
-0.597224
-0.961737
-0.936298
-0.585155
-0.864153
-0.921736
-0.386444
0.394903
-0.913472
0.383117
-0.766463
-0.559925
-0.429964
-0.584024
-0.420366
-0.610626
-0.958985
-0.994818
-0.902735
-0.835233
-0.574901
-0.428811
0.221657
-0.395697
-0.935052
-0.555912
-0.77126
-0.844975
-0.394852
-0.951679
-0.925723
-0.848215
-0.418119
-0.362748
-0.959661
-0.763893
-0.856989
-0.927395
-0.612028
-0.410064
-0.924566
-0.992556
-0.941385
-0.926225
0.409067
-0.394509
-0.824015
-0.962613
-0.916643
-0.811778
-0.580763
-0.833435
-0.992238
-0.912406
-0.82421
-0.540849
-0.793212
-0.954701
-0.920649
-0.961601
-0.988798
-0.618867
-0.920505
-0.953176
-0.954562
-0.967504
-0.770468
-0.96278
-0.931184
-0.959394
-0.38984
-0.94227
-0.831477
-0.988372
-0.578724
-0.39765
-0.349308
-0.953425
-0.918424
-0.613583
-0.766623
-0.850675
-0.935173
-0.99125
0.403346
-0.916707
-0.577382
-0.324663
-0.562465
-0.352605
0.408742
-0.749828
-0.860641
-0.565592
-0.957504
-0.935726
-0.786463
-0.611145
-0.83683
-0.904916
-0.960995
-0.995815
-0.95839
-0.379621
-0.534895
-0.397889
-0.536907
-0.361346
-0.576329
-0.996163
-0.907211
-0.960527
-0.782535
-0.924488
-0.946002
-0.673316
-0.434061
-0.59352
-0.369265
-0.604936
-0.443772
-0.54246
-0.981695
-0.570141
-0.92199
-0.952836
-0.296495
-0.552248
-0.907452
-0.998232
-0.955098
-0.909897
-0.845552
-0.772775
0.366333
-0.918719
-0.841691
-0.421513
-0.854396
-0.344157
-0.626995
-0.450324
0.324323
-0.4617
0.146003
-0.94014
-0.997074
-0.948326
-0.92146
-0.82271
-0.928257
-0.977658
-0.979955
0.403208
-0.324099
0.329545
-0.34997
-0.565478
-0.963226
-0.920278
-0.870801
-0.952286
-0.941919
-0.595298
-0.846952
-0.93323
-0.429488
0.272889
-0.949794
0.177709
-0.810758
-0.626567
-0.438854
-0.669744
-0.458301
-0.507515
-0.395116
0.429009
-0.389713
-0.926605
-0.945109
-0.930459
-0.920191
-0.9984
-0.85057
-0.404668
-0.417742
-0.968401
-0.802114
-0.84335
-0.944336
-0.625356
0.324363
-0.319908
-0.92508
-0.974755
-0.842415
-0.916857
-0.838838
-0.553229
-0.767311
-0.961271
-0.902645
-0.591626
-0.912519
-0.918029
-0.958928
-0.369956
-0.918826
-0.853322
-0.591108
-0.438049
-0.417825
-0.960953
-0.924208
-0.572024
-0.791628
-0.847634
-0.565749
-0.851696
-0.911148
-0.957266
-0.994835
-0.994722
-0.834701
-0.597246
-0.962835
-0.927948
-0.782061
-0.954478
-0.412863
-0.611656
-0.431876
-0.54656
-0.377089
-0.596325
-0.799572
-0.91391
-0.94065
-0.739961
-0.837693
-0.340012
-0.842598
-0.431232
-0.829464
-0.930209
0.325462
-0.581296
-0.393003
-0.615738
-0.406032
-0.514437
-0.435772
-0.84237
-0.797257
-0.882553
-0.457882
-0.877961
-0.448527
0.191124
-0.948549
-0.715083
-0.962698
-0.902416
-0.61716
-0.45045
0.364955
-0.350576
0.371913
-0.371688
-0.772774
-0.825164
-0.921283
-0.616424
-0.353601
-0.962281
-0.842779
-0.768361
-0.937567
-0.966632
-0.582937
0.374083
-0.457631
0.270214
-0.426958
-0.84412
-0.739886
-0.962016
-0.931183
-0.565129
-0.375208
-0.848066
-0.777992
-0.615053
-0.93488
-0.968436
-0.407136
-0.612029
-0.363409
0.176943
-0.452594
-0.945279
-0.552894
-0.800143
-0.867125
-0.389304
-0.976769
-0.824725
-0.918027
-0.950819
-0.779487
-0.580606
0.401822
-0.386297
-0.829928
-0.96329
-0.921189
-0.805312
-0.589032
-0.415942
-0.537588
-0.922476
-0.848124
-0.784212
-0.961557
-0.326555
-0.544512
-0.905237
-0.971498
-0.93228
-0.950362
-0.725116
-0.954954
-0.929917
0.266838
-0.400829
-0.631731
-0.464855
-0.636737
-0.81608
0.342515
0.384433
-0.916953
-0.6038
-0.367277
-0.605169
-0.421854
0.39108
-0.79755
-0.96802
-0.915117
-0.94813
-0.966587
-0.950821
-0.763933
-0.933002
-0.340707
-0.521028
-0.350458
-0.55292
-0.30621
-0.588289
-0.779335
-0.996252
-0.901268
-0.958105
-0.606218
-0.440619
-0.565076
-0.29608
-0.60166
-0.349849
-0.856944
-0.801172
-0.851875
-0.384907
-0.826821
-0.378268
0.435373
-0.922789
-0.642052
-0.404475
0.221672
-0.465638
0.252616
-0.443296
-0.778278
-0.851889
-0.915617
-0.547846
-0.411465
-0.956956
0.238249
-0.382554
0.336728
-0.467477
-0.871702
-0.799173
-0.956867
-0.925977
-0.612493
-0.554421
-0.415784
0.301152
-0.39748
-0.918873
-0.576182
-0.737628
-0.805925
-0.368274
-0.953797
0.252041
-0.37028
-0.85831
-0.954133
-0.902186
-0.727408
-0.507052
-0.629014
-0.942133
-0.940341
-0.961912
-0.954417
-0.772791
-0.940242
0.213586
-0.917579
-0.56614
-0.357744
-0.530186
-0.261857
0.40541
-0.756201
-0.964903
-0.418014
-0.604231
-0.357645
-0.569856
-0.472113
-0.593967
-0.607679
-0.407188
-0.592633
-0.478657
-0.631722
-0.3736
-0.597975
-0.405321
0.291031
-0.456597
0.367167
0.369405
-0.364811
0.273308
-0.412239
-0.554382
-0.408603
0.207435
0.37718
-0.38127
-0.624131
