4.6542
2.51096
3.05653
2.705
2.85636
2.676
3.13684
3.7331
4.42955
4.24719
3.20807
4.002
2.44851
3.9395
2.50762
3.80127
4.20878
1.59547
3.71722
4.51759
4.32676
4.95411
4.53606
4.86518
4.74789
3.43479
3.99692
4.37459
1.47946
2.58823
3.97555
2.4694
3.86785
4.70874
4.445
4.72705
2.89257
4.1857
2.61698
2.33847
4.39529
4.0994
2.76171
3.51069
4.17825
4.65941
4.88597
4.38779
4.61024
4.9736
4.55654
4.45109
4.98372
4.46103
4.20721
3.42844
4.09415
2.6662
3.92521
4.27305
1.6492
2.55488
3.94717
4.75079
4.44315
4.89478
4.94297
3.105
2.34768
4.59774
4.23858
2.81515
4.07394
2.92487
4.962
4.51269
4.56425
4.4772
4.38556
3.14749
4.48211
2.8816
4.33725
2.88417
2.42317
4.66086
4.05418
4.39387
1.39107
4.09303
3.57118
4.184
3.68996
3.9341
3.74492
2.847
2.57613
2.97304
2.45982
2.75601
2.47628
3.89888
3.60795
3.99505
2.56038
4.04072
2.63421
1.73914
4.57454
3.44171
4.9526
4.99236
4.81082
4.15724
4.00244
3.52641
1.58118
4.51147
4.01273
2.44896
3.84774
2.44956
2.96754
2.93332
4.36587
4.70473
2.67015
2.86836
4.44184
4.80726
4.48388
4.38748
3.47099
4.53521
4.18941
4.41747
4.61734
4.82356
3.61415
3.44435
3.57588
2.26895
1.39844
4.07538
3.63002
2.41551
2.90068
4.97498
4.53572
2.51443
2.93169
4.30593
2.89818
4.33528
4.85713
4.33489
4.06175
2.78947
4.86783
2.76297
4.18817
2.73707
4.22178
4.40906
2.4424
1.4584
4.03281
4.33703
3.97345
4.3865
3.59864
4.4873
4.72669
4.96168
4.14303
4.83173
4.13572
4.46458
4.58904
4.18797
3.57083
4.60625
4.29169
4.46596
4.66824
4.92965
4.56488
4.15308
4.53811
4.49775
4.96625
2.93215
2.53834
1.45461
2.51087
1.62599
2.53979
3.72798
3.8078
4.38694
2.84929
2.42532
4.79864
3.90743
3.34987
4.16204
4.46095
2.82216
4.38783
4.69324
3.54642
4.47175
4.53099
4.43036
4.18765
4.86331
4.29801
1.70314
3.63103
1.45697
2.47529
3.01933
2.42183
2.94342
4.37223
4.68687
4.98377
2.9927
4.40097
3.93653
2.63381
2.83866
4.98315
4.37777
4.23819
3.87349
2.5263
3.52097
3.74501
2.28662
4.64041
4.36557
2.84588
2.59519
4.64237
4.25403
4.41816
4.34589
3.83635
4.29329
4.87056
4.21055
4.35473
4.65657
2.95466
2.64028
4.28347
4.08597
4.39059
3.8714
4.4954
4.41634
4.23373
4.62071
3.79487
3.36715
2.78417
4.2666
4.43254
3.80632
4.19806
4.64713
4.84667
4.86377
4.90606
2.83886
4.39922
3.78275
4.20409
4.61151
4.17689
3.78229
1.47687
2.53655
1.43611
2.52973
3.96624
3.64612
4.77994
4.39998
3.11321
4.95897
2.52077
3.79579
3.34865
2.68506
4.08136
4.33204
2.4243
1.58654
4.31309
1.63416
3.60626
2.95984
2.45335
2.84616
2.54123
2.99114
4.5563
4.94995
4.41896
3.79763
4.48469
4.15035
2.92845
4.90719
3.84583
4.21405
2.49707
4.44962
4.47855
4.50447
3.47642
4.67999
4.69678
4.39421
4.77024
3.78296
3.47774
2.8673
4.60965
4.43612
4.71134
4.96699
3.72119
4.297
2.82791
4.53505
4.91168
3.70495
4.35906
3.80434
4.48554
4.31159
4.96414
2.56459
3.88916
3.3751
4.35938
2.50222
2.89477
4.3009
4.48674
3.92082
2.53839
4.4489
4.953
4.15839
4.94019
4.27182
4.39192
4.23063
2.89537
4.62563
2.24884
3.49156
4.27874
4.43048
4.79562
4.08233
3.81765
4.14176
4.02291
4.47075
4.91185
4.8798
4.29021
2.92839
2.44597
1.58583
2.68356
4.59693
3.03517
3.72412
3.85009
2.59976
4.96794
3.86291
4.30775
4.45115
3.35188
2.91288
2.46942
2.51874
4.53715
3.3753
3.70157
4.1265
2.8284
2.45426
4.25381
4.86855
4.58295
4.17752
4.32908
4.9604
3.78892
4.08
2.9372
3.7151
4.38772
4.74111
4.06134
4.536
4.65102
4.31405
4.4751
4.47236
3.39086
4.50394
4.58022
4.41303
4.90221
4.95659
4.9076
4.17877
4.76736
4.92595
4.23546
4.11682
1.53919
2.55898
2.72707
3.29745
1.53946
2.49936
2.90664
4.40835
4.76908
4.61113
3.80165
4.93938
3.12005
2.54327
2.94995
4.2394
4.82985
4.4631
3.8324
4.05757
4.29705
2.33535
4.74052
4.75888
2.52228
3.95214
3.64724
4.09442
4.37344
3.85528
4.39517
4.92395
4.22889
4.97583
4.22768
3.17217
3.76977
4.94726
4.65627
4.35529
4.77316
4.38983
3.90296
1.55007
2.55035
3.85781
4.75557
4.32141
3.56901
2.9807
4.88708
2.60583
2.64254
4.25925
3.63219
3.31877
4.33998
2.29599
3.9578
3.00559
3.61113
4.68145
4.26887
4.53036
3.89207
4.42156
2.51119
4.5639
2.333
3.74401
3.5028
2.91815
4.22609
4.34411
4.99164
3.89748
2.37873
4.02968
4.3958
4.80011
4.24257
1.45384
4.41873
2.95396
2.51433
1.44036
3.62
3.05261
2.63618
3.08958
4.47192
4.62154
4.071
4.45955
4.50963
3.90457
4.37023
2.95561
4.96005
2.49723
3.02513
3.82616
4.44526
4.38439
3.80911
4.58516
4.41408
4.52495
4.44894
2.48309
2.98108
4.95894
3.74784
4.49546
4.38327
4.70207
4.30035
4.24647
3.69723
4.28992
4.70442
4.30962
4.43775
4.85998
3.38931
4.4894
4.97898
4.38459
4.79882
4.77177
4.21754
4.84683
4.14881
2.95527
4.40844
4.60491
4.51987
4.55799
3.55056
4.34463
4.20133
1.57348
2.54452
2.88105
2.37195
2.79423
3.37092
1.54386
2.53773
2.38716
4.58289
4.28188
2.79002
3.4455
3.69887
4.21806
4.73963
4.30244
4.42465
2.51508
4.28039
3.80365
4.94115
2.92149
3.95778
2.96843
4.45883
4.79882
3.82717
3.13297
3.78175
4.42805
4.74123
2.47545
4.29505
2.77151
2.3017
4.54875
3.54324
3.9213
4.42233
4.32249
4.66328
4.40627
3.87267
2.4638
2.94871
2.35406
4.10839
4.98959
3.97916
4.83013
4.44111
4.08033
4.20292
4.26741
4.18488
3.79698
3.89215
4.4973
4.98157
4.65126
4.41917
3.83393
4.39087
4.46796
2.95747
3.51928
4.97614
3.03531
4.30556
3.81645
4.80451
4.61159
4.26746
3.60166
4.61156
4.9657
4.3699
4.48778
4.96621
4.71233
3.91233
1.5835
4.2326
3.10098
2.39097
2.92399
2.37071
1.40548
3.73769
4.69018
4.41541
4.57067
4.49029
4.71543
3.55501
3.91488
2.9314
4.44456
4.21379
3.29388
2.68272
3.63891
4.98407
4.23556
4.33326
4.84924
2.73718
4.78384
2.54732
3.05126
4.50833
3.86527
3.65882
4.75417
4.42286
2.62802
3.94331
4.46126
3.10849
4.38071
3.92664
4.57397
4.23392
2.78637
3.43243
2.95905
4.30151
3.65887
4.61532
4.52418
4.97036
4.90231
3.71199
4.41026
4.02345
4.27259
4.745
2.34712
2.79885
4.13693
4.3332
2.43527
3.88079
3.36392
4.48548
4.31624
3.89643
4.11661
4.97333
2.45139
2.75619
4.81831
4.42876
3.63013
3.93894
4.71457
4.86826
4.44428
4.18824
2.52498
4.19641
4.36502
4.58186
4.98221
4.50352
4.34953
4.46017
3.74975
4.41207
4.52548
2.59187
2.93215
2.49337
2.67365
2.35857
3.11559
3.60704
4.45827
4.66175
4.43388
4.48363
3.41711
4.21686
4.66013
4.89219
3.08658
4.41752
2.95992
2.55971
4.67361
4.1665
2.98338
3.63889
3.88909
4.25287
1.55692
2.49276
3.88535
2.53921
3.79857
4.95542
4.60515
4.28942
4.184
4.36389
3.42708
4.08472
4.56905
4.93684
4.55965
4.39471
4.98184
4.40796
4.34285
4.9439
2.91805
2.33583
4.53822
4.2144
2.92873
4.46751
2.80808
3.39983
3.85125
2.50969
3.69074
4.1006
1.40198
2.34967
3.66847
4.92046
4.49001
4.18718
4.75346
4.23246
4.97251
4.6907
4.20972
4.54003
1.46779
4.4968
3.74386
4.1531
3.83211
4.29746
3.77263
3.09642
4.2545
2.9166
4.49656
3.01623
2.33412
4.42747
4.71281
4.35441
2.9249
2.29421
2.8305
2.6722
2.91915
2.45653
3.86029
3.50717
4.02423
2.4649
3.79011
2.56007
1.57245
4.31362
4.8072
4.54336
4.02932
3.59892
3.4454
1.40997
4.07929
3.66726
2.37011
3.61025
2.31574
2.76273
2.87798
4.3629
4.32355
2.55005
3.00959
4.23472
3.61146
4.48844
4.42288
4.37133
4.66812
4.64121
4.21648
3.79212
3.59622
3.86719
2.46543
1.49978
4.3323
3.75631
2.57026
3.03373
4.70434
2.74894
2.98795
4.35792
3.09792
4.47831
4.58421
4.25908
2.99977
4.99738
3.08532
4.17381
2.76273
4.48513
4.34524
2.45867
1.5212
4.08507
4.3499
3.83271
4.41483
3.91995
4.47479
4.91052
4.21642
4.71555
4.42882
4.48444
4.79279
3.45046
4.83302
4.29635
4.90872
4.249
4.38242
4.72263
4.43296
4.13521
4.67229
4.27184
4.96847
4.89085
2.92199
2.48683
1.43264
2.46915
1.47283
2.4493
3.47917
3.87133
4.22274
2.97663
2.52657
4.38873
4.25227
4.52644
3.47791
4.69749
4.59654
4.53039
4.22595
4.92716
3.10278
4.7317
4.42151
3.96069
4.42215
1.48143
3.45771
1.69374
2.61018
2.98003
2.60349
2.90462
4.27764
4.58509
4.85058
2.85908
4.18123
3.77181
2.39407
4.96229
4.37267
3.6284
2.40016
3.44338
3.84906
2.28603
4.50924
4.24519
2.84655
2.41719
4.91832
4.65949
4.27462
4.33834
4.37874
4.23824
4.37513
4.72156
4.37611
4.41573
2.69871
2.48232
4.1644
3.78648
4.39166
3.81773
4.33386
4.34415
4.62921
4.92673
3.83097
3.40022
2.92331
4.3097
4.35884
4.81136
3.70857
4.10772
4.91681
3.78874
2.84418
4.9127
4.58757
3.95233
4.19831
4.97113
4.56414
4.24992
1.65829
2.37837
1.50908
2.67722
3.9469
3.56098
4.60645
4.30494
3.018
4.76681
4.22373
2.98368
3.87382
4.22168
2.36963
1.48084
4.34956
1.37723
3.4295
2.88991
2.38986
2.80218
2.46864
2.8908
4.56878
4.29818
3.96915
4.32877
4.93158
4.46644
4.2743
4.61088
3.60021
4.64848
4.58307
4.99025
4.82776
3.72862
4.06883
3.6442
3.33882
2.5783
4.38341
4.15731
4.49716
4.43102
4.20436
2.83398
4.59827
4.81129
3.69035
4.86955
4.22265
3.69197
4.68316
2.5069
4.54314
4.99241
4.36849
4.33728
2.68346
3.93164
3.62273
4.54311
2.66377
3.04129
4.28901
4.9016
4.31655
3.85964
4.08443
3.79563
4.14005
4.3377
4.58368
4.28735
3.05073
2.58157
4.01898
4.37958
4.39611
4.53884
4.33858
4.41789
2.81678
2.50682
1.70579
2.51768
4.41413
2.94306
3.47355
3.85862
2.59931
4.46855
4.49982
3.82109
2.48193
2.51646
4.52201
3.44175
3.84762
4.31361
2.91055
2.40261
4.32676
4.76759
4.55929
4.41258
4.70821
3.84554
3.00249
3.54105
4.34688
4.56901
3.77392
4.93706
4.25382
4.98454
4.1938
4.56879
4.54952
3.26812
4.59145
4.51024
4.28573
4.91605
4.39584
4.90786
4.19834
4.97582
4.96639
2.95006
4.2457
4.98289
4.6605
3.81608
4.2749
1.54703
2.43731
2.90334
3.34003
1.62533
2.52732
2.73103
4.35799
4.35212
4.1624
3.59529
4.85877
2.79177
2.34055
4.95147
4.26411
4.50259
4.19699
4.49821
2.43063
4.94463
2.93004
4.38286
3.80838
4.21676
4.21297
3.75764
4.1462
3.84443
2.92482
3.823
4.71042
4.19738
4.67091
4.29519
1.39957
2.45803
3.7418
4.63275
4.41763
3.70504
3.07391
3.95735
4.18372
3.66661
2.92247
3.69963
4.52823
4.34521
4.51535
2.40494
4.13696
4.32696
4.79145
4.93247
4.08704
4.98798
2.42681
4.31536
2.30509
3.68177
3.37889
2.75168
4.10553
4.24894
4.92876
3.71256
4.585
4.51111
3.81428
4.37785
2.98199
2.36289
1.41353
4.58052
3.03836
2.7546
1.59627
3.70051
3.0727
2.66144
3.00098
4.66761
4.74681
4.11852
4.71867
4.46779
3.10911
4.25924
4.74214
4.56128
4.04585
4.2806
4.29956
3.71883
4.37158
4.48438
4.37027
2.33849
2.93098
4.98371
3.7375
4.31919
4.43319
4.75487
4.15318
4.83873
4.78368
4.81609
4.27746
4.27691
4.97424
3.29361
4.33659
4.81123
4.94182
4.93856
3.92931
4.09987
4.76856
4.7568
3.02005
4.30175
4.72533
4.63858
4.63252
3.64225
4.55069
4.5608
4.67135
2.70921
4.46004
3.94542
2.90132
2.44185
2.45408
4.6009
4.33595
3.07222
3.52442
3.88067
4.27079
2.8742
3.7102
4.19378
4.81239
4.42965
3.74614
2.84104
4.2278
4.44517
3.42503
4.85339
4.28362
4.64419
4.18035
3.84802
2.48087
2.76285
2.34093
4.23648
2.98011
2.31943
4.57652
3.53403
3.7922
4.26263
4.39953
4.36558
4.31539
3.94197
2.58314
4.56188
4.4109
4.8543
4.7053
4.36659
4.50881
4.21872
3.59214
4.26628
4.81559
2.89405
4.1135
3.77941
4.42065
3.91636
4.21755
4.50071
2.8627
3.44562
4.99351
4.84289
4.2473
4.40769
4.32935
3.91442
3.65233
4.53252
4.68669
1.50593
4.07143
2.82313
2.52465
2.81078
2.37126
1.5201
3.265
4.99607
3.95314
3.02126
4.6252
4.37656
3.57691
2.93438
3.77317
4.27246
4.69958
4.8277
4.48876
2.39681
4.48657
2.68969
3.06944
4.32877
3.9299
3.53265
4.52116
4.22817
2.31855
3.70715
4.15486
2.76734
4.77383
4.83717
4.78057
3.7149
4.38752
4.27979
2.6598
3.34385
2.73228
4.30278
3.64427
4.50276
4.76392
4.71312
4.87773
3.66886
4.0166
3.7349
4.81377
4.17064
4.46657
4.5224
4.94301
2.61997
2.93188
4.48924
4.5758
2.72554
4.04899
3.45752
4.75848
4.14554
3.7055
4.23508
2.40229
2.83557
4.83909
3.93525
4.46604
4.56779
4.29704
4.41551
2.44879
4.45292
4.53595
4.59146
4.93572
4.06909
4.43787
4.34404
3.82894
4.48021
2.53814
3.04697
2.48094
2.98699
2.57031
2.77321
4.82249
4.99679
4.39795
4.61571
3.55255
4.37524
4.39739
4.90541
4.36531
4.40715
2.95075
4.28227
3.04479
2.61009
4.62607
4.36066
3.00426
3.50057
3.83575
4.23028
1.40742
2.42409
3.78362
2.42533
3.67185
4.75655
4.84849
4.1166
4.51363
3.4943
4.28233
4.67555
4.87611
4.79445
4.96664
4.23886
4.59147
4.30292
4.83127
4.42304
4.06238
4.98124
2.92795
2.36945
4.63199
4.23426
2.9971
4.38421
2.79419
3.66749
3.70446
2.36509
3.74502
4.24486
1.47234
2.36013
3.69303
4.627
4.27646
4.27047
4.49815
4.58291
4.28646
1.37587
4.32353
3.88073
4.61175
4.04819
4.28817
3.79372
2.69547
4.17672
3.01996
4.34634
2.99972
2.46484
4.6478
2.9639
2.41033
2.83076
2.25218
2.70509
2.50887
3.03799
4.89835
2.89242
4.41034
4.69673
2.48538
2.9876
4.31056
4.77026
4.61549
4.25463
3.81675
3.47848
1.46168
4.35934
3.80262
2.45567
3.81553
2.54652
4.38131
4.93761
4.9396
3.75263
4.46493
4.26065
2.87251
4.96889
4.58799
2.42658
2.90586
4.25899
2.93658
4.54268
4.91702
4.48777
4.21477
3.77729
3.5858
3.83729
2.44658
1.3608
4.16476
3.83597
2.49959
1.44071
3.6714
4.12482
3.57731
4.25497
3.70604
4.2478
4.41805
4.11267
2.76533
4.87483
2.87028
4.22021
2.77842
4.22355
4.46313
2.46848
4.47767
4.36795
4.96761
4.91122
4.31346
4.67581
4.42085
4.61534
4.87771
3.66677
4.5741
4.29857
4.58195
4.26001
4.91658
4.80994
4.71163
4.32018
3.1984
2.64437
1.64221
2.5656
1.55066
4.44406
4.92207
4.50899
4.4459
3.70361
4.47851
4.72535
4.70988
4.32206
4.42681
4.9456
2.84055
4.30646
3.84368
2.70868
2.93413
4.96152
4.71796
4.49385
3.97834
4.36471
1.51347
3.46902
1.56551
2.56246
2.83191
2.505
2.94426
2.22597
4.75875
4.32958
3.95218
4.20437
4.84571
4.27819
3.79482
2.46139
3.46089
3.93994
2.56926
4.43357
4.3778
2.80548
4.23367
4.32755
4.92739
4.99053
4.25423
3.58992
4.2446
4.04266
4.98536
4.9775
4.20885
4.41289
4.3031
4.35483
4.94771
2.85879
2.39345
4.21663
3.74492
3.87229
4.36031
4.69254
4.90528
4.05154
3.63349
3.09747
4.32351
4.70406
4.62733
4.41901
3.69413
2.9624
4.92646
4.72616
3.993
4.31488
1.55993
2.48415
1.57054
2.57036
2.77016
4.4278
4.86739
4.15142
3.70166
4.5201
4.0983
3.03027
4.8383
3.73789
4.23224
2.42979
1.50733
4.19503
1.51732
3.44858
2.67896
2.35621
2.84409
2.30978
4.99345
4.44934
4.41931
4.61411
4.35915
3.61974
4.79417
4.72411
4.51019
4.83173
4.92396
3.72821
4.30621
3.9161
3.60553
2.84771
4.64571
4.35451
3.63941
4.3721
4.15608
2.71606
4.60861
4.84643
3.67028
4.28292
4.97013
4.92201
4.39037
3.77256
2.47702
4.55258
4.46078
4.25453
2.46573
3.92201
3.54379
4.60279
2.59238
2.88775
4.36635
4.2297
4.19598
4.11157
3.7847
4.23233
4.26877
4.59024
4.04498
2.98688
4.78092
2.41606
3.63302
4.13485
4.30489
4.41232
4.93347
2.83351
2.43145
1.51816
2.34816
4.1662
4.89151
4.38613
4.17117
4.40397
4.92485
3.83635
2.53508
2.55563
4.55555
3.44671
3.74675
4.28217
2.82122
3.75643
4.53003
4.59817
3.97292
2.87308
3.66831
4.33348
4.62105
4.14537
4.96844
4.66372
4.78368
4.27986
4.54411
4.60311
3.40592
4.68776
4.50702
4.07638
4.11438
4.83738
4.22757
4.57909
4.46526
3.79803
4.83004
2.94036
2.40751
2.84976
4.1997
4.91802
4.64435
3.76457
4.58291
1.52412
2.56229
3.01682
3.57017
1.61518
2.43425
2.98952
4.27031
4.35026
3.71175
4.00461
4.24605
4.61099
4.43412
4.38493
2.56989
4.82132
2.83668
4.1796
3.68094
4.62167
4.46039
3.69906
2.97739
3.9873
4.7828
4.33389
1.41323
2.38574
4.44769
4.94378
4.73424
3.86412
4.9223
4.22762
3.77594
2.76022
4.98005
3.42919
4.56119
4.1528
4.3086
4.26868
2.68754
4.57624
4.88056
4.61843
2.76178
4.76279
2.64009
4.00256
3.72779
3.15574
4.52292
2.75226
4.00128
4.24265
4.81661
3.70236
4.57768
4.27056
3.82218
4.28641
2.90612
4.89132
2.50073
1.6558
4.2536
2.93717
2.46379
1.41083
3.40272
2.95717
2.41111
3.57155
4.57996
4.10363
2.74882
3.67851
4.30813
4.77046
4.14803
4.24824
4.53916
4.30906
4.25349
4.00537
4.45523
4.87445
4.23297
2.63491
3.16844
4.02818
4.51699
4.93641
4.28923
4.53598
4.28177
4.59507
4.46766
3.55023
4.43836
4.89287
4.25704
4.34082
2.79784
4.17363
4.89304
4.34242
4.49864
2.62447
4.32975
3.8565
4.96779
2.94123
2.51016
2.40196
4.63754
4.13434
2.87504
3.6129
3.70655
2.98377
4.0698
4.53738
4.7394
3.96699
2.93711
4.37764
4.60457
3.58185
4.06922
4.93109
4.83719
4.26318
4.49857
4.20841
3.80937
2.37372
4.85585
2.83558
2.45064
4.22152
2.93386
2.31738
4.37985
3.50667
3.72199
4.06664
4.4731
4.37179
4.19202
3.69871
2.30952
4.25574
4.14453
4.91111
4.49407
4.39563
4.36256
3.82901
4.39302
4.83468
3.00903
4.30412
4.02554
4.5071
3.78093
4.30275
4.56303
2.94402
3.45885
4.36378
4.63446
4.37876
3.84976
4.87758
3.81002
4.51931
2.99836
3.80995
4.23889
4.56896
4.94457
4.98827
3.88508
3.04008
4.60592
4.3184
3.58068
4.64368
4.33882
2.44859
3.93709
4.45782
3.13339
4.99982
4.25297
2.57391
4.5859
2.35211
2.98831
4.26067
3.78053
3.56469
2.77017
4.11892
3.54937
4.52583
4.93057
4.86682
3.75844
4.57259
4.35108
2.88139
3.45983
3.71394
4.44203
4.97073
4.2181
4.65425
4.29531
3.81949
4.52436
4.40483
3.98258
4.32756
2.55317
2.9415
4.21265
4.96495
4.81028
2.65178
2.9409
4.39213
4.5946
2.50546
3.69663
3.60147
4.66473
4.21334
4.97618
3.95396
4.28448
4.85746
4.47027
4.35165
4.40123
3.94745
4.012
2.53508
4.33472
4.42162
4.45946
4.65667
2.6559
2.99307
2.5567
2.97493
2.44291
3.1323
3.69894
4.38416
4.49027
3.43987
3.73547
2.61315
3.72687
2.49678
3.75702
4.16416
1.54204
3.39953
4.31859
4.60234
4.96614
4.80076
4.26322
4.44611
4.63653
4.35855
4.30279
4.26999
3.50564
4.31098
4.36199
4.83254
4.85843
4.30808
4.91171
4.68249
4.72711
3.07102
4.47921
2.79751
4.11739
3.03999
2.47558
4.63207
4.29871
4.46812
1.53649
4.23503
3.79825
4.16433
3.72581
4.09
3.80796
3.33938
3.87925
2.57494
3.48289
4.17923
1.47845
2.08312
3.86644
4.94654
4.97535
4.73404
4.55887
4.99919
4.85713
2.65917
2.44143
4.25432
3.97668
2.70293
4.0441
2.58655
4.66005
4.04606
4.52069
4.61207
4.08411
4.92498
4.88848
2.8156
2.62447
3.08158
2.42015
2.88634
2.45794
3.82337
3.70448
3.71659
2.48804
3.89142
2.43766
1.50193
4.25011
3.28178
4.6591
4.35469
3.844
3.54839
1.4886
4.46497
3.82917
2.38018
3.60275
2.54536
2.86705
2.99097
4.33435
4.69741
2.5489
2.97253
4.29411
4.80567
4.59824
4.4227
4.96883
4.2443
4.61661
4.61155
4.17076
3.70906
3.30233
3.83174
2.48701
1.65817
4.36554
3.80617
2.47636
2.84473
4.55198
2.39854
2.91848
4.29543
2.77964
4.33193
4.98469
4.49552
4.15482
2.78986
4.9425
2.80785
4.32472
2.92879
4.43804
4.55762
2.44359
1.46232
3.7618
4.39211
3.90335
4.15228
3.84499
4.38432
4.66893
4.22129
4.89978
3.55392
4.53289
4.26101
4.95565
4.35942
4.76576
4.91618
4.87897
4.49201
4.35939
4.4524
4.26052
3.0182
2.60627
1.3634
2.39323
1.49135
2.55118
3.4466
3.76779
4.32784
2.95421
2.35537
4.59432
3.57384
3.46653
4.39401
4.45694
2.97278
4.20407
4.67658
3.37167
4.5634
4.42657
4.51442
4.19583
4.89231
4.21646
4.55942
4.87079
2.79544
2.47455
4.22394
3.91775
4.38498
3.8174
4.26868
4.35905
4.12751
4.47145
2.31326
4.98621
3.40124
3.66301
2.24941
4.53526
4.17023
2.85051
2.36459
4.47361
4.322
4.03566
4.84043
4.15933
3.69487
4.1307
4.74595
4.18413
2.98739
4.52965
3.92152
4.42665
4.77679
4.45389
3.99915
3.75663
3.5265
4.95108
2.76902
4.07558
4.64137
3.96426
4.56823
4.40598
4.73468
1.68235
2.59099
1.48434
2.73025
3.98682
3.52749
4.59978
4.41409
3.06093
2.30061
3.88782
3.42195
3.05835
4.25981
4.42672
2.55787
1.32591
4.28404
1.55374
3.46089
2.72691
2.55616
2.53481
2.41591
2.85209
4.6195
4.85882
4.35565
3.7915
4.45133
4.07505
2.92204
4.83203
3.6344
4.23421
2.38469
3.85902
3.66166
3.13374
4.75452
4.49861
4.65604
4.96197
3.89675
4.40887
2.97154
4.52192
4.93765
3.89942
4.39942
3.83163
4.43673
4.31123
4.35684
4.9851
4.89702
4.40914
2.61967
3.84412
3.28982
4.5075
2.59187
2.71316
4.42157
4.40794
4.01481
2.31303
4.68608
4.71952
4.32716
4.1814
4.38848
4.09621
2.69064
4.80235
2.33995
3.59891
4.21248
4.15322
4.45738
4.15626
3.61943
4.09714
4.00234
2.99714
2.47597
1.76535
2.54365
4.26362
2.88928
3.4358
3.88992
2.63213
4.52921
3.75217
4.44501
4.58594
3.76911
3.04899
2.48366
2.57409
4.67734
3.46454
3.99538
4.07607
2.9563
2.42182
4.38036
4.94168
4.66756
4.32429
4.45592
4.96828
3.88968
4.3325
4.54386
4.74683
3.70592
4.37136
4.74753
4.37106
4.84285
4.92991
4.43734
4.33197
2.81209
3.62835
4.69595
4.57772
4.33613
4.48538
4.31296
3.9083
4.12758
1.43734
2.31708
2.55846
3.34084
1.44485
2.30814
2.85758
4.21388
4.49134
4.33796
3.86559
4.77188
2.8945
2.56085
2.84464
4.38116
4.78505
4.56696
3.64415
4.04612
4.43766
2.13216
4.88656
2.87241
4.18498
3.71448
4.17818
4.22348
3.65198
4.25434
4.2616
4.3134
1.56584
2.39191
3.75813
4.40212
4.18891
3.51639
2.75118
2.35982
2.84832
4.33816
3.89148
3.49911
4.51906
2.53889
3.73269
2.81564
3.45489
4.35245
4.24143
4.4056
4.96626
3.82174
4.93313
4.31714
4.48576
4.40634
2.52358
2.99408
4.91824
3.85463
4.5002
4.29886
4.6903
4.41698
4.28721
3.69147
4.28822
1.48094
4.20528
2.9434
2.46465
1.39117
3.67481
2.98092
2.52608
2.79081
4.27146
4.59946
3.69263
4.51783
4.40629
3.87323
4.31702
2.9074
2.51058
2.872
3.71592
4.592
4.27703
3.78159
4.527
4.26633
4.22007
4.9471
4.37461
4.70856
4.23127
4.46119
4.6201
3.35638
4.24627
4.96369
4.11846
4.96486
4.94256
4.92711
2.89577
4.24489
4.47724
4.41603
4.54658
3.40841
4.63107
4.33168
1.45293
2.51198
2.93485
2.54225
2.94614
3.48007
1.54053
2.3015
2.39596
4.55695
4.12656
2.95049
3.29255
3.70335
4.10863
4.89545
4.25723
4.40557
2.52163
4.14539
3.84851
4.96913
2.86827
3.93483
4.39383
4.68479
4.24619
2.50335
4.39708
3.01196
2.52106
4.82161
3.72462
3.92307
4.22517
4.90663
4.32599
4.81302
4.52609
3.93336
2.62608
3.09255
2.57885
4.22626
4.37196
4.60887
4.24461
4.32307
4.42638
4.26044
3.89497
4.46032
4.98802
4.91378
3.84317
3.77503
4.17669
4.22519
2.80052
3.11998
2.6564
4.36613
4.93787
3.83612
4.87292
4.32809
3.99551
3.7073
4.77887
4.05301
4.38193
4.91411
1.51457
4.39159
2.68409
2.42608
2.88533
2.33536
1.42182
3.41129
4.43243
4.14057
4.62232
4.8624
4.6161
3.68452
3.92804
2.90077
4.61786
4.31069
4.97787
3.59787
2.90286
3.88216
4.3188
4.57086
4.92658
4.14702
3.6977
4.82876
4.07769
4.26121
3.6886
4.44031
4.25431
2.83475
3.4161
2.7149
4.14371
3.70117
4.26317
4.88714
4.88953
4.51735
4.89624
3.70198
2.44841
4.30188
4.33519
4.73267
4.95097
4.39033
4.36033
4.37009
3.90467
4.52254
2.48319
2.92573
4.22668
4.69204
2.46207
3.83797
3.66798
4.64325
4.29668
3.95682
4.59272
2.58371
3.22932
4.96882
4.35939
4.97246
3.7469
4.44151
4.63204
4.25662
4.64805
2.33654
2.86766
2.43233
2.82606
2.46355
2.8628
3.41604
4.38993
4.7028
4.26481
4.61829
3.48947
4.37976
4.54124
4.65644
4.16878
4.77777
4.40352
3.98369
4.8626
4.2428
4.51831
3.42304
4.20003
4.49947
4.81305
4.86143
1.46607
4.24744
3.82215
4.23717
3.84842
4.48796
3.79626
3.02106
4.36498
2.96897
4.23527
2.9884
2.56012
4.50351
4.76582
4.29133
4.96581
2.75731
2.44478
4.41536
4.38347
2.79411
4.31034
2.98321
3.54285
3.83803
2.60844
4.11214
4.34526
1.64126
2.7424
3.8529
4.88301
4.6037
4.27118
4.57047
4.13917
4.37471
4.49298
3.07002
2.60022
3.04633
2.61496
3.1484
2.45644
3.73144
3.5632
3.59103
2.46931
3.50964
2.31765
1.44082
4.07156
4.64512
4.40492
3.81448
3.50108
1.62144
4.27003
3.8648
2.55837
3.83711
2.40292
2.86968
4.81055
2.67987
4.29552
4.32988
2.37835
2.83599
4.12649
4.94351
4.35456
4.6274
4.57523
4.2778
4.98173
4.90184
4.55634
4.15581
3.5602
3.94695
2.60367
1.6072
4.5972
3.99248
2.52914
2.82366
4.9973
4.6981
2.41792
2.8309
4.40004
2.95361
4.28835
4.52538
4.34417
3.02635
4.81693
2.83284
4.2852
2.82689
4.19367
4.46955
2.43109
1.47603
3.89179
4.33648
3.7497
4.33598
3.79584
4.22611
4.89778
3.38373
4.69355
4.3426
4.76052
4.35385
4.48903
4.81285
4.44401
4.99068
4.22781
4.57101
4.86702
4.12589
2.84665
2.53879
1.42251
2.35117
1.61975
2.54986
3.63546
4.11337
4.26513
3.08352
2.80457
4.65188
4.79397
4.16388
4.5456
3.62439
4.6006
4.55299
4.58724
4.46358
4.21678
4.345
4.11029
4.49526
4.8267
2.74586
2.26829
4.10375
3.74415
4.29271
4.01426
4.32424
4.33025
4.8756
4.17497
3.72598
2.46412
3.59976
3.7214
2.41384
4.65445
4.03259
2.93793
2.49026
4.71066
4.4493
4.433
4.17136
4.7563
4.92763
4.37046
3.68234
3.07067
4.94894
4.58838
3.89171
4.30155
4.60961
4.31575
4.2747
4.77942
4.92147
3.83646
3.60188
2.92532
4.38762
4.61196
4.05045
4.33545
4.96744
1.56712
2.36058
1.62631
2.40977
3.72315
3.60864
4.37026
4.22864
2.9346
4.52584
4.37024
2.83103
3.78553
4.21845
4.84896
2.51083
1.43517
4.44581
1.62589
3.51624
3.02037
2.53844
2.88684
2.50141
3.03476
4.58322
4.42452
3.93405
4.81522
4.97382
3.90799
4.30408
3.82511
3.42091
2.82529
4.43859
4.28589
4.42667
4.54913
4.26441
2.80491
4.4523
4.93568
3.82614
4.33022
3.95637
4.14739
4.34091
4.98386
2.31225
4.39546
4.81886
4.17681
4.3494
2.46952
3.91052
3.63632
4.52929
2.45115
2.97457
4.23684
4.98476
4.41267
3.84667
4.16197
3.68171
4.27022
4.23623
4.66081
4.48564
2.89956
2.41236
3.79606
4.32425
4.3401
4.68725
2.887
2.63019
1.53301
2.39036
4.33022
3.04169
3.34806
3.82069
2.57307
4.48448
4.25923
4.92072
3.866
2.43202
2.63625
4.55882
3.56397
3.9232
4.28529
2.96996
2.614
4.38278
4.73051
4.43144
4.79066
4.39487
4.55433
4.56281
3.49606
4.37429
4.61633
4.21474
4.27012
4.98533
4.47176
3.64191
2.90356
3.78029
4.78938
4.58437
4.27311
4.41143
4.25219
2.60591
4.07744
4.97834
4.91039
4.38556
3.7604
4.27602
1.49553
2.48107
2.96599
3.40849
1.38059
2.4055
2.78244
4.11037
4.58785
4.29837
3.81193
2.99595
2.43942
4.08032
4.42511
4.32428
4.69921
2.43754
4.98806
2.80899
4.26051
3.83658
4.23088
4.2094
3.83213
4.39017
1.38726
2.38945
3.71781
4.47449
4.41122
4.95481
3.52874
3.05177
3.7066
4.81361
4.25061
3.64012
2.94116
3.47565
4.46987
4.20045
4.5768
4.99033
4.41924
4.34087
3.99146
4.36602
4.57005
4.26792
2.45488
2.88904
3.82889
4.27931
4.40109
4.57446
4.57018
4.23427
3.95008
4.30526
2.96796
2.56814
1.70323
4.39074
3.06052
2.4241
1.49752
3.69634
2.77682
2.55445
2.89355
4.37332
4.59681
3.9443
4.54
4.17787
2.82743
3.65584
4.49773
4.7903
4.30458
3.83567
4.21108
4.35887
4.07221
4.79467
4.73456
4.16584
4.59546
4.63273
3.48286
4.63987
4.77241
2.91324
4.26418
4.2883
4.78235
4.57046
3.69092
4.59447
4.32817
4.65919
2.44753
4.36045
3.75342
4.70922
3.04364
2.52696
2.68979
4.66777
4.52388
3.03343
3.60185
3.93001
4.52102
4.36939
4.20257
3.59337
4.07981
4.77332
4.091
4.33201
4.1838
3.75059
2.44472
4.84658
2.80252
2.33864
4.26693
2.798
2.43604
4.54301
3.25396
3.81277
4.20312
4.98606
4.16098
4.17477
4.32054
3.75989
2.4091
4.16811
4.37974
4.93651
4.6455
4.43787
3.73109
4.69355
2.90899
4.21986
3.72503
4.89028
4.69353
3.9213
4.47389
4.85852
3.03183
3.78575
4.23741
4.65673
4.42739
3.8758
1.49777
4.4692
2.93046
2.62531
2.75174
2.44974
1.62513
3.45705
4.91856
3.69215
2.93578
4.53735
4.24676
3.45795
2.96522
3.81328
4.33288
4.56468
4.93044
4.18785
3.65182
4.88511
4.3908
4.46061
4.95612
3.90813
4.62195
4.18238
2.76386
3.45223
2.75995
4.32005
3.86047
4.59749
4.41902
4.95549
4.87838
3.81263
4.20728
2.56116
4.36174
4.40929
4.62158
4.89705
4.25776
4.28511
4.29979
3.83259
4.00397
4.95392
2.40709
2.97749
4.39944
4.55937
2.44732
3.832
3.50639
4.53492
4.28269
3.94868
4.28214
2.64296
2.88387
4.98666
3.75772
4.14998
4.96204
4.44263
4.22828
4.65
2.59298
2.97803
2.36538
2.8627
2.49604
2.86996
4.96974
4.81388
4.28736
4.48727
3.49961
4.27963
4.54512
4.59813
4.06812
4.94837
4.66843
4.2251
4.88289
4.13455
4.46841
3.33399
4.30552
4.52989
4.90778
4.43805
4.25624
1.4885
4.23232
3.84432
4.18918
3.88384
4.30773
3.7382
2.87316
4.32313
2.91792
4.35179
2.92725
2.48015
4.58888
4.83023
4.71444
4.14667
4.93297
2.80803
2.42865
4.59965
4.2778
2.8007
4.20746
2.89723
3.51786
3.78688
2.61235
3.78619
4.29102
1.60803
2.37488
3.83258
4.50775
4.20772
4.88438
4.20185
4.43961
2.84813
2.62324
2.92933
2.56734
2.98793
2.42615
2.71975
4.76231
2.68382
4.22052
4.31526
2.37407
2.75052
4.0426
4.89153
4.76206
4.99857
4.46156
3.90233
3.33513
1.58159
4.34535
3.68948
2.58659
3.92938
2.45925
4.60989
4.30439
4.39992
4.45773
2.82726
4.72911
4.51578
2.42787
2.77014
4.453
3.06703
4.20357
4.93543
4.74799
4.99859
4.46638
3.9374
3.76245
4.059
2.66915
1.73733
4.58283
4.02728
2.60022
1.53317
3.58215
4.22293
3.76347
4.45552
3.85953
4.20077
4.33963
4.40091
3.05867
3.09617
4.50312
2.89596
4.4627
4.6736
2.54005
4.96389
4.8812
4.20003
4.20963
4.97729
3.30975
4.78381
4.42027
4.58839
4.9156
4.15573
4.83401
4.32894
4.21305
2.98393
2.48147
1.36807
2.44553
1.58578
4.24725
4.88254
4.90882
4.27269
4.84095
3.37784
4.61788
4.40818
4.47311
4.23209
3.71663
4.24053
4.25361
4.20617
4.47158
4.28647
4.55233
4.93788
2.86302
2.30394
4.26425
3.81568
2.30025
4.75702
4.33422
4.04333
4.139
4.90349
4.08846
3.59746
2.24017
3.47346
3.65535
2.28416
4.44163
4.13771
2.84203
4.18801
4.04066
4.77614
4.99886
4.77318
4.44119
3.88244
3.14137
4.75768
3.96191
4.34326
3.93633
4.11106
4.48279
3.73623
3.80531
3.0805
4.29095
4.5777
4.84563
1.34894
2.51452
1.48787
2.41186
2.79596
4.56702
4.89238
4.43335
3.80074
4.51746
4.32534
2.98199
4.86012
3.74273
4.34266
2.46294
1.41723
4.20444
1.52013
3.48015
2.66994
2.53219
2.86733
2.30846
4.56503
3.89699
4.42843
3.86532
3.62707
3.09001
4.73637
4.50879
3.98367
4.46286
4.29071
3.04223
4.78102
3.84845
4.40128
4.33744
4.26566
4.99023
4.80394
4.41951
3.56289
2.36093
4.6112
4.89188
4.28927
4.20958
2.30873
3.91411
3.25901
4.48048
2.60854
2.85599
4.20312
4.23288
4.40297
3.99938
3.63848
4.178
4.10606
4.38325
4.06458
2.54191
4.74002
4.87447
2.20496
3.5463
4.08928
2.68542
2.16561
1.49357
2.61286
4.47113
4.78586
4.30151
4.12791
4.78009
3.67994
2.32021
2.4656
4.56988
3.44235
3.75398
4.18475
2.87947
4.77946
4.21726
4.6839
4.98134
4.02097
4.53295
4.45496
3.47921
4.52008
4.62188
4.42657
4.16067
4.90821
4.66611
4.36991
3.64041
2.94707
3.89443
4.50468
4.22528
4.44675
4.95747
4.58754
3.92066
3.28023
2.46726
2.68518
4.14517
4.85685
4.31326
3.6932
4.25931
1.59081
2.66246
2.77731
3.55599
1.55761
2.35744
2.99064
4.40337
4.43054
4.04193
4.40161
4.93628
4.06685
4.94968
4.44692
4.20914
4.56833
2.38002
4.83163
2.74286
4.12169
3.82901
1.51646
2.37618
4.40945
4.92848
3.78473
4.87233
4.16575
3.7208
2.73073
4.94628
3.39109
4.43833
4.161
4.34743
4.67646
4.39609
4.35266
3.92379
4.38164
4.65102
4.49965
2.64638
2.85918
4.96824
3.97967
4.42564
2.88433
4.19701
4.40262
3.87548
4.81192
4.3147
3.97502
4.27815
2.84854
2.48468
1.52206
4.38163
3.18168
2.49213
1.51222
3.67952
2.98765
2.64115
3.81792
4.34765
4.98716
4.15978
2.74576
3.84291
4.42406
4.96099
4.22655
4.27492
4.28662
4.94791
4.94521
4.83421
4.09702
4.88996
4.71964
4.06763
4.63331
4.64196
3.54228
4.40684
4.87783
4.71921
2.75567
4.11073
4.87026
4.18453
4.47374
2.48206
4.17611
3.787
4.82973
2.74631
2.33783
4.97931
2.26753
4.46404
3.99735
2.79779
3.35727
3.59676
4.7024
4.44499
4.02196
4.27576
4.24817
4.658
4.6421
4.54365
3.88374
2.53306
3.03769
2.53207
4.58992
2.94582
2.53671
4.77739
3.65205
3.97314
4.31377
4.29248
4.17806
4.11679
3.72728
2.44069
4.397
4.18899
4.90708
4.51537
3.90367
4.50112
4.96783
4.97384
4.62162
2.70837
4.36791
3.83195
4.95298
4.47166
3.58681
4.36196
4.31949
2.98818
3.38719
4.90196
4.08994
4.36134
4.99003
3.92404
3.53119
4.69665
2.82238
3.84336
4.37759
4.38904
4.96872
4.85884
3.68891
2.84452
4.38364
4.21498
3.40558
4.35756
4.62144
4.36733
3.73453
2.87392
4.30774
3.80758
4.6461
4.85753
3.67954
4.69835
4.26351
2.90608
3.61932
3.87339
4.43295
4.94034
4.4206
4.26084
4.43134
3.85228
4.14537
2.54543
4.33859
4.26198
4.44228
4.51956
4.43939
3.93907
4.09418
2.58283
2.59872
4.10608
4.83927
2.26592
3.01616
4.05827
4.40327
2.43712
3.65627
3.35434
4.40636
4.30306
3.59584
4.06055
4.75167
4.61797
2.5244
2.99281
2.48913
3.07419
2.29391
2.90669
3.51877
4.31398
4.63837
3.48786
3.75417
2.54981
3.85074
2.48576
3.8295
4.31067
1.50103
4.80266
4.59663
4.34614
4.46324
4.29051
3.56529
4.40977
4.51248
4.88838
4.96618
4.26678
4.59021
4.3241
4.55497
4.5299
4.35279
4.94091
3.1537
4.28625
2.88298
4.31068
3.0488
2.39795
4.69512
4.54855
4.45215
1.49934
4.38893
3.69232
4.30605
3.8659
4.3343
3.78476
3.5479
3.84594
2.48954
3.87807
4.40167
1.60017
2.47887
3.9133
4.98185
4.95294
4.50638
4.35674
4.97568
2.96993
2.42256
4.44142
4.18129
2.87535
4.14413
2.81732
2.96926
2.61544
2.97921
2.39963
2.798
2.54173
3.88937
3.55739
3.79368
2.59933
4.00094
2.49055
1.67038
4.30418
3.36955
4.61309
4.437
2.96658
4.84486
2.7509
4.19857
2.7617
4.27039
4.54052
2.17082
1.49902
3.79725
4.32536
3.76827
4.2521
3.78518
4.30741
4.60796
4.25242
4.7454
4.37104
4.76367
4.48343
4.22502
3.7331
3.35102
3.7649
2.38394
1.42667
4.21712
3.66799
2.53495
2.87866
4.83194
4.59013
2.38469
2.99277
4.15353
2.78815
4.32692
4.91588
4.41088
4.21627
4.56763
4.37286
4.5435
4.374
3.49517
4.44515
4.37222
4.38683
4.52946
3.10339
2.49123
1.55987
2.26258
1.53422
2.40413
3.46665
3.81096
4.35221
2.90562
2.50721
4.46528
3.7325
3.60617
4.34028
4.58
3.07267
4.49151
4.33162
4.15861
4.34288
4.95342
2.96524
2.59447
4.34889
3.80626
4.17992
3.70177
4.22764
4.1823
4.28508
4.47246
2.45524
3.39808
3.86686
2.56817
4.70529
4.31793
2.94388
2.36464
4.89678
4.58223
4.33271
4.31562
4.95156
4.24361
3.83044
4.95125
3.01261
4.87913
4.48771
3.83246
4.20626
4.54302
4.43283
3.80829
3.75511
3.46929
2.97966
4.31825
4.57885
4.91409
3.73974
4.27068
4.68749
4.94364
1.58952
2.73183
1.49706
2.55727
3.94127
3.53809
4.62674
4.40163
3.02984
2.46293
3.92789
3.39008
2.91373
4.3118
4.5466
2.58475
2.96954
4.56129
4.84456
3.57059
4.18476
3.86792
4.65346
4.34223
3.96586
3.54488
3.10593
4.57274
4.53944
4.62878
4.97479
3.82641
4.41636
4.45011
4.28001
2.81588
4.8463
4.98759
2.34547
3.76582
4.18985
4.24459
4.43459
4.3645
3.74444
4.23699
4.26045
4.61005
4.36565
2.47973
4.00716
3.39729
4.50798
2.51633
2.86137
4.33029
4.34936
3.77808
2.47754
4.50844
4.77628
4.31765
4.96451
4.25616
2.98588
2.18727
1.45562
2.49424
4.20191
2.85588
3.49271
3.79494
2.44407
4.45475
3.74916
4.352
4.52369
3.56345
2.94663
4.37286
4.75749
4.97305
4.23223
4.28083
4.70154
4.52625
3.5581
4.46272
4.61962
4.17687
4.95766
4.90025
4.40634
4.68032
2.46182
4.96603
2.94476
4.44803
3.84092
4.28005
4.4357
3.79082
4.2615
4.3862
4.70492
3.11031
3.88803
4.64382
4.33241
4.56993
4.33516
3.85083
4.408
1.50182
2.60633
2.92003
3.50652
1.50387
2.47503
2.92553
4.33984
4.8194
4.2562
3.93554
2.87821
2.44856
3.05844
4.31463
4.94056
4.59127
3.78117
1.581
2.47895
3.78331
4.43551
4.26013
3.39056
2.90243
2.43321
3.09454
4.45629
3.98106
3.60167
4.72491
2.81452
3.09196
3.75056
4.38766
4.08322
3.7972
4.75501
4.38999
4.4393
3.93269
2.46939
2.97635
4.99154
3.83828
4.19865
4.07052
4.38509
4.35953
4.25448
3.8444
4.18938
1.47319
4.19437
2.63361
2.4161
1.48863
3.48334
2.82103
2.38827
2.7154
4.22339
4.5045
4.70041
3.74172
4.60833
4.36112
3.79754
4.43223
2.88254
4.92367
2.46231
4.50082
4.40862
4.46137
4.29147
4.6647
4.50906
3.68758
4.709
4.9179
4.91738
4.51177
2.55366
3.95315
4.893
4.29532
4.31708
3.29361
4.84829
4.38924
1.73759
2.62279
3.12182
2.56067
3.12946
3.7797
1.65325
2.80155
4.38266
4.17321
4.47469
4.25894
4.69247
4.77359
4.78906
4.16951
3.86948
4.27989
4.63372
4.35125
2.55393
4.16437
3.00898
2.54252
4.71545
3.6353
3.84334
4.04609
4.9652
4.52401
4.86311
4.53151
4.24497
2.71835
3.12987
4.12609
3.75812
4.36356
4.75907
4.45408
4.96183
4.68324
3.67449
3.55654
4.07711
4.38305
2.69269
3.36206
4.94335
4.82961
4.63256
2.94349
4.12962
3.88486
4.87326
4.40492
1.53921
4.37817
2.89003
2.44653
2.96954
2.50827
1.50259
3.45709
4.61193
4.14451
4.60062
4.54604
4.59542
3.56396
4.64664
4.70461
3.76574
4.38054
4.00787
4.2336
4.53865
3.77401
4.49863
4.27388
2.93537
3.56705
2.82744
4.22723
3.85391
4.50344
4.99989
4.93171
3.72192
4.27281
4.93161
4.62315
4.23483
2.63508
4.28087
4.35258
4.55219
4.29367
4.38233
4.32985
3.93467
4.28617
2.33583
2.92725
4.26556
4.51736
2.46078
3.76755
3.48673
4.6396
4.52585
3.80498
4.37842
2.44667
2.84063
4.92054
4.37446
4.85622
4.63533
2.40795
2.88978
2.54418
2.87387
2.41438
2.83608
3.54088
4.31553
4.60957
4.8731
4.81573
4.34325
4.86539
4.37865
4.13155
4.85816
4.27983
4.50854
3.31756
4.2317
4.81754
4.42233
4.28983
4.97372
4.41996
4.56114
1.53424
4.18477
3.8104
4.40064
3.80442
4.34027
3.96613
2.89093
4.39306
3.05866
4.28835
2.8731
2.56672
4.48912
4.56748
4.31836
4.99263
2.85591
2.47375
4.6476
4.35288
2.93747
4.31424
2.95104
3.68219
4.10245
2.51157
3.98599
4.52333
1.49973
2.55077
3.86663
4.99519
4.58361
4.46905
2.90764
2.5842
3.1027
2.52334
2.95553
2.57783
3.91631
3.6208
3.81123
2.59492
3.821
2.51668
1.57418
4.3406
4.47419
3.99124
2.75444
4.97404
2.79935
4.2882
2.80743
4.1533
4.40374
2.43837
1.52315
3.8432
4.42821
3.93542
4.26688
3.88834
4.31802
4.90185
4.31575
4.57497
4.56578
4.23132
4.74233
4.49961
4.33025
3.87163
3.30746
3.86727
2.2221
1.454
4.16733
3.56678
2.42604
3.04271
4.89398
4.729
2.5265
3.02923
4.35045
2.94486
4.37659
4.45315
4.29731
4.37061
4.31603
4.8512
3.44462
4.36182
4.40705
4.8945
4.39992
4.57008
2.78284
2.49077
1.48173
2.35011
1.41429
2.53728
3.47302
3.90992
4.20706
2.95633
2.46051
4.51605
4.12684
4.92897
4.32782
4.53237
4.69593
4.48654
4.59622
2.89246
2.49277
4.34721
3.88557
4.26502
3.85265
4.37773
4.37388
4.99806
4.21119
3.77543
2.42406
3.4323
3.67064
2.3511
4.37365
4.1006
2.87394
2.61184
4.65669
4.38004
4.33105
4.78165
3.74273
2.86284
4.61763
3.86926
4.36362
4.72849
4.34569
4.29559
4.88019
3.76597
3.40669
2.79991
4.11667
4.46308
4.77722
3.78467
4.25578
1.54482
2.47646
1.47111
2.405
3.78499
3.61977
4.52715
4.33927
2.9107
4.50056
4.06313
2.81337
4.58886
3.72521
4.3718
3.93461
4.90541
4.97964
3.82096
4.37759
3.76627
3.34829
2.91723
4.43285
4.30015
4.68688
4.36292
3.65409
4.29933
4.22997
4.42775
4.40549
2.8549
4.92064
2.42455
3.76776
4.1622
4.31486
4.49038
4.30818
4.21768
4.86252
2.26807
4.57907
4.85656
4.21294
4.14783
2.59333
3.68353
3.48181
4.73061
2.46395
2.67284
4.13419
4.30905
3.83966
3.02827
2.50093
1.55458
2.46598
4.31494
3.06186
3.49227
3.94856
2.56143
4.49213
4.24837
4.88065
4.47308
4.97611
4.32953
4.58125
4.47444
3.56141
4.61576
4.62994
4.51391
4.09975
4.45311
4.07015
4.58538
2.30543
4.75683
2.78322
4.18197
3.62928
4.2113
4.22003
3.83053
4.18206
3.79609
2.86281
3.68386
4.83692
4.50634
4.18984
4.45345
4.31042
2.70682
4.29455
4.72999
4.49054
3.61909
4.29587
1.61374
2.30895
2.77921
3.58471
1.52262
2.237
2.69062
4.20543
4.42354
4.10381
3.88134
4.87286
2.90922
2.45803
1.51102
2.43771
3.88077
4.5036
4.42712
3.55272
2.93733
4.5205
4.0033
2.832
3.84133
4.50728
4.9234
4.34126
3.89298
4.18215
4.40547
4.06978
4.38652
4.64892
4.29493
2.43221
2.89454
3.88666
4.30289
4.27978
4.56608
4.47126
4.15808
3.86984
4.30687
2.84361
2.4702
1.49105
4.15484
2.88339
2.40106
1.50674
3.33586
2.74038
2.49281
3.02182
4.39391
4.67485
3.88857
4.90007
4.31547
4.2528
4.9851
4.12072
4.96806
4.4941
4.33787
4.49022
4.34899
3.47738
4.42965
4.97251
2.77838
4.25188
4.4917
4.63218
4.56511
3.47908
4.6833
4.48001
4.32423
4.24458
3.6131
2.459
4.35254
4.22887
4.61959
4.36724
4.70997
4.54065
3.77156
4.24407
4.28468
4.53299
4.35586
3.89919
2.53748
4.98643
3.0308
2.44309
4.32104
2.83994
2.51362
4.46818
3.45283
3.84252
4.3941
4.16694
4.57139
4.24009
3.74335
4.88732
3.85958
4.44211
4.96064
2.71059
4.29546
3.79542
4.91784
4.44949
3.89503
4.1512
4.54611
2.82125
3.31288
4.94706
1.58113
4.43656
2.93698
2.6901
2.93466
2.58815
1.5923
3.52424
4.3864
3.94461
4.21654
3.72512
4.92119
4.28166
4.61538
4.90533
3.71561
4.47242
4.10318
2.7888
4.9571
3.45096
3.04236
4.48133
3.98254
4.63047
3.66522
4.18851
4.83213
4.58917
4.37583
4.14887
2.42663
4.25268
4.22957
4.47761
4.87781
4.34984
4.25787
4.42485
3.87883
4.05273
4.78745
2.45081
2.78013
4.23669
4.70102
2.41726
3.63117
3.42343
4.56744
4.2665
3.69099
4.41502
2.53702
2.91752
4.57526
2.49379
3.00238
2.39391
2.98394
2.50354
2.79015
4.4999
4.27953
4.86549
4.57561
4.36497
4.95763
4.22011
4.53014
3.63638
4.37463
4.47618
4.57781
4.08235
4.89539
4.23706
4.56022
4.42856
4.16787
1.49934
4.37786
3.78872
4.27191
3.81595
4.23113
3.75649
4.86333
2.88352
4.34768
2.78535
4.35219
3.02067
2.52998
4.55773
4.58909
4.28575
2.78342
2.3723
4.45537
4.33487
2.88939
4.17936
2.80861
3.44641
3.69171
2.24082
3.77915
4.13848
1.39832
2.36515
3.7976
2.84746
2.54688
2.90308
2.43761
2.98613
2.52983
1.55616
3.75526
4.25476
3.62306
4.33355
3.94632
4.23253
4.55636
4.46647
3.08202
3.12387
4.58736
3.26328
4.43391
4.84892
2.62752
4.70576
4.22748
4.13047
4.45626
2.83012
4.96219
4.31083
2.34009
2.8664
4.19035
2.75208
4.27261
4.92431
4.54721
4.23807
3.83421
3.51158
3.83758
2.62397
1.47282
4.27931
3.85001
2.44127
4.66787
4.31305
4.61385
4.43454
4.88795
4.90698
4.2743
4.56129
4.76515
3.51839
4.61677
4.3482
2.9734
2.42426
1.47002
2.45734
1.60706
4.36634
4.33647
4.18785
3.85044
4.3353
4.38603
4.18312
4.44686
4.13868
4.67904
2.79782
2.47036
4.21993
3.82957
2.61345
4.80711
4.54559
4.43362
4.29231
4.79677
4.10762
3.65617
2.41948
3.57788
3.91621
2.44269
4.54451
4.22714
2.94117
4.98154
4.74144
4.18597
3.76764
2.90899
4.46732
3.96562
4.33871
3.95843
4.36498
4.32037
4.86148
3.81557
3.36796
2.88282
4.16954
4.57715
1.5055
2.56851
1.60792
2.45894
3.70963
4.44611
4.31665
2.9793
4.66761
3.90029
4.3041
4.96106
4.69074
4.87243
4.81362
3.81846
4.30429
4.01447
3.64807
3.00998
4.65516
4.40625
4.15731
4.34478
4.21608
3.60258
4.27211
4.08804
4.63223
4.21912
2.7957
4.84971
2.41923
3.6117
4.17079
4.40271
4.36632
4.93806
4.90226
4.31743
3.82756
2.22707
4.57557
4.93507
4.47474
4.26091
2.30328
3.72394
3.5171
4.54494
2.60931
2.82056
4.36673
2.83508
2.40111
1.36504
4.27672
4.31772
4.89323
4.33952
4.77977
4.27805
4.65938
4.63003
3.47635
4.5489
4.56117
4.40569
4.44594
3.8628
4.31009
4.0717
4.44926
4.42467
4.69053
2.558
3.0163
4.23059
3.89329
4.68193
4.27107
3.79218
2.93399
3.73189
4.60859
4.36125
4.5178
4.69194
4.45443
3.92996
3.0004
2.59097
2.62895
4.20943
4.59024
3.76733
4.35989
1.52097
2.36548
2.92686
3.52674
1.56269
2.33498
3.00876
1.57118
2.52448
3.81085
4.54185
4.34248
2.97805
3.95051
4.75071
4.34193
4.28676
4.64102
4.24465
4.34015
3.82565
4.27325
4.48056
4.42625
2.3929
2.92345
3.78681
4.29674
3.00189
4.99474
4.22228
4.61805
4.983
3.77466
4.60707
4.14156
3.78615
4.18193
2.80875
4.83478
4.97496
2.38543
1.58872
4.31768
3.04094
2.58899
1.53182
3.53861
2.89372
2.51749
4.98501
4.29215
4.27397
4.10912
4.98815
4.5951
4.22514
4.39204
4.55786
3.52482
4.47011
2.89219
4.26977
4.15503
4.27111
4.20244
3.85202
2.55858
4.43369
4.46736
4.63121
4.58149
4.28917
3.78386
4.34555
4.9692
4.44209
4.95429
4.3163
4.42629
4.3078
3.63886
2.38168
4.75005
2.85657
2.6258
4.49939
3.05614
2.60098
4.6585
3.57716
3.93293
4.06458
4.4647
4.97493
4.22706
3.80113
4.78059
3.79773
4.55629
4.99103
2.68732
4.2006
3.84853
4.79296
4.44815
3.69723
4.10956
4.58072
2.92359
3.39998
3.99136
4.67099
4.48119
4.73862
4.3012
3.89929
3.14019
4.41044
4.08158
4.67665
4.9048
3.89131
4.76229
4.51008
2.99621
3.69185
4.56546
4.25602
3.7353
4.27358
4.89295
4.55525
4.24427
4.42527
3.6633
4.16879
2.38054
4.03681
4.30262
4.49689
4.85771
4.55395
4.33765
3.84884
4.24967
2.51102
2.83019
3.91503
4.9845
4.76456
2.38324
2.6325
4.08401
4.33347
2.3256
3.51736
3.35261
4.47456
2.53934
2.74374
2.28455
2.94997
2.48789
3.01632
3.7069
4.42965
4.48544
3.42801
3.88184
2.5614
3.78327
2.50251
3.78564
4.33627
1.45937
3.45988
4.05852
4.82285
4.75814
4.87551
4.14301
4.49024
3.68118
4.03111
4.42445
1.61454
2.70033
3.90226
2.50856
4.12703
4.72224
4.552
2.93572
4.44965
2.89127
2.48473
4.59559
4.29163
3.06332
3.63134
4.42625
4.51228
4.93308
4.28606
4.57794
4.91467
4.68212
4.48765
4.53135
4.46763
2.75858
2.54897
3.12365
2.28312
2.78741
2.69419
3.90683
3.5049
3.80247
2.56733
4.00658
2.5475
1.62039
4.29402
3.42569
4.5129
4.15001
3.95255
3.63878
1.59521
4.26764
3.75289
2.44184
3.7515
2.49258
2.90667
3.0139
4.40686
4.71967
2.49911
2.85457
4.46155
4.89999
4.36832
4.23484
3.42138
4.61146
4.21759
4.318
4.5325
4.78197
3.62812
3.5401
3.80048
2.50855
1.55598
4.26366
3.89651
2.46464
2.99841
4.78113
2.5067
3.03645
4.33908
2.93933
4.46129
4.97836
4.52979
4.32776
2.85975
4.90714
2.94615
4.19783
2.9123
4.2709
4.70719
2.40344
1.4745
3.89792
4.52281
3.91622
4.37497
3.8912
4.40565
4.5144
4.27381
4.97342
4.14593
4.35368
4.61702
4.30809
2.83104
2.43038
1.64056
2.50302
1.52841
2.56462
3.51411
3.78142
4.27589
2.96326
2.49744
4.50242
3.89638
3.60834
4.37602
4.64543
2.8868
4.35448
4.5711
3.31711
4.76164
4.40834
4.38386
4.07482
4.97537
4.82686
4.31733
1.66289
3.68015
1.57309
2.43904
2.90699
2.50425
3.06956
4.37772
4.55162
3.00466
4.39027
3.93016
2.63742
3.00106
4.55515
4.25166
3.87983
2.67573
3.66638
3.94244
2.65744
4.64293
4.43702
3.0191
2.64324
4.48318
4.35752
4.29449
4.38187
3.99483
4.26778
4.05921
4.59283
4.81966
3.03635
2.56918
4.41951
3.9903
4.3464
3.95914
4.36005
4.52278
4.48601
4.72514
1.58097
2.40245
1.49303
2.71743
3.90833
3.54617
4.58729
4.4326
3.07797
2.59523
3.75577
3.42515
2.77582
4.20885
4.59117
2.34703
1.6128
4.31988
1.44483
3.44099
2.69741
2.55277
2.88364
2.45778
2.74187
4.70003
4.99369
4.336
3.68301
4.55285
4.32432
2.83071
3.79917
4.32796
2.48651
4.52649
4.37288
4.51296
3.4453
4.51666
4.43899
4.97542
4.1864
4.84147
3.78224
3.6949
3.10187
4.678
4.44729
4.78028
3.91379
4.40319
3.04224
4.75381
3.87185
4.344
3.89806
4.51039
4.43866
4.99765
2.97209
2.55668
1.72418
2.56894
4.41647
3.12122
3.59595
4.06726
2.77788
4.66845
4.00321
4.27316
4.52852
3.41584
2.79415
2.5824
2.58405
4.60575
3.42766
3.99656
4.36335
3.05631
2.49377
4.65043
4.82336
4.27669
4.27286
4.97214
3.89485
3.91089
2.80616
3.40417
4.14179
4.65646
3.83882
4.35495
4.48759
4.74952
4.37977
4.43049
4.84617
3.86941
4.33432
4.81878
4.60472
4.48982
4.91474
4.49357
4.9586
4.99751
1.42809
2.74891
4.03114
4.64835
4.29003
3.64639
3.01818
2.4049
2.9037
4.16932
3.82823
3.50266
4.57433
2.41211
3.85303
2.63535
4.84239
3.21674
4.27928
4.08379
4.3382
4.77151
4.88197
3.55987
4.79135
4.15549
2.74273
4.79056
2.59464
3.90657
3.49687
2.98256
4.54241
4.51011
4.09741
2.5013
4.24992
4.58163
4.41809
1.56543
4.33148
3.10856
2.48832
1.53999
3.54607
2.9404
2.58199
3.13829
4.21035
4.6225
3.81349
4.66638
4.26568
3.93327
4.40972
2.89772
2.58747
2.73918
3.82055
4.32351
4.82639
4.06008
3.55724
4.43567
4.88093
4.14063
4.95198
4.59134
2.60047
3.05688
3.96629
4.52253
4.49615
4.78376
4.46088
4.24416
4.05448
4.5188
3.1863
4.47051
4.66154
4.54766
4.6543
3.6294
4.60392
4.30651
1.57861
2.48726
2.86522
2.52845
2.8902
3.59317
1.51226
2.59056
2.22453
4.35186
4.00255
2.71488
3.31728
3.66936
4.08526
4.69855
4.38454
4.40053
2.32388
4.2435
3.75156
4.94548
2.87392
3.97969
2.96975
4.37782
4.47766
3.51236
2.85972
3.80857
4.36612
4.67674
2.43014
4.44168
2.94973
2.50127
4.56613
3.49312
3.88152
4.46757
4.95039
4.42228
4.48226
4.37841
3.97585
2.53808
2.96758
2.42781
4.3411
4.99456
4.12842
4.99061
4.40381
4.1394
4.47225
4.18243
4.08449
3.78062
3.8643
4.36747
4.54101
4.52607
1.36159
4.33289
2.78762
2.56611
2.8192
2.56635
1.70634
3.36018
4.33339
4.64599
4.77442
4.77886
4.49481
3.64888
4.12863
3.10637
4.55207
4.53305
3.63779
2.90184
4.02532
4.49408
4.50617
2.45001
4.55965
2.4957
2.70765
4.23035
3.7941
3.47348
4.37792
4.16011
2.26007
3.66827
4.20022
2.76764
4.79168
4.43333
4.9537
4.09504
4.79186
4.68973
3.384
3.77219
3.11808
4.43624
4.03707
4.74697
4.85713
3.91147
4.45367
3.8135
4.37814
4.48769
4.61032
2.49509
2.97425
2.38582
2.99604
2.5523
2.86514
3.41518
4.32365
4.68064
4.34664
4.57042
3.48511
4.47092
4.55934
4.95967
4.99512
2.9457
4.49037
3.06141
2.50847
4.67801
4.3812
3.10213
3.54972
3.7728
4.43526
1.41998
2.50708
3.85895
2.47468
3.82576
4.99873
4.51788
4.37406
4.65431
4.76671
3.71902
4.50681
4.40097
4.87554
4.9337
4.33198
4.38186
4.69096
4.29921
2.93948
2.46889
3.16318
2.45729
2.7768
2.53648
3.84662
3.62586
3.81564
2.48467
3.8618
2.49366
1.47538
4.40375
4.91424
4.60034
4.20325
3.88239
3.45571
1.37735
4.19605
3.76862
2.48062
3.64368
2.41594
3.04024
4.86566
3.03107
4.32404
4.52645
2.42659
2.89629
4.38554
4.87021
3.71138
4.26084
4.34507
4.97387
4.33265
4.76639
4.9165
4.63688
4.30851
3.9012
3.50929
3.99819
2.48421
1.67759
4.38363
3.85575
2.75269
3.11765
4.82721
4.67293
2.42421
3.01521
4.39967
3.17018
4.31068
4.65466
4.08474
2.81231
4.93714
2.7956
4.21633
2.82203
4.20846
4.3258
2.48244
1.48835
3.70577
4.32139
3.74639
4.18777
3.7187
4.36445
4.34299
4.7968
4.36997
4.5754
2.92416
2.57529
1.44789
2.36403
1.4756
2.38714
3.4282
3.84165
4.31413
2.90458
2.451
4.53803
4.96801
4.29232
4.59047
3.54874
4.67582
4.59632
4.49976
4.32458
4.95506
2.79772
4.64346
4.25265
3.93946
4.4435
1.54765
3.77311
1.57192
2.58264
3.04837
2.40781
2.9978
4.392
4.47982
2.83895
4.38327
3.95619
2.6061
4.99374
4.50807
3.90621
2.54631
3.70674
3.78597
2.568
4.58993
4.3089
3.12869
2.38856
4.98096
4.39623
4.24284
4.4325
4.12036
4.86782
4.28336
4.23329
4.61589
4.4272
4.82504
2.96588
2.57774
4.47155
3.92417
4.4396
3.99165
4.44835
4.50885
1.67147
2.55035
1.49592
2.48169
3.81464
3.59015
4.54068
4.26501
2.90494
4.60974
4.2578
2.98324
4.86612
3.70184
4.30437
2.42756
1.55693
4.35939
1.66747
3.42489
2.86761
2.59259
2.65755
2.49817
2.95945
4.71866
4.3309
3.90313
4.27232
4.46794
4.39262
4.32337
3.49657
4.7038
4.55791
4.98922
4.03913
4.41522
4.01755
3.58404
3.16204
4.66231
4.5849
4.62166
4.88707
4.53037
4.20516
2.94508
4.57539
4.99248
3.84608
4.37222
3.79783
3.06855
2.52643
1.63477
2.47805
4.40665
3.18277
3.57064
3.96252
2.73522
4.68704
4.42411
4.88636
3.87294
2.58235
2.84178
4.59004
3.51988
4.15132
4.20197
3.03827
2.58031
4.58893
4.76541
4.53575
4.54094
4.89223
3.96443
2.79709
3.56603
4.24088
4.62888
3.91951
4.52686
4.92859
4.5632
4.37695
4.80635
3.93547
4.33375
4.47537
4.94577
4.46975
4.98869
4.54103
4.91316
1.50747
2.39665
3.68161
4.36069
4.25453
3.39998
2.76551
3.93524
4.98681
4.30025
3.86409
2.94284
3.55328
4.43166
4.29186
4.61355
4.86471
2.41589
4.40735
4.51479
4.94136
4.38777
2.4627
4.73469
2.54128
3.87436
3.61118
2.879
4.29847
4.12901
4.96926
3.82412
4.70649
4.41436
3.89518
4.47789
3.18753
2.61616
1.65425
4.31585
3.11725
2.46906
1.58969
3.55623
2.96831
2.63271
2.77032
4.05183
4.4407
4.93218
3.9153
4.63686
4.20088
2.76903
3.76581
4.57027
4.99959
4.33781
3.74323
4.4789
4.36047
3.73911
4.32494
4.61526
4.52293
2.51363
2.99778
3.93358
4.24678
4.40136
4.66976
2.75617
4.13067
4.71148
4.49029
4.39182
3.32502
4.63446
4.51513
4.61901
2.61216
4.22062
3.89142
4.97418
2.90215
2.45614
2.48756
4.52506
4.27762
2.9164
3.31477
3.78674
4.27662
4.97265
2.87993
3.93105
4.2829
4.68561
3.76808
2.8754
4.33649
4.61902
3.48536
4.96827
4.42339
4.66092
4.40943
4.02658
2.79267
3.04099
2.63998
4.49895
2.89026
2.56913
4.60437
3.56967
3.95922
4.16343
4.93102
4.40901
4.40011
4.32908
3.7419
2.39009
4.24917
4.27669
4.94225
4.55709
4.14276
4.62743
4.24715
3.85556
4.3407
1.4879
4.40625
2.91029
2.58251
2.96667
2.48212
1.60016
3.5602
4.90643
3.8774
2.98709
4.4924
4.39597
4.97765
3.45126
2.95568
3.88764
4.25075
4.59386
4.15312
2.51778
4.792
2.39643
3.00811
4.38031
3.69667
3.59317
4.71214
4.26533
2.50937
3.99347
4.45845
3.08783
3.87441
4.7088
4.28728
3.0503
3.75258
2.91316
4.22433
3.84401
4.74192
4.89897
4.45246
3.86379
4.30967
3.88917
4.46409
4.79035
4.63053
2.5012
3.01261
2.59044
2.87032
2.55617
2.93473
4.93174
4.36036
4.47872
3.52008
4.29098
4.54278
4.99446
4.52989
4.27681
2.80072
4.45005
2.74799
2.51677
4.53955
4.09477
2.93519
3.67334
3.76208
4.5165
1.57886
2.65822
3.92514
2.59064
3.96264
4.96478
4.92721
4.34691
4.692
3.39553
4.24945
4.55189
4.98671
4.42178
4.21762
4.58421
4.43964
2.89376
2.45222
3.00313
2.45388
2.99242
2.5616
3.10862
4.83755
2.75098
4.12446
4.35611
2.26498
2.73971
4.19778
4.92612
4.58337
4.30667
4.02345
3.30375
1.39646
4.36289
3.83813
2.39076
3.82218
2.5107
4.99687
4.40216
4.60805
3.45115
4.3766
4.31871
2.75835
4.91405
4.68194
2.42563
2.81345
4.24998
2.77296
4.31777
4.81622
4.60087
4.3658
4.00938
3.29805
3.84984
2.61597
1.58562
4.28648
3.89737
2.47771
1.4136
3.81917
4.0448
3.61696
4.21154
3.74365
4.14621
4.42388
4.32331
3.07533
4.83733
2.69727
4.23111
2.63634
4.07038
4.44414
2.36011
4.20749
4.30724
4.98345
4.32929
4.81612
2.87342
2.63573
1.44524
2.48153
1.57915
4.35098
4.71137
4.95145
4.90371
4.34288
4.8276
3.33816
4.62308
4.35073
4.52805
4.53433
4.79458
3.01378
4.48869
3.82149
2.57731
2.86789
4.50164
4.34812
3.886
4.45674
1.4615
3.74502
1.51922
2.6843
2.99979
2.55409
3.14234
2.4646
4.51448
4.24541
4.08488
4.79896
4.18817
3.78508
2.38806
4.95055
3.45888
3.68784
2.3236
4.47729
4.23592
2.73888
4.16138
4.29285
4.6766
4.64352
3.87508
4.48126
4.33659
4.26123
4.57332
4.45802
4.50948
2.81598
2.68918
4.27911
4.01074
1.53179
2.32913
1.57957
2.51982
2.893
4.28379
4.69732
4.88055
4.08261
3.60083
4.81745
4.18907
2.94461
4.93964
3.81653
4.44679
2.40091
1.69413
4.07215
1.45747
3.47276
2.81181
2.30667
2.8328
2.45192
4.99729
4.39113
4.90205
4.97826
4.36376
4.20046
4.35905
3.57601
4.7797
4.73792
4.42281
4.87784
4.97626
4.95829
3.91354
4.42804
3.90111
3.42435
2.85392
4.64054
4.17308
3.72257
4.51038
4.24336
2.89279
4.24897
4.87018
3.55137
4.18982
4.96954
2.90532
2.60645
1.662
2.34536
4.02654
4.87355
4.56145
4.38717
4.05398
4.9994
4.30588
4.79219
3.63742
2.38057
4.98405
2.39957
4.42646
3.28131
3.69908
4.18098
2.81332
3.95419
4.42061
4.66713
3.89128
3.09016
3.79768
4.53942
4.86127
4.36724
4.43191
4.59512
4.60807
3.57752
4.55256
4.5996
4.27589
4.36612
4.72919
1.44093
2.47121
4.53028
4.92818
4.71501
4.93669
3.72341
4.9725
4.12634
3.82341
2.71838
3.26821
4.43338
4.20604
4.35626
4.97168
3.92237
2.65689
4.32012
4.66034
4.4297
2.48276
4.83164
2.45412
3.97982
3.71603
3.09224
4.49646
2.90565
4.29779
4.49577
3.68431
4.54837
4.19323
3.85829
4.2439
2.8834
4.98815
2.6248
1.72826
4.13049
3.03637
2.38682
1.4516
3.59888
3.02725
2.42763
3.72607
4.36588
4.25304
2.91503
3.60095
4.25061
4.745
4.99513
4.16674
4.4419
4.75835
4.42009
4.29457
4.01787
4.44917
4.84734
4.40129
2.69823
3.28599
4.02322
4.64216
3.03579
4.3903
4.85128
4.40265
4.47002
2.42282
4.24689
3.84528
4.76392
2.8187
2.629
2.51893
4.57792
4.2648
2.76667
3.47091
3.89883
3.00813
3.82094
4.45403
4.85766
4.69231
3.79989
2.97208
4.54693
4.72124
3.70071
4.26529
4.79856
4.267
4.39354
4.30013
3.71268
2.47695
4.87468
3.02613
2.54433
4.95125
4.3101
2.75859
2.46768
4.53262
3.5895
3.7353
4.29796
4.132
4.05995
4.19177
3.74878
2.43088
4.04319
4.09434
4.94229
4.76576
4.51023
4.48259
4.40169
3.95547
4.57392
2.94361
3.54763
4.86728
4.11838
4.38065
4.79815
4.94128
4.91123
3.89887
2.81231
4.50135
4.22652
3.50799
4.67423
4.42441
2.47768
3.90681
4.22551
2.87721
4.31587
4.98605
2.41679
4.70888
2.49463
2.99983
4.35627
3.89798
3.63715
2.89866
4.31935
3.82693
4.47664
4.98801
3.8788
4.61478
4.36789
2.92191
3.48649
3.77158
4.70709
4.98881
4.92075
4.33084
4.64402
4.27323
4.02686
4.48606
2.46981
2.78388
2.22394
3.04531
2.48556
2.90247
3.35683
4.15629
4.47242
3.46279
3.87164
2.54272
3.81844
2.39465
3.90634
4.29695
1.5614
3.41459
4.14582
4.63862
4.90722
4.7869
4.20756
4.46253
4.77291
4.52048
4.57292
4.47418
3.70888
4.3456
4.35387
4.92801
4.30096
4.76189
4.81976
3.03819
2.32913
2.85344
2.58317
2.80477
2.42999
3.75725
3.68891
3.7954
2.46066
3.86643
2.45804
1.66586
4.38668
3.41517
4.99446
4.67078
4.05163
3.52197
3.50848
1.45196
4.21374
3.60349
2.55235
3.76131
2.21798
2.85754
4.98346
2.96951
4.46259
4.58109
2.4992
3.00759
4.40071
4.26921
4.05228
4.35148
4.60078
4.53188
4.49596
3.85299
3.71555
3.94083
2.63407
1.66998
4.50866
4.15405
2.71957
3.26078
4.81162
2.6724
3.02124
4.49187
3.00043
4.42827
4.48836
4.37217
2.71916
3.0214
4.37022
2.96972
4.35136
4.54653
2.62714
1.56909
4.10245
4.44109
3.79622
4.45201
4.11601
4.50895
4.63859
4.16943
2.86092
2.36238
1.54221
2.37966
1.55863
2.41234
3.68736
3.97879
4.50409
3.00784
2.4746
4.78838
3.77177
3.23555
4.19288
4.44793
2.73753
4.2348
4.51582
3.55365
4.40033
4.86477
4.58197
4.44094
4.9203
4.80363
4.04668
4.65825
2.95659
2.52111
4.32135
3.87879
4.45191
3.94883
4.517
4.41538
4.20963
4.52341
2.45484
3.63655
3.85221
2.55592
4.65394
4.53375
2.98503
2.64666
4.84401
4.4777
4.44262
4.87589
4.14647
3.84325
4.11526
4.97568
4.41641
1.55127
2.52872
1.4853
2.4401
3.68685
3.53449
4.64607
4.2033
2.87091
2.50062
3.65243
3.42646
2.81217
4.23255
4.41602
2.24588
1.47342
4.48885
1.4271
3.65747
3.05609
2.75602
3.05859
2.57111
3.01553
4.6327
4.32511
4.09683
4.4394
4.527
2.77297
3.75923
4.2347
2.45251
4.87775
3.78028
3.62574
2.88318
4.77488
4.31146
4.67059
4.9549
3.75469
4.3265
2.78776
4.60303
4.05035
4.45176
3.7838
4.50531
4.24918
2.92344
2.41115
1.48137
2.30847
4.34831
3.03594
3.67469
3.84084
2.40937
4.70473
3.83531
4.05424
4.47525
3.37582
2.65376
2.46962
2.50997
4.7707
3.73797
4.15046
4.4766
3.07465
2.69464
4.42053
4.64275
4.60937
4.18818
4.92374
3.83105
4.87598
4.21274
4.63786
4.65174
3.50823
4.44416
4.54378
4.39154
4.84469
4.17499
4.34935
1.51913
2.51145
3.76575
4.57135
4.42082
3.39699
2.93567
2.45893
2.70831
4.38177
3.86255
3.44923
4.51999
2.41958
3.88523
2.99269
3.83026
4.78851
4.36299
4.73932
3.73823
4.9603
4.34228
4.21397
4.22219
2.35069
2.73715
4.84673
3.71741
4.21809
4.26489
4.53197
4.13049
4.38827
3.72547
4.19709
1.41614
4.33923
2.89353
2.45945
1.50659
3.52353
3.08245
2.47002
2.94963
4.47404
4.58099
4.97368
3.86976
4.62935
4.33178
3.69133
4.3036
2.78292
4.80157
2.45942
2.73481
3.76902
4.82719
4.48207
3.86741
4.74236
4.23947
2.83369
4.12283
4.53981
4.5554
4.38344
3.42283
4.5052
4.30972
1.56845
2.34055
2.98749
2.50588
2.90163
3.47486
1.37542
2.53926
2.40288
4.7027
4.41453
3.19036
3.71222
3.85144
4.36823
4.26086
4.83668
2.42422
4.32107
3.8486
4.96924
2.9567
3.72746
4.15507
4.85635
4.65176
4.23653
2.44954
4.2886
2.97078
2.4083
4.62873
3.7102
3.80379
4.32329
4.93373
4.36186
4.62607
4.16478
3.88432
2.43697
4.99556
2.96678
2.3381
4.28375
4.54245
4.7049
4.23349
4.35408
4.51726
4.25832
3.80037
1.45495
4.46858
2.9729
2.54053
3.04794
2.50101
1.34025
3.64418
4.64146
4.26088
4.38169
4.4999
4.71703
3.36383
3.72786
2.89101
4.58763
4.51982
3.45456
2.99189
3.80553
4.25448
4.69582
4.88944
4.28082
3.84347
4.95481
4.31737
4.69382
3.78646
4.54606
4.29102
2.88839
3.46156
3.01792
4.3706
3.86969
4.47961
4.96928
4.34109
3.79975
4.80701
2.74552
2.97855
2.68358
3.08156
2.28213
3.17299
3.72894
4.59149
4.32352
4.76414
4.21607
4.45626
3.52938
4.27231
4.46393
4.46047
4.36084
4.63339
4.54983
4.86038
4.24169
4.94113
4.4818
3.59661
4.43595
4.62889
4.94984
2.86034
2.62273
3.03053
2.69472
3.19191
2.54311
3.90759
3.46239
3.92467
2.47623
3.79914
2.54176
1.48684
4.29758
4.83849
4.77161
4.20977
3.94231
3.38275
1.47688
4.40091
3.79334
2.40048
3.73598
2.48135
2.80333
4.94994
2.90233
4.23835
4.50461
2.44678
2.78308
4.22651
4.47925
4.71271
4.34277
4.3009
4.89672
4.71971
4.41866
4.15139
3.60404
3.91995
2.40467
1.64842
4.32425
3.67972
2.51992
2.82852
4.97533
4.45226
2.55733
3.00461
4.24832
2.97761
4.38808
4.5196
4.23684
2.99378
2.99965
4.21753
2.66558
4.31776
4.63739
2.5618
1.38326
3.83194
4.23359
3.64426
4.22131
3.87212
4.26551
2.8883
2.56847
1.59113
2.36327
1.59354
2.67746
3.63807
3.86968
4.30788
2.85527
2.49656
4.64047
4.9574
4.98148
4.29853
4.68886
3.23156
4.63775
4.31145
4.51315
4.19531
4.92412
4.42687
4.58559
4.42611
4.46015
2.89151
2.61983
4.30702
3.98501
4.37356
3.64295
4.28226
4.41444
4.84971
4.23201
3.64435
2.504
3.36105
3.68631
2.3569
4.40321
4.00947
2.80988
2.29428
4.71492
4.52887
4.20586
4.97039
4.12814
4.15098
4.88668
4.07763
1.55929
2.61394
1.62486
2.54006
3.81364
3.59184
4.60172
4.4342
3.01244
4.39276
4.23538
2.98141
4.98194
3.71447
4.4391
2.33182
1.51111
4.26058
1.47244
3.62985
2.92735
2.36751
2.87615
2.58566
2.95572
4.76176
4.47468
3.90981
3.90763
4.36703
4.08943
3.49906
3.00221
4.44634
4.37214
4.49228
4.57229
4.33436
2.92094
4.75366
3.67576
4.49695
3.88287
3.16734
2.52876
1.57144
2.41538
4.48898
2.97107
3.50634
3.95282
2.5975
4.63975
4.40605
4.92183
3.75017
2.49064
2.35104
4.61946
3.46713
3.70831
4.24293
2.93963
2.46688
4.44243
4.6842
4.33268
4.98996
4.55739
4.381
4.57377
3.6393
4.48804
4.66821
4.29029
4.34399
4.78896
4.33436
1.54792
2.76089
4.12784
4.87326
4.5619
3.70059
3.16367
3.80404
4.97679
4.11951
3.92371
2.8879
3.41232
4.56806
4.47471
4.68112
4.11577
4.1405
3.75827
4.2196
4.63428
4.30887
2.48369
3.0472
4.97833
3.7988
4.46857
4.24867
4.75007
4.37155
3.97549
3.58467
4.03167
2.73898
4.7401
2.22677
1.59991
4.31528
2.88811
2.43498
1.53424
3.3712
2.59115
2.51902
2.86452
4.47867
4.74582
4.93474
3.83642
4.8123
4.24448
4.12914
2.78632
3.85543
4.3831
4.80687
4.40247
3.82003
2.95648
4.26705
4.5479
4.72177
4.68412
3.67046
4.3196
4.14591
4.74538
2.61764
4.32162
4.12177
2.88816
2.57608
2.59515
4.90632
4.47855
3.04748
3.76213
4.06924
4.39782
4.51391
4.22914
3.8708
4.35983
4.2368
4.67795
4.30541
3.94202
2.57524
2.96938
2.66878
4.41961
3.13735
2.64662
4.68102
3.5312
3.9437
4.19931
4.19628
4.41227
4.53258
4.05916
2.66992
4.64673
4.37889
4.91726
4.45925
1.52467
4.27383
3.03511
2.52077
2.85268
2.52797
1.59253
3.53711
4.86749
3.86933
2.72112
4.5058
4.1679
3.49793
2.79936
3.8442
4.3292
4.509
4.91976
4.41633
4.00732
4.26642
4.56496
4.98228
4.02917
4.57876
4.2904
3.00926
3.58587
2.88351
4.41811
3.83705
4.58864
4.59258
4.97443
3.77117
4.61714
2.75292
2.97058
2.43662
3.07868
2.61345
3.04128
4.96243
4.90553
4.09475
4.4874
3.35964
4.33161
4.62857
4.45088
4.59607
4.71628
4.47596
4.9488
4.45213
4.74987
3.69494
4.37936
4.50392
4.97295
2.81169
2.58529
2.97885
2.44208
2.84792
2.41497
3.02824
2.85461
4.46004
4.69829
2.67678
3.14307
4.36155
4.57275
4.37418
3.83204
3.78926
1.48584
4.4613
3.91288
2.50315
3.84623
2.58064
4.87838
4.131
4.98836
4.67925
4.3098
4.46054
2.84057
4.4935
2.51364
2.80813
4.329
2.98948
4.28182
4.96808
4.59437
4.24442
3.79025
3.48546
3.61875
2.45661
1.47474
4.10034
3.80114
2.46432
1.40596
3.78413
4.4428
4.06725
4.24913
3.81771
4.42077
4.47121
4.39971
2.94651
3.04624
4.22714
2.83743
4.23356
4.54711
2.42014
3.10384
2.57591
1.56495
2.624
1.58667
4.31405
4.74153
4.9399
4.30811
4.32796
3.46621
4.47536
4.58635
4.54552
4.00561
3.68699
4.09103
4.06993
4.41251
4.65671
4.38456
4.28604
4.88624
2.97487
2.42925
4.40083
3.67367
2.38309
4.90738
4.40977
4.08426
4.28935
4.91953
4.45819
3.93511
2.66426
3.28246
3.89229
2.33899
4.38315
4.292
2.87989
4.04679
4.30727
1.54866
2.6656
1.55238
2.54461
2.92157
4.34204
4.86881
4.34627
3.79878
4.60884
4.1372
2.81057
4.92032
3.69864
4.16976
4.99792
2.38197
1.34589
4.3399
1.56869
3.49829
2.79144
2.46928
2.78544
2.40379
4.69872
4.87875
3.95194
4.40079
3.9127
3.65748
3.06772
4.68103
4.49728
3.80064
4.32796
4.41621
2.93207
4.73018
4.86817
3.7072
4.299
2.98688
2.47272
1.54735
2.5273
4.08879
4.69924
4.34423
4.1642
4.88063
3.76693
2.39296
2.49349
4.66189
3.46489
3.83238
4.24703
2.89204
4.99624
4.36921
4.91207
4.35478
4.46915
4.66042
3.53777
4.69277
4.68479
4.20277
4.30177
4.88108
1.60773
2.5551
4.64324
3.77449
4.9337
4.38326
3.80422
2.9222
3.56189
4.55962
4.33741
4.92192
4.22975
4.35966
4.15797
4.33221
3.82654
4.3104
4.60754
4.0182
2.45148
2.84641
4.86367
3.88408
4.15835
2.91979
4.27185
4.47375
3.84796
4.66184
4.34161
3.72473
4.26618
2.99385
4.88716
2.50508
1.52769
4.29737
2.68052
2.56584
1.46628
3.33038
2.87936
2.52422
3.71785
4.61687
4.4392
2.89197
3.92376
4.44965
4.89842
4.2664
2.94037
4.29115
4.93773
4.37904
4.40324
2.32209
4.22812
3.68081
4.8267
2.86401
2.34503
2.43158
4.53708
4.22324
2.8487
3.3735
3.73808
4.70167
4.46562
3.85823
4.34699
4.3489
4.54092
4.6114
4.31596
3.73168
2.56814
4.77975
2.95506
2.47589
4.15205
2.9682
2.50562
4.44929
3.52281
3.91131
4.17386
4.32234
4.34161
4.03002
3.88783
2.36184
4.3372
4.09268
4.96257
4.47467
2.82892
3.53193
4.37466
4.54685
4.81638
4.92643
3.7373
2.7804
4.44928
4.23819
3.39552
4.28923
4.52116
4.46348
3.90594
4.98221
2.94599
4.23991
3.66677
4.68328
4.87993
3.98689
4.44433
4.35178
2.84032
3.58527
3.55897
4.54085
4.82717
4.57677
2.1971
2.89773
2.49183
2.99207
2.49949
2.84859
3.38821
4.35092
4.57277
3.5517
3.9755
2.49709
3.98385
2.46392
3.84068
4.31819
1.53433
4.98582
4.67486
4.22193
4.55768
4.36007
3.44536
4.37598
4.6443
4.75849
4.28762
4.53552
3.12743
2.62996
2.83161
2.53921
3.05483
2.50532
3.84214
3.32948
3.86898
2.53133
3.7758
2.45618
1.54811
4.21338
3.75706
4.43905
4.39534
3.25025
3.03161
4.49062
3.13764
4.43383
4.82658
2.57228
1.49196
3.9701
4.16743
3.74468
4.23469
3.76596
4.29974
4.27426
4.60176
4.65546
4.72707
4.28963
4.13622
4.10301
3.70855
4.13785
2.668
1.55195
4.38955
3.98608
2.56701
2.87173
4.56204
2.47853
2.79229
4.37422
3.068
4.17671
4.79024
4.4797
2.95401
2.43545
1.73955
2.49536
1.54738
2.57473
3.7063
4.15419
4.50627
3.06293
2.82452
4.79639
3.95844
3.23327
4.04706
4.37565
2.68981
4.60005
4.466
4.27323
4.77758
3.13023
2.56467
4.58091
3.97688
4.55446
3.95646
4.39622
4.33427
4.22201
4.5976
2.39058
3.69135
3.99942
2.7285
4.61676
4.33504
3.16155
2.56398
4.82681
4.39483
4.66295
4.19477
3.75306
1.54864
2.47707
1.45302
2.65579
3.88682
3.65512
4.7031
4.35716
3.10724
2.53456
3.82159
3.4712
2.78253
4.249
4.49747
2.47348
3.09645
4.68337
3.98126
4.3979
3.96802
4.59169
4.367
4.01099
3.60118
3.02988
4.5991
4.44252
4.54463
4.8403
3.90633
4.37508
2.92455
2.45586
1.57641
2.43732
4.27464
2.89195
3.52434
3.6604
2.44926
4.53491
3.92288
4.30656
4.65857
3.48318
2.94369
4.47095
4.26928
4.98271
4.33951
4.4984
4.56563
3.48537
4.66825
4.54311
4.13115
4.75713
1.54196
2.58957
4.02055
4.74667
4.50972
3.59078
3.1536
2.48958
2.86449
4.22467
3.73783
3.39962
4.445
2.47596
2.96447
3.69253
4.45529
4.75197
4.16195
3.72245
4.47672
4.16969
4.7644
4.49604
2.81842
3.12096
4.14923
4.56038
4.33109
4.58734
4.40152
4.31758
4.00418
4.51009
1.70332
4.28138
3.06196
2.37402
1.56727
3.38487
2.74749
2.56429
2.89038
4.31243
4.5202
4.934
3.91038
4.62872
4.23106
3.98474
3.99591
2.77129
4.90593
2.375
2.9953
4.34306
4.5261
4.68933
4.60296
3.7102
4.51657
4.27785
1.63794
2.52487
2.86415
2.35838
2.89955
3.4588
1.52396
2.68512
4.39791
4.33603
4.94407
4.5898
4.35405
4.28988
4.39773
4.2846
3.84403
4.18289
4.43578
4.67601
4.5221
2.75386
4.55396
3.01177
2.66349
4.59906
3.57008
3.99332
4.26976
4.44803
4.66393
4.57342
3.71138
2.56751
4.98255
3.03704
1.52518
4.21138
2.86655
2.69222
3.00904
2.3152
1.62017
3.53824
4.55682
4.49588
4.49104
4.53219
4.58598
3.51477
4.85633
3.8623
4.42079
3.79081
4.92831
4.08062
4.39741
4.93597
3.78859
4.59996
4.38388
2.93832
3.49695
2.72378
4.33
3.63988
4.6953
4.94807
4.92612
4.54685
2.53512
3.0449
2.5629
2.86058
2.53269
3.03175
3.6084
4.4343
4.51111
4.44952
4.42146
4.56006
4.38083
4.9532
4.94852
4.39697
4.67945
3.54206
4.2121
4.39056
2.99851
2.47552
2.81986
2.48946
2.69798
2.386
3.71013
3.46931
3.88453
2.31635
3.78848
2.51944
1.45908
4.26901
4.61864
4.39992
2.89061
3.10723
4.36741
3.03057
4.39116
4.63732
2.76101
1.47606
3.94374
4.30069
3.87663
4.48232
4.05254
4.2639
4.11977
4.53677
4.73327
4.37137
4.4152
4.25207
3.87035
3.81209
3.9352
2.50521
1.53952
4.51204
3.96276
2.56254
2.97112
4.66349
2.69561
3.02797
4.44587
3.1564
4.47881
3.17995
2.55861
1.54087
2.52799
1.63326
2.38427
3.61476
3.94952
4.36691
3.06677
2.59608
4.5822
4.41228
4.31632
4.39074
4.59766
4.46936
4.71181
4.95697
2.82231
2.45556
4.12838
3.75145
4.04974
3.95315
4.38023
4.36265
4.37338
3.90823
2.58758
3.71847
3.99862
2.44185
4.74127
4.59284
3.16284
2.518
4.76151
4.35892
4.58829
1.52824
2.65899
1.56187
2.54086
3.87135
3.43898
4.56541
4.45557
3.02065
4.88799
4.52235
3.12247
4.88941
3.99382
4.58531
3.75183
3.96108
4.53672
4.04722
3.72125
3.00417
4.92599
4.51922
4.72762
2.86422
2.37088
1.49144
2.49229
4.42313
2.94625
3.53741
3.90887
2.55193
4.55698
4.39224
4.19421
4.9914
4.35875
4.41342
4.62826
3.40086
4.48941
4.68264
4.34117
1.48406
2.45044
3.68818
4.61593
4.25421
3.58245
2.90217
4.66872
4.47765
2.96484
4.10785
4.68929
4.53005
3.75742
4.42912
4.49153
3.9286
4.41286
4.78198
4.46317
2.36943
2.85001
4.99599
3.70357
4.23092
4.96205
4.39667
4.65299
4.58101
4.50875
4.0213
4.44959
2.92006
2.56591
1.59581
4.7099
3.11719
2.66177
1.47243
3.73235
3.23168
2.64703
2.90034
4.49529
4.58641
4.11279
2.79108
4.15861
4.85969
4.34595
4.50179
3.38107
4.6957
4.67954
4.4501
4.58322
3.97597
2.53351
4.47937
4.30075
4.97331
4.64394
4.0254
4.96639
4.56156
3.73786
4.27668
4.92005
4.56655
4.79439
4.63942
4.06041
2.62069
3.08545
2.56699
4.41617
2.98069
2.32226
4.72407
3.78364
3.82332
4.21126
1.48756
4.30051
3.0399
2.50065
2.90344
2.5787
1.54888
3.49444
4.57184
3.70015
4.21458
3.91927
4.99982
4.43503
4.71438
3.93128
4.72453
4.33095
2.77321
3.67439
2.98282
4.35907
3.83922
4.73523
4.6092
2.55101
3.05477
2.53927
2.92516
2.47886
2.9072
4.83382
4.55512
4.28675
4.81608
4.58625
4.30989
4.91529
4.9644
4.07531
4.63484
3.46363
4.23473
4.59936
3.06445
2.36815
2.92575
2.51283
2.87336
2.61861
1.59899
3.94828
4.26025
3.76189
4.22885
3.66836
4.31767
4.67281
4.22592
2.84475
4.81866
2.91634
4.2201
2.76273
4.27585
4.48477
2.36169
4.39109
4.7129
4.97327
4.4243
4.86735
3.32511
4.8915
2.57929
3.14128
4.36301
2.99788
4.52677
4.84154
4.52564
4.34243
4.001
3.54063
4.06615
2.32125
1.72492
4.40258
3.79697
2.71454
3.09069
2.55604
1.56159
2.54832
1.52852
4.48588
4.30027
4.21687
3.82454
4.10945
4.3423
4.39983
4.55257
4.25961
4.5279
4.76799
2.92733
2.50379
4.33477
3.82301
2.36767
4.8834
4.57762
4.38585
4.21285
4.25079
3.97161
2.56398
3.60983
3.75577
2.39381
4.51317
4.33528
2.83434
1.70749
2.50348
1.53292
2.61083
3.79494
4.51102
4.3099
2.70405
4.47697
4.81995
3.69673
4.10364
4.7291
4.94452
4.80348
3.67583
4.29287
3.89184
3.38777
2.94857
4.53505
4.36148
2.92859
2.52752
1.50056
4.40388
4.26903
4.33699
4.88109
4.37908
4.52674
4.50928
3.54629
4.6074
4.58494
1.51437
2.46353
3.90667
4.51388
4.36905
2.84132
3.82821
4.53428
4.19523
4.38601
4.62722
4.38419
4.18924
3.91414
4.29398
4.50662
4.31536
2.51248
3.04689
4.89666
3.91663
4.36829
2.96477
4.2967
4.65706
4.87077
3.75772
4.70435
4.32436
3.89849
4.26093
2.86797
2.59513
1.63282
4.20842
2.9787
2.40089
1.3926
3.48227
2.94516
2.47873
2.90112
4.34546
4.27089
4.31443
4.38193
3.962
2.35763
4.29778
4.29369
4.44789
4.35635
4.29211
3.82522
4.39133
4.37264
4.92506
4.35778
4.64405
4.33082
3.77084
2.35771
2.94693
2.49025
4.32888
2.89399
2.46385
4.53433
3.56956
3.86035
4.02868
4.53716
4.97324
4.44385
4.49278
4.33619
3.90021
2.92742
4.35246
3.93916
4.52553
3.89242
4.72125
4.20203
2.90105
3.5063
4.49281
2.62239
2.77008
2.33683
2.7809
2.26136
2.91698
3.68072
4.19046
4.43658
3.56005
3.61978
2.47182
3.75531
2.30705
3.74613
4.15361
1.40793
3.23794
4.19352
4.90095
4.89404
4.64212
4.9658
4.02572
4.24744
4.00767
4.06224
4.73544
1.65963
2.74357
3.92542
2.6267
4.10657
4.98762
4.76615
4.51105
2.97125
4.5483
2.78531
2.73689
4.69897
4.24537
3.18937
2.97953
2.4893
2.84397
2.59903
3.1617
2.50854
3.9321
3.58476
4.01368
2.44601
3.75662
2.59961
1.60882
4.29049
3.73911
4.56346
4.49159
3.78541
3.25119
1.45186
4.0119
3.76463
2.27871
3.761
2.3737
2.77873
4.86817
2.91724
4.43913
4.47448
2.45064
3.00349
4.23232
4.91079
4.70463
4.21109
3.68075
4.24799
4.28602
4.40664
4.55908
3.05613
2.51863
1.59365
2.76373
1.49074
2.45438
3.60062
3.69886
4.18184
2.76357
2.35096
4.47219
4.09992
3.70586
4.46856
4.74029
3.20204
4.34896
4.71257
3.59114
4.75694
4.46546
4.45268
4.063
4.89372
4.53446
1.57797
3.71957
1.51777
2.40506
2.85649
2.53514
2.8759
4.25926
4.71131
4.84237
2.90967
4.37429
3.7656
2.37302
4.99752
3.13379
4.5401
4.44831
3.91363
1.42131
2.50325
1.62529
2.55735
4.02344
3.49563
4.6158
4.37168
2.95794
2.48308
3.86598
3.71809
2.96435
4.30099
4.55339
2.61675
1.44314
4.16463
1.55964
3.21319
2.79126
2.33974
2.83284
2.37177
2.81306
4.60308
4.29604
3.89923
4.72477
4.20093
2.89924
4.88668
3.62174
4.15947
2.34513
4.25804
4.5091
4.27391
3.50486
4.58127
4.62807
4.3791
4.92352
2.78722
2.44409
1.59047
2.75247
4.60962
2.89147
3.6519
3.85312
2.46457
4.75017
3.70885
4.23555
4.63267
3.44772
2.92532
2.30809
4.96121
2.38907
4.23552
3.3591
3.57514
4.18277
2.69479
2.31267
4.31487
4.96771
4.52397
4.29551
4.14182
4.67666
3.61631
3.98299
2.83942
3.50325
4.26779
4.66033
4.00445
4.39016
4.54946
1.65633
2.47884
3.88506
4.78132
4.26719
3.55111
2.90919
2.67593
2.90892
4.45379
3.81996
3.52325
4.47425
2.57905
3.76932
2.99747
3.39156
4.45703
4.23774
4.39399
3.91679
4.92678
4.19093
2.63228
4.77638
2.38017
3.76892
3.46453
2.89018
4.32687
4.41326
3.80804
2.53459
4.15931
4.58897
4.31791
3.09951
4.56175
4.26277
4.70252
4.79513
3.71187
4.27882
4.28302
1.49996
2.35597
2.90746
2.33521
2.75811
3.27989
1.4847
2.41416
2.72748
4.36217
4.28969
2.91266
3.4037
3.89471
4.30931
4.3032
4.48476
2.39437
4.04069
3.62053
4.7735
2.73342
4.14963
2.91874
4.37636
4.59687
3.55283
4.80623
2.90001
3.62373
4.33349
4.7219
4.62895
1.62018
4.33742
3.12627
2.38187
2.87914
2.43487
1.41968
3.5524
4.51816
4.43973
4.6329
4.6245
4.58673
3.68196
3.79266
2.91483
4.50847
4.14809
3.34936
2.66227
3.77952
4.29308
4.61949
4.9731
4.90161
2.60196
4.80472
2.41633
2.79238
4.24301
3.82016
3.51255
4.59282
4.54181
2.5565
4.00483
4.38137
2.90732
4.88143
4.41843
4.57451
2.61226
2.87566
2.4861
2.81794
2.44728
2.9463
3.33858
4.95415
4.31142
4.80486
4.40266
4.49709
3.36272
4.26145
4.28924
4.94251
2.95689
4.44616
2.9041
2.29345
4.46739
4.28779
2.797
3.43646
3.98413
4.18153
1.43538
2.48942
3.80706
2.43326
3.62821
4.8539
4.61894
4.31338
2.88137
2.56631
2.77886
2.63144
3.03516
2.34513
3.90743
3.22154
3.6717
2.22262
3.68679
2.34669
1.41213
4.08922
4.76695
4.56398
4.91558
4.30384
3.83141
3.49621
1.49747
4.4612
3.84181
2.54539
3.88659
2.4892
2.82122
4.83218
2.76435
4.23749
4.40937
2.3696
2.75725
4.14598
3.49178
4.58185
4.2896
4.79759
4.37713
4.54202
3.00752
2.47173
1.54848
2.61825
1.40597
2.44993
4.88562
3.23707
3.5684
4.149
2.69504
2.35149
4.25375
4.28429
4.49204
3.47795
4.45541
4.63917
4.65062
4.33102
4.77861
3.02281
4.72424
4.32325
3.87635
4.4916
1.52876
3.44647
1.63457
2.79109
3.05667
2.51626
2.73911
4.27572
4.19698
4.70742
2.92479
4.22665
3.69242
2.3949
1.45676
2.49704
1.51038
2.52143
3.84333
3.33193
4.54791
4.26608
3.02238
4.49489
4.11801
2.83694
4.80759
3.84034
4.18246
2.37427
1.405
4.39524
1.55967
3.74788
2.99381
2.53911
2.96322
2.59335
2.8567
4.50062
4.3026
3.82524
4.30324
4.79778
4.93511
4.64767
4.41373
4.69839
3.43617
4.68893
4.43688
2.79278
2.40534
1.55021
2.47232
4.89628
4.15442
2.64359
3.44739
3.67797
2.48721
4.35606
4.22944
3.69829
2.39694
2.31197
4.69285
3.57683
3.74504
4.23421
2.95788
2.46386
4.09452
4.9049
4.38341
4.1723
4.52825
4.77588
3.83731
2.80596
3.64679
4.19911
4.42325
3.91236
4.28988
1.53349
2.38054
3.82219
4.4583
4.13186
3.47234
2.90639
3.86056
4.87159
4.26657
3.70448
2.96086
3.6443
4.74868
4.41377
4.57533
2.40421
4.17953
4.32853
4.85538
4.14191
2.59537
4.4145
2.41021
3.98737
3.53036
2.693
4.08888
4.42225
4.94788
3.82049
2.89898
4.28737
4.75159
4.36465
4.51649
3.55814
4.68354
4.27558
4.43343
2.50682
4.33708
3.72731
2.85567
2.3411
2.54402
4.83957
4.36838
3.02386
3.68773
3.91441
4.25276
4.94503
2.91602
3.66673
4.0625
4.88296
4.43609
3.98376
2.8726
4.44673
4.59616
3.36121
1.68486
4.02338
2.74647
2.2852
2.88397
2.30675
1.4667
3.31574
4.89274
3.78495
2.78601
4.66422
4.2602
3.6096
3.02788
3.66143
4.1295
4.4373
4.90138
4.25815
4.90121
2.42016
4.50581
2.43515
3.17507
4.3781
3.74866
3.40868
4.64134
4.0692
2.60658
3.94414
4.2721
2.88623
4.59841
2.60431
2.97143
2.58811
3.09387
2.7058
2.91716
4.84425
4.2837
4.89146
4.75599
3.73577
4.35102
4.51425
4.68581
4.41576
4.98138
4.89751
3.00678
4.2299
2.72627
2.44078
4.63787
4.2123
2.78166
3.48786
3.85552
4.32105
1.70027
2.60608
3.91357
2.55252
3.99413
2.86216
2.41831
2.76327
2.39332
2.68279
2.46229
2.80089
3.12243
4.05535
4.48615
2.56265
2.67768
4.36796
4.7877
4.27357
4.12201
3.72625
3.38119
1.43009
4.07455
3.51065
2.25275
3.56672
2.22182
4.92906
4.34312
4.69272
4.68611
3.58114
4.43628
4.24169
2.90332
2.45987
1.51042
2.35514
1.48824
4.26815
4.78953
4.41394
4.6844
3.45799
4.55271
4.42505
4.44797
4.63529
4.77296
3.0012
4.47716
3.89554
2.60935
2.64449
4.91824
4.41244
4.41571
3.75741
4.40997
1.48953
3.54876
1.5038
2.6349
3.01421
2.36685
3.11509
1.6114
2.43185
1.48672
2.50809
3.13181
4.89125
4.55253
3.91063
4.3529
4.26812
2.61895
4.90043
3.763
4.1014
4.93069
2.44488
1.58046
4.39462
1.52911
3.58455
2.90006
2.38735
2.80737
2.63948
4.11463
4.70215
4.49485
4.30493
4.66791
3.5564
4.73561
4.47395
2.89262
2.52525
1.42685
2.50856
4.43592
4.89987
4.59074
4.27323
4.15522
3.88857
2.6617
2.3568
4.59065
3.35575
3.6828
4.2238
2.88954
3.83605
4.34172
4.42845
3.7948
2.88843
3.67581
4.2412
4.70214
1.34635
2.44029
4.52951
4.92092
4.97847
3.67601
4.89047
4.31473
3.90091
2.88304
3.39598
4.40715
4.17989
4.35995
3.95342
2.29477
4.22238
4.7839
4.25
2.45161
4.57501
2.61429
3.99001
3.67078
2.89165
4.50755
2.7921
4.34464
4.82327
4.33896
4.59323
2.44409
4.45725
3.83992
4.99782
3.08581
2.69931
2.4386
4.64528
4.27887
2.82633
3.46526
3.81261
4.96391
2.7645
3.77642
4.53701
4.85823
4.45347
3.64343
3.02276
4.4375
4.57502
3.45342
2.90785
4.03105
4.32015
4.5073
4.98193
4.96429
4.94417
3.90904
2.83751
4.35203
4.14704
3.42833
4.86707
4.61198
2.58064
3.98597
4.36177
3.01092
4.01943
4.82009
2.51273
4.59434
2.31885
3.01137
4.34334
3.65696
3.65092
4.55112
2.52609
2.76467
2.39311
2.92258
2.56516
2.85449
3.44276
4.3602
4.65238
3.71413
3.84348
2.44121
3.86957
2.36965
3.72695
4.32007
1.52973
3.30088
4.14386
4.45365
4.91904
4.99651
4.45188
4.46941
2.73031
2.52296
2.98138
2.52153
3.11309
2.50416
3.7929
3.30681
3.67846
2.51422
3.59397
2.22163
1.45906
3.99199
3.72844
4.32368
4.35773
3.92078
3.61682
1.55853
4.57069
4.02326
2.74389
4.04677
2.61437
2.98409
2.81637
4.44394
4.61601
2.374
3.08063
4.22739
4.8639
4.4023
2.6666
2.44127
1.43638
2.54149
1.43304
2.39352
3.48611
3.93625
4.17341
2.83575
2.54637
4.43723
3.85186
3.70885
4.25694
4.60943
2.92341
4.10815
4.70613
3.23123
4.53497
4.54644
4.54535
4.24678
4.91465
4.99035
1.47236
2.38949
1.60389
2.43849
3.8042
3.59423
4.44947
4.14894
2.8597
2.49617
3.71907
3.5033
2.89418
4.1624
4.58543
2.3827
1.58088
4.45105
1.48093
3.82459
3.28512
2.56463
3.06437
2.73019
2.96448
4.61025
4.25592
4.07317
4.6946
4.53767
3.13125
4.99852
3.89928
4.347
2.52333
2.96157
2.68675
1.60041
2.615
4.39572
3.09502
3.5131
3.8628
2.5338
4.56192
3.86655
4.24918
4.50254
3.3873
2.87094
2.26317
2.4219
4.70708
3.70212
3.85569
4.30825
3.06853
2.52598
4.46026
4.98983
4.58135
4.54065
4.4546
4.85075
3.70391
1.59614
2.51906
3.7651
4.53826
4.49339
3.45158
3.09085
2.63323
3.1259
4.40551
3.88459
3.61905
4.71437
2.51501
3.8385
2.81312
3.69036
4.71183
4.46214
4.63721
4.88434
4.06363
4.3489
3.14207
4.4817
4.47314
4.87687
4.63825
3.77989
4.51098
4.3537
1.42236
2.43424
2.85681
2.52054
2.70662
3.44502
1.50547
2.59236
2.50857
4.81699
4.67443
3.01857
3.61338
4.12607
4.50601
4.36234
4.65918
2.57345
4.2856
3.72918
4.88913
2.91987
1.48045
4.37707
2.92533
2.75004
2.86952
2.51035
1.67146
3.44752
4.30966
4.43625
4.64187
4.51646
4.52929
3.52111
3.72727
2.86651
4.77642
4.4501
3.68356
3.02803
3.99087
4.34107
4.82637
4.95141
4.74035
2.51408
3.2853
2.67952
2.9713
2.60473
3.02943
3.41265
4.37299
4.53737
4.87644
4.27562
4.87056
4.78141
3.75345
4.58245
4.34437
2.98943
2.55753
2.96233
2.42002
2.83279
2.45473
3.74729
3.51366
3.83726
2.51529
3.96306
2.53853
1.59293
4.35855
4.82096
4.47362
4.21242
3.97959
3.57826
1.51912
4.30479
3.92467
2.4293
3.80561
2.55589
2.94752
4.90847
2.8162
4.39454
4.5188
2.44001
2.98933
4.37735
3.14377
2.52026
1.61147
2.55698
1.51937
2.28137
3.35519
3.86042
4.2435
2.8427
2.40347
4.4999
4.87606
4.43524
4.53485
3.6307
4.46434
4.56686
4.6948
4.23989
4.92331
1.44923
2.63445
1.51056
2.45849
3.658
3.48937
4.59654
4.32627
2.9411
4.49357
4.19273
2.91406
4.94267
3.70094
4.31143
2.35222
1.51919
4.39987
1.54766
3.36484
2.65464
2.41913
2.92026
2.37598
2.69445
4.42304
4.88978
4.96056
4.18464
3.82823
2.83753
2.21361
1.50993
2.34686
4.22876
3.0396
3.64771
3.79947
2.51002
4.68901
4.12595
4.85859
3.68428
2.46548
2.5325
4.50215
3.34507
3.73647
4.32632
3.00279
2.42257
4.32709
4.89394
4.51944
4.40754
1.58051
2.3858
3.63266
4.4722
4.26154
3.48338
2.79768
3.62754
4.96416
4.23021
3.86985
2.88445
3.36824
4.56652
4.29224
4.4346
4.85624
2.6979
3.96512
4.7384
4.42845
4.47557
3.35511
4.65741
4.17526
4.47027
2.35248
4.23384
3.88457
4.96318
2.80086
2.37679
2.3886
4.46597
4.09247
2.7554
3.51459
3.68591
4.02179
4.93904
1.43432
4.28762
2.84809
2.51691
2.95506
2.41894
1.43035
3.58874
4.97294
4.79804
3.81789
2.87022
4.3856
4.14876
3.52948
2.78111
3.77906
4.17202
4.55648
4.93469
4.58656
2.42795
2.93227
2.48042
2.7969
2.34464
3.06733
4.90434
4.81084
4.18515
4.52652
3.32346
4.31217
4.79783
2.96982
2.41847
2.97399
2.47051
2.95304
2.4803
2.99934
2.9248
4.46229
4.79936
2.59224
2.99584
4.47709
4.83642
4.53968
4.3658
3.89311
3.59373
1.56626
4.2775
3.77213
2.45518
3.77055
2.48606
2.84279
2.26623
1.46013
2.3893
1.43212
4.14273
4.91087
4.92534
4.17159
4.5647
3.55609
4.53699
4.50614
4.4744
1.69219
2.39233
1.60248
2.5444
2.91551
4.49915
4.23622
3.76835
4.7162
4.2383
2.93293
4.90898
3.80906
4.30162
2.58096
1.58328
4.19034
1.47437
3.43817
2.75173
2.33364
2.87212
2.42024
2.77573
2.56102
1.50496
2.43273
4.26264
4.62422
4.39907
4.44609
4.07896
2.62713
2.72383
4.64027
3.51107
3.8863
4.44635
2.96444
1.44028
2.34944
4.45022
3.83479
4.96139
4.35711
3.73893
2.87158
3.47918
4.57235
4.23268
2.94162
4.36259
4.41757
4.66872
2.53977
4.33388
3.82547
3.06645
2.51159
2.52079
4.65942
4.26193
2.92143
3.6316
3.90518
2.82378
3.71499
4.3376
4.60317
3.90701
3.06138
4.49535
4.26932
3.47731
4.76644
2.52159
3.22747
2.80578
2.98915
2.67059
3.06746
3.36921
4.51256
4.759
3.64589
4.10974
2.77656
3.90644
2.58892
3.95689
4.41804
1.62888
3.09415
2.59235
2.9254
2.4637
2.99421
2.47934
3.87977
3.68333
3.69015
2.58441
4.00775
2.39838
1.39977
4.1359
3.76423
4.58108
4.36624
3.2105
2.7597
1.63943
2.64071
1.74519
2.52031
3.51066
4.07393
4.44298
2.87353
2.73843
4.5811
4.12132
3.66773
4.35372
4.62961
2.91114
1.58948
2.4655
1.55788
2.59261
3.84079
3.58666
4.64715
4.31726
2.97617
2.6079
4.01019
3.38741
3.01616
4.40549
4.49129
2.59445
2.91346
2.55305
1.55354
2.40694
4.23849
2.82447
3.38857
3.75356
2.5009
4.39587
4.02541
4.62384
4.52232
3.67405
3.05278
1.46908
2.49873
3.78624
4.5226
4.34717
3.4294
2.90781
2.60653
2.99301
4.15247
3.74067
3.56289
4.43734
2.39904
2.9704
4.2335
4.38227
4.641
4.50531
3.54771
4.58862
4.39457
1.67114
2.57467
2.79234
2.46906
2.98583
3.41529
1.53212
1.4983
4.48194
2.82931
2.47261
2.85469
2.37844
1.59093
3.36541
4.41234
4.52369
4.81998
4.63764
4.59112
3.55116
4.93041
2.67624
3.01283
2.4692
3.00893
2.70378
3.05015
3.54034
4.56531
4.40462
3.02002
2.7084
3.34899
2.83349
3.09129
2.50147
3.93399
3.09931
3.58307
2.53118
3.7715
2.39534
1.4905
4.26831
2.89514
2.57698
1.45806
2.47233
1.53364
2.49024
3.385
3.90136
4.23779
2.82657
2.559
4.61757
1.67515
2.62397
1.60864
2.32894
3.76741
3.57081
4.494
4.2548
2.96871
3.14747
2.71011
1.56206
2.38691
4.30009
3.12719
3.51221
3.93652
2.7753
4.66979
1.52332
2.48594
3.84027
4.46027
4.53952
3.55463
3.11794
2.83704
4.31691
4.73856
4.67148
4.49491
3.58346
4.60753
1.64944
4.15197
2.88966
2.53027
2.89264
2.44674
1.58312
3.63389
4.57668
2.56682
2.9961
2.4717
2.91874
2.6107
3.03678
2.86404
2.31507
2.91102
2.4747
2.64185
2.59002
2.84667
2.46037
1.30805
2.31692
1.66557
1.46687
2.53942
1.56799
2.47543
2.86395
2.43407
1.52872
1.46155
2.54449
2.931
