4.61456
2.54351
2.76922
2.48783
2.9347
2.45421
2.99352
3.42254
4.48082
4.76994
3.74136
3.78745
2.61879
3.99584
2.49309
3.9614
4.44732
1.51075
3.4503
4.46859
4.33765
4.847
4.39509
4.46111
3.46904
3.85025
4.35389
1.47935
2.26133
3.77141
2.54901
3.60686
4.67119
4.40701
4.22055
4.90147
2.96682
4.38779
3.08012
2.54797
4.67987
4.34634
2.84949
3.58161
4.44158
4.59301
4.95588
4.20441
4.64082
4.90563
4.83701
4.5122
4.22588
4.56818
4.34431
3.59565
3.84921
2.44544
3.94404
4.37373
1.55618
2.5221
3.77467
4.98683
4.43808
4.24373
2.9277
2.58686
4.70912
4.23772
3.10288
4.33194
2.91494
4.85281
4.99715
4.40096
4.75089
4.54913
4.34085
4.8687
2.73532
4.22033
2.82714
4.2262
2.77855
2.33379
4.46551
4.88402
4.20878
1.4929
4.40586
3.82244
4.34236
3.86819
4.34663
3.77606
2.97537
2.34779
3.00059
2.53194
2.94355
2.57661
3.86975
3.46171
3.86377
2.38011
3.72743
2.5465
1.50702
4.17552
3.4776
4.49622
4.4756
3.72967
3.47943
1.45438
4.45087
3.93995
2.46581
3.79882
2.61531
2.90005
4.95857
2.87288
4.39594
4.59143
2.46106
2.94155
4.19464
4.87976
4.57736
4.15947
3.58202
4.43704
4.30291
4.26543
4.65035
4.9463
3.88385
3.51959
3.96644
2.4419
1.48355
4.35819
3.97845
2.55629
2.971
4.91047
4.45722
2.38439
2.82791
4.22203
2.90349
4.17917
4.49696
4.46609
2.79003
4.91649
2.96443
4.30296
2.9187
4.53183
4.55674
2.55789
1.5054
3.75723
4.3288
3.6835
4.19742
3.96769
4.14865
4.54099
4.241
4.91886
4.35276
4.69554
4.50959
4.29791
3.6921
4.46459
4.34363
4.93755
4.332
4.66058
4.92924
4.71709
4.31525
4.46533
4.21901
4.98783
2.65239
2.54207
1.51457
2.38735
1.70329
2.51452
3.28461
3.79937
4.21852
2.83077
2.66549
4.37107
3.75275
3.72447
4.31515
4.70119
3.02827
4.2522
4.49756
3.64458
4.43387
4.55451
4.83708
4.29606
4.96545
4.95051
4.38695
1.47931
3.52209
1.52295
2.48236
2.91297
2.56275
2.81687
4.0791
4.4912
4.63425
2.77474
4.1651
3.747
2.39868
2.94033
4.8085
4.45875
3.89129
2.45887
3.4494
3.67714
2.5677
4.44753
4.32165
2.91999
2.41314
4.79173
4.46575
4.19341
4.25915
4.98722
4.15312
3.88404
4.171
4.97214
4.31865
4.21236
4.34255
4.88089
2.81386
2.42376
4.24182
3.73406
4.29877
3.68412
4.15397
4.13534
4.3398
4.72366
4.00857
3.56224
2.97891
4.4837
4.72049
4.88672
3.92406
4.45698
4.60325
2.91387
4.65028
3.83663
4.29921
4.47087
4.26607
3.87129
1.41908
2.29144
1.59279
2.21315
3.44576
4.82684
3.18863
4.17503
4.05426
2.74463
2.59301
3.99857
3.84781
2.98738
4.50073
4.81093
2.59769
1.71268
4.50834
1.73598
3.97342
3.29774
2.68528
3.31354
2.72894
2.71648
4.42883
4.21885
3.95377
4.89709
4.58042
3.25917
4.10249
4.67325
2.68227
4.93154
4.00739
4.78316
3.18666
4.15754
4.37755
4.50298
4.84922
4.0956
3.72707
3.42351
2.81584
4.60397
4.13319
4.2709
4.71653
4.87433
3.81412
4.38246
2.97339
4.58058
4.01123
4.45771
3.76222
4.96399
4.4178
4.72546
4.92017
2.49872
3.62358
3.658
4.62535
2.38018
3.067
4.19888
4.73694
3.89966
3.62009
2.62958
4.66215
4.52585
4.41167
4.60152
4.52986
3.13571
2.81932
4.10233
4.46943
4.9863
4.19713
4.66365
4.62829
3.99865
4.65226
4.66184
3.918
4.7229
4.89988
4.16526
2.9828
2.62471
1.45731
2.2781
4.18925
2.78925
3.27912
3.8776
2.61424
4.3522
3.91001
4.55372
4.80805
3.558
3.07966
2.49578
2.74574
4.87093
3.82654
3.99171
4.56104
3.21741
2.37027
4.3116
4.99789
4.5927
4.4971
4.53137
3.83722
3.84804
2.89977
3.33236
4.38618
4.40792
3.60074
4.68166
4.24162
4.59559
4.39924
4.49594
4.57392
3.64086
4.619
4.65362
4.33205
4.8823
4.96943
4.9717
4.34627
4.39438
4.95937
4.37548
1.57681
2.37665
2.98837
3.60747
1.478
2.65768
2.88069
4.22268
4.42263
3.89343
3.66471
4.78947
2.61712
2.35867
2.99038
4.45811
4.79733
3.91966
4.2541
4.72358
2.64337
3.18119
4.43024
3.93453
4.37318
4.14838
3.76931
4.3569
4.3435
4.79789
2.70189
3.68782
4.89975
4.42126
4.13716
4.90908
4.26496
4.92594
4.05097
3.80355
1.38096
2.63296
3.81457
4.3852
4.21418
3.43188
3.03473
2.38814
3.13782
4.42421
3.78616
3.64829
4.59625
2.59977
3.74315
2.99201
3.45038
4.57463
4.48836
4.50243
4.99256
3.82196
4.98252
4.16286
2.45448
4.57668
2.36266
3.75672
3.46731
2.90402
4.1895
4.17645
4.90801
3.76603
2.41955
4.50736
4.65522
4.31137
1.54567
4.27684
2.89795
2.34693
1.66105
3.43056
2.95615
2.51727
2.82966
4.19691
4.46156
4.87637
3.80944
4.75793
4.40003
3.92311
4.29591
2.77179
2.58569
2.77375
3.82683
4.58929
4.41451
3.8348
4.52064
4.19516
4.46605
4.13134
2.44249
2.90522
4.99439
3.83553
4.27323
4.19296
4.45656
4.2752
4.43681
3.83631
4.44608
4.49258
4.44179
4.55612
4.39111
3.55362
4.66391
4.97455
4.26576
4.23499
4.92433
4.2865
2.99155
4.19719
4.66626
4.46411
4.46032
3.60604
4.7224
4.56882
1.51508
2.62189
3.13395
2.50781
3.01918
3.61124
1.64542
2.57004
2.68764
4.87216
4.58322
2.96525
3.70643
4.07831
4.26734
4.48859
4.63038
2.6379
4.38218
3.99621
2.94145
3.6744
2.65279
4.06145
4.31409
3.33278
4.91229
4.96846
4.78125
2.6546
3.9122
4.2583
4.93491
4.3831
2.38522
4.15373
2.79107
2.53458
4.37412
3.47217
3.75832
4.12756
4.87539
4.43051
4.63106
4.26818
3.84375
2.34901
2.91751
2.45692
4.28658
4.41442
4.97905
4.72934
4.32291
4.39197
4.33064
4.52287
3.79426
3.61993
4.10147
4.81477
4.51781
4.13166
4.00123
4.27915
4.77675
2.99301
3.66199
4.97623
2.98691
4.36885
3.96886
4.66874
4.55714
4.06087
4.39861
4.73063
4.39037
4.78702
3.74957
1.39527
4.18881
2.77914
2.338
2.6477
2.5443
1.68159
3.23989
4.30954
4.35275
4.89442
4.60475
4.43198
3.717
3.75025
3.06205
4.76818
4.38738
3.74781
2.7871
3.75503
4.30249
4.68911
4.79811
4.89052
2.6367
4.69885
2.62986
2.93553
4.48449
4.06023
3.53796
4.32371
4.28586
4.87076
2.30573
3.59208
4.32161
2.97572
4.84858
4.46576
3.99296
4.72655
4.30898
3.0702
3.67128
3.04391
4.27587
3.74261
4.62832
4.77469
4.54886
3.88778
4.40991
3.97623
4.30957
4.53642
2.52809
2.86885
4.33184
4.69352
2.46391
3.98512
3.56309
4.54446
4.11153
3.54498
4.1552
4.99006
2.35392
2.91171
4.78165
4.33123
4.95713
3.91419
4.44534
4.97576
4.36461
4.17352
2.42648
4.3043
4.3156
4.53457
4.93525
4.11168
4.08366
4.13858
3.65535
4.36679
4.57622
2.51987
2.93201
2.42612
3.07329
2.65296
2.85551
3.38723
4.36341
4.55039
4.77286
4.37566
4.78645
3.45294
4.33289
4.36984
4.94431
3.04669
4.41843
2.99552
2.51557
4.69988
4.4377
3.00186
3.33217
3.94343
4.07662
1.51981
2.40421
3.95549
2.63344
3.83754
4.418
4.38592
4.97077
4.35382
4.66939
3.6813
4.32804
4.5178
4.93214
4.63986
4.37408
4.63723
4.40276
2.89961
2.38043
4.50678
4.4361
2.73466
4.33812
2.99089
3.55963
3.78891
2.37381
3.83608
4.19982
1.62475
2.60098
3.75037
4.86959
4.42736
4.24276
4.49603
4.32101
4.24383
4.53649
1.53539
4.30739
3.82085
4.37357
3.80175
4.21747
3.83193
4.89173
2.84189
4.25506
2.80738
4.21265
2.84833
2.36467
4.42777
4.49713
4.23163
3.05439
2.59877
2.97247
2.49807
2.69969
2.43565
3.99265
3.61121
3.79728
2.51609
3.93159
2.39661
1.44471
4.359
4.50315
4.4999
4.01855
3.68012
1.56745
4.69396
4.10918
2.64942
4.05945
2.59383
3.04818
4.95196
2.92511
4.41682
4.6168
2.54069
3.07273
4.42578
4.88784
3.5625
4.93428
4.24939
4.7781
4.22678
4.55943
4.95623
4.37625
4.20565
3.81435
3.33466
3.69795
2.4837
1.4361
4.17533
3.72322
2.24818
2.85825
4.95972
4.43504
2.45973
3.02072
4.17226
2.87724
4.24785
4.66618
4.29227
2.91852
4.9171
2.93807
4.36289
2.98197
4.23339
4.67863
2.37067
1.56137
3.96824
4.3838
3.91376
4.27454
3.88459
4.25276
4.79831
4.21041
4.48406
4.63214
4.03801
4.98482
4.83153
3.6221
4.5093
4.48087
4.26137
4.53918
4.65476
4.41817
4.36292
4.35541
3.16566
2.72719
1.55769
2.5435
1.63744
2.73458
3.54398
4.11481
4.64484
3.009
2.71586
4.74391
4.88002
4.50552
4.3124
3.71772
4.24525
4.81491
4.79244
4.59365
2.69341
4.70711
4.41594
4.21328
3.73164
3.99995
1.54026
3.09185
1.40824
2.33675
2.64446
2.32186
2.81759
4.47495
4.64011
4.79896
2.93443
4.33804
3.72381
2.52992
4.83605
4.17492
3.72869
2.437
3.45294
3.90636
2.58863
4.53946
4.26568
2.80595
2.43488
4.93243
4.72549
4.53263
4.36979
4.40475
4.82942
4.49239
4.93471
4.93525
4.11188
4.35545
4.03855
4.44509
4.62162
2.75475
2.32528
4.91453
4.11058
3.62931
4.18361
3.62938
4.23727
4.026
4.75332
4.88572
4.08946
3.7869
3.31076
4.63858
4.71119
3.95915
4.47268
3.81285
3.21016
4.85709
4.59424
3.72816
4.15674
4.71704
4.30279
1.52988
2.69735
1.39087
2.54975
3.93296
3.53698
4.75283
4.35192
3.04719
4.32901
4.26163
2.79211
3.91085
4.247
2.5826
1.53309
4.33314
1.58595
3.6511
3.01279
2.4645
3.0248
2.47024
2.97153
4.64551
4.40916
3.89677
4.34557
4.94375
4.72583
4.51395
4.69158
3.52608
4.50904
4.68455
4.93821
4.81628
3.69389
4.30983
3.93429
3.49563
2.92262
4.53403
4.21182
4.63019
4.97964
4.53346
4.31012
2.89851
4.58946
4.96219
3.73276
4.21952
3.93149
2.55196
4.53072
4.90361
4.18787
4.4689
2.55919
3.83573
3.48431
4.57419
2.54164
3.05681
4.44051
4.27786
3.84451
4.35755
3.86393
4.26291
4.27209
4.67542
4.38976
2.89149
4.86786
2.44998
3.86965
4.3237
4.2893
4.68028
4.32339
4.44674
4.93336
3.07137
2.36251
1.62511
2.53228
4.31111
2.94942
3.70913
3.85852
2.63664
4.63871
4.21423
3.93322
2.45347
2.48361
4.69817
3.60325
3.80951
4.42822
2.88838
2.52101
4.39387
4.98598
4.67916
4.35894
4.56843
4.93831
3.99912
2.89501
3.42503
4.39073
4.55876
3.75759
4.95457
4.40949
4.83139
4.38997
4.69721
4.54449
3.50382
4.54032
4.43194
4.33839
4.277
4.88418
4.37314
2.85888
4.20292
4.36343
3.95867
4.34801
1.56466
2.52631
2.92779
3.48839
1.59367
2.6298
3.01868
4.30456
4.69554
4.32018
3.88883
4.94196
2.88075
2.49645
4.26975
4.49785
4.40428
4.62358
2.47027
4.9751
2.89255
4.32687
3.8061
4.44768
4.48453
3.81888
4.35596
3.82229
3.03114
3.77725
4.88197
4.5286
4.1618
4.64311
4.29925
1.61643
2.46342
4.01998
4.52243
4.41651
3.46844
2.95604
3.88847
4.99554
4.64505
4.04865
3.04536
3.7155
4.82987
4.42505
4.74141
2.39215
4.28101
4.62798
4.96304
4.35683
2.53435
4.30757
2.50768
3.78748
3.38476
2.93264
4.32415
4.28234
4.88305
3.90397
4.41256
4.2506
3.75017
4.13178
2.78534
4.842
2.36824
1.46649
4.18094
2.71097
2.45906
1.49408
3.36868
2.80336
2.26219
2.78717
4.32682
4.69953
4.79661
3.77039
4.57001
4.35087
2.973
3.80757
4.60621
4.86325
4.18409
3.87618
4.05507
4.14421
3.79249
4.23101
4.45847
4.09294
4.92592
2.30943
2.78414
4.70869
3.69557
4.14253
4.02824
4.23461
4.59786
4.99011
4.27784
4.49415
4.78392
4.45681
3.87389
4.92117
4.99849
4.41385
4.58206
4.91354
4.99763
2.72402
4.27856
4.57907
4.35323
4.35879
3.34322
4.83392
4.26873
4.49051
2.50477
4.47926
3.84264
3.10017
2.49561
2.3007
4.62056
4.28286
2.79351
3.5477
3.60698
4.15187
4.99674
4.8096
3.08673
4.02021
4.50104
4.77002
3.90384
2.95496
4.25784
4.6378
3.71474
4.42111
4.52683
4.43866
3.75566
2.47806
2.97399
2.61334
4.97889
4.16727
2.73811
2.27931
4.45186
3.43803
3.55941
4.14753
4.83637
4.19766
4.31593
4.28528
3.81094
2.38559
4.13044
4.03897
4.97848
4.23554
4.12051
4.658
4.51095
3.82516
4.31592
3.15317
4.46243
3.96617
4.85599
3.74997
4.3248
4.56312
3.06687
3.74798
4.84524
4.51395
4.69275
4.21146
3.74636
4.01212
4.67763
1.72173
4.40485
2.86821
2.61125
3.15668
2.43601
1.61195
3.59944
3.89101
2.89095
4.7646
4.33135
3.55466
3.04471
3.91951
4.39394
4.66481
4.16835
4.97779
4.98457
2.50901
4.26657
2.3898
2.76543
4.17883
3.79441
3.42247
4.71827
4.27639
2.40243
3.81486
4.23708
2.91952
4.88281
4.97596
4.82786
3.78816
4.46739
4.23113
2.82195
3.26261
2.81985
4.28405
3.88443
4.51651
4.96429
4.49515
4.80445
3.8353
4.1878
3.76803
4.81567
4.06433
4.4512
4.89463
4.34324
2.6152
3.15201
4.44849
4.62098
2.73757
4.06986
3.63703
4.66325
4.49227
3.89184
4.49616
2.53516
2.98644
3.93761
4.38398
4.81664
4.39051
4.29661
2.75531
4.31566
4.25008
4.41479
4.91853
4.44675
4.41608
4.45712
3.82229
4.80373
2.60494
3.12969
2.72473
3.14395
2.77706
3.04511
4.97438
4.3897
4.97959
4.64229
3.59527
4.53428
4.59584
4.98657
4.69938
4.45635
4.73281
3.14694
4.11852
2.89306
2.29125
4.62056
4.36307
2.80958
3.55088
4.06445
4.35238
1.51541
2.4413
3.95348
2.6074
3.79673
4.48577
4.63927
3.72616
4.53147
4.40226
4.2981
4.51109
4.65486
4.46798
4.94924
4.98758
4.81879
4.31207
4.776
2.87665
2.54682
4.53299
4.05202
2.99161
4.34713
2.65676
3.30926
3.96779
2.3488
3.80863
4.06286
1.45383
2.33856
3.78912
4.38018
4.2629
4.89841
4.43889
4.59147
4.45402
4.25388
1.56578
4.10563
3.59885
3.99226
3.65052
3.95886
3.52901
4.71442
3.00724
4.24443
2.74521
4.25796
2.93591
2.22359
4.31346
3.02663
2.59366
2.85817
2.5749
2.94506
2.54706
2.91389
2.95779
4.47004
4.66356
2.41468
2.96193
4.37255
4.61235
4.42708
3.94161
3.49495
1.55122
4.38286
3.80425
2.59788
3.95822
2.4482
4.8415
4.06108
4.39128
3.24866
4.7382
4.34777
2.86985
4.86247
4.45869
2.40299
2.92707
4.15316
2.86971
4.23493
4.93423
4.68869
4.33628
3.98624
3.59053
3.83765
2.52193
1.46537
4.3569
3.93587
2.51564
1.52186
3.76743
4.28447
3.85662
4.41226
3.80042
4.42404
4.52961
4.37204
3.00368
2.98227
4.50763
3.10026
4.30701
4.68083
2.43694
4.74658
4.16753
4.86016
4.26492
4.4013
4.94448
4.33304
4.59595
3.46176
4.69427
4.3298
4.64127
4.33887
4.54334
4.3521
4.87086
3.05517
2.54439
1.58038
2.48057
1.5995
4.42092
4.97843
4.94194
4.92792
4.35597
4.61547
3.61479
4.41694
4.67888
4.60137
4.25259
4.70898
2.89026
4.22971
3.71498
2.42227
2.85695
4.74225
4.46544
4.10198
3.61704
4.15512
1.52604
3.33298
1.4855
2.36882
2.83449
2.3204
2.73016
2.71807
4.66397
4.66693
4.39789
4.33283
3.76117
2.51972
3.54624
3.89436
2.50194
4.58569
4.35718
3.04066
4.43135
4.34916
4.0993
3.9023
4.3176
4.35236
4.28972
4.41004
4.2208
4.59214
4.93215
2.84631
2.38594
4.10944
3.90223
4.03201
4.37999
4.54208
3.89864
3.43137
2.88379
4.18211
4.56392
4.48724
4.19264
4.0062
2.87058
4.90364
4.43932
3.74648
4.11
4.98587
1.64658
2.57943
1.64011
2.63894
3.04358
4.74396
4.2879
3.88921
4.6021
4.23908
2.80783
3.87417
4.26195
2.40383
1.47766
4.22313
1.57352
3.43118
2.79309
2.54517
2.86138
2.48483
4.97554
4.48879
4.99496
4.38628
4.26789
4.57101
3.54882
4.58182
4.66259
4.73695
4.99377
4.9857
3.83982
4.21778
3.96544
3.51506
2.9885
4.63769
4.40967
3.90943
4.49001
4.1857
2.92332
4.6683
3.9004
4.21988
4.91808
4.53789
3.89641
2.46412
4.73153
4.95911
4.40089
4.3889
2.53754
3.88344
3.57846
4.54233
2.50989
2.82765
4.4438
4.38382
4.51927
4.20491
3.79978
4.26313
4.25613
4.64075
4.26573
2.93487
2.39178
3.75349
4.31047
4.55011
4.38325
4.99098
2.9913
2.65817
1.47645
2.43614
4.37497
4.4664
4.34656
4.35437
3.90582
2.5695
2.53581
4.55624
3.42468
3.93654
4.354
2.79054
3.70419
4.7544
4.25611
4.75
4.99474
3.72776
2.93777
3.46834
4.36418
4.43307
4.33982
4.4362
4.51245
4.55183
3.43723
4.66134
4.58373
4.23438
4.35706
4.90651
4.37692
4.5318
4.2839
3.94231
4.93809
2.98797
2.43016
3.02063
4.63209
4.81084
3.96519
4.38767
1.47385
2.52729
3.04834
3.46473
1.66232
2.50073
2.97651
4.14436
4.34485
3.88538
4.24099
4.44337
4.60749
4.39299
4.53564
2.51006
2.93119
4.26248
3.86893
4.41015
4.14925
4.13414
2.88797
3.83443
4.65145
4.32174
1.42189
2.58498
4.67026
4.98082
3.76031
4.30887
3.88259
2.92256
3.53348
4.62777
4.32441
4.2429
4.84308
3.75557
2.51689
4.26381
4.44364
4.84441
4.23214
2.38796
4.43018
2.52624
3.81481
3.50017
2.90792
4.21462
3.07433
4.34546
4.81818
4.88746
3.81002
4.56979
4.18596
3.86083
4.33481
2.91381
4.97376
2.36785
1.572
4.42021
2.88198
2.48678
1.59022
3.46793
2.91293
2.52927
3.9153
4.62084
4.18174
2.88984
3.95547
4.66717
4.9394
4.25113
4.33038
4.59475
4.26696
4.28012
3.8255
4.16882
4.53476
4.27744
2.33974
2.78206
4.79639
3.56759
4.30669
4.31902
4.53392
4.35746
4.5481
4.59459
3.50359
4.48159
4.97025
4.58082
4.3315
2.99754
4.45315
4.46871
4.61119
2.45731
4.53571
3.88804
2.97124
2.63399
2.48719
4.61233
4.31724
2.92348
3.58271
3.88527
4.88009
2.99951
3.85604
4.24866
4.54
3.676
2.90855
4.29558
4.52521
3.54858
4.3504
4.81256
4.32955
4.33021
4.22418
3.79557
2.42124
4.85157
2.66532
2.44298
4.1517
2.79791
2.46729
4.39459
3.42032
3.74968
4.31529
4.25965
4.27212
4.26879
3.63309
2.41522
4.33042
4.33619
4.92312
4.4119
4.5085
4.29184
3.57597
4.12358
4.6278
3.068
4.58825
4.10834
4.7362
3.95149
4.37202
4.76469
2.97809
3.56307
4.4412
4.68399
4.4827
3.89854
4.16902
4.64896
4.98492
2.96466
4.11099
4.39678
4.76297
3.89387
3.0459
4.55914
4.46345
3.50064
4.44111
4.35809
2.34872
3.6196
4.16569
2.83387
4.74977
4.36438
4.82391
2.39878
4.46208
2.47049
2.77329
4.29277
3.75394
3.30327
3.03765
4.33247
4.0882
4.64623
4.95124
3.94418
4.61435
4.36767
2.87403
3.63114
3.90191
4.65065
4.97989
4.98351
4.28843
4.51102
4.28696
3.75469
4.58178
4.44087
3.81285
4.46259
2.58918
2.92745
4.94996
4.30807
4.90639
2.48994
2.82673
4.37257
4.42158
2.49202
3.71938
3.47099
4.74845
4.5227
3.8499
4.34413
4.16377
4.14566
4.11785
3.59275
4.48914
2.32783
4.14677
4.21255
4.40792
4.746
4.63569
2.53598
3.08709
2.59627
2.92527
2.68469
2.90961
3.27944
4.28123
4.73643
3.66231
3.91859
2.6616
3.94915
2.55523
4.04415
4.43698
1.50475
3.62956
4.36858
4.39923
4.90498
4.59871
4.78314
4.95405
4.46848
4.26746
4.50593
4.247
3.49051
4.32552
4.49342
4.90901
4.51483
4.5307
2.85965
4.21932
2.98583
4.28217
2.89828
2.52536
4.47536
4.69106
4.95715
4.8617
4.07285
1.49409
4.3673
4.00221
4.37109
3.94625
4.33615
3.92948
3.42864
3.84903
2.55789
3.87347
4.34044
1.61123
2.54834
3.91396
4.96593
4.41567
4.27077
3.02616
2.46891
4.80447
4.47099
3.08697
4.3441
3.08685
4.97131
4.3606
4.97963
4.70654
4.47511
4.43291
2.83157
2.6635
2.9604
2.6212
2.92943
2.39354
3.94161
3.50783
3.86764
2.54555
3.8726
2.38713
1.38552
4.29074
3.57053
4.56707
4.34609
4.00484
3.4814
1.4525
4.35303
3.98119
2.64712
3.90406
2.54098
3.02781
4.79065
2.85786
4.28838
4.58866
2.4619
2.79662
4.34165
4.73841
4.4883
4.88978
4.36111
4.47399
4.52488
4.20993
3.86678
3.43916
3.83079
2.47363
1.54119
4.35476
3.7965
2.47776
2.88989
4.77484
4.47635
2.45075
2.76781
4.19623
2.8755
4.27912
4.97254
4.63918
4.34935
3.06874
4.84048
2.93091
4.24653
2.85011
4.27718
4.47461
2.33417
1.52021
3.7346
4.23454
3.71482
4.20934
3.64909
4.27948
4.47602
4.48085
3.61709
4.51628
4.2723
4.98704
4.3097
4.70403
4.68382
4.42074
4.52385
4.35028
3.07384
2.62868
1.50631
2.50415
1.61281
2.47517
3.46418
3.8033
4.27948
2.75547
2.41135
4.43534
3.75951
3.62052
4.29418
4.64562
2.86026
4.37492
4.64161
3.3749
4.62744
4.56826
4.45887
4.37638
4.88631
4.39521
4.4441
2.84438
2.4492
4.3887
3.83501
4.3172
3.6404
4.16409
4.19691
4.29207
4.7272
2.39678
3.44312
3.6907
2.39884
4.6411
4.17901
2.90406
2.38044
4.79846
4.48501
4.05083
4.98728
4.30779
4.99081
4.88844
4.38272
3.74485
4.37302
4.90651
4.95457
4.19844
3.18507
4.7725
4.02207
4.58777
4.55483
4.41619
3.92009
3.88535
3.78491
3.00071
4.38403
4.70737
4.90497
3.76317
4.37934
4.60043
4.99066
1.48915
2.72102
1.67748
2.47111
3.95525
3.45901
4.62229
4.36162
2.95737
2.55817
3.95545
3.39886
2.86139
4.40751
4.48731
2.57921
1.44849
4.26871
1.60169
3.41576
2.83414
2.4804
2.84289
2.29961
2.91452
4.49759
4.88824
4.40113
3.70822
4.22868
4.32662
2.99497
4.92813
3.76185
4.26239
4.99155
2.43862
4.00858
3.42765
3.0449
4.51887
4.53384
4.73914
3.93903
4.38734
2.9183
4.62523
4.85538
3.68925
4.2033
3.99538
4.56573
4.44883
4.55325
4.35692
2.47698
4.04686
3.37835
4.52794
2.39761
2.89332
4.43898
4.36288
3.92344
2.38395
4.46076
4.97546
4.32207
4.35093
4.4342
4.17959
2.88472
4.93286
2.39711
3.73115
4.21303
4.2538
4.56981
4.09643
3.77417
4.09344
4.17819
3.05355
2.56266
1.51042
2.62085
4.48882
2.77794
3.52213
3.81504
2.51255
4.63042
3.80987
4.41818
4.44312
3.43495
2.88821
2.34456
2.41475
4.44968
3.39773
3.78616
4.21933
2.69924
2.45909
4.18239
4.90721
4.57687
4.10182
4.37554
4.89093
3.76752
4.36347
4.55195
4.41702
3.54908
4.5108
4.71124
4.42268
4.89088
4.26644
4.75933
4.33997
3.19765
4.00245
4.80146
4.56855
4.55465
4.41962
3.9024
4.36122
1.47089
2.7448
2.80159
3.47288
1.4711
2.4777
3.06483
4.45446
4.71888
4.35942
3.86971
2.96874
2.56775
2.79573
4.21221
4.96316
4.60601
3.93846
4.20261
4.39447
2.38979
4.83816
2.79344
4.20668
3.6875
4.21701
4.17417
3.7162
4.25606
4.97747
4.24885
4.9737
4.49161
1.49592
2.57006
3.87301
4.64949
4.43606
3.54404
2.96328
2.41635
2.84797
4.27393
3.76513
3.46182
4.51701
2.41034
3.99063
2.94326
3.6328
4.64498
4.33823
4.75558
3.96043
4.48982
4.50374
4.1888
2.42238
2.82605
4.86591
3.80424
4.2558
4.19795
4.48357
4.2346
4.18638
3.70294
4.31088
1.42009
4.32129
2.84533
2.43064
1.58208
3.55908
2.79252
2.61995
2.93575
4.45602
4.52878
4.90561
3.98554
4.48769
4.31844
3.66449
4.36403
2.93637
4.80566
2.36483
3.08917
3.89747
4.55728
4.97304
4.23917
3.95781
4.54796
4.44771
4.51599
4.94718
4.25092
4.60022
4.43514
4.79167
4.62358
3.52131
4.60904
4.99401
4.33892
4.98179
2.88659
4.33669
4.50196
4.53382
4.48218
3.43756
4.6383
4.41148
1.4184
2.53635
2.91812
2.53438
2.93594
3.48724
1.65372
2.66152
2.46158
4.59333
4.3874
2.86043
3.50884
3.72382
4.38183
4.84741
4.18572
4.6866
2.60895
4.45322
3.83059
4.89172
3.063
3.7808
4.25991
4.93267
4.48448
4.2814
2.48233
4.16453
2.61792
2.38109
4.44305
3.23588
3.84675
4.26081
4.962
4.28423
4.4739
4.17517
3.83016
2.48085
4.89125
2.77972
2.43064
4.18715
4.12813
4.79359
4.33114
4.31916
4.27879
4.1665
4.35012
3.86621
4.80608
3.91975
3.92132
4.59407
4.62976
2.95752
3.64285
3.02956
4.33798
3.95689
4.76608
4.44685
3.96624
4.44844
4.59714
1.69322
4.2483
3.07256
2.3576
2.88101
2.43113
1.48035
3.509
4.62522
4.20355
4.64194
4.44298
4.57646
3.39894
3.70726
2.6802
4.43397
4.22718
3.28557
2.86393
3.69065
4.19846
4.26612
4.84132
4.9093
4.37689
3.93544
4.3587
4.67253
3.82822
4.64755
4.15878
2.89231
3.61891
3.02414
4.26046
3.68067
4.63896
4.95801
4.92862
4.53724
4.93702
4.71736
3.73784
2.80623
4.43475
4.51946
4.83236
4.43392
4.28451
4.38984
4.00983
4.34109
2.40366
3.1287
4.17645
4.46232
2.42542
3.78231
3.5691
4.69995
4.35297
3.83497
4.20533
2.45357
2.9289
4.17158
3.70167
4.16814
4.78697
4.34682
4.13632
4.70349
2.67191
3.0763
2.63106
2.97675
2.71756
3.006
3.60167
4.47137
4.34228
4.95083
4.32435
4.64462
3.7574
4.47918
4.51743
4.47623
4.2554
4.61158
4.35559
4.84848
4.3843
4.70998
3.61589
4.31669
4.55872
1.51538
4.2109
3.68696
4.34975
3.67852
4.3031
3.8843
4.94889
2.98187
4.12499
2.77017
4.27129
2.75123
2.45246
4.66707
4.38492
4.31794
4.81019
3.0189
2.46059
4.51341
4.17467
2.85021
4.23182
2.86414
3.55938
4.0284
2.44622
3.79206
4.33962
1.53567
2.54452
3.86972
4.60082
4.4934
4.4845
4.30154
4.94143
4.286
4.65563
2.9494
2.68201
2.95076
2.50046
2.95156
2.49565
3.83926
3.47744
3.83064
2.4334
3.78999
2.54267
1.49933
4.42995
4.94646
4.50924
4.45654
3.93009
3.30399
1.74145
4.30105
3.82072
2.49794
3.79994
2.47141
2.9634
2.69167
4.21996
4.4803
2.31238
2.78639
4.19939
4.9771
4.40297
4.63035
4.38899
4.40679
4.65021
4.3236
3.88782
3.47302
3.96807
2.45709
1.61112
4.3844
3.87454
2.66255
3.06681
4.76731
2.53157
2.938
4.40372
3.08641
4.37043
4.42454
4.37909
2.90415
2.9307
4.3706
2.96545
4.39119
4.62555
2.5581
1.51748
3.75771
4.20742
3.82145
4.32223
3.90567
4.25494
4.9984
3.46595
4.594
4.2794
4.89675
4.22222
4.65487
4.44857
4.32655
4.69631
4.24744
3.21735
2.67463
1.57251
2.6929
1.49326
2.49542
3.4608
3.82419
4.26411
2.90887
2.50934
4.62024
4.95494
4.57424
4.6846
3.75209
4.54381
4.6399
4.63021
4.37729
4.88754
4.18073
4.55478
4.37005
4.42455
4.88938
2.8961
2.42733
4.24945
3.66181
4.29353
3.79706
4.38752
4.31645
4.37688
3.84924
2.49736
3.5155
3.82861
2.41001
4.48778
4.39712
2.78713
2.49583
4.55029
4.29693
4.32826
4.30598
4.97796
4.27401
4.00427
2.95856
4.56848
3.91184
4.49409
4.46452
4.23995
4.7448
3.92163
3.5303
2.96887
4.45957
4.6308
3.76462
4.43087
4.96372
1.58509
2.60802
1.64906
2.71504
4.01708
3.69954
4.76352
4.65313
3.16837
4.423
4.20685
2.79876
4.8278
3.71426
4.36074
2.41997
1.43547
4.1856
1.57169
3.37251
2.82547
2.61112
2.75669
2.49686
3.17075
4.60588
4.84816
4.31275
3.81783
4.98431
3.93197
4.48237
4.03848
3.65004
3.06242
4.75684
4.60153
4.94293
4.47413
4.29124
3.03765
4.67741
3.90855
4.48442
4.02081
4.41829
4.47329
4.85421
2.34237
4.56837
4.72189
4.90628
4.09675
4.15159
2.5986
3.8355
3.31577
4.54928
2.47909
2.85947
4.39933
4.98
4.3934
4.05882
4.09355
3.62603
4.10616
4.0554
4.31386
4.14651
2.67252
4.77093
2.30464
3.5901
4.14721
4.33149
4.40239
2.92989
2.62633
1.66956
2.58616
4.48476
2.98113
3.60755
4.0812
2.6084
4.79458
4.2748
3.89923
2.59131
2.56162
4.52309
3.51625
3.92873
4.24836
2.86889
2.55484
4.30087
4.8896
4.49695
4.21883
4.41702
4.55662
4.58916
3.52541
4.54638
4.68806
4.54414
4.35803
4.38787
3.89586
3.02465
3.7221
4.9991
4.53906
4.37673
4.59032
4.34857
2.9204
4.3061
4.75593
4.47549
3.68265
4.29603
1.54634
2.4654
2.68239
3.48497
1.51203
2.46765
2.9604
4.48955
4.57541
4.40999
3.80134
4.93297
2.91792
2.63062
4.2275
4.44396
4.15023
4.43313
2.2895
4.95773
2.86712
4.2008
3.74264
4.11006
4.15024
3.7701
4.16938
1.50688
2.42465
3.83152
4.57822
4.271
3.55378
2.92484
3.64077
4.27858
3.88805
2.98688
3.45418
4.39068
4.26341
4.62234
4.81141
4.39706
4.3372
3.74862
4.39297
4.70888
4.35327
2.57988
2.99454
4.98752
3.89674
4.33464
4.44317
4.75649
4.48463
4.28566
3.95055
4.3356
2.92718
2.52797
1.60378
4.23142
3.02892
2.50006
1.4301
3.542
3.04177
2.52846
3.06392
4.31067
4.59591
3.96112
4.64051
4.21202
2.82921
3.84688
4.49392
4.99921
4.33762
3.77347
4.42405
4.31914
4.99603
4.28488
4.85178
4.5218
4.29584
4.47382
4.55448
3.41256
4.56164
4.8749
4.90997
3.02987
4.45989
4.46029
4.65302
4.70039
3.62508
4.45944
4.28787
4.39874
2.26323
4.30427
3.81146
4.88013
2.85073
2.59102
4.96312
2.47739
4.46119
4.29588
2.85062
3.29335
3.8433
4.53385
4.89212
4.57625
4.25894
3.85763
4.38867
4.98393
4.23591
4.44346
4.32428
3.702
2.42876
4.84879
2.92186
2.55065
4.33575
2.85654
2.38284
4.5001
3.51786
3.8777
4.48426
4.28973
4.24247
4.09293
3.6029
2.38186
4.2132
4.18071
4.74224
4.54673
4.26571
4.10697
4.75888
2.98454
4.51676
3.77372
4.98333
4.66025
4.00975
4.39805
4.58751
3.00337
3.66974
4.31661
4.53592
4.2417
3.83195
4.95364
1.54258
4.32331
2.97384
2.53355
2.94763
2.62416
1.5881
3.66726
4.04327
3.14087
4.69507
4.38946
3.57444
2.97455
3.83948
4.25579
4.52989
4.28992
3.79593
4.84066
4.32672
4.68443
4.94284
3.79894
4.60194
4.25612
2.84945
3.47784
3.00311
4.37617
3.9273
4.65221
4.9586
4.5519
3.86854
4.33787
2.5054
4.23435
4.27273
4.65083
4.35491
4.33504
4.2377
3.7671
4.40698
4.89267
2.54512
2.89173
4.19329
4.62278
2.48256
3.90577
3.57618
4.74886
4.34087
3.89825
4.40024
2.45199
3.0502
4.94122
3.81575
4.4158
4.51031
4.32743
4.5831
2.59928
2.92453
2.4668
3.09337
2.5339
3.0115
4.96202
4.51533
4.58882
3.43177
4.37199
4.49421
4.60692
4.33761
4.60905
4.39642
4.99075
4.28584
4.54384
3.62139
4.44091
4.57342
4.55777
4.29115
1.52311
4.35202
3.79763
4.26016
3.83478
4.41138
3.93387
4.91862
2.95893
4.29261
2.92416
4.27166
2.86262
2.39969
4.66391
4.86297
4.60835
4.2539
2.89473
2.4755
4.40508
4.30222
2.93061
4.35072
2.89847
3.62387
3.83007
2.53689
3.88979
4.33743
1.44803
2.47665
3.77916
4.68235
4.29083
4.87178
4.20459
4.51671
2.83055
2.52636
2.93728
2.41423
2.86585
2.57314
3.13441
2.97349
4.4319
4.71122
2.51016
3.01819
4.25327
4.96389
4.82082
4.43054
3.82439
3.80251
1.6912
4.57908
4.0821
2.61772
3.87903
2.74198
4.66068
4.24372
4.8071
4.16095
4.49973
2.92271
4.94241
4.39434
2.23889
2.83463
4.10498
2.63695
4.31539
4.84854
4.57212
4.27433
3.75011
3.47643
3.68388
2.51644
1.46159
4.12127
3.75954
2.38009
1.54572
3.77757
4.35511
3.79825
4.25659
3.80593
4.1864
4.66445
4.33298
2.95634
4.99423
2.84699
4.45133
3.12099
4.33847
4.69421
2.63261
4.93465
4.23151
4.61158
4.95916
3.60953
4.40598
4.33663
4.54098
4.46953
4.70982
4.42411
2.94764
2.49177
1.54655
2.50895
1.60998
4.42014
4.99633
4.25852
4.35925
3.6062
4.58268
4.56166
4.70017
4.3141
3.75158
4.34733
4.1902
4.97661
4.27719
4.42886
4.36616
4.4953
4.89182
2.7877
2.42629
4.27273
3.80545
2.48862
4.85159
4.39692
4.28435
4.09785
4.9783
4.29682
3.71951
2.42774
3.46712
3.86439
2.53146
4.4031
4.25652
2.74027
4.33194
4.3058
4.86498
4.75787
4.44496
3.92507
2.99039
4.74797
3.89845
4.3051
3.93125
4.37468
4.60032
3.91975
3.59287
2.99805
4.40721
4.71263
1.54064
2.609
1.48715
2.62761
2.89103
4.58759
4.96431
4.19414
3.80239
4.7456
4.24855
3.13547
3.97542
4.40463
2.54485
1.44469
4.46106
1.55367
3.57155
2.96407
2.46947
2.86648
2.47659
4.96575
4.65937
4.75442
4.88855
3.83682
4.35147
3.90143
3.59758
2.99084
4.64188
4.29016
3.72108
4.7186
4.36605
2.98618
4.51101
4.96642
3.9184
4.39374
4.33467
4.28636
4.8538
4.1765
3.75246
2.43303
4.58608
4.875
4.34572
4.40542
2.46468
3.77235
3.608
4.55625
2.46831
3.01035
4.2435
4.29367
4.61452
4.51555
3.87436
4.45719
4.4093
4.49249
4.32321
2.88207
4.97862
2.49121
3.84666
4.16753
3.01301
2.45658
1.56903
2.50648
4.35273
4.99178
4.53556
4.37204
4.53965
3.91206
2.35771
2.65257
4.69265
3.65811
3.86447
4.29769
3.01262
4.90639
4.29264
4.97804
4.91161
4.95639
4.31182
4.57477
4.64399
3.58758
4.62555
4.46559
4.25557
4.37259
4.6533
4.28321
3.83627
2.84676
3.87829
4.5221
4.23507
4.23759
4.51029
4.35887
3.79106
2.80687
2.44213
2.88941
4.35602
4.63442
3.93888
4.45659
1.57394
2.39153
3.10824
3.59076
1.54839
2.53431
2.90857
4.2798
4.33277
3.90811
4.47248
4.43388
4.78609
4.32484
4.66361
2.55044
2.95659
4.43409
3.8385
1.64655
2.68547
4.72621
4.91632
4.17595
4.46167
3.93429
2.96408
3.51675
4.5749
4.45557
4.27484
4.4291
4.04465
4.286
3.79666
4.17546
4.62929
4.17526
2.3623
2.97417
4.87011
3.78837
4.2752
2.9999
4.10986
4.52594
4.78993
3.57807
4.51565
4.12283
3.8003
4.19012
2.93086
4.84366
2.37445
1.46811
4.25825
2.87362
2.47223
1.51635
3.31766
2.82595
2.34164
3.81463
4.50651
4.32873
2.90816
3.67301
4.66904
4.96289
4.28985
4.46076
4.41619
4.43093
4.99896
4.2701
4.44279
4.69447
4.41152
3.64326
4.79422
3.04662
4.27769
4.87614
4.49286
4.41299
2.74823
4.39101
3.88359
4.98514
2.94597
2.47705
2.38259
4.55045
4.29232
2.80754
3.41679
3.79163
4.63128
4.34741
3.8716
4.44871
4.43472
4.99355
4.79131
4.3305
4.47197
4.39753
3.76475
2.50312
4.99252
2.96473
2.60257
4.43618
2.96458
2.53705
4.56479
3.60094
3.81892
4.19608
4.28332
4.28336
4.38314
3.87698
2.49355
4.20786
4.34332
4.56477
3.89277
4.57707
4.93216
4.8923
2.89854
4.3259
3.86904
4.65231
3.79525
4.29806
4.63351
2.87448
3.62297
4.28309
4.67169
4.22114
3.79937
4.92216
3.03969
3.87343
4.37759
4.70812
4.86484
3.8112
3.21428
4.80287
4.48098
3.74725
4.19235
4.47037
4.2855
3.75988
4.96267
2.88936
4.17329
3.79796
4.43977
3.92144
4.58933
4.51781
3.11802
3.46095
3.94246
4.75787
4.26019
4.34142
4.26925
3.7906
4.37516
2.36522
4.38997
4.29424
4.50659
4.43965
4.26759
3.86894
4.27026
2.38543
2.89203
4.36977
2.57107
2.82417
4.52284
4.6665
2.58409
3.90177
3.56768
4.60113
4.42562
3.94421
4.40364
4.69878
2.70626
3.02603
2.49037
3.03415
2.65353
2.80337
3.46463
4.31185
4.52671
3.24553
4.04903
2.72774
3.92055
2.55034
3.93365
4.24848
1.63007
4.51377
4.41381
4.91841
4.38552
4.47837
3.57545
4.31203
4.43875
4.46364
4.85356
4.91373
4.25343
4.51799
4.53962
4.21822
4.9083
2.82799
4.35961
2.71078
4.2088
2.72422
2.40203
4.60343
4.37507
4.29164
1.44369
4.14111
3.8167
4.18581
3.83069
4.20651
3.76347
3.34304
3.78891
2.44698
3.85484
4.18716
1.51163
2.47664
3.74522
4.87647
4.51272
4.36965
4.81322
2.85035
2.47101
4.45075
4.1696
2.78068
4.25369
2.79113
2.92964
2.51373
3.03885
2.57242
2.98459
2.54467
3.7482
3.48167
3.61814
2.48253
3.81118
2.4541
1.5234
4.36075
3.54175
4.62147
4.40775
2.81841
4.95038
2.84016
4.12742
2.95618
4.1812
4.55159
2.49328
1.49046
3.70849
4.25222
3.78221
4.26819
3.81123
4.16256
4.3966
4.99442
4.2967
4.91699
4.24588
4.52904
4.58598
4.22446
3.8074
3.30938
3.77097
2.38563
1.53499
4.27824
3.74083
2.439
2.9479
4.84602
4.4217
2.37997
2.80956
4.14694
2.76724
4.25938
4.87635
4.59702
4.44918
4.61462
4.32864
4.3896
4.54897
4.97683
3.60771
4.48124
4.37235
4.33396
4.60283
4.99225
3.03932
2.69639
1.65707
2.61756
1.51807
2.52386
3.33854
3.83697
4.34408
2.908
2.38816
4.59803
3.99788
3.69531
4.52644
4.68227
3.12708
4.25847
4.85514
4.28896
4.28009
4.43796
4.85047
2.71269
2.36682
4.12962
3.74798
4.19245
3.7356
4.10632
4.18164
4.32381
4.52944
2.49633
3.42443
3.74674
2.36422
4.47935
4.17927
2.70293
2.48216
4.82204
4.48224
4.19356
4.08358
4.949
4.40811
3.9912
2.98379
4.59387
3.73582
4.40804
4.53932
4.42365
3.92345
3.94651
3.6812
3.09597
4.46718
4.68134
4.93309
3.88089
4.44693
4.65148
1.56528
2.45077
1.56483
2.41716
3.73479
3.49284
4.58013
4.36694
2.91457
2.42555
3.89713
3.62016
3.00622
4.33917
4.48205
2.49692
2.78602
4.42435
4.70796
3.8615
4.29015
3.7991
4.24083
4.18434
4.94236
4.81655
3.6898
3.34899
2.80081
4.42887
4.20501
4.67078
4.89203
4.921
3.76335
4.40808
4.74154
4.40513
3.00666
2.51726
3.89696
4.43835
4.41416
4.69495
4.23237
3.89736
4.37872
4.31824
4.31538
4.96048
4.38075
2.54458
3.96651
3.64982
4.71076
2.56517
2.95158
4.42928
4.33183
3.94975
2.48387
4.74341
4.97465
4.33368
4.38584
3.01729
2.57704
1.53458
2.41217
4.19252
2.94559
3.58059
4.03347
2.58133
4.68679
3.85234
4.41097
4.57829
3.49149
2.89046
4.24611
4.40557
4.28313
4.6353
4.50977
3.50841
4.52608
4.58371
4.52366
4.97738
4.25817
4.52272
2.361
2.70427
4.1942
3.80199
4.38861
4.2343
3.90916
4.34764
4.21319
4.35809
2.90417
3.72298
4.9103
4.43322
4.32603
4.73832
4.40024
3.80643
4.24509
1.48687
2.53509
2.90308
3.51968
1.47114
2.35715
2.93578
4.29677
4.50914
4.32885
3.80931
2.93852
2.56126
2.72858
4.35406
4.85127
4.43176
3.80464
1.42392
2.49407
3.89766
4.57272
4.38408
3.6797
2.9512
4.98101
2.47079
2.87104
4.36101
3.8624
3.46143
4.37845
2.5094
2.77061
3.72507
4.67875
4.79156
4.38028
3.86907
4.41609
4.88265
4.14349
4.67611
4.38143
2.36872
2.96884
4.90109
3.71397
4.42218
4.47586
4.6407
4.24591
4.25004
3.77082
4.34437
1.40048
4.1858
2.91925
2.38498
1.46103
3.48048
2.7585
2.45654
3.15945
4.34987
4.61691
4.99122
3.74887
4.458
4.16067
3.74594
4.26663
2.83364
4.84792
2.55482
4.98559
4.96111
4.37973
4.87366
4.29761
4.57348
4.37114
4.68313
4.46306
3.57827
4.5694
4.23174
4.98914
4.89036
2.84957
4.28537
4.46529
4.59828
4.65057
3.52026
4.50807
4.19629
1.54419
2.50026
3.05457
2.61889
2.91521
3.40207
1.59036
2.40459
4.16899
4.43831
4.98035
4.83694
4.61352
4.30047
4.24382
4.15792
4.02391
3.69582
3.64077
4.28693
4.7994
4.53224
4.27754
2.2923
4.99532
4.22053
2.78765
2.37715
4.48204
3.36625
3.72327
4.44054
4.8118
4.25411
4.40782
4.21566
3.76732
2.40555
4.80752
2.98522
4.42016
3.93823
4.35014
4.63157
4.60601
3.90673
3.91351
4.4545
4.72483
3.03108
3.60044
2.96168
4.45815
3.87054
4.98145
4.60556
1.50396
4.40768
2.87572
2.589
3.07565
2.72254
1.5894
3.72767
4.24611
4.52785
4.47673
4.76635
3.40496
4.40288
3.92888
4.15749
3.80785
4.38169
4.59823
3.72262
4.57067
4.17345
2.82202
3.46792
3.09571
4.38573
3.96062
4.52222
3.7209
4.11821
4.67213
4.53564
2.44338
4.13377
4.06071
4.47311
4.97803
4.58647
4.43344
4.3538
3.91753
4.13956
2.50043
2.89751
4.317
4.5826
2.37514
3.69594
3.51922
4.55466
4.40014
3.87452
4.36406
2.58419
2.99453
4.08961
4.88791
4.45894
2.39362
2.77663
2.4509
3.04153
2.37082
2.94923
3.85105
4.29971
4.53647
4.92915
4.56012
4.40481
4.62363
4.35361
4.98206
4.18777
4.50221
3.63989
4.32576
4.54288
4.79849
4.0127
4.84143
4.89303
4.21725
4.556
1.57248
4.47187
3.74193
4.20998
3.76172
4.33669
3.89615
3.17729
4.44988
3.00596
4.48359
3.08419
2.65097
4.81916
4.50468
4.65449
4.9127
2.74426
2.45019
4.50034
4.24345
2.81179
4.16593
2.81749
3.4456
3.65418
2.43921
3.71312
4.31036
1.4454
2.36589
3.77675
4.94712
4.96658
4.67589
4.23431
2.68837
2.56081
2.88154
2.33264
2.93572
2.45814
3.9681
3.53791
3.59247
2.53214
3.8304
2.34917
1.56262
4.20344
4.69689
4.33533
3.02708
4.98502
3.02005
4.45388
3.06914
4.4269
4.63836
2.47857
1.46105
3.75545
4.40412
3.94798
4.23345
3.87114
4.30649
4.73438
4.01895
4.40002
4.66418
4.16196
4.95614
4.90342
4.58241
4.29293
3.67259
3.49128
3.55607
2.51603
1.51146
4.15565
3.82852
2.31267
2.79618
4.94757
4.42864
2.28531
2.80885
4.09466
2.6793
4.20836
4.87248
4.68887
4.53097
4.34869
4.90336
3.8491
4.43724
4.3173
4.40078
4.52726
2.6979
2.32702
1.4925
2.24647
1.52034
2.78873
3.53657
3.7053
4.27557
2.91921
2.43858
4.59102
4.19566
4.98589
4.1012
4.33531
4.63215
4.4432
4.61763
2.94294
2.64718
4.36925
4.15957
4.67415
4.06729
4.58436
4.64143
4.16635
3.77525
2.47893
3.54907
3.78247
2.49255
4.59688
4.24575
3.04364
2.69323
4.46652
4.39403
4.35347
4.94739
3.7534
3.00684
4.43655
3.86149
4.32237
4.69728
4.57129
4.36859
4.83997
3.77765
3.35908
2.78929
4.05995
4.44958
4.96008
3.89775
4.14627
1.48994
2.57123
1.61399
2.55191
4.16032
3.4383
4.56405
4.30435
3.02903
4.49718
4.30039
2.99649
4.58814
4.94858
3.81674
4.17965
3.75743
4.90625
4.86318
3.81816
4.3112
3.88799
3.53741
2.99464
4.54846
4.34608
4.65418
4.82982
4.29906
3.71074
4.09988
4.39955
4.65165
4.29505
3.03058
2.72361
3.99203
4.25529
4.23245
4.5354
4.26271
4.41581
2.50347
4.57334
4.98624
4.26175
4.32633
2.61266
3.81967
3.50642
4.57829
2.49231
2.82782
4.26192
4.4903
3.81858
3.01501
2.54173
1.54734
2.83058
4.29661
2.74915
3.4706
3.80366
2.5042
4.51184
4.34582
4.89041
4.16686
4.96914
4.95009
4.35899
4.54602
4.56528
3.5894
4.61616
4.58883
4.3947
4.96546
4.15599
4.95467
4.60548
4.34658
4.45085
2.63298
4.84032
3.07111
4.40091
3.65944
4.27232
4.17789
3.68742
4.19595
3.86493
3.06221
3.89282
4.6517
4.40572
4.66779
4.60514
2.93895
4.35061
4.56536
3.88361
4.30908
1.56189
2.53983
2.92593
3.55652
1.60329
2.39862
2.90788
4.31641
4.6342
4.35797
3.86403
3.09613
2.46101
1.55721
2.63739
4.17216
4.41873
4.27807
3.40474
2.95929
4.47783
4.26326
2.90548
3.77765
4.51896
4.97643
4.15514
3.61076
4.20096
4.31527
3.83393
4.23237
4.55029
4.10027
2.33803
2.86485
4.89418
3.67415
4.38276
4.23856
4.60874
4.64557
4.1495
3.82326
4.21474
2.92266
4.93294
2.44835
1.48995
4.19728
2.72189
2.4144
1.42349
3.36347
2.78661
2.42566
2.87779
4.07683
4.50039
4.79997
3.68836
4.9961
4.43643
4.48237
4.44848
4.48704
4.53401
4.61795
4.44928
3.67171
4.65228
3.01421
4.63907
4.55194
4.54976
4.52117
3.62473
4.57143
4.17136
4.24609
4.34496
3.87209
2.56642
4.32237
4.35936
4.50781
4.22201
4.42476
4.19287
3.70798
4.19273
4.80645
4.22343
4.41488
4.2328
3.70335
2.41242
4.82414
2.82122
2.47432
4.17437
2.91485
2.49237
4.45847
3.40945
3.84731
4.32496
4.88961
4.29192
4.49496
4.48159
4.15475
3.77763
4.69069
3.00642
4.33153
3.81871
4.9374
4.61444
3.99557
4.27861
4.63739
2.95871
3.54396
4.99594
1.74267
4.39375
2.84276
2.36372
2.82033
2.45436
1.50163
3.40967
4.71023
4.91315
3.75954
4.27678
3.86387
4.41509
4.67195
3.91047
4.55668
4.43066
3.10034
3.61764
3.043
4.22974
3.87416
4.57926
4.02029
4.5285
4.76316
4.37254
4.17047
4.3272
2.45353
4.19284
4.29892
4.59449
4.29094
4.28431
4.28836
3.97305
4.35749
4.96475
2.58939
2.82849
4.29203
4.54296
2.52506
3.73243
3.42569
4.40782
4.27943
3.74003
4.2209
2.5075
2.76999
4.71286
4.6822
2.42867
2.93096
2.38046
2.93492
2.56082
2.70761
4.61559
4.40821
4.93637
4.67988
4.34962
4.76829
4.65011
4.76467
3.68588
4.39159
4.5035
4.53448
4.73453
4.14514
4.57333
4.81473
4.83747
4.8418
3.9857
1.46705
4.29114
3.79323
4.35317
3.92376
4.46414
3.86925
2.65887
4.07891
2.78933
4.06044
2.74093
2.49323
4.23926
4.61576
4.33081
4.16054
3.17679
2.61024
4.79757
4.46136
3.23574
4.47309
2.99822
3.33091
3.74797
2.19971
3.77695
4.18773
1.41606
2.48105
3.44993
3.03427
2.71453
3.08916
2.69408
2.98132
2.62156
1.47336
3.68701
4.04385
3.89232
4.05465
3.61809
4.29265
4.48374
4.20712
2.93048
4.89238
2.79618
4.08983
2.56965
4.15743
4.41092
2.2965
4.29773
4.29181
4.98342
4.44813
4.71422
2.88234
4.7824
4.5688
2.42623
2.89497
4.32814
2.90784
4.28546
4.69013
4.29855
3.96926
3.4223
3.93502
2.50468
1.559
4.25458
3.74013
2.67794
4.36368
4.36896
4.86507
4.57919
4.32021
4.9682
4.39782
4.60673
3.56405
4.50628
4.46956
2.97941
2.62479
1.36983
2.28685
1.67753
4.29935
4.11669
4.77942
4.50497
3.66524
4.37015
4.12955
4.94888
4.894
4.18241
4.52685
4.30551
4.53752
4.97712
2.85893
2.50282
4.22939
3.87319
2.37334
4.94165
4.52148
4.24122
4.20595
4.70961
4.24145
3.64881
2.35827
3.35946
3.6923
2.45581
4.40948
4.16205
2.94352
4.95911
4.62315
4.45274
3.7603
3.09482
4.7626
3.93223
4.46232
4.00772
4.47284
4.79616
4.97401
3.92177
3.66809
2.99589
4.31538
4.5909
1.51882
2.60947
1.53164
2.49002
4.09754
4.579
4.24619
2.97805
4.65291
3.84762
4.43346
4.56401
3.95296
4.33867
3.96124
3.54473
3.05456
4.5406
4.56421
4.48521
4.53723
4.16723
3.96158
4.38647
4.07055
4.44724
4.30092
2.7679
4.91973
4.94546
2.36258
3.62643
4.2219
4.15253
4.36106
4.93835
4.96662
4.34547
3.8175
2.62995
4.43524
4.82882
4.19811
4.92177
4.1365
2.54128
3.84765
3.38299
4.55871
2.5232
2.72248
4.12424
2.99712
2.42543
1.50872
4.43861
4.31445
4.85742
4.27123
4.99006
4.41206
4.55017
4.56315
3.60978
4.51388
4.79827
4.31962
4.35917
3.91343
4.22685
4.52765
4.35319
4.25339
4.51862
2.33621
4.70825
2.85312
4.15513
3.6817
4.47815
4.32577
3.67912
2.98307
3.83842
4.89714
4.61223
4.35425
4.2028
4.55061
4.3571
3.83667
4.90678
2.94435
2.48469
3.05876
4.26254
4.88596
4.55208
3.76281
4.17086
1.53549
2.54174
2.7887
3.49222
1.50785
2.36599
2.7523
1.4487
2.52757
3.98157
4.69671
4.2802
2.8632
3.80801
4.53371
4.91749
4.30907
4.20713
4.47058
4.17172
4.06641
3.75935
4.35102
4.57668
4.38979
2.51167
2.92937
4.96393
3.86135
4.40865
2.83678
4.39714
4.57762
3.90527
4.40159
4.38104
3.6653
4.32971
2.96009
4.92289
2.42363
1.5116
4.37127
2.91005
2.49903
1.65896
3.49072
2.91419
2.60292
4.97038
4.19315
4.33183
4.93247
4.56225
4.97347
4.63687
4.36429
4.58462
4.56107
3.56404
4.50232
2.76496
4.39802
4.48047
4.50594
4.42883
3.83898
2.48776
4.26935
4.29729
4.55254
4.43291
4.27048
3.83697
4.28131
4.09387
4.96911
4.29552
4.68077
4.21114
3.97636
2.67563
2.93568
2.52471
4.26309
2.85027
2.47775
4.50991
3.47237
3.85857
4.60797
4.89239
4.19391
3.79528
4.91878
3.73181
4.50172
4.90418
3.21114
4.24358
3.88023
4.89685
4.51209
3.81958
4.24355
4.52693
2.94327
3.42133
4.96909
3.86129
4.509
4.97961
4.91471
4.24071
4.68292
4.42921
3.9766
2.89226
4.30905
3.80928
4.58148
4.96003
4.94486
3.89128
4.61367
4.29683
2.98233
3.74039
4.54343
4.27946
3.67436
4.21734
4.78203
4.2996
4.20845
4.22423
3.85077
4.13071
2.52073
4.33547
4.34639
4.58074
4.97661
4.4647
4.26547
3.88319
4.31196
2.50153
2.88217
4.9667
4.44217
4.92707
2.383
2.94187
4.16486
4.4962
2.38503
3.71006
3.3746
4.49907
2.32977
2.78923
2.61726
2.72952
2.44624
2.89036
3.34547
4.25525
4.69188
3.73232
3.92407
2.56505
3.85008
2.38543
3.88834
4.36425
1.57266
3.42071
4.26637
4.431
4.96352
4.99038
4.28799
4.46812
3.35892
3.56961
4.15175
1.39673
2.37979
3.76886
2.43229
3.69891
4.94993
4.38184
4.08136
2.8448
4.35878
3.09878
2.49558
4.51463
4.27425
2.99233
3.36579
4.0855
4.65177
4.93863
4.81465
4.33258
4.48231
4.95723
4.9471
4.43788
4.1352
4.59327
4.26668
3.04349
2.46565
2.79628
2.59434
2.97436
2.45899
3.78866
3.64275
3.73857
2.4758
3.84147
2.40165
1.56719
4.38313
3.44166
4.64524
4.32615
3.66696
3.43312
1.48176
4.35345
3.76629
2.64855
3.84099
2.41841
2.90134
4.95352
2.86812
4.4075
4.57702
2.44838
3.04419
4.27077
4.87251
4.29006
4.17754
3.54637
4.55519
4.3391
4.93113
4.31071
4.67228
4.92064
3.85997
3.33406
3.89242
2.26346
1.48285
4.24871
3.81339
2.48388
2.94914
4.32294
2.50523
3.03246
4.07979
2.75451
4.45774
4.91293
4.63739
4.33939
2.87175
4.98408
2.70988
4.35566
2.90717
4.37299
4.52988
2.46618
1.53809
3.8474
4.31811
3.79687
4.32169
3.76408
4.27139
4.66134
4.32712
4.99156
4.23707
4.66463
4.56126
4.28549
2.87052
2.5913
1.4894
2.50986
1.62556
2.41033
3.44845
3.90339
4.36525
2.99003
2.64942
4.62815
3.88506
3.51579
4.12682
4.55983
2.86481
4.1909
4.53614
3.60664
4.49505
4.85416
4.71901
4.42193
4.83197
4.17366
1.3831
3.3747
1.45519
2.49542
2.85964
2.37819
2.91185
4.28957
4.52077
4.92021
2.87116
4.21012
3.7284
2.42179
2.77475
4.94514
4.64853
4.19514
3.76629
2.36444
3.53528
3.77386
2.46687
4.49085
4.2425
2.79428
2.49263
4.73234
4.71685
4.39553
4.23585
4.28419
3.73427
4.31015
4.91607
4.45321
4.25988
4.53919
4.87232
2.83102
2.42418
4.21788
3.78844
4.25022
3.80212
4.25335
4.32617
4.17305
4.6164
1.39822
2.45211
1.63739
2.37691
3.61882
4.94318
3.37921
4.41942
4.12306
2.85227
2.6259
3.89925
3.51768
2.81547
4.42289
4.63983
2.53505
1.43409
4.41926
1.59625
3.66413
2.99227
2.83017
3.06548
2.65319
2.90223
4.4854
4.28828
4.09104
4.56068
4.48829
2.8722
3.92674
4.31187
2.49752
4.8261
4.1109
4.73405
3.39643
4.4715
4.50523
4.77656
4.21415
3.79856
3.48729
2.7549
4.57971
4.17474
4.45874
4.96894
4.03602
4.38863
3.10328
4.50163
4.0777
4.44534
3.83713
4.76545
4.48301
4.84295
2.9327
2.64553
1.50956
2.40481
4.05963
2.66236
3.30943
3.62786
2.35076
4.34754
3.9305
4.53155
4.6281
3.51627
3.14359
2.34644
2.41543
4.52875
3.44821
4.00421
4.27447
2.88099
2.3463
4.07501
4.74932
4.33115
4.35084
4.91596
4.23286
3.74832
3.71617
3.0151
3.67095
4.43288
4.66702
3.72289
4.86332
4.28713
4.62893
4.3234
4.74905
4.39654
3.32131
4.67924
4.38237
4.16425
4.86489
4.34381
4.96632
4.12234
1.47319
2.48219
3.69147
4.45796
4.31876
3.52731
3.02485
2.51484
2.88294
4.17087
3.63662
3.50387
4.45179
2.3588
3.69574
2.96279
3.76858
4.65172
4.42034
4.62208
3.64638
4.84563
4.19223
2.41458
4.42351
2.41502
3.79237
3.47366
2.83805
4.28643
4.22752
4.88961
3.77558
2.32854
4.32221
4.37402
4.80651
4.157
1.4676
4.29151
3.05187
2.53344
1.53331
3.56962
2.91218
2.43907
2.98947
4.97991
4.45211
4.68491
4.87065
3.79735
4.56825
4.37057
3.91846
4.32363
2.91243
2.46315
2.92816
3.85858
4.78571
4.5268
4.01469
4.58705
4.43765
4.51597
4.33457
2.3963
2.87994
4.92821
3.76497
4.31326
4.29256
4.63669
4.30687
4.21459
3.7479
4.34132
2.9965
4.25509
4.40935
4.5974
4.53607
3.62375
4.54499
4.34556
1.5701
2.47275
2.79702
2.37263
2.89499
3.42138
1.48696
2.47146
2.55665
4.67867
4.39978
3.13986
3.59597
4.03429
4.43097
4.16878
4.6386
2.32851
4.29313
3.69322
4.87952
2.83786
3.73906
2.91176
4.32473
4.53872
3.49409
4.93144
2.777
3.8265
4.13801
4.74175
4.4754
2.41243
4.37155
2.90827
2.35642
4.57307
3.41766
3.72052
4.32545
4.83341
4.25913
4.57507
4.3242
3.77285
2.51241
4.9548
2.88137
2.51826
4.24771
4.53299
4.7481
4.41375
4.06435
4.28843
4.39485
3.8869
3.68222
4.23684
4.85627
4.45409
4.23978
1.44845
4.25019
2.7162
2.39599
2.8443
2.35999
1.4839
3.41892
4.44909
4.34151
4.68427
4.45347
4.49615
3.59736
3.67735
2.91709
4.57538
4.52708
3.53971
2.91365
3.72211
4.17461
4.71142
4.79728
4.87067
2.36692
4.55918
2.52783
3.06037
4.36917
3.86423
3.62074
4.62027
4.15464
2.40656
3.74512
4.18635
2.918
4.93554
4.27601
3.77819
4.53276
4.11092
2.77299
3.32482
2.76416
4.84753
4.28045
3.7671
4.34158
4.8916
4.93626
4.55119
4.98398
4.91468
3.75869
4.23789
3.85388
4.95698
4.19473
4.4064
4.53588
2.38095
2.901
2.51606
2.86835
2.44869
2.86462
3.46741
4.29884
4.50316
4.73449
4.27293
4.585
3.5418
4.27658
4.50237
4.9182
2.70511
4.22773
2.78656
2.53079
4.51017
4.17559
2.94239
3.53971
3.73482
4.19448
1.46006
2.4637
3.68174
2.42398
3.83657
4.42465
4.16153
4.7735
4.12097
4.3275
3.30146
4.24967
4.87658
4.87073
4.89367
4.67244
4.22665
4.89401
4.45499
4.15489
2.87426
2.53306
2.86096
2.49757
2.91828
2.51686
3.81035
3.46153
3.7736
2.41243
3.90575
2.46727
1.47146
4.20949
4.9407
4.669
4.20876
3.77246
3.50632
1.53462
4.30906
3.84078
2.51024
3.89281
2.32038
2.72802
4.96066
2.97643
4.18317
4.3957
2.46349
2.80446
4.18911
3.45386
4.6447
4.30344
4.93544
4.17855
4.35121
4.92631
4.72005
4.46054
3.84802
3.58778
3.81153
2.68271
1.67688
4.25492
3.91462
2.69791
2.88621
4.59945
2.41204
2.92243
4.34336
3.08194
4.36094
4.49073
4.27511
2.98692
3.06272
4.27902
2.87887
4.44563
4.62828
2.42699
1.43702
3.97853
4.28528
3.85925
4.35432
3.76247
4.20753
4.8935
4.35764
4.44592
4.55913
4.35609
2.85086
2.46269
1.5076
2.34944
1.63406
2.53414
3.58477
3.89068
4.51526
2.90384
2.46482
4.63362
4.85412
4.18298
4.64498
3.42697
4.55454
4.39729
4.36753
4.23961
2.84306
4.94801
4.44649
4.34374
3.93465
4.29394
1.55253
3.5157
1.52807
2.5101
2.87617
2.59665
3.00135
4.44285
4.73464
2.94383
4.3804
3.83851
2.47822
4.8082
4.17762
3.656
2.26534
3.33519
3.84662
2.37842
4.36244
4.14382
2.84833
2.49283
4.99698
4.49087
4.27209
4.37115
4.19467
4.90536
4.16072
4.32838
4.54969
4.303
4.28691
2.88
2.39536
4.21914
3.81561
4.47654
3.96932
4.52819
4.39561
1.53608
2.40934
1.45211
2.51869
3.8971
3.64951
4.83674
4.35085
3.04361
4.32946
4.20583
2.90267
4.99308
3.76851
4.48091
2.37636
1.43544
4.26597
1.54164
3.5671
2.91427
2.41106
3.02664
2.40886
2.97614
4.83467
4.98179
4.41626
3.89919
4.26555
4.91943
4.4655
4.2721
4.64457
3.51878
4.5676
4.65655
4.8934
4.73826
3.75001
4.25375
3.74883
3.56335
3.01565
4.43051
4.43496
4.56211
4.93725
4.98615
4.52177
4.19689
2.82112
4.6042
4.95782
3.76147
4.24801
3.83476
4.95143
2.89183
2.4337
1.45179
2.53394
4.31145
2.98974
3.72727
3.81867
2.55836
4.60927
4.31785
4.94404
3.76792
2.43236
2.50362
4.57998
3.48911
3.74553
4.4041
2.75683
2.49201
4.51319
4.99414
4.59388
4.32892
4.51748
3.79817
2.92997
3.53624
4.39202
4.547
3.71072
4.91432
4.11528
4.90353
4.18857
4.58802
4.62842
3.5519
4.73425
4.61514
4.28056
4.22303
4.87084
4.19217
4.8523
1.41948
2.60959
3.87663
4.62315
4.34583
3.52704
2.91102
3.71501
4.10836
3.70028
2.76811
3.31891
4.53957
4.09849
4.4755
4.95647
2.58692
4.31477
4.71444
4.5213
2.53096
4.65932
2.56302
3.8743
3.58604
3.14421
4.41893
4.31717
4.99493
3.83944
4.52075
4.02088
3.78748
4.00923
2.86159
4.77635
2.4168
1.48694
4.2379
2.73177
2.49427
1.48243
3.31892
2.7669
2.55517
2.94069
4.21867
4.53666
4.95455
3.9175
4.29514
4.11247
2.80777
3.75158
4.37006
4.88193
4.0951
3.73703
4.34779
4.28353
3.99637
4.42795
4.67649
4.12118
2.54445
2.91686
3.85855
4.34306
4.4752
4.69915
2.9069
4.26414
4.58265
4.58277
4.50261
3.50116
4.6373
4.13756
4.47402
2.50856
4.2696
4.06242
2.85345
2.43563
2.37941
4.60654
4.25417
2.79974
3.62887
3.6682
4.24312
4.92435
2.94542
3.88013
4.44935
4.72245
3.74747
2.90898
4.26565
4.52484
3.6386
4.81886
4.33776
4.36874
4.34702
3.65494
2.47606
4.97996
2.88014
2.44662
4.04917
2.95045
2.515
4.3412
3.37353
3.88121
4.22834
4.31983
4.12845
4.30667
3.77217
2.44583
4.28319
4.18809
4.89036
4.42964
4.24221
4.55872
4.43536
3.80826
4.1983
4.97314
1.48626
4.45677
2.95544
2.53359
3.05427
2.54756
1.61416
3.53769
4.89226
3.74816
2.97615
4.54316
4.28512
3.35083
2.81864
4.03196
4.36025
4.58046
4.92261
4.33205
2.55574
4.47674
2.49505
2.87314
4.28641
3.95916
3.46628
4.57311
4.41218
2.37811
3.73556
4.23941
2.75098
4.94059
3.79238
4.58178
4.50678
3.03028
3.6509
3.0174
4.34601
3.92608
4.79308
4.5971
4.93955
3.76982
4.41047
3.79403
4.47503
4.7534
4.76729
2.49829
3.03213
2.68042
2.90137
2.53294
3.00437
4.96554
4.39984
4.91318
4.49648
3.56121
4.53463
4.47454
4.80802
4.66829
4.39249
4.76287
2.87599
4.04171
2.84537
2.39304
4.39596
4.28336
2.72217
3.43225
3.8849
4.26813
1.35206
2.3925
3.649
2.19924
3.79733
4.97831
4.79174
4.29743
4.52141
3.50989
4.3472
4.56162
4.86049
4.83071
4.13327
4.9701
4.59386
4.34443
3.07424
2.50323
3.04494
2.65209
2.97246
2.60329
2.97661
4.95354
2.84426
4.31354
4.54715
2.4539
2.91101
4.37054
4.96809
4.64588
4.28162
3.77169
3.48212
1.37678
4.28401
3.76199
2.33932
3.72014
2.43845
4.92312
4.40167
4.68451
3.53954
4.49041
4.44348
2.98282
4.81737
4.63761
2.46698
2.74984
4.34084
2.79806
4.18224
4.91666
4.58153
4.96935
4.39468
3.90333
3.49522
3.92428
2.45293
1.72313
4.35861
3.86618
2.59105
1.43081
3.6909
4.32465
3.92475
4.35463
3.74966
4.37819
4.54626
4.19373
2.72836
4.87761
2.85623
4.25051
2.93562
4.26621
4.29437
2.42106
4.50662
4.18332
4.98109
4.31943
4.67744
2.8995
2.48776
1.50157
2.41398
1.49368
4.33937
4.21844
4.51802
3.57121
4.46099
4.53997
4.52319
4.14299
4.51605
4.88542
2.99116
4.3101
3.83442
2.55155
2.90397
4.77541
4.53617
4.24548
3.65572
4.21609
1.53144
3.50204
1.5527
2.32881
2.72126
2.27312
2.78458
2.48064
4.68683
4.26336
4.25193
4.25606
3.76468
2.51086
3.56427
3.83827
2.46509
4.62949
4.3829
2.89773
4.33985
4.1381
4.26642
3.80044
4.22755
4.31148
4.15659
4.49025
4.28309
4.61795
4.97984
2.89771
2.49534
4.31873
3.82924
1.66694
2.51112
1.61635
2.46213
2.9629
4.46311
4.89774
4.25983
3.74594
4.59577
4.33404
3.06231
3.95153
4.34574
2.45428
1.46682
4.37649
1.65366
3.56804
2.90551
2.45325
2.93247
2.39243
4.9209
4.28552
4.57566
4.23095
4.52129
3.43506
4.40313
4.33008
4.49761
4.95936
4.96819
3.89311
4.39323
3.82186
3.45209
2.99982
4.6641
4.31978
3.82467
4.54302
4.25214
2.75118
4.64033
4.96648
3.90233
4.25383
4.96176
3.01539
2.67886
1.46859
2.45932
4.21505
4.95638
4.66216
4.30076
4.59604
3.93873
2.61131
2.64859
4.77235
3.66019
3.91107
4.47054
2.86663
3.65301
4.75841
4.20432
4.65778
3.72371
2.87301
3.29474
4.11723
4.45344
4.18861
4.71684
4.40378
4.46624
4.63386
3.65738
4.51938
4.57898
4.36827
4.26683
4.96733
1.43291
2.46209
4.66081
3.8858
4.96856
4.22895
3.75154
3.04444
3.5537
4.56433
4.31841
4.35585
4.9481
3.87704
2.37867
4.98617
4.22907
4.44839
4.82239
4.10905
2.48041
4.52789
2.42808
3.65992
3.28227
2.64967
4.1272
2.95271
4.49462
4.53423
3.799
4.42687
4.30343
3.8465
4.43156
2.86278
4.90658
2.45428
1.48006
4.45098
2.95518
2.52166
1.53449
3.57061
3.02394
2.54142
3.88332
4.64612
4.24217
2.80352
4.02696
4.766
4.41292
4.23696
4.53441
4.13602
4.25639
3.60589
4.16119
4.50524
4.36325
2.45941
2.95832
4.94542
3.80538
4.22619
2.88181
4.42491
4.98966
4.33941
4.63774
2.61193
4.45804
3.85867
2.88798
2.48694
2.673
4.65028
4.35749
2.95472
3.55949
3.83823
4.96344
2.78279
3.80686
4.24875
4.41415
3.75154
2.78354
4.13307
4.3143
3.21231
4.2321
4.82097
4.17325
4.50535
4.18226
3.93271
2.46658
4.92775
2.89759
2.36323
4.2395
2.81394
2.45486
4.50374
3.55797
3.79485
4.29032
4.31723
4.35074
4.28388
3.74017
2.32948
4.40982
4.43232
4.85277
4.54286
4.93763
4.49398
4.06636
3.75583
4.29819
4.89651
2.95254
3.87399
4.49635
4.62853
4.91072
3.78583
2.92547
4.64756
4.24664
3.47112
4.36053
4.1484
2.46522
3.79998
4.23809
2.87218
4.91435
4.27635
4.81204
2.34884
4.52225
2.48751
2.74458
4.09612
3.60208
3.42439
2.78805
4.29887
3.67415
4.43935
4.7977
4.91313
3.80986
4.56032
4.26297
2.91912
3.43965
3.85674
4.36322
4.155
4.42266
4.21486
3.7497
4.92738
4.60171
2.38162
2.96486
2.50118
3.04897
2.52948
2.99051
3.41064
4.43563
4.70185
3.60621
4.01731
2.50618
4.08358
2.69401
3.86009
4.44466
1.5691
3.77788
4.40387
4.41165
4.45167
4.78735
4.87152
4.45202
4.02679
4.49642
4.48601
3.6292
4.44902
4.53706
4.82344
4.91142
4.4616
4.64013
2.91992
2.70876
2.89243
2.52902
3.07625
2.36017
3.76574
3.41407
3.6963
2.54911
3.79773
2.43335
1.38568
4.30378
3.54045
4.54307
4.40729
4.02172
3.57008
1.63184
4.36089
3.86993
2.56006
3.8415
2.49034
2.84197
4.93288
2.94388
4.27211
4.42855
2.48723
2.83595
4.29813
4.69291
4.39867
4.83981
4.19832
4.51578
4.58293
4.12408
4.99481
3.97022
3.49172
3.68803
2.62139
1.4589
4.29498
3.9143
2.3865
2.74181
4.4885
2.56912
2.85674
4.26635
2.79356
4.26802
4.60776
4.39833
3.09113
2.91785
4.47064
2.96208
4.36912
4.69964
2.48889
1.53894
3.7876
4.34279
3.91293
4.25934
3.94397
4.24523
4.51796
4.55353
2.99295
2.48367
1.72357
2.50274
1.61449
2.54409
3.49866
4.01458
4.34468
2.9203
2.70795
4.5939
3.77733
3.25487
4.21744
4.37778
2.81538
4.44224
4.51857
3.55896
4.57402
4.52225
4.4927
4.31447
4.92528
4.29876
4.3955
2.73581
2.34423
4.2544
3.7661
4.28698
3.8046
4.40514
4.10846
4.41073
4.6047
2.5146
3.32075
3.92509
2.56816
4.6221
4.28966
2.94077
2.45247
4.98316
4.66357
4.31325
4.24593
4.84365
4.27664
3.83023
4.33883
4.93333
4.35584
1.49674
2.55005
1.51466
2.63877
3.89608
3.74781
4.61205
4.44098
3.12178
2.52603
3.70876
3.45639
2.75207
4.20582
4.46171
2.51213
1.53153
4.3217
1.66461
3.48781
2.82512
2.5573
2.83906
2.43143
3.02997
4.73484
4.99847
4.43035
3.7744
4.42942
4.2932
2.88315
3.80065
4.3497
2.48814
4.05472
3.73898
3.13934
4.70906
4.469
4.60401
4.94819
3.81789
4.36402
3.0871
4.67496
3.84676
4.42262
4.0244
4.44876
4.50961
2.97287
2.42459
1.61254
2.51249
4.25768
3.02695
3.46628
3.78002
2.58291
4.58748
3.81158
4.16647
4.60943
3.51064
2.90855
2.62828
2.50819
4.51591
3.43441
3.78684
4.19856
2.77637
2.52538
4.33211
4.89433
4.54864
4.15115
4.29374
3.92111
4.82713
4.40782
4.62934
4.63348
3.53091
4.50833
4.508
4.15843
4.92023
4.92453
4.35895
4.87597
4.3149
1.52646
2.68963
4.04605
4.69601
4.55449
3.6726
3.15119
2.22553
2.67242
4.14135
3.66151
3.24887
4.30626
2.48167
3.87376
2.8504
3.30794
4.33784
4.19348
4.61074
4.99381
3.6276
4.86518
4.09993
4.74783
4.26336
2.49421
2.99908
3.8669
4.44277
4.3728
4.50924
4.25686
4.2359
4.02252
4.48567
1.63093
4.22057
2.81397
2.42377
1.63899
3.48566
2.76207
2.63282
3.04812
4.45421
4.68066
3.78624
4.34036
4.07883
3.62051
4.06603
2.70682
4.84001
4.78171
2.35087
2.73375
3.66782
4.33788
4.8184
4.16014
3.83316
4.95349
4.30567
4.82318
4.17424
3.01958
4.32843
4.5197
4.75269
4.64776
3.68905
4.51838
4.15794
1.58169
2.33104
2.82835
2.26088
2.80033
3.38124
1.51837
2.50852
2.52516
4.55549
4.21615
2.9335
3.45867
3.74298
4.349
4.87499
4.16326
4.57987
2.42885
4.30127
3.92483
2.83585
3.89789
4.25952
4.59802
4.54715
2.71972
4.32062
3.14566
2.75255
4.73348
3.66353
4.02991
4.34708
4.21312
4.66927
4.34146
3.83146
2.50948
4.82232
2.98573
2.62502
4.40309
4.27429
4.64033
4.43922
4.31932
4.35727
4.19424
4.00705
1.5344
4.08403
2.74161
2.50816
2.80439
2.29104
1.56493
3.39755
4.52994
4.33372
4.49231
4.66582
4.49341
3.60846
4.06482
2.95572
4.52446
4.2679
3.39396
2.83779
3.77268
4.2195
4.38359
4.91884
4.13942
3.73256
4.89958
4.14514
4.54721
4.93762
3.9615
4.32426
4.3719
2.87775
3.36683
2.67899
4.23187
3.63036
4.36028
4.79145
4.64542
4.84865
3.75224
4.43918
2.41882
2.96863
2.40399
2.80855
2.62037
2.80743
3.53044
4.32309
4.52529
4.37255
4.48123
3.46544
4.32815
4.54865
4.89704
4.77937
4.20915
4.88125
4.53127
4.34175
4.30881
4.47314
3.37305
4.19118
4.55397
4.90137
4.9867
2.88468
2.32899
2.90526
2.50711
2.70614
2.54773
3.77657
3.59253
3.97124
2.33514
3.68771
2.62895
1.50792
4.38619
4.58545
4.29712
3.60259
3.59034
1.51562
4.27618
3.69863
2.55016
3.8414
2.43075
2.75137
2.83825
4.27538
4.53346
2.56092
3.09137
4.11993
4.27277
4.65428
4.59779
4.31248
4.434
4.15503
3.72549
3.60862
3.92218
2.48964
1.55262
4.41042
3.8288
2.60887
3.06325
4.72373
2.49763
2.94053
4.4392
3.01025
4.25117
4.54575
4.34385
2.95232
4.82554
3.07785
4.43707
3.08304
4.41038
4.64703
2.64632
1.65048
3.83649
4.38397
3.85469
4.36224
3.95796
4.28735
2.94805
2.56957
1.40786
2.49609
1.51895
2.55259
3.78713
3.8431
4.33136
3.0442
2.54766
4.65661
4.99708
4.19172
4.48898
3.60739
4.54911
4.62064
4.64155
4.28989
4.93355
4.95016
4.92788
4.24017
4.52094
4.19137
4.52482
4.75525
2.86947
2.53524
4.93014
4.13608
3.95565
4.2621
3.76381
4.41177
4.39428
4.72046
4.17804
3.62285
2.31285
3.49909
3.74619
2.36948
4.54175
4.18356
2.81902
2.49538
4.53402
4.37896
4.24054
4.29913
4.97524
4.33502
1.50508
2.56193
1.55265
2.56605
3.8549
3.34755
4.42538
4.35231
2.9391
4.79894
4.32139
3.10283
4.98292
3.87527
4.41661
2.54207
1.41239
4.25296
1.47123
3.46618
2.74586
2.50794
2.87987
2.41497
2.72595
4.3647
4.75208
4.18629
3.80616
4.97898
3.88488
4.28436
3.78082
3.60561
2.9015
4.55588
4.32723
4.6131
4.82535
4.65789
4.36211
3.01696
4.61765
3.8833
4.28375
3.82068
2.94492
2.50619
1.67025
2.60862
4.58138
2.98675
3.57278
3.99647
2.69253
4.67951
4.38746
4.93845
3.81313
2.37075
2.573
4.6168
3.52264
3.93129
4.30762
3.03812
2.50109
4.30519
4.67871
4.48874
4.94177
4.20694
4.54888
4.65453
3.5366
4.44629
4.63129
4.377
4.40668
4.46985
1.53659
2.47683
3.79638
4.74696
4.24466
3.63877
2.94404
3.91028
4.99098
4.30471
3.72124
3.05793
3.63662
4.56367
4.37502
4.50461
4.16362
4.12336
3.81889
4.32276
4.48826
4.32928
4.96895
2.42559
2.97521
4.72545
3.70087
4.45373
4.24127
4.65561
4.61597
4.39879
3.68014
4.4246
2.86037
2.36892
1.38411
4.42451
2.95867
2.54797
1.52723
3.58949
2.90177
2.50048
3.01948
4.30549
4.61325
3.89633
4.5991
4.34703
3.00594
3.91973
4.77398
4.42651
3.88942
2.97246
4.37147
4.57949
4.39989
4.61474
3.49246
4.71775
4.49524
4.4277
2.51994
4.23435
3.77237
4.85133
2.79557
2.33549
2.39838
4.39668
4.07617
2.76786
3.28704
3.72436
4.13843
4.90796
4.52633
4.4147
3.79342
4.46013
4.88386
4.52401
4.49009
4.19108
3.90679
2.4467
2.82158
2.4086
4.28213
2.85082
2.35192
4.53313
3.36263
3.76721
4.36205
4.99126
4.90065
4.38936
4.19604
4.19193
3.68018
2.37133
4.16767
4.22872
4.89602
4.39905
4.16575
1.45019
4.46267
3.09597
2.58514
2.93151
2.57295
1.69312
3.5511
3.82466
3.11945
4.70595
4.5157
3.73044
3.00019
3.86379
4.52592
4.90276
4.27263
3.80963
4.1895
4.617
4.84372
3.70096
4.5978
4.35142
2.9051
3.48958
2.84069
4.33104
3.90926
4.53624
4.90316
4.71634
4.00948
4.61138
2.58703
2.96589
2.50717
2.84343
2.50808
2.83861
4.99795
4.96646
4.3885
4.68258
3.55328
4.23057
4.38714
4.6581
4.2859
4.84915
4.39443
4.31196
4.93019
4.86496
4.2082
4.43985
3.29971
4.28083
4.58998
2.91158
2.53342
2.87849
2.50054
2.91401
2.68069
3.00025
4.88265
2.8287
4.32098
4.51601
2.38797
2.88101
4.20136
4.61234
4.34109
3.86171
3.52083
1.59462
4.47308
3.92507
2.64014
4.05315
2.39217
4.43293
4.29003
4.98232
4.31855
4.79485
3.01491
4.8306
4.44573
2.45264
2.96371
4.22929
2.8642
4.33115
4.83395
4.57906
4.34412
3.85561
3.45975
3.77186
2.43931
1.45893
4.33761
3.66929
2.39117
1.44383
3.71854
4.31567
3.63798
4.2347
3.86694
4.1904
4.51087
4.42118
2.9475
4.91936
2.85181
4.26385
2.76912
4.15253
4.60542
2.51103
3.01909
2.47514
1.5026
2.56409
1.43831
4.35158
4.8391
4.38916
4.47054
3.48868
4.61211
4.75381
4.51266
4.20583
3.66863
3.94358
4.09838
4.45953
4.74211
4.36209
4.51992
4.99267
2.88167
2.62753
4.40287
3.83484
2.3537
4.70178
4.51836
4.28411
4.18721
4.38617
3.86253
2.42038
3.49005
3.82868
2.52277
4.58579
4.14919
2.7693
4.22442
4.39797
4.8766
1.52677
2.45956
1.49698
2.64782
2.93304
4.54127
4.26362
3.82565
4.42202
4.34932
2.81876
4.99048
3.84698
4.28351
2.46196
1.49588
4.30588
1.40881
3.55386
3.01132
2.49157
3.04554
2.42814
4.8705
4.64479
4.98338
4.81116
3.69208
4.21906
3.7438
3.33782
2.80426
4.36533
4.15739
3.78454
4.57147
4.29648
2.89169
4.4362
4.91032
3.70102
4.26176
2.76452
2.4111
1.54311
2.49592
4.23321
4.87681
4.45886
4.21386
4.22805
3.8135
2.46453
2.3338
4.59546
3.60312
3.8241
4.40158
2.88652
4.31679
4.81789
4.10778
4.67269
4.37286
3.37111
4.66175
4.3808
4.22337
4.26075
4.78164
1.49276
2.44411
4.55734
4.88587
3.99299
4.40774
3.81724
2.8647
3.71246
4.86354
4.18247
4.27611
4.94573
4.43637
4.34054
4.40437
3.91384
4.46738
4.52864
4.33048
2.42427
3.02232
4.9817
3.90937
4.35869
2.84529
4.30562
4.62539
4.97679
3.78285
4.61004
4.3277
3.96207
4.31128
2.9843
2.53962
1.50734
4.31806
2.95447
2.51803
1.5665
3.58353
2.81634
2.33578
3.77007
4.74806
4.53622
3.01889
3.78135
4.52335
4.93798
4.31539
2.95474
4.29228
4.95824
4.28618
4.70607
2.6089
4.39995
3.9679
3.03662
2.5151
2.39305
4.65427
4.40696
3.01712
3.77738
3.7219
4.50917
4.31728
3.6645
4.36938
4.95318
4.2562
4.85835
4.20193
4.46044
4.2771
3.7482
2.40965
4.90455
2.82547
2.38909
4.25791
2.7575
2.37008
4.49771
3.32249
3.60565
4.19869
4.37683
4.3548
4.46878
3.9253
2.50897
4.14579
4.22372
4.48091
3.11157
3.92097
4.39402
4.65951
4.93191
3.91033
3.02382
4.793
4.57143
3.66006
4.24863
4.3276
4.2747
3.97332
3.01879
4.49338
4.02253
4.65361
4.97921
3.71435
4.60004
4.37462
3.03013
3.53505
3.99161
4.72989
4.48392
2.57329
2.8435
2.3936
2.9507
2.3836
2.87825
3.72357
4.21279
4.42612
3.42436
3.74611
2.47353
3.80541
2.42254
3.80387
4.26517
1.60045
4.79357
4.71669
4.4947
4.51696
4.28819
3.62704
4.23445
4.53938
4.98986
4.15204
4.68908
2.84014
2.36175
2.86805
2.49562
2.7959
2.51002
3.77482
3.51231
3.85597
2.39077
3.6848
2.4766
1.50475
4.33145
3.39158
4.56964
4.2275
2.81214
4.88241
2.97207
4.20015
2.91696
4.23443
4.52161
2.41587
1.59888
3.71304
4.46649
3.87568
4.29034
3.8416
4.3377
4.58468
4.18502
4.98055
4.31941
4.50501
4.66434
4.5358
3.88642
3.62641
3.87496
2.5319
1.63411
4.34763
3.84702
2.59684
2.98166
4.78729
4.70198
2.58872
2.97929
4.36512
3.08556
4.32917
4.96616
4.45038
4.46023
2.86216
2.4647
1.44483
2.3356
1.49138
2.56929
3.62221
3.80614
4.23656
2.93017
2.35592
4.667
3.7244
3.5108
4.30306
4.55819
2.89956
4.11541
4.8849
4.26502
4.43665
4.49596
4.85463
2.94009
2.47835
4.30438
3.81975
4.23515
4.01096
4.38072
4.23661
4.20565
4.53757
2.52116
3.44003
3.8361
2.36791
4.51127
4.29361
2.86518
2.53258
4.99297
4.56667
4.38388
4.38563
4.94318
4.0951
3.92684
1.49684
2.55232
1.54679
2.45571
3.86185
3.42005
4.4241
4.22597
2.79161
2.49246
3.93245
3.70167
2.92043
4.32394
4.58365
2.59279
2.85617
4.63342
4.93613
3.75672
4.16614
3.80787
4.58198
4.25988
3.92685
3.54632
2.89038
4.62616
4.32385
4.57942
4.95016
3.82491
4.49198
2.94997
2.41447
1.51414
2.58232
4.32031
2.96043
3.49304
3.83093
2.43792
4.65641
3.78807
4.30732
4.66896
3.49212
3.01229
4.22111
4.95603
4.33123
4.93815
4.37339
4.54223
4.61936
3.5177
4.50163
4.59987
4.36183
4.87147
1.49612
2.4953
3.87304
4.63225
4.29146
3.51237
2.83382
2.47477
2.95618
4.47839
3.85339
3.53802
4.63911
2.43001
2.82857
3.84366
4.58477
4.90259
4.196
3.88874
4.57916
4.14665
4.64558
4.20612
2.45641
2.87375
4.85646
3.81715
4.28243
4.47455
4.48482
4.26751
4.2308
3.70536
4.23454
1.55663
4.29538
2.85926
2.57154
1.42841
3.48737
2.96033
2.47032
2.93008
4.32134
4.63405
4.912
3.95512
4.53792
4.27736
3.84856
4.24621
2.77419
4.83685
2.62891
2.80666
4.28914
4.7279
4.45632
4.46078
3.33432
4.54121
4.30904
1.57153
2.56857
3.14425
2.50631
2.95694
3.60637
1.48822
2.41668
4.35561
4.26198
4.91829
4.41742
4.29578
4.45266
4.39984
4.2725
3.74982
3.80895
4.26513
4.98238
4.53051
4.20838
2.51826
4.25217
2.95144
2.35368
4.55347
3.58218
3.787
4.26065
4.37795
4.61881
4.38188
3.87172
2.45782
3.07578
1.53944
4.40051
2.97984
2.56896
2.89453
2.54306
1.50717
3.64285
4.60603
4.25162
4.53986
4.53986
4.66863
3.54511
4.48221
4.923
3.88961
4.33028
3.74582
4.87611
4.47606
4.60734
3.88957
4.54367
4.39515
2.94836
3.55927
2.99244
4.42968
3.97314
4.71951
4.49001
2.34098
2.89657
2.37576
2.81308
2.37995
2.87164
3.40236
4.99397
4.23161
4.78676
4.87186
4.68213
4.21506
4.73399
4.54587
4.16148
4.29929
4.50642
3.47274
4.26586
4.66273
4.90975
2.89164
2.46615
2.87466
2.44777
3.02139
2.49947
3.89679
3.64138
3.95117
2.5146
3.85252
2.46621
1.55007
4.25623
4.6012
4.19659
2.74573
4.85595
2.83775
4.35139
2.75361
4.18627
4.49056
2.27909
1.476
3.79427
4.20684
3.6769
4.25355
3.83581
4.26336
4.98266
4.34005
4.65433
4.3779
4.31491
4.93718
4.62368
4.28997
3.80871
3.218
3.90846
2.46735
1.39398
4.25863
3.72058
2.45393
3.05124
4.63506
2.5791
3.10007
4.37807
2.97847
4.29318
2.85072
2.30106
1.58756
2.50557
1.44473
2.35626
3.41471
3.66211
4.19873
2.84941
2.5134
4.35598
4.22822
4.94911
4.9831
4.22466
4.28655
4.52726
4.28444
4.64885
3.0423
2.5933
4.33779
3.97975
4.48282
3.78016
4.28953
4.40554
4.40955
3.90075
2.597
4.92001
3.64881
3.90542
2.57207
4.61804
4.37706
2.95906
2.57897
4.9215
4.56524
4.2741
4.35123
1.48564
2.39993
1.5694
2.53274
3.89288
3.42216
4.57619
4.23867
2.85435
4.48648
4.14994
2.75942
4.38113
3.79107
4.21841
3.79191
4.91739
3.84098
4.27551
3.81236
3.49709
2.84587
4.52861
4.24718
4.66358
2.76256
2.42052
1.5261
2.55672
4.30077
2.81319
3.56473
3.73207
2.4042
4.55786
4.09804
4.87916
4.23394
4.89172
4.90643
4.20921
4.89886
4.49944
3.40227
4.67281
4.4645
4.34482
4.99708
1.51177
2.50425
3.81484
4.57125
4.21558
3.49643
2.97495
4.4446
4.16957
2.80939
3.7333
4.44365
4.91799
4.1076
3.76327
4.30035
4.33815
3.73176
4.23162
4.51288
4.41356
2.64383
3.04327
3.81704
4.47447
4.30225
4.74191
4.64224
4.30952
3.81356
4.32993
2.96387
4.95979
2.49706
1.57082
3.98947
3.01395
2.51203
1.59704
3.50738
2.9413
2.48399
3.0216
4.35965
4.64511
3.87907
3.01605
4.34571
4.41902
4.56893
4.60589
3.61966
4.49473
4.16343
4.27608
4.32718
3.76335
2.5085
4.25224
4.39675
4.59401
4.39547
4.49574
4.11881
3.96089
4.35064
4.87289
4.2804
4.60703
4.22476
3.83355
2.48846
4.92032
2.90629
2.48203
4.98027
4.39743
3.03119
2.60662
4.56594
3.60409
3.87028
4.45496
1.52684
4.27015
2.84724
2.34127
2.85472
2.37564
1.51139
3.36736
4.46679
4.77005
3.75829
4.33034
3.84758
4.19082
4.49254
4.9986
3.87498
4.63217
4.34911
2.91876
3.50164
2.98695
4.27601
3.78071
4.575
4.87596
4.57988
2.39227
2.90297
2.56178
2.87064
2.56316
2.87279
4.96455
4.60419
4.1924
4.89886
4.40449
4.19113
4.92168
4.94855
4.31818
4.55904
3.54341
4.23683
4.68412
3.02114
2.66911
2.86413
2.4809
2.95428
2.3712
1.39845
3.86872
4.2984
3.7059
4.30476
3.69938
4.11107
4.5453
4.25865
3.0347
4.98407
2.97842
4.30214
2.78028
4.39642
4.6205
2.34139
4.44989
4.27865
4.30294
4.50549
2.92188
4.90642
4.53902
2.42657
2.77217
4.2804
2.93611
4.27161
4.96654
4.58081
4.38549
3.91642
3.56059
3.94097
2.51151
1.56894
4.31213
3.93885
2.58596
3.05696
2.56218
1.63187
2.66528
1.41993
4.28439
4.39024
4.99304
4.40239
3.90098
4.43373
4.334
4.21381
4.53753
4.2492
4.6068
4.94143
2.81796
2.37857
4.16836
3.72901
2.53151
4.99619
4.67848
4.24286
4.4534
4.35335
3.90545
2.52155
3.51719
3.87154
2.45242
4.50492
4.38927
3.01257
1.50293
2.46166
1.35966
2.56682
3.9068
4.46927
4.21363
2.96017
4.66616
4.94355
3.80456
4.3343
4.98034
4.97618
4.71459
4.98027
3.74153
4.32697
3.96543
3.62422
3.08002
4.68582
4.45947
2.84838
2.4022
1.63161
4.14341
4.26407
4.79331
4.93312
4.34923
4.85213
4.90627
4.38528
4.57789
4.51687
3.45211
4.66165
4.61715
1.58588
2.30172
3.7139
4.62235
4.99895
4.02672
2.83439
3.72332
4.26908
4.9082
4.08253
4.39925
4.69628
4.28201
4.26497
3.9014
4.47689
4.77288
4.44063
2.51952
2.96848
3.90838
4.34673
2.9568
4.30814
4.45457
3.92075
4.55199
4.09541
3.93482
4.315
2.87782
4.98346
2.53313
1.65811
4.34197
2.99186
2.4299
1.48787
3.50396
2.95817
2.50608
2.84958
4.22326
4.16067
4.32382
4.1104
3.61596
2.42289
4.27112
4.0425
4.94402
4.4156
4.70707
4.50535
3.95175
4.43708
4.41231
4.40696
4.37548
4.5281
3.89821
2.509
4.98008
3.04843
2.77582
4.4678
2.98262
2.62078
4.68609
3.66588
3.92016
3.61983
4.46374
4.97035
4.69898
4.23176
4.58656
4.03865
3.59743
4.77338
2.81613
4.22283
3.65638
4.47675
4.89772
4.82995
3.69344
4.38567
4.1085
2.63557
3.42819
4.56539
2.6222
3.03108
2.49062
3.02093
2.5018
2.81687
3.54896
4.25314
4.56225
3.60455
3.94998
2.64412
3.92865
2.45322
4.01233
4.39533
1.50333
3.49015
4.36485
4.44543
4.8617
4.40921
4.72425
3.43158
3.82379
4.25374
1.43391
2.36195
3.79506
2.4544
3.78904
4.88934
4.48889
4.35825
4.93359
2.98549
4.37841
2.8887
2.44568
4.55092
4.35989
2.95023
2.86911
2.35623
2.9156
2.44122
2.99766
2.4704
3.73485
3.47982
3.49941
2.25356
3.66981
2.22395
1.33962
4.26847
3.49211
4.49266
4.33217
3.6756
3.64586
1.52736
4.3233
3.73359
2.65616
3.8518
2.4608
2.8835
2.78616
4.22712
4.46871
2.47315
2.9197
4.18834
4.98535
4.44781
4.40079
3.46589
4.58795
4.15238
4.81987
4.08447
4.41039
4.94197
2.98828
2.67639
1.42645
2.58098
1.51846
2.54356
3.18032
3.86348
4.24167
2.75235
2.45968
4.47115
3.85996
3.68367
4.34061
4.76029
2.95583
4.27576
4.38488
3.57924
4.4393
4.79922
4.70373
4.46518
4.92838
4.99694
4.30213
1.37963
3.45002
1.53281
2.52519
2.83048
2.41338
2.85948
4.19
4.26022
4.84091
2.73923
4.16799
3.63771
2.38174
4.98525
2.91273
4.58137
4.34212
3.93699
1.40068
2.59681
1.7132
2.36516
3.74026
4.77974
3.29802
4.4255
3.98088
2.63237
2.64962
4.08895
3.72711
3.1222
4.588
4.73856
2.71485
1.46817
4.33399
1.43443
3.60221
2.93277
2.72597
3.00205
2.5279
2.8265
4.40514
4.91693
4.21956
3.73862
4.59364
4.37932
2.98383
3.97564
4.49566
2.70308
4.58958
4.24844
4.55616
3.40252
4.54846
4.51837
4.76168
4.40434
2.98899
2.51209
1.59514
2.59792
4.14039
3.04043
3.64408
3.76414
2.47888
4.74648
3.8397
4.41782
4.53323
3.4831
2.92236
2.34375
2.45749
4.65302
3.57757
4.04729
4.31576
3.05931
2.62366
4.41916
4.70252
4.365
4.19783
4.94248
3.87071
3.94858
2.85916
3.58824
4.26987
4.66205
3.8632
4.95226
4.41385
4.59738
4.93559
1.69477
2.37764
3.76699
4.13981
4.18222
3.23776
2.75535
2.58953
3.12744
4.52966
3.88913
3.79388
4.6903
2.59229
3.77094
3.00541
3.7669
4.65795
4.42007
4.63623
4.90093
3.91425
4.52526
2.24812
4.44823
2.34421
3.74581
3.37882
2.7687
4.166
4.02492
4.70719
3.63433
2.50745
4.34387
4.62245
4.32152
2.89625
4.36172
4.51191
4.58486
4.44899
3.46388
4.50716
4.24696
1.55279
2.51038
2.92344
2.37438
2.97667
3.43097
1.51502
2.3375
2.6304
4.69062
4.45895
3.20237
3.57347
4.06623
4.45796
4.16582
4.60668
2.43317
4.38768
3.85299
4.78498
3.02416
3.78139
2.72609
4.23278
4.46446
3.33258
4.96211
2.85261
3.68012
4.24765
4.88208
4.47057
1.54628
4.44451
2.70652
2.65473
2.97431
2.43639
1.58862
3.62028
4.53839
4.25557
4.594
4.46666
4.73358
3.40714
3.70155
2.91781
4.63565
4.52628
3.64537
3.09582
3.9527
4.45578
4.67345
2.51838
4.49664
2.32342
2.87961
4.22044
3.67069
3.47761
4.46421
4.16942
2.41173
3.72205
4.26098
2.89064
4.86984
4.21404
4.96535
4.56265
2.25123
3.03781
2.41527
2.84042
2.50536
2.85663
3.39192
4.35728
4.57045
4.93154
4.25461
4.59495
3.60213
4.31849
4.69195
4.9135
3.03331
4.35223
2.98709
2.6498
4.62105
4.33687
3.0012
3.50257
3.57436
4.35705
1.50039
2.35446
3.82717
2.53282
3.71755
4.97854
4.60518
4.31764
2.90533
2.50367
2.86534
2.45246
3.03568
2.58707
3.75293
3.58
3.78038
2.46915
3.75936
2.38578
1.45649
4.3698
4.55185
4.23322
3.91588
3.56747
1.54997
4.19436
3.83824
2.54173
3.89645
2.44709
3.02292
4.99001
3.04211
4.36803
4.63473
2.45516
2.92187
4.25981
4.98571
3.53772
4.58203
4.22815
4.98988
4.28009
4.49275
2.82217
2.23641
1.44515
2.35473
1.47283
2.52369
3.69513
3.86728
4.27306
3.06331
2.61002
4.76368
4.65593
4.92266
4.16494
4.78982
3.40832
4.65606
4.44931
4.37594
4.26602
2.82308
4.87783
4.33632
4.23044
3.75359
4.21195
1.60634
3.66312
1.35771
2.38285
2.96115
2.28638
2.95122
4.45495
4.9372
3.19869
4.63865
4.23355
2.73706
1.69937
2.31106
1.4879
2.77823
3.90587
3.5258
4.6436
4.32662
3.06221
4.46867
4.23798
2.69657
4.89909
3.65227
4.24959
2.27297
1.5469
4.28133
1.45972
3.31849
2.80389
2.38811
2.75723
2.37379
3.06051
4.75193
4.92379
4.26728
3.79918
4.38333
4.96609
4.44591
4.29621
4.42703
3.5736
4.56218
4.58052
2.6967
2.46822
1.56569
2.34305
4.21291
2.82868
3.43684
3.71621
2.52554
4.56462
4.2186
3.80939
2.6158
2.53529
4.55125
3.52889
3.88801
4.34576
2.83951
2.50863
4.45133
4.55339
4.27369
4.54225
3.56023
2.80411
3.27794
4.14576
4.37276
3.80202
4.22214
1.44999
2.48226
3.76878
4.61312
4.24081
3.53342
2.92646
3.5871
4.87286
4.05032
3.70359
2.73828
4.97509
3.36516
4.38715
4.07924
4.51317
4.89982
2.55945
4.19507
4.61228
4.97112
4.35588
2.60067
4.70921
2.41195
3.74645
3.62749
2.86506
4.29665
4.44228
3.95198
3.08094
4.29976
4.39982
4.58972
4.62516
3.66373
4.47571
4.05324
4.5882
2.30126
4.12678
3.8449
4.8398
2.79026
2.47763
2.49269
4.44677
4.21806
2.93396
3.45587
3.76654
4.40466
3.00159
3.72617
4.37014
4.85417
4.62766
3.8501
2.88859
4.23629
4.62471
3.51394
1.35146
4.45067
2.80397
2.57817
2.83392
2.42987
1.69165
3.52078
4.05597
3.12293
4.70615
4.49685
3.58963
3.04625
4.10035
4.43398
4.66079
4.28207
4.87657
2.1978
4.41533
2.3572
2.59703
4.12173
3.59124
3.21409
4.3824
4.28917
2.38956
3.8228
4.22641
2.73407
4.70337
4.65591
2.50515
2.87154
2.35341
2.91839
2.52436
2.93858
4.92195
4.95424
4.28684
4.39684
3.36639
4.43405
4.5513
4.97878
4.57657
4.36721
4.90918
2.72976
4.35093
2.89169
2.32503
4.52256
4.15884
2.84362
3.56543
3.95464
4.38842
1.63297
2.68716
3.91264
2.53562
3.80574
3.0206
2.65829
2.98633
2.6172
2.94558
2.64775
2.81524
4.96334
2.98349
4.33151
4.65202
2.59189
2.89801
4.44286
4.93932
4.68762
4.35487
3.91527
3.50861
1.52615
4.44424
3.96896
2.54525
3.74951
2.60173
4.83482
4.16272
4.42445
3.4981
4.54786
4.30763
3.00009
2.37248
1.57031
2.44969
1.56603
4.28448
4.98408
4.99964
4.26004
4.53596
3.64587
4.4698
4.5907
4.70497
4.21826
4.55819
4.96753
2.91388
4.28042
3.7804
2.43524
2.91241
4.89948
4.51924
4.15319
3.69768
4.1944
1.57231
3.52035
1.40703
2.55037
2.84636
2.37238
2.78851
1.56872
2.55925
1.58587
2.65769
2.87505
4.66585
4.50023
3.86939
4.51836
4.26056
2.93466
4.78709
3.73516
4.32315
2.35311
1.4091
4.35827
1.73544
3.55387
3.01201
2.53849
2.7501
2.50265
4.88628
4.30734
4.91653
4.50607
4.39198
4.49546
3.51469
4.67265
4.56146
2.84068
2.45164
1.49654
2.57387
4.39542
4.82545
4.44852
4.3633
3.80757
2.43235
2.6482
4.75432
3.80798
3.90871
4.22367
3.10303
3.60118
4.80541
4.07089
4.36273
4.67612
4.94328
3.69511
2.69194
3.4174
4.11268
4.34497
1.40356
2.62055
4.52968
3.79821
4.926
4.20178
3.82725
3.05194
3.48976
4.45749
4.39412
4.32339
4.98904
3.83488
2.57018
4.23244
4.42049
4.88612
4.97276
4.19388
2.60865
4.64659
2.48748
3.97627
3.58848
2.84825
4.23217
2.99566
4.23366
4.93958
4.44415
4.55635
2.55382
4.34063
3.86909
2.87664
2.58683
2.61859
4.64413
4.43831
2.86425
3.43444
3.83358
4.87305
2.91599
3.84421
4.20875
4.84539
4.47947
3.8327
2.9319
4.44311
4.61176
3.47624
2.93469
3.96175
4.63287
4.72751
3.82723
3.10423
4.82807
4.46003
3.74874
4.34619
4.16811
2.23501
3.63503
4.10889
2.67631
4.82765
4.32245
4.83749
2.40508
4.49611
2.33657
2.82049
4.18855
3.74787
3.32685
4.59934
2.3714
3.08488
2.72554
2.99451
2.50632
3.09215
3.56835
4.29983
4.50052
3.39514
3.81649
2.33628
3.89459
2.61614
3.8107
4.07556
1.59753
3.62952
4.35505
4.31768
4.30071
4.70899
3.01023
2.37999
2.79702
2.3751
2.90857
2.53618
3.90069
3.72712
3.88444
2.58345
3.94876
2.56563
1.62345
4.46233
3.42767
4.82787
4.35946
3.76597
3.44017
1.45069
4.31963
3.7628
2.42842
3.77601
2.38425
2.84653
4.78611
2.85309
4.2641
4.63185
2.44687
2.93695
4.27396
4.81068
4.55451
4.31071
2.94379
2.38957
1.77911
2.54585
1.54485
2.41199
3.41235
3.79333
4.20341
2.90249
2.4491
4.47219
3.87411
3.43967
4.32864
4.68721
3.03807
4.27653
4.56032
3.52106
4.44687
4.66585
4.48791
4.21114
4.87675
1.63823
2.40112
1.54554
2.63611
3.89648
3.68486
4.67254
4.3046
2.89625
2.39037
3.72995
3.52382
2.91996
4.3363
4.39589
2.56032
1.53028
4.19676
1.4194
3.55441
2.81134
2.3977
2.9113
2.40493
2.9303
4.50818
4.93285
4.20737
3.89848
4.51372
4.16454
2.88766
4.85212
3.66542
4.09002
2.53709
2.9292
2.58391
1.49606
2.39754
4.18347
2.88626
3.41397
3.72258
2.29013
4.47718
3.84638
4.30226
4.68527
3.6404
3.10521
2.59305
2.37564
4.62729
3.40118
3.80826
4.3683
2.75497
2.35355
4.11796
4.93958
4.39111
4.28988
4.38653
4.87991
4.00076
1.47912
2.658
3.96034
4.53684
4.31518
3.46418
2.88773
2.34426
2.85512
4.3563
3.88236
3.57299
4.42581
2.64398
3.74111
2.79048
3.40374
4.51523
4.14778
4.47554
4.82116
3.75303
4.75058
4.24465
3.08648
4.35568
4.38256
4.71689
4.56164
3.53436
4.56097
4.3176
1.46924
2.32264
2.9629
2.49576
2.92399
3.32959
1.563
2.47015
2.51675
4.69894
4.26299
2.9736
3.63928
3.82414
4.33306
4.24055
4.55097
2.47053
4.21526
3.68395
4.98761
2.96011
1.45854
4.29791
2.77349
2.39056
2.76403
2.41466
1.38782
3.37343
4.57076
4.39742
4.59915
4.71437
4.52439
3.7703
3.94254
2.9266
4.53078
4.39239
3.4354
2.81279
3.66106
4.22203
4.60173
4.83974
4.64972
2.54308
2.85954
2.37769
2.99925
2.44814
2.86571
3.60444
4.33864
4.68416
4.98152
4.26904
4.47466
3.44224
4.25367
4.59995
4.8728
2.97341
2.44599
3.01952
2.62235
3.08284
2.6113
4.0037
3.38888
3.78608
2.40688
3.70743
2.40113
1.648
4.08919
4.94665
4.72326
4.43753
3.9021
3.47752
1.59657
4.43454
3.96819
2.67601
3.92143
2.5345
2.75619
4.88693
2.66843
4.22596
4.4652
2.36116
2.83903
3.9986
2.78707
2.50645
1.51103
2.47337
1.53617
2.71213
3.70115
3.88199
4.39653
2.91694
2.55789
4.53407
4.94201
4.29585
4.54435
3.49154
4.50512
4.60395
4.65208
4.26952
4.87634
1.52515
2.41982
1.49662
2.4374
3.89599
3.34349
4.41443
4.14829
2.89668
4.79618
4.4434
3.04765
4.06045
4.4588
2.64028
1.66764
4.07199
1.45483
3.66121
3.1045
2.52654
3.07267
2.46373
2.78918
4.33059
4.94542
4.20388
3.77245
2.99249
2.49663
1.55797
2.59295
4.40258
2.88538
3.49469
3.86068
2.5527
4.42923
4.3677
3.9062
2.56849
2.61
4.72866
3.73558
3.95519
4.44879
3.05668
2.49873
4.22509
4.97977
4.59002
4.39463
1.58659
2.57322
4.06712
4.7191
4.35656
3.51337
3.09089
3.82826
4.99348
4.28897
3.82343
2.87086
3.55989
4.6225
4.36505
4.52457
4.98254
2.97179
4.4828
4.53328
4.54658
4.58549
3.68444
4.63489
4.29884
4.59077
2.47147
4.28271
3.87285
2.85226
2.39773
2.42838
4.58525
4.39597
2.94281
3.58664
3.81831
4.22691
4.95306
1.63109
4.38305
3.01585
2.56527
2.96587
2.52332
1.58778
3.40558
3.92349
3.06926
4.83417
4.49223
3.73943
2.95707
3.79725
4.36203
4.71078
4.9469
4.67285
2.64773
3.04241
2.58638
3.06837
2.52515
2.8307
4.94356
4.55262
4.85777
3.62763
4.32102
4.46948
2.80562
2.5974
2.91475
2.53593
2.86429
2.46568
2.83901
4.93239
2.90478
4.40756
4.4899
2.51644
3.03069
4.25665
4.64439
4.44374
3.79024
3.53394
1.57351
4.30811
3.80239
2.40822
3.88848
2.46439
2.99759
2.56456
1.57987
2.37049
1.45115
4.17203
4.83844
4.28129
4.59744
3.38947
4.63587
4.4336
4.47424
1.46782
2.62373
1.50068
2.42053
2.81224
4.59212
4.36002
3.94677
4.51476
4.23365
2.97523
3.88484
4.3694
2.56946
1.36734
4.35513
1.4697
3.47717
2.8178
2.43128
2.94571
2.38666
3.01698
2.32251
1.47844
2.36209
4.25363
4.77382
4.54017
4.34607
4.3467
3.89737
2.40043
2.36263
4.46507
3.32167
3.66612
4.28536
2.83126
1.47667
2.49155
4.54223
3.86314
4.45018
3.7932
2.87395
3.47214
4.61411
4.27287
2.61163
4.08727
4.43617
4.67441
2.71289
4.55879
4.11785
3.14998
2.41522
2.34072
4.62141
4.25284
2.93063
3.64705
3.66429
2.8451
3.86252
4.35458
4.65822
4.96014
4.98777
3.67181
2.78741
4.38507
4.11108
3.47601
4.54005
2.46965
3.00225
2.41562
2.88256
2.53812
2.93036
3.5951
4.46374
4.56388
3.42118
3.75298
2.42277
3.71379
2.29424
3.60903
4.25578
1.58418
2.91664
2.48397
2.98459
2.41661
2.79388
2.51794
3.80795
3.41278
3.84596
2.47021
3.85823
2.46105
1.55202
4.25895
3.37785
4.59541
4.34277
3.02355
2.4523
1.57019
2.54234
1.46662
2.42949
4.98447
3.46223
3.82012
4.36663
2.87328
2.60714
4.5071
3.78223
3.58877
4.18838
4.45708
3.02074
1.58576
2.53708
1.52188
2.60016
3.90938
3.49203
4.60297
4.31016
3.05737
2.43969
3.99659
3.41558
2.87753
4.27413
4.5817
2.64292
2.87527
2.43631
1.59213
2.5321
4.39617
3.0263
3.65556
3.85943
2.69776
4.60615
3.74414
4.28509
4.40378
3.29785
2.963
1.5104
2.46628
3.80507
4.52011
4.25159
3.45606
2.99393
2.38228
3.0231
4.21086
3.74975
3.42026
4.5567
2.52321
2.922
4.31517
4.68484
4.47405
4.47807
3.57516
4.66029
4.34776
1.41983
2.69682
2.85344
2.50057
2.89725
3.5611
1.6572
1.48188
4.06791
2.90802
2.53213
3.01035
2.44224
1.68197
3.47373
4.58565
4.23998
4.61854
4.4468
4.59065
3.64294
4.2397
2.46128
2.93044
2.58638
2.83716
2.52983
2.86395
3.52488
4.28573
4.72265
2.76373
2.20704
2.56831
2.34568
2.54786
2.18125
3.62481
3.77226
3.87866
2.47242
3.87664
2.71445
1.42655
4.1607
3.01216
2.66918
1.51824
2.46727
1.61107
2.51211
3.49364
3.92022
4.42641
2.99099
2.52722
4.46524
1.53701
2.46668
1.44265
2.46165
3.93684
3.63655
4.75582
4.46943
2.98376
2.95951
2.47122
1.53361
2.62842
4.34595
2.92416
3.6026
3.92643
2.52451
4.46302
1.42282
2.45058
3.82056
4.58152
4.35909
3.66983
2.9148
2.77739
4.27244
4.55723
4.52157
4.58776
3.40617
4.80359
1.60628
4.37716
2.96206
2.50173
3.01885
2.56176
1.5288
3.42933
4.56696
2.34505
2.9234
2.49126
2.79031
2.49196
2.77475
3.0416
2.49327
2.98747
2.52762
2.97811
2.42813
2.93774
2.49433
1.41312
2.52247
1.47693
1.62391
2.49113
1.57894
2.32384
2.8944
2.63184
1.41697
1.58871
2.21163
2.78269
