4.34836
2.41946
2.53927
2.34823
2.89758
2.49292
2.68091
3.32055
4.06486
4.52984
3.62574
3.7782
2.65457
3.86965
2.57519
3.75018
4.24127
1.63441
3.19757
3.98255
4.62467
4.99482
4.88079
4.79113
4.53366
4.51865
3.61835
3.57221
4.31188
1.43472
2.39213
3.7155
2.47687
3.70227
4.54496
4.28358
2.90437
4.35216
3.14334
2.59946
4.61803
4.42204
2.86269
3.45283
4.22722
4.46412
4.89344
4.33337
4.52187
4.82637
4.96405
4.63582
4.12553
4.64427
4.18542
3.64315
3.72669
2.41997
3.71285
4.2011
1.52311
2.50045
3.78381
4.90217
4.45586
4.33913
2.87768
2.69328
4.58003
4.40223
3.00774
4.33815
3.11623
4.10585
4.46951
4.65684
4.29081
2.82614
4.35707
2.92215
4.25531
2.92156
2.58435
4.5204
4.65524
4.17358
1.68113
4.46236
3.93979
4.53662
4.14854
4.53771
3.99761
2.84608
2.56579
2.70314
2.32922
3.0258
2.41676
3.68221
3.57739
3.73618
2.39114
3.63917
2.42614
1.55997
4.34795
3.66799
4.65838
4.27157
3.72698
3.45217
1.50801
4.36639
3.83566
2.48647
3.85526
2.44209
2.89402
4.89767
2.94117
4.2033
4.4535
2.36543
2.87971
4.40416
4.9963
4.72721
4.4123
3.46097
4.6398
4.2659
4.99275
4.82444
4.25381
4.45074
4.88043
3.8954
3.59217
3.94578
2.552
1.54022
4.36326
3.78114
2.51623
2.8234
4.56408
2.48308
2.98027
4.41852
2.99935
4.27666
4.97642
4.58188
4.2539
2.95889
3.11357
4.40709
3.0569
4.24851
4.63175
2.58519
1.40194
3.89384
4.25153
3.78879
4.3785
4.12538
4.30517
4.64053
4.42744
4.30972
4.43318
4.50544
4.34077
3.38278
4.66773
4.23601
4.89137
4.23467
4.52915
4.87757
4.44968
4.25228
4.65367
4.18172
2.79377
2.49836
1.52691
2.60545
1.50919
2.45116
3.58583
3.83947
4.25038
2.96342
2.47818
4.80352
3.90006
3.68414
4.41868
4.36495
3.02382
4.14781
4.62593
3.38675
4.59653
4.49648
4.56998
4.43461
4.99831
4.37224
1.33961
3.45747
1.61331
2.43942
2.80399
2.40671
2.83043
4.37886
4.51869
4.89951
3.06968
4.51584
3.72818
2.53485
2.77465
4.86155
4.63217
4.31641
3.70704
2.4548
3.5211
3.79448
2.53788
4.5466
4.20246
2.82573
2.48699
4.91804
4.57105
4.40918
4.29772
4.85331
4.27879
3.69721
4.2381
4.97939
4.14027
4.24622
4.4854
4.7871
2.91066
2.28674
4.21044
3.65626
4.30128
3.8138
4.27386
4.15154
4.06529
4.43845
3.90254
3.64708
3.0239
4.37234
4.71228
3.92723
4.50698
4.58117
4.96016
3.0906
4.65006
3.83727
4.40056
4.64149
4.363
3.9054
1.46928
2.23429
1.40335
2.46954
3.79954
3.725
4.61289
4.37963
3.01961
4.93536
2.34493
3.68087
3.30256
2.68444
3.86417
4.19422
2.12925
1.43624
4.38004
1.62614
3.73441
3.13529
2.52261
2.99758
2.80656
3.25418
4.86695
4.43704
4.09473
4.25774
4.33741
3.0092
4.86344
3.86177
4.40899
2.58328
4.78891
4.07807
4.86279
3.29081
4.28866
4.26212
3.95661
4.78835
4.91589
3.58549
3.50604
2.83564
4.44905
4.27554
4.51872
4.74692
3.60354
4.03515
2.82233
4.74986
4.07509
4.41765
3.80341
4.96168
4.518
4.33861
4.82394
4.86513
2.70063
3.76901
3.58754
4.63214
2.45346
2.82762
4.45328
4.45853
4.10785
2.34993
4.4182
4.77366
4.09146
4.94525
4.22489
4.7825
4.66889
3.05226
2.70416
3.90116
4.4728
4.54368
4.84683
4.43011
3.8144
4.34397
4.35059
4.31428
4.78963
4.97603
4.05537
2.76806
2.57785
1.49578
2.51765
4.29139
2.87081
3.40673
3.7745
2.323
4.69844
3.76494
4.41696
4.51377
3.47082
4.96919
2.88629
2.27169
4.90064
2.10857
4.47472
3.41997
3.59192
4.15359
2.8091
2.53963
4.2832
4.83101
4.33793
4.15892
4.44075
4.88418
3.7954
3.67125
2.85955
3.43736
4.22164
4.47092
3.88934
4.28074
4.43963
4.94694
4.22621
4.6589
4.45234
3.40008
4.56176
4.44391
4.20725
4.92719
4.87869
4.11688
4.91174
3.96326
4.78433
4.50731
1.60254
2.61986
2.98452
3.60291
1.60861
2.51011
3.14975
4.4763
4.4837
4.364
3.92127
3.02939
2.73104
2.89654
4.40696
4.59971
3.98081
4.54277
4.62968
2.46731
2.90802
4.23688
3.84472
4.38499
4.22488
3.80842
4.34475
4.32916
4.59657
3.09782
3.88009
4.60038
4.34462
4.65933
4.38063
3.84527
1.5679
2.39819
3.73619
4.55867
4.17923
3.48659
2.8628
2.56537
3.24208
4.30769
3.9801
3.41336
4.48596
2.60267
3.61736
2.74668
3.34985
4.42573
4.17641
4.53375
4.69169
4.00388
4.33511
2.44814
4.64218
2.6862
3.82821
3.58692
3.05007
4.29609
4.41263
4.95193
3.91764
2.55772
4.52046
4.74611
4.34411
1.67059
4.18333
3.01809
2.40976
1.44421
3.61289
2.8689
2.44657
2.91747
4.21152
4.60549
4.93736
3.80901
4.62292
4.26856
3.86352
4.30878
2.94347
2.45062
2.78276
3.78987
4.49678
4.74074
4.14852
3.57024
4.66263
4.24057
4.7489
4.36584
2.60763
2.85688
3.91973
4.27263
4.34267
4.53107
4.30214
4.32226
3.8931
4.42713
4.47788
4.23951
4.6305
4.58187
3.61349
4.58366
4.96932
4.25961
4.89705
4.44205
4.45618
3.04813
4.41535
4.26383
4.73426
4.74029
3.7038
4.23348
4.18173
1.41393
2.56338
2.78059
2.55261
2.5673
3.21899
1.46531
2.40817
2.58241
4.60775
4.34342
2.88627
3.46223
3.98729
4.54677
4.03519
4.47912
2.60303
4.29489
3.85823
4.8429
2.9771
3.81546
3.06505
4.33104
4.49774
3.5233
2.80624
3.86978
4.34503
4.81265
4.44138
2.39871
4.39782
2.92905
2.50846
4.68282
3.48163
3.91602
4.42684
4.13193
4.41734
4.15678
3.62879
2.30573
4.71161
2.73997
2.36058
4.42089
4.40579
4.8555
4.57609
4.26055
4.0431
4.27839
4.14846
3.75872
3.85859
4.18175
4.91239
4.36714
4.17566
4.03204
4.46453
4.69358
3.17053
3.64074
2.916
4.42527
3.8005
4.84364
4.7109
4.3973
3.94595
4.95493
4.34695
4.63781
4.78896
3.91168
1.4767
4.35465
2.97759
2.54498
2.88014
2.5469
1.47561
3.75789
4.66547
4.34831
4.66315
4.53633
4.7408
3.50584
3.65138
2.71943
4.59095
4.22376
3.5244
3.06841
3.91381
4.20707
4.55059
2.34697
4.44803
2.35788
2.71805
4.15066
3.66451
3.33844
4.60946
4.26123
2.55708
3.9946
4.18263
2.84792
4.12872
4.73312
3.79725
4.61415
4.29481
2.96561
3.46399
2.88869
4.33186
3.93485
4.59826
4.9248
4.83853
4.50494
4.99841
3.67204
4.30473
3.65674
4.80554
4.32111
4.54682
2.52898
2.94099
4.27057
4.49222
2.42604
3.76929
3.60994
4.62212
4.30612
3.86482
4.42589
2.57852
3.07541
4.24944
3.7886
4.32688
4.55793
4.35815
2.5983
4.24514
4.21
4.49472
4.90574
4.38203
4.3315
4.30665
3.82495
4.21742
4.49102
2.50417
2.91313
2.47106
2.88584
2.30219
3.13393
3.60755
4.39738
4.57654
4.7794
4.03755
4.51417
3.6239
4.29051
4.63046
4.95081
2.73449
4.16321
2.73156
2.29884
4.38894
4.10598
2.72029
3.57892
3.74817
4.18944
1.51229
2.63788
3.63776
2.32471
3.89858
4.545
4.26761
4.96433
4.90312
4.31082
4.42137
3.41279
4.29312
4.58433
4.90813
4.74037
4.68695
4.12268
4.98459
4.89731
4.48624
4.21109
2.95554
2.57625
4.54297
4.23585
2.82091
4.26524
3.03207
3.63602
3.81247
2.57772
4.03384
4.43549
1.64168
2.65016
4.05346
4.67131
4.48823
4.43834
4.27262
4.31284
4.63092
1.68422
4.24782
3.8412
4.35057
3.7732
4.25941
3.81944
4.97479
3.02942
4.33582
3.02403
4.27968
2.93065
2.55628
4.73709
4.47949
4.33146
2.71673
2.44441
2.81578
2.41256
2.97556
2.27885
3.69151
3.30183
3.60361
2.41557
3.85751
2.42531
1.47745
4.07514
4.57695
4.30213
3.82835
3.58619
1.46439
4.28943
3.84946
2.52995
3.83721
2.68692
2.93878
2.84739
4.38847
4.67243
2.42927
2.99529
4.31974
3.30811
4.71099
4.13492
4.84887
4.22205
4.36144
4.95571
4.69642
4.33942
3.7349
3.52934
3.90962
2.58233
1.40641
4.48429
3.89402
2.4621
2.87049
4.92975
4.49527
2.4522
2.79736
4.251
2.79746
4.23168
4.49312
4.5149
3.0242
3.03801
4.37558
3.01454
4.50391
4.92223
2.5732
1.62021
3.83578
4.33318
3.8748
4.46636
4.00405
4.29751
4.95832
4.32952
4.50443
4.67328
4.23784
4.86622
3.52372
4.61339
4.18898
4.88769
4.21311
4.44018
4.95207
4.56524
4.24659
4.54827
4.46098
4.79113
2.81124
2.4144
1.50342
2.41026
1.64842
2.45167
3.28424
3.83095
4.46051
2.98052
2.49944
4.51298
4.78571
4.30013
4.65277
3.34402
4.74167
4.33422
4.58394
4.2602
4.99385
3.06661
4.99551
4.60575
4.29002
3.84887
4.46294
1.45754
3.59206
1.53656
2.6588
2.97148
2.43151
3.08186
4.44804
4.57824
2.91873
4.49763
3.94478
2.47473
4.41463
3.77056
2.45801
3.55904
3.81048
2.41936
4.58821
4.26007
2.75037
2.41176
4.90484
4.53653
4.24087
4.07204
4.14322
4.91756
4.23925
4.37914
4.55941
4.46115
4.46961
2.94862
2.5226
4.28344
3.86402
4.2475
3.78569
4.37612
4.1332
4.49852
3.77919
3.55228
2.88634
4.27317
4.70377
3.85809
4.33406
4.91896
4.0361
2.97054
4.66083
3.88921
4.44101
4.68817
4.34649
1.42856
2.39778
1.44351
2.50427
3.88373
4.99395
3.5314
4.63818
4.33698
2.96873
4.50877
4.17519
2.74446
3.91521
4.22008
2.43311
1.58589
4.23129
1.53212
3.45003
2.88703
2.35343
2.83174
2.57088
3.08011
4.51442
4.1361
3.85521
4.26617
4.89949
4.50733
4.15983
4.56923
3.43155
4.63562
4.41743
4.96194
4.93997
3.82886
4.23356
3.6967
3.4111
2.8157
4.51992
4.19824
4.53212
4.87928
4.61737
4.31825
2.7038
4.51142
4.8721
3.72178
4.22901
3.81803
4.95288
2.4258
4.58729
4.96185
4.23196
4.39809
2.50755
3.83997
3.58482
4.62942
2.49753
2.89656
4.47648
4.34265
3.87557
4.41854
3.81276
4.30935
4.4008
4.63454
4.29353
2.94374
2.49309
3.96417
4.29535
4.50183
4.68586
4.43433
4.26501
2.82122
2.27046
1.60562
2.66033
4.16876
3.03171
3.695
3.91297
2.56453
4.56686
3.98125
4.92523
3.65635
2.42167
2.40896
4.44301
3.46218
3.65136
4.12957
2.93282
2.6262
4.40518
4.49416
4.34727
4.48384
4.76611
3.75395
2.78326
3.58656
4.11958
4.67609
3.90088
4.26436
4.91693
4.15674
4.75483
4.46174
3.40132
4.56411
4.4649
4.29124
4.98227
4.04726
4.83709
4.29923
4.93041
2.7496
4.25448
4.78219
4.35222
3.82841
4.33749
1.57163
2.53963
3.00489
3.61626
1.47006
2.33623
3.15318
4.44313
4.73951
4.50227
4.00969
3.06559
2.649
4.16696
4.57856
4.34259
4.55793
2.50694
2.89111
4.36852
3.84391
4.59812
4.5065
4.09434
4.48942
3.89941
2.92944
3.88267
4.95894
4.53093
4.3345
4.73463
4.34583
1.55654
2.6137
3.82643
4.40382
4.33192
3.64502
3.01993
3.7142
4.91126
4.21721
3.84438
2.80436
3.29598
4.43161
4.39708
4.61835
4.81403
2.64084
4.36817
4.51052
4.27302
2.4
4.59019
2.52372
3.9888
3.54595
2.86922
4.43168
4.33376
3.8179
4.70389
4.25215
3.93162
4.29545
3.03293
4.90426
2.45457
1.47724
4.278
2.94784
2.48575
1.55352
3.57158
2.89795
2.38303
2.93535
4.30388
4.52813
4.90411
3.65281
4.57366
4.31183
2.78494
3.80995
4.44146
4.95356
4.19331
3.83187
4.27957
4.37144
3.86636
4.27671
4.71072
4.23599
2.55672
2.94782
4.9987
3.82254
4.39046
4.33758
4.47133
4.24018
4.96124
4.55682
4.28823
4.58572
4.47854
3.50907
4.56861
4.88944
4.49337
4.33951
2.98485
4.2581
4.73184
4.59015
4.69265
3.62867
4.57302
4.1699
4.52361
2.37775
4.33282
3.84232
2.88371
2.49844
2.53344
4.49935
4.22386
2.84968
3.49852
3.93826
4.40057
2.89974
3.74529
4.06769
4.86834
4.36197
3.71642
2.81895
4.32458
4.46337
3.3688
4.87782
4.41108
4.68881
4.48095
3.94545
2.65399
4.97277
2.99182
2.47077
4.40256
3.03185
2.61466
4.74924
3.66442
3.83816
4.34886
4.92185
4.37429
4.52694
4.48414
3.99396
2.44079
4.44478
4.31904
4.62489
4.42472
4.64667
4.22997
3.91434
4.29348
4.95659
2.76014
4.20527
3.69111
4.81558
4.50166
3.71999
4.16344
4.49299
2.78358
3.4123
4.91936
4.16145
4.51907
4.17412
3.73795
4.98995
3.8403
4.45482
4.85143
1.53131
3.98604
2.59947
2.35299
2.8947
2.42627
1.39611
3.28734
4.94308
4.92826
3.87429
2.77149
4.45853
4.17322
3.45648
2.73932
3.75765
4.11624
4.45383
4.79423
4.57432
2.53566
4.73175
2.57182
3.10469
4.46011
3.89293
3.73335
4.74626
4.22284
2.48564
3.90889
4.37665
2.90553
4.85331
4.93105
3.93434
4.73301
4.3542
2.87697
3.46348
2.88845
4.20569
3.6914
4.36638
4.86017
4.50484
4.85026
3.71772
4.46843
3.97137
4.25023
4.55387
4.31469
2.42566
3.01165
4.40363
4.62797
2.54393
3.79883
3.64239
4.55297
4.17211
3.87339
4.23216
2.41088
2.85061
4.94855
3.80154
4.25821
4.8861
4.48864
4.34367
4.61871
2.51873
4.46418
4.42682
4.79666
4.29643
4.33514
4.4219
3.86484
4.44356
2.15515
3.03594
2.70448
2.85106
2.45178
2.88227
4.91453
4.26509
4.66334
3.51864
4.52564
4.48558
4.7968
4.50512
4.18414
2.82991
4.24246
2.76555
2.40491
4.46829
4.12901
2.89765
3.52778
3.70772
4.13396
1.37341
2.47784
3.65071
2.28255
3.61827
4.73595
4.9068
4.22527
4.42495
3.35328
4.27039
4.67847
4.95753
4.74839
4.21653
4.70923
4.35852
4.07432
4.72664
4.52522
3.03912
2.60293
4.80796
4.50637
2.93796
4.2865
3.1331
3.58151
3.96725
2.69595
4.04328
4.59145
1.65144
2.66684
4.0566
4.51859
4.45202
4.48158
4.85901
4.70756
4.32787
1.48439
4.31809
3.96121
4.32749
3.76526
4.42536
3.83913
2.97982
4.21343
3.01349
4.4121
2.94222
2.50143
4.50331
3.02953
2.30574
2.92269
2.29496
2.6837
2.36835
2.81853
4.93866
3.09477
4.29981
4.50717
2.55921
2.86486
4.40937
4.85433
4.28457
4.19991
3.55424
3.47516
1.54437
4.06842
3.79048
2.54527
3.68448
2.51109
4.9883
4.42104
4.62582
4.88772
3.54129
4.49572
4.37407
2.97068
4.79533
2.69457
2.98093
4.65032
3.14722
4.50957
4.8345
4.32472
4.29371
3.82987
3.55488
3.9027
2.40881
1.50451
4.36258
3.7615
2.55314
1.58131
4.11189
4.3588
3.98567
4.34239
3.85612
4.39062
4.60427
4.19119
2.73042
4.98301
3.05391
4.23839
2.83357
4.40608
4.59307
2.56221
4.45575
4.43593
4.96983
4.31723
4.66174
4.41775
4.54289
4.92574
3.38839
4.53578
4.21857
4.98016
4.61653
4.28848
4.87104
4.49917
4.28974
4.98592
2.92931
2.69388
1.44883
2.30697
1.69129
4.24335
4.7325
4.08767
4.5572
3.81496
4.4441
4.69349
4.70398
4.27772
4.60059
3.12413
4.37177
3.81903
2.61913
2.79908
4.88817
4.22472
4.02622
3.70396
4.2315
1.6842
3.44955
1.43208
2.52688
2.87172
2.26
2.8199
2.58083
4.82285
4.53364
4.62857
4.13343
3.75423
2.38232
3.61959
3.97253
2.65935
4.68352
4.22467
3.10458
4.43935
4.2881
4.37035
4.08702
4.31522
4.43389
4.21406
4.50216
4.17635
4.65462
4.94679
2.86214
2.47386
4.15588
3.91334
4.05607
4.43611
4.46099
4.75581
4.89843
3.86358
3.57421
2.78943
4.12812
4.67083
4.98447
4.52574
4.35114
3.54256
2.99065
4.81066
4.41511
3.81427
4.1469
1.61359
2.46868
1.4796
2.36407
2.86485
4.55697
4.88839
4.23692
3.72654
4.51992
4.25621
2.82337
4.85615
3.80927
4.26712
2.47021
1.37263
4.22308
1.60644
3.43896
2.89917
2.49461
2.88981
2.44253
4.34113
4.92414
4.37976
4.33116
4.52763
3.67795
4.68134
4.57064
4.4857
4.99979
4.97956
3.73979
4.35138
3.90864
3.45803
2.90862
4.48276
4.31016
3.74109
4.50376
4.26846
2.85825
4.59577
4.87417
3.76794
4.30265
4.99753
4.44467
3.90964
2.62348
4.63267
4.29492
4.44139
2.47678
3.94597
3.43544
4.62578
2.56175
2.86428
4.33319
4.31191
4.50246
4.23346
3.89998
4.24909
4.35974
4.68733
4.27742
2.96619
2.62348
3.90884
4.31855
4.28401
4.37027
3.0456
2.54704
1.55524
2.25295
4.21756
4.74309
4.50619
4.18988
4.28932
4.93176
3.77956
2.22981
2.74623
4.44429
3.34525
3.97566
4.32104
2.82695
3.91729
4.96193
4.44537
4.80716
4.01357
3.21726
3.65987
4.47394
4.57106
4.40933
4.53652
4.43836
4.70276
3.71205
4.40182
4.74805
4.31956
4.37771
4.98755
4.15499
4.52973
4.21761
3.6715
4.88536
2.99556
2.42336
2.97001
4.36899
4.94731
4.56173
3.84552
4.22219
1.33742
2.52697
2.66087
3.38683
1.56552
2.32239
2.81193
4.25322
4.11161
3.70901
4.07842
4.29556
4.50316
4.24291
4.41869
2.29746
4.84471
2.88909
4.28583
3.66342
4.44914
4.28815
3.8447
2.96815
3.83276
4.81189
4.40355
1.51378
2.32931
4.33057
4.83814
3.75035
4.95422
4.40538
3.71771
3.00095
3.54779
4.55703
4.27255
4.25966
4.77448
3.77796
2.60878
4.31791
4.6445
4.46061
2.42975
4.57553
2.58675
3.94581
3.65922
2.92633
4.19557
2.67368
4.22765
4.37468
3.90782
4.68013
4.34015
4.12472
4.48048
2.95667
2.62504
1.67845
4.30476
2.93123
2.56996
1.485
3.59104
2.88214
2.43589
3.67842
4.67915
4.31277
2.92046
3.90253
4.49051
4.22922
4.22771
4.91622
4.50784
4.47682
4.51443
4.01975
4.48684
4.61356
4.2219
2.53343
3.01772
4.83416
3.83598
4.33711
4.97033
4.3736
4.96573
4.71334
4.1918
4.64701
4.56381
3.49345
4.50061
4.28457
4.3244
2.70181
4.14053
4.85177
4.34678
4.56786
2.43916
4.3078
3.83897
4.93768
3.01935
2.40651
2.52009
4.5423
4.30695
2.90089
3.53527
3.78286
4.89989
2.92743
3.7971
4.35869
4.92584
4.68044
3.76764
2.95139
4.35558
4.63556
3.45321
4.09787
4.36804
4.58655
4.52684
3.96747
2.49848
2.9904
2.55463
4.30051
2.9279
2.43367
4.5944
3.44246
3.79163
4.18179
4.38043
4.40838
4.32763
3.85704
2.51153
4.3443
4.26622
4.53046
4.72623
4.41419
3.83221
4.34606
4.90382
4.95576
2.97632
4.31822
3.81296
4.87065
4.65167
3.73201
4.33749
4.46529
2.86859
3.42771
4.34165
4.54462
4.29389
3.96176
3.75863
4.54067
4.93906
2.61831
3.69825
4.16644
4.3876
4.93194
4.96009
4.83007
3.49544
3.04296
4.40318
4.30635
3.41599
4.69755
4.26037
2.65019
3.88877
4.32266
3.04993
4.36636
2.57106
4.65381
2.67207
3.06263
4.41097
3.85778
3.51428
2.92717
4.34287
3.84831
4.66833
4.94739
3.82958
4.60659
4.25653
2.91053
3.52754
3.70907
4.40982
4.92608
4.47882
4.52551
4.29602
3.84805
4.61476
4.33298
3.87969
4.24927
2.65362
2.94518
4.26622
4.96695
2.36188
3.03602
4.15011
4.56458
2.43889
3.6761
3.60088
4.44985
4.23071
3.72908
4.28615
4.89215
4.41095
4.33645
4.37193
3.93504
4.23203
2.6177
4.31624
4.54099
4.64988
4.48644
2.37973
3.05528
2.51758
2.86935
2.56864
2.9956
3.53739
4.37126
4.60603
3.39528
3.90979
2.68032
3.89112
2.62054
4.07677
4.44845
1.66582
3.73626
4.51985
4.31833
4.97197
4.97414
4.44682
4.89323
4.78739
4.55519
4.14374
4.57652
4.22425
3.4482
4.4439
4.70257
4.75918
4.9273
4.38065
4.68656
4.94434
4.80177
2.86712
4.08655
2.8867
4.2726
2.77442
2.30447
4.52984
4.70863
4.33554
1.37348
4.1726
3.68961
4.20663
3.73757
4.173
3.66231
3.65146
4.02868
2.45112
4.00684
4.46963
1.6667
2.56927
3.78032
4.9007
4.54574
4.33849
3.12329
2.546
4.80682
4.53427
3.07156
4.55266
2.97261
4.5606
4.91163
4.78847
4.32744
4.4503
2.92423
2.43453
2.79582
2.38196
2.85034
2.32598
3.60831
3.45881
3.86042
2.36069
3.6539
2.52758
1.48997
4.30018
3.45794
4.53095
4.23324
3.83145
3.63584
1.49496
4.37611
3.86588
2.66856
3.85612
2.54587
2.66449
2.80421
4.42393
4.60262
2.52248
3.07877
4.25364
4.46998
4.33111
4.26275
4.3829
4.80673
4.17231
3.77168
3.65716
4.0196
2.60979
1.53304
4.28766
3.92808
2.52013
2.846
4.57564
2.60399
2.90862
4.39102
3.13448
4.35408
4.53436
4.38573
2.91905
3.10601
4.56558
3.18927
4.63218
4.72603
2.69795
1.57061
3.95663
4.43222
3.92738
4.43185
3.93919
4.3511
4.58794
4.28553
4.70757
3.33479
4.99039
4.58846
4.06913
4.91489
4.79628
4.0416
4.38502
4.78545
4.92728
4.48996
4.22049
4.75506
4.22566
3.05044
2.45936
1.66781
2.63588
1.48202
2.33478
3.52976
3.7551
4.12067
2.86713
2.52675
4.54808
3.99118
3.73932
4.37598
4.93239
3.06861
4.45493
4.39367
3.71939
4.4001
4.82946
4.7718
4.16826
4.92635
4.33352
4.73527
3.09698
2.47115
4.39409
3.87192
4.18712
3.81385
4.30845
4.42025
4.38334
4.57955
2.64957
3.87496
4.10202
2.80712
4.66964
4.54731
3.10702
2.38696
4.6307
4.29373
4.68399
4.48314
4.13396
4.41573
4.34394
2.62753
4.72312
4.36521
3.62514
4.04909
4.96363
4.93383
4.35488
4.12323
3.66353
3.84748
3.27684
2.79641
4.13963
4.37541
4.70036
3.60813
4.19024
4.57048
4.91392
1.48797
2.48218
1.54569
2.59484
3.82504
3.55744
4.50506
4.40731
3.05784
2.42145
3.76111
3.31594
2.88012
4.46624
4.55836
2.44951
1.54978
4.25614
1.65253
3.53767
3.02302
2.52209
2.91774
2.57356
2.81046
4.47824
4.2484
3.99525
4.51206
4.31322
2.81862
4.92224
3.76531
4.138
2.54142
3.83284
3.58807
3.01749
4.64411
4.35138
4.51782
3.84549
4.43917
2.80752
4.60496
3.9112
4.34467
3.79721
4.29723
4.23012
4.26624
4.95923
4.18995
2.4618
3.80652
3.4652
4.58095
2.39872
2.72896
4.23358
4.84964
4.24462
3.74857
2.35159
4.5157
4.9003
4.20312
4.09258
4.43865
4.2094
2.94901
2.43995
3.9205
4.28163
4.31529
4.46747
4.3407
3.70975
4.29277
4.30287
2.80468
2.41861
1.64189
2.5161
4.49863
3.0068
3.51227
3.91918
2.6162
4.62436
3.71012
4.2614
4.34413
3.38624
2.8141
2.52865
2.60817
4.58553
3.69231
3.86406
4.291
3.08995
2.46514
4.28955
4.55813
4.49458
4.17668
4.87182
3.86257
4.88971
4.23087
4.59399
4.59441
3.59173
4.61232
4.5946
4.19173
4.96916
4.91053
4.15221
4.27747
2.87454
3.78901
4.96166
4.48439
4.10598
4.47722
4.34171
3.6661
4.23253
1.64171
2.45223
2.88848
3.58621
1.37405
2.28359
2.88614
4.24089
4.56992
4.27573
3.80437
4.98318
2.93099
2.48874
2.80103
4.19753
4.98315
4.42532
3.60984
4.22632
4.52816
2.58494
2.96374
4.42194
3.91036
4.33921
4.3755
3.92992
4.30562
4.22347
4.61265
1.51483
2.44057
3.74151
4.6074
4.18245
3.4507
2.90355
2.51007
2.93339
4.13179
3.86302
3.767
4.58521
2.54865
3.84817
2.93399
3.61414
4.60325
4.35262
4.34211
4.8999
3.82058
4.87648
4.43961
4.57933
4.41136
2.5592
2.78237
3.86222
4.35238
4.23226
4.64119
4.2673
4.26765
3.82444
4.27996
1.56282
4.39656
3.17982
2.59302
1.66047
3.5168
3.02449
2.49887
2.81451
4.26076
4.49461
4.02845
4.53136
4.43921
4.00213
4.41607
2.9593
2.6731
2.87052
3.93208
4.68762
4.37261
3.70965
4.58371
4.26492
4.15659
4.91657
4.15377
4.51869
4.24561
4.42355
4.574
3.38914
4.36641
4.78831
4.20982
4.97309
4.92114
2.98483
4.29505
4.63953
4.55213
4.58559
3.60364
4.54009
4.18961
1.49234
2.37521
2.7213
2.52564
3.08953
3.50544
1.52833
2.51817
2.5672
4.64384
4.42408
2.9732
3.57386
3.91195
4.17665
4.22966
4.61736
2.45842
4.33855
3.69172
3.07961
3.86481
4.17444
4.98953
4.43366
4.24284
2.44985
4.52172
2.96833
2.57759
4.53404
3.56357
3.82286
4.22182
4.21868
4.65534
4.35894
3.8703
2.49198
3.03161
2.37694
4.33494
4.3862
4.60215
4.22083
4.32313
4.25604
4.09082
3.76195
4.51333
4.85731
3.69981
3.83992
4.25517
4.56391
2.85349
3.36747
4.90588
2.83924
4.27915
3.79928
4.97364
4.41231
4.38383
3.81827
4.19304
4.56377
1.44006
4.16139
2.95163
2.39006
2.75465
2.40968
1.48765
3.46396
4.67276
4.32125
4.71773
4.63624
4.49735
3.63293
3.99948
3.03339
4.74197
4.43376
3.68288
2.78763
3.71329
4.2492
4.68649
4.86543
4.33
3.76755
4.95685
4.16161
4.48996
3.84173
4.73708
4.37527
3.00739
3.5238
2.70276
4.23134
3.69176
4.73791
4.89259
4.51145
3.73457
2.38331
4.31354
4.26599
4.47051
4.20002
4.19228
4.27204
3.79808
4.28261
2.56779
2.89407
4.36117
4.70206
2.49122
3.77818
3.52547
4.50804
4.17321
3.71171
4.23967
2.34924
2.91906
4.80141
4.35092
4.92303
3.9499
4.41634
4.58973
4.31613
4.39868
2.53061
2.75557
2.29324
2.81215
2.36031
2.81541
3.62462
4.94641
4.23033
4.62868
4.32284
4.63652
3.34397
4.1644
4.59377
4.77516
4.60997
4.34544
4.95272
4.48317
4.27236
4.96866
4.34725
4.57611
3.31181
4.14216
4.52032
4.93523
4.82636
1.49719
4.37378
3.85804
4.29948
3.83606
4.24899
3.98251
2.84179
4.33942
2.88437
4.31152
2.99842
2.51378
4.708
4.57701
4.306
2.94106
2.48219
4.55928
4.42205
2.90226
4.22736
2.95149
3.51112
3.67024
2.38703
3.75973
4.23958
1.40076
2.49914
3.66075
4.60107
4.24965
4.75951
4.32892
4.99113
4.27922
4.50061
2.89068
2.36923
2.88881
2.53597
2.78053
2.56097
3.97126
3.6318
3.59271
2.63992
4.03401
2.31019
1.51639
4.35531
4.47995
4.32834
3.71213
3.65493
1.57588
4.30416
3.79844
2.5522
3.78994
2.42102
2.86285
3.11529
4.28911
4.81189
2.58301
3.04303
4.54566
4.84193
4.12246
4.39896
4.5475
4.13809
4.95748
4.45651
4.27118
3.77902
3.61483
3.71578
2.46091
1.45752
4.29526
3.85428
2.47661
2.88876
4.45943
2.44098
2.9901
4.26176
2.87138
4.33508
4.58933
4.33244
2.908
4.91299
2.9846
4.28575
2.93897
4.27214
4.5409
2.37034
1.53304
3.81097
4.32741
3.90674
4.19579
3.72476
4.36668
4.86021
3.45444
4.54854
4.14224
4.3935
4.54003
4.66711
4.2479
4.56009
4.3424
2.92322
2.53208
1.53594
2.50177
1.71298
2.61287
3.32636
3.94169
4.39657
2.67503
2.50329
4.51483
4.32862
4.35844
3.61618
4.44095
4.69521
4.53716
4.23396
4.35494
4.54156
4.16385
4.43592
4.94238
2.81372
2.3005
4.2738
3.71587
4.22774
3.63774
4.12698
4.08369
4.43835
3.94873
2.44316
3.45662
3.81497
2.44242
4.60925
4.55431
2.84432
2.41277
4.81676
4.45161
4.25041
4.29217
4.35763
4.99123
4.28722
3.78702
2.9654
4.94051
4.59833
3.7992
4.24133
4.52464
4.24658
4.71581
3.83786
3.57945
2.91576
4.47258
4.59764
3.98821
4.39765
1.46572
2.49141
1.43357
2.40639
3.96976
4.91627
3.675
4.63763
4.01795
2.84976
4.70619
4.41202
2.95727
3.99498
4.40639
2.68165
1.53105
4.43369
1.4754
3.66289
3.01025
2.48613
3.04218
2.4763
2.8821
4.63868
4.92578
4.28672
3.93311
4.73599
4.96073
3.77524
4.24434
3.6426
3.46254
2.75831
4.61389
4.20774
4.46751
4.80965
4.72252
4.32884
2.87196
4.56835
4.98418
3.85013
4.16652
3.70501
4.15487
4.29614
4.85339
2.49763
4.53335
4.99919
4.22754
4.37437
2.44229
3.82866
3.5162
4.61895
2.36096
2.95544
4.2856
4.32785
3.77891
4.41484
3.91528
4.41928
4.43482
4.67266
4.48421
3.0837
2.58806
3.96715
4.43242
4.29389
4.62559
2.91989
2.35394
1.42074
2.7026
4.17575
3.1635
3.65086
3.68626
2.53771
4.56148
4.28176
3.92046
2.43004
2.5133
4.62215
3.5073
3.82312
4.34063
2.89527
2.48293
4.43619
4.54337
4.43309
4.83007
4.91747
4.12233
4.50508
4.53093
3.41947
4.53697
4.54007
4.28412
4.25463
4.99553
4.24216
3.6381
2.96005
3.71029
4.96104
4.51271
4.11471
4.53204
4.2672
2.85303
4.19667
4.41028
3.84905
4.24283
1.53462
2.51826
2.90242
3.55132
1.37705
2.49147
2.93373
4.4187
4.712
4.43299
3.98945
3.03378
2.53118
4.26501
4.6114
4.36527
4.71359
2.63966
4.90431
2.93893
4.36314
3.91812
4.41404
4.32949
3.82721
4.37435
1.51898
2.67722
4.0023
4.41532
4.52316
3.3379
2.99964
3.94428
4.54435
3.80674
3.04132
3.7044
4.77864
4.35904
4.57447
4.2666
4.1963
3.66689
4.16653
4.30105
4.2127
2.25218
2.72984
4.98147
3.71125
4.19784
4.1802
4.41091
4.50926
4.43289
3.87482
4.38886
2.96616
4.8258
2.52205
1.36826
4.42096
2.84631
2.51948
1.54979
3.54387
3.16223
2.49073
2.94668
4.30467
4.64123
3.88455
4.73563
4.5053
2.99312
3.912
4.71335
4.31688
3.93645
4.12141
4.30492
4.85088
4.37254
4.89938
4.54161
4.31458
4.54999
4.56512
3.41028
4.6329
2.8941
4.40961
4.60759
4.66176
4.25287
3.43481
4.67062
4.49849
4.69294
2.62784
4.49153
4.04141
3.13379
2.3932
2.40556
4.69378
4.34652
2.94142
3.67869
3.75502
4.18574
4.55949
4.20796
3.64227
4.1723
4.93238
4.32324
4.62798
4.45474
3.93807
2.56821
2.945
2.33987
4.20967
2.88682
2.35534
4.55361
3.68469
3.75569
4.2426
4.88371
4.32754
4.42591
4.54647
3.95394
2.47082
4.30408
4.32538
4.97304
4.45154
4.21272
3.69101
4.49885
4.87089
2.95531
4.26667
3.79935
4.89838
4.58937
3.70893
4.22626
4.50262
2.75089
3.52309
4.88129
4.41353
4.68736
4.37704
3.86087
1.63067
4.32915
2.82037
2.56492
2.91322
2.45908
1.62513
3.45403
3.72422
2.99392
4.41215
4.3907
3.36965
2.68414
3.88847
4.23254
4.62469
4.41502
3.88879
4.34623
4.63304
3.91474
4.72939
4.43108
3.01904
3.69144
3.06876
4.33974
3.93104
4.73586
4.65931
4.9231
3.85417
4.15433
2.49932
4.14025
4.26387
4.34961
4.99746
4.23666
4.08228
4.28705
3.67584
4.22841
4.92284
2.26665
2.83944
4.13446
4.38959
2.29679
3.76702
3.36228
4.49853
4.24034
3.78198
4.21851
2.46555
2.76292
4.86613
3.7857
4.18483
4.78845
4.33352
4.09611
4.52935
2.41297
3.03556
2.4717
2.92462
2.63825
2.76791
4.88779
4.54868
4.61656
3.50821
4.3762
4.51557
4.54086
4.26459
4.95915
4.48018
4.20586
4.82559
4.40974
4.65614
3.53471
4.31698
4.52462
4.59324
4.18273
1.69021
4.28972
3.88776
4.33801
3.83295
4.18843
3.87516
4.89587
2.73574
4.15981
2.7076
4.19384
2.77944
2.30305
4.33153
4.94318
4.47907
4.22081
3.03163
2.66607
4.71923
4.37955
3.05866
4.53562
3.0312
3.59806
3.83725
2.42288
3.96336
4.30307
1.66331
2.65663
3.77954
4.40749
4.53867
4.23967
4.53249
2.70198
2.27444
2.97677
2.63703
2.90678
2.46819
2.83083
4.83485
2.8669
4.32648
4.5559
2.44018
2.92187
4.25194
4.99814
4.7025
4.22211
3.72795
3.53479
1.48196
4.22249
3.8596
2.367
3.85576
2.58372
4.54738
4.35016
4.87323
4.20468
4.53669
2.91563
4.95273
4.77403
2.50689
2.92752
4.33955
2.9997
4.26404
4.65528
4.40168
3.81087
3.66179
3.88529
2.59065
1.59942
4.36679
3.92429
2.62698
1.40574
3.80569
4.42075
3.80885
4.5117
3.87957
4.27286
4.43516
4.27551
2.97847
2.90833
4.23675
2.71931
4.28684
4.5081
2.43653
4.84598
4.87995
4.20716
4.3866
4.91871
3.37659
4.62526
4.26137
4.71798
4.17321
4.37478
4.26795
2.60535
2.49298
1.44896
2.24792
1.59329
4.17972
4.92693
4.81263
4.84099
3.97088
4.78797
3.30209
4.9085
4.15496
4.54837
4.4487
3.96019
4.35852
4.49215
4.15202
4.65282
4.48706
4.47792
2.78797
2.57108
4.24982
3.95458
2.4703
4.44034
4.33366
4.16763
4.82572
4.078
3.64699
2.29306
3.48779
3.5538
2.25039
4.49396
4.15857
2.86615
3.9919
4.01702
4.65201
4.87936
4.92254
4.5403
4.00532
3.06022
4.54522
4.05529
4.33845
3.94084
4.26903
4.381
3.75438
3.66554
3.01688
4.30389
4.60467
4.75881
4.96677
1.60312
2.42604
1.59826
2.29791
2.72735
4.42741
4.90771
4.06081
3.74758
4.74846
4.487
3.18632
3.84745
4.50232
2.54125
1.58166
4.26159
1.42772
3.43671
2.98511
2.28561
3.02357
2.53575
4.76323
4.37479
4.77943
3.91205
4.34764
3.77076
3.40479
2.81183
4.53003
4.22794
3.52922
4.67287
4.21642
2.85259
4.37139
4.83946
3.55681
4.11059
4.5306
4.21378
4.84893
4.95227
4.21055
3.73712
2.64643
4.80206
4.4043
4.5477
2.4166
3.88141
3.59736
4.59592
2.51623
2.99866
4.22203
4.16755
4.6707
4.42671
4.10047
4.42521
4.35707
4.66704
4.40415
2.81094
4.98846
2.51797
3.94329
4.27891
3.13175
2.664
1.45623
2.422
4.40178
4.57822
4.3851
4.53859
4.88832
3.85327
2.47674
2.58703
4.54218
3.5357
3.78302
4.46612
3.1
4.98272
4.34933
4.99373
4.38898
4.33357
4.69278
3.67138
4.35279
4.77468
4.25524
4.40668
4.85506
4.51038
4.18632
3.96141
2.79646
3.54354
4.77745
4.54419
4.14586
4.96856
4.1778
4.545
4.22944
3.75203
4.87545
2.85828
2.33033
4.99667
2.95088
4.3994
4.92056
4.55692
3.91814
4.20666
1.45256
2.40032
2.84927
3.39467
1.40627
2.46144
2.68933
4.14874
4.31641
3.77861
4.39856
4.38936
4.4215
4.19066
4.64706
2.30301
4.8096
2.84736
4.31379
3.72913
1.36587
2.70277
4.64476
3.72636
4.86185
4.05965
3.62072
3.01236
3.37155
4.52576
4.53744
4.52973
4.82917
4.1349
4.10553
3.58778
4.32725
4.65769
4.30024
2.37668
2.97048
4.99233
3.78375
4.42494
3.08829
4.43205
4.79907
3.93109
4.40739
4.25663
3.66312
4.08623
2.70333
4.89456
2.33972
1.37951
4.35974
2.96016
2.39417
1.62451
3.5489
2.87601
2.64968
3.84505
4.45534
4.02473
2.79765
3.75079
4.43975
4.83868
4.98216
4.27918
4.37324
4.39597
4.15121
4.7259
4.38663
4.38415
4.70311
4.55962
3.64893
4.55785
4.90103
2.92518
4.26786
4.25306
4.64765
2.56481
4.20501
3.8801
4.93371
2.7902
2.36282
2.55664
4.45133
4.42195
2.78804
3.55689
3.99469
4.48247
4.18393
3.66889
4.24524
4.91104
4.25589
4.92172
4.30335
4.62221
4.24542
3.81239
2.45065
2.90609
2.44229
4.22159
2.79889
2.47256
4.53312
3.48048
3.82871
4.17413
4.31841
4.34714
4.28764
3.64731
2.39233
4.17078
4.15784
4.77325
4.47483
3.98908
4.57604
4.933
4.9838
2.88404
4.41425
3.75993
4.6702
3.86803
4.41554
4.64455
3.03686
3.54717
4.43006
4.52435
4.21382
3.79357
4.98119
2.83891
3.90441
4.30219
4.56377
4.8268
3.65871
2.86792
4.49587
4.11746
3.61499
4.47631
4.58454
4.29554
3.90561
2.98723
4.38852
3.98671
4.66477
3.82939
4.72677
4.34434
2.98182
3.71018
3.71511
4.55595
4.96165
4.90443
4.33628
4.29873
4.38872
3.77312
4.39978
2.38317
4.05693
4.3084
4.41015
4.85727
4.54543
4.31854
3.79313
4.24732
2.45555
2.73567
4.84115
4.21566
2.36143
2.85745
4.23627
4.50717
2.42534
3.78977
3.33902
4.59414
4.23179
3.62093
4.16208
4.87365
4.49888
2.62882
2.93803
2.65251
2.88199
2.48239
3.01707
3.55616
4.51138
4.47286
3.45447
3.82163
2.3472
3.73674
2.34545
3.61565
4.2728
1.50746
4.9733
4.96703
4.61678
4.40063
4.48572
4.30571
3.39622
4.32987
4.42078
4.97977
4.89252
4.00059
4.4816
4.34587
4.60908
4.49675
4.33248
4.89942
2.98431
4.38558
2.94369
4.364
2.93082
2.4082
4.56807
4.528
4.29455
1.38615
4.27139
3.71101
4.25894
3.6687
4.21298
3.64258
3.41762
3.76881
2.60692
3.93383
4.38668
1.52137
2.60596
3.86675
4.95564
4.66599
4.25488
4.98945
4.86902
2.94184
2.34464
4.41694
4.22306
2.87121
4.27086
2.89943
2.78681
2.38092
2.71172
2.39675
2.71691
2.33618
3.80341
3.61672
3.83129
2.6271
4.00883
2.51382
1.60028
4.44023
3.2983
4.98042
4.69739
4.0748
2.90628
4.98839
3.05012
4.30224
3.04461
4.34756
4.49376
2.51883
1.74868
3.99199
4.47229
4.07687
4.44547
3.97312
4.38427
4.73078
4.18151
4.9262
4.27946
4.49723
4.50197
4.50718
3.7751
3.5933
3.7817
2.55678
1.46837
4.39449
3.8075
2.46341
3.04299
4.77339
2.6762
3.06141
4.43266
2.96247
4.49415
4.93704
4.26375
4.16647
4.87548
4.49065
4.17073
4.67995
4.26949
4.83188
3.50318
4.55667
4.13488
4.28923
4.49214
4.84025
2.93962
2.55437
1.52422
2.4459
1.56011
2.39876
3.3633
3.89853
4.37327
2.75545
2.56553
4.5274
3.76677
3.44443
4.31376
4.43112
2.95853
4.29641
4.95433
4.33414
4.31237
4.46097
2.89083
2.46399
4.31787
3.80444
4.27317
3.81723
4.25189
4.32776
4.30278
4.65203
2.36553
3.42117
3.899
2.47112
4.66046
4.26134
2.80817
2.35459
4.92278
4.47729
4.21782
4.13777
4.86968
4.00562
3.67949
2.92822
4.63919
3.85757
4.26715
4.5388
4.32091
3.82213
3.8024
3.6241
2.93941
4.45263
4.60964
3.84403
4.26973
4.64778
4.97288
1.35741
2.47281
1.55063
2.36675
3.81009
3.58433
4.63751
4.20897
3.00183
2.543
3.80834
3.61891
2.8822
4.30875
4.61866
2.38139
3.04837
4.77641
3.99432
4.37687
3.95188
4.70801
4.40261
3.88183
3.77256
2.91165
4.7056
4.3033
4.61613
4.97885
3.71548
4.36709
4.57993
4.24761
2.8088
4.80754
4.98325
2.42875
3.77445
4.1936
4.22125
4.596
4.25051
3.85889
4.2658
4.38278
4.18231
4.90555
4.22581
2.36261
3.75982
3.40938
4.42766
2.34871
2.86567
4.15021
4.79895
4.24054
3.6438
2.46213
4.50997
4.86144
4.4258
4.28491
2.85124
2.39841
1.48139
2.61101
4.21662
2.94768
3.60583
3.68973
2.52463
4.59132
3.7384
4.25816
4.59964
3.44967
2.845
4.26191
4.96837
4.28067
4.24973
4.58871
4.64996
3.43175
4.4934
4.47561
4.30278
4.91133
4.69561
4.46672
4.46695
2.47028
4.7734
2.80097
4.24347
3.74425
4.24009
4.1901
3.7284
4.31815
4.34999
4.70752
2.95773
3.95156
4.66584
4.37868
4.55135
4.3536
3.8854
4.33218
1.41414
2.60362
2.97453
3.59077
1.60895
2.57917
2.94795
4.31958
4.58244
4.3235
3.75539
4.79936
2.96134
2.41979
2.91267
4.39953
4.73513
3.99395
1.393
2.45497
3.76545
4.52467
4.42389
3.50513
3.06784
2.34546
2.75364
4.17414
3.73512
3.33009
4.43779
2.37563
2.88557
3.92541
4.65266
4.30479
3.9654
4.50661
4.25514
4.62523
4.3516
2.5898
2.99513
3.95936
4.40437
4.49096
4.70699
4.45829
4.33458
3.83354
4.42708
1.5319
4.39528
2.95741
2.64454
1.56036
3.74515
2.96513
2.54215
2.99214
4.38134
4.62998
3.84598
4.51343
4.37306
3.78077
4.11581
2.58557
4.86654
2.39163
4.90042
4.24908
4.92072
4.15168
4.69047
4.22472
4.56206
4.65958
3.37294
4.55695
4.97159
4.2539
4.92838
2.78806
4.20783
4.70496
4.6132
4.41484
3.57057
4.61775
4.376
1.54073
2.45793
2.96691
2.53003
2.89516
3.55559
1.46287
2.50134
4.39963
4.38345
4.55084
4.36064
4.29354
4.3543
4.40066
3.87716
3.85634
4.29801
4.66058
4.37293
2.48722
4.23566
3.08253
2.37545
4.72652
3.58118
3.75014
4.25442
4.88142
4.35962
4.65544
4.31074
3.78197
2.29746
4.92679
2.92111
4.24794
3.83257
4.97305
4.39108
4.53023
4.46402
4.88012
3.7536
3.71954
4.28999
4.54169
2.7818
3.556
4.80808
2.96932
4.22419
3.94304
4.55789
1.60376
4.28295
2.85782
2.5292
3.01043
2.37146
1.57929
3.55455
4.61848
4.17441
4.4548
4.4564
4.58807
3.42893
4.53021
4.84482
3.83192
4.33553
3.87403
4.4116
4.61359
3.75002
4.52706
4.37182
2.89017
3.45301
2.93245
4.25953
3.79752
4.44927
4.92967
4.87648
4.83975
3.80386
4.17627
4.86727
4.47002
4.19617
2.4963
4.34651
4.34373
4.53338
4.32702
4.28231
4.36445
3.8846
4.26709
2.4064
2.9682
4.32374
4.63419
2.47194
3.86363
3.52011
4.5763
4.35239
3.90124
4.24399
2.51981
2.86335
4.26045
4.64066
2.34948
3.06417
2.63078
2.77015
2.55679
2.93495
3.54054
4.37896
4.48547
4.66138
4.14898
4.72556
4.47554
4.13441
4.7524
4.30814
4.45453
3.37441
4.26873
4.70323
4.81895
4.41449
4.47784
4.41226
4.66557
1.418
4.26313
3.82689
4.4102
3.6842
4.16538
3.87682
4.92546
2.89927
4.29861
2.91306
4.38942
2.819
2.46399
4.54492
4.45884
4.24515
4.95719
3.0005
2.53348
4.75714
4.56057
2.97614
4.42124
3.05663
3.62667
4.04304
2.63021
3.96613
4.28553
1.68295
2.63213
4.03928
4.58065
4.3806
3.03255
2.41167
3.0025
2.57262
2.78284
2.64669
3.98815
3.63071
4.00335
2.55508
4.12902
2.72885
1.60191
4.43531
4.45807
4.16526
2.82022
4.89373
2.94691
4.27866
2.82596
4.2674
4.45399
2.29621
1.42518
3.81165
4.35026
3.83653
4.26434
3.61572
4.34143
4.45451
4.67156
4.50998
4.32578
4.82482
4.61375
4.2772
3.96723
3.41843
4.00234
2.44486
1.55632
4.29869
3.78487
2.5474
2.93347
4.93144
4.56199
2.48444
3.10514
4.08631
2.75455
4.39612
4.93222
4.56861
4.21217
4.55068
4.3579
3.56001
4.67964
4.31311
4.48177
4.63882
2.88941
2.47945
1.47309
2.38047
1.53447
2.53791
3.73657
3.82521
4.58085
3.04968
2.63147
4.80168
4.32108
4.28406
4.1671
4.51903
4.24543
4.69196
4.90772
2.93132
2.46821
4.31525
3.88014
4.35664
3.81729
4.42423
4.28115
4.90953
4.33304
3.76871
2.43826
3.59981
3.78468
2.48506
4.51279
4.20974
2.83684
2.47213
4.97368
4.5985
4.40856
4.17974
4.94082
3.67205
2.90098
4.48107
3.71179
4.25891
4.67794
4.28635
4.52915
4.87035
3.91895
3.61574
2.84111
4.28991
4.62017
4.97934
3.90316
4.34379
1.61088
2.46147
1.51485
2.522
3.84338
3.34553
4.60473
4.28509
2.81653
4.7557
4.31151
2.9798
4.62246
3.83215
4.16086
3.71572
3.95408
4.32855
3.95944
3.55803
2.91146
4.5525
4.26254
4.42507
4.87928
4.99198
4.27343
3.93923
4.29326
4.3127
4.5509
4.13885
2.82802
2.39483
3.80927
4.31572
4.21035
4.53013
4.27539
4.27021
4.91587
2.67175
4.60265
4.4027
4.32176
2.43825
3.85753
3.51538
4.40969
2.48002
2.99405
4.33123
4.93694
4.24713
3.71591
2.93263
2.53482
1.52423
2.42851
4.22183
2.74688
3.50525
3.73711
2.4458
4.45527
4.45715
4.25852
4.9328
4.41396
4.53019
4.66553
3.57599
4.57497
4.50369
4.13949
4.85758
4.46134
4.59865
4.30847
4.51632
2.48038
2.9394
4.35243
3.86011
4.19105
4.34482
3.79354
4.36556
3.7549
2.7984
3.71739
4.94115
4.47621
4.26076
4.38202
4.03683
3.0953
4.2908
4.67513
3.84402
4.27695
1.54605
2.45596
2.95782
3.34896
1.48212
2.61823
2.86624
4.25362
4.5663
4.10562
3.778
4.8645
2.7656
2.33349
4.99469
1.39492
2.49872
3.84089
4.75168
4.28178
3.71299
3.00968
4.60275
4.23541
2.97097
3.93697
4.67336
4.2666
3.85885
4.28651
4.2762
3.73494
4.32147
4.60806
4.52016
2.64911
2.99473
3.86855
4.42357
4.33868
4.58344
4.48251
4.24264
3.82427
4.34352
2.97784
2.47777
1.61027
4.27992
3.1047
2.51287
1.59686
3.56814
2.89493
2.55908
2.96303
4.41245
4.76709
4.89927
3.804
4.84814
4.13
4.23955
4.83983
4.25036
4.84003
4.61627
4.32633
4.59096
4.75032
3.40825
4.48585
4.99475
2.8815
4.27342
4.59157
4.38466
4.55635
3.41642
4.61949
4.45267
4.39743
4.43825
3.75874
2.50345
4.26117
4.28522
4.94401
4.35738
4.14865
4.66937
4.35351
3.94236
4.31616
4.39858
4.51304
4.33224
3.99449
2.61725
2.91363
2.58837
4.3685
2.86181
2.38992
4.53208
3.43389
3.74257
4.15738
4.74376
4.38028
4.55293
4.1997
3.71809
4.95719
3.82373
4.51155
3.0103
4.38189
3.91793
4.59198
3.79767
4.34513
4.53298
2.89699
3.53354
4.86228
1.50191
4.38087
2.92015
2.44985
3.10944
2.42243
1.61841
3.57895
4.66367
4.93959
3.80342
4.31075
3.72871
4.89485
4.14513
4.48907
4.97235
3.8588
4.64261
4.33744
2.94776
3.39165
2.72994
4.25439
3.75778
4.36172
4.90954
3.90215
4.33564
4.79185
4.40558
4.19247
2.40941
4.23319
4.16537
4.52584
4.98564
4.28728
4.26326
4.19392
3.66616
4.42159
4.98833
2.62452
3.00723
4.39655
4.502
2.45811
3.94572
3.54627
4.61993
4.49761
3.73846
4.38624
2.50548
2.96393
4.94145
4.65227
2.47862
2.89961
2.67195
2.77494
2.59056
3.03863
4.93229
4.5087
4.18323
4.8032
4.41369
4.21902
4.81076
4.97025
4.33013
4.41981
3.34976
4.15028
4.85633
4.57135
4.40137
4.97946
4.56287
4.99061
4.68632
4.46998
4.32904
1.48889
4.32626
3.80265
4.33553
3.70261
4.28398
3.89143
4.93155
2.94517
4.28974
2.9334
4.27639
2.7679
2.34533
4.50616
4.59108
4.5349
3.07322
2.62344
4.68281
4.30822
2.90641
4.43692
2.95148
3.6025
4.06819
2.44727
3.94671
4.37735
1.57824
2.62018
3.8686
2.92224
2.57174
3.04804
2.55984
2.93624
2.44531
1.40238
3.857
4.31374
3.82152
4.48239
3.92416
4.25754
4.5679
4.33476
2.9105
2.9386
4.42561
2.98685
4.4037
4.52383
2.50418
4.51654
4.28041
4.37935
4.62009
2.94529
4.99827
4.42667
2.54292
2.70665
4.36937
2.92106
4.17077
4.67859
4.38834
3.88435
3.53442
3.82647
2.43805
1.45959
4.19221
3.78818
2.51387
4.5064
4.35052
4.9264
4.6917
4.29227
4.92137
4.90435
4.19827
4.62132
4.93489
3.60476
4.60808
4.44203
2.83607
2.54416
1.40803
2.56718
1.59577
4.21933
4.25555
4.99065
4.28165
3.79185
4.27549
4.33786
4.4442
4.7024
4.33039
4.67101
4.97982
2.98563
2.5587
4.37683
3.9247
2.34173
4.86226
4.64063
4.17673
4.30365
4.43086
3.84304
2.55015
3.47656
3.76486
2.26834
4.47632
4.22274
2.85612
4.4952
4.17918
3.85393
2.80398
4.98644
4.50846
3.79682
4.26084
4.94918
3.67065
4.35663
4.54987
3.88686
3.34183
2.91992
4.30583
4.48428
1.6608
2.4075
1.4214
2.40095
3.80046
4.56937
4.29405
2.88968
4.62108
3.98779
4.42021
4.88035
4.49038
4.98856
3.83678
4.24201
3.68574
3.46081
2.81516
4.39317
4.28465
4.52214
4.77738
4.34317
3.78813
4.1993
4.3365
4.45551
4.43803
3.10356
2.53557
3.86621
4.52556
4.20924
4.2165
4.79591
4.97322
4.23521
3.91491
2.37368
4.52294
4.94861
4.14927
4.17456
2.64575
3.69261
3.48323
4.57977
2.51395
2.86285
4.2355
2.98107
2.69307
1.46369
4.33877
4.42542
4.29418
4.90484
4.83852
4.41369
4.40294
4.65354
3.46633
4.61017
4.65348
4.20513
4.15864
3.83393
4.32347
4.32747
4.51804
4.08295
4.55955
2.5061
4.98483
2.87881
4.28276
3.90471
4.4464
4.1944
3.91582
2.80664
3.6409
4.79559
4.42959
4.18229
4.97325
4.07295
4.35224
4.20392
3.70597
4.76145
2.70897
2.39633
2.9209
4.38919
4.90932
4.58778
3.69809
4.22081
1.50903
2.31395
2.74733
3.37417
1.63041
2.49595
2.70753
1.58643
2.43851
3.78479
4.88295
4.41833
2.98154
3.96997
4.74408
4.45742
4.20872
4.54093
4.54476
4.48274
3.90633
4.36327
4.47608
4.39409
2.48729
2.86098
4.90684
3.81903
4.26812
2.79634
4.39768
4.41956
3.87006
4.76999
4.48095
4.1279
4.48215
3.10915
2.58492
1.55662
4.46212
2.89518
2.55543
1.50148
3.45863
2.92532
2.494
4.93786
4.17032
4.08709
4.78774
4.97949
4.74958
4.25371
4.87414
4.67575
4.34602
4.28809
4.64138
3.43461
4.48241
2.96503
4.14509
4.29955
4.40409
4.252
3.70701
2.34711
4.25996
4.30155
4.79617
4.5594
4.70242
4.38501
3.80638
4.36012
4.91828
4.26303
4.9249
4.44334
4.51193
4.48703
3.83796
2.52908
4.97687
2.88857
2.4293
4.23064
2.80872
2.43769
4.33216
3.31517
3.81616
4.27227
4.45441
4.44998
3.79789
4.94829
3.87598
4.59463
4.91916
2.89571
4.42584
3.80051
4.5697
3.96564
4.25107
4.56751
3.01589
3.53126
3.73125
4.48508
4.94774
4.39651
4.67136
4.45344
4.0141
2.90303
4.42011
3.72658
4.61125
4.91606
3.9177
4.59871
4.22139
2.68462
3.52299
4.41539
4.20429
3.80633
4.14635
4.26677
4.31282
4.36641
3.82512
4.41649
2.48586
4.26499
4.33162
4.5859
4.88814
4.44709
4.0875
3.83815
4.22984
2.32466
2.913
4.85738
4.2185
4.98243
4.85698
2.44218
2.8301
4.14223
4.48393
2.56934
3.82635
3.45083
4.62098
2.66439
3.0011
2.60849
3.17509
2.59317
3.0509
3.68553
4.4872
4.4541
3.35726
3.91946
2.40774
3.84142
2.44977
3.82614
4.16644
1.45886
3.50904
4.40804
4.57467
4.97463
4.8318
4.43374
4.55395
3.59739
4.01243
4.23926
1.65561
2.40464
3.90285
2.51571
3.82062
4.70972
4.34941
4.89252
2.8732
4.24889
2.73688
2.39884
4.3853
4.16317
2.91969
3.46757
4.47887
4.64513
4.90371
4.24406
4.50884
4.58847
4.26779
4.6015
4.31945
2.85047
2.44858
2.86895
2.28066
2.70692
2.47424
3.72346
3.63391
3.69338
2.52878
3.92973
2.46516
1.49618
4.31295
3.50396
4.56775
4.22133
3.91575
3.73238
1.42027
4.41077
3.91445
2.46253
3.88277
2.56284
3.09329
4.9696
3.00165
4.26012
4.61775
2.52463
3.10953
4.33382
4.70679
4.34815
3.5021
4.76952
4.15228
4.9053
4.28126
4.5137
4.83864
3.71824
3.57021
3.70853
2.40132
1.46956
4.13442
3.6625
2.44272
2.91074
4.8414
4.52404
2.4661
2.8241
4.33788
2.93549
4.2913
4.93183
4.38362
4.122
2.89754
2.92505
4.32092
2.98227
4.31204
4.58821
2.49227
1.58784
3.73867
4.40947
3.81776
4.42778
3.89314
4.13946
4.64849
4.3011
4.90841
4.07694
4.29235
4.70656
4.22403
2.97003
2.65911
1.42849
2.41074
1.61637
2.59693
3.43821
3.97859
4.5305
2.85338
2.57203
4.58575
3.92947
3.46975
4.37683
4.58086
2.9071
4.40351
4.36537
3.48371
4.53484
4.49834
4.62791
4.3997
4.45252
1.54193
3.3818
1.45813
2.5017
2.7895
2.46608
2.85228
4.38475
4.46923
4.98172
2.96321
4.33007
3.80964
2.45077
2.83527
4.94808
4.51277
4.34627
3.85261
2.40633
3.37326
3.70424
2.40243
4.37219
4.18344
2.78383
2.45192
4.90659
4.59413
4.22904
4.35236
4.72898
4.18682
3.71091
4.35654
4.89903
4.33226
4.19094
4.38843
4.78312
2.71703
2.21478
4.02257
3.68909
4.16651
3.7271
4.25468
4.17825
4.92549
4.28417
4.49494
1.40648
2.56713
1.43253
2.53051
3.79952
3.47706
4.66536
4.30767
2.94403
2.42802
3.84721
3.52814
2.94104
4.3382
4.60276
2.45177
1.59968
4.33327
1.56345
3.51564
2.95781
2.33364
2.8643
2.41864
2.89484
4.56421
4.82753
4.23131
3.93658
4.52572
4.25632
3.07156
3.81614
4.38999
2.51584
4.52874
4.37827
4.60409
3.47607
4.46069
4.5854
4.21412
4.99307
3.68553
3.47783
3.03144
4.47455
4.29282
4.59971
4.90531
4.94157
3.66213
4.1072
2.814
4.56037
4.90757
3.7344
4.19706
3.7862
4.61646
4.31399
4.82962
4.99623
2.97008
2.32992
1.6687
2.6024
4.37059
2.94889
3.71676
3.94324
2.59132
4.63987
3.71741
4.27049
4.46329
3.44463
2.80866
2.35101
2.4596
4.44381
3.45628
3.58044
4.13102
2.80957
2.37951
4.34636
4.87348
4.51535
4.41636
4.33388
4.79046
3.71999
3.97702
2.99151
3.52672
4.37687
4.60228
4.01393
4.39282
4.50917
4.99881
4.20697
4.54011
4.47229
3.56631
4.64555
4.56572
4.41436
4.94132
4.75809
4.14541
4.80584
4.28338
4.87211
1.61533
2.45758
3.76882
4.27254
4.24713
3.24414
2.80482
2.76775
3.12937
4.60674
4.0778
3.76586
4.83762
2.69584
4.02172
2.79475
3.47894
4.60998
4.26464
4.576
4.80372
4.1647
4.43055
2.45268
4.4515
2.45148
3.80918
3.40926
3.0318
4.20698
4.19426
4.84114
3.70834
2.57683
4.52337
4.87525
4.51627
1.5418
4.23015
2.69721
2.35361
1.40906
3.32383
2.83496
2.26122
2.73806
4.95147
4.1169
4.27162
4.81346
3.75889
4.70852
4.31013
3.74476
4.42722
2.98399
4.99585
2.47833
3.05973
3.69463
4.5256
4.91364
4.10289
3.68108
4.5374
4.41078
4.54936
4.07098
2.27549
2.61617
4.87757
3.62164
4.11187
4.98968
4.04444
4.96147
4.33082
4.12829
4.37979
4.04499
4.36121
2.82983
4.19268
4.61209
4.4207
4.38291
3.39781
4.80006
4.50786
1.64896
2.6356
3.12411
2.64341
3.09726
3.71892
1.63283
2.54434
2.31751
4.51754
4.26875
2.75382
3.43656
3.65965
4.18307
4.98947
4.93561
4.39959
4.4984
2.74969
4.34035
4.03814
2.93088
3.83746
2.82498
4.17111
4.48362
3.56326
4.85231
2.88589
3.99918
4.56606
4.72878
2.33237
4.16759
2.81696
2.51346
4.45839
3.44891
3.72287
4.22033
4.96553
4.45526
4.57154
4.18566
3.91506
2.44111
2.77314
2.47287
4.20969
4.16636
4.95875
4.339
4.13252
4.35327
4.22803
4.41587
3.89272
3.6759
4.06021
4.80368
4.64205
4.49067
1.44332
4.40094
2.82092
2.57227
3.04644
2.49408
1.59306
3.45646
4.58413
4.39319
4.56536
4.61971
4.4844
3.48728
3.90306
2.94627
4.66693
4.24319
3.57549
2.93241
3.90215
4.339
4.79738
4.94154
2.49486
4.44447
2.45349
2.83646
4.26066
3.83996
3.39398
4.60029
4.19672
2.476
3.76783
4.28371
2.84737
4.27808
4.97118
3.81935
4.5302
4.27056
2.91078
3.47013
2.93284
4.35534
3.76064
4.62633
4.90425
4.90486
4.60922
4.96567
3.89483
4.20477
3.65881
4.89181
4.26221
4.57573
4.55305
2.4418
2.90547
2.53127
2.89327
2.44173
2.77653
3.50515
4.12492
4.53648
4.95219
4.24458
4.51864
3.37289
4.26402
4.75896
4.94623
2.9137
4.32233
3.01249
2.58877
4.65301
4.38822
2.93436
3.70094
3.72184
4.44541
1.59177
2.51035
3.88234
2.50059
3.93879
4.96741
4.60739
4.23989
4.98969
4.19946
4.45903
3.4997
4.1824
4.52548
4.93711
4.72183
4.24005
4.96396
4.54137
4.39181
3.01796
2.56075
2.89908
2.74202
2.95769
2.60104
3.92301
3.42029
3.82645
2.43021
3.71244
2.40138
1.57366
4.26306
4.56705
4.39856
4.00445
3.3575
1.54082
4.1653
3.78683
2.57296
3.93857
2.36596
2.87384
4.75788
2.706
4.16609
4.43996
2.4762
2.89171
4.0878
3.68932
4.39545
4.43142
4.83516
4.42475
4.6954
4.98351
4.55665
4.4135
4.00337
3.5083
3.987
2.62073
1.6935
4.44931
3.80611
2.55933
3.11029
4.99454
4.48085
2.56607
2.90533
4.33067
2.98746
4.14844
4.53213
4.42861
3.04935
4.96894
2.98196
4.38581
2.84527
4.45592
4.66287
2.41262
1.47521
3.76085
4.32895
3.72731
4.24231
3.86994
4.36739
4.47459
4.77171
4.44079
4.40915
3.04247
2.6476
1.43765
2.38673
1.61609
2.6807
3.63609
4.06651
4.44988
2.96027
2.51475
4.74694
4.82674
4.36487
4.65578
3.58975
4.68657
4.57408
4.56279
4.45627
2.73022
4.89083
4.47121
4.34072
3.78393
4.42685
1.4908
3.62249
1.54107
2.55402
2.90709
2.48058
3.12351
4.40521
4.58671
3.15462
4.71094
3.74279
2.60258
4.81213
4.00808
3.59439
2.32914
3.43522
3.83405
2.39923
4.47384
4.12451
2.74929
2.5744
4.8949
4.74218
4.48326
4.34937
4.28217
4.8401
4.38759
4.98907
4.11483
4.39433
4.17212
4.4991
4.80448
2.8116
2.53905
4.223
3.8395
4.33989
3.89018
4.35319
4.22536
1.63143
2.73608
1.59745
2.61437
4.00317
3.54195
4.56975
4.32804
2.92604
4.55324
4.34996
2.88668
4.91947
3.7575
4.14724
2.45617
1.54697
4.20306
1.53062
3.26747
2.76516
2.47272
3.02892
2.37685
2.9713
4.48624
4.83732
4.35451
3.81643
4.42522
4.37311
4.43298
4.35429
3.69256
4.68289
4.70262
4.92582
3.82924
4.35194
3.98155
3.55246
2.94992
4.57818
4.34854
4.79567
4.47099
4.29363
2.95127
4.53795
4.98938
3.71988
4.16474
3.81811
3.14882
2.59311
1.52701
2.53752
4.2666
2.83793
3.38067
3.76111
2.31508
4.50642
4.40906
3.93974
2.53103
2.50244
4.41425
3.39408
3.89537
4.52643
2.77424
2.41572
4.17127
4.83557
4.58666
4.28544
4.68021
3.89106
3.09617
3.60931
4.44878
4.72983
3.87991
4.29189
4.44116
4.52477
4.64535
3.53735
4.51812
4.5103
4.43205
4.94842
4.40714
4.89686
4.22372
1.55799
2.6113
3.98326
4.64839
4.5488
3.53808
3.03425
3.77029
4.92738
4.44153
4.05445
3.13049
3.6471
4.81668
4.41738
4.7956
2.3553
4.19108
4.56292
4.79296
4.21525
2.44498
4.56623
2.49437
3.82869
3.46433
2.89365
4.43246
4.47992
4.85405
3.90728
4.52386
4.28165
3.67487
4.1543
2.6766
4.70815
2.29554
1.39989
4.16339
2.83684
2.59064
1.51884
3.46798
2.8103
2.42392
3.02171
4.52551
4.76795
4.9448
3.92588
4.4934
4.31913
3.02026
3.76937
4.59429
4.23101
4.03026
4.16051
4.07049
3.57846
4.08409
4.36634
4.22424
4.98428
2.35527
2.86116
4.8502
3.7086
4.28822
4.35183
4.44108
2.89495
4.35968
4.62382
4.58206
4.4571
3.4337
4.57079
4.40484
4.70243
2.44698
4.37019
3.7531
4.99982
2.97187
2.60859
2.50837
4.4238
4.26684
2.89429
3.68318
3.76315
4.36278
4.98293
2.95549
3.82895
4.33119
4.53876
3.76891
2.96085
4.30135
4.5977
3.54685
4.97482
4.32343
4.58917
4.25522
3.75631
2.41203
4.86202
2.85944
2.51624
4.26808
2.88895
2.35263
4.57752
3.47587
3.73623
4.36768
4.97705
4.30272
4.27689
4.29019
3.79135
2.49742
4.15967
4.18813
4.96376
4.33669
4.28969
4.45184
4.15594
3.79273
4.3256
4.95657
1.55846
4.45156
2.95228
2.69258
2.96499
2.52814
1.49413
3.59979
3.89009
3.04071
4.59365
4.43566
3.5399
3.03069
3.94349
4.55093
4.75369
4.21862
4.88431
2.49659
4.63946
2.45643
2.84097
4.30061
3.81378
3.56572
4.4834
4.23459
2.55232
4.04097
4.0988
2.85406
4.90584
3.82944
4.62435
4.42966
2.97367
3.45266
3.04527
4.54129
3.97819
4.69254
4.95893
4.67653
4.98842
3.9364
4.33104
3.95654
4.97633
4.36962
4.5928
4.71228
2.49943
3.13415
2.57281
2.99197
2.45222
2.98125
4.99887
4.44459
4.61113
3.6195
4.46325
4.4659
4.92652
4.52165
4.22967
2.95424
4.42955
2.96232
2.48355
4.59802
4.34861
2.94094
3.40712
3.7576
4.20734
1.50681
2.61199
3.57509
2.34967
3.82078
4.84782
4.39524
4.49647
3.60571
4.41758
4.56319
4.48233
4.48866
4.93886
4.6001
4.29004
3.08971
2.4848
2.90131
2.62747
3.0546
2.56933
2.85748
4.86483
2.80714
4.11916
4.43764
2.35705
2.67182
4.13711
4.79506
4.51883
4.19918
3.72778
3.25114
1.51117
4.17645
3.65066
2.48977
3.79352
2.24883
4.32903
4.73238
3.57915
4.36797
4.50288
2.9207
4.65631
2.60052
3.21174
4.43559
3.0294
4.47054
4.69224
4.3789
4.04011
3.61182
3.85518
2.525
1.49397
4.41922
3.88548
2.44048
1.51288
3.88019
4.19033
3.69975
4.32501
3.81763
4.15744
4.51514
4.38303
2.82572
4.91871
2.83128
4.26367
2.86217
4.20263
4.60645
2.51414
4.43635
4.36372
4.98729
4.49918
4.88327
3.09553
2.53652
1.61407
2.49884
1.57986
4.32614
4.95194
4.31685
4.6131
3.6657
4.58916
4.7625
4.54066
4.40343
4.63701
4.8055
2.81436
4.14562
3.74376
2.4352
3.04038
4.58773
4.33441
3.9287
4.33804
1.40651
3.52306
1.56454
2.72734
2.79788
2.52635
3.0009
2.34931
4.9324
4.58406
4.43111
4.39247
4.37472
3.72944
2.49682
3.36312
3.96939
2.55922
4.54308
4.3457
2.8889
4.44037
4.35086
4.93051
4.29976
3.79466
4.15936
4.18025
4.4788
4.52025
4.301
4.44698
2.91131
2.53884
4.33247
3.76795
1.52776
2.62456
1.64744
2.6021
2.83951
4.60063
4.83126
4.24328
3.67048
4.61822
4.18527
2.89128
4.79471
3.71896
4.35325
2.34838
1.38499
4.13354
1.49596
3.33736
2.73679
2.55451
2.89603
2.31694
4.5702
4.44303
4.33231
4.3677
3.74247
4.90738
4.74971
4.49699
3.95808
4.35985
4.09268
3.65062
2.95424
4.66811
4.2433
3.83286
4.49591
4.3287
2.82548
4.53191
4.97368
3.77791
4.41842
2.94303
2.41149
1.56248
2.43075
4.36135
4.9915
4.47671
4.19973
4.2666
4.90209
3.7365
2.38388
2.55403
4.48371
3.42547
3.9156
4.34023
2.84575
3.85599
4.84987
4.34552
4.68711
3.76688
2.98342
3.7203
4.321
4.69477
4.159
4.99412
4.39007
4.5434
4.62203
3.44615
4.61009
4.42672
4.28399
4.18566
4.95517
1.55056
2.58168
4.60125
4.97675
3.79894
4.96374
4.21402
3.81791
2.96249
3.63953
4.62623
4.22851
4.27477
4.93879
3.87657
2.63137
4.3128
4.59911
4.47438
2.43878
4.67321
2.64686
4.1772
3.49624
3.0593
4.49182
2.80462
4.36128
4.76502
3.94389
4.52111
4.19949
3.83932
4.31263
2.90717
4.91199
4.97457
2.33519
1.58476
4.35216
2.77997
2.58025
1.62691
3.46587
2.89326
2.43472
3.96257
4.51484
4.24267
2.90381
3.75009
4.59796
4.92499
4.43681
4.31155
4.50964
4.2482
4.33673
3.96919
4.30084
4.62554
4.22963
2.53893
3.05876
3.84969
4.29244
2.93453
4.31103
4.97622
4.3417
4.57889
2.53288
4.27911
3.94289
2.86957
2.47288
2.56841
4.58327
4.30861
3.17241
3.67744
3.80126
4.93206
2.99822
3.78457
4.2206
4.97778
4.62517
3.73382
2.94844
4.49003
4.42001
3.51062
4.18731
4.324
4.62912
4.4175
3.96069
2.58805
4.89969
2.91606
2.6601
4.26663
3.18908
2.64392
4.66458
3.67776
3.81575
4.48374
4.40404
4.42311
4.34293
3.91986
2.60763
4.40205
4.4472
4.84872
4.63745
4.44704
3.9349
4.3972
2.87217
3.79706
4.20138
4.47564
4.86924
4.94405
3.79877
3.06823
4.51398
4.45932
3.46417
4.69079
4.37534
2.42052
3.65635
4.27562
2.9271
4.85617
4.47884
2.42408
4.61876
2.54196
3.10299
4.24439
3.8907
3.62504
2.77522
4.29523
3.9468
4.59487
4.95673
4.91462
3.90735
4.42807
4.39869
2.88297
3.41976
3.86437
4.5439
4.24667
4.40897
4.34302
3.94704
4.98058
4.63691
2.69878
2.94602
2.56462
2.89108
2.50116
2.89928
3.478
4.47336
4.55032
3.41563
3.86037
2.62934
3.85693
2.44232
3.93013
4.38556
1.61444
3.44102
4.3637
4.54769
4.84645
4.99142
4.25526
4.47508
4.85308
4.66918
4.54549
4.44492
4.19509
3.4731
4.29545
4.50462
4.8701
4.38185
4.67668
3.01629
2.4481
2.84465
2.52869
2.92905
2.54468
4.081
3.58998
3.94421
2.50926
3.93458
2.57376
1.44019
4.43854
3.48649
4.60742
4.31066
3.85283
3.31178
1.52598
4.16007
3.85023
2.43718
3.70333
2.46373
2.84982
4.78773
2.80205
4.14892
4.47628
2.38132
2.78793
4.30728
4.93243
4.48295
4.14834
4.42105
4.7869
4.39155
4.34721
3.68411
3.56638
3.99934
2.37652
1.49941
4.32549
3.83361
2.6334
3.02691
4.67748
2.57241
3.0208
4.50496
2.96299
4.30282
4.9101
4.55835
4.18539
2.79022
4.76963
2.80951
4.26642
2.94965
4.29519
4.42294
2.46438
1.52536
3.77011
4.19078
3.72104
4.3494
3.73817
4.41314
4.64856
4.26538
3.07324
2.67312
1.37688
2.56238
1.61286
2.68936
3.50733
3.78092
4.35323
2.81168
2.62366
4.56656
3.85433
3.67346
4.41497
4.63782
3.04391
4.4721
4.54356
3.68889
4.4662
4.73742
4.73168
4.31143
4.84404
4.09155
4.46359
4.74834
2.74613
2.45336
4.94098
4.04397
3.70238
4.23767
3.62638
4.11356
4.19554
4.06035
4.26535
2.28256
3.3906
3.73422
2.37523
4.42631
4.23672
2.72561
2.33522
4.73321
4.52024
4.17265
4.17232
4.90094
4.78012
4.37994
3.73862
4.3278
4.89741
4.91408
4.32379
1.4985
2.46922
1.55494
2.46551
3.91864
3.52894
4.59324
4.29814
2.9444
2.52003
3.81658
3.54792
2.87305
4.23114
4.5429
2.51967
1.56277
4.27607
1.51407
3.55288
2.98987
2.63907
2.89216
2.50515
2.83529
4.50906
4.93239
4.26635
3.75982
4.57933
4.38296
2.83376
4.8275
3.65452
4.26163
2.35515
3.62597
3.4901
2.83464
4.64103
4.31925
4.57573
4.90573
3.80193
4.24889
2.93568
4.54296
3.92438
4.35523
3.84788
4.45438
4.30104
2.80653
2.48998
1.48686
2.54051
4.28763
2.80756
3.46226
3.77678
2.54274
4.55861
3.83667
4.38539
4.61618
3.51066
3.0104
2.42023
2.44386
4.57524
3.56422
3.92087
4.24535
2.86649
2.2857
4.1588
4.86503
4.41939
4.14076
4.217
4.73666
3.67505
4.11306
4.58848
4.46772
3.36708
4.59155
4.52648
4.28001
4.8935
4.9661
4.27266
4.99539
4.24738
1.53249
2.31066
3.80847
4.49101
4.1506
3.39235
2.85135
2.54866
2.98758
4.41385
3.80206
3.59477
4.67269
2.45194
3.87797
2.99044
3.67898
4.61309
4.33588
4.40168
4.89382
3.89139
4.28513
4.41884
4.43484
2.57807
3.07037
4.95909
3.78258
4.35965
4.20931
4.66139
4.38359
4.28195
3.67097
4.11858
1.39589
4.46283
3.05786
2.5745
1.53643
3.63539
3.09252
2.46245
2.84812
4.3292
4.48907
3.84752
4.52972
4.44364
3.83946
4.43909
3.09615
4.955
2.56393
3.03528
3.93694
4.79237
4.43162
3.87395
4.74345
4.44802
2.86036
4.37106
4.55187
4.55232
4.53336
3.54214
4.5357
4.19937
1.53413
2.42536
2.97412
2.45002
2.84208
3.51588
1.47507
2.58145
2.54431
4.63743
4.41457
3.08928
3.55284
3.89879
4.23973
4.95444
4.36895
4.72261
2.47304
4.25842
3.88312
4.94214
2.88728
3.88936
4.49136
4.87841
4.44133
4.07286
4.93033
2.26128
4.3988
2.9402
2.44301
4.59672
3.61283
3.80346
4.28895
4.96095
4.11093
4.59308
4.19454
3.81385
2.48268
4.98561
2.87858
2.57024
4.34933
4.47943
4.66554
4.35224
4.22538
4.38695
4.21582
3.86086
1.69373
4.34748
2.97719
2.41309
2.94728
2.50365
1.7264
3.58007
4.71642
4.25707
4.59193
4.47429
4.61027
3.49748
3.7785
2.97872
4.68537
4.40868
3.57392
2.8131
3.74149
4.24084
4.50785
4.92576
4.81997
4.27074
3.91251
4.27177
4.55886
3.61515
4.59779
4.20475
2.79462
3.49966
2.92942
4.36611
3.81826
4.55486
4.85598
4.86746
4.52228
3.86848
4.74784
2.66806
2.92788
2.5078
3.1367
2.89402
3.02044
3.65286
4.46511
4.62441
4.93272
4.5083
4.72801
3.48083
4.36626
4.62192
4.27003
4.44492
4.72043
4.4112
4.9402
4.38857
4.97788
4.74708
3.72462
4.45379
4.3015
2.80548
2.55675
3.06331
2.45048
2.83594
2.5423
3.8782
3.47935
3.62514
2.56548
3.91674
2.30802
1.47443
4.25313
4.91353
4.7146
4.4789
3.96928
3.50929
1.55611
4.34436
3.93053
2.52487
3.95482
2.59055
3.13158
3.00922
4.43476
4.84051
2.58402
3.04658
4.44153
4.86215
4.11027
4.48182
4.53656
4.16752
4.88126
4.50278
4.31016
3.7421
3.47221
3.77676
2.49006
1.46476
4.27612
3.75499
2.40001
2.69229
4.96859
4.46281
2.43225
2.76286
4.0615
2.73922
4.3084
4.63221
4.31681
2.96454
2.79316
4.33332
2.98273
4.26516
4.59927
2.45313
1.50633
3.8251
4.32711
3.75153
4.12955
3.79944
4.22059
2.74557
2.44404
1.57808
2.59595
1.43914
2.54176
3.37547
3.72238
4.2701
2.92652
2.47487
4.46045
4.22746
4.68584
3.33541
4.68519
4.45612
4.38961
4.28522
4.88635
4.28796
4.61545
4.42497
4.52152
2.92841
2.53187
4.2528
3.86761
4.49446
3.92142
4.3328
4.36409
4.99759
4.27602
3.88447
2.54859
3.52065
3.88191
2.39508
4.68192
4.32906
2.79988
2.42926
4.94887
4.59662
4.22523
4.30514
4.34232
4.88548
4.21434
1.52214
2.39308
1.45907
2.44745
3.81658
4.99627
3.47025
4.59775
4.20308
2.83354
4.60685
4.29582
3.03532
4.08789
4.45527
2.66422
1.60234
4.2773
1.54
3.58119
3.00797
2.51278
3.00036
2.51502
2.99736
4.58504
4.27659
3.8607
4.78847
4.86719
3.69847
4.28124
3.72098
3.56969
2.86833
4.51613
4.18267
4.39462
4.98296
4.73539
4.36898
2.97637
4.48725
3.9477
4.39349
3.86495
2.99282
2.64524
1.57412
2.52065
4.21129
2.89187
3.57338
3.8628
2.52974
4.56887
4.4242
3.94486
2.49419
2.557
4.56992
3.54537
3.85848
4.34023
2.85093
2.53836
4.32157
4.54251
4.271
4.97013
4.92164
4.33933
4.4445
4.71292
3.56972
4.36464
4.58058
4.22636
4.95868
4.41567
4.36679
1.52277
2.56108
3.97905
4.49551
4.32541
3.56914
2.98045
3.92179
4.38319
3.79559
2.76164
3.43154
4.5417
4.26505
4.66705
4.27298
4.20582
3.77534
4.31644
4.63693
4.25515
2.3966
2.92388
3.74017
4.37554
4.409
4.62696
4.38562
4.27877
3.78727
4.15512
2.82167
4.8621
2.47241
1.48618
4.30056
2.89112
2.51824
1.46315
3.59763
2.87723
2.35373
2.9567
4.39906
4.55764
4.94399
3.83263
4.44391
4.30337
2.94167
3.74636
4.50269
4.95393
4.3203
3.84446
3.0554
4.52777
4.52748
4.52853
4.54501
3.50011
4.65533
4.35711
4.27819
2.49852
4.39573
3.78649
4.86285
2.91365
2.44447
4.89388
2.23395
4.36538
4.19827
2.64656
3.32482
3.71659
4.35001
4.83818
4.56495
4.4371
3.76097
4.36378
4.96093
4.13066
4.41071
4.29913
3.59951
2.30193
4.84909
2.86977
2.49131
4.2412
2.78426
2.36747
4.56641
3.35097
3.65278
4.28287
4.8237
4.14566
4.03543
4.25193
3.65036
2.30606
4.02291
4.94225
4.07296
4.72471
4.4413
4.1953
1.54761
4.28215
2.77593
2.46561
2.94888
2.5123
1.60328
3.46486
3.86484
2.9174
4.59447
4.30981
3.43628
3.00186
3.82483
4.30774
4.53723
4.99526
4.25928
3.80641
4.9174
4.34238
4.50014
3.85141
4.59215
4.42161
2.91908
3.50172
2.77809
4.38083
3.79417
4.59778
4.66785
4.98934
3.83086
4.48781
2.40985
2.83414
2.41994
2.99306
2.57151
2.8197
4.83759
4.32394
4.42488
3.51769
4.20276
4.63077
4.65305
4.38879
4.65253
4.24926
4.90713
4.3398
4.61556
3.42218
4.26968
4.6731
4.92929
2.75465
2.58193
2.92723
2.29174
2.8711
2.42316
3.11104
2.94867
4.38282
4.6789
2.62365
2.99346
4.38225
4.59082
4.28607
3.94777
3.71265
1.61885
4.31568
3.94781
2.61271
3.87507
2.5831
4.73567
4.34803
4.89067
4.10089
4.3166
2.68671
4.62817
2.52461
2.88243
4.29761
2.98804
4.24843
4.98922
4.54433
4.40054
3.59076
3.50642
3.68419
2.39511
1.39279
4.04298
3.7626
2.36856
1.63805
3.88307
4.48988
4.00037
4.3563
3.88347
4.39711
4.59233
4.16584
2.82148
4.95147
2.97302
4.26151
2.8359
4.20694
4.59137
2.49653
2.8059
2.42342
1.48287
2.41403
1.46314
4.27049
4.95944
4.77982
4.93357
4.24296
4.57352
3.36105
4.74716
4.45659
4.4332
4.25061
4.00134
4.66403
4.39129
4.30311
4.52128
4.44752
4.61552
4.89274
2.89094
2.42187
4.25873
3.70815
2.51593
4.56657
4.30119
4.37742
4.93932
4.1404
3.79518
2.24271
3.40801
3.75616
2.40332
4.37241
4.24773
2.99621
4.29296
4.06813
4.89835
1.55249
2.42547
1.46795
2.503
2.97705
4.56926
4.46925
3.8784
4.56042
4.26413
2.95335
4.88813
3.77593
4.27759
2.33926
1.54281
4.45502
1.52934
3.46522
2.94854
2.44904
2.82498
2.53409
4.97735
4.51668
3.85594
4.41366
3.66919
3.55823
2.89896
4.5934
4.42904
4.00013
4.68284
4.27534
2.90357
4.72816
4.99508
3.77846
4.33453
2.90678
2.53214
1.5267
2.42098
4.24496
4.96156
4.69043
4.29882
4.40304
3.74137
2.55143
2.40851
4.49605
3.41649
3.78171
4.21995
2.84943
4.82614
4.16535
4.89019
4.13996
4.53864
4.58243
3.4825
4.64083
4.62063
4.38205
4.26955
4.87291
1.51908
2.43147
4.53941
4.90739
3.67619
4.8254
4.0957
3.82498
2.78307
3.42103
4.39523
4.1834
4.48518
4.68593
4.38713
4.33488
3.98723
4.44428
4.83919
4.39783
2.55624
2.96781
3.90183
4.23771
2.9459
4.28582
4.524
3.90725
4.60996
4.2666
3.94276
4.2952
2.86094
2.59283
1.43342
4.27847
2.90928
2.41996
1.40307
3.36184
2.88968
2.59332
3.77672
4.44101
4.06565
2.68256
3.73769
4.25605
4.70046
4.11214
2.91495
4.3142
4.89154
4.27662
4.37858
2.37432
4.18177
3.71475
4.90226
2.70785
2.49561
2.41649
4.43657
4.29997
2.81805
3.35957
3.78919
4.56614
4.41048
3.90733
4.32788
4.32025
4.34265
4.60817
4.41689
3.87436
2.49061
4.98115
3.01143
2.39932
4.34073
2.92458
2.43192
4.46589
3.517
3.9723
4.36241
4.29836
4.2122
4.26543
3.70309
2.36355
4.33881
4.09862
4.89179
4.46046
2.9513
3.85424
4.43525
4.56694
4.84099
3.88222
2.83665
4.48983
4.27316
3.45991
4.97759
4.33737
4.76461
4.193
3.59722
4.6879
2.73766
4.28566
3.76092
4.61623
4.89998
3.5866
4.40487
4.25708
2.85216
3.5016
3.86721
4.4338
4.9177
4.71625
2.52953
3.13089
2.55332
3.23782
2.65495
2.95832
3.44078
4.32258
4.53866
3.52906
4.07759
2.51308
3.79074
2.32378
3.86525
4.29251
1.52751
4.84084
4.7053
4.32604
4.3369
4.35729
3.73224
4.51502
4.38612
4.39387
4.73129
2.83155
2.47044
2.96554
2.4528
2.99798
2.40984
3.81687
3.3202
3.7188
2.38191
3.71083
2.39073
1.44241
4.30286
3.63576
4.51468
4.36317
3.12721
2.96773
4.30682
2.86529
4.27057
4.62171
2.44887
1.5012
3.78928
4.42267
3.76843
4.3582
3.95071
4.2256
4.55053
4.43973
4.89254
4.24045
4.46783
4.65955
4.19712
3.80005
3.45793
3.71143
2.52147
1.45353
4.34927
3.74275
2.40103
2.75448
4.97549
4.37946
2.39674
2.7873
4.30215
2.86528
4.32924
4.89862
4.68286
4.41304
2.8071
2.50227
1.59715
2.37075
1.52762
2.47979
3.52775
3.76393
4.27974
2.93107
2.41614
4.64135
3.81149
3.42257
4.97615
4.09254
4.49445
2.7474
4.31956
4.93891
4.23777
4.15033
4.66726
2.91038
2.49594
4.39169
3.967
4.4071
3.95533
4.43623
4.37548
4.27859
4.4915
2.45189
3.50257
3.8465
2.55451
4.62025
4.19248
2.9862
2.56041
4.96209
4.54124
4.31116
4.29554
4.16411
3.81835
1.54213
2.45085
1.49134
2.44611
3.92847
3.53377
4.59199
4.28491
2.84247
2.39229
3.82419
3.42121
2.94426
4.19834
4.51394
2.53644
2.77189
4.41371
4.79218
3.72151
4.14003
3.75553
4.92007
4.4188
4.15471
4.90028
3.77741
3.3632
2.71816
4.30692
4.21426
4.4786
4.85546
4.81089
3.76817
4.22568
3.05137
2.45294
1.58305
2.66646
4.4937
3.00448
3.61292
3.95824
2.51597
4.74893
3.78746
4.23458
4.32409
3.23636
2.80116
4.26713
4.89904
4.34397
4.99724
4.3497
4.56364
4.56426
3.5249
4.47577
4.65634
4.40522
4.91155
1.54733
2.5871
3.94478
4.56256
4.29405
3.51383
2.90555
2.50399
3.01242
4.24363
3.92196
3.55845
4.5811
2.59974
2.90681
3.6797
4.38107
4.76362
4.1119
3.71992
4.9897
4.32518
4.2682
4.44204
4.26618
2.45569
2.93169
4.95558
3.86453
4.3651
4.29646
4.51444
4.21959
4.18043
3.82229
4.20573
1.47854
4.04075
2.80016
2.40851
1.47915
3.42393
2.67208
2.43221
2.88241
4.17612
4.46354
4.96119
3.67049
4.49418
4.03335
3.83897
4.10446
2.80536
4.86131
2.42464
2.87347
4.30367
4.6123
4.57043
4.57
3.47579
4.56146
4.33878
1.59137
2.48251
2.82149
2.53096
2.85847
3.48627
1.57211
2.52986
4.30934
4.33093
4.54486
4.32814
4.19896
4.16734
4.33072
3.88535
3.83599
4.25217
4.43633
4.21617
2.50141
4.28616
2.96451
2.46271
4.5987
3.40843
3.85252
4.27462
4.93098
4.24452
4.43964
4.39607
3.74817
2.46022
4.9904
2.90567
1.6029
4.20305
3.00125
2.43316
2.89517
2.5301
1.44893
3.60156
4.62296
4.30786
4.50958
4.35022
4.57939
3.39668
4.59474
4.85361
3.78925
4.29284
3.81051
4.42231
4.68824
3.82683
4.52959
4.30883
2.94834
3.5687
2.97194
4.30481
3.90299
4.59014
4.54694
2.57027
2.99119
2.58108
2.94863
2.50668
2.98317
3.5781
4.33428
4.41424
4.45384
4.15186
4.90847
4.63847
4.3261
4.92109
4.39633
4.61166
3.5487
4.44722
4.55458
2.89129
2.35366
2.80988
2.41037
2.86758
2.54739
3.82091
3.59647
3.87585
2.65039
4.15591
2.41224
1.64908
4.45003
4.61483
4.95655
4.16589
2.81649
4.9523
2.97143
4.46503
2.98576
4.33203
4.49969
2.45133
1.66896
3.89331
4.61448
4.13943
4.39747
4.02902
4.49771
4.21789
4.53082
4.7854
4.18537
4.91992
4.45221
4.15994
3.68018
3.57588
3.69921
2.48258
1.61012
4.27333
3.83695
2.49006
2.92133
4.65856
2.64428
2.9924
4.30992
2.93348
4.27818
2.95416
2.60155
1.46535
2.54309
1.68457
2.67693
3.60915
4.02495
4.64604
2.9287
2.61035
4.74973
4.25928
4.98147
4.94481
4.35115
4.97518
4.09517
4.46861
4.12316
4.52415
4.87098
2.83361
2.37683
4.13953
3.69968
4.0939
3.78055
4.17817
4.13523
4.74077
4.3474
3.74957
2.39464
3.33064
3.82372
2.55977
4.51058
4.27504
2.92975
2.49816
4.64724
4.29236
4.27945
1.49215
2.44212
1.47951
2.55133
3.79423
3.59956
4.79722
4.10594
2.85254
4.43976
4.19581
2.87515
4.55269
3.81448
4.19599
3.87608
4.91799
4.89798
3.74764
4.21485
3.72172
3.4756
2.97036
4.54
4.31813
4.54019
4.99624
2.89003
2.44885
1.55625
2.46134
4.27641
2.97066
3.71932
3.62939
2.36257
4.63641
4.24892
4.9504
4.33113
4.97704
4.93443
4.25465
4.61045
4.54756
3.62783
4.52991
4.58046
4.29824
4.92394
1.59145
2.57356
3.88256
4.61207
4.42438
3.49941
3.00483
4.60211
4.22553
2.88975
3.87779
4.6064
4.28067
3.87651
4.25107
4.18114
3.72456
4.32292
4.47604
4.35082
2.47873
2.92234
3.76697
4.25643
4.27708
4.44529
4.47747
4.25517
3.69107
4.32942
2.99477
2.47106
1.46498
4.41561
2.8125
2.52147
1.58097
3.56957
2.9629
2.61434
2.97762
4.40395
4.55044
4.91266
3.828
3.03148
4.33751
4.56793
4.70453
4.53268
3.58607
4.459
4.38618
4.3394
4.18372
3.77065
2.50871
4.39433
4.33798
4.57502
4.4296
4.48813
4.2171
3.88847
4.37675
4.96422
4.23223
4.54528
4.21708
3.82916
2.49218
4.84881
2.93082
2.47281
4.26781
2.97974
2.61002
4.68567
3.5861
4.01692
4.42006
1.427
4.40717
2.86002
2.57594
3.0941
2.35326
1.50683
3.55229
4.65022
4.99085
3.94841
4.39203
3.85099
4.98152
4.97631
4.25769
4.40737
3.89164
4.54667
4.45112
3.1781
3.60781
2.9475
4.43308
3.82931
4.65443
4.93581
4.68292
2.50378
2.88143
2.53373
2.83175
2.38223
2.96938
4.99489
4.41417
4.42288
4.88916
4.63634
4.30638
4.51167
4.63769
3.59397
4.30333
4.49147
3.07418
2.4693
3.14632
2.54835
3.00014
2.6855
1.44961
3.81482
4.20454
3.84115
4.29331
3.84407
4.28455
4.59024
4.1229
2.78102
4.94393
2.73814
4.29004
2.86257
4.2111
4.49098
2.46763
4.6107
4.44395
4.26645
4.58895
3.0461
4.90685
4.64958
2.52732
2.87988
4.38463
2.85907
4.37073
4.92042
4.70446
4.25533
3.89206
3.40614
4.01484
2.42852
1.66772
4.37912
3.89051
2.55899
2.8476
2.50949
1.56322
2.46948
1.517
4.41262
4.27375
4.9921
4.17246
3.93494
4.28577
4.50756
4.38926
4.75583
4.15566
4.70586
4.98596
2.94028
2.44541
4.35017
3.87896
2.6362
4.73889
4.39715
4.38848
4.486
3.82409
2.51145
3.72593
3.87872
2.46805
4.60605
4.42805
2.97572
1.69159
2.30243
1.50491
2.4735
3.76331
4.72338
4.29567
3.03115
4.51459
3.99558
4.37026
4.87404
4.57512
4.99014
4.10924
4.34869
3.8597
3.60148
2.94406
4.66162
4.25417
2.95513
2.63483
1.51993
4.44163
4.58345
4.87545
4.95403
4.43581
4.98295
4.83963
4.4857
4.48286
4.82295
3.71224
4.45066
4.69839
1.40532
2.49096
3.87705
4.62953
4.18104
2.80033
3.87376
4.68966
4.47268
4.5185
4.88197
4.57079
4.42761
3.95987
4.5594
4.51893
4.56957
2.57934
2.93873
4.99172
3.92835
4.4566
3.11035
4.48887
4.64253
3.98686
4.59234
4.43342
3.92112
4.35639
3.04478
2.52523
1.64611
4.42547
3.23586
2.56324
1.5419
3.66345
3.08241
2.59376
2.94372
4.34779
4.35816
4.49809
4.43656
3.854
2.61761
4.38776
4.55471
4.76028
4.69378
4.40633
3.82798
4.21377
4.97064
4.41512
4.3704
4.76705
4.37472
4.00686
2.79455
3.05189
2.59355
4.52353
3.10771
2.57088
4.68289
3.69761
3.86522
3.9524
4.61946
4.98437
4.33744
4.47061
4.28958
3.77506
4.94463
3.01381
4.44805
3.8749
4.58915
4.98972
3.87144
4.75865
4.38441
2.97349
3.58388
4.71198
2.59018
2.82073
2.53448
2.98274
2.51036
3.01344
3.64499
4.55863
4.38647
3.36122
3.81467
2.3364
3.72973
2.32894
3.75503
4.18047
1.48069
3.55029
4.25499
4.74269
4.95064
4.83954
4.12534
4.53474
3.62992
3.91974
4.46072
1.63553
2.49034
3.9998
2.49032
3.97279
4.65451
4.41019
2.85648
4.49283
2.85197
2.63695
4.70782
4.37087
3.04623
2.9664
2.53908
2.94337
2.46747
2.88163
2.653
3.92727
3.32213
3.79728
2.45204
3.79327
2.51244
1.62103
4.38324
3.55093
4.54802
4.38718
4.01543
3.57504
1.50783
4.33837
3.9791
2.50002
3.80068
2.49244
2.92814
4.82086
2.72449
4.26422
4.49033
2.41203
2.92051
4.07629
4.99665
4.62211
4.33585
3.6396
4.62454
4.27213
4.92671
4.31438
4.58589
4.96006
2.76829
2.31021
1.39155
2.40693
1.50489
2.48698
3.49976
3.86277
4.23324
2.98423
2.64684
4.61114
3.79281
3.45884
4.24799
4.51755
2.96972
4.41442
4.54524
3.39763
4.58346
4.53871
4.45608
4.27348
4.81472
4.88191
4.2575
1.54837
3.49932
1.43154
2.38779
2.93624
2.38369
2.87898
4.25196
4.6452
4.94632
2.88364
4.20151
3.91244
2.46882
2.79717
4.49415
4.3955
3.90564
1.57097
2.38136
1.39324
2.47558
3.78197
3.39738
4.40155
4.28643
2.98739
2.53188
3.74446
3.51548
2.85243
4.32896
4.56261
2.36566
1.75343
4.4268
1.52312
3.59078
3.01454
2.56104
2.99308
2.38103
2.83527
4.36458
4.95642
4.31812
3.81848
4.66028
4.40898
2.93904
4.07388
4.36485
2.60721
4.66351
4.22482
4.67583
3.29348
4.29295
4.36758
4.82713
4.14616
4.96295
2.7708
2.46511
1.36883
2.3396
4.89277
4.0754
2.7885
3.26268
3.71591
2.4633
4.38664
3.93423
4.26716
4.70358
3.58776
2.94639
2.78525
2.50957
4.6895
3.67475
3.92294
4.43866
2.88934
2.46248
4.05166
4.85894
4.57326
4.32716
4.89216
4.39742
4.03892
3.66156
2.69644
3.20853
4.09509
4.3316
3.57938
4.71671
4.08191
4.41517
1.54274
2.41356
3.71398
4.38723
4.18152
4.99016
3.43458
2.96186
2.57247
3.02277
4.34155
3.87762
3.63796
4.62373
2.62481
3.99767
2.77829
3.53201
4.52906
4.14222
4.43409
4.92756
4.8786
3.88212
4.36401
2.41184
4.50098
2.35999
3.64453
3.47963
2.85767
4.16185
4.12246
4.90146
3.66558
2.49521
4.35931
4.73323
4.38771
2.90628
4.26403
4.76177
4.40075
4.52753
3.57871
4.71461
4.42523
1.57655
2.5831
2.94428
2.53526
3.05403
3.58162
1.60104
2.61787
2.30655
4.47813
4.23911
2.84624
3.41758
3.57859
4.12793
4.8107
4.43027
4.53769
2.48262
4.42431
3.89617
2.93409
3.80062
2.827
4.15089
4.58245
3.48302
4.87533
2.92133
3.96341
4.55865
4.68634
1.45866
4.16219
2.83789
2.57717
2.81523
2.55482
1.71458
3.49473
4.55657
4.39251
4.53483
4.55806
4.62466
3.5751
4.02668
2.96096
4.70465
4.41741
3.55573
2.98755
3.73042
4.43316
4.68676
4.80474
2.46985
4.41461
2.34064
2.692
4.26707
3.67669
3.34732
4.37725
4.27313
2.35253
3.64891
4.25711
2.81733
4.97668
4.19683
4.43627
2.45782
3.07063
2.46709
2.96868
2.57058
2.89225
3.55495
4.40786
4.61459
4.30851
4.60461
3.62802
4.23807
4.45342
4.87904
2.87391
4.14391
2.83315
2.35391
4.5449
4.15274
2.78189
3.36716
3.82995
4.14286
1.43893
2.38064
3.80156
2.44261
3.87149
4.96028
4.60205
4.19148
2.80805
2.39288
2.83614
2.33429
2.57083
2.51053
3.80788
3.67612
3.85723
2.54654
3.94089
2.5276
1.5006
4.30794
4.99671
4.40145
4.27796
3.74981
3.57341
1.50507
4.3397
3.79627
2.49061
3.87863
2.46983
3.09063
3.08914
4.53253
4.68979
2.75961
3.12771
4.52586
4.94605
3.36797
4.68204
4.20091
4.98877
4.31217
4.47045
3.05418
2.53179
1.4767
2.37928
1.61577
2.53415
3.5907
4.013
4.53009
2.94433
2.61853
4.67994
4.88271
4.36129
4.57156
3.46803
4.48935
4.61445
4.50049
4.52382
2.94229
4.82733
4.481
4.25356
3.7313
4.22939
1.52275
3.45314
1.54876
2.42331
2.86575
2.52261
2.97422
4.36492
4.62117
4.96814
3.0163
4.36651
3.84016
2.4359
1.58903
2.63052
1.44539
2.6784
4.04784
3.63949
4.71995
4.39193
3.03603
4.50832
4.25619
2.80368
4.8148
3.7774
4.18861
2.40642
1.46551
4.19081
1.35949
3.43703
2.75309
2.49364
2.85256
2.23346
3.03758
4.61422
4.32997
3.82557
4.46266
4.90133
4.52314
4.39466
4.45714
3.65398
4.69102
4.70545
2.94714
2.31491
1.58189
2.65862
4.31796
3.13223
3.70723
3.88977
2.62604
4.58907
4.20924
4.9506
3.81126
2.49144
2.4436
4.62306
3.45681
3.91977
4.34505
2.81282
2.66758
4.38792
4.66009
4.43744
4.58303
4.80758
3.83892
2.92957
3.5612
4.33017
4.63663
3.95604
4.30306
1.52223
2.5823
3.844
4.57103
4.38969
3.47076
2.95733
3.81615
4.37704
3.92295
2.85032
3.5656
4.68434
4.20756
4.75807
2.61936
4.28388
4.54731
4.97478
4.24564
2.41626
4.50053
2.50758
3.73867
3.46889
2.95563
4.34138
4.33043
4.92954
3.7233
2.84226
4.23767
4.71421
4.46025
4.3924
3.38057
4.75188
4.52119
4.64417
2.52164
4.42778
3.91426
2.93268
2.47892
2.17729
4.50847
4.12715
2.86567
3.52835
3.48626
4.27294
4.86001
3.10771
3.8871
4.30981
4.57332
3.7236
2.90614
4.21147
4.5814
3.58509
4.81004
1.472
4.42613
2.86358
2.67846
3.04357
2.52976
1.70483
3.49441
3.93277
2.99726
4.57631
4.48613
3.52439
3.10447
3.90073
4.47837
4.78355
4.41366
4.88162
2.47967
4.48024
2.51943
2.87193
4.2974
3.90886
3.47202
4.51242
4.26801
2.48382
3.79494
4.30421
2.84351
4.80698
4.64139
2.3286
3.15123
2.70841
2.85697
2.59747
2.93085
4.38728
4.64356
3.75293
4.34265
4.29599
4.85341
4.47669
4.13867
4.91184
2.82749
4.17697
2.98557
2.5669
4.49936
4.37794
2.80681
3.43769
3.67626
4.21202
1.45272
2.42336
3.7144
2.36364
3.60926
2.97133
2.43128
2.95835
2.55675
2.89191
2.48803
3.09086
4.99678
2.86783
4.30966
4.6058
2.48152
2.859
4.16855
4.99531
4.71541
4.48688
3.95832
3.50454
1.56062
4.42212
3.96216
2.55561
3.98976
2.5316
4.97642
4.23046
4.52
4.95024
3.49235
4.5051
4.3803
2.90756
2.48133
1.57252
2.47271
1.57109
4.39466
4.8892
4.9946
4.33822
4.62702
3.45729
4.45889
4.64623
4.60828
4.24232
4.50317
4.99349
2.84005
4.12835
3.8343
2.44775
2.94744
4.64969
4.36039
3.80004
4.32781
1.552
3.60262
1.47941
2.53595
3.12106
2.60345
2.87236
1.61532
2.52904
1.55444
2.38126
2.96174
4.47941
4.86868
4.21677
3.73285
4.67809
4.22842
3.02839
3.81285
4.34742
2.56628
1.65964
4.18954
1.34056
3.52562
2.88601
2.34966
2.95482
2.49132
4.91255
4.3486
4.43565
4.27038
4.39479
3.68638
4.80914
4.7065
3.02925
2.58856
1.3911
2.47371
4.21167
4.80824
4.51901
4.23741
4.94301
4.43997
4.94425
3.92254
2.51597
2.37979
4.59238
3.48758
3.79804
4.40955
2.93261
3.77011
4.81303
4.27221
4.68513
3.82601
3.10922
3.77728
4.51554
4.6524
1.5055
2.55056
4.75529
3.88338
4.35161
3.98866
2.95719
3.67435
4.7403
4.42991
4.24538
4.88327
3.77697
2.39476
4.35622
4.56282
4.93147
4.25724
2.46313
4.53455
2.47952
3.89574
3.60023
2.91185
4.22502
2.86475
4.40626
4.93091
4.38644
4.50761
2.53385
4.27145
3.86415
2.90676
2.6448
2.43257
4.64734
4.32115
2.93487
3.60547
3.89588
4.91389
2.90773
3.98291
4.42792
4.64895
3.78921
3.01362
4.44164
4.68295
3.57237
2.90604
3.71648
4.24314
4.42234
4.72917
4.92682
3.74064
2.72666
4.47633
4.22398
3.43783
4.70673
4.38376
2.53955
3.78005
4.47843
3.00269
4.37269
2.57606
4.83506
2.62485
3.20313
4.60935
4.04645
3.70228
4.58871
2.60352
2.7914
2.33636
2.99242
2.51103
2.75658
3.42398
4.207
4.78674
3.51787
3.83269
2.52128
3.84956
2.53574
3.81206
4.43449
1.56382
3.37298
4.23802
4.6006
4.82541
4.83511
4.27081
4.46047
3.0542
2.50954
3.0625
2.516
2.88962
2.60715
3.84509
3.41454
3.84662
2.39252
3.83758
2.51423
1.51257
4.20759
3.50305
4.45934
4.2277
3.80528
3.3366
1.53895
4.38139
3.97202
2.51037
3.87924
2.49374
2.90553
4.95918
2.84281
4.18332
4.3336
2.42297
2.78749
4.32911
4.93523
4.60515
4.41745
3.00317
2.66842
1.54939
2.49951
1.4965
2.45065
3.35292
3.84395
4.26627
2.9248
2.50979
4.35126
3.88918
3.50468
4.51587
4.5672
2.91923
4.39208
4.53769
3.64798
4.36846
4.69182
4.71207
4.40992
4.97397
1.50524
2.50656
1.59675
2.41816
3.7193
3.39597
4.46964
4.31131
2.79755
2.53673
3.8367
3.56261
3.02383
4.22528
4.6708
2.37782
1.51021
4.14545
1.5404
3.65678
3.05762
2.56172
2.99632
2.49241
2.82204
4.43057
4.85489
4.98779
4.3054
3.70566
4.58571
4.31156
3.03597
4.9359
3.82037
4.35685
2.61305
3.00351
2.56271
1.58799
2.46244
4.29973
2.93423
3.48484
3.99612
2.52183
4.42348
3.8762
4.27854
4.57011
3.58197
2.83231
2.45084
2.532
4.6829
3.67566
3.93854
4.34289
2.99098
2.49108
4.26133
4.84113
4.65491
4.26971
4.38279
4.88066
3.896
1.44666
2.39457
3.75074
4.41543
4.19819
3.4535
2.82416
2.49712
2.95948
4.40432
3.99091
3.52835
4.71503
2.43198
3.82089
2.97394
3.53742
4.68446
4.3294
4.53985
4.93754
3.84543
4.97353
4.38615
2.80127
4.21079
4.69134
4.45093
4.4864
3.37815
4.86825
4.3697
1.5301
2.50597
3.05523
2.70032
2.8415
3.66503
1.46033
2.54919
2.5357
4.73401
4.47922
2.91742
3.64996
3.8593
4.27203
4.83788
4.38258
4.60465
2.55923
4.32332
3.83875
3.0369
1.48614
4.35633
2.89095
2.57702
2.95526
2.63357
1.59727
3.40559
4.6987
4.23527
4.40503
4.59544
4.62779
3.32166
3.78761
2.95038
4.80055
4.3756
3.64204
3.03736
3.88257
4.414
4.59544
4.52441
2.40428
2.92117
2.40799
2.99982
2.46676
2.71734
3.60817
4.31025
4.4458
4.90569
4.23631
4.58627
3.54593
4.2357
4.61473
4.96444
2.98868
2.47252
2.97729
2.41015
2.90348
2.57669
3.88579
3.62594
3.9194
2.60888
3.86213
2.45926
1.46348
4.38542
4.94252
4.47703
4.31971
3.8818
3.60835
1.654
4.3415
3.77891
2.44412
3.88605
2.53167
3.02594
2.92644
4.374
4.58486
2.42534
2.96163
4.32601
2.98014
2.4961
1.5866
2.53085
1.48863
2.69946
3.68714
4.07849
4.43035
3.10417
2.68301
4.81249
4.93102
4.39301
4.47769
3.62354
4.49982
4.62185
4.65301
4.4095
1.6341
2.54478
1.47718
2.47434
3.89987
3.5881
4.5511
4.27643
2.84996
4.47717
4.14671
2.76557
4.99068
3.95888
4.27931
2.47142
1.57367
4.33796
1.42035
3.45045
2.79046
2.43621
2.85903
2.5558
3.0024
4.57164
4.99263
4.16953
3.76658
2.99878
2.49883
1.4357
2.43382
4.33178
3.02944
3.48106
3.7733
2.47855
4.68822
4.23887
3.89971
2.5871
2.49542
4.61041
3.52945
3.88881
4.37302
2.99261
2.55659
4.36561
4.92567
4.48297
4.34143
1.65036
2.4614
4.01647
4.65794
4.43526
3.57532
2.94032
3.8567
4.40417
3.96299
2.98651
3.50797
4.58599
4.36567
4.64804
4.83472
2.83364
4.41534
4.46504
4.65833
4.62972
3.50491
4.38434
4.19664
4.4185
2.40061
4.43405
3.82329
4.94632
2.91757
2.49383
2.46684
4.49212
4.13988
2.91374
3.44918
3.89104
4.35456
4.91914
1.64405
4.57226
3.10835
2.79036
3.08565
2.60792
1.74284
3.82339
4.94181
3.82803
2.95676
4.54597
4.30526
3.56886
3.02713
4.00237
4.30931
4.6657
4.60555
2.52499
2.95263
2.38409
2.9166
2.59217
3.01929
4.90088
4.29715
4.43144
3.35618
4.24658
4.74742
2.97805
2.54932
3.00354
2.41745
2.99764
2.40776
2.89534
4.79121
2.97164
4.41327
4.64532
2.43389
3.03611
4.29297
4.98326
4.70045
4.23466
3.86701
3.55042
1.50421
4.25074
3.79798
2.48113
3.90493
2.52044
3.04121
2.55008
1.57732
2.67499
1.56389
4.28143
4.26574
4.48962
3.4963
4.58491
4.48976
4.54751
1.49921
2.41875
1.58024
2.56126
2.87986
4.59731
4.98119
4.24711
3.81469
4.61019
4.23761
2.94185
4.92036
3.76398
4.26261
2.29406
1.41923
4.22225
1.47908
3.3314
2.66284
2.28521
2.82616
2.30842
2.79522
2.50492
1.68331
2.52167
4.4073
4.60486
4.34034
4.24433
4.89012
3.6112
2.30098
2.50069
4.40448
3.28389
3.66706
4.23344
2.8286
1.53442
2.40308
4.39987
4.84686
3.83413
4.89005
4.08606
3.64887
2.67764
4.92017
3.27118
4.44043
4.10311
3.06106
4.32407
4.25444
4.46024
2.40723
4.10828
3.67136
4.88557
2.69584
2.37955
2.38813
4.40914
4.11148
2.66026
3.36795
3.71761
2.81543
3.74152
4.18044
4.5226
4.86666
4.85415
3.79188
2.84368
4.38234
4.14832
3.41551
4.35446
2.43718
2.99647
2.54472
2.88823
2.43899
2.88287
3.4262
4.14837
4.47018
3.5192
3.72911
2.57538
3.75045
2.43966
3.80147
4.36474
1.55895
2.72741
2.38775
2.79884
2.36098
2.75354
2.3083
3.6654
3.65289
3.75739
2.44096
3.65062
2.50529
1.41658
4.41125
3.37181
4.53724
4.26398
3.00033
2.5728
1.63794
2.54636
1.45398
2.35097
3.373
3.66158
4.02366
2.89308
2.30684
4.57481
3.82331
3.62991
4.32297
4.67729
3.0561
1.46076
2.60369
1.47947
2.51935
3.82252
3.42274
4.44167
4.39846
2.85908
2.38632
4.0241
3.48229
3.07258
4.47975
4.69675
2.67278
3.02814
2.36543
1.64792
2.57225
4.33798
2.8507
3.45986
3.9887
2.48557
4.7792
3.66019
4.44533
4.42253
3.52049
3.02438
1.61046
2.53489
3.83643
4.5668
4.26671
3.58775
2.84468
2.43094
2.91884
4.20211
3.85344
3.55513
4.60177
2.58068
2.8511
4.19511
4.56941
4.40646
4.60854
3.3652
4.50947
4.34734
1.47184
2.65559
2.82194
2.51222
3.11065
3.64024
1.63052
1.49434
4.33997
2.83632
2.36398
2.73037
2.5305
1.40537
3.62779
4.62715
4.19176
4.6416
4.58322
4.4703
3.62163
4.61699
2.40203
2.81764
2.35107
2.94653
2.41979
3.03049
3.59875
4.24339
4.60034
3.00666
2.58263
2.89436
2.53701
3.08399
2.55722
3.92131
3.52612
3.80623
2.50025
3.84548
2.52135
1.49516
4.20847
2.83812
2.26682
1.53009
2.48181
1.54724
2.51737
3.54733
3.84792
4.24037
2.87247
2.45536
4.51113
1.43676
2.49614
1.54138
2.62671
3.92068
3.6448
4.61839
4.30822
2.89713
2.7645
2.38512
1.59101
2.59201
4.34321
3.04171
3.59262
3.73572
2.4151
4.53416
1.61683
2.56597
3.88709
4.48812
4.32234
3.40605
2.82505
3.12086
4.44367
4.39088
4.72229
4.60027
3.54268
4.56435
1.50053
4.25388
2.80496
2.44128
2.75885
2.30285
1.43531
3.29361
4.58999
2.52902
2.92742
2.3692
2.82833
2.53301
2.80511
2.97174
2.40291
2.93646
2.70882
3.03003
2.46002
2.90224
2.52061
1.40655
2.5341
1.58615
1.53722
2.49098
1.57934
2.32666
2.89603
2.53655
1.41668
1.55657
2.43917
2.89041
