4.52522
2.52674
2.82634
2.44089
2.80538
2.33571
2.8942
3.45062
4.19836
4.56351
3.56185
3.65022
2.3854
3.96807
2.49085
3.74819
4.39032
1.47276
3.46291
4.243
4.46179
4.96399
4.87302
4.28819
4.48646
3.42347
3.84398
4.19916
1.48884
2.59036
3.69682
2.48032
3.88418
4.94682
4.5713
4.42926
4.90498
2.74485
4.22267
2.97822
2.54587
4.40536
4.24898
2.80582
3.15626
4.90401
4.09052
4.68221
4.95756
3.88234
4.43573
4.63735
4.91339
4.47087
4.2611
4.67598
4.16736
3.63094
3.84633
2.66275
3.72378
4.2815
1.65558
2.44247
3.96656
4.473
4.34539
2.85924
2.54151
4.55577
4.39995
2.92698
4.32031
3.01004
4.38376
4.56528
4.54798
4.37475
2.90913
4.45908
3.17509
4.5235
2.98246
2.73426
4.74574
4.54969
4.3857
1.72415
4.57334
4.01784
4.43904
3.90166
4.41568
3.99544
3.08678
2.51791
2.98197
2.34715
2.94396
2.67139
3.9793
3.39994
3.82571
2.43078
3.71758
2.41689
1.66564
4.29201
3.49566
4.40587
4.42623
3.81788
3.55657
1.66435
4.34203
3.83613
2.35754
3.73495
2.52425
2.99611
4.89875
2.88305
4.41328
4.46531
2.42371
2.932
4.35695
4.95782
4.51667
4.234
3.69492
4.60763
4.3657
4.36773
4.76048
4.90043
3.6993
3.56645
3.99638
2.47634
1.50366
4.41155
3.88942
2.54769
2.89608
4.5889
2.42259
2.88102
4.21082
2.85668
4.38288
4.43922
4.23315
2.7548
4.90775
2.88417
4.28657
2.85996
4.24763
4.48776
2.53804
1.59654
3.86802
4.28961
3.89942
4.22914
3.803
4.25384
4.58678
4.28273
4.35064
4.66178
4.46867
4.28424
3.57104
4.6545
4.4207
4.86555
4.38906
4.64704
4.97647
4.79113
4.31344
4.4468
4.39527
3.09741
2.59423
1.49826
2.64898
1.62608
2.58271
3.37409
3.85512
4.18887
2.78184
2.55264
4.54606
3.93601
3.74354
4.47046
4.78287
3.15527
4.49061
4.2657
3.78766
4.35552
4.6433
4.79041
4.50463
4.93744
4.10657
1.44589
3.21224
1.53222
2.46529
2.75911
2.48839
2.81557
4.16169
4.44113
4.75986
2.91502
4.30303
3.73373
2.48762
2.92051
4.85704
4.70481
4.42059
3.74748
2.30377
3.45507
3.67513
2.41866
4.44935
4.35216
2.78968
2.45528
4.85877
4.52473
4.23926
4.17879
4.90673
4.11146
3.75876
4.22136
4.539
4.17716
4.37791
4.76708
2.81464
2.35627
4.2849
3.68
4.16016
3.6493
4.11337
4.22736
4.15463
4.51903
4.04152
3.72209
3.14415
4.36634
4.73111
4.94096
3.90948
4.4997
4.71466
3.02181
4.68354
3.81909
4.44077
4.64433
4.35817
3.94503
1.4762
2.45929
1.62276
2.52099
3.66548
3.41032
4.24513
4.12354
2.81706
2.60433
3.97486
3.82037
2.99186
4.51879
4.87427
2.62298
1.53024
4.46201
1.50837
3.65817
2.92541
2.50051
3.03325
2.44044
2.79603
4.49323
4.21692
3.78509
4.58128
4.50449
3.10672
3.83173
4.47913
2.60554
4.69293
4.41881
4.7578
3.48829
4.51794
4.64296
4.82638
4.22401
3.67084
3.63549
2.92341
4.85301
4.34898
4.55463
4.93241
3.81561
4.44648
2.8951
4.7061
4.02411
4.49651
3.92099
4.8537
4.43789
2.29064
3.78795
3.46159
4.3584
2.44809
2.78802
4.18878
4.92048
4.03213
3.61509
2.48107
4.52075
4.87359
4.38939
4.23545
4.56833
4.40467
2.94155
4.97076
2.42357
3.82196
4.25616
4.19915
4.51465
4.32414
3.86609
4.43097
4.3102
4.18563
4.95686
4.40991
2.75278
2.50317
1.5097
2.28832
4.20651
2.91679
3.27167
3.65409
2.3683
4.43534
3.84784
4.36462
4.86032
3.62878
3.02708
2.61144
2.50309
4.81322
3.72149
3.81948
4.45692
3.03592
2.53406
4.3179
4.91929
4.53817
4.34454
4.45884
3.99233
3.87942
2.81522
3.40768
4.31402
4.48642
3.63928
4.85405
4.32354
4.45064
4.95923
4.03522
4.4886
4.53227
3.41094
4.61454
4.50846
4.26358
4.85909
4.96346
4.78567
4.18596
4.43921
4.94936
4.33701
1.57262
2.50274
3.04888
3.48217
1.54122
2.44654
2.91035
4.20366
4.46675
4.08174
3.96624
2.69085
2.43326
3.02224
4.27991
4.64926
3.8587
4.49124
4.8327
2.69798
3.08407
4.42876
3.97028
4.4167
4.39481
3.8999
4.45875
4.4424
4.71744
2.80077
3.82378
4.91962
4.46345
4.31005
4.42086
4.1759
3.87426
1.59341
2.36124
3.69954
4.27274
4.00631
4.78873
3.18108
2.71516
2.57604
3.27491
4.57504
3.88038
3.88623
4.91202
2.67344
3.76432
2.94265
3.40475
4.46185
4.18756
4.4185
4.95861
4.76254
3.90883
4.22578
2.47627
4.4402
2.49359
3.80613
3.5366
3.04954
4.27634
4.18354
4.96385
3.87104
2.58
4.58013
4.79747
4.36436
1.50881
4.28062
3.01995
2.3069
1.3443
3.58987
3.1131
2.37154
2.79062
4.10098
4.33156
4.76275
3.61707
4.95326
4.43763
4.07049
4.41713
2.87077
2.61631
2.75205
3.83219
4.54716
4.94695
4.30152
3.80429
4.75239
4.33246
4.69657
4.30122
2.60912
2.9723
4.10314
4.40193
4.13829
4.65793
4.54739
4.61219
3.93327
4.54679
4.77538
4.15336
4.56888
4.58649
3.52725
4.43167
4.75627
4.24961
4.87445
4.23594
4.96542
4.44683
3.00608
4.27042
4.69779
4.52232
4.43248
3.51304
4.58254
4.3198
1.49488
2.58582
3.07593
2.42556
3.04051
3.70064
1.57267
2.42857
2.57978
4.6374
4.3118
2.86743
3.45638
3.83229
4.31141
4.98071
4.18724
4.60807
2.51043
4.16543
3.89194
2.82081
3.93166
2.91745
4.33294
4.49395
3.54735
2.73621
3.96814
4.40201
4.48854
2.26154
4.39817
2.85503
2.46609
4.62211
3.70709
3.83873
4.32568
4.87424
4.49035
4.57266
4.4195
3.82661
2.29382
4.89827
2.97313
2.30412
4.36998
4.42172
4.93105
4.68218
4.40581
4.28706
4.38467
4.41529
3.78961
3.87618
4.35007
4.65603
4.25853
3.78725
4.36306
4.48068
2.9683
3.41452
4.91918
2.81334
4.25206
3.82336
4.93339
4.51101
4.40627
3.7762
4.96915
4.3134
4.55499
4.53644
3.95033
1.43833
4.23698
2.81004
2.49456
2.70224
2.37343
1.50854
3.42161
4.39825
4.38167
4.72346
4.67693
4.37518
3.68279
3.94784
3.07912
4.78165
4.34901
3.70459
3.04364
3.88506
4.35904
4.68598
4.97116
2.56991
4.329
2.42206
2.79612
4.2622
3.87678
3.42558
4.38767
4.24032
4.96472
2.31675
3.72396
4.23169
2.92457
4.81052
4.29805
4.86195
3.66601
4.66789
4.28199
2.87699
3.51037
2.94032
4.31571
3.77969
4.56123
4.99441
4.96811
4.49844
4.0806
4.32579
3.84765
4.91806
4.23467
4.43336
2.60955
2.97152
4.43193
4.56374
2.55151
3.77516
3.52787
4.49363
4.19812
3.64438
4.51233
2.41389
2.98255
4.87216
4.39121
4.04822
4.46886
4.70084
4.43882
2.4709
4.26418
4.22302
4.5748
4.88586
4.24859
4.16169
4.24006
3.74115
4.32761
4.64723
2.70159
2.97326
2.40404
3.04193
2.49305
3.0332
3.55071
4.31679
4.60243
4.89771
4.29814
4.6278
3.52742
4.41051
4.48045
4.7775
3.16162
4.2336
2.85537
2.38936
4.66482
4.39366
2.98667
3.4915
4.04094
4.30713
1.56974
2.57263
3.97807
2.69519
3.89761
4.6601
4.45743
4.83206
4.96215
4.26311
4.64699
3.74909
4.40538
4.37527
4.46058
4.47487
4.91422
4.74404
4.44088
4.97252
4.86905
2.89834
2.38873
4.48927
4.1572
2.77766
4.04829
2.77383
3.37085
3.78896
2.37559
3.95081
4.34144
1.49695
2.48948
3.75891
4.89673
4.55667
4.21597
4.41124
4.27811
4.98963
4.35954
4.60035
1.5384
4.26596
3.61398
4.19441
3.75826
4.19531
3.72258
4.82518
3.01518
4.38854
2.77174
4.04253
2.94656
2.42774
4.54336
4.43201
4.3224
2.93828
2.28622
2.87812
2.49975
2.85323
2.45429
3.81692
3.64829
3.87147
2.34157
3.79031
2.50251
1.47467
4.33307
4.91254
4.45606
4.24107
3.77785
3.52624
1.35017
4.26901
3.68098
2.38447
3.75114
2.41416
2.79199
4.96465
2.98541
4.29483
4.41315
2.65417
3.03898
4.22042
3.65232
4.60262
4.24404
4.88249
4.48514
4.70264
4.99285
4.42054
4.27445
3.7176
3.49267
3.93107
2.4256
1.48175
4.40408
3.87671
2.61491
3.06367
4.9616
4.86942
2.64698
3.21437
4.46829
3.07591
4.62538
4.67471
4.26942
2.86565
4.98115
2.85945
4.19684
2.77525
4.2368
4.41422
2.42782
1.60189
3.88018
4.44563
3.88277
4.46426
3.8588
4.2687
4.98471
4.29981
4.55362
4.65263
4.38677
4.91896
3.32281
4.48486
4.42601
4.92445
4.3278
4.49478
4.95202
4.64571
4.32673
4.58348
4.12697
2.85633
2.53709
1.51907
2.4374
1.68323
2.51365
3.45124
3.83491
4.34268
2.77435
2.43793
4.57067
4.98698
4.4075
4.43473
3.52467
4.36531
4.55383
4.63983
4.34943
2.86962
4.77602
4.4869
4.23021
3.79606
4.32016
1.53907
3.34606
1.55708
2.60833
2.81026
2.40694
2.94084
4.36643
4.49828
4.93469
3.00104
4.52276
3.74743
2.56669
4.90622
4.09785
3.65569
2.37611
4.99554
3.46423
3.72258
2.38586
4.55877
4.21259
2.85933
2.39088
4.97051
4.49708
4.31456
4.19526
4.40707
4.91188
4.30066
4.23654
4.36034
4.17495
4.53641
4.88231
2.79281
2.32883
4.20872
3.62925
4.11134
3.77661
4.40848
4.20695
4.6859
3.82199
3.63341
3.22586
4.53384
4.75737
3.88243
4.33623
4.03421
3.13273
4.64471
4.03421
4.45498
4.67955
4.46394
1.44429
2.31108
1.37765
2.36277
3.76492
4.9861
3.32973
4.50241
4.0424
2.7013
4.61024
4.42498
2.85258
3.99225
4.18399
2.61456
1.70565
4.34976
1.51118
3.75419
2.9212
2.40068
2.93583
2.58163
2.96675
4.60079
4.40191
4.06344
4.33815
4.90944
4.69065
4.27065
4.76534
3.35451
4.52504
4.56169
4.9863
4.88231
3.64794
4.18578
3.66719
3.35674
2.7078
4.44875
4.23332
4.45087
4.92124
4.54234
4.3521
2.92185
4.46911
4.9796
3.85508
4.21533
3.79357
4.81074
2.63924
4.69154
4.35782
4.41992
2.43839
3.76502
3.85228
4.80289
2.61395
3.09223
4.37498
4.98419
4.30871
3.82516
4.55432
4.11846
4.45116
4.51562
4.80568
4.5069
3.198
2.7309
4.14487
4.53619
4.20191
4.59995
4.42322
4.32711
4.97957
2.81107
2.23831
1.52283
2.57077
4.23094
2.95851
3.64585
3.71378
2.478
4.62337
4.07527
4.96704
3.78199
2.41365
2.50268
4.7207
3.46774
3.73164
4.20791
3.00395
2.65278
4.52389
4.79057
4.62182
4.54395
4.99573
4.77894
3.90293
2.67455
3.46049
4.2354
4.50365
3.9869
4.3681
4.69879
4.1813
4.75835
4.45555
3.39634
4.53893
4.59196
4.34344
4.30823
4.98435
4.37031
4.86507
2.85554
4.23982
4.98507
4.3962
3.76864
4.31511
1.56261
2.41713
3.16458
3.6922
1.60885
2.53728
3.02591
4.34999
4.66311
4.48235
3.93818
3.06118
2.56344
4.32517
4.56957
4.42633
4.73858
2.67868
2.9986
4.4501
3.97963
4.40253
4.48496
3.84075
4.35509
3.83218
2.97387
3.78289
4.78379
4.52572
4.26218
4.74039
4.39778
1.46538
2.54346
3.81361
4.57524
4.22123
3.47604
2.83292
3.80209
4.76971
4.28957
3.83282
2.87343
3.47506
4.54931
4.34043
4.54261
2.52404
4.19855
4.48148
4.97545
4.30273
2.63385
4.517
2.53872
3.93604
3.59335
2.98072
4.38514
4.42696
4.99983
3.99235
4.34997
4.28655
3.87807
4.07338
2.70003
4.91377
2.38995
1.45478
4.29691
3.02542
2.43435
1.5355
3.58481
2.8927
2.63368
2.95915
4.36958
4.76472
3.93824
4.92353
4.48037
4.31455
3.01379
3.87597
4.56636
4.91684
4.26777
3.8947
4.28281
4.23018
3.83068
4.28371
4.6116
4.38799
2.50458
2.94546
3.93952
4.27307
4.37776
4.61472
4.28514
4.91426
4.58449
4.177
4.53367
4.49592
3.65173
4.6315
4.97825
4.41207
4.4412
2.81826
4.1672
4.56775
4.3689
4.39314
3.33168
4.64483
4.26985
4.73385
2.55177
4.36041
3.78167
4.98234
2.98774
2.50045
2.49306
4.74624
4.19171
2.94263
3.5702
3.87206
4.25077
3.06142
3.77402
4.22109
4.54997
3.87543
2.81745
4.26575
4.59462
3.59466
4.98729
4.16369
4.73901
4.50284
3.84759
2.46062
2.99792
2.52393
4.41213
2.97617
2.49183
4.65492
3.60314
3.94987
4.27577
4.20415
4.42104
4.3916
4.04402
2.73429
4.44308
4.44372
4.61113
4.38235
4.62517
4.38566
3.85014
4.27245
2.88375
4.30731
3.79673
4.81373
4.49976
3.62875
4.10904
4.68375
2.87715
3.48866
4.80008
4.41392
4.56903
4.36964
3.87184
3.85698
4.5399
4.91808
1.51342
4.28393
2.78647
2.38381
2.8438
2.31025
1.43341
3.44535
4.96768
3.79865
2.84139
4.41743
4.21787
3.43053
2.80213
3.87091
4.39883
4.71806
4.85679
4.40578
2.64105
4.46523
2.40779
2.95253
4.3107
3.85487
3.53401
4.63422
4.20977
2.63223
4.00166
4.27165
3.03492
4.99829
4.93027
3.83222
4.66236
4.24485
2.83971
3.55435
2.99281
4.27037
3.79857
4.52711
4.62889
4.87429
3.79045
4.34471
3.83001
4.92442
4.36981
4.7085
4.32108
4.96565
2.30006
2.90294
4.4929
4.62626
2.69705
3.93603
3.57692
4.51276
4.18294
3.87142
4.20125
2.43935
2.79036
4.92986
3.88557
4.32928
4.94901
4.5485
4.12218
4.46824
2.56922
4.29675
4.41077
4.6477
4.51285
4.40637
4.39383
3.92222
4.52949
2.2488
2.97911
2.51918
2.69304
2.47767
2.85576
4.97805
4.27499
4.93343
4.54223
3.51074
4.40476
4.52686
4.95764
4.63203
4.29613
4.91717
2.88861
4.03861
2.70462
2.36173
4.37372
4.14559
2.75714
3.4691
3.70206
4.21132
1.55011
2.58077
3.66078
2.41024
3.7732
4.83794
4.88759
4.17593
4.48016
3.47848
4.11571
4.71516
4.9134
4.48175
4.1512
4.76918
4.53218
4.31575
4.96721
4.68501
4.3744
2.89261
2.56895
4.82303
4.41899
3.1346
4.46671
3.10036
3.54992
3.80391
2.59903
3.86929
4.45652
1.51709
2.47057
3.88596
4.4588
4.42255
4.41667
4.54716
4.67617
4.50103
1.53962
4.36624
3.84048
4.22409
3.81358
4.34523
3.89492
3.12506
4.36666
3.0727
4.41295
2.95509
2.58029
4.70307
2.96671
2.52865
2.77529
2.60024
3.05506
2.44232
2.82617
3.01797
4.32892
4.5162
2.48877
2.79453
4.2727
4.56083
4.23273
3.67151
3.53262
1.45409
4.24059
3.64949
2.54862
3.8785
2.29143
4.28272
4.54398
3.25977
4.63978
4.41637
2.74292
4.65129
2.51947
2.94355
4.40986
3.16173
4.32357
4.83934
4.59358
4.32937
4.00129
3.52524
4.02243
2.54
1.5052
4.31859
3.81821
2.59917
1.42227
3.90695
4.38725
3.95996
4.32534
3.80208
4.39563
4.61346
4.30852
2.91093
3.02255
4.45905
3.02417
4.52028
4.62864
2.44987
4.59451
4.32805
4.35131
4.51212
4.89331
4.32951
4.47162
4.85674
3.37649
4.58217
4.26809
4.51265
4.19856
4.90886
4.53928
4.2277
2.91567
2.29736
1.53849
2.50988
1.46058
4.2569
4.84906
4.07117
4.64798
3.54999
4.45326
4.66804
4.45271
4.2418
4.78519
3.04623
4.44862
3.85451
2.59278
2.91274
4.71436
4.34923
4.10377
3.66118
4.12545
1.55279
3.45517
1.49191
2.55555
2.81278
2.43076
2.88102
2.58967
4.56777
4.45412
4.61934
4.24302
3.82566
2.63873
3.6814
3.81222
2.34335
4.63502
4.23241
3.19427
4.2553
4.26454
4.45332
4.07882
4.51669
4.6759
4.22366
4.52429
4.2365
4.80778
3.10419
2.63237
4.42602
4.07465
3.89095
4.15826
4.29991
4.81118
3.63
3.33679
4.94439
2.6521
4.03835
4.39634
4.88286
4.5578
4.38159
3.64289
2.9618
4.98497
4.46913
3.7295
4.18303
1.63691
2.39045
1.52999
2.60082
3.05861
4.73119
4.38135
3.84636
4.4348
4.25973
2.71001
4.85212
3.65634
4.08171
4.98854
2.24344
1.30986
4.29636
1.64193
3.48963
2.77587
2.48944
2.94951
2.48217
4.35469
4.79109
4.4576
4.18239
4.60378
3.74649
4.79916
4.63498
4.50212
4.76528
3.62141
4.21315
3.89991
3.45799
2.90293
4.44594
4.4818
3.79962
4.94071
4.27377
4.09458
2.75149
4.5013
4.99754
3.85571
4.16519
4.98242
4.99276
4.58772
4.0599
2.34224
4.53927
4.42337
4.43234
2.58531
3.99761
3.5025
4.79044
2.6459
2.94491
4.44929
4.37913
4.68991
4.24094
3.86822
4.27462
4.36337
4.60861
4.37554
3.05227
4.94946
2.3972
3.80409
4.48506
4.32284
4.67738
2.74104
2.53247
1.42749
2.48989
4.28982
4.4821
4.26762
4.23537
4.91678
3.70698
2.3832
2.52098
4.58759
3.38673
3.83945
4.40455
2.86878
3.86756
4.31522
4.57262
4.87738
3.5889
3.03244
3.59298
4.27046
4.47501
4.03153
4.89092
4.82728
4.33314
4.70748
4.44213
3.24585
4.67289
4.57441
4.08441
4.17874
4.90471
4.36249
4.58581
4.44009
3.71577
4.91828
3.04995
2.58848
2.87634
4.33335
4.7449
3.99458
4.30007
1.48826
2.56307
2.89416
3.6804
1.61126
2.51141
2.98877
4.37428
4.41035
3.82875
4.34753
4.3735
4.60928
4.35075
4.63109
2.59292
2.91132
4.33527
3.97997
4.82945
4.50181
3.78529
3.16435
4.00909
4.60726
4.3779
1.44628
2.44872
4.55138
3.66983
4.88509
4.15321
3.58677
2.94029
4.99327
3.63986
4.65447
4.18037
4.42299
4.95334
3.88512
2.45405
4.93658
4.08981
4.40226
4.79164
4.98555
4.16132
2.39439
4.48532
2.50537
3.94779
3.38574
2.88978
4.28701
3.04488
4.37485
4.75854
4.18618
4.39702
4.14291
3.90023
4.2301
2.81516
2.46683
1.66572
4.37117
3.17321
2.50261
1.60472
3.62575
2.88062
2.84942
3.86911
4.4936
4.22557
2.8739
3.93251
4.6494
4.29789
4.51842
4.90875
4.42083
4.24874
3.70285
4.20464
4.44162
4.55098
2.60775
3.03427
4.8855
3.88146
4.50609
4.01354
4.71622
4.14903
4.46406
4.65662
3.33311
4.33505
4.77928
4.1749
4.42121
4.90854
3.00309
4.43106
4.2315
4.62125
2.34432
4.19682
3.70275
4.86674
2.84485
2.40485
2.64845
4.63389
4.22575
3.09242
3.69579
3.8377
2.95223
3.65209
4.24958
4.83982
4.50672
3.74255
3.10446
4.53471
4.47387
3.58098
4.34791
4.09913
4.35401
4.28061
3.66736
2.29769
4.8949
2.85959
2.55541
4.47531
2.92605
2.60666
4.57936
3.45378
4.09873
4.36241
4.22746
4.14841
4.1372
3.70661
2.44798
4.31557
4.39996
4.95309
4.51503
4.44636
4.1669
3.85495
4.41363
4.92591
2.76168
4.25061
3.96108
4.65618
3.86593
4.4169
4.5392
2.97952
3.48374
4.4001
4.60511
4.42452
3.76124
4.97133
3.85403
4.87245
2.91075
3.94898
4.29771
4.54982
4.8378
3.66889
2.95992
4.413
4.35973
3.45566
4.47433
4.47664
2.58469
3.96558
4.25483
2.98135
4.30683
4.83457
2.33074
4.47911
2.56548
2.98577
4.15012
3.78432
3.43477
2.74253
4.23283
3.85776
4.74955
4.9009
3.92135
4.6004
4.22497
2.64149
3.5956
3.67515
4.48376
4.8866
4.38973
4.66893
4.35277
3.79843
4.53001
4.35886
3.9583
4.15354
2.62387
2.86116
4.17158
2.37201
2.84879
4.1611
4.56507
2.39467
3.71803
3.46847
4.68001
4.30771
3.83703
4.24818
4.32325
4.478
4.32728
3.97851
4.19476
2.64642
4.35365
4.28439
4.55285
4.67834
2.36361
3.02094
2.52777
2.8256
2.5482
2.88833
3.51197
4.26411
4.46845
3.44366
3.91255
2.53415
3.8387
2.4338
3.82136
4.34981
1.61045
3.6601
4.47848
4.55217
4.98396
4.9232
4.97618
4.41975
4.64997
4.69007
4.587
4.24244
4.64957
4.15639
3.36192
4.43352
4.56637
4.9919
4.92678
4.44124
4.50066
4.99439
2.86969
4.37501
2.97844
4.24049
2.96269
2.52491
4.62103
4.55688
4.22651
1.54813
4.28308
3.73558
4.36393
3.89412
4.33157
3.82575
3.60541
4.00346
2.62475
3.94894
4.43992
1.49918
2.54238
3.94018
4.57487
4.337
4.9905
2.94735
2.51786
4.67439
4.36172
3.00182
4.37392
2.98383
4.40376
4.58222
4.71311
4.34461
3.01782
2.54069
2.95591
2.57592
2.9895
2.59601
3.98704
3.39007
3.91148
2.54113
3.87378
2.53233
1.68576
4.44008
3.58274
4.61917
4.3863
3.78607
3.29053
1.50329
4.2082
3.73993
2.54894
3.76566
2.3698
2.93078
4.81407
3.00972
4.38038
4.61424
2.47598
2.76122
4.33823
4.57598
4.31855
4.6105
4.69684
4.58793
4.34222
3.95756
3.41352
3.86519
2.5587
1.5407
4.36183
3.86202
2.56215
2.83964
4.61688
2.58461
3.11923
4.28678
3.0101
4.37153
4.66455
4.42322
2.90783
4.77649
2.8491
4.21765
2.82053
4.2588
4.47711
2.3205
1.46051
3.92106
4.25882
3.78651
4.38769
3.71132
4.23934
4.47859
4.26104
3.678
4.47477
4.40291
4.45679
4.76926
4.92249
4.97113
4.72949
4.29344
4.58707
4.51053
2.88315
2.2987
1.51233
2.46126
1.35223
2.35279
3.48554
3.86739
4.07233
2.86636
2.40754
4.55199
3.92
3.54837
4.1587
4.59834
2.86295
4.20755
4.8231
3.5677
4.62643
4.62426
4.38353
4.13331
4.26608
4.87187
3.2346
2.67349
4.66602
4.06149
4.40888
3.93165
4.3431
4.43956
4.35826
4.74323
2.54912
3.75536
4.03051
2.67137
4.7737
4.43951
3.19653
2.64516
4.7192
4.49315
4.51741
4.5075
3.99844
4.37369
4.31066
2.73328
4.98662
4.55886
3.82578
4.16494
4.98394
4.42369
4.13684
3.74821
3.78371
3.51728
2.71054
4.16672
4.43952
4.91865
3.69069
4.18769
4.36739
4.87264
4.84996
1.52881
2.50756
1.67315
2.5218
3.94281
3.65991
4.61308
4.30638
2.92824
2.53195
3.83891
3.37132
2.95279
4.19332
4.42244
2.6051
1.45417
4.19745
1.61832
3.40605
2.85555
2.45941
2.81314
2.44839
2.9161
4.69657
4.38279
3.82966
4.39513
4.42083
2.88565
4.79571
3.70643
4.26265
2.42115
3.87698
3.61777
3.03571
4.53068
4.40011
4.54414
4.9678
3.92824
4.32003
2.89288
4.53928
4.92291
3.80158
4.29444
3.87832
4.45559
4.26863
4.38419
4.43566
2.65311
4.10923
3.64329
4.65065
2.54937
3.08057
4.50706
4.40362
3.94427
2.38238
4.62247
4.40232
4.3627
4.55322
4.22186
3.0661
4.86584
2.42217
3.75005
4.39804
4.46022
4.59694
4.0524
3.94167
4.22468
4.25002
2.8
2.54774
1.49397
2.56266
4.39401
3.08255
3.52555
3.77356
2.39267
4.70889
3.85036
4.28702
4.43553
3.4963
2.99221
2.42244
2.54732
4.45658
3.41634
3.83285
4.23453
2.8367
2.4591
4.42743
4.5856
4.24184
4.28524
4.80866
3.76177
4.96838
4.22146
4.70011
4.6334
3.56627
4.6117
4.64531
4.27717
4.26879
4.94419
4.27668
2.9771
4.1839
4.68009
4.41784
4.7155
4.33663
3.93024
4.49716
1.69738
2.76274
2.97165
3.58917
1.58079
2.56334
3.10955
4.39679
4.72326
4.48559
3.98685
2.99152
2.60159
2.80053
4.31814
4.65181
3.84196
4.25339
4.47574
2.56701
2.83313
4.16324
3.88536
4.2951
4.4426
3.93272
4.31695
4.92122
4.38375
4.46801
1.45152
2.377
3.75751
4.47406
4.36807
3.42209
2.89736
2.61004
2.86376
4.22512
3.74456
3.51007
4.54414
2.39326
3.84713
3.03461
3.6283
4.571
4.23653
4.50373
3.9367
4.40034
4.36255
4.42176
2.70532
2.9139
4.02495
4.32091
4.23383
4.47076
4.39786
4.41281
3.84997
4.32284
1.56782
4.42563
2.99005
2.68492
1.7066
3.62013
3.0032
2.59792
2.84189
4.42256
4.72055
4.97693
3.98672
4.5989
4.57246
4.00614
4.47772
3.11053
2.61856
3.03012
3.93243
4.6248
4.3726
3.8918
4.72295
4.4047
4.16995
4.94582
4.22743
4.64621
4.3862
4.66304
4.65666
3.39298
4.58132
4.91691
4.20582
4.97601
4.91967
2.93396
4.3889
4.64787
4.75618
4.51501
3.55823
4.47174
4.22501
1.54595
2.36921
2.8335
2.51078
2.73233
3.39004
1.51833
2.68175
2.68521
4.65869
4.43948
2.96852
3.54416
3.91043
4.40115
4.25254
4.84489
2.57626
4.40035
3.91636
4.94637
3.08199
3.88539
4.23937
4.501
4.22036
2.37017
4.19733
2.93803
2.55781
4.4378
3.33658
3.80568
4.19593
4.17159
4.5799
4.2103
3.80378
2.50055
4.81889
2.75727
2.47091
4.24868
4.33236
4.96994
4.59911
4.37637
4.37125
4.23332
4.30476
3.79449
4.60144
3.88964
4.10458
4.59006
4.82578
2.98025
3.75718
2.97727
4.39821
3.92002
4.71602
4.58185
3.95615
4.50228
4.64517
1.58665
4.29888
3.00763
2.6676
2.85851
2.46303
1.47224
3.6448
4.65653
4.34978
4.53589
4.49416
4.76099
3.52583
3.76995
2.99599
4.45285
4.37627
3.41507
2.87852
3.99117
4.3281
4.46869
4.94069
4.45455
3.84809
4.33718
4.58122
3.75495
4.6193
4.41324
2.98493
3.66885
2.96088
4.44814
4.04268
4.68178
4.99358
4.57562
4.91499
3.81628
2.49065
4.54774
4.3599
4.55114
4.28122
4.42892
4.29887
3.8256
4.32159
2.58915
3.10912
4.26628
4.54521
2.46182
3.8213
3.58857
4.59067
4.41499
3.97078
4.31827
2.54157
3.00986
4.17564
4.92012
3.84801
4.21656
4.94714
4.64814
4.39798
4.62527
2.59512
3.13158
2.39234
2.90317
2.44869
3.01818
3.59423
4.55052
4.63864
4.98256
4.44283
4.52653
3.52556
4.48305
4.4886
4.42494
4.29507
4.61005
4.31101
4.97083
4.88983
4.40358
4.75927
3.63384
4.48615
4.51051
4.97125
1.50612
4.3614
4.07351
4.31514
3.83138
4.24581
3.82744
4.94046
2.8554
4.15913
3.00009
4.39912
2.85665
2.43954
4.49345
4.59735
4.25586
3.01468
2.61437
4.50173
4.27252
2.94697
4.27854
2.92373
3.51187
3.92974
2.56711
3.74633
4.2784
1.53825
2.57667
3.90312
4.92526
4.40129
4.18833
4.63123
4.3071
4.8336
4.33463
4.6238
2.96736
2.33909
2.99053
2.48316
2.90106
2.59721
3.90404
3.57092
3.93469
2.5632
3.89073
2.59022
1.55578
4.36695
4.75458
4.4192
4.12861
3.81048
3.36696
1.49775
4.31932
3.83555
2.24866
3.53133
2.53501
2.91932
2.99175
4.13886
4.66969
2.60999
2.85015
4.43322
4.29818
4.58015
4.42594
4.5372
4.70833
4.36765
4.24484
3.672
3.52717
3.7551
2.38747
1.45338
4.23491
3.70329
2.57811
3.05546
4.63194
2.6332
3.02811
4.40138
2.89926
4.35611
4.64443
3.9951
2.64264
2.91244
4.28256
2.85768
4.29655
4.36291
2.48471
1.56123
3.8556
4.32128
3.9782
4.26226
3.89395
4.37003
4.97884
4.98158
3.5744
4.50472
4.43319
4.29153
4.65818
4.71461
4.45645
4.4812
4.32555
3.05792
2.47646
1.47981
2.52744
1.61008
2.47757
3.53633
3.90863
4.20482
3.01477
2.69204
4.48295
4.38166
4.61284
3.68002
4.48025
4.52452
4.65672
4.34732
4.22005
4.54969
4.18774
4.50186
4.95952
2.8335
2.37132
4.29911
3.83655
4.29669
3.86314
4.42541
4.34451
4.92311
4.24444
3.88524
2.47326
3.43518
3.82799
2.48177
4.4877
4.23885
2.86288
2.49092
4.89208
4.6766
4.31531
4.27085
4.19851
4.38737
3.91609
2.82243
4.91041
4.8117
3.97374
4.42134
4.59287
4.29231
4.72809
3.9546
3.7308
3.10077
4.56335
4.77099
3.68985
4.31153
1.6425
2.50763
1.56571
2.61199
3.94172
3.51546
4.49986
4.30067
2.9356
4.57181
4.14827
2.95004
4.88194
3.70927
4.43982
2.38024
1.56856
4.07694
1.46446
3.44623
2.81552
2.30126
2.64768
2.36236
2.85948
4.45263
4.63378
4.20869
3.60624
3.87401
4.43037
3.82286
3.56727
3.01233
4.60544
4.34556
4.63582
4.9676
4.55014
4.12654
2.77096
4.60158
4.91174
3.71286
4.18374
3.68008
4.51454
4.39021
2.64482
4.94336
4.52468
4.56016
2.53577
4.08015
3.64335
4.68272
2.70949
3.2182
4.6053
4.83933
4.18889
3.81865
4.30045
3.98772
4.34283
4.33203
4.50322
4.23099
3.04791
4.85572
2.60466
3.8515
4.33283
4.95138
4.15794
4.43405
2.7992
2.35082
1.55833
2.5376
4.36895
3.12556
3.53069
3.90049
2.69042
4.59654
4.35018
4.91647
3.81151
2.55838
2.64851
4.70261
3.62752
3.82683
4.23104
3.05054
2.65535
4.43892
4.74296
4.35132
4.8452
4.92154
4.20364
4.56412
4.64738
3.57943
4.56236
4.58799
4.3374
4.23036
4.40235
3.76362
2.83379
3.86131
4.49805
4.23379
4.49316
4.27449
2.94663
4.39613
4.91466
4.57634
3.85822
4.3085
1.70523
2.5445
2.90606
3.52386
1.52925
2.65636
3.11638
4.33926
4.66039
4.29685
3.74958
4.92748
2.78839
2.47094
4.35081
4.57649
4.20905
4.71234
2.64355
3.07353
4.41418
3.99404
4.39792
4.17932
3.89035
4.37098
1.5514
2.51465
3.76331
4.57541
4.32567
3.61908
3.02786
3.82914
4.17033
3.78834
3.05371
3.48617
4.39701
4.34726
4.53638
4.47403
4.434
3.81901
4.38221
4.48007
4.46848
2.52598
2.90928
4.98836
3.91467
4.41867
4.46613
4.78204
4.50997
4.27986
3.85905
4.36953
2.84868
2.60718
1.48307
4.46538
3.0056
2.59583
1.71803
3.57638
2.98556
2.59229
3.02709
4.46958
4.60075
3.90982
4.59732
4.19909
2.83976
4.03752
4.64712
4.42753
3.91542
4.25663
4.13062
4.98721
4.34553
4.92401
4.56518
4.31798
4.64739
4.66673
3.54572
4.66772
4.75384
2.96832
4.28196
4.66138
4.61197
4.66011
3.62821
4.57694
4.19675
4.49425
2.53593
4.15569
3.98378
4.9671
2.77726
2.38759
2.63752
4.63936
4.29816
2.95597
3.38878
3.85157
4.28666
4.92664
4.82141
4.37148
3.9177
4.33173
4.34229
4.63701
4.43055
4.02364
2.58253
3.13931
2.51163
4.44461
3.15693
2.76776
4.69099
3.72446
3.98076
4.43702
4.38971
4.42429
4.38112
3.83013
2.5276
4.57691
4.41181
4.68573
4.36479
3.75703
4.42191
4.88665
2.90063
4.41611
3.76804
4.94305
4.541
3.81702
4.33525
4.47784
2.87376
3.53643
4.96778
4.8183
4.27819
4.45653
4.31537
3.89535
4.91161
1.45142
4.24369
2.8888
2.53098
2.73513
2.51536
1.72343
3.38386
4.98062
3.943
3.05857
4.61745
4.2779
3.57883
2.90664
3.85242
4.41088
4.51145
4.98191
4.32122
3.79158
4.36893
4.63106
3.87203
4.53122
4.38152
2.93994
3.53783
2.93522
4.42761
3.86359
4.55073
4.82578
4.51407
3.92073
4.41072
2.39213
4.48173
4.42918
4.66896
4.98884
4.17776
4.1702
4.30899
3.79122
4.44504
2.5425
3.0654
4.2787
4.53723
2.6542
4.0921
3.6779
4.56686
4.24927
3.757
4.18182
2.24366
2.86023
4.94372
3.93216
4.45518
4.35685
4.23868
4.51093
2.46162
3.00457
2.35621
2.89572
2.64818
2.82049
4.39805
4.63157
3.56591
4.36153
4.63568
4.76191
4.15714
4.95238
4.48781
4.18241
4.79035
4.94706
4.20097
4.4584
3.4097
4.30786
4.55934
4.97317
4.69565
4.35753
1.5536
4.29127
4.10924
4.4795
4.01086
4.48132
3.96228
4.95768
2.83149
4.32171
2.89789
4.46748
2.96884
2.54878
4.54932
4.94176
4.45229
4.32176
3.04683
2.7198
4.58382
4.36704
3.11123
4.61053
3.16208
3.64978
3.88342
2.53534
3.85692
4.36046
1.4276
2.58307
3.9358
4.53562
4.44496
4.21337
4.58376
2.84894
2.34998
2.94159
2.31137
2.71796
2.48676
3.03314
4.93312
3.0546
4.36959
4.67895
2.47182
2.88218
4.37433
4.90251
4.48708
4.31708
3.73696
3.75483
1.5576
4.2062
3.93676
2.54246
3.7737
2.6304
4.67205
4.51594
4.87043
4.93633
4.35497
4.6767
3.03316
4.55898
2.55204
3.05702
4.2704
2.81376
4.33091
4.81682
4.32811
4.23865
3.76379
3.55278
3.80179
2.4395
1.54594
4.30268
3.6873
2.43832
1.52055
3.82017
4.32761
3.84313
4.3608
3.85009
4.4186
4.7048
4.30651
2.95169
4.88432
2.83655
4.36018
2.89893
4.16871
4.63189
2.44552
4.34111
4.77557
4.94488
3.52547
4.48872
4.34873
4.5312
4.37587
4.93799
4.70334
4.34295
2.8894
2.38222
1.49761
2.53899
1.39348
4.41687
4.26608
4.33034
3.55905
4.7846
4.64567
4.63004
4.10714
3.809
4.28033
4.42206
4.97872
4.27038
4.54194
4.43243
4.38043
2.88329
2.47632
4.22638
3.88248
2.34264
4.90752
4.5349
4.36039
4.10565
4.79453
4.11167
3.73017
2.39693
3.42047
3.85841
2.48603
4.59023
4.19447
2.69042
4.22882
4.3857
4.88471
4.72704
4.43033
3.8629
2.96723
4.58176
3.98773
4.41998
3.81307
4.42744
4.62177
3.86154
3.65663
2.95962
4.43278
4.72365
4.98532
1.58235
2.35204
1.42781
2.46748
2.95095
4.52467
4.89582
4.08621
3.66382
4.72432
4.24299
2.90935
3.89586
4.18569
2.54143
1.53557
4.35885
1.45302
3.32248
2.89721
2.47147
2.81028
2.46249
4.51028
4.90116
4.99133
4.93151
3.71659
4.27238
3.80222
3.48265
2.89277
4.41372
4.12576
3.68563
4.55291
4.2759
2.88122
4.41307
4.95258
3.79124
4.19063
4.41253
4.37205
4.21973
3.95514
2.59506
4.80939
4.53146
4.65767
2.48941
3.93724
3.70924
4.65676
2.57955
3.15066
4.43054
4.24277
4.60056
4.40561
4.05782
4.51588
4.54378
4.7598
4.19202
2.96449
4.99346
2.53357
3.93372
4.37617
2.75247
2.42478
1.51394
2.7365
4.46546
4.5815
4.36594
4.28047
3.87822
2.4982
2.62111
4.52862
3.58014
3.9512
4.30005
3.07692
4.83262
4.16136
4.77564
4.1573
4.54635
4.60632
3.5631
4.51464
4.3933
4.32484
4.36046
4.58698
4.3574
3.74972
2.87123
3.72426
4.55817
4.28499
4.36541
4.73268
4.39426
4.0767
2.84989
2.64458
2.90248
4.32454
4.92663
4.59567
3.97677
4.38248
1.67941
2.47846
3.10649
3.60505
1.53637
2.61577
3.02154
4.53424
4.49584
3.93978
4.44487
4.39408
4.77527
4.4625
4.55974
2.60442
3.02267
4.43846
3.97975
1.49642
2.31545
4.55545
4.78089
4.99105
3.85301
4.83208
4.30097
3.71242
2.84217
3.53239
4.41993
4.27225
4.40917
4.78086
4.28172
4.39749
3.93381
4.43537
4.7905
4.21182
2.66695
3.17772
3.97041
4.48834
2.94974
4.2388
4.60004
4.88664
3.65685
4.61131
4.24244
3.76711
4.24514
2.76849
4.96894
2.50941
1.61614
4.26609
2.90791
2.51892
1.46698
3.60605
2.85504
2.32179
3.69085
4.5554
4.3391
2.97214
3.72659
4.51067
4.881
4.16136
4.32075
4.30512
4.86446
4.31442
4.58075
4.21853
4.62441
4.50088
3.45565
4.62523
4.88159
2.85663
4.28828
4.92639
4.70816
4.41619
4.34611
2.47474
4.27839
3.64147
4.74187
2.87686
2.39168
2.33854
4.23164
4.1923
2.81936
3.28327
3.73921
4.64786
4.40612
3.98033
4.53839
4.32498
4.75909
4.33687
4.45503
4.22715
3.76715
2.3801
4.89553
2.92526
2.5688
4.244
2.85869
2.41419
4.56548
3.36765
3.65803
4.11263
4.1323
4.24209
4.20347
3.73925
2.38445
4.10191
4.18506
4.96873
4.9003
4.36442
3.9925
4.65998
3.00638
4.64209
4.13116
4.92928
3.7848
4.44482
4.62834
2.94231
3.67108
4.48083
4.73505
4.21109
3.74223
4.93715
3.15252
4.01379
4.32386
4.58098
3.80454
3.01601
4.61688
4.39454
3.66202
4.85792
4.27341
4.47079
4.18632
3.65855
4.88625
2.71341
4.32751
3.91556
4.37459
4.97
4.94433
4.8094
3.65263
4.4289
4.29739
2.92502
3.29699
3.80995
4.61673
4.93012
4.3424
4.465
4.41495
3.96339
4.27749
2.55584
4.29071
4.37699
4.62346
4.76576
4.57349
4.09142
4.59524
2.55831
3.16275
4.32102
2.62116
3.04987
4.52236
4.73232
2.58951
3.98946
3.72475
4.81813
4.4229
3.9788
4.38064
4.43934
2.4764
2.77404
2.39618
2.83002
2.41495
2.83133
3.3969
4.2642
4.57223
3.49422
3.9293
2.56667
3.73801
2.3994
3.85729
4.26279
1.48738
4.81195
4.65995
4.38686
4.5437
4.48172
3.52265
4.25018
4.50717
4.94891
4.27236
4.5906
4.83709
4.18268
4.43391
4.77529
4.20245
2.92726
4.50738
3.07953
4.36705
2.9699
2.72564
4.71173
4.56349
4.27502
1.56211
4.44985
4.12907
4.43099
4.07085
4.53681
3.95832
3.55542
3.62426
2.58161
3.74463
4.38003
1.4152
2.4322
3.88264
4.95637
4.56919
4.2298
2.6718
2.75455
4.55498
4.22932
2.95905
4.36102
2.93902
2.70049
2.54506
2.96117
2.47278
2.95375
2.49168
3.82685
3.48427
3.7509
2.70492
3.97663
2.51624
1.64754
4.34016
3.60369
4.59086
4.28711
2.87518
4.96389
2.87605
4.10872
2.88853
4.16729
4.53784
2.41179
1.67207
3.80339
4.32771
3.87124
4.27825
3.78005
4.33752
4.43051
4.97926
4.1767
4.72535
4.22636
4.40465
4.83546
4.27321
3.75243
3.35516
3.67185
2.42457
1.46342
4.19808
3.78651
2.35721
2.85023
4.94416
4.51603
2.41265
2.83993
4.33797
2.88092
4.12091
4.98847
4.91904
4.4085
4.26473
4.77126
4.48099
4.44565
4.51701
4.97876
3.72987
4.32216
4.35835
4.55265
4.72923
2.80484
2.41247
1.57434
2.44405
1.42588
2.4856
3.55346
3.86118
4.33296
2.91897
2.39066
4.56294
3.97122
3.57122
4.33225
4.59077
2.95472
4.20303
4.79183
4.97064
4.30407
4.46696
4.48652
3.03456
2.57519
4.34547
3.8961
4.22773
3.92818
4.48324
4.40764
4.46632
4.69742
2.52346
4.99886
3.46184
3.74228
2.40183
4.55459
4.27773
2.82381
2.47881
4.47825
4.22507
4.22457
4.98375
4.20502
3.8357
4.94188
3.07691
4.73559
3.97023
4.55202
4.68515
4.47421
3.83962
3.79466
3.72513
2.93857
4.32385
4.66485
4.00857
4.34734
4.43259
1.55193
2.46624
1.63931
2.50733
3.75375
3.53845
4.59549
4.36724
3.0406
2.58109
3.81647
3.61021
2.99126
4.2718
4.59231
2.44049
2.77492
4.58216
4.76895
3.73027
4.23861
3.92218
4.29032
4.29259
3.86785
3.56023
2.97621
4.70905
4.35753
4.61038
4.94746
3.80147
4.40305
4.54814
4.31109
2.96587
4.83644
2.52262
3.69589
4.3144
4.21573
4.57813
4.25612
3.80332
4.29758
4.29523
4.23926
4.22327
2.4419
3.91783
3.54816
4.6507
2.47404
3.00312
4.3587
4.9053
4.38054
3.83161
2.49618
4.78746
4.34662
4.34113
2.98283
2.6385
1.52568
2.35835
4.218
2.8906
3.48977
3.82863
2.5357
4.48655
4.0057
4.36714
4.68136
3.57732
2.93511
4.21446
4.86652
4.40793
4.98201
4.36737
4.59261
4.61883
3.59037
4.48461
4.5537
4.28611
4.91206
4.98074
4.34818
4.5983
2.53156
4.90816
2.94771
4.20603
3.8358
4.24317
4.21852
3.74113
4.34523
4.33295
4.61721
2.80234
3.88734
4.90633
4.56272
4.43458
4.70059
4.24421
3.79756
4.2537
1.47359
2.5835
2.90333
3.62443
1.57721
2.56514
2.96307
4.24479
4.56616
4.35269
3.74647
4.81092
2.93003
2.47094
2.89619
4.59787
4.99244
4.6569
3.89358
1.39415
2.59631
3.93459
4.76711
4.54084
3.77114
3.11614
4.98943
2.57704
2.78469
4.16234
3.82849
3.37358
4.41606
2.43605
2.87724
3.74583
4.47049
4.74488
4.23238
4.00734
4.2792
4.80576
4.12126
4.71103
4.35552
2.60148
3.03608
3.84167
4.3825
4.55227
4.79165
4.39995
4.19105
3.83345
4.35727
1.50227
4.24833
2.95232
2.46903
1.58311
3.57404
2.92457
2.66979
3.15549
4.39453
4.69763
3.96297
4.4868
4.20911
3.74596
4.28547
2.69114
4.76185
2.43125
4.98563
4.46988
4.20049
4.48924
4.37639
4.77679
4.47125
3.53501
4.61184
4.19265
4.90311
3.00918
4.33439
4.52897
4.74513
4.71559
3.70595
4.49153
4.16417
1.66588
2.37032
2.89939
2.60575
2.78333
3.44689
1.49957
2.42541
4.24508
4.94773
4.25748
4.9821
4.51113
4.4482
4.35077
4.11506
3.98441
3.76404
3.85327
4.32294
4.89591
4.4555
4.29007
2.43459
4.25067
2.91789
2.51175
4.58896
3.57731
3.91878
4.40561
4.21465
4.51123
4.20041
3.87133
2.34587
4.96435
4.97584
2.90115
4.45492
3.96181
4.91593
4.31113
4.52129
4.64802
3.7562
3.90858
4.50754
4.70617
2.98094
3.68018
2.95468
4.49941
3.85221
4.65684
1.48014
4.2597
2.88621
2.61326
3.00131
2.50058
1.54328
3.51761
4.60645
4.49691
4.58955
4.60837
4.53085
3.53413
4.52578
4.8982
3.97665
4.36922
3.78341
4.9307
4.98232
4.3621
4.64672
3.8539
4.51954
4.33262
2.97471
3.44566
2.86498
4.32958
3.8131
4.57254
4.87536
3.92208
4.36514
4.60428
4.38092
2.48951
4.38188
4.31503
4.69851
4.33725
4.47498
4.28293
3.89203
4.24602
2.60462
3.08479
4.28873
4.7208
2.54832
3.88461
3.61919
4.53963
4.40919
3.98858
4.31055
2.69103
3.03423
4.25173
4.58246
2.578
2.98543
2.56275
2.95276
2.44173
2.98305
3.6541
4.32051
4.51367
4.55699
4.32567
4.88781
4.71524
4.48135
4.3668
4.51172
3.50327
4.3666
4.41029
4.96761
4.56517
4.24565
4.91748
4.33551
4.58587
1.48018
4.46348
3.79912
4.23705
3.85634
4.35841
3.92573
4.97213
3.02812
4.41096
3.06392
4.41504
2.93924
2.57991
4.80625
4.45952
4.30343
4.82867
2.91484
2.54014
4.3717
4.33993
2.87413
4.19076
2.90761
3.41729
3.91868
2.65791
3.77716
4.27086
1.70016
2.52635
3.90823
4.99383
4.58363
4.30512
2.72156
2.58044
3.00624
2.34758
2.79445
2.50371
3.80486
3.48518
3.73942
2.50371
4.02779
2.3723
1.59459
4.33189
4.6374
4.23401
2.91825
4.79543
2.95928
4.31481
2.95705
4.46059
4.60626
2.48246
1.45652
3.79866
4.24687
3.82376
4.28542
3.72538
4.46782
4.90567
4.23285
4.48807
4.60222
4.21022
4.86169
4.54647
4.10082
3.68521
3.59721
3.72503
2.47637
1.38221
4.30114
3.74487
2.28474
2.68743
4.97829
4.46874
2.46286
3.01705
4.08569
2.8565
4.32942
4.94111
4.66905
4.59837
4.58234
4.2929
4.94671
3.67609
4.54628
4.50423
4.35765
4.6691
2.90732
2.43842
1.40537
2.27274
1.45799
2.42113
3.41891
3.51161
4.22394
2.85402
2.292
4.48587
4.34737
4.96986
4.08354
4.37389
4.73335
4.32461
4.66581
3.07507
2.66721
4.4246
3.99031
4.44871
3.89615
4.33159
4.30659
4.37024
3.73042
2.45651
3.64071
3.86587
2.45129
4.71797
4.27599
2.88233
2.39648
4.91502
4.49092
4.33342
4.31949
4.9076
3.93389
2.93709
4.66471
4.01193
4.55242
4.48368
4.32785
4.63423
3.78259
3.6609
3.09081
4.35249
4.59633
4.7864
3.70588
4.19951
1.54055
2.63856
1.69895
2.50128
3.87461
3.41108
4.57476
4.30513
2.95495
4.49268
4.33747
3.1157
4.73422
4.96477
3.80162
4.37872
3.80316
4.05361
4.40968
3.9731
3.68557
3.02666
4.77291
4.34352
4.53972
4.25762
3.81681
4.25479
4.19595
4.45772
4.05066
2.74569
2.47645
3.82086
4.15359
4.06652
4.28159
4.28682
4.30193
2.60736
4.66526
4.83762
4.36221
4.27626
2.45434
3.94271
3.35534
4.31341
2.60964
2.93429
4.26715
4.84352
4.25418
3.74466
2.95661
2.51698
1.5035
2.52573
4.28652
2.79008
3.48071
3.83326
2.4947
4.5191
4.48506
4.97747
4.31389
4.34122
4.36075
4.71613
3.59838
4.33147
4.59097
4.27191
4.32845
4.52851
4.28579
4.44778
2.47672
4.94296
3.03276
4.41027
3.77555
4.16448
4.21002
3.63369
4.10403
3.78764
2.86848
3.92657
4.99049
4.59016
4.40006
4.47015
4.29382
3.07755
4.38691
4.99665
4.63635
3.80414
4.18378
1.52406
2.58337
2.82619
3.3443
1.63073
2.55977
2.8968
4.28492
4.53332
4.1336
3.70141
4.84686
2.84548
2.39604
1.43256
2.445
3.72713
4.39417
4.07865
3.40151
2.79909
4.6643
4.31258
3.10374
3.90634
4.57652
4.28922
3.64606
4.22577
4.46469
3.82908
4.34025
4.40043
4.34821
2.57984
2.96635
4.95223
3.8951
4.31691
4.23591
4.45081
4.71023
4.31974
3.92281
4.42948
3.07847
2.45687
1.52992
4.47148
2.99818
2.61541
1.53129
3.70265
2.97739
2.38256
2.69632
4.22421
4.59551
4.8336
3.81114
4.3609
4.25083
4.46609
4.66938
4.34306
4.68929
4.69323
3.72523
4.66247
4.85325
2.8061
4.20313
4.83405
4.37091
4.39663
3.39069
4.66337
4.38805
4.39996
4.32535
3.84344
2.68926
4.33171
4.31323
4.55846
4.11767
4.64502
4.22405
3.81358
4.27087
4.93805
4.39358
4.52629
4.28969
3.94543
2.6335
2.83921
2.39082
4.27902
2.94189
2.38396
4.66396
3.53655
3.62676
4.02138
4.86957
4.47848
4.7289
4.32157
4.00132
3.80706
4.47364
3.14068
4.46374
3.93235
4.64089
3.88925
4.40506
4.55468
3.09398
3.63786
4.90852
1.50901
4.32938
2.90542
2.27529
2.90091
2.51872
1.47355
3.49451
4.68523
4.97875
3.80383
4.43698
3.92792
4.42032
4.66596
4.90145
3.80588
4.70137
4.43206
2.98231
3.56023
2.91269
4.38621
3.97463
4.6935
3.84061
4.42711
4.95003
4.46023
4.08866
4.99676
4.29901
2.44677
4.36092
4.38219
4.72365
4.25608
4.26383
4.25205
3.85993
4.42251
4.9366
2.48747
3.03148
4.22588
4.46369
2.61714
3.88999
3.55038
4.57488
4.23735
3.69848
4.19226
2.41187
2.85384
4.9462
4.57183
2.40529
2.70205
2.38959
2.86825
2.37057
2.82752
4.91333
4.60446
4.25443
4.94672
4.56051
4.30221
4.86922
4.8652
4.30118
4.52703
3.44171
4.31738
4.76326
4.62177
4.47904
4.98735
4.26161
4.42459
4.64447
4.32576
1.54846
4.44772
3.95195
4.39219
3.96361
4.5704
4.12567
2.85298
4.29895
2.98683
4.28076
2.89275
2.61644
4.58207
4.45979
4.30286
4.97901
2.9987
2.69504
4.64928
4.43042
3.0889
4.48489
3.12001
3.65536
3.71213
2.38071
3.80267
4.24235
1.48783
2.54695
3.84703
3.02353
2.49822
3.14183
2.50405
2.95296
2.64036
1.42679
3.80289
3.90952
3.69348
4.13179
3.76091
4.22791
4.66394
4.11716
2.91638
4.74972
2.76586
3.96109
2.39611
4.09462
4.20839
2.34594
4.18074
4.58241
4.912
4.98722
4.42672
4.81169
3.16007
4.99233
4.74772
2.58527
3.06809
4.53462
3.18922
4.6103
4.52318
4.32013
3.89771
3.57034
3.96545
2.55538
1.57684
4.21128
3.90642
2.7504
4.52779
4.31386
4.99277
4.69825
4.47915
4.95172
4.11406
4.42779
4.75228
4.95302
3.59715
4.67129
4.40333
2.73024
2.54963
1.50823
2.37424
1.59951
4.26987
4.2358
4.6995
4.45058
3.89903
4.43305
4.25457
4.17941
4.59876
4.34763
4.6237
2.92875
2.58993
4.21997
3.83791
2.46721
4.9409
4.52933
4.26516
4.34268
4.90639
4.25124
3.80249
2.48078
3.44672
3.84085
2.4567
4.39086
4.34536
2.89433
4.91505
4.59152
4.51172
3.82391
2.93393
4.75156
3.92785
4.47623
3.8421
4.39028
4.58885
3.75385
3.6384
2.94248
4.35567
4.64195
1.63379
2.27707
1.39748
2.38273
3.83122
4.60072
4.32624
3.0065
4.55378
4.98166
3.72648
4.47839
4.85787
4.51616
4.97885
3.72391
4.15897
3.61819
3.58914
2.95647
4.57843
4.34052
4.46323
4.61911
4.34131
3.91926
4.56148
4.47113
4.54448
4.34168
2.97171
2.48755
3.83874
4.34821
4.07713
4.15903
4.9744
4.27642
3.96863
2.49171
4.54239
4.93496
4.27438
4.30179
2.62511
3.81212
3.57877
4.54728
2.41362
2.92427
4.34104
3.01465
2.59013
1.50782
4.36056
4.55512
4.87168
4.9066
4.42682
4.39196
4.36149
4.84724
3.7348
4.49043
4.78911
4.07991
4.25222
3.83746
4.18063
4.40128
4.64725
4.16694
4.49998
2.38377
4.87891
2.83631
4.23213
3.71016
4.52509
4.26625
3.65326
2.74819
3.82702
4.7805
4.52665
4.29036
4.16418
4.41015
4.25583
3.82765
4.94313
2.80209
2.45852
2.89871
4.26717
4.86533
4.55849
3.78772
4.20868
1.4246
2.44591
2.82118
3.31007
1.43365
2.44106
2.79433
1.43713
2.52557
3.81363
4.58498
4.16399
2.79987
3.58706
4.24204
4.81291
4.90633
4.24797
4.40719
4.61561
4.35021
4.33821
3.83849
4.47062
4.71886
4.42369
2.58449
3.05849
3.85729
4.41773
2.94834
4.2792
4.52629
3.93262
4.48462
4.48585
3.84305
4.33646
2.88971
2.50491
1.56348
4.25296
2.93257
2.48868
1.57268
3.38859
2.99292
2.54414
4.75655
4.32352
4.29913
4.94629
4.32015
4.52734
4.25419
4.6337
4.55842
3.52522
4.58946
2.88601
4.34469
4.39858
4.45107
4.3633
3.87646
2.54404
4.26863
4.1898
4.8859
4.70965
4.5699
4.24439
3.82376
4.30124
4.88379
4.28882
4.20143
4.80349
4.31814
3.94358
2.5062
4.97197
2.88761
2.36819
4.27565
3.02483
2.62558
4.44156
3.6199
3.89946
4.37935
4.80917
4.27605
3.7192
4.87766
3.72717
4.46673
4.97981
2.98413
4.39815
3.95176
4.62169
3.85939
4.26141
4.5634
2.87945
3.532
3.76942
4.63907
4.8782
4.96425
4.47009
4.71838
4.41071
4.01803
3.008
4.35221
3.87472
4.73124
3.90423
4.62489
4.44308
2.96924
3.64207
4.50161
4.234
4.97573
3.69947
4.13047
4.83673
4.3303
4.40959
4.28859
3.96958
4.23079
2.42292
4.46805
4.4084
4.69572
4.54867
4.16615
3.91628
4.28135
2.42093
2.91716
4.27054
2.31034
3.04876
4.25517
4.44306
2.47282
3.8326
3.50009
4.57503
2.62045
2.59595
2.35256
2.98405
2.61294
2.87121
3.51509
4.17607
4.59597
3.7168
3.88257
2.66604
3.71915
2.1785
3.88547
4.21322
1.54571
3.21674
4.30599
4.76925
4.97787
4.86189
4.33399
4.42002
3.66272
3.96441
4.48679
1.73619
2.56585
4.13883
2.88834
4.08928
4.54268
4.54086
3.2299
4.51484
3.15455
2.51492
4.63948
4.5327
3.19554
3.77004
4.33297
4.40453
4.86679
4.33484
4.97965
4.78889
4.9299
4.80982
4.4275
4.47923
4.64082
2.96854
2.54085
3.04872
2.59569
2.77664
2.55674
3.70192
3.7203
3.72778
2.56729
3.907
2.18172
1.47942
4.35265
3.61404
4.7334
4.13995
3.9079
3.65829
1.58274
4.32637
3.86438
2.4975
3.88979
2.5635
3.05348
3.11055
4.37816
4.72648
2.55715
2.99839
4.36436
4.64423
4.40636
3.51235
4.64843
4.22442
4.72081
4.17684
4.61119
4.95007
3.90268
3.40798
3.70901
2.62153
1.61615
4.14416
3.78542
2.38429
2.83148
4.39561
2.27539
2.97321
4.00612
2.70474
4.13688
4.99695
4.46936
4.29005
3.01956
4.98312
2.66747
4.25388
3.03138
4.32688
4.46227
2.38026
1.51206
3.71551
4.25405
3.93296
4.17527
3.72907
4.23702
4.55557
4.26812
4.82044
4.23169
4.40958
4.64343
4.23206
4.96485
2.77349
2.64376
1.40829
2.39207
1.63536
2.54741
3.51803
3.9618
4.44552
2.85398
2.51484
4.68201
3.92593
3.40855
4.19952
4.40779
2.7346
4.30941
4.41742
3.66095
4.43003
4.60532
4.74356
4.59332
4.19273
1.47626
3.38927
1.40835
2.39056
2.77332
2.35598
2.96123
4.3583
4.50466
4.95657
2.87623
4.3072
3.88296
2.57138
2.83966
4.84509
4.54708
4.08526
4.98086
3.7314
2.52199
3.36877
3.72103
2.49443
4.43386
4.26007
2.87097
2.41566
4.92578
4.5447
4.40015
4.98796
4.25084
4.88901
4.17045
3.82443
4.34507
4.81769
4.99951
4.41205
4.05397
4.38498
4.7428
2.77693
2.2632
4.13689
3.69569
4.28855
3.81717
4.20383
4.14038
4.24682
4.43068
1.48752
2.44458
1.47819
2.33768
3.56477
3.49727
4.50011
3.98504
2.71165
2.56413
3.7715
3.48868
2.80199
4.13044
4.43127
2.20255
1.63661
4.6365
1.75385
3.79133
3.20082
2.66255
3.12902
2.74266
3.07697
4.74369
4.41921
4.09963
4.57549
4.62295
3.09217
4.03358
4.56349
2.69267
4.82488
4.12354
4.84775
3.22055
4.28383
4.38784
4.68376
4.16956
4.79823
4.84504
3.7722
3.49977
2.86512
4.6111
4.1982
4.37609
4.80793
3.72909
4.27616
2.99803
4.40421
4.11037
4.32768
3.83486
4.81826
4.41273
4.85203
4.8914
3.06994
2.63746
1.54256
2.35814
4.26042
2.88502
3.44172
3.71533
2.41655
4.57778
3.99284
4.42449
4.59378
3.41108
2.86094
2.41128
2.63021
4.67417
3.60381
3.92139
4.37462
3.07767
2.63692
4.43007
4.60995
4.41299
4.48119
3.92142
3.86949
2.90839
3.47638
4.41233
4.60547
3.70569
4.85221
4.41538
4.69249
4.84649
4.50521
4.49408
4.66444
3.6654
4.54169
4.61465
4.31737
4.99861
4.99827
4.42361
4.32896
4.90222
1.43463
2.52456
3.74785
4.47937
4.41674
3.33614
2.89573
2.69916
2.83939
4.27084
3.8197
3.38239
4.44071
2.29683
3.93679
3.14872
3.67257
4.72921
4.50662
4.80937
3.99557
4.45802
4.97715
2.40796
4.3523
2.28107
3.62302
3.30002
2.70252
4.26459
4.15425
4.91293
3.81197
2.35947
4.98403
4.19433
4.27744
4.68925
4.10982
1.54103
4.38178
2.80892
2.44099
1.54838
3.45358
2.98827
2.50321
2.80674
4.34941
4.71288
4.77098
3.80579
4.4909
4.4438
3.78033
4.40309
2.8587
2.53547
3.07992
3.79466
4.8982
4.42906
4.00505
4.68874
4.48105
4.26251
4.11955
4.95239
2.41258
2.67803
4.84439
3.68146
4.14716
4.25178
4.38522
4.22551
4.26041
3.75196
4.14281
2.87463
4.19394
4.44132
4.50107
4.1779
3.27593
4.64056
4.5296
1.61218
2.63166
3.01114
2.69572
2.85595
3.51215
1.51612
2.65741
2.52613
4.63247
4.43374
2.86405
3.55797
3.88177
4.39922
4.44106
4.67641
2.67586
4.45232
4.04631
3.05958
3.70129
2.82948
4.2191
4.46128
3.49686
4.95609
2.90455
3.87607
4.22283
4.95456
4.55968
2.41047
4.97374
4.04477
2.57431
2.19662
4.31214
3.42404
3.61805
4.04821
4.9192
4.64935
4.29568
4.52351
4.21237
3.87641
2.37741
2.84061
2.36442
3.94035
4.38177
4.80145
4.38453
4.14415
4.32165
4.25647
4.42923
3.80511
3.73591
4.06597
4.81097
4.55753
4.33095
1.37478
4.39672
2.86944
2.52146
2.93469
2.40389
1.49243
3.55488
4.41101
4.41945
4.55999
4.42042
4.65736
3.34883
3.75632
3.00605
4.61673
4.3376
3.64964
3.13296
3.99153
4.35835
4.63137
4.97745
2.47865
4.49663
2.41275
2.83541
4.26071
3.82162
3.50735
4.56494
4.20359
2.3475
3.73258
4.37223
2.99158
4.79844
4.33606
4.95396
3.97043
4.51122
4.34976
3.03412
3.50482
2.90009
4.202
3.85006
4.52484
4.86438
4.64947
4.93031
3.8844
4.26603
3.69762
4.89428
4.32539
4.46561
4.39644
2.4191
2.75029
2.37683
2.82391
2.32378
2.85751
3.34133
4.21094
4.40804
4.76656
4.19821
4.51675
3.57599
4.22888
4.73017
4.86361
2.87846
4.38128
2.95394
2.62478
4.60861
4.37901
3.01822
3.68481
3.77062
4.38245
1.47804
2.50504
3.98438
2.62815
3.74796
4.87596
4.46536
4.21996
4.28391
4.41858
3.43085
4.90867
4.09899
4.74004
4.97282
4.94551
4.82048
4.80545
4.19078
4.53384
4.24986
2.78114
2.60761
2.91581
2.61491
3.14721
2.31395
3.59781
3.21634
3.77821
2.30058
3.87968
2.3603
1.45639
4.1875
4.72079
4.46642
3.96636
3.65705
1.6551
4.36463
3.8199
2.7135
3.90229
2.48285
2.82336
4.88111
2.68796
4.37288
4.39863
2.49851
3.04033
4.10901
3.16221
4.76006
4.15673
4.99624
4.80014
3.95421
4.23295
4.92882
4.93474
4.4182
3.96571
3.7545
3.80644
2.57351
1.49379
4.34052
3.99493
2.4042
2.76633
4.92287
4.48724
2.52889
2.79842
4.33017
2.98621
4.13181
4.24058
4.47998
3.21247
2.9414
4.34148
3.02243
4.44405
4.8088
2.429
1.49027
3.78365
4.23033
3.80627
4.38826
3.88281
4.27175
4.84665
4.32245
4.33979
4.67116
4.20754
2.91964
2.59086
1.67533
2.51667
1.57552
2.44111
3.63016
3.78886
4.50051
3.00654
2.48575
4.76924
4.89864
4.42752
4.63475
3.53695
4.60163
4.49414
4.4913
4.3225
4.91017
2.858
4.94046
4.49986
4.2913
3.77346
4.34927
1.44814
3.48362
1.50688
2.51859
2.93277
2.48757
2.86476
4.24164
4.64539
4.99354
2.88291
4.4542
3.76833
2.42095
4.81525
4.34503
3.67612
2.45124
3.44583
3.66251
2.28988
4.36714
4.20467
2.75238
2.52884
4.99691
4.60211
4.28891
4.24995
4.2813
4.76708
4.93276
4.16337
4.9892
4.14845
4.41894
4.28553
4.42839
4.83838
2.87009
2.39055
4.91505
4.16512
3.70359
4.31849
3.79195
4.41625
4.24545
1.52696
2.46879
1.60495
2.55654
3.77802
3.57272
4.80549
4.44081
3.0931
4.47825
4.26921
2.88339
4.94494
3.72127
4.29684
2.50932
1.57981
4.3784
1.63635
3.477
2.92383
2.48293
2.84962
2.45885
2.94781
4.51422
4.3683
3.88466
4.35632
4.93235
4.48791
4.19267
4.67796
3.43638
4.5032
4.66566
4.89622
4.02286
4.31065
3.89883
3.33669
2.90698
4.53141
4.24481
4.64742
4.57964
4.20679
2.90909
4.44876
4.84599
3.84052
4.16103
3.83218
3.06134
2.59808
1.64992
2.47586
4.50429
2.9457
3.7001
3.96792
2.61318
4.78629
4.29203
4.87521
3.87933
2.58187
2.53062
4.5175
3.46212
3.82561
4.23066
2.85811
2.49296
4.27207
4.94005
4.678
4.35139
4.62329
4.99843
3.84555
2.90493
3.47429
4.41734
4.47566
3.81028
4.28007
4.41079
4.34327
4.43646
3.46972
4.67289
4.55258
4.43695
4.32957
4.94456
4.29679
4.98131
1.4358
2.7023
3.93636
4.92553
4.42793
3.85228
3.18448
3.5752
4.67847
4.12387
3.83072
2.98129
3.37275
4.32152
4.25732
4.65462
2.49687
4.16256
4.52474
4.85565
4.36514
2.54215
4.70537
2.54124
3.97732
3.68006
3.06351
4.42441
4.44744
3.95746
4.51503
4.11353
3.6371
4.17248
2.80827
4.69678
4.9229
2.25522
1.53095
4.39234
2.93968
2.26162
1.56123
3.30894
2.72989
2.48913
3.18223
4.47572
4.78261
3.9243
4.19008
3.98922
2.7702
3.64311
4.43601
4.76012
4.97998
4.10332
3.80277
4.21871
4.08454
3.69158
4.25561
4.67574
4.36691
2.58869
2.94883
4.85827
3.78615
4.41181
4.53101
4.73678
3.06543
4.28999
4.54266
4.69348
4.80463
3.76698
4.26414
4.13602
4.57461
2.38957
4.19029
3.72155
4.87399
2.90112
2.59472
2.70609
4.56524
4.3949
2.95656
3.48336
3.88334
4.42601
2.93056
3.69328
4.22067
4.87044
4.56926
3.76065
2.84246
4.29466
4.6526
3.61463
4.93635
4.35648
4.54596
4.22511
3.88032
2.56886
4.90327
2.86865
2.5185
4.31569
2.79833
2.60098
4.42303
3.45551
3.81066
4.45947
4.29401
4.08866
4.3184
3.70889
2.50466
4.25423
4.37943
4.89928
4.50714
4.36953
4.46983
4.16519
3.89811
4.2359
4.91049
1.42773
4.14459
2.98143
2.39936
3.03897
2.49141
1.45644
3.63885
4.00433
2.94465
4.53077
4.31009
3.46722
2.91808
3.74546
4.3763
4.62342
4.84616
4.32243
4.90475
2.40948
4.47435
2.4676
2.84652
4.319
3.85491
3.36043
4.38498
4.30744
2.33993
3.82903
4.09846
2.76969
4.96167
4.93608
3.89944
4.55018
4.1865
2.75108
3.416
2.92497
4.36621
3.76244
4.57566
4.91269
4.62446
4.73469
3.72351
4.31996
3.75691
4.81976
4.24641
4.61796
4.53858
2.58414
2.88905
2.6267
2.92049
2.3592
3.19611
4.26259
4.51559
3.55338
4.34283
4.4575
4.70045
4.52236
4.92421
4.77474
2.90097
4.1149
2.77707
2.28821
4.4578
4.13426
2.68811
3.30776
3.92527
4.24964
1.50553
2.60438
3.60642
2.37363
3.9254
4.95474
4.88691
4.06251
4.44455
3.51852
4.27226
4.58129
4.87526
4.66019
4.19951
4.97783
4.84831
4.48936
4.37985
3.06168
2.32711
3.01204
2.3657
2.74911
2.44532
3.00398
3.04582
4.28205
4.64747
2.51706
2.88388
4.37371
4.80707
4.34509
4.13946
3.66551
3.50881
1.44872
4.26393
3.68534
2.5013
3.77976
2.43657
4.30781
4.64006
4.7898
3.59144
4.56938
4.17485
3.01284
4.64267
2.37884
2.90946
4.35886
3.11661
4.43393
4.34324
4.28392
3.74523
3.64393
3.87859
2.50767
1.48706
4.4103
3.88806
2.57307
1.44181
3.74091
4.37609
4.0408
4.3873
3.77065
4.36927
4.62739
4.94801
4.05731
2.79087
2.91723
4.26989
2.95576
4.42336
4.53111
2.52267
4.70019
4.52498
4.36808
4.67997
3.00136
2.64002
1.59124
2.49605
1.67638
4.42696
4.95729
4.98422
4.47269
4.35316
3.73101
4.23508
4.89814
4.70613
4.06737
4.48096
4.77402
2.81053
4.12802
3.72448
2.40439
2.98163
4.72028
4.59451
4.22236
3.66308
4.05731
1.4437
3.25063
1.40768
2.2497
2.55424
2.34458
2.70947
2.39138
4.86301
4.31769
4.188
4.39648
4.28846
3.95682
2.56225
3.54603
4.06575
2.53834
4.6585
4.45835
2.98134
4.32404
4.41721
4.09311
3.85402
4.14726
4.18528
4.28059
4.38125
4.11556
4.51274
4.85653
2.86652
2.44387
4.21902
3.6863
1.74124
2.39325
1.45243
2.51805
2.97985
4.60283
4.28382
3.81451
4.66081
4.38466
2.88445
4.99745
3.79315
4.35786
2.54049
1.58611
4.39844
1.53223
3.74473
2.98934
2.70217
3.07997
2.45124
4.85645
4.12451
4.86654
4.85915
4.25963
4.71112
3.31972
4.39753
4.35514
4.45339
4.6887
4.86072
3.66121
4.23188
3.75622
3.60162
2.84041
4.61969
4.24544
3.63777
4.51896
4.12829
2.89572
4.54157
4.95945
3.91409
4.31554
4.90861
3.02603
2.6107
1.59799
2.44098
4.38408
4.64882
4.39393
4.49804
4.05114
2.68967
2.7569
4.92531
3.73651
4.26254
4.62487
2.99783
3.65216
4.72332
4.31842
4.6826
4.89755
3.8796
2.86574
3.27896
4.9747
4.26829
4.45636
4.32844
4.89041
4.47578
4.31413
4.89743
3.63102
4.36942
4.70488
4.31524
4.52858
1.46518
2.47065
4.54356
4.87274
3.89544
4.31123
3.83547
2.87772
3.63756
4.68681
4.22376
4.18247
4.92828
3.79689
2.45334
4.34358
4.53704
4.94741
4.21978
2.44094
4.45757
2.33335
3.70667
3.32571
2.79282
4.22045
2.737
3.87441
4.28764
4.87352
3.83798
4.75539
4.49841
3.95427
4.40807
2.88411
2.61216
1.58498
4.30554
2.93724
2.61139
1.44512
3.59881
3.03578
2.42673
3.61505
4.55797
4.18744
2.89513
3.84588
4.61484
4.3305
4.37076
4.53463
4.23947
4.40717
3.81878
4.23587
4.54217
4.33085
2.52098
2.98042
4.97605
3.83421
4.28103
2.90031
4.29632
4.92392
4.51751
4.7202
2.63526
4.34433
4.00972
3.0077
2.54489
2.4524
4.76444
4.30551
3.12028
3.72561
3.75742
4.89344
2.71905
3.76196
4.15059
4.95083
4.3222
3.726
2.62475
4.10099
4.24598
3.24958
4.11038
4.82278
4.99919
4.4407
4.78935
4.33322
3.8821
2.4356
2.9152
2.4422
4.27895
3.0663
2.43054
4.62301
3.62666
3.74823
4.08988
4.53254
4.29994
4.37194
3.75465
2.53071
4.33283
4.39907
4.61746
4.59787
4.16658
3.76353
4.27636
4.88011
2.84553
3.77921
4.19032
4.49433
4.93323
3.93595
3.00674
4.64266
4.51094
3.49102
4.49496
4.13838
2.34389
3.67859
4.24954
2.94543
4.98092
4.44949
2.5083
4.52723
2.59905
2.84631
4.15231
3.89609
3.52641
2.82825
4.98175
3.94607
3.56327
4.52856
4.78536
4.93853
3.91999
4.56039
4.41485
2.82325
3.49271
3.65192
4.58053
4.94869
4.25481
4.34833
4.33917
3.91696
4.92122
4.80129
2.59086
3.12606
2.66941
3.05241
2.62933
3.02506
3.48647
4.49624
4.64559
3.53028
4.14945
2.70007
4.08433
2.6902
4.14242
4.47471
1.69725
3.6765
4.48249
4.43331
4.5489
4.72382
4.62016
4.33315
4.37001
4.34689
3.58858
4.50296
4.41866
4.92483
4.56189
4.69753
2.96384
2.47733
2.81186
2.70567
3.14152
2.37555
3.65119
3.46013
3.79789
2.33224
3.79504
2.42497
1.5147
4.21745
3.782
4.40979
4.56197
3.86731
3.38239
1.54648
4.27971
3.72255
2.49303
3.74799
2.37275
2.84942
4.91641
2.81482
4.19897
4.44129
2.39599
2.70897
4.14219
4.97766
4.98146
4.73091
4.33086
4.78274
4.81248
4.43854
4.13641
4.1568
3.45542
3.86628
2.51775
1.56636
4.50091
3.96151
2.51375
2.82303
4.94997
4.4573
2.45681
2.95376
4.17758
2.73447
4.25187
4.82711
4.43754
2.96534
4.88256
2.86763
4.16808
2.9215
4.4139
4.52265
2.45051
1.51945
3.65747
4.21725
3.80458
4.09171
3.7369
4.1422
4.40371
4.37633
2.86121
2.43973
1.50373
2.49277
1.47655
2.46328
3.59358
3.81263
4.39178
2.86063
2.5079
4.52969
3.92155
3.6349
4.31353
4.6857
3.01648
4.28764
4.64228
3.49238
4.57546
4.53872
4.51568
4.3038
4.47367
4.49708
4.96094
3.0788
2.59694
4.40342
3.83476
4.29229
3.59692
4.33977
4.14632
4.3121
4.65914
2.58544
3.27548
3.71898
2.50746
4.59352
4.18616
2.75739
2.33677
4.82682
4.4692
4.34327
4.09038
4.97761
4.40373
3.79801
4.29338
4.83175
4.31268
1.60014
2.43659
1.49477
2.43828
3.72995
3.61107
4.76566
4.24083
3.02751
2.55529
3.8742
3.48905
2.94908
4.32017
4.51759
2.60067
1.58174
4.18078
1.46782
3.533
2.91396
2.45651
2.82989
2.57322
3.06666
4.67156
4.39051
3.80645
4.69302
4.20583
2.91471
3.79776
4.25872
2.44806
3.78293
4.91761
3.28576
2.74347
4.35475
4.10983
4.34636
4.91906
4.86329
4.99386
3.80257
4.13134
2.78304
4.29653
4.77273
3.71639
4.96072
4.18972
3.84714
4.43818
4.14026
2.91805
2.528
1.45184
2.29616
4.24779
2.88307
3.58711
3.68061
2.47899
4.47668
4.00218
4.46323
4.66634
3.67721
3.08917
2.55874
2.41856
4.56154
3.47361
3.81537
4.25877
2.82009
2.44284
4.31778
4.92421
4.57922
4.17597
4.39124
4.9753
3.8518
4.35045
4.7656
4.39245
3.39288
4.66597
4.35676
4.0663
4.9242
4.24897
4.85197
4.26821
1.56618
2.44079
3.78907
4.68816
4.38014
3.54466
3.05382
2.57098
2.95091
4.28612
3.76537
3.55311
4.56439
2.57012
3.83696
2.9843
3.57434
4.5036
4.39683
4.68429
3.89198
4.26389
4.61751
4.2212
2.61717
2.90946
4.89434
3.90374
4.28845
4.13926
4.39033
4.38319
4.28491
3.78907
4.30522
1.58
4.30548
2.69448
2.45666
1.6528
3.53299
2.80655
2.41683
2.80638
4.36278
4.72376
4.85901
3.66548
4.55189
4.38213
3.7859
4.41412
2.99945
2.41668
2.98695
3.77213
4.65526
4.37871
3.95131
4.61448
4.26715
2.8935
4.23489
4.43334
4.6921
4.6127
3.70735
4.49038
4.19158
1.67204
2.48129
2.84901
2.35277
2.93705
3.45384
1.55993
2.463
2.57698
4.63045
4.30326
3.04914
3.50192
3.9786
4.4529
4.38819
4.54733
2.52759
4.27805
3.90322
2.86381
3.92541
4.31321
4.57711
4.29011
2.47309
4.15015
2.92264
2.57292
4.60593
3.44655
3.80707
4.21607
4.82513
4.29509
4.68287
4.27089
3.91854
2.54598
2.8559
2.60839
4.26187
4.39805
4.91169
4.66991
4.48056
4.25619
4.34258
4.25358
3.81768
1.50459
4.33318
2.98083
2.48445
3.07032
2.39015
1.51436
3.53032
4.63797
4.36782
4.65205
4.59633
4.53997
3.60837
3.81055
2.83008
4.49599
4.20511
3.39578
2.90131
3.899
4.3081
4.41459
4.98004
4.88574
4.46592
3.94462
4.9471
4.01067
4.56884
3.87577
4.29244
4.07978
2.78261
3.2858
2.71099
4.98708
4.13094
3.82118
4.26535
4.80805
4.85182
4.43677
4.95013
4.81739
3.77447
4.52294
2.52678
2.76846
2.47404
2.80698
2.34801
2.84923
3.55642
4.22744
4.59439
4.85355
4.14693
4.28809
3.28534
4.2799
4.65722
4.87975
4.66645
4.51846
4.33982
4.33473
4.19856
4.38201
3.40211
4.9763
4.23384
4.6764
4.99871
4.93806
4.86615
2.87727
2.45521
2.8898
2.55328
2.89376
2.55609
3.84575
3.30711
3.7088
2.38162
3.64259
2.31258
1.47338
4.21644
4.66542
4.26319
3.86626
3.75033
1.53882
4.44256
3.93137
2.50385
3.78437
2.62541
2.94806
4.85025
2.81362
4.26635
4.59274
2.53507
2.96883
4.18396
4.18684
4.5737
4.58391
4.29088
4.96761
4.91223
4.57134
4.331
3.85995
3.45352
3.69928
2.39814
1.50203
4.21458
3.8316
2.43432
2.95585
4.9498
4.43964
2.21412
2.71586
4.27076
2.81119
4.17451
4.5927
4.29642
2.94368
4.91253
2.73876
4.35952
3.15771
4.13341
4.59559
2.44326
1.40708
3.53682
4.12296
3.68505
4.21723
3.7328
4.19777
2.80429
2.36756
1.55755
2.40129
1.37096
2.4005
3.3136
3.76465
4.07652
2.81253
2.40929
4.35158
4.22389
4.4088
3.53193
4.55067
4.55675
4.60419
4.28858
4.85023
4.64268
4.67679
4.47384
4.73021
4.975
2.79017
2.50144
4.35505
3.78737
4.33419
3.87913
4.31322
4.38911
4.97195
4.37059
3.82565
2.58066
3.37847
3.6695
2.41591
4.50283
4.28787
2.70408
2.41616
4.88225
4.29724
4.14822
4.18301
4.30787
4.81958
4.19439
1.59923
2.37496
1.47977
2.45841
3.80701
3.444
4.40452
4.14611
2.7684
4.6878
4.25837
2.97815
3.92397
4.31554
2.42084
1.58174
4.46689
1.58974
3.63561
3.00798
2.55449
2.84851
2.50878
2.84824
4.4391
4.91204
4.23063
3.82064
4.66403
4.84715
3.73213
4.16578
3.6651
4.94422
3.35051
2.84224
4.33491
4.1095
4.48676
4.66338
4.98858
4.53417
4.20701
2.90737
4.30523
4.95049
3.95096
4.14449
3.66971
2.89136
2.51996
1.42945
2.3824
4.06796
2.82858
3.27874
3.6941
2.30215
4.29224
4.44602
3.80846
2.52444
2.5938
4.7247
3.6176
3.94928
4.29626
2.98181
2.442
4.13701
4.97977
4.47846
4.34178
4.95518
4.8669
4.99994
4.25801
4.63296
4.44158
3.45111
4.77311
4.34155
4.20637
4.92025
4.75264
4.99514
4.37521
4.15212
1.37322
2.4665
3.82798
4.46922
4.3039
3.45131
2.93115
3.82094
4.90852
4.18894
3.77762
2.97138
3.51877
4.44174
4.3814
4.58274
4.31842
4.66391
4.0426
4.33209
4.61907
4.45201
2.28923
2.9634
4.85727
3.77518
4.22922
4.37711
4.64842
4.74867
4.27793
3.76635
4.21463
2.8989
2.42068
1.48551
4.38189
2.79448
2.36431
1.5838
3.41877
2.84112
2.41856
2.94156
4.09515
4.48974
4.96591
3.75528
4.50036
4.27574
2.91506
3.73363
4.75779
4.85423
4.31987
3.81821
2.82717
4.23355
4.8147
4.47396
4.36699
3.38407
4.80481
4.44716
4.55036
2.61092
4.37968
3.8974
4.98695
2.9154
2.54771
2.54253
4.6604
4.36405
2.9728
3.46154
3.84418
4.23318
4.9427
4.90848
4.48107
3.51147
4.2278
4.80142
4.53065
4.46057
4.18182
3.77937
2.48374
4.97755
2.79737
2.3032
4.05734
2.77126
2.44548
4.34411
3.29585
3.63473
4.18571
4.856
4.75356
4.33995
4.22019
4.35757
3.80972
2.52557
4.10001
4.43662
4.98104
4.92231
4.45662
4.16873
1.50609
4.28735
2.81115
2.61187
2.83863
2.52083
1.57271
3.4122
4.87459
3.78811
3.04784
4.70139
4.39687
3.71455
3.08534
3.86922
4.43252
4.7449
4.97681
4.08233
3.70981
4.85894
4.36346
4.57088
4.99123
4.88609
3.79114
4.38091
4.17044
2.86184
3.32878
2.89751
4.17111
3.78862
4.51617
4.93432
4.60157
4.99313
3.82385
4.56198
2.40358
3.04692
2.45055
3.0135
2.51272
2.76338
4.94723
4.90289
4.39511
4.72693
3.68699
4.31918
4.47484
4.45307
4.18032
4.97372
4.64753
4.28478
4.75308
4.97758
4.22344
4.35449
3.48315
4.27563
4.4451
4.9266
2.94704
2.4178
2.87631
2.39912
2.85239
2.6608
3.01676
3.0603
4.41208
4.63829
2.63549
2.91656
4.56869
4.39354
4.38056
3.94058
3.45136
1.58427
4.37093
3.87356
2.53139
3.90931
2.49276
4.4725
4.36954
4.97713
4.23513
4.58902
2.88396
4.89288
4.4159
2.46958
2.98005
4.20958
2.74678
4.3007
4.72382
4.31147
4.11823
3.80145
3.46684
3.68304
2.44076
1.42319
4.30441
3.72348
2.32502
1.64678
3.72147
4.2651
3.9201
4.24053
3.67069
4.38947
4.73172
4.91702
4.17497
2.75819
4.72432
2.76486
4.12823
2.75306
4.15483
4.41571
2.34942
2.96077
2.41791
1.61705
2.47511
1.53776
4.33593
4.90269
4.441
4.64676
3.56223
4.47495
4.67556
4.53981
4.34685
3.70007
4.25642
4.44278
4.10381
4.50964
4.24671
4.63072
4.98874
2.95563
2.49408
4.35739
3.86041
2.35084
4.81146
4.60635
4.45442
4.20291
4.75603
4.08014
3.56817
2.40101
3.46617
3.76055
2.51157
4.64431
4.24667
2.89974
4.45716
4.2332
4.85916
1.50796
2.51482
1.48023
2.53782
2.86612
4.51743
4.91066
4.31415
3.76663
4.47793
4.46934
2.83438
3.84854
4.23403
2.56247
1.66954
4.13385
1.39559
3.48072
2.91637
2.36934
2.95524
2.37027
4.44431
4.86989
4.77903
3.70361
4.16821
3.8967
3.3756
2.816
4.48998
4.19781
3.82494
4.93147
4.66009
4.1414
2.73516
4.34517
4.71677
3.63654
4.14027
2.87593
2.31924
1.44561
2.50367
4.29831
4.97525
4.60849
4.2922
4.1862
4.97332
3.87657
2.60396
2.40208
4.60822
3.55762
3.73517
4.3722
2.85923
4.90881
4.10499
4.92004
4.71604
4.89859
4.20181
4.65201
4.39367
3.37872
4.63795
4.38355
4.28803
4.09918
4.80341
1.57328
2.60101
4.59356
3.72455
4.81164
4.40313
3.96672
2.92612
3.5942
4.61927
4.24987
4.19455
4.71692
4.35172
4.15146
3.75064
4.29536
4.58319
4.3281
2.52597
3.0574
3.90185
4.36231
2.79729
4.31158
4.6638
4.88023
3.67301
4.53029
4.12504
3.59021
3.99019
2.64565
4.78293
2.20642
1.52932
4.30261
2.81161
2.25817
1.42196
3.49375
2.74974
2.42647
3.93784
4.28059
4.19102
2.76506
3.56077
4.37804
4.81463
4.18401
2.88085
4.22859
4.93767
4.17183
4.77811
2.4314
4.29837
3.78096
4.80897
2.98967
2.52468
2.44161
4.52941
4.3075
2.96992
3.57623
3.72985
4.46796
4.31557
3.96933
4.44341
4.18931
4.89924
4.32811
4.56256
4.2071
3.68034
2.40396
4.95637
2.83496
2.61347
4.31602
2.80555
2.4519
4.68584
3.52042
3.83021
4.42308
4.25775
4.1407
4.48838
3.79223
2.41553
4.14693
4.19357
4.9057
4.52187
2.97253
3.96701
4.49714
4.64289
3.96358
3.01091
4.626
4.41934
3.54149
4.30988
4.57114
4.36814
3.81747
2.86926
4.37153
3.98833
4.52896
4.98547
4.78578
3.80955
4.56496
4.354
3.00895
3.52387
4.02098
4.54116
4.48067
2.47467
2.9363
2.4734
2.9801
2.50495
3.04228
3.65246
4.3473
4.60667
3.57579
3.77017
2.46293
3.92245
2.42283
3.73182
4.4059
1.50222
4.90051
4.93484
4.44423
4.21674
4.51499
4.291
3.46938
4.22321
4.59593
4.87122
4.24004
4.4727
2.82415
2.40882
2.78589
2.37309
2.78754
2.46727
3.83434
3.44402
3.77443
2.39512
3.76996
2.51047
1.53133
4.17319
3.50773
4.44063
4.24012
3.05192
2.87775
4.28048
2.9832
4.27676
4.56331
2.50357
1.51257
3.85341
4.34898
3.8993
4.19045
3.87585
4.2344
4.62198
4.3869
4.77324
4.19296
4.37509
4.6941
4.39951
3.65751
3.46124
3.7084
2.38822
1.40296
4.3369
3.77055
2.41655
2.92694
4.9794
4.49491
2.52696
2.83565
4.11426
2.8358
4.2181
4.92033
4.58388
4.28021
2.90424
2.41411
1.51893
2.37968
1.59725
2.59377
3.60515
3.83758
4.32606
3.03058
2.46294
4.53709
3.78225
3.55501
4.20603
4.56754
2.87877
4.29976
4.85001
4.22151
4.41539
4.42207
4.85834
2.80193
2.37641
4.2608
3.7652
4.16734
3.88953
4.43398
4.07941
4.37979
4.51172
2.40134
3.35812
3.68251
2.43551
4.57418
4.17055
2.87627
2.58392
4.87454
4.55611
4.35642
4.20994
4.26664
3.77799
1.49195
2.52331
1.5994
2.63859
3.95568
3.44998
4.54918
4.41455
3.0045
2.49931
3.84431
3.61537
2.8057
4.19582
4.63935
2.542
2.92599
4.41241
4.71615
3.70798
4.20324
3.70135
4.41809
4.3018
4.88067
3.73706
3.4407
2.77838
4.45961
4.24207
4.63328
4.93198
4.9549
3.87204
4.27151
2.87689
2.45813
1.60387
2.60801
4.37607
2.91185
3.54261
3.95477
2.53628
4.49468
3.77168
4.26226
4.63814
3.37187
2.90307
4.28101
4.88351
4.18911
4.78975
4.14235
4.71848
4.39993
3.32861
4.63439
4.44027
4.33823
4.95
4.92209
1.45081
2.6131
3.94219
4.55593
4.24594
3.5107
2.88365
2.49169
3.04091
4.4673
3.83472
3.60136
4.74427
2.54709
2.89844
3.64184
4.41976
4.82595
4.18222
3.65662
4.54941
4.31208
4.66175
4.0557
2.36041
2.76223
4.92059
3.78156
4.2115
4.32466
4.26054
4.30517
4.53581
3.92174
4.25127
1.41421
4.04918
2.67573
2.31646
1.41673
3.44303
2.74696
2.37274
2.90509
4.189
4.45745
4.69672
3.6229
4.62118
4.13164
3.98659
4.32176
2.94142
4.98628
2.45345
3.0372
4.39878
4.79057
4.49799
4.56057
3.51237
4.688
4.41245
1.51201
2.4996
3.1186
2.51906
2.85268
3.67104
1.58895
2.40931
4.07754
4.88047
4.13997
4.87007
4.4335
4.11337
4.36424
4.24793
4.21269
3.81187
3.6136
4.06466
4.79471
4.64148
4.24072
2.28136
4.88726
4.0006
2.76182
2.28617
4.40282
3.28812
3.66655
4.25025
4.71793
4.25947
4.36136
4.2977
3.78352
2.46953
4.91955
2.7715
1.49489
4.3027
2.86064
2.45319
2.80578
2.57053
1.50056
3.30726
4.29023
4.45436
4.74216
4.61016
4.4003
3.67512
4.75922
4.96774
3.80793
4.25638
3.72657
4.88113
4.28154
4.56257
4.96703
3.84587
4.46836
4.27576
2.91831
3.48041
2.96827
4.30313
3.82697
4.4839
4.79345
4.7179
2.57338
3.01222
2.48868
3.09797
2.51323
2.82959
3.32175
4.26996
4.699
4.63301
4.26463
4.84497
4.5515
4.34135
4.9935
4.322
4.56287
3.62705
4.43943
4.75465
4.87625
3.01633
2.53344
3.06629
2.53383
2.91023
2.66486
3.98415
3.62101
4.03316
2.53318
4.07221
2.62482
1.63156
4.51711
4.45209
4.97334
4.0425
2.81357
4.78698
2.75705
4.03925
2.53898
4.0324
4.36096
2.1846
1.43646
3.78129
4.15207
3.67587
4.12354
3.57784
4.1943
4.96416
4.83352
4.44589
4.77663
4.23154
4.44758
4.83856
4.44048
4.18062
3.86793
3.2891
3.7687
2.36746
1.49815
4.03179
3.69136
2.44493
3.10532
4.96619
4.59299
2.40806
3.09541
4.32938
2.85353
4.455
2.99191
2.55431
1.52472
2.38551
1.54773
2.43602
3.38318
3.69982
4.32566
2.79828
2.40096
4.45131
4.26433
4.93458
4.21722
4.26314
4.55525
4.28854
4.44676
4.83134
2.82578
2.50549
4.18467
3.78413
4.36298
3.56735
4.12954
4.17698
4.86853
4.26631
3.72463
2.4813
3.24529
3.76406
2.56843
4.24908
4.19225
2.6985
2.30933
4.65499
4.29136
4.13128
4.09779
1.58443
2.63385
1.57573
2.45322
3.77622
3.47642
4.72735
4.26675
2.89258
4.5485
4.15613
2.84969
4.52951
4.78665
3.66265
4.15135
3.87298
4.77987
3.68313
4.20093
3.89257
3.50408
2.92536
4.45023
4.21343
4.59649
4.91119
3.05535
2.47461
1.44584
2.37179
4.28939
2.85896
3.62859
3.73711
2.48757
4.60237
4.29794
4.80009
4.34048
4.87274
4.36549
4.65096
4.58505
3.6063
4.80019
4.46599
4.2879
1.54159
2.52476
3.7992
4.47538
4.2208
3.45092
2.8358
4.44935
4.22239
2.9034
3.76614
4.47731
4.79447
4.14724
3.7765
4.04533
4.21037
3.72709
4.25358
4.46947
4.12721
2.4304
2.93977
4.74231
3.61906
4.27484
4.02408
4.38491
4.48635
4.18178
3.68456
4.12599
2.90669
4.94947
2.34249
1.4835
4.10485
2.61112
2.39863
1.52405
3.11478
2.74212
2.23157
2.78526
4.86281
4.06633
4.44569
4.78623
3.60531
2.75841
4.10217
4.63689
4.43491
4.42942
3.37014
4.62257
4.47397
4.23981
4.41863
3.81594
2.49521
4.29136
4.28565
4.99705
4.44979
4.30834
4.9435
4.423
4.10149
3.78379
4.27707
4.70271
4.17812
4.47789
4.13307
3.71336
2.4129
4.89051
2.7799
2.44208
4.07909
2.89683
2.4325
4.24853
3.37635
3.62648
4.16715
4.82814
1.48563
4.29564
2.96508
2.41351
3.02297
2.45913
1.55842
3.57054
4.50707
4.96966
4.84916
3.82887
4.30795
3.92597
4.31378
4.6127
4.84997
3.83881
4.42826
4.27979
3.03251
3.43225
2.93647
4.18663
3.8633
4.51606
4.51896
2.52247
2.86419
2.56605
2.83691
2.52096
2.96195
4.9307
4.5717
4.29454
4.54867
4.35397
4.91209
4.38865
4.44148
3.45553
4.27637
4.54537
2.84185
2.52424
2.83346
2.33634
2.92323
2.4393
1.43322
3.72221
3.98483
3.68239
4.22024
3.81169
4.28247
4.46134
4.3954
2.94028
4.98236
2.90128
4.38306
2.84726
4.31412
4.60304
2.50428
4.52034
4.21205
4.9033
4.36627
4.47238
2.80427
4.76132
4.40244
2.53363
2.86447
4.22836
2.81746
4.27963
4.84166
4.59651
4.20944
3.75883
3.41892
3.84333
2.45692
1.54635
4.25244
3.77938
2.41621
2.93071
2.46126
1.49972
2.57378
1.45136
4.1819
4.30223
4.94101
4.29309
3.84518
4.32521
4.25932
4.19369
4.51745
4.39936
4.64691
4.95668
2.96397
2.48988
4.33585
3.79678
2.59564
4.88508
4.56753
4.32309
4.22124
4.78733
4.42963
3.75508
2.40892
3.47311
3.6996
2.40826
4.54627
4.24084
2.88095
1.66799
2.28547
1.47636
2.62223
3.7261
4.27429
4.16815
2.85088
4.5113
4.93699
3.65156
4.23443
4.98398
4.98523
4.63124
4.88483
3.78997
4.1242
3.75841
3.38354
2.96634
4.44588
4.30736
2.76244
2.6356
1.53128
4.12975
4.33845
4.77815
4.94991
4.24562
4.79368
4.27644
4.62076
4.46833
3.50498
4.66505
4.48495
1.45612
2.34776
3.61571
4.67448
4.99057
4.2746
2.86696
3.81811
4.35259
4.92063
4.202
4.42437
4.67447
4.37602
4.35572
3.9107
4.49714
4.82746
4.51106
2.70883
3.02438
4.04749
4.41451
3.0729
4.35489
4.57319
3.83744
4.56977
4.26806
3.80526
4.33712
3.06207
4.87318
2.51836
1.64718
4.26177
3.00577
2.36623
1.49207
3.63466
2.94759
2.5698
3.03146
4.15644
4.23231
4.24936
4.01875
3.66682
2.41047
4.245
4.12626
4.82049
4.46658
4.52588
4.33439
3.8649
4.33806
4.45263
4.95528
4.23264
4.3662
4.11222
3.73621
2.48904
4.89409
4.83055
2.75623
2.48575
4.24821
2.74635
2.53239
4.53241
3.39646
3.87309
3.74102
4.58677
4.94314
4.1671
4.43018
4.30443
3.74573
4.81026
2.84244
4.98957
4.24217
3.74957
4.40653
4.91959
4.85641
3.71627
4.49945
4.192
2.85431
3.40269
4.62921
2.48394
2.67172
2.43697
2.87456
2.47828
3.03158
3.54654
4.33648
4.55101
3.36704
3.84158
2.37013
3.80291
2.34692
3.7757
4.25023
1.50314
3.53391
4.25132
4.50522
4.86621
4.31788
4.64192
3.36813
3.72032
4.21793
1.68511
2.52486
3.78463
2.41923
3.88866
4.96044
4.65417
4.28633
4.82103
2.81778
4.3252
2.82177
2.41742
4.44577
4.16441
2.82436
2.99803
2.68719
2.9271
2.47225
2.83552
2.54211
3.84233
3.55031
3.74972
2.63012
4.01735
2.38859
1.49834
4.27865
3.518
4.58103
4.28718
3.9174
3.61766
1.59654
4.2485
3.86736
2.49482
3.75015
2.50994
2.97874
3.02235
4.26299
4.62253
2.49903
2.96507
4.38819
4.91302
4.51963
4.24938
3.57394
4.54815
4.34324
4.31695
4.58695
2.82443
2.38035
1.52064
2.39502
1.51909
2.36498
3.44424
3.94437
4.4153
2.77379
2.51316
4.47622
3.89147
3.47345
4.21857
4.61134
2.91566
4.36471
4.381
3.52037
4.48895
4.67454
4.60494
4.40385
4.10097
1.42947
3.45125
1.43455
2.41856
2.90237
2.45898
2.86394
4.23763
4.61091
4.98571
2.85249
4.09174
3.75729
2.40639
2.89385
4.5967
4.25559
3.77935
1.45109
2.32613
1.34279
2.57898
3.81324
3.7937
4.93848
4.24424
3.00123
4.75671
2.41898
3.4603
3.2019
2.54242
4.07218
4.30966
2.1373
1.59677
4.74436
1.70894
3.79994
3.37928
2.74496
3.00526
2.87308
3.2585
4.91321
4.61027
4.15271
4.30839
4.4934
2.77077
3.88897
4.33254
2.51207
4.82213
4.16655
4.8706
3.39759
4.36038
4.33511
4.99869
4.09748
4.6761
4.90444
2.72848
2.33836
1.57891
2.511
4.30514
3.03848
3.81194
3.67286
2.46316
4.59872
3.76796
4.09729
4.39384
3.26823
2.76325
2.49782
2.33367
4.58303
3.72997
3.86868
4.19408
2.98813
2.70038
4.43632
4.62684
4.36761
4.18382
4.9856
3.7626
3.70612
2.83455
3.3892
4.16321
4.50548
3.88802
4.87322
4.22763
4.42723
4.85351
1.36993
2.44777
3.69215
4.41336
4.35885
3.30396
2.82683
2.52181
2.87614
4.24884
3.77717
3.58098
4.59872
2.45468
3.85602
2.91445
3.56655
4.54422
4.31901
4.58985
4.96797
3.88441
4.35598
2.36923
4.53745
2.51397
3.79041
3.48624
2.95637
4.27448
4.2053
4.92072
3.74586
2.5625
4.37665
4.55128
4.99125
4.29323
2.88542
4.17124
4.67736
4.58225
4.26376
3.35895
4.7274
4.26964
1.62359
2.43342
2.97129
2.56971
2.98924
3.61404
1.5446
2.63822
2.47176
4.72824
4.5525
2.99399
3.57661
3.91457
4.36628
4.98938
4.39668
4.74012
2.64181
4.51522
4.03313
3.11256
3.59521
2.96581
4.22782
4.42062
3.4812
4.79869
2.92798
3.90991
4.32229
4.9541
4.51431
1.43218
4.35293
2.80165
2.54883
3.0191
2.26964
1.50228
3.38731
4.53837
4.39691
4.55898
4.51353
4.52254
3.57007
3.95571
2.87556
4.70891
4.41831
3.52772
3.02429
3.83896
4.30769
4.60969
4.92726
2.43964
4.50377
2.4428
2.84441
4.31318
3.82401
3.45642
4.52725
4.29017
2.43355
3.5916
4.16783
2.82691
4.87807
4.315
4.96279
4.68854
2.51038
2.98438
2.62211
2.78022
2.50467
2.89296
3.6301
4.35377
4.52083
4.98031
4.18382
4.52458
3.63298
4.31547
4.70262
4.97721
4.73922
2.84117
4.18003
2.71053
2.33761
4.52201
4.17381
2.80801
3.50058
3.86848
4.29517
1.57437
2.36512
3.65779
2.39205
3.80584
4.62474
4.34677
2.85067
2.7688
3.12083
2.56023
3.03327
2.607
3.85322
3.48122
3.89632
2.54581
4.04068
2.53506
1.58277
4.33566
4.68108
4.39516
4.04826
3.62554
1.71886
4.25423
3.88547
2.56151
4.03664
2.65949
3.0479
2.99322
4.27158
4.64529
2.40428
2.93389
4.45255
3.45259
4.63314
4.31749
4.43935
4.59558
2.97188
2.48778
1.46183
2.48186
1.50746
2.52452
3.63267
3.81349
4.37204
2.91366
2.38382
4.57591
4.84912
4.32795
4.62569
3.42062
4.77966
4.46461
4.40316
4.18025
4.9566
2.96746
4.98152
4.39343
4.27527
3.79855
4.3079
1.59438
3.64482
1.53644
2.3686
2.8769
2.51378
3.00877
4.46826
4.76751
3.03943
4.46632
3.97071
2.61949
1.64103
2.56942
1.65252
2.49651
3.86588
3.59647
4.67404
4.51684
3.07048
4.64165
4.34599
2.89033
4.81472
3.73563
4.41372
2.36452
1.4608
4.4303
1.5416
3.2903
2.7818
2.50973
2.91413
2.3969
2.83913
4.61765
4.73239
4.31816
3.74675
4.48882
4.98886
4.39126
4.44862
4.48528
3.61552
4.41911
4.6592
2.95704
2.6665
1.40029
2.38139
4.30208
2.92939
3.46571
3.87528
2.52382
4.45219
4.39908
3.90727
2.7021
2.48379
4.48107
3.49725
3.91315
4.45519
2.7914
2.36288
4.26878
4.89175
4.56396
4.25667
4.70703
4.95182
3.78609
2.96182
3.29154
4.32287
4.44485
3.79385
4.96394
4.26886
1.45516
2.47751
3.83449
4.75732
4.35872
3.67008
2.94462
3.6941
4.88178
4.15495
3.79014
2.94968
3.5043
4.56447
4.2679
4.50778
4.94736
2.50394
4.05526
4.40832
4.89957
4.19079
2.66778
4.68292
2.39677
3.59574
3.53059
2.87709
4.3421
4.44278
3.96569
2.92232
4.37078
4.52354
4.64579
4.70145
3.58355
4.49975
4.30277
4.58997
2.36755
4.2564
3.80131
4.80519
2.80199
2.50135
2.53448
4.41312
4.27905
2.88576
3.49707
3.82451
4.29263
4.89408
3.00724
3.77957
4.27293
4.97134
4.58163
3.96869
2.97428
4.15941
4.59913
3.56483
1.52712
4.36826
3.09049
2.57684
3.0337
2.63297
1.59283
3.58601
4.8524
3.85244
2.83393
4.43331
4.26617
3.36287
2.82146
3.90594
4.31999
4.50772
4.3252
4.8351
2.46637
4.55262
2.43223
2.69523
4.16285
3.76996
3.47132
4.61645
4.54938
2.62607
3.98951
4.4141
2.98853
4.46167
2.46836
2.90402
2.42901
2.85103
2.41255
2.82962
4.76674
4.19322
4.35761
3.38219
4.24494
4.61809
4.70576
4.32968
4.94856
2.76257
4.23598
2.94558
2.43206
4.38245
4.2922
2.84601
3.55312
3.84368
4.28414
1.51218
2.58791
3.81667
2.448
3.87424
2.85761
2.40359
3.00515
2.49092
2.90207
2.4792
3.01793
3.0186
4.49919
4.81513
2.53262
2.9914
4.46277
4.97067
4.5562
4.30347
3.85099
3.64117
1.61438
4.40231
3.95415
2.56916
3.8904
2.65713
4.88512
4.47009
4.63509
4.80806
3.62423
4.58986
4.37106
2.92461
2.50247
1.53573
2.50468
1.47623
4.23917
4.88969
4.27998
4.4981
3.56538
4.68329
4.60862
4.64808
4.27077
4.38053
4.9279
3.06998
4.334
3.76642
2.55089
2.83883
4.94934
4.60578
4.26939
3.82845
4.3329
1.59716
3.59757
1.65289
2.53779
2.91474
2.52098
2.95077
1.69573
2.5335
1.59306
2.46439
2.77471
4.41514
4.18445
3.70523
4.70866
4.28237
2.84314
4.80286
3.73102
4.28308
2.38603
1.5581
4.33747
1.43587
3.43375
2.94101
2.45691
2.86134
2.5151
4.18571
4.99793
4.58855
4.41893
4.39272
3.62955
4.69413
4.5729
3.0513
2.64893
1.48663
2.34879
4.15372
4.59557
4.27411
4.32976
4.93194
3.77977
2.52419
2.59066
4.63134
3.64807
4.02617
4.41149
3.03076
3.91562
4.85538
4.29171
4.4728
4.85976
3.90035
2.96095
3.54127
4.28555
4.52389
1.53487
2.49818
4.58939
3.92955
4.35229
3.88021
3.06283
3.58901
4.64738
4.49474
4.50093
4.903
3.91875
2.31971
4.25375
4.39115
4.82661
4.22178
2.61623
4.55183
2.5578
3.85639
3.43185
2.86403
4.32148
2.91232
4.2658
4.99935
4.46165
4.67485
2.51426
4.2839
3.87201
2.92595
2.53571
2.58004
4.55664
4.40748
2.93776
3.54582
3.98887
2.72872
3.75996
4.07985
4.89087
4.4541
3.95543
2.97492
4.36923
4.5051
3.45587
2.88177
3.74508
4.31862
4.50652
4.83434
3.76661
2.93488
4.64087
4.3654
3.58882
4.5059
4.17323
2.6865
3.86645
4.27832
2.96888
4.1461
4.88359
2.54255
4.65596
2.54174
2.97614
4.27306
3.79445
3.5361
4.7761
2.4645
3.05354
2.78501
3.05184
2.46068
3.07855
3.6297
4.36084
4.30902
3.34081
3.969
2.40843
3.83168
2.49284
3.92726
4.25152
1.49695
3.66379
4.40555
4.69905
4.87219
4.29044
4.54628
3.14492
2.43438
2.83484
2.65774
3.02411
2.60337
3.81514
3.57874
3.92218
2.53019
3.88612
2.50057
1.52382
4.45795
3.51406
4.46988
4.3238
3.66336
3.35607
1.48292
4.01118
3.75253
2.43462
3.64532
2.35827
2.71091
4.91685
2.90405
4.11123
4.42141
2.41746
2.78093
4.22539
4.71969
4.74186
4.18808
2.88876
2.49385
1.72694
2.44532
1.52774
2.39507
3.60194
3.87676
4.39743
2.98896
2.529
4.65153
3.91193
3.47161
4.26802
4.70984
2.81956
4.24806
4.55095
3.57343
4.55389
4.65537
4.63491
4.29273
1.41021
2.56778
1.62032
2.4523
3.66323
3.55662
4.62246
4.16971
2.68971
2.64385
3.90398
3.79835
3.0307
4.58191
4.75435
2.50376
1.48416
4.1936
1.4481
3.39521
2.94216
2.5601
2.83945
2.49215
2.86367
4.51678
4.89851
4.21723
3.76235
4.62277
4.1785
3.16482
4.98061
3.76105
4.40761
2.4811
3.05098
2.50604
1.53505
2.41669
4.26639
2.8942
3.6023
3.71267
2.25877
4.58265
3.91343
4.41527
4.78249
3.66488
2.9738
2.40498
2.3261
4.32032
3.44142
3.80238
4.11488
2.82024
2.41436
4.18842
4.9351
4.38527
4.16385
4.44091
4.83601
3.73466
1.51733
2.6584
3.90669
4.71326
4.46005
3.55965
2.96768
2.4204
2.86331
4.38153
3.83999
3.56459
4.56255
2.46327
3.84009
2.98815
3.49287
4.45366
4.40942
4.6233
3.84396
4.88063
4.21682
2.93205
4.19566
4.49903
4.68572
4.51612
3.41985
4.52616
4.27156
1.67275
2.42063
3.05343
2.45339
3.07665
3.58257
1.40194
2.52006
2.55559
4.54249
4.42173
3.00774
3.49118
3.9477
4.34563
4.28115
4.44864
2.59415
4.18275
3.87499
2.88757
1.39139
4.46041
2.90354
2.49567
2.99992
2.44463
1.47323
3.55728
4.54779
4.39684
4.59904
4.64313
4.48606
3.5029
3.78974
2.93447
4.62434
4.3919
3.55888
2.89997
3.85602
4.32164
4.61105
4.93096
4.68987
2.49347
2.78288
2.5414
2.86682
2.39654
2.9332
3.57961
4.25277
4.48059
4.82069
4.17839
4.473
3.42048
4.23268
4.68436
4.95414
3.04517
2.51063
2.93747
2.61427
3.16193
2.74907
3.93229
3.45766
3.79045
2.30811
3.69025
2.4115
1.50896
4.26504
4.66462
4.30998
3.75257
3.47708
1.58829
4.27062
3.87067
2.51796
3.90412
2.53196
2.90047
4.77269
2.59535
4.10622
4.36296
2.33791
2.79499
4.20334
2.72488
2.33003
1.6024
2.61949
1.46582
2.36075
3.47695
3.58344
4.152
2.85344
2.36824
4.54596
4.97884
4.16943
4.55881
3.48869
4.54073
4.58229
4.59735
4.24046
4.72989
1.4603
2.3285
1.5227
2.43555
3.70688
3.18975
4.31288
4.1269
2.71016
4.5906
4.4904
3.04328
4.95987
4.01917
4.51321
2.62535
1.5445
4.41397
1.50069
3.65535
3.1225
2.5044
3.10399
2.53836
2.85036
4.25977
4.87082
4.27355
3.81543
2.84664
2.57502
1.42352
2.41163
4.13227
2.58541
3.28038
3.71626
2.31284
4.41543
4.39422
3.91952
2.56641
2.41115
4.66864
3.77126
3.78108
4.4219
2.96021
2.42919
3.98915
4.83187
4.50706
4.25731
1.60329
2.59384
3.81648
4.57558
4.09078
3.42887
2.81779
3.77477
4.92646
4.20815
3.62786
2.90673
3.5177
4.54104
4.32267
4.53018
4.97318
4.95104
3.1262
4.40075
4.4713
4.43393
4.62465
3.54647
4.41131
4.03685
4.50321
2.36081
4.88927
4.20072
3.77312
4.7374
2.78873
2.27018
2.55782
4.49536
4.33389
2.92851
3.48231
3.8869
4.33671
4.98107
4.98652
1.38061
4.48714
2.86189
2.35707
2.79487
2.57458
1.5935
3.49072
3.84397
3.02371
4.85805
4.43501
3.7147
2.9846
3.71635
4.44834
4.68923
4.73852
2.47566
2.86975
2.53071
3.00666
2.51662
2.97518
4.97507
4.2925
4.71356
3.6085
4.21553
4.55734
2.99013
2.74659
3.01965
2.67113
3.09455
2.58279
3.02003
4.79758
2.94799
4.2678
4.67133
2.40197
2.84751
4.38245
4.95108
4.5933
4.42542
3.93203
3.28297
1.66931
4.26171
3.74069
2.46627
3.85239
2.49057
2.88368
2.46868
1.63752
2.48586
1.56877
4.39751
4.97515
4.89375
4.2798
4.77464
3.39182
4.69748
4.52168
4.5038
1.49256
2.55361
1.44843
2.55895
3.24965
4.76176
4.50307
4.00275
4.28449
4.29396
2.67187
4.90795
3.90538
4.09659
2.47045
1.46823
4.34542
1.50853
3.4945
2.92713
2.56764
2.92542
2.67903
3.02844
2.45742
1.54757
2.6689
4.30523
4.57848
4.22798
4.09328
3.77351
2.38272
2.35014
4.4056
3.35783
3.76217
4.20848
2.86404
1.56343
2.70188
4.84026
3.78464
4.91819
4.41749
3.92612
2.87628
3.52509
4.58354
4.41418
2.99102
4.52224
4.13744
4.61523
2.41515
4.44422
3.77103
4.98742
3.01629
2.53766
2.36418
4.52053
4.25779
2.97068
3.54254
3.91388
2.96202
3.7713
4.27271
4.43729
4.99444
3.7991
2.86047
4.38749
4.27921
3.41811
4.29826
2.29149
2.73984
2.40567
2.85717
2.31082
2.8333
3.47118
4.98623
4.1092
4.68138
3.63119
3.63614
2.70971
3.81778
2.43671
3.90407
4.37479
1.49542
2.86182
2.24028
2.8449
2.3961
2.75418
2.43386
3.75546
3.70204
3.96905
2.47715
3.7053
2.56005
1.54335
4.36453
3.31201
4.6564
4.14726
2.72615
2.48201
1.63206
2.3774
1.52475
2.39183
3.56086
3.77309
4.23688
2.91929
2.46809
4.54765
3.68023
3.72812
4.16747
4.60323
2.83368
1.41021
2.44607
1.53828
2.3359
3.682
3.3423
4.28171
4.05378
2.67956
2.53563
4.07775
3.71149
3.02142
4.4184
4.72015
2.5282
3.05122
2.48856
1.58476
2.56173
4.31267
2.891
3.42157
3.72885
2.43868
4.51033
3.79888
4.59199
4.62794
3.54735
2.97377
1.48075
2.60947
3.86427
4.67971
4.3028
3.57596
2.94152
2.2895
3.12423
4.29795
3.75055
3.49696
4.56975
2.46889
2.89208
4.22778
4.59548
4.48603
4.48005
3.41519
4.61248
4.30306
1.48459
2.69003
2.99181
2.43047
2.98424
3.60037
1.48322
1.46738
4.28164
2.86875
2.40692
2.80297
2.32399
1.44325
3.42117
4.50546
4.23604
4.86674
4.58288
4.46017
3.5586
4.48413
2.29318
2.88162
2.53391
2.63161
2.39927
2.79951
3.44358
4.16141
4.58599
2.99097
2.45683
2.74752
2.50695
3.00358
2.47593
3.83588
3.53784
3.74865
2.39037
3.74961
2.48809
1.48799
4.29967
2.89959
2.46954
1.53235
2.58
1.49203
2.37866
3.25807
3.67176
4.14283
2.91277
2.42971
4.51425
1.35893
2.27227
1.45421
2.44904
3.88115
3.49165
4.61727
4.31062
2.89415
2.64283
2.34917
1.5296
2.68301
4.26331
2.81417
3.60074
3.85852
2.42728
4.68633
1.47216
2.35559
3.7095
4.33542
4.10749
3.48526
2.79162
2.927
4.34768
4.42927
4.52778
4.62094
3.52795
4.49692
1.55978
4.30196
2.81602
2.34447
2.84678
2.56029
1.50123
3.56418
4.51129
2.35068
2.81247
2.40973
2.95969
2.49036
2.93223
2.94082
2.56663
2.82881
2.43824
2.95708
2.3785
2.86484
2.41884
1.49415
2.4214
1.6918
1.51184
2.46058
1.46476
2.5004
2.85105
2.45247
1.4528
1.55747
2.53475
2.97127
