-0.96393 -0.931035 0.552535 
-0.96393 -0.940782 -0.473164 
-0.96393 -0.949321 -0.928571 
-0.816236 0.522922 -0.925783 
-0.816236 0.558637 -0.905015 
-0.816236 -0.910593 0.563091 
0.522922 0.558637 0.104695 
0.522922 -0.45807 0.535858 
0.522922 -0.458876 -0.427143 
0.522922 -0.420216 0.0763571 
0.522922 -0.949321 -0.999637 
0.522922 -0.910593 -0.982473 
-0.931035 -0.940782 0.530048 
0.558637 -0.45807 -0.413729 
0.558637 -0.458876 0.508354 
0.558637 -0.420216 0.0930096 
0.558637 -0.949321 -0.905314 
-0.45807 -0.458876 -0.474476 
-0.45807 -0.420216 0.493192 
-0.458876 -0.420216 0.516497 
-0.458876 -0.949321 -0.926889 
-0.940782 -0.910593 -0.99408 
-0.420216 -0.949321 -0.991549 
-0.966304 -0.957489 0.535858 
-0.966304 -0.879894 -0.981722 
-0.922038 -0.827125 0.5654 
-0.922038 -0.438433 -0.947974 
-0.922038 0.563512 -0.880045 
-0.922038 -0.941436 0.56515 
-0.949991 -0.865417 -0.411014 
-0.949991 -0.917807 0.497196 
-0.949991 -0.879894 -0.846137 
-0.949991 -0.438433 -0.946594 
-0.949991 0.563512 -0.945898 
-0.827125 -0.438433 -0.968517 
-0.827125 0.563512 -0.850431 
-0.827125 -0.941436 -0.39163 
-0.865417 -0.917807 0.593208 
-0.865417 -0.879894 0.448251 
-0.865417 0.563512 -0.953344 
-0.917807 -0.879894 -0.489633 
-0.917807 -0.438433 -0.985345 
-0.917807 0.563512 -0.950424 
-0.879894 0.563512 -0.995297 
-0.438433 0.563512 0.567489 
-0.438433 -0.941436 -0.854015 
0.563512 -0.941436 -0.83811 
0.552535 -0.480138 -0.869323 
0.552535 0.492813 -0.487542 
0.552535 -0.987138 -0.986501 
0.552535 -0.801137 -0.825091 
0.552535 -0.473164 0.530048 
0.552535 -0.938437 -0.817859 
0.552535 -0.987963 -0.953447 
0.552535 -0.889502 -0.962368 
0.552535 -0.954262 -0.875253 
-0.480138 0.492813 0.567985 
-0.480138 -0.983805 -0.915019 
-0.480138 -0.801137 -0.968411 
-0.480138 -0.928571 -0.806578 
-0.480138 -0.889502 -0.906412 
0.492813 -0.983805 -0.923402 
0.492813 -0.801137 -0.865967 
0.492813 -0.473164 -0.875232 
0.492813 -0.928571 -0.845503 
0.492813 -0.889502 -0.853167 
-0.983805 -0.801137 -0.490557 
-0.983805 -0.889502 0.566557 
-0.801137 -0.473164 -0.924863 
-0.801137 -0.938437 -0.658741 
-0.801137 -0.987963 -0.948372 
-0.801137 -0.889502 0.311331 
-0.801137 -0.954262 -0.821544 
-0.473164 -0.938437 -0.740369 
-0.473164 -0.987963 -0.955988 
-0.473164 -0.954262 -0.844923 
-0.938437 -0.987963 -0.468366 
-0.938437 -0.889502 -0.923939 
-0.938437 -0.954262 0.538717 
-0.987963 -0.928571 -0.994312 
-0.987963 -0.889502 -0.999571 
-0.987963 -0.954262 0.547091 
-0.889502 -0.954262 -0.956976 
-0.948185 -0.911341 0.508354 
-0.948185 -0.995955 0.0930096 
-0.948185 0.459921 -0.905314 
-0.956592 -0.997051 0.567985 
-0.956592 -0.983972 -0.96209 
-0.956592 0.459921 -0.806578 
-0.997051 0.459921 -0.845503 
-0.911341 -0.995955 0.516497 
-0.911341 0.459921 -0.926889 
-0.911341 0.606353 -0.953516 
-0.911341 -0.418691 -0.983259 
-0.955406 -0.983972 0.514977 
-0.992502 -0.907975 -0.896329 
-0.992502 -0.819353 0.444956 
-0.992502 0.606353 -0.821842 
-0.992502 -0.984944 -0.993526 
-0.992502 -0.418691 -0.441164 
-0.907975 0.459921 -0.994312 
-0.907975 -0.819353 -0.723026 
-0.907975 0.606353 -0.729804 
-0.907975 -0.984944 0.547091 
-0.907975 -0.418691 -0.739484 
-0.995955 0.459921 -0.991549 
0.459921 -0.819353 -0.994325 
0.459921 0.606353 -0.426503 
0.459921 -0.418691 -0.842887 
-0.819353 0.606353 -0.389554 
-0.819353 -0.984944 -0.925877 
-0.819353 -0.418691 0.621051 
0.606353 -0.984944 -0.903607 
0.606353 -0.418691 0.539017 
-0.984944 -0.418691 -0.935603 
-0.925783 -0.905015 0.104695 
-0.925783 0.563091 -0.982473 
-0.884869 -0.860745 -0.964835 
-0.884869 -0.67955 0.590135 
-0.860745 -0.45718 -0.903247 
-0.860745 0.563091 -0.851225 
-0.860745 -0.67955 -0.745941 
-0.45718 0.563091 0.559467 
-0.45718 -0.98872 -0.904006 
-0.45718 -0.914223 -0.904102 
0.563091 -0.98872 -0.932238 
0.563091 -0.67955 -0.906856 
0.563091 -0.965309 -0.979771 
0.563091 -0.914223 -0.880737 
-0.98872 -0.965309 -0.373036 
-0.98872 -0.914223 0.722495 
-0.965309 -0.914223 0.47877 
0.104695 0.535858 -0.413729 
0.104695 -0.427143 0.508354 
0.104695 -0.955185 -0.977411 
0.104695 0.0763571 0.0930096 
0.104695 -0.999637 -0.905314 
-0.942395 0.535858 -0.974579 
-0.942395 -0.981722 0.378256 
0.535858 -0.427143 -0.474476 
0.535858 -0.955185 -0.889484 
0.535858 0.0763571 0.493192 
-0.427143 -0.955185 -0.943218 
-0.427143 0.0763571 0.516497 
-0.427143 -0.999637 -0.926889 
-0.955185 0.0763571 -0.866447 
0.0763571 -0.999637 -0.991549 
-0.869323 -0.487542 0.567985 
-0.869323 -0.825091 -0.968411 
-0.869323 -0.962368 -0.906412 
-0.487542 -0.825091 -0.865967 
-0.487542 0.530048 -0.875232 
-0.487542 -0.962368 -0.853167 
-0.825091 0.530048 -0.924863 
-0.825091 -0.817859 -0.658741 
-0.825091 -0.953447 -0.948372 
-0.825091 -0.962368 0.311331 
-0.825091 -0.875253 -0.821544 
-0.825091 -0.908357 -0.716588 
0.530048 -0.817859 -0.740369 
0.530048 -0.953447 -0.955988 
0.530048 -0.875253 -0.844923 
0.530048 -0.908357 -0.816279 
-0.817859 -0.953447 -0.468366 
-0.817859 -0.962368 -0.923939 
-0.817859 -0.875253 0.538717 
-0.817859 -0.908357 0.509902 
-0.953447 -0.962368 -0.999571 
-0.953447 -0.875253 0.547091 
-0.953447 -0.908357 -0.867328 
-0.962368 -0.875253 -0.956976 
-0.962368 -0.908357 -0.972946 
-0.875253 -0.908357 -0.473604 
-0.413729 0.508354 -0.474476 
-0.413729 -0.977411 -0.889484 
-0.413729 0.0930096 0.493192 
0.508354 -0.977411 -0.943218 
0.508354 0.0930096 0.516497 
0.508354 -0.905314 -0.926889 
-0.977411 0.0930096 -0.866447 
0.0930096 -0.905314 -0.991549 
-0.994336 0.567985 -0.998019 
-0.994336 -0.971499 -0.930109 
-0.994336 -0.939574 -0.805037 
-0.994336 -0.96209 -0.847168 
0.567985 -0.915019 -0.923402 
0.567985 -0.944389 -0.984763 
0.567985 -0.968411 -0.865967 
0.567985 -0.806578 -0.845503 
0.567985 -0.906412 -0.853167 
-0.915019 -0.944389 0.691855 
-0.915019 -0.968411 -0.490557 
-0.915019 -0.906412 0.566557 
-0.971499 -0.939574 0.533408 
-0.971499 -0.96209 -0.438024 
-0.944389 -0.968411 -0.842387 
-0.944389 -0.906412 -0.400404 
-0.939574 -0.96209 0.576395 
-0.968411 -0.906412 0.311331 
-0.957063 -0.957906 0.5654 
-0.957063 -0.998031 0.56515 
-0.957063 0.629924 -0.990736 
-0.931668 -0.378231 -0.290326 
-0.931668 0.629924 -0.746328 
-0.931668 -0.824685 0.577698 
-0.957906 -0.998031 -0.39163 
-0.988303 -0.974203 -0.47784 
-0.988303 -0.983179 0.509902 
-0.974203 -0.998031 -0.986821 
-0.974203 -0.983179 0.524679 
-0.974203 0.629924 -0.978877 
-0.378231 0.629924 0.605596 
-0.378231 -0.824685 0.485582 
0.629924 -0.824685 -0.464807 
-0.405195 0.508724 0.691855 
-0.405195 -0.476171 -0.971558 
-0.405195 0.378256 -0.842166 
-0.405195 -0.83502 0.566557 
-0.405195 -0.890937 -0.60143 
-0.405195 -0.976953 -0.870612 
0.508724 -0.476171 -0.836277 
0.508724 -0.844562 -0.988795 
0.508724 0.378256 -0.52768 
0.508724 -0.83502 -0.400404 
0.508724 -0.890937 -0.745569 
0.508724 -0.976953 -0.925037 
-0.990606 -0.476171 -0.411014 
-0.990606 -0.844562 0.497196 
-0.990606 0.378256 -0.846137 
-0.476171 -0.844562 0.593208 
-0.476171 0.378256 0.448251 
-0.844562 0.378256 -0.489633 
0.378256 -0.890937 -0.991006 
-0.83502 -0.890937 -0.672866 
-0.83502 -0.976953 -0.90592 
-0.890937 -0.976953 0.589678 
-0.474476 -0.889484 -0.943218 
-0.474476 0.493192 0.516497 
-0.889484 0.493192 -0.866447 
-0.930109 -0.943966 -0.854824 
-0.930109 -0.805037 0.533408 
-0.930109 -0.847168 -0.438024 
-0.943966 -0.805037 -0.468542 
-0.943966 -0.847168 0.514977 
-0.805037 -0.847168 0.576395 
-0.805037 0.564017 -0.976102 
-0.847168 0.564017 -0.990154 
-0.992295 0.564017 -0.981995 
-0.998422 0.564017 -0.954418 
-0.998422 -0.991216 0.722495 
-0.998422 -0.435989 -0.991539 
0.564017 -0.991216 -0.949601 
0.564017 -0.435989 0.560571 
-0.991216 -0.435989 -0.987033 
-0.923402 -0.984763 0.691855 
-0.923402 -0.865967 -0.490557 
-0.923402 -0.853167 0.566557 
-0.984763 -0.865967 -0.842387 
-0.984763 -0.853167 -0.400404 
-0.865967 -0.875232 -0.924863 
-0.865967 -0.853167 0.311331 
0.691855 -0.971558 -0.836277 
0.691855 -0.490557 -0.842387 
0.691855 -0.842166 -0.52768 
0.691855 -0.992693 -0.984046 
0.691855 0.566557 -0.400404 
0.691855 -0.60143 -0.745569 
0.691855 -0.870612 -0.925037 
-0.971558 -0.842166 0.448251 
-0.490557 0.566557 0.311331 
-0.490557 -0.60143 -0.853407 
-0.490557 -0.870612 -0.964437 
-0.842166 -0.60143 -0.991006 
-0.992693 -0.60143 -0.962936 
0.566557 -0.60143 -0.672866 
0.566557 -0.870612 -0.90592 
-0.60143 -0.870612 0.589678 
-0.854824 0.533408 -0.468542 
-0.854824 -0.438024 0.514977 
-0.940487 0.56907 -0.929877 
-0.940487 -0.925178 0.497196 
-0.940487 -0.94226 0.577698 
0.533408 0.56907 -0.46386 
0.533408 -0.925178 -0.997598 
0.533408 -0.438024 0.576395 
0.533408 -0.94226 -0.983195 
0.56907 -0.925178 -0.89975 
0.56907 -0.438024 -0.848645 
0.56907 -0.94226 -0.960862 
-0.925178 -0.94226 -0.431567 
-0.943849 -0.934174 -0.756998 
-0.943849 0.532239 -0.998539 
-0.943849 -0.927468 -0.937876 
-0.943849 -0.996617 -0.775946 
-0.934174 -0.927468 0.5654 
-0.934174 -0.996617 0.56515 
0.532239 -0.456038 0.590135 
-0.927468 -0.996617 -0.39163 
-0.943218 0.516497 -0.866447 
0.516497 -0.926889 -0.991549 
-0.926889 -0.953516 -0.426503 
-0.926889 -0.983259 -0.842887 
-0.953516 -0.983259 0.539017 
-0.756998 -0.937876 0.5654 
-0.756998 0.514977 -0.944881 
-0.756998 -0.775946 0.56515 
-0.937876 -0.775946 -0.39163 
-0.468542 0.514977 0.576395 
0.514977 -0.775946 -0.960644 
0.5654 -0.947974 -0.968517 
0.5654 -0.880045 -0.850431 
0.5654 0.56515 -0.39163 
-0.944881 0.56515 -0.960644 
-0.947974 -0.880045 0.567489 
-0.947974 0.56515 -0.854015 
-0.880045 0.56515 -0.83811 
-0.836277 -0.988795 0.593208 
-0.836277 -0.52768 0.448251 
-0.988795 -0.52768 -0.489633 
-0.842387 -0.400404 0.311331 
-0.842387 -0.745569 -0.853407 
-0.842387 -0.925037 -0.964437 
-0.52768 -0.745569 -0.991006 
-0.984046 -0.745569 -0.962936 
-0.400404 -0.745569 -0.672866 
-0.400404 -0.925037 -0.90592 
-0.745569 -0.925037 0.589678 
-0.411014 -0.929877 -0.999577 
-0.411014 0.497196 0.593208 
-0.411014 -0.846137 0.448251 
-0.411014 -0.945898 -0.953344 
-0.411014 -0.290326 -0.921346 
-0.411014 0.577698 -0.812432 
-0.929877 0.497196 -0.89975 
-0.929877 0.577698 -0.960862 
0.497196 -0.846137 -0.489633 
0.497196 -0.946594 -0.985345 
0.497196 -0.945898 -0.950424 
0.497196 -0.290326 -0.751015 
0.497196 -0.746328 -0.931629 
0.497196 0.577698 -0.431567 
-0.846137 -0.945898 -0.995297 
-0.846137 0.577698 -0.997109 
-0.946594 -0.945898 0.567489 
-0.946594 -0.991641 -0.974366 
-0.290326 -0.991641 -0.953379 
-0.290326 -0.746328 0.605596 
-0.290326 0.577698 0.485582 
-0.991641 0.577698 -0.925598 
-0.746328 0.577698 -0.464807 
-0.964835 0.590135 -0.745941 
-0.968517 -0.850431 0.567489 
-0.968517 -0.39163 -0.854015 
-0.850431 -0.39163 -0.83811 
-0.999577 0.593208 -0.89975 
-0.999577 -0.812432 -0.960862 
0.593208 0.448251 -0.489633 
0.593208 -0.953344 -0.950424 
0.593208 -0.921346 -0.751015 
0.593208 -0.812432 -0.431567 
0.448251 -0.953344 -0.995297 
0.448251 -0.812432 -0.997109 
-0.921346 -0.812432 0.485582 
-0.46386 -0.997598 -0.89975 
-0.46386 0.576395 -0.848645 
-0.46386 -0.983195 -0.960862 
-0.997598 -0.983195 -0.431567 
0.576395 -0.976102 -0.990154 
-0.89975 -0.960862 -0.431567 
-0.489633 -0.950424 -0.995297 
-0.489633 -0.431567 -0.997109 
-0.985345 -0.950424 0.567489 
-0.751015 -0.931629 0.605596 
-0.751015 -0.431567 0.485582 
-0.931629 -0.431567 -0.464807 
-0.924863 -0.658741 -0.740369 
-0.924863 -0.948372 -0.955988 
-0.924863 -0.821544 -0.844923 
-0.924863 -0.871779 -0.970393 
-0.924863 -0.716588 -0.816279 
-0.658741 -0.948372 -0.468366 
-0.658741 0.311331 -0.923939 
-0.658741 -0.821544 0.538717 
-0.658741 -0.871779 -0.47784 
-0.658741 -0.716588 0.509902 
-0.948372 0.311331 -0.999571 
-0.948372 -0.821544 0.547091 
-0.948372 -0.716588 -0.867328 
0.311331 -0.853407 -0.672866 
0.311331 -0.821544 -0.956976 
0.311331 -0.716588 -0.972946 
0.311331 -0.964437 -0.90592 
-0.853407 -0.964437 0.589678 
-0.821544 -0.871779 -0.85649 
-0.821544 -0.716588 -0.473604 
-0.871779 -0.716588 0.524679 
-0.420064 0.521005 -0.850056 
-0.420064 0.596823 0.589678 
-0.956055 0.521005 -0.974366 
-0.956055 0.596823 -0.991225 
-0.476012 -0.876959 0.47877 
-0.476012 0.521005 0.515241 
-0.476012 -0.959429 -0.97109 
-0.476012 0.596823 -0.853622 
-0.943361 0.521005 -0.953379 
-0.943361 -0.994153 0.605596 
-0.943361 -0.959429 0.485582 
-0.943361 0.596823 -0.99018 
-0.876959 0.521005 -0.507359 
0.521005 -0.959429 -0.925598 
0.521005 0.596823 -0.456472 
-0.994153 -0.959429 -0.464807 
-0.896329 0.444956 -0.723026 
-0.896329 -0.821842 -0.729804 
-0.896329 -0.993526 0.547091 
-0.896329 -0.441164 -0.739484 
-0.903247 -0.851225 0.559467 
0.444956 -0.821842 -0.389554 
0.444956 -0.993526 -0.925877 
0.444956 -0.745941 -0.941939 
0.444956 -0.441164 0.621051 
0.444956 -0.998031 -0.929287 
-0.851225 -0.745941 -0.906856 
-0.821842 -0.993526 -0.903607 
-0.821842 -0.441164 0.539017 
-0.993526 -0.441164 -0.935603 
-0.441164 -0.998031 -0.965458 
-0.740369 -0.955988 -0.468366 
-0.740369 -0.844923 0.538717 
-0.740369 -0.970393 -0.47784 
-0.740369 -0.816279 0.509902 
-0.955988 -0.844923 0.547091 
-0.955988 -0.816279 -0.867328 
-0.982513 -0.99408 0.559467 
-0.844923 -0.970393 -0.85649 
-0.844923 -0.816279 -0.473604 
-0.970393 -0.816279 0.524679 
-0.468366 -0.923939 -0.999571 
-0.468366 0.538717 0.547091 
-0.468366 0.509902 -0.867328 
-0.923939 0.538717 -0.956976 
-0.923939 0.509902 -0.972946 
0.538717 -0.47784 -0.85649 
0.538717 0.509902 -0.473604 
-0.47784 0.509902 0.524679 
-0.994312 -0.723026 -0.994325 
-0.994312 -0.729804 -0.426503 
-0.994312 -0.739484 -0.842887 
-0.723026 -0.729804 -0.389554 
-0.723026 0.547091 -0.925877 
-0.723026 -0.739484 0.621051 
-0.723026 -0.981995 -0.96486 
-0.994105 -0.960012 0.531172 
-0.999571 0.547091 -0.956976 
-0.999571 -0.867328 -0.972946 
-0.729804 0.547091 -0.903607 
-0.729804 -0.739484 0.539017 
0.547091 -0.739484 -0.935603 
0.547091 -0.867328 -0.473604 
-0.931038 0.559467 -0.993159 
-0.931038 -0.994034 0.531172 
-0.931038 -0.904006 0.46735 
-0.931038 -0.904102 -0.428972 
0.559467 -0.904006 -0.932238 
0.559467 -0.904102 -0.880737 
-0.994034 -0.904006 -0.506022 
-0.994034 -0.904102 -0.852078 
-0.904006 -0.904102 0.722495 
-0.994325 -0.426503 -0.389554 
-0.994325 -0.842887 0.621051 
-0.426503 -0.842887 0.539017 
-0.389554 -0.925877 -0.903607 
-0.389554 0.621051 0.539017 
-0.925877 0.621051 -0.935603 
0.621051 -0.929287 -0.965458 
-0.96486 -0.929287 0.560571 
-0.993159 0.46735 -0.932238 
-0.993159 -0.838274 -0.979771 
-0.993159 -0.428972 -0.880737 
0.531172 0.46735 -0.506022 
0.531172 -0.428972 -0.852078 
0.46735 -0.838274 -0.373036 
0.46735 -0.428972 0.722495 
-0.838274 -0.428972 0.47877 
-0.672866 -0.90592 0.589678 
-0.956976 -0.972946 -0.473604 
-0.850056 0.589678 -0.456472 
-0.932238 -0.979771 -0.373036 
-0.932238 -0.880737 0.722495 
-0.979771 -0.880737 0.47877 
-0.903607 0.539017 -0.935603 
-0.85649 -0.473604 0.524679 
-0.506022 -0.852078 0.722495 
-0.373036 -0.954418 -0.960594 
-0.373036 0.722495 0.47877 
-0.373036 -0.82495 0.515241 
-0.373036 -0.991539 -0.974206 
-0.954418 0.722495 -0.949601 
-0.954418 -0.991539 0.560571 
0.722495 -0.82495 -0.507359 
0.722495 -0.991539 -0.987033 
-0.82495 -0.991539 -0.995685 
-0.957083 -0.854015 -0.986821 
-0.957083 -0.997888 0.524679 
0.567489 -0.854015 -0.83811 
-0.974366 -0.991225 -0.456472 
-0.960594 0.47877 -0.949601 
-0.960594 -0.974206 0.560571 
0.47877 0.515241 -0.507359 
0.47877 -0.974206 -0.987033 
0.515241 -0.974206 -0.995685 
0.515241 -0.97109 -0.925598 
0.515241 -0.853622 -0.456472 
-0.953379 0.485582 -0.925598 
-0.953379 -0.99018 -0.456472 
0.605596 0.485582 -0.464807 
-0.949601 0.560571 -0.987033 
-0.507359 -0.987033 -0.995685 
