-0.993101 -0.86114 -0.396548 
-0.993101 -0.916075 0.695271 
-0.993101 -0.911178 -0.833481 
-0.995944 0.518835 -0.916128 
-0.995944 -0.86114 -0.454665 
-0.995944 -0.916075 -0.850862 
-0.995944 -0.414003 -0.826922 
-0.995944 -0.434788 -0.930497 
-0.995944 -0.911178 0.579964 
-0.751154 0.532103 -0.92749 
-0.751154 0.518835 -0.923595 
-0.751154 -0.880893 -0.843861 
-0.751154 -0.697582 -0.443142 
-0.751154 -0.983986 -0.455823 
-0.751154 -0.897687 0.497246 
-0.751154 -0.660421 0.611242 
0.532103 0.518835 -0.0805441 
0.532103 -0.86114 -0.91714 
0.532103 -0.428493 0.51721 
0.532103 -0.916075 -0.95616 
0.532103 -0.414003 -0.440782 
0.532103 -0.697582 -0.955071 
0.532103 -0.99074 -0.984049 
0.532103 -0.434788 -0.0375475 
0.532103 -0.911178 -0.950766 
0.532103 -0.897687 -0.973207 
0.532103 -0.660421 -0.921861 
0.518835 -0.86114 -0.872741 
0.518835 -0.428493 -0.477334 
0.518835 -0.916075 -0.970345 
0.518835 -0.880893 -0.874703 
0.518835 -0.414003 0.523852 
0.518835 -0.697582 -0.768657 
0.518835 -0.99074 -0.990049 
0.518835 -0.434788 -0.0679622 
0.518835 -0.911178 -0.848387 
0.518835 -0.660421 -0.830765 
-0.86114 -0.428493 -0.957537 
-0.86114 -0.916075 0.577298 
-0.86114 -0.414003 -0.908978 
-0.86114 -0.434788 -0.943654 
-0.86114 -0.911178 0.54669 
-0.428493 -0.414003 -0.426557 
-0.428493 -0.434788 0.518897 
-0.428493 -0.911178 -0.960072 
-0.916075 -0.911178 -0.450857 
-0.880893 -0.697582 0.592513 
-0.880893 -0.660421 -0.439535 
-0.414003 -0.697582 -0.971412 
-0.414003 -0.434788 0.545508 
-0.414003 -0.911178 -0.816683 
-0.697582 -0.897687 -0.863115 
-0.697582 -0.660421 0.544166 
-0.99074 -0.983986 -0.998539 
-0.99074 -0.897687 -0.988395 
-0.434788 -0.911178 -0.89919 
-0.983986 -0.897687 0.60749 
-0.983986 -0.660421 -0.848168 
-0.897687 -0.660421 -0.463676 
-0.991237 -0.360908 -0.400619 
-0.991237 0.561948 -0.827306 
-0.991237 -0.805402 0.5994 
-0.360908 0.561948 0.542757 
-0.360908 -0.382304 -0.981409 
-0.360908 -0.951758 -0.98572 
-0.360908 0.507367 -0.830429 
-0.360908 -0.805402 0.605664 
0.561948 -0.382304 -0.808331 
0.561948 -0.951758 -0.890311 
0.561948 0.507367 -0.447854 
0.561948 -0.805402 -0.437693 
0.561948 -0.995365 -0.950777 
-0.382304 0.507367 0.600572 
-0.951758 0.507367 -0.984366 
-0.951758 -0.995365 0.555792 
0.507367 -0.805402 -0.999731 
0.639088 -0.396548 -0.811636 
0.639088 0.695271 -0.357176 
0.639088 -0.40645 0.608246 
0.639088 -0.833481 -0.997926 
-0.396548 0.695271 0.577298 
-0.396548 -0.40645 -0.99443 
-0.396548 -0.833481 0.54669 
0.695271 -0.40645 -0.810955 
0.695271 -0.833481 -0.450857 
-0.916128 -0.454665 -0.872741 
-0.916128 -0.850862 -0.970345 
-0.916128 -0.826922 0.523852 
-0.916128 -0.930497 -0.0679622 
-0.916128 0.579964 -0.848387 
-0.916128 0.70449 -0.980495 
-0.454665 -0.850862 0.577298 
-0.454665 -0.826922 -0.908978 
-0.454665 -0.975237 -0.985477 
-0.454665 -0.930497 -0.943654 
-0.454665 0.579964 0.54669 
-0.454665 0.70449 -0.824221 
-0.850862 0.579964 -0.450857 
-0.826922 -0.930497 0.545508 
-0.826922 0.579964 -0.816683 
-0.826922 0.70449 -0.894529 
-0.990853 -0.975237 0.51343 
-0.990853 0.70449 -0.968164 
-0.990853 -0.416559 -0.999147 
-0.975237 0.579964 -0.965654 
-0.975237 0.70449 -0.976065 
-0.881155 0.579964 -0.984598 
-0.881155 -0.830318 -0.882726 
-0.881155 0.70449 -0.85215 
-0.881155 -0.971118 0.575592 
-0.881155 -0.416559 -0.827806 
-0.930497 0.579964 -0.89919 
-0.930497 0.70449 -0.99183 
0.579964 0.70449 -0.373135 
0.579964 -0.416559 -0.833928 
-0.830318 0.70449 -0.461342 
-0.830318 -0.416559 0.601226 
0.70449 -0.971118 -0.97722 
0.70449 -0.416559 0.496474 
-0.971118 -0.416559 -0.982731 
-0.92749 -0.923595 -0.0805441 
-0.92749 -0.443142 -0.955071 
-0.92749 0.497246 -0.973207 
-0.92749 0.611242 -0.921861 
-0.923595 -0.843861 -0.874703 
-0.923595 -0.443142 -0.768657 
-0.923595 0.611242 -0.830765 
-0.843861 -0.443142 0.592513 
-0.843861 0.611242 -0.439535 
-0.443142 0.497246 -0.863115 
-0.443142 0.611242 0.544166 
-0.455823 0.497246 0.60749 
-0.455823 0.611242 -0.848168 
-0.455823 -0.97622 -0.849867 
0.497246 0.611242 -0.463676 
0.497246 -0.97622 -0.867897 
-0.0805441 -0.91714 -0.872741 
-0.0805441 0.51721 -0.477334 
-0.0805441 -0.95616 -0.970345 
-0.0805441 -0.440782 0.523852 
-0.0805441 -0.955071 -0.768657 
-0.0805441 -0.984049 -0.990049 
-0.0805441 -0.0375475 -0.0679622 
-0.0805441 -0.950766 -0.848387 
-0.0805441 -0.921861 -0.830765 
-0.91714 0.51721 -0.957537 
-0.91714 -0.95616 0.577298 
-0.91714 -0.440782 -0.908978 
-0.91714 -0.0375475 -0.943654 
-0.91714 -0.950766 0.54669 
0.51721 -0.440782 -0.426557 
0.51721 -0.0375475 0.518897 
0.51721 -0.950766 -0.960072 
-0.95616 -0.950766 -0.450857 
-0.440782 -0.955071 -0.971412 
-0.440782 -0.0375475 0.545508 
-0.440782 -0.950766 -0.816683 
-0.955071 -0.973207 -0.863115 
-0.955071 -0.921861 0.544166 
-0.984049 -0.973207 -0.988395 
-0.0375475 -0.950766 -0.89919 
-0.973207 -0.921861 -0.463676 
-0.811636 -0.357176 0.577298 
-0.811636 0.608246 -0.99443 
-0.811636 -0.997926 0.54669 
-0.357176 0.608246 -0.810955 
-0.357176 -0.997926 -0.450857 
0.608246 -0.994754 -0.854876 
-0.872741 -0.477334 -0.957537 
-0.872741 -0.970345 0.577298 
-0.872741 0.523852 -0.908978 
-0.872741 -0.0679622 -0.943654 
-0.872741 -0.848387 0.54669 
-0.872741 -0.980495 -0.824221 
-0.477334 0.523852 -0.426557 
-0.477334 -0.0679622 0.518897 
-0.477334 -0.848387 -0.960072 
-0.970345 -0.848387 -0.450857 
-0.874703 -0.768657 0.592513 
-0.874703 -0.830765 -0.439535 
0.523852 -0.768657 -0.971412 
0.523852 -0.0679622 0.545508 
0.523852 -0.848387 -0.816683 
0.523852 -0.980495 -0.894529 
-0.768657 -0.830765 0.544166 
-0.0679622 -0.848387 -0.89919 
-0.0679622 -0.980495 -0.99183 
-0.848387 -0.980495 -0.373135 
-0.957537 -0.908978 -0.426557 
-0.957537 -0.943654 0.518897 
-0.957537 0.54669 -0.960072 
0.577298 -0.99443 -0.810955 
0.577298 0.54669 -0.450857 
-0.908978 -0.943654 0.545508 
-0.908978 0.54669 -0.816683 
-0.908978 -0.824221 -0.894529 
-0.985477 0.54669 -0.965654 
-0.985477 -0.824221 -0.976065 
-0.943654 0.54669 -0.89919 
-0.943654 -0.824221 -0.99183 
0.54669 -0.824221 -0.373135 
-0.908816 -0.983965 0.555885 
-0.908816 0.536982 -0.98159 
-0.908816 0.63874 -0.970529 
-0.908816 -0.974256 -0.321832 
-0.992888 -0.389752 -0.484296 
-0.992888 0.63874 -0.877813 
-0.992888 -0.803067 0.529843 
-0.251093 -0.961879 -0.456172 
-0.251093 -0.928946 -0.984178 
-0.251093 -0.370794 -0.337623 
-0.251093 -0.389752 -0.812912 
-0.251093 -0.727262 -0.807837 
-0.251093 0.536982 0.431554 
-0.251093 0.63874 -0.63023 
-0.251093 -0.803067 -0.942214 
-0.251093 -0.728774 0.560267 
-0.961879 -0.370794 -0.979702 
-0.961879 0.536982 -0.868838 
-0.961879 -0.728774 0.532556 
-0.928946 -0.370794 -0.392975 
-0.928946 -0.727262 0.491547 
-0.928946 0.536982 -0.8115 
-0.370794 -0.389752 -0.913615 
-0.370794 -0.727262 0.568348 
-0.370794 0.536982 0.469172 
-0.370794 0.63874 -0.759462 
-0.370794 -0.803067 -0.995219 
-0.370794 -0.728774 -0.793175 
-0.389752 -0.727262 -0.991882 
-0.389752 0.536982 -0.746285 
-0.389752 0.63874 0.465108 
-0.389752 -0.803067 0.522359 
-0.389752 -0.728774 -0.940454 
-0.983965 -0.974256 0.543659 
-0.727262 0.536982 -0.445659 
-0.727262 0.63874 -0.910364 
-0.727262 -0.728774 -0.988922 
0.536982 0.63874 -0.38031 
0.536982 -0.803067 -0.927517 
0.536982 -0.728774 -0.499575 
0.63874 -0.974256 -0.973607 
0.63874 -0.803067 -0.494808 
0.63874 -0.728774 -0.867004 
-0.51972 0.582276 0.366653 
-0.51972 0.575932 -0.872093 
-0.51972 -0.974102 -0.941235 
-0.51972 -0.874585 0.612927 
0.582276 -0.361178 -0.811853 
0.582276 -0.803602 -0.992552 
0.582276 0.575932 -0.413181 
0.582276 -0.974102 -0.942794 
0.582276 -0.874585 -0.513011 
-0.987649 -0.361178 -0.444778 
-0.987649 -0.803602 0.600975 
-0.987649 0.575932 -0.835787 
-0.361178 -0.803602 0.500301 
-0.361178 0.575932 0.575273 
-0.803602 0.575932 -0.454595 
-0.974102 -0.874585 -0.969174 
-0.426557 0.518897 0.545508 
-0.426557 -0.960072 -0.816683 
0.518897 -0.960072 -0.89919 
-0.775939 -0.843353 0.611721 
-0.775939 -0.83394 0.505877 
-0.775939 -0.976484 -0.454488 
-0.775939 0.555885 -0.940448 
-0.983956 -0.843353 -0.986402 
-0.983956 -0.976484 -0.936674 
-0.983956 0.555885 -0.870479 
-0.983956 -0.321832 -0.959628 
-0.843353 -0.83394 -0.453681 
-0.843353 -0.976484 0.497508 
-0.843353 0.555885 -0.941384 
-0.83394 -0.976484 -0.858185 
-0.83394 0.555885 -0.993686 
-0.777219 -0.973233 0.432699 
-0.777219 0.555885 -0.434456 
-0.777219 -0.970529 -0.985261 
-0.777219 -0.321832 0.63667 
-0.973233 0.555885 -0.837361 
-0.973233 -0.321832 -0.419488 
0.555885 -0.321832 0.543659 
-0.98159 -0.970529 -0.38031 
-0.970529 -0.321832 -0.973607 
0.366653 -0.39865 -0.867726 
0.366653 -0.872093 -0.413181 
0.366653 -0.941235 -0.942794 
0.366653 0.612927 -0.513011 
0.366653 -0.939744 -0.96123 
0.366653 -0.9397 -0.968013 
-0.39865 -0.991721 -0.805041 
-0.39865 -0.977308 -0.362625 
-0.39865 0.612927 0.568432 
-0.39865 -0.827775 0.573769 
-0.941235 0.612927 -0.969174 
-0.991721 -0.977308 -0.503111 
-0.991721 0.612927 -0.936806 
-0.991721 -0.827775 -0.763668 
-0.977308 0.612927 -0.812642 
-0.977308 -0.827775 0.498137 
0.612927 -0.939744 -0.974554 
0.612927 -0.827775 -0.433753 
0.612927 -0.9397 -0.963238 
-0.939744 -0.9397 0.532556 
-0.841984 0.611721 -0.453905 
-0.841984 -0.454488 0.51343 
0.611721 0.505877 -0.453681 
0.611721 -0.454488 0.497508 
0.611721 -0.940448 -0.941384 
0.505877 -0.454488 -0.858185 
0.505877 -0.940448 -0.993686 
-0.886141 -0.880796 -0.400619 
-0.886141 -0.997094 -0.827306 
-0.886141 -0.986402 -0.453905 
-0.886141 -0.936674 0.51343 
-0.886141 -0.804084 0.5994 
-0.880796 -0.997094 0.542757 
-0.880796 -0.936674 -0.839456 
-0.880796 -0.804084 0.605664 
0.592513 -0.439535 0.544166 
0.592513 -0.804084 -0.982546 
0.592513 -0.870479 -0.942943 
0.592513 -0.959628 -0.978741 
-0.997094 -0.804084 -0.437693 
-0.986402 -0.936674 0.497508 
-0.986402 -0.804084 -0.832253 
-0.986402 -0.870479 -0.941384 
-0.936674 -0.804084 -0.431559 
-0.439535 -0.870479 -0.995763 
-0.439535 -0.959628 -0.994928 
-0.870479 -0.959628 0.543659 
0.545508 -0.816683 -0.89919 
0.545508 -0.894529 -0.99183 
-0.816683 -0.894529 -0.373135 
-0.400619 -0.827306 0.542757 
-0.400619 0.51343 -0.839456 
-0.400619 0.5994 0.605664 
-0.827306 0.5994 -0.437693 
-0.453905 0.51343 0.497508 
-0.453905 0.5994 -0.832253 
0.51343 -0.968164 -0.976065 
0.51343 0.5994 -0.431559 
-0.968164 -0.999147 0.496474 
-0.968164 0.5994 -0.970737 
-0.999147 0.5994 -0.99621 
0.542757 -0.981409 -0.808331 
0.542757 -0.98572 -0.890311 
0.542757 -0.830429 -0.447854 
0.542757 0.605664 -0.437693 
-0.839456 0.605664 -0.431559 
-0.981409 -0.830429 0.600572 
-0.98572 -0.830429 -0.984366 
-0.830429 0.605664 -0.999731 
-0.811853 -0.992552 0.500301 
-0.811853 -0.413181 0.575273 
-0.992552 -0.413181 -0.454595 
-0.867726 -0.513011 0.568432 
-0.942794 -0.513011 -0.969174 
-0.513011 -0.96123 -0.974554 
-0.513011 -0.968013 -0.963238 
-0.96123 -0.968013 0.532556 
-0.444778 0.600975 0.500301 
-0.444778 -0.835787 0.575273 
-0.444778 -0.907251 -0.935467 
-0.444778 0.529843 -0.847014 
0.600975 -0.835787 -0.454595 
0.600975 -0.907251 -0.897172 
0.600975 -0.484296 -0.860537 
0.600975 0.529843 -0.445875 
-0.907251 0.529843 -0.932865 
-0.484296 -0.877813 0.465108 
-0.484296 0.529843 0.522359 
-0.877813 0.529843 -0.494808 
-0.863115 0.544166 -0.463676 
0.544166 -0.942943 -0.995763 
0.544166 -0.978741 -0.994928 
-0.942943 -0.978741 0.543659 
-0.808331 -0.447854 0.600572 
-0.890311 -0.447854 -0.984366 
-0.890311 -0.950777 0.555792 
-0.447854 -0.437693 -0.999731 
0.500301 0.575273 -0.454595 
0.500301 -0.935467 -0.897172 
0.500301 -0.994946 -0.997611 
0.500301 -0.847014 -0.445875 
-0.935467 -0.994946 0.600572 
-0.935467 -0.847014 -0.932865 
-0.453681 0.497508 -0.858185 
-0.453681 -0.941384 -0.993686 
0.497508 -0.832253 -0.431559 
-0.998539 -0.988395 0.60749 
-0.897172 -0.997611 0.600572 
-0.897172 -0.445875 -0.932865 
-0.860537 -0.445875 0.522359 
-0.805041 -0.362625 -0.503111 
-0.805041 0.568432 -0.936806 
-0.805041 -0.990987 0.60749 
-0.805041 0.573769 -0.763668 
-0.805041 -0.820757 -0.649332 
-0.362625 0.568432 -0.812642 
-0.362625 -0.990987 -0.842492 
-0.362625 0.573769 0.498137 
-0.362625 -0.820757 0.497887 
0.568432 0.573769 -0.433753 
0.568432 -0.820757 -0.996002 
-0.990987 0.573769 -0.97332 
-0.990987 -0.820757 -0.860767 
0.573769 -0.820757 -0.442465 
-0.965654 -0.976065 -0.373135 
-0.976065 -0.431559 -0.970737 
-0.456172 -0.337623 -0.979702 
-0.456172 0.431554 -0.868838 
-0.456172 0.560267 0.532556 
-0.992369 -0.984178 -0.860767 
-0.992369 -0.337623 -0.867897 
-0.992369 -0.807837 -0.902686 
-0.992369 0.431554 -0.951217 
-0.984178 -0.337623 -0.392975 
-0.984178 -0.807837 0.491547 
-0.984178 0.431554 -0.8115 
-0.960548 -0.942214 -0.932865 
-0.960548 0.560267 -0.957223 
-0.337623 -0.812912 -0.913615 
-0.337623 -0.807837 0.568348 
-0.337623 0.431554 0.469172 
-0.337623 -0.63023 -0.759462 
-0.337623 -0.942214 -0.995219 
-0.337623 0.560267 -0.793175 
-0.812912 -0.807837 -0.991882 
-0.812912 0.431554 -0.746285 
-0.812912 -0.63023 0.465108 
-0.812912 -0.942214 0.522359 
-0.812912 0.560267 -0.940454 
-0.807837 0.431554 -0.445659 
-0.807837 -0.63023 -0.910364 
-0.807837 0.560267 -0.988922 
0.431554 -0.63023 -0.38031 
0.431554 -0.942214 -0.927517 
0.431554 0.560267 -0.499575 
-0.63023 -0.942214 -0.494808 
-0.63023 0.560267 -0.867004 
-0.988933 0.432699 -0.882726 
-0.988933 -0.877777 -0.85215 
-0.988933 -0.491988 -0.827806 
0.432699 -0.877777 -0.461342 
0.432699 -0.491988 0.601226 
0.432699 -0.915608 -0.993301 
0.432699 -0.434456 -0.837361 
0.432699 0.63667 -0.419488 
-0.877777 -0.491988 0.496474 
-0.491988 0.63667 -0.834782 
-0.915608 0.63667 -0.975226 
-0.434456 0.63667 0.543659 
-0.985261 0.63667 -0.973607 
-0.911627 -0.897467 -0.435846 
-0.911627 -0.854876 0.592062 
-0.911627 -0.989011 0.593617 
-0.897467 -0.854876 0.575592 
-0.897467 -0.989011 -0.845031 
-0.854876 -0.989011 -0.432128 
-0.435846 0.592062 0.575592 
-0.435846 0.593617 -0.845031 
0.592062 -0.446759 -0.849887 
0.592062 0.593617 -0.432128 
-0.446759 0.593617 0.555792 
-0.984598 -0.85215 -0.373135 
-0.984598 -0.827806 -0.833928 
-0.882726 -0.85215 -0.461342 
-0.882726 -0.827806 0.601226 
-0.85215 0.575592 -0.97722 
-0.85215 -0.827806 0.496474 
0.575592 -0.827806 -0.982731 
0.575592 -0.845031 -0.432128 
-0.89919 -0.99183 -0.373135 
-0.503111 -0.936806 -0.812642 
-0.503111 0.60749 -0.842492 
-0.503111 -0.763668 0.498137 
-0.503111 -0.649332 0.497887 
-0.503111 -0.849867 -0.817209 
-0.503111 -0.817532 -0.498238 
-0.503111 -0.963958 -0.986958 
-0.936806 -0.763668 -0.433753 
-0.936806 -0.649332 -0.996002 
0.60749 -0.763668 -0.97332 
0.60749 -0.649332 -0.860767 
0.60749 -0.848168 -0.463676 
0.60749 -0.849867 -0.867897 
0.60749 -0.817532 -0.902686 
0.60749 -0.963958 -0.951217 
-0.763668 -0.649332 -0.442465 
-0.763668 -0.849867 -0.997196 
-0.763668 -0.817532 -0.863981 
-0.649332 -0.849867 -0.392975 
-0.649332 -0.817532 0.491547 
-0.649332 -0.963958 -0.8115 
-0.849867 -0.817532 0.568348 
-0.849867 -0.963958 0.469172 
-0.817532 -0.963958 -0.445659 
-0.373135 -0.833928 0.496474 
-0.461342 0.601226 0.496474 
0.601226 -0.419488 -0.834782 
-0.993301 -0.419488 -0.975226 
-0.837361 -0.419488 0.543659 
-0.812642 0.498137 -0.433753 
-0.812642 0.497887 -0.996002 
-0.842492 0.498137 -0.97332 
-0.842492 0.497887 -0.860767 
-0.842492 -0.817209 -0.867897 
-0.842492 -0.498238 -0.902686 
-0.842492 -0.986958 -0.951217 
0.498137 0.497887 -0.442465 
0.498137 -0.817209 -0.997196 
0.498137 -0.498238 -0.863981 
0.497887 -0.817209 -0.392975 
0.497887 -0.498238 0.491547 
0.497887 -0.986958 -0.8115 
-0.817209 -0.498238 0.568348 
-0.817209 -0.986958 0.469172 
-0.498238 -0.986958 -0.445659 
-0.974554 -0.963238 0.532556 
-0.433753 -0.996002 -0.442465 
-0.98068 -0.995028 0.465108 
-0.98068 -0.963238 -0.940454 
-0.995028 -0.963238 -0.867004 
-0.979702 -0.868838 0.469172 
-0.979702 0.532556 -0.793175 
-0.868838 0.532556 -0.499575 
-0.97332 -0.860767 -0.442465 
-0.97332 -0.867897 -0.997196 
-0.97332 -0.902686 -0.863981 
-0.860767 -0.867897 -0.392975 
-0.860767 -0.902686 0.491547 
-0.860767 -0.951217 -0.8115 
-0.867897 -0.902686 0.568348 
-0.867897 -0.951217 0.469172 
-0.902686 -0.951217 -0.445659 
-0.97722 0.496474 -0.982731 
0.496474 -0.970737 -0.99621 
-0.849887 -0.432128 0.555792 
-0.442465 -0.997196 -0.392975 
-0.442465 -0.863981 0.491547 
-0.997196 -0.863981 0.568348 
-0.392975 0.491547 0.568348 
-0.392975 -0.8115 0.469172 
0.491547 -0.8115 -0.445659 
-0.995763 -0.994928 0.543659 
-0.913615 0.568348 -0.991882 
-0.913615 0.469172 -0.746285 
-0.913615 -0.759462 0.465108 
-0.913615 -0.995219 0.522359 
-0.913615 -0.793175 -0.940454 
0.568348 0.469172 -0.445659 
0.568348 -0.759462 -0.910364 
0.568348 -0.793175 -0.988922 
0.469172 -0.759462 -0.38031 
0.469172 -0.995219 -0.927517 
0.469172 -0.793175 -0.499575 
-0.759462 -0.995219 -0.494808 
-0.759462 -0.793175 -0.867004 
-0.991882 -0.746285 -0.445659 
-0.991882 0.465108 -0.910364 
-0.991882 -0.940454 -0.988922 
-0.746285 0.465108 -0.38031 
-0.746285 0.522359 -0.927517 
-0.746285 -0.940454 -0.499575 
0.465108 0.522359 -0.494808 
0.465108 -0.940454 -0.867004 
-0.445659 -0.910364 -0.38031 
-0.445659 -0.988922 -0.499575 
-0.910364 -0.988922 -0.867004 
-0.38031 -0.927517 -0.494808 
-0.38031 -0.499575 -0.867004 
