-0.589879 0.554265 -0.905381 
-0.589879 0.546486 -0.746625 
-0.589879 -0.439626 -0.966119 
-0.589879 -0.995336 -0.362187 
-0.589879 -0.826079 -0.955172 
-0.589879 -0.852629 -0.415457 
-0.589879 -0.627854 0.387003 
-0.589879 -0.844206 0.61602 
0.554265 0.546486 -0.0115678 
0.554265 -0.41039 0.523082 
0.554265 -0.439626 -0.46581 
0.554265 -0.826079 -0.93083 
0.554265 -0.4435 -0.0621475 
0.554265 -0.852629 -0.984608 
0.554265 -0.627854 -0.90407 
0.546486 -0.41039 -0.409728 
0.546486 -0.995948 -0.995414 
0.546486 -0.439626 0.504648 
0.546486 -0.826079 -0.841782 
0.546486 -0.4435 -0.00936829 
0.546486 -0.852629 -0.993974 
0.546486 -0.627854 -0.851834 
0.546486 -0.844206 -0.8705 
-0.41039 -0.439626 -0.423609 
-0.41039 -0.826079 -0.986924 
-0.41039 -0.4435 0.538912 
-0.995948 -0.826079 0.579953 
-0.439626 -0.826079 -0.910939 
-0.439626 -0.4435 0.523083 
-0.995336 -0.852629 -0.934986 
-0.995336 -0.627854 -0.813878 
-0.995336 -0.844206 0.481228 
-0.826079 -0.4435 -0.969568 
-0.826079 -0.852629 -0.984822 
-0.826079 -0.627854 -0.873154 
-0.852629 -0.627854 0.569476 
-0.852629 -0.844206 -0.790835 
-0.627854 -0.844206 -0.457166 
-0.479179 0.525408 0.53279 
-0.479179 -0.949308 -0.954962 
-0.479179 0.583839 -0.859699 
-0.479179 -0.850509 0.617644 
0.525408 -0.458717 -0.862257 
0.525408 -0.949308 -0.938519 
0.525408 0.583839 -0.457516 
0.525408 -0.850509 -0.4261 
-0.458717 0.583839 0.526929 
-0.949308 0.583839 -0.996545 
-0.998653 -0.390395 -0.435517 
-0.998653 0.632356 -0.842049 
-0.998653 -0.813494 0.561574 
0.548105 -0.390395 -0.82549 
0.548105 -0.963278 -0.856561 
0.548105 0.632356 -0.395262 
0.548105 -0.947635 -0.932365 
0.548105 -0.950029 -0.885978 
0.548105 -0.416765 0.576467 
0.548105 -0.813494 -0.998412 
-0.390395 0.632356 0.593674 
-0.390395 -0.416765 -0.981933 
-0.390395 -0.813494 0.60688 
-0.963278 -0.947635 -0.428828 
-0.963278 -0.950029 0.562071 
-0.963278 -0.416765 -0.694808 
0.632356 -0.947635 -0.965723 
0.632356 -0.950029 -0.988695 
0.632356 -0.416765 -0.780102 
0.632356 -0.813494 -0.414467 
-0.947635 -0.950029 0.610089 
-0.947635 -0.416765 -0.943436 
-0.950029 -0.416765 -0.835208 
-0.435517 -0.842049 0.593674 
-0.435517 -0.880416 -0.990147 
-0.435517 -0.933471 -0.96032 
-0.435517 -0.867444 -0.950712 
-0.435517 0.561574 0.60688 
-0.435517 0.615742 -0.836411 
-0.842049 0.561574 -0.414467 
-0.880416 -0.933471 -0.417815 
-0.880416 -0.867444 0.613172 
-0.880416 0.561574 -0.914217 
-0.880416 0.615742 -0.91196 
-0.880416 -0.452489 -0.966299 
-0.880416 -0.981996 0.57696 
-0.933471 -0.867444 0.606067 
-0.933471 0.561574 -0.922573 
-0.933471 0.615742 -0.971846 
-0.933471 -0.981996 -0.829763 
-0.867444 0.561574 -0.878753 
-0.867444 0.615742 -0.913498 
-0.867444 -0.452489 -0.971028 
-0.867444 -0.981996 -0.415805 
-0.97238 -0.850859 -0.963702 
-0.97238 0.615742 -0.903785 
-0.97238 -0.452489 -0.891557 
0.561574 0.615742 -0.431392 
0.561574 -0.452489 -0.85145 
-0.850859 0.615742 -0.471235 
-0.850859 -0.452489 0.570742 
0.615742 -0.452489 0.506345 
0.615742 -0.981996 -0.989915 
-0.905381 -0.746625 -0.0115678 
-0.905381 -0.966119 -0.46581 
-0.905381 -0.955172 -0.93083 
-0.905381 -0.415457 -0.984608 
-0.905381 0.387003 -0.90407 
-0.746625 -0.966119 0.504648 
-0.746625 -0.955172 -0.841782 
-0.746625 -0.415457 -0.993974 
-0.746625 0.387003 -0.851834 
-0.746625 0.61602 -0.8705 
-0.959625 -0.821495 0.630381 
-0.959625 -0.362187 -0.347545 
-0.959625 -0.987238 -0.931187 
-0.959625 0.61602 -0.821613 
-0.821495 -0.362187 0.525414 
-0.821495 -0.987238 -0.91182 
-0.821495 0.387003 -0.991163 
-0.821495 0.61602 -0.490268 
-0.966119 -0.955172 -0.910939 
-0.362187 -0.415457 -0.934986 
-0.362187 -0.987238 -0.916307 
-0.362187 0.387003 -0.813878 
-0.362187 0.61602 0.481228 
-0.955172 -0.415457 -0.984822 
-0.955172 0.387003 -0.873154 
-0.415457 0.387003 0.569476 
-0.415457 0.61602 -0.790835 
-0.987238 0.387003 -0.996009 
-0.987238 0.61602 -0.941875 
0.387003 0.61602 -0.457166 
-0.0115678 0.523082 -0.409728 
-0.0115678 -0.46581 0.504648 
-0.0115678 -0.93083 -0.841782 
-0.0115678 -0.0621475 -0.00936829 
-0.0115678 -0.984608 -0.993974 
-0.0115678 -0.90407 -0.851834 
0.523082 -0.46581 -0.423609 
0.523082 -0.93083 -0.986924 
0.523082 -0.0621475 0.538912 
-0.46581 -0.93083 -0.910939 
-0.46581 -0.0621475 0.523083 
-0.93083 -0.0621475 -0.969568 
-0.93083 -0.984608 -0.984822 
-0.93083 -0.90407 -0.873154 
-0.984608 -0.90407 0.569476 
-0.82549 -0.395262 0.593674 
-0.82549 0.576467 -0.981933 
-0.82549 -0.998412 0.60688 
-0.856561 -0.965656 0.60895 
-0.856561 -0.932365 -0.428828 
-0.856561 -0.885978 0.562071 
-0.856561 0.576467 -0.694808 
-0.395262 -0.932365 -0.965723 
-0.395262 -0.885978 -0.988695 
-0.395262 0.576467 -0.780102 
-0.395262 -0.998412 -0.414467 
-0.965656 -0.932365 -0.81242 
-0.965656 -0.885978 -0.384044 
-0.965656 0.576467 -0.823619 
-0.932365 -0.885978 0.610089 
-0.932365 0.576467 -0.943436 
-0.885978 0.576467 -0.835208 
0.576467 -0.952692 -0.770327 
0.576467 -0.981905 -0.822254 
-0.952692 -0.981905 0.546754 
-0.409728 0.504648 -0.423609 
-0.409728 -0.841782 -0.986924 
-0.409728 -0.00936829 0.538912 
-0.995414 -0.841782 0.579953 
0.504648 -0.841782 -0.910939 
0.504648 -0.00936829 0.523083 
-0.841782 -0.00936829 -0.969568 
-0.841782 -0.993974 -0.984822 
-0.841782 -0.851834 -0.873154 
-0.993974 -0.851834 0.569476 
-0.993974 -0.8705 -0.790835 
-0.851834 -0.8705 -0.457166 
0.593674 -0.981933 -0.780102 
0.593674 0.60688 -0.414467 
-0.990147 -0.96032 -0.417815 
-0.990147 -0.950712 0.613172 
-0.990147 0.60688 -0.914217 
-0.990147 -0.836411 -0.91196 
-0.96032 -0.950712 0.606067 
-0.96032 0.60688 -0.922573 
-0.96032 -0.836411 -0.971846 
-0.950712 0.60688 -0.878753 
-0.950712 -0.836411 -0.913498 
0.60688 -0.836411 -0.431392 
-0.996931 -0.994493 0.678943 
-0.368683 -0.9857 -0.420568 
-0.368683 -0.66807 -0.895813 
-0.368683 -0.925069 -0.986435 
-0.368683 -0.403784 -0.292477 
-0.368683 -0.420409 -0.993934 
-0.368683 -0.831393 -0.673408 
-0.368683 0.475619 0.398048 
-0.368683 0.678259 -0.800158 
-0.368683 -0.796841 0.614765 
-0.9857 -0.403784 -0.952452 
-0.9857 -0.831393 -0.99396 
-0.9857 0.475619 -0.87025 
-0.9857 -0.796841 0.590242 
-0.66807 -0.925069 0.526929 
-0.66807 -0.403784 -0.977565 
-0.66807 -0.420409 -0.750413 
-0.66807 0.475619 -0.852763 
-0.66807 0.678259 -0.642114 
-0.66807 -0.837968 -0.893455 
-0.66807 -0.796841 -0.96872 
-0.925069 -0.420409 -0.968328 
-0.925069 0.475619 -0.982957 
-0.925069 0.678259 -0.928347 
-0.403784 -0.420409 -0.964439 
-0.403784 -0.831393 0.595921 
-0.403784 0.475619 0.475542 
-0.403784 0.678259 -0.752087 
-0.403784 -0.796841 -0.723314 
-0.420409 0.475619 -0.847396 
-0.420409 0.678259 0.53849 
-0.420409 -0.837968 0.597822 
-0.831393 0.475619 -0.456584 
-0.831393 0.678259 -0.966676 
-0.831393 -0.796841 -0.855748 
0.475619 0.678259 -0.422845 
0.475619 -0.796841 -0.497591 
0.678259 -0.837968 -0.452042 
0.678259 -0.796841 -0.978738 
-0.433651 0.60895 0.544878 
-0.433651 -0.428828 -0.996281 
-0.433651 -0.986455 -0.364685 
-0.433651 0.562071 -0.829668 
-0.433651 -0.694808 -0.923471 
-0.433651 -0.821801 0.678943 
0.60895 -0.428828 -0.81242 
0.60895 -0.835858 -0.985178 
0.60895 -0.986455 -0.809476 
0.60895 0.562071 -0.384044 
0.60895 -0.694808 -0.823619 
0.60895 -0.821801 -0.403139 
-0.991928 -0.428828 -0.415869 
-0.991928 -0.835858 0.613452 
-0.991928 0.562071 -0.806774 
-0.428828 -0.835858 0.557803 
-0.428828 0.562071 0.610089 
-0.428828 -0.694808 -0.943436 
-0.835858 0.562071 -0.414613 
-0.986455 -0.821801 0.636215 
0.562071 -0.694808 -0.835208 
0.562071 -0.821801 -0.990076 
-0.423609 -0.986924 -0.910939 
-0.423609 0.538912 0.523083 
-0.986924 0.538912 -0.969568 
0.630381 -0.927616 -0.822288 
0.630381 -0.347545 0.525414 
0.630381 -0.951318 -0.910134 
0.630381 -0.803228 -0.985273 
0.630381 -0.931187 -0.91182 
0.630381 -0.821613 -0.490268 
0.630381 -0.94408 -0.802526 
0.630381 0.631416 -0.396718 
0.630381 -0.380211 -0.814252 
-0.927616 -0.347545 -0.89515 
-0.927616 -0.951318 0.613172 
-0.927616 -0.821613 -0.994093 
-0.927616 -0.94408 0.57696 
-0.347545 -0.951318 -0.976279 
-0.347545 -0.931187 -0.916307 
-0.347545 -0.821613 0.481228 
-0.347545 -0.94408 -0.866119 
-0.347545 0.631416 -0.772179 
-0.347545 -0.380211 -0.970695 
-0.951318 -0.94408 -0.415805 
-0.803228 -0.976987 0.477709 
-0.803228 0.631416 -0.362149 
-0.803228 -0.380211 0.559734 
-0.976987 0.631416 -0.793657 
-0.976987 -0.380211 -0.467111 
-0.931187 -0.821613 -0.941875 
-0.931187 0.631416 -0.971449 
-0.821613 -0.94408 -0.961661 
-0.821613 0.631416 -0.979141 
0.631416 -0.380211 0.667882 
-0.965723 -0.988695 0.610089 
-0.965723 -0.780102 -0.943436 
-0.988695 -0.780102 -0.835208 
0.544878 -0.996281 -0.81242 
0.544878 -0.364685 -0.809476 
0.544878 -0.829668 -0.384044 
0.544878 -0.923471 -0.823619 
0.544878 0.678943 -0.403139 
0.544878 -0.803504 -0.985318 
-0.996281 -0.829668 0.610089 
-0.996281 -0.923471 -0.943436 
-0.364685 -0.99875 -0.467007 
-0.364685 0.678943 0.636215 
-0.364685 -0.803504 0.601047 
-0.829668 -0.923471 -0.835208 
-0.829668 0.678943 -0.990076 
-0.923471 -0.985165 -0.770327 
-0.985165 0.678943 -0.999832 
-0.99875 0.678943 -0.848659 
-0.99875 -0.803504 0.498319 
0.678943 -0.803504 -0.404612 
-0.844549 0.482142 -0.417815 
-0.844549 -0.453046 0.613172 
0.482142 0.579953 -0.465352 
0.482142 -0.453046 0.606067 
0.579953 -0.453046 -0.850811 
-0.822288 -0.927699 -0.392448 
-0.822288 0.525414 -0.89515 
-0.822288 -0.997793 -0.82759 
-0.822288 -0.998837 -0.417815 
-0.822288 -0.910134 0.613172 
-0.822288 -0.490268 -0.994093 
-0.822288 -0.802526 0.57696 
-0.927699 0.525414 -0.940683 
-0.927699 -0.997793 0.53279 
-0.927699 -0.998837 -0.996168 
-0.927699 -0.910134 -0.819391 
-0.927699 -0.490268 -0.981786 
-0.927699 -0.802526 0.617644 
0.525414 -0.997793 -0.985213 
0.525414 -0.910134 -0.976279 
0.525414 -0.91182 -0.916307 
0.525414 -0.991163 -0.813878 
0.525414 -0.490268 0.481228 
0.525414 -0.802526 -0.866119 
0.525414 -0.396718 -0.772179 
0.525414 -0.814252 -0.970695 
-0.997793 -0.490268 -0.988932 
-0.997793 -0.802526 -0.4261 
-0.998837 -0.910134 0.606067 
-0.998837 -0.802526 -0.829763 
-0.910134 -0.802526 -0.415805 
-0.985273 -0.396718 -0.362149 
-0.985273 -0.814252 0.559734 
-0.91182 -0.991163 -0.996009 
-0.91182 -0.490268 -0.941875 
-0.91182 -0.396718 -0.971449 
-0.991163 -0.490268 -0.457166 
-0.490268 -0.802526 -0.961661 
-0.490268 -0.396718 -0.979141 
-0.396718 -0.814252 0.667882 
-0.910939 0.523083 -0.969568 
0.523083 -0.996586 -0.993795 
-0.996586 -0.979137 0.534485 
-0.392448 -0.975344 -0.98451 
-0.392448 -0.89515 -0.940683 
-0.392448 -0.82759 0.53279 
-0.392448 -0.988404 -0.985795 
-0.392448 -0.417815 -0.996168 
-0.392448 -0.971246 -0.960826 
-0.392448 0.613172 -0.819391 
-0.392448 -0.994093 -0.981786 
-0.392448 0.57696 0.617644 
-0.975344 -0.988404 -0.415869 
-0.975344 -0.971246 0.613452 
-0.975344 0.613172 -0.991074 
-0.975344 0.57696 -0.95724 
-0.89515 -0.82759 -0.985213 
-0.89515 0.613172 -0.976279 
-0.89515 -0.994093 0.481228 
-0.89515 0.57696 -0.866119 
-0.82759 -0.994093 -0.988932 
-0.82759 0.57696 -0.4261 
-0.988404 -0.971246 0.557803 
-0.988404 0.57696 -0.948232 
-0.417815 0.613172 0.606067 
-0.417815 -0.914217 -0.922573 
-0.417815 -0.91196 -0.971846 
-0.417815 0.57696 -0.829763 
-0.971246 0.613172 -0.999288 
-0.971246 0.57696 -0.930172 
0.613172 -0.914217 -0.878753 
0.613172 -0.91196 -0.913498 
0.613172 -0.966299 -0.971028 
0.613172 0.57696 -0.415805 
-0.914217 -0.91196 -0.431392 
-0.914217 -0.966299 -0.85145 
-0.91196 -0.966299 0.506345 
-0.91196 0.57696 -0.989915 
-0.994093 0.57696 -0.961661 
-0.98451 -0.985795 -0.415869 
-0.98451 -0.960826 0.613452 
-0.98451 -0.819391 -0.991074 
-0.98451 0.617644 -0.95724 
-0.940683 0.53279 -0.985213 
-0.940683 -0.819391 -0.976279 
-0.940683 -0.981786 0.481228 
-0.940683 0.617644 -0.866119 
0.53279 -0.981786 -0.988932 
0.53279 -0.954962 -0.938519 
0.53279 -0.859699 -0.457516 
0.53279 0.617644 -0.4261 
-0.985795 -0.960826 0.557803 
-0.985795 0.617644 -0.948232 
-0.996168 -0.819391 0.606067 
-0.996168 0.617644 -0.829763 
-0.960826 -0.819391 -0.999288 
-0.960826 0.617644 -0.930172 
-0.819391 0.617644 -0.415805 
-0.981786 0.617644 -0.961661 
-0.954962 -0.859699 -0.996545 
-0.81242 -0.985178 0.557803 
-0.81242 -0.384044 0.610089 
-0.81242 -0.823619 -0.943436 
-0.985178 -0.384044 -0.414613 
-0.809476 -0.403139 0.636215 
-0.809476 -0.985318 0.601047 
-0.384044 -0.823619 -0.835208 
-0.384044 -0.403139 -0.990076 
-0.403139 -0.985318 -0.404612 
-0.415869 0.613452 0.557803 
-0.415869 -0.806774 0.610089 
-0.415869 -0.95724 -0.948232 
-0.415869 0.553443 -0.838 
0.613452 -0.991074 -0.999288 
0.613452 -0.806774 -0.414613 
0.613452 -0.95724 -0.930172 
0.613452 -0.439535 -0.842621 
0.613452 0.553443 -0.437352 
-0.991074 -0.95724 -0.415805 
-0.806774 0.553443 -0.988479 
-0.439535 -0.853774 0.53849 
-0.439535 0.553443 0.597822 
-0.853774 0.553443 -0.452042 
-0.985213 0.481228 -0.988932 
-0.985213 -0.866119 -0.4261 
-0.976279 -0.866119 -0.415805 
-0.934986 -0.813878 0.569476 
-0.934986 0.481228 -0.790835 
-0.916307 -0.813878 -0.996009 
-0.916307 0.481228 -0.941875 
-0.916307 -0.772179 -0.971449 
-0.813878 0.481228 -0.457166 
0.481228 -0.866119 -0.961661 
0.481228 -0.772179 -0.979141 
-0.772179 -0.970695 0.667882 
-0.862257 -0.457516 0.526929 
-0.988932 -0.4261 -0.961661 
-0.938519 -0.457516 -0.996545 
0.557803 0.610089 -0.414613 
0.557803 -0.948232 -0.930172 
0.557803 -0.838 -0.437352 
0.610089 -0.943436 -0.835208 
0.610089 -0.838 -0.988479 
-0.465352 0.606067 -0.850811 
0.606067 -0.922573 -0.878753 
0.606067 -0.971846 -0.913498 
0.606067 -0.829763 -0.415805 
-0.922573 -0.971846 -0.431392 
-0.971846 -0.829763 -0.989915 
-0.984822 -0.873154 0.569476 
-0.999288 -0.930172 -0.415805 
-0.414613 -0.437352 -0.988479 
-0.842621 -0.437352 0.597822 
-0.971913 -0.467007 -0.726431 
-0.971913 0.601047 -0.852009 
-0.971913 -0.85296 -0.68558 
-0.467007 0.636215 -0.848659 
-0.467007 0.601047 0.498319 
-0.467007 -0.85296 0.534485 
0.636215 0.601047 -0.404612 
0.601047 -0.85296 -0.462515 
-0.878753 -0.913498 -0.431392 
-0.878753 -0.971028 -0.85145 
-0.913498 -0.971028 0.506345 
-0.913498 -0.415805 -0.989915 
-0.993074 -0.9273 -0.68558 
-0.993074 -0.292477 -0.94827 
-0.993074 -0.673408 -0.792689 
-0.993074 0.614765 -0.978895 
-0.420568 -0.292477 -0.952452 
-0.420568 -0.673408 -0.99396 
-0.420568 0.398048 -0.87025 
-0.420568 0.614765 0.590242 
-0.9273 -0.292477 -0.46075 
-0.9273 -0.673408 0.498504 
-0.9273 0.398048 -0.863976 
-0.9273 0.614765 -0.986277 
-0.895813 -0.986435 0.526929 
-0.895813 -0.292477 -0.977565 
-0.895813 -0.993934 -0.750413 
-0.895813 0.398048 -0.852763 
-0.895813 -0.800158 -0.642114 
-0.895813 0.614765 -0.96872 
-0.986435 -0.993934 -0.968328 
-0.986435 0.398048 -0.982957 
-0.986435 -0.800158 -0.928347 
-0.292477 -0.993934 -0.964439 
-0.292477 -0.673408 0.595921 
-0.292477 0.398048 0.475542 
-0.292477 -0.800158 -0.752087 
-0.292477 0.614765 -0.723314 
-0.993934 0.398048 -0.847396 
-0.993934 -0.800158 0.53849 
-0.673408 0.398048 -0.456584 
-0.673408 -0.800158 -0.966676 
-0.673408 0.614765 -0.855748 
0.398048 -0.800158 -0.422845 
0.398048 0.614765 -0.497591 
-0.800158 0.614765 -0.978738 
0.477709 -0.875758 -0.471235 
0.477709 -0.480559 0.570742 
0.477709 -0.910818 -0.957176 
0.477709 -0.362149 -0.793657 
0.477709 0.559734 -0.467111 
-0.875758 -0.480559 0.506345 
-0.480559 -0.362149 -0.97251 
-0.480559 0.559734 -0.848535 
-0.910818 -0.362149 -0.982115 
-0.910818 0.559734 -0.93376 
-0.362149 0.559734 0.667882 
-0.87348 -0.770327 -0.442254 
-0.87348 -0.822254 0.577222 
-0.87348 -0.972909 0.580169 
-0.770327 -0.822254 0.546754 
-0.770327 -0.972909 -0.849212 
-0.822254 -0.972909 -0.441664 
-0.442254 0.577222 0.546754 
-0.442254 0.580169 -0.849212 
0.577222 -0.44781 -0.849835 
0.577222 0.580169 -0.441664 
-0.44781 0.580169 0.56118 
-0.963702 -0.903785 -0.471235 
-0.963702 -0.891557 0.570742 
-0.903785 0.546754 -0.986572 
-0.903785 -0.891557 0.506345 
0.546754 -0.849212 -0.441664 
-0.726431 0.569476 -0.955763 
-0.726431 -0.852009 0.498319 
-0.726431 -0.68558 0.534485 
-0.726431 -0.94827 -0.860226 
-0.726431 -0.792689 -0.480537 
0.569476 -0.852009 -0.999463 
0.569476 -0.68558 -0.927511 
0.569476 -0.790835 -0.457166 
0.569476 -0.792689 -0.94615 
0.569476 -0.978895 -0.992761 
-0.852009 -0.68558 -0.462515 
-0.852009 -0.792689 -0.849472 
-0.68558 -0.94827 -0.46075 
-0.68558 -0.792689 0.498504 
-0.68558 -0.978895 -0.986277 
-0.94827 -0.792689 0.595921 
-0.94827 -0.978895 -0.723314 
-0.792689 -0.978895 -0.855748 
-0.431392 -0.85145 0.506345 
-0.471235 0.570742 0.506345 
0.570742 -0.793657 -0.97251 
0.570742 -0.467111 -0.848535 
-0.957176 -0.793657 -0.982115 
-0.957176 -0.467111 -0.93376 
-0.793657 -0.467111 0.667882 
-0.848659 0.498319 -0.404612 
-0.955763 0.498319 -0.999463 
-0.955763 0.534485 -0.927511 
-0.955763 -0.480537 -0.94615 
0.498319 0.534485 -0.462515 
0.498319 -0.480537 -0.849472 
0.534485 -0.860226 -0.46075 
0.534485 -0.480537 0.498504 
-0.860226 -0.480537 0.595921 
-0.996009 -0.941875 -0.457166 
-0.996009 -0.99396 -0.94615 
-0.996009 0.590242 -0.992761 
-0.941875 -0.971449 -0.979141 
-0.86826 -0.953897 0.56118 
-0.86826 -0.971449 -0.982115 
-0.86826 0.590242 -0.955067 
-0.952452 -0.99396 0.595921 
-0.952452 -0.87025 0.475542 
-0.952452 0.590242 -0.723314 
-0.99396 -0.87025 -0.456584 
-0.99396 0.590242 -0.855748 
-0.87025 0.590242 -0.497591 
-0.999463 -0.927511 -0.462515 
-0.999463 -0.94615 -0.849472 
-0.927511 -0.94615 0.498504 
-0.927511 -0.992761 -0.986277 
-0.94615 -0.992761 -0.855748 
-0.849835 -0.441664 0.56118 
-0.462515 -0.849472 0.498504 
-0.46075 0.498504 0.595921 
-0.46075 -0.863976 0.475542 
-0.46075 -0.986277 -0.723314 
0.498504 -0.863976 -0.456584 
0.498504 -0.986277 -0.855748 
-0.863976 -0.986277 -0.497591 
0.526929 -0.750413 -0.968328 
0.526929 -0.852763 -0.982957 
0.526929 -0.642114 -0.928347 
-0.977565 -0.750413 -0.964439 
-0.977565 -0.852763 0.475542 
-0.977565 -0.642114 -0.752087 
-0.977565 -0.96872 -0.723314 
-0.750413 -0.852763 -0.847396 
-0.750413 -0.642114 0.53849 
-0.750413 -0.893455 0.597822 
-0.852763 -0.642114 -0.422845 
-0.852763 -0.96872 -0.497591 
-0.642114 -0.893455 -0.452042 
-0.642114 -0.96872 -0.978738 
-0.97251 -0.848535 0.667882 
-0.982115 -0.93376 0.667882 
-0.968328 -0.982957 -0.847396 
-0.968328 -0.928347 0.53849 
-0.982957 -0.928347 -0.422845 
-0.964439 0.475542 -0.847396 
-0.964439 -0.752087 0.53849 
0.595921 0.475542 -0.456584 
0.595921 -0.752087 -0.966676 
0.595921 -0.723314 -0.855748 
0.475542 -0.752087 -0.422845 
0.475542 -0.723314 -0.497591 
-0.752087 -0.723314 -0.978738 
-0.847396 0.53849 -0.422845 
0.53849 0.597822 -0.452042 
-0.456584 -0.966676 -0.422845 
-0.456584 -0.855748 -0.497591 
-0.966676 -0.855748 -0.978738 
-0.422845 -0.497591 -0.978738 
