-0.955449 0.509815 -0.99903 
-0.955449 -0.721453 -0.510685 
-0.955449 -0.801733 0.417314 
0.509815 0.531 -0.0897294 
0.509815 -0.462799 0.487545 
0.509815 -0.426431 -0.455707 
0.509815 -0.409983 0.0166288 
0.509815 -0.721453 -0.641397 
0.509815 -0.801733 -0.840769 
0.509815 -0.998253 -0.875272 
0.531 -0.462799 -0.516412 
0.531 -0.426431 0.503418 
0.531 -0.409983 -0.0535969 
0.531 -0.721453 -0.922794 
0.531 -0.801733 -0.972864 
-0.462799 -0.426431 -0.480941 
-0.462799 -0.409983 0.489301 
-0.462799 -0.721453 -0.838631 
-0.462799 -0.801733 -0.983919 
-0.462799 -0.998253 -0.768667 
-0.426431 -0.409983 0.497211 
-0.409983 -0.721453 -0.951495 
-0.409983 -0.998253 -0.912374 
-0.721453 -0.801733 0.551507 
-0.721453 -0.998253 -0.743684 
-0.801733 -0.998253 -0.967244 
-0.99903 -0.510685 -0.641397 
-0.99903 0.417314 -0.840769 
-0.970444 -0.392773 -0.449848 
-0.970444 0.633751 -0.761078 
-0.970444 -0.679187 -0.821189 
-0.970444 -0.811051 0.59839 
-0.970444 -0.86111 -0.969736 
-0.392773 0.633751 0.54743 
-0.392773 -0.99816 -0.884268 
-0.392773 -0.679187 0.245442 
-0.392773 0.417314 -0.843634 
-0.392773 -0.811051 0.497007 
-0.392773 -0.86111 -0.516388 
0.633751 -0.99816 -0.96916 
0.633751 -0.510685 -0.869582 
0.633751 -0.679187 -0.38053 
0.633751 0.417314 -0.485288 
0.633751 -0.811051 -0.371249 
0.633751 -0.86111 -0.75576 
-0.99816 -0.679187 -0.422558 
-0.99816 -0.811051 -0.981354 
-0.99816 -0.86111 0.540638 
-0.968853 -0.958858 0.620817 
-0.968853 -0.510685 -0.899604 
-0.968853 0.417314 -0.928261 
-0.958858 -0.510685 -0.972602 
-0.958858 0.417314 -0.9605 
-0.510685 0.417314 0.551507 
-0.679187 0.417314 -0.907366 
-0.679187 -0.811051 -0.394409 
-0.679187 -0.86111 0.598567 
0.417314 -0.86111 -0.968078 
-0.811051 -0.86111 -0.773431 
0.612477 -0.459151 -0.848112 
0.612477 -0.907831 -0.904809 
0.612477 0.6059 -0.406651 
0.612477 -0.948941 -0.910551 
0.612477 -0.924963 -0.9015 
0.612477 -0.950735 -0.972828 
0.612477 -0.438307 0.539896 
0.612477 -0.820553 -0.385253 
0.612477 -0.979527 -0.965206 
0.612477 -0.998022 -0.825764 
-0.459151 0.6059 0.454381 
-0.459151 -0.997418 -0.981222 
-0.459151 -0.950735 -0.997721 
-0.459151 -0.833467 0.638194 
-0.907831 0.6059 -0.921132 
-0.907831 -0.948941 -0.472304 
-0.907831 -0.924963 0.555159 
-0.907831 -0.997418 -0.419326 
-0.907831 -0.950735 0.566705 
-0.907831 -0.438307 -0.98069 
-0.907831 -0.820553 -0.989804 
-0.907831 -0.979527 -0.806092 
0.6059 -0.948941 -0.996219 
0.6059 -0.924963 -0.959805 
0.6059 -0.997418 -0.948093 
0.6059 -0.950735 -0.926444 
0.6059 -0.438307 -0.842004 
0.6059 -0.820553 -0.993684 
0.6059 -0.833467 -0.46222 
-0.948941 -0.924963 0.503794 
-0.948941 -0.950735 -0.857239 
-0.948941 -0.438307 -0.94453 
-0.948941 -0.820553 -0.946913 
-0.948941 -0.979527 0.634752 
-0.948941 -0.998022 -0.966262 
-0.924963 -0.997418 -0.828974 
-0.924963 -0.950735 -0.444404 
-0.924963 -0.438307 -0.960581 
-0.924963 -0.820553 -0.964525 
-0.924963 -0.979527 -0.366493 
-0.924963 -0.998022 -0.993574 
-0.997418 -0.950735 0.61667 
-0.950735 -0.979527 -0.983827 
-0.438307 -0.820553 0.572338 
-0.438307 -0.979527 -0.99523 
-0.438307 -0.998022 -0.45907 
-0.820553 -0.998022 0.499873 
-0.408614 -0.910017 -0.984859 
-0.408614 -0.857073 0.454381 
-0.408614 0.567888 0.638194 
-0.408614 0.612121 -0.830169 
-0.408614 -0.398425 -0.994873 
-0.910017 -0.915725 0.489301 
-0.910017 0.567888 -0.949553 
-0.910017 0.612121 -0.956437 
-0.857073 0.567888 -0.46222 
-0.999106 -0.835937 0.631186 
-0.999106 0.612121 -0.833513 
-0.999106 -0.398425 -0.413939 
-0.915725 0.567888 -0.991973 
-0.915725 0.612121 -0.909964 
-0.915725 -0.398425 -0.996635 
0.567888 0.612121 -0.427269 
0.567888 -0.398425 -0.819086 
-0.835937 0.612121 -0.436241 
-0.835937 -0.398425 0.559721 
0.612121 -0.398425 0.598613 
-0.996937 -0.824479 0.58097 
-0.996937 -0.402138 -0.403052 
-0.996937 -0.809958 -0.944127 
-0.996937 0.627383 -0.828962 
-0.824479 -0.402138 0.625758 
-0.824479 -0.809958 -0.863686 
-0.824479 0.607206 -0.996849 
-0.824479 0.627383 -0.40799 
-0.824479 -0.869448 -0.955298 
-0.402138 -0.937941 -0.95674 
-0.402138 -0.408283 -0.99424 
-0.402138 -0.809958 -0.732835 
-0.402138 0.607206 -0.822869 
-0.402138 0.627383 0.594868 
-0.402138 -0.869448 -0.857818 
-0.841385 -0.408283 0.509413 
-0.841385 0.607206 -0.450206 
-0.841385 0.627383 -0.995439 
-0.937941 -0.809958 -0.462149 
-0.937941 0.627383 -0.944417 
-0.937941 -0.869448 0.582582 
-0.408283 0.607206 0.620817 
-0.408283 0.627383 -0.807732 
-0.809958 0.607206 -0.963255 
-0.809958 0.627383 -0.766732 
-0.809958 -0.869448 0.515213 
0.607206 0.627383 -0.382405 
0.607206 -0.869448 -0.97953 
0.627383 -0.869448 -0.859605 
-0.0897294 0.487545 -0.516412 
-0.0897294 -0.455707 0.503418 
-0.0897294 0.0166288 -0.0535969 
-0.0897294 -0.641397 -0.922794 
-0.0897294 -0.840769 -0.972864 
0.487545 -0.455707 -0.480941 
0.487545 -0.892609 -0.747966 
0.487545 -0.968665 -0.871696 
0.487545 0.0166288 0.489301 
0.487545 -0.641397 -0.838631 
0.487545 -0.840769 -0.983919 
0.487545 -0.939694 -0.912936 
0.487545 -0.875272 -0.768667 
-0.455707 0.0166288 0.497211 
-0.892609 -0.968665 0.595445 
-0.892609 0.0166288 -0.942742 
-0.892609 -0.641397 -0.836543 
-0.892609 -0.939694 -0.426959 
-0.892609 -0.875272 0.548059 
-0.968665 -0.641397 -0.934631 
-0.968665 -0.939694 -0.819662 
-0.968665 -0.875272 -0.437638 
0.0166288 -0.641397 -0.951495 
0.0166288 -0.939694 -0.975541 
0.0166288 -0.875272 -0.912374 
-0.641397 -0.840769 0.551507 
-0.641397 -0.939694 -0.685371 
-0.641397 -0.875272 -0.743684 
-0.840769 -0.939694 -0.918649 
-0.840769 -0.875272 -0.967244 
-0.939694 -0.875272 0.572455 
-0.848112 -0.406651 0.454381 
-0.848112 -0.972828 -0.997721 
-0.904809 -0.406651 -0.921132 
-0.904809 -0.910551 -0.472304 
-0.904809 -0.9015 0.555159 
-0.904809 -0.972828 0.566705 
-0.904809 0.539896 -0.98069 
-0.904809 -0.385253 -0.989804 
-0.904809 -0.965206 -0.806092 
-0.406651 -0.910551 -0.996219 
-0.406651 -0.9015 -0.959805 
-0.406651 -0.972828 -0.926444 
-0.406651 0.539896 -0.842004 
-0.406651 -0.385253 -0.993684 
-0.910551 -0.9015 0.503794 
-0.910551 -0.972828 -0.857239 
-0.910551 0.539896 -0.94453 
-0.910551 -0.385253 -0.946913 
-0.910551 -0.965206 0.634752 
-0.910551 -0.825764 -0.966262 
-0.9015 -0.972828 -0.444404 
-0.9015 0.539896 -0.960581 
-0.9015 -0.385253 -0.964525 
-0.9015 -0.965206 -0.366493 
-0.9015 -0.825764 -0.993574 
-0.972828 -0.965206 -0.983827 
0.539896 -0.992153 -0.835014 
0.539896 -0.385253 0.572338 
0.539896 -0.965206 -0.99523 
0.539896 -0.825764 -0.45907 
-0.992153 -0.385253 -0.410791 
-0.992153 -0.825764 0.709601 
-0.385253 -0.825764 0.499873 
-0.516412 0.503418 -0.480941 
-0.516412 -0.0535969 0.489301 
-0.516412 -0.922794 -0.838631 
-0.516412 -0.972864 -0.983919 
0.503418 -0.0535969 0.497211 
0.503418 -0.980591 -0.803889 
0.503418 -0.987182 -0.831279 
-0.0535969 -0.980591 -0.947963 
-0.0535969 -0.987182 -0.935183 
-0.0535969 -0.922794 -0.951495 
-0.980591 -0.987182 0.532211 
-0.922794 -0.972864 0.551507 
-0.984859 -0.981222 -0.983249 
-0.984859 -0.985474 -0.871696 
-0.984859 0.638194 -0.949553 
-0.984859 -0.830169 -0.956437 
0.454381 -0.981222 -0.948093 
0.454381 -0.985474 -0.992503 
0.454381 -0.997721 -0.926444 
0.454381 0.638194 -0.46222 
-0.981222 -0.985474 0.52436 
-0.981222 -0.997721 0.61667 
-0.985474 -0.997721 -0.449612 
0.638194 -0.830169 -0.427269 
0.638194 -0.994873 -0.819086 
-0.830169 -0.994873 0.598613 
-0.973962 -0.413105 -0.98205 
-0.973962 0.646906 -0.942605 
-0.275064 -0.966181 -0.462149 
-0.275064 -0.989775 -0.96113 
-0.275064 -0.391511 -0.315066 
-0.275064 -0.413105 -0.974854 
-0.275064 -0.804023 -0.718818 
-0.275064 0.489954 0.534514 
-0.275064 0.646906 -0.763153 
-0.275064 -0.730938 0.582582 
-0.966181 -0.391511 -0.980612 
-0.966181 0.489954 -0.864299 
-0.966181 -0.730938 0.515213 
-0.989775 -0.391511 -0.404996 
-0.989775 -0.804023 0.534644 
-0.989775 0.489954 -0.856031 
-0.868592 -0.933492 0.551507 
-0.868592 -0.413105 -0.685371 
-0.868592 0.489954 -0.991378 
-0.868592 0.646906 -0.763294 
-0.868592 -0.838239 -0.743684 
-0.933492 -0.413105 -0.918649 
-0.933492 0.646906 -0.913667 
-0.933492 -0.838239 -0.967244 
-0.391511 -0.413105 -0.957333 
-0.391511 -0.804023 0.678333 
-0.391511 0.489954 0.449893 
-0.391511 0.646906 -0.760854 
-0.391511 -0.730938 -0.780979 
-0.413105 0.489954 -0.841535 
-0.413105 0.646906 0.568594 
-0.413105 -0.838239 0.572455 
-0.804023 0.489954 -0.445896 
-0.804023 0.646906 -0.954049 
-0.804023 -0.730938 -0.933914 
0.489954 0.646906 -0.438746 
0.489954 -0.730938 -0.457476 
0.646906 -0.838239 -0.445611 
0.646906 -0.730938 -0.944995 
-0.921132 -0.472304 -0.996219 
-0.921132 0.555159 -0.959805 
-0.921132 -0.419326 -0.948093 
-0.921132 -0.845117 -0.992503 
-0.921132 0.566705 -0.926444 
-0.921132 -0.98069 -0.842004 
-0.921132 -0.989804 -0.993684 
-0.472304 0.555159 0.503794 
-0.472304 -0.981451 -0.427585 
-0.472304 0.566705 -0.857239 
-0.472304 -0.98069 -0.94453 
-0.472304 -0.989804 -0.946913 
-0.472304 -0.806092 0.634752 
-0.951907 -0.419326 -0.665188 
-0.951907 -0.982992 0.41479 
-0.951907 -0.982784 0.602203 
-0.951907 -0.845117 -0.717519 
-0.951907 0.566705 -0.788014 
0.555159 -0.419326 -0.828974 
0.555159 -0.981451 -0.808816 
0.555159 0.566705 -0.444404 
0.555159 -0.98069 -0.960581 
0.555159 -0.989804 -0.964525 
0.555159 -0.806092 -0.366493 
-0.419326 -0.982992 -0.672762 
-0.419326 -0.982784 -0.801827 
-0.419326 -0.845117 0.52436 
-0.419326 0.566705 0.61667 
-0.982992 -0.982784 -0.491243 
-0.982992 -0.845117 -0.677341 
-0.982992 0.566705 -0.822468 
-0.982784 -0.845117 -0.8352 
-0.982784 0.566705 -0.876937 
-0.845117 0.566705 -0.449612 
-0.981451 -0.806092 0.528641 
0.566705 -0.806092 -0.983827 
-0.98069 -0.989804 0.572338 
-0.98069 -0.806092 -0.99523 
-0.480941 0.489301 0.497211 
-0.480941 -0.956437 -0.982278 
-0.747966 -0.983249 -0.457549 
-0.747966 -0.871696 0.595445 
-0.747966 0.489301 -0.942742 
-0.747966 -0.838631 -0.836543 
-0.747966 -0.912936 -0.426959 
-0.747966 -0.768667 0.548059 
-0.983249 -0.871696 0.52436 
-0.983249 -0.912936 -0.997962 
-0.983249 -0.768667 -0.853652 
-0.871696 -0.838631 -0.934631 
-0.871696 -0.912936 -0.819662 
-0.871696 -0.768667 -0.437638 
0.489301 -0.949553 -0.991973 
0.489301 -0.956437 -0.909964 
0.489301 -0.838631 -0.951495 
0.489301 -0.912936 -0.975541 
0.489301 -0.768667 -0.912374 
-0.949553 -0.956437 -0.427269 
-0.838631 -0.983919 0.551507 
-0.838631 -0.912936 -0.685371 
-0.838631 -0.768667 -0.743684 
-0.983919 -0.912936 -0.918649 
-0.983919 -0.768667 -0.967244 
-0.912936 -0.768667 0.572455 
0.58097 -0.403052 0.625758 
0.58097 -0.944127 -0.863686 
0.58097 -0.828962 -0.40799 
0.58097 0.52815 -0.443793 
0.58097 -0.478884 -0.851691 
-0.403052 -0.944127 -0.732835 
-0.403052 -0.828962 0.594868 
-0.403052 0.52815 -0.826467 
-0.403052 -0.478884 -0.999485 
-0.851411 0.52815 -0.426083 
-0.851411 -0.478884 0.64439 
-0.944127 -0.828962 -0.766732 
0.52815 -0.478884 0.533544 
-0.996219 -0.959805 0.503794 
-0.996219 -0.926444 -0.857239 
-0.996219 -0.842004 -0.94453 
-0.996219 -0.993684 -0.946913 
-0.959805 -0.948093 -0.828974 
-0.959805 -0.926444 -0.444404 
-0.959805 -0.842004 -0.960581 
-0.959805 -0.993684 -0.964525 
-0.948093 -0.992503 0.52436 
-0.948093 -0.926444 0.61667 
-0.992503 -0.926444 -0.449612 
-0.842004 -0.993684 0.572338 
0.503794 -0.427585 -0.808816 
0.503794 -0.857239 -0.444404 
0.503794 -0.94453 -0.960581 
0.503794 -0.946913 -0.964525 
0.503794 0.634752 -0.366493 
0.503794 -0.966262 -0.993574 
0.503794 -0.835369 -0.987581 
-0.427585 0.634752 0.528641 
-0.427585 -0.835369 0.620981 
-0.857239 0.634752 -0.983827 
-0.94453 -0.946913 0.572338 
-0.94453 0.634752 -0.99523 
-0.94453 -0.966262 -0.45907 
-0.946913 -0.966262 0.499873 
0.634752 -0.835369 -0.447091 
0.634752 -0.98205 -0.991822 
0.634752 -0.942605 -0.966927 
-0.98205 -0.942605 0.568594 
-0.878244 -0.85157 -0.882586 
-0.878244 -0.665188 -0.887918 
-0.878244 0.41479 -0.465235 
-0.878244 -0.717519 -0.836382 
-0.878244 -0.499592 0.514648 
-0.878244 -0.788014 -0.976674 
-0.878244 -0.946302 -0.953409 
-0.85157 -0.665188 -0.457549 
-0.85157 0.41479 -0.812 
-0.85157 0.602203 -0.916339 
-0.85157 -0.717519 0.595445 
-0.85157 -0.499592 -0.814939 
-0.85157 -0.788014 -0.849574 
-0.85157 -0.98151 -0.836543 
-0.85157 -0.988379 -0.426959 
-0.85157 -0.946302 0.548059 
-0.665188 0.41479 -0.672762 
-0.665188 0.602203 -0.801827 
-0.665188 -0.717519 0.52436 
-0.665188 -0.499592 -0.760787 
-0.665188 -0.788014 0.61667 
-0.665188 -0.453679 -0.957416 
-0.665188 -0.988379 -0.997962 
-0.665188 -0.946302 -0.853652 
0.41479 0.602203 -0.491243 
0.41479 -0.717519 -0.677341 
0.41479 -0.499592 0.584246 
0.41479 -0.788014 -0.822468 
0.41479 -0.453679 -0.878761 
0.41479 -0.988379 -0.974177 
0.41479 -0.946302 -0.919548 
0.602203 -0.717519 -0.8352 
0.602203 -0.499592 -0.86196 
0.602203 -0.788014 -0.876937 
0.602203 -0.453679 0.509413 
0.602203 -0.84083 -0.450206 
0.602203 -0.98151 -0.900124 
0.602203 -0.946302 -0.978142 
-0.717519 -0.499592 -0.718023 
-0.717519 -0.788014 -0.449612 
-0.717519 -0.453679 -0.980111 
-0.717519 -0.98151 -0.934631 
-0.717519 -0.988379 -0.819662 
-0.717519 -0.946302 -0.437638 
-0.499592 -0.788014 -0.895047 
-0.499592 -0.988379 -0.977749 
-0.499592 -0.946302 -0.915525 
-0.788014 -0.453679 -0.981693 
-0.453679 -0.84083 0.620817 
-0.453679 -0.98151 -0.899604 
-0.84083 -0.98151 -0.972602 
-0.98151 -0.988379 -0.685371 
-0.98151 -0.946302 -0.743684 
-0.988379 -0.946302 0.572455 
0.625758 -0.863686 -0.732835 
0.625758 -0.996849 -0.822869 
0.625758 -0.40799 0.594868 
0.625758 -0.443793 -0.826467 
0.625758 -0.851691 -0.999485 
0.625758 -0.955298 -0.857818 
-0.863686 -0.996849 -0.963255 
-0.863686 -0.40799 -0.766732 
-0.863686 -0.955298 0.515213 
-0.996849 -0.40799 -0.382405 
-0.996849 -0.955298 -0.97953 
-0.40799 -0.955298 -0.859605 
-0.443793 -0.851691 0.533544 
-0.903139 0.497211 -0.956773 
-0.903139 -0.803889 -0.442958 
-0.903139 -0.996766 0.528641 
-0.903139 -0.831279 0.620981 
-0.903139 -0.883451 -0.84032 
0.497211 -0.803889 -0.947963 
0.497211 -0.982278 -0.909964 
0.497211 -0.831279 -0.935183 
-0.803889 -0.996766 -0.857759 
-0.803889 -0.831279 0.532211 
-0.803889 -0.883451 0.635759 
-0.803889 -0.983979 -0.439058 
-0.996766 -0.831279 -0.447091 
-0.831279 -0.883451 -0.438594 
-0.831279 -0.983979 -0.855589 
-0.883451 -0.983979 0.534644 
-0.449848 -0.761078 0.54743 
-0.449848 0.514648 -0.862225 
-0.449848 -0.821189 0.245442 
-0.449848 0.59839 0.497007 
-0.449848 -0.969736 -0.516388 
-0.882586 -0.887918 -0.457549 
-0.882586 -0.465235 -0.812 
-0.882586 -0.836382 0.595445 
-0.882586 0.514648 -0.814939 
-0.882586 -0.976674 -0.849574 
-0.882586 0.59839 -0.951479 
-0.882586 -0.953409 0.548059 
-0.761078 0.514648 -0.980433 
-0.761078 -0.821189 -0.38053 
-0.761078 0.59839 -0.371249 
-0.761078 -0.969736 -0.75576 
-0.887918 -0.465235 -0.672762 
-0.887918 -0.836382 0.52436 
-0.887918 0.514648 -0.760787 
-0.887918 -0.976674 0.61667 
-0.887918 0.59839 -0.994197 
-0.887918 -0.953409 -0.853652 
-0.465235 -0.836382 -0.677341 
-0.465235 0.514648 0.584246 
-0.465235 -0.976674 -0.822468 
-0.465235 0.59839 -0.848895 
-0.465235 -0.953409 -0.919548 
-0.836382 0.514648 -0.718023 
-0.836382 -0.976674 -0.449612 
-0.836382 0.59839 -0.947023 
-0.836382 -0.953409 -0.437638 
0.514648 -0.976674 -0.895047 
0.514648 -0.993071 -0.977733 
0.514648 -0.821189 -0.995777 
0.514648 0.59839 -0.447842 
0.514648 -0.953409 -0.915525 
-0.998908 -0.993071 0.559721 
-0.821189 0.59839 -0.394409 
-0.821189 -0.969736 0.598567 
0.59839 -0.969736 -0.773431 
0.59839 -0.953409 -0.987269 
0.54743 -0.862225 -0.980433 
0.54743 -0.884268 -0.96916 
0.54743 0.245442 -0.38053 
0.54743 -0.843634 -0.485288 
0.54743 0.497007 -0.371249 
0.54743 -0.516388 -0.75576 
-0.862225 0.245442 -0.995777 
-0.862225 0.497007 -0.447842 
-0.884268 0.245442 -0.422558 
-0.884268 0.497007 -0.981354 
-0.884268 -0.516388 0.540638 
0.245442 -0.843634 -0.907366 
0.245442 0.497007 -0.394409 
0.245442 -0.516388 0.598567 
-0.843634 -0.516388 -0.968078 
0.497007 -0.516388 -0.773431 
-0.828974 -0.444404 0.61667 
-0.808816 -0.366493 0.528641 
-0.808816 -0.987581 0.620981 
-0.444404 -0.366493 -0.983827 
-0.960581 -0.964525 0.572338 
-0.960581 -0.366493 -0.99523 
-0.960581 -0.993574 -0.45907 
-0.964525 -0.993574 0.499873 
-0.366493 -0.987581 -0.447091 
-0.457549 -0.812 -0.672762 
-0.457549 -0.916339 -0.801827 
-0.457549 0.595445 0.52436 
-0.457549 -0.814939 -0.760787 
-0.457549 -0.849574 0.61667 
-0.457549 -0.951479 -0.994197 
-0.457549 -0.426959 -0.997962 
-0.457549 0.548059 -0.853652 
-0.812 -0.916339 -0.491243 
-0.812 0.595445 -0.677341 
-0.812 -0.814939 0.584246 
-0.812 -0.849574 -0.822468 
-0.812 -0.951479 -0.848895 
-0.812 -0.426959 -0.974177 
-0.812 0.548059 -0.919548 
-0.916339 0.595445 -0.8352 
-0.916339 -0.814939 -0.86196 
-0.916339 -0.849574 -0.876937 
-0.916339 -0.836543 -0.900124 
-0.916339 0.548059 -0.978142 
0.595445 -0.814939 -0.718023 
0.595445 -0.849574 -0.449612 
0.595445 -0.836543 -0.934631 
0.595445 -0.951479 -0.947023 
0.595445 -0.426959 -0.819662 
0.595445 -0.84458 -0.998489 
0.595445 0.548059 -0.437638 
-0.814939 -0.849574 -0.895047 
-0.814939 -0.951479 -0.447842 
-0.814939 -0.426959 -0.977749 
-0.814939 0.548059 -0.915525 
-0.942742 -0.836543 -0.951495 
-0.942742 -0.426959 -0.975541 
-0.942742 0.548059 -0.912374 
-0.836543 -0.426959 -0.685371 
-0.836543 -0.84458 -0.763294 
-0.836543 0.548059 -0.743684 
-0.951479 0.548059 -0.987269 
-0.426959 -0.84458 0.568594 
-0.426959 0.548059 0.572455 
-0.84458 0.548059 -0.445611 
-0.95674 -0.732835 -0.462149 
-0.95674 0.594868 -0.944417 
-0.95674 -0.857818 0.582582 
-0.99424 -0.822869 0.620817 
-0.99424 0.594868 -0.807732 
-0.732835 -0.822869 -0.963255 
-0.732835 0.594868 -0.766732 
-0.732835 -0.857818 0.515213 
-0.822869 0.594868 -0.382405 
-0.822869 -0.857818 -0.97953 
0.594868 -0.857818 -0.859605 
-0.826467 -0.999485 0.533544 
-0.980433 -0.38053 -0.995777 
-0.980433 -0.371249 -0.447842 
-0.96916 -0.38053 -0.422558 
-0.96916 -0.371249 -0.981354 
-0.96916 -0.75576 0.540638 
-0.869582 -0.485288 0.551507 
-0.38053 -0.485288 -0.907366 
-0.38053 -0.371249 -0.394409 
-0.38053 -0.75576 0.598567 
-0.485288 -0.75576 -0.968078 
-0.371249 -0.75576 -0.773431 
-0.672762 -0.801827 -0.491243 
-0.672762 0.52436 -0.677341 
-0.672762 -0.760787 0.584246 
-0.672762 0.61667 -0.822468 
-0.672762 -0.957416 -0.878761 
-0.672762 -0.994197 -0.848895 
-0.672762 -0.997962 -0.974177 
-0.672762 -0.853652 -0.919548 
-0.801827 0.52436 -0.8352 
-0.801827 -0.760787 -0.86196 
-0.801827 0.61667 -0.876937 
-0.801827 -0.957416 0.509413 
-0.801827 -0.853652 -0.978142 
0.52436 -0.760787 -0.718023 
0.52436 0.61667 -0.449612 
0.52436 -0.957416 -0.980111 
0.52436 -0.994197 -0.947023 
0.52436 -0.997962 -0.819662 
0.52436 -0.853652 -0.437638 
-0.760787 0.61667 -0.895047 
-0.760787 -0.994197 -0.447842 
-0.760787 -0.997962 -0.977749 
-0.760787 -0.853652 -0.915525 
0.61667 -0.957416 -0.981693 
-0.994197 -0.853652 -0.987269 
-0.997962 -0.853652 0.572455 
-0.491243 -0.677341 -0.8352 
-0.491243 0.584246 -0.86196 
-0.491243 -0.822468 -0.876937 
-0.491243 -0.878761 0.509413 
-0.491243 -0.919548 -0.978142 
-0.677341 0.584246 -0.718023 
-0.677341 -0.822468 -0.449612 
-0.677341 -0.878761 -0.980111 
-0.677341 -0.848895 -0.947023 
-0.677341 -0.974177 -0.819662 
-0.677341 -0.919548 -0.437638 
0.584246 -0.822468 -0.895047 
0.584246 -0.848895 -0.447842 
0.584246 -0.974177 -0.977749 
0.584246 -0.919548 -0.915525 
-0.822468 -0.878761 -0.981693 
-0.848895 -0.919548 -0.987269 
-0.974177 -0.919548 0.572455 
-0.8352 -0.86196 -0.718023 
-0.8352 -0.876937 -0.449612 
-0.8352 0.509413 -0.980111 
-0.8352 -0.900124 -0.934631 
-0.8352 -0.978142 -0.437638 
-0.86196 -0.876937 -0.895047 
-0.86196 -0.978142 -0.915525 
-0.876937 0.509413 -0.981693 
0.509413 -0.450206 0.620817 
0.509413 -0.900124 -0.899604 
0.509413 -0.995439 -0.807732 
0.509413 -0.970605 -0.928261 
-0.450206 -0.900124 -0.972602 
-0.450206 -0.995439 -0.382405 
-0.450206 -0.970605 -0.9605 
-0.900124 -0.970605 0.551507 
-0.900124 -0.978142 -0.743684 
-0.970605 -0.978142 -0.967244 
-0.718023 -0.449612 -0.895047 
-0.718023 -0.947023 -0.447842 
-0.718023 -0.819662 -0.977749 
-0.718023 -0.437638 -0.915525 
-0.449612 -0.980111 -0.981693 
-0.980111 -0.934631 -0.899604 
-0.934631 -0.819662 -0.685371 
-0.934631 -0.998489 -0.763294 
-0.934631 -0.437638 -0.743684 
-0.947023 -0.437638 -0.987269 
-0.819662 -0.998489 0.568594 
-0.819662 -0.437638 0.572455 
-0.998489 -0.437638 -0.445611 
-0.956773 -0.442958 -0.947963 
-0.956773 0.620981 -0.935183 
-0.442958 0.528641 -0.857759 
-0.442958 0.620981 0.532211 
-0.442958 -0.84032 0.635759 
0.528641 0.620981 -0.447091 
0.620981 -0.84032 -0.438594 
-0.995777 -0.447842 -0.394409 
-0.447842 -0.915525 -0.987269 
-0.977749 -0.915525 0.572455 
-0.462149 -0.944417 -0.766732 
-0.462149 -0.315066 -0.980612 
-0.462149 0.534514 -0.864299 
-0.462149 0.582582 0.515213 
-0.96113 -0.315066 -0.404996 
-0.96113 -0.718818 0.534644 
-0.96113 0.534514 -0.856031 
-0.944417 0.582582 -0.859605 
-0.315066 -0.974854 -0.957333 
-0.315066 -0.718818 0.678333 
-0.315066 0.534514 0.449893 
-0.315066 -0.763153 -0.760854 
-0.315066 0.582582 -0.780979 
-0.974854 0.534514 -0.841535 
-0.974854 -0.763153 0.568594 
-0.718818 0.534514 -0.445896 
-0.718818 -0.763153 -0.954049 
-0.718818 0.582582 -0.933914 
0.534514 -0.763153 -0.438746 
0.534514 0.582582 -0.457476 
-0.763153 0.582582 -0.944995 
0.631186 -0.951591 -0.921256 
0.631186 -0.833513 -0.436241 
0.631186 -0.991549 -0.966874 
0.631186 -0.954852 -0.934084 
0.631186 -0.413939 0.559721 
0.631186 -0.426083 -0.823619 
0.631186 -0.98871 -0.980338 
0.631186 0.64439 -0.386465 
-0.951591 -0.991549 0.532211 
-0.951591 -0.954852 0.635759 
-0.951591 -0.413939 -0.971054 
-0.951591 -0.98871 -0.439058 
-0.833513 -0.413939 0.598613 
-0.833513 0.64439 -0.994347 
-0.991549 -0.954852 -0.438594 
-0.991549 -0.413939 -0.993824 
-0.991549 -0.98871 -0.855589 
-0.954852 -0.413939 -0.992492 
-0.954852 -0.98871 0.534644 
-0.413939 -0.426083 -0.990999 
-0.413939 0.64439 -0.813931 
-0.426083 0.64439 0.533544 
-0.835014 0.572338 -0.410791 
-0.835014 -0.45907 0.709601 
0.572338 -0.45907 0.499873 
-0.410791 -0.748505 -0.915284 
-0.410791 0.709601 0.499873 
-0.410791 0.540638 -0.834941 
-0.748505 0.709601 -0.837415 
-0.748505 -0.422558 -0.948845 
-0.748505 0.540638 -0.879837 
-0.748505 -0.895455 0.515213 
0.709601 -0.422558 -0.813452 
0.709601 0.540638 -0.370087 
0.709601 -0.895455 -0.970721 
-0.422558 -0.981354 -0.394409 
-0.422558 0.540638 0.598567 
-0.422558 -0.895455 -0.966434 
-0.981354 0.540638 -0.773431 
0.540638 -0.895455 -0.939945 
-0.915284 0.499873 -0.837415 
-0.915284 -0.834941 -0.879837 
0.499873 -0.834941 -0.370087 
-0.991973 -0.909964 -0.427269 
-0.991973 -0.996635 -0.819086 
-0.947963 -0.935183 0.532211 
-0.947963 -0.996635 -0.971054 
-0.909964 -0.996635 0.598613 
-0.935183 -0.996635 -0.993824 
-0.951495 -0.975541 -0.685371 
-0.951495 -0.912374 -0.743684 
-0.975541 -0.912374 0.572455 
0.620817 -0.899604 -0.972602 
0.620817 -0.807732 -0.382405 
0.620817 -0.928261 -0.9605 
-0.899604 -0.928261 0.551507 
-0.427269 -0.819086 0.598613 
-0.921256 -0.966874 0.532211 
-0.921256 -0.934084 0.635759 
-0.921256 0.559721 -0.971054 
-0.921256 -0.980338 -0.439058 
-0.436241 0.559721 0.598613 
-0.436241 -0.386465 -0.994347 
-0.966874 -0.934084 -0.438594 
-0.966874 0.559721 -0.993824 
-0.966874 -0.980338 -0.855589 
-0.934084 0.559721 -0.992492 
-0.934084 -0.980338 0.534644 
0.559721 -0.823619 -0.990999 
0.559721 -0.386465 -0.813931 
-0.823619 -0.386465 0.533544 
-0.857759 0.532211 -0.447091 
0.532211 0.635759 -0.438594 
0.532211 -0.971054 -0.993824 
0.532211 -0.439058 -0.855589 
0.635759 -0.971054 -0.992492 
0.635759 -0.822041 -0.404996 
0.635759 -0.439058 0.534644 
-0.822041 -0.439058 0.678333 
-0.991822 -0.966927 0.568594 
-0.963255 -0.766732 -0.382405 
-0.963255 0.515213 -0.97953 
-0.837415 -0.948845 -0.813452 
-0.837415 -0.879837 -0.370087 
-0.837415 0.515213 -0.970721 
-0.766732 0.515213 -0.859605 
-0.948845 -0.879837 0.598567 
-0.948845 0.515213 -0.966434 
-0.980612 -0.864299 0.449893 
-0.980612 0.515213 -0.780979 
-0.879837 0.515213 -0.939945 
-0.864299 0.515213 -0.457476 
-0.972602 -0.9605 0.551507 
-0.382405 -0.97953 -0.859605 
0.598613 -0.994347 -0.813931 
-0.813452 -0.370087 0.598567 
-0.813452 -0.970721 -0.966434 
-0.370087 -0.970721 -0.939945 
-0.438594 -0.993824 -0.992492 
-0.438594 -0.855589 0.534644 
-0.404996 0.534644 0.678333 
-0.404996 -0.856031 0.449893 
0.534644 -0.856031 -0.445896 
0.551507 -0.685371 -0.918649 
0.551507 -0.763294 -0.913667 
0.551507 -0.743684 -0.967244 
-0.685371 -0.991378 -0.841535 
-0.685371 -0.763294 0.568594 
-0.685371 -0.743684 0.572455 
-0.991378 -0.763294 -0.438746 
-0.763294 -0.743684 -0.445611 
-0.990999 -0.813931 0.533544 
-0.907366 0.598567 -0.968078 
-0.394409 0.598567 -0.773431 
0.598567 -0.966434 -0.939945 
-0.918649 -0.913667 0.568594 
-0.918649 -0.967244 0.572455 
-0.913667 -0.967244 -0.445611 
-0.957333 0.449893 -0.841535 
-0.957333 -0.760854 0.568594 
0.678333 0.449893 -0.445896 
0.678333 -0.760854 -0.954049 
0.678333 -0.780979 -0.933914 
0.449893 -0.760854 -0.438746 
0.449893 -0.780979 -0.457476 
-0.760854 -0.780979 -0.944995 
-0.841535 0.568594 -0.438746 
0.568594 0.572455 -0.445611 
-0.445896 -0.954049 -0.438746 
-0.445896 -0.933914 -0.457476 
-0.954049 -0.933914 -0.944995 
-0.438746 -0.457476 -0.944995 
