0.573899 0.523865 -0.049317 
0.573899 -0.845961 -0.948093 
0.573899 -0.471102 0.427512 
0.573899 -0.821907 -0.96748 
0.573899 -0.454008 -0.465837 
0.573899 -0.759024 -0.921688 
0.573899 -0.941702 -0.988392 
0.573899 -0.412448 0.00343096 
0.523865 -0.845961 -0.945648 
0.523865 -0.471102 -0.523407 
0.523865 -0.821907 -0.97013 
0.523865 -0.454008 0.456724 
0.523865 -0.759024 -0.920068 
0.523865 -0.941702 -0.983824 
0.523865 -0.412448 -0.0347364 
-0.845961 -0.821907 -0.404666 
-0.845961 -0.759024 0.676702 
-0.845961 -0.97108 -0.99867 
-0.845961 -0.941702 0.466635 
-0.845961 -0.888912 -0.836205 
-0.471102 -0.454008 -0.507313 
-0.471102 -0.412448 0.420347 
-0.821907 -0.759024 0.565468 
-0.821907 -0.97108 -0.426316 
-0.821907 -0.941702 -0.853486 
-0.821907 -0.888912 0.54526 
-0.454008 -0.412448 0.500824 
-0.759024 -0.97108 -0.833174 
-0.759024 -0.941702 -0.446706 
-0.759024 -0.888912 -0.446417 
-0.97108 -0.888912 0.6435 
-0.979708 0.689059 -0.99776 
-0.979708 -0.430429 -0.999659 
-0.979708 0.58165 -0.957386 
-0.992044 -0.932046 0.574947 
-0.992044 -0.841328 -0.418766 
-0.992044 -0.430429 -0.668873 
-0.992044 -0.942587 -0.440635 
-0.992044 0.58165 -0.854262 
-0.900054 -0.443018 -0.508846 
-0.900054 0.689059 -0.754395 
-0.900054 -0.814607 -0.807702 
-0.900054 -0.708759 0.659157 
-0.900054 -0.996757 -0.947656 
-0.443018 0.689059 0.45567 
-0.443018 -0.814607 0.416807 
-0.443018 0.58165 -0.847801 
-0.443018 -0.708759 0.345211 
-0.443018 -0.996757 -0.501876 
-0.932046 -0.841328 0.276152 
-0.932046 -0.430429 -0.329301 
-0.932046 -0.942587 0.45305 
-0.932046 0.58165 -0.716669 
0.689059 -0.430429 -0.82575 
0.689059 -0.814607 -0.42144 
0.689059 0.58165 -0.387368 
0.689059 -0.708759 -0.333418 
0.689059 -0.996757 -0.843126 
-0.998023 -0.841328 -0.874984 
-0.998023 -0.430429 -0.850364 
-0.998023 -0.942587 -0.991061 
-0.998023 0.58165 -0.936159 
-0.841328 -0.430429 0.553662 
-0.841328 -0.942587 -0.159247 
-0.841328 0.58165 -0.448886 
-0.430429 -0.942587 -0.514799 
-0.430429 0.58165 0.564203 
-0.942587 0.58165 -0.789274 
-0.814607 0.58165 -0.994364 
-0.814607 -0.708759 -0.418032 
-0.814607 -0.996757 0.5551 
0.58165 -0.708759 -0.944984 
-0.708759 -0.996757 -0.775487 
-0.998917 -0.36776 -0.436719 
-0.998917 0.571097 -0.8295 
-0.998917 -0.826535 0.571862 
-0.973236 0.609807 -0.961234 
-0.973236 -0.829891 0.427512 
-0.973236 -0.439985 -0.95316 
-0.973236 -0.806689 -0.996826 
-0.973236 -0.927531 0.00343096 
0.609807 -0.36776 -0.804982 
0.609807 -0.829891 -0.865282 
0.609807 -0.992081 -0.955058 
0.609807 0.571097 -0.416596 
0.609807 -0.984967 -0.845118 
0.609807 -0.439985 0.469604 
0.609807 -0.806689 -0.433737 
0.609807 -0.927531 -0.973379 
0.609807 -0.826535 -0.996995 
0.609807 -0.963318 -0.869261 
0.609807 -0.938709 -0.800101 
-0.36776 -0.829891 -0.92466 
-0.36776 0.571097 0.682022 
-0.36776 -0.439985 -0.995661 
-0.36776 -0.927531 -0.908774 
-0.36776 -0.826535 0.542147 
-0.829891 0.571097 -0.902417 
-0.829891 -0.439985 -0.900782 
-0.829891 -0.806689 -0.971372 
-0.829891 -0.927531 0.420347 
-0.992081 -0.984967 -0.858543 
-0.992081 -0.963318 0.433479 
-0.992081 -0.938709 -0.452203 
0.571097 -0.439985 -0.849455 
0.571097 -0.806689 -0.995583 
0.571097 -0.927531 -0.934707 
0.571097 -0.826535 -0.400897 
-0.984967 -0.439985 -0.800661 
-0.984967 -0.806689 -0.897024 
-0.984967 -0.963318 -0.412491 
-0.984967 -0.938709 0.507042 
-0.439985 -0.806689 0.645992 
-0.439985 -0.963318 -0.911252 
-0.439985 -0.938709 -0.834298 
-0.806689 -0.938709 -0.960334 
-0.927531 -0.826535 -0.980466 
-0.963318 -0.938709 0.608312 
-0.436719 -0.8295 0.682022 
-0.436719 -0.874215 -0.96989 
-0.436719 -0.846221 -0.986639 
-0.436719 -0.967675 -0.996733 
-0.436719 0.571862 0.542147 
-0.436719 0.557916 -0.847181 
-0.8295 0.571862 -0.400897 
-0.874215 -0.846221 0.558188 
-0.874215 -0.967675 0.64117 
-0.874215 -0.890436 -0.427561 
-0.874215 0.571862 -0.8653 
-0.874215 0.557916 -0.866679 
-0.874215 -0.430566 -0.93925 
-0.846221 -0.967675 -0.421162 
-0.846221 -0.890436 0.621121 
-0.846221 0.571862 -0.879328 
-0.846221 -0.838033 -0.962196 
-0.846221 0.557916 -0.805651 
-0.846221 -0.430566 -0.862061 
-0.967675 -0.890436 -0.832151 
-0.967675 0.571862 -0.935593 
-0.967675 0.557916 -0.977456 
-0.890436 0.571862 -0.951576 
-0.890436 -0.838033 -0.892786 
-0.890436 0.557916 -0.81369 
-0.890436 -0.430566 -0.807791 
0.571862 0.557916 -0.427823 
0.571862 -0.430566 -0.836725 
-0.838033 0.557916 -0.421399 
-0.838033 -0.430566 0.605215 
0.557916 -0.430566 0.606234 
-0.97411 -0.966543 0.456724 
-0.97411 0.583784 -0.996779 
-0.988461 -0.835145 0.592665 
-0.988461 -0.489865 -0.432412 
-0.988461 -0.974848 -0.983823 
-0.988461 -0.677024 -0.828508 
-0.988461 -0.831123 -0.913111 
-0.988461 0.551651 -0.823582 
-0.988461 -0.952315 -0.979646 
-0.988461 -0.805797 -0.907572 
-0.995207 -0.838525 0.64117 
-0.995207 -0.426847 -0.406886 
-0.995207 0.583784 -0.819858 
-0.835145 -0.489865 0.574947 
-0.835145 -0.974848 -0.849021 
-0.835145 -0.677024 -0.418766 
-0.835145 -0.831123 -0.668873 
-0.835145 0.551651 -0.440635 
-0.835145 -0.952315 -0.854262 
-0.835145 -0.805797 -0.636538 
-0.966543 0.583784 -0.994131 
-0.489865 -0.974848 -0.735212 
-0.489865 -0.677024 0.276152 
-0.489865 0.583784 -0.862389 
-0.489865 -0.831123 -0.329301 
-0.489865 0.551651 0.45305 
-0.489865 -0.952315 -0.716669 
-0.489865 -0.805797 -0.278842 
-0.998774 -0.993987 0.585182 
-0.998774 -0.974848 -0.9681 
-0.998774 -0.677024 -0.874984 
-0.998774 -0.831123 -0.850364 
-0.998774 0.551651 -0.991061 
-0.998774 -0.952315 -0.936159 
-0.998774 -0.805797 -0.889992 
-0.838525 -0.426847 0.569601 
-0.838525 0.583784 -0.427051 
-0.993987 -0.426847 -0.986898 
-0.993987 -0.677024 -0.96732 
-0.993987 0.583784 -0.97782 
-0.993987 -0.831123 -0.937655 
-0.993987 -0.952315 -0.976133 
-0.993987 -0.805797 -0.996077 
-0.974848 -0.677024 -0.438363 
-0.974848 -0.831123 -0.803531 
-0.974848 0.551651 -0.870816 
-0.974848 -0.952315 -0.991124 
-0.974848 -0.805797 0.571904 
-0.426847 0.583784 0.610265 
-0.426847 0.551651 -0.839191 
-0.677024 0.583784 -0.908234 
-0.677024 -0.831123 0.553662 
-0.677024 0.551651 -0.159247 
-0.677024 -0.952315 -0.448886 
-0.677024 -0.805797 0.548338 
0.583784 -0.831123 -0.977146 
0.583784 0.551651 -0.440434 
0.583784 -0.805797 -0.951532 
-0.831123 0.551651 -0.514799 
-0.831123 -0.952315 0.564203 
-0.831123 -0.805797 -0.403315 
0.551651 -0.952315 -0.789274 
0.551651 -0.805797 -0.539135 
-0.952315 -0.805797 -0.836241 
-0.961234 0.427512 -0.865282 
-0.961234 -0.95316 0.469604 
-0.961234 -0.996826 -0.433737 
-0.961234 0.00343096 -0.973379 
-0.049317 -0.948093 -0.945648 
-0.049317 0.427512 -0.523407 
-0.049317 -0.96748 -0.97013 
-0.049317 -0.465837 0.456724 
-0.049317 -0.921688 -0.920068 
-0.049317 -0.988392 -0.983824 
-0.049317 0.00343096 -0.0347364 
-0.948093 -0.96748 -0.404666 
-0.948093 -0.921688 0.676702 
-0.948093 -0.988392 0.466635 
-0.948093 -0.997302 -0.957266 
0.427512 -0.465837 -0.507313 
0.427512 -0.95316 -0.900782 
0.427512 -0.996826 -0.971372 
0.427512 0.00343096 0.420347 
0.427512 -0.997302 -0.999659 
0.427512 -0.990279 -0.957386 
-0.96748 -0.921688 0.565468 
-0.96748 -0.988392 -0.853486 
-0.465837 0.00343096 0.500824 
-0.921688 -0.988392 -0.446706 
-0.988392 -0.997302 -0.839844 
-0.988392 -0.990279 -0.958428 
-0.95316 -0.996826 0.645992 
-0.997302 -0.990279 0.564203 
-0.804982 -0.865282 -0.92466 
-0.804982 -0.416596 0.682022 
-0.804982 0.469604 -0.995661 
-0.804982 -0.973379 -0.908774 
-0.804982 -0.996995 0.542147 
-0.865282 -0.416596 -0.902417 
-0.865282 0.469604 -0.900782 
-0.865282 -0.433737 -0.971372 
-0.865282 -0.973379 0.420347 
-0.955058 -0.845118 -0.858543 
-0.955058 -0.869261 0.433479 
-0.955058 -0.800101 -0.452203 
-0.416596 0.469604 -0.849455 
-0.416596 -0.433737 -0.995583 
-0.416596 -0.973379 -0.934707 
-0.416596 -0.996995 -0.400897 
-0.845118 0.469604 -0.800661 
-0.845118 -0.433737 -0.897024 
-0.845118 -0.961238 0.601034 
-0.845118 -0.866332 -0.988417 
-0.845118 -0.869261 -0.412491 
-0.845118 -0.800101 0.507042 
0.469604 -0.433737 0.645992 
0.469604 -0.961238 -0.891333 
0.469604 -0.866332 -0.453676 
0.469604 -0.869261 -0.911252 
0.469604 -0.800101 -0.834298 
-0.433737 -0.961238 -0.913337 
-0.433737 -0.866332 0.452856 
-0.433737 -0.800101 -0.960334 
-0.973379 -0.996995 -0.980466 
-0.961238 -0.866332 -0.96683 
-0.961238 -0.869261 -0.816204 
-0.961238 -0.800101 -0.455863 
-0.869261 -0.800101 0.608312 
-0.945648 -0.97013 -0.404666 
-0.945648 -0.920068 0.676702 
-0.945648 -0.983824 0.466635 
-0.523407 0.456724 -0.507313 
-0.523407 -0.0347364 0.420347 
-0.97013 -0.920068 0.565468 
-0.97013 -0.983824 -0.853486 
0.456724 -0.0347364 0.500824 
0.456724 -0.996779 -0.994131 
-0.920068 -0.983824 -0.446706 
-0.92466 0.682022 -0.902417 
-0.92466 -0.979357 -0.507313 
-0.92466 -0.995661 -0.900782 
-0.92466 -0.908774 0.420347 
0.682022 -0.995661 -0.849455 
0.682022 -0.908774 -0.934707 
0.682022 0.542147 -0.400897 
-0.96989 -0.986639 0.558188 
-0.96989 -0.996733 0.64117 
-0.96989 0.542147 -0.8653 
-0.96989 -0.847181 -0.866679 
-0.979357 -0.908774 0.500824 
-0.986639 -0.996733 -0.421162 
-0.986639 0.542147 -0.879328 
-0.986639 -0.847181 -0.805651 
-0.996733 0.542147 -0.935593 
-0.996733 -0.847181 -0.977456 
-0.908774 0.542147 -0.980466 
0.542147 -0.847181 -0.427823 
-0.943682 -0.91295 -0.404666 
-0.943682 -0.916625 0.676702 
-0.943682 -0.439054 -0.792645 
-0.943682 -0.993914 -0.836205 
-0.943682 0.279698 -0.944924 
-0.943682 -0.848875 -0.834364 
-0.91295 -0.916625 0.565468 
-0.91295 -0.439054 -0.966999 
-0.91295 -0.993914 0.54526 
-0.91295 0.279698 -0.996746 
-0.91295 0.532403 -0.967884 
-0.916625 -0.439054 -0.875478 
-0.916625 -0.993914 -0.446417 
-0.916625 0.279698 -0.962489 
-0.916625 -0.848875 -0.946241 
-0.439054 -0.916736 -0.980738 
-0.439054 -0.338338 -0.348296 
-0.439054 -0.420824 -0.995141 
-0.439054 -0.681677 -0.778145 
-0.439054 0.279698 0.484764 
-0.439054 0.532403 -0.848012 
-0.439054 -0.848875 0.571904 
-0.993914 -0.916736 -0.995335 
-0.916736 -0.338338 -0.399996 
-0.916736 -0.420824 -0.994423 
-0.916736 -0.681677 0.598905 
-0.916736 0.279698 -0.834268 
-0.916736 0.532403 -0.959635 
-0.338338 -0.420824 -0.872462 
-0.338338 -0.681677 0.661166 
-0.338338 0.279698 0.503912 
-0.338338 0.532403 -0.69379 
-0.338338 -0.848875 -0.701004 
-0.420824 -0.681677 -0.924956 
-0.420824 0.279698 -0.825501 
-0.420824 0.532403 0.613029 
-0.420824 -0.840287 0.579656 
-0.681677 0.279698 -0.415833 
-0.681677 0.532403 -0.828331 
-0.681677 -0.848875 -0.917128 
0.279698 0.532403 -0.515933 
0.279698 -0.840287 -0.995367 
0.279698 -0.848875 -0.435766 
0.532403 -0.840287 -0.425934 
-0.404666 0.676702 0.565468 
-0.404666 -0.99867 -0.426316 
-0.404666 -0.792645 -0.966999 
-0.404666 0.466635 -0.853486 
-0.404666 -0.836205 0.54526 
-0.404666 -0.944924 -0.996746 
0.676702 -0.482839 -0.842615 
0.676702 -0.99867 -0.833174 
0.676702 -0.792645 -0.875478 
0.676702 0.466635 -0.446706 
0.676702 -0.836205 -0.446417 
0.676702 -0.944924 -0.962489 
0.676702 -0.834364 -0.946241 
-0.482839 -0.860793 0.585182 
-0.482839 -0.792645 -0.9681 
-0.482839 0.466635 0.525343 
-0.482839 -0.929731 -0.874984 
-0.482839 -0.957266 -0.850364 
-0.482839 -0.834364 -0.889992 
-0.860793 0.466635 -0.456897 
-0.860793 -0.929731 -0.96732 
-0.860793 -0.957266 -0.937655 
-0.860793 -0.834364 -0.996077 
-0.99867 -0.836205 0.6435 
-0.792645 0.466635 -0.818606 
-0.792645 -0.929731 -0.438363 
-0.792645 -0.957266 -0.803531 
-0.792645 -0.944924 0.484764 
-0.792645 -0.834364 0.571904 
0.466635 -0.929731 -0.817907 
0.466635 -0.957266 -0.839844 
0.466635 -0.944924 -0.984866 
0.466635 -0.834364 -0.754541 
-0.929731 -0.957266 0.553662 
-0.929731 -0.944924 -0.840435 
-0.929731 -0.834364 0.548338 
-0.957266 -0.944924 -0.994673 
-0.957266 -0.834364 -0.403315 
-0.944924 -0.834364 -0.435766 
-0.902417 -0.900782 -0.849455 
-0.902417 -0.971372 -0.995583 
-0.902417 0.420347 -0.934707 
-0.507313 0.420347 0.500824 
-0.99776 -0.999659 -0.82575 
-0.99776 -0.957386 -0.387368 
-0.900782 -0.971372 0.645992 
-0.999659 -0.957386 0.564203 
0.592665 -0.432412 0.574947 
0.592665 -0.983823 -0.849021 
0.592665 -0.828508 -0.418766 
0.592665 -0.913111 -0.668873 
0.592665 -0.823582 -0.440635 
0.592665 -0.979646 -0.854262 
0.592665 0.433479 -0.466909 
0.592665 -0.452203 -0.847173 
0.592665 -0.907572 -0.636538 
-0.432412 -0.983823 -0.735212 
-0.432412 -0.828508 0.276152 
-0.432412 -0.913111 -0.329301 
-0.432412 -0.823582 0.45305 
-0.432412 -0.979646 -0.716669 
-0.432412 0.433479 -0.857856 
-0.432412 -0.907572 -0.278842 
-0.983823 -0.828508 -0.438363 
-0.983823 -0.913111 -0.803531 
-0.983823 -0.823582 -0.870816 
-0.983823 -0.979646 -0.991124 
-0.983823 -0.907572 0.571904 
-0.858543 0.433479 -0.412491 
-0.858543 -0.452203 0.507042 
-0.828508 -0.913111 0.553662 
-0.828508 -0.823582 -0.159247 
-0.828508 -0.979646 -0.448886 
-0.828508 -0.907572 0.548338 
-0.913111 -0.823582 -0.514799 
-0.913111 -0.979646 0.564203 
-0.913111 -0.907572 -0.403315 
-0.823582 -0.979646 -0.789274 
-0.823582 -0.907572 -0.539135 
-0.979646 -0.907572 -0.836241 
0.433479 -0.452203 0.608312 
-0.849455 -0.995583 0.645992 
-0.934707 -0.400897 -0.980466 
0.565468 -0.426316 -0.833174 
0.565468 -0.966999 -0.875478 
0.565468 -0.853486 -0.446706 
0.565468 0.54526 -0.446417 
0.565468 -0.996746 -0.962489 
-0.426316 0.54526 0.6435 
-0.426316 -0.837332 0.608128 
-0.966999 -0.853486 -0.818606 
-0.966999 -0.996746 0.484764 
-0.966999 -0.967884 -0.848012 
-0.853486 -0.996746 -0.984866 
0.54526 -0.837332 -0.405715 
-0.996746 -0.967884 -0.515933 
-0.843073 0.558188 -0.421807 
-0.843073 -0.427561 0.51874 
-0.843073 -0.866679 -0.957062 
-0.843073 -0.93925 -0.927617 
-0.843073 -0.992639 0.659157 
-0.989908 0.64117 -0.981937 
-0.989908 -0.406886 -0.966497 
-0.989908 -0.819858 -0.970993 
-0.989908 -0.991234 0.469655 
0.558188 0.64117 -0.421162 
0.558188 -0.427561 0.621121 
0.558188 -0.406886 -0.829034 
0.558188 -0.8653 -0.879328 
0.558188 -0.819858 -0.992861 
0.558188 -0.866679 -0.805651 
0.558188 -0.93925 -0.862061 
0.558188 -0.992639 -0.803361 
0.558188 -0.991234 -0.991331 
0.64117 -0.427561 -0.832151 
0.64117 -0.406886 0.569601 
0.64117 -0.8653 -0.935593 
0.64117 -0.819858 -0.427051 
0.64117 -0.866679 -0.977456 
-0.427561 -0.406886 -0.998775 
-0.427561 -0.8653 -0.951576 
-0.427561 -0.866679 -0.81369 
-0.427561 -0.93925 -0.807791 
-0.427561 -0.992639 -0.419222 
-0.406886 -0.819858 0.610265 
-0.8653 -0.866679 -0.427823 
-0.8653 -0.93925 -0.836725 
-0.866679 -0.93925 0.606234 
0.574947 -0.849021 -0.735212 
0.574947 -0.418766 0.276152 
0.574947 -0.668873 -0.329301 
0.574947 -0.440635 0.45305 
0.574947 -0.854262 -0.716669 
0.574947 -0.947894 -0.93706 
0.574947 -0.466909 -0.857856 
0.574947 -0.950245 -0.920171 
0.574947 -0.636538 -0.278842 
-0.849021 -0.418766 -0.438363 
-0.849021 -0.668873 -0.803531 
-0.849021 -0.440635 -0.870816 
-0.849021 -0.854262 -0.991124 
-0.849021 -0.947894 -0.348296 
-0.849021 -0.950245 0.484764 
-0.849021 -0.636538 0.571904 
-0.418766 -0.668873 0.553662 
-0.418766 -0.440635 -0.159247 
-0.418766 -0.854262 -0.448886 
-0.418766 -0.947894 -0.93537 
-0.418766 -0.950245 -0.840435 
-0.418766 -0.636538 0.548338 
-0.668873 -0.440635 -0.514799 
-0.668873 -0.854262 0.564203 
-0.668873 -0.950245 -0.994673 
-0.668873 -0.636538 -0.403315 
-0.440635 -0.854262 -0.789274 
-0.440635 -0.950245 -0.996747 
-0.440635 -0.636538 -0.539135 
-0.854262 -0.636538 -0.836241 
-0.947894 -0.950245 0.503912 
-0.947894 -0.636538 -0.701004 
-0.466909 -0.847173 0.608312 
-0.950245 -0.636538 -0.435766 
-0.508846 -0.754395 0.45567 
-0.508846 0.51874 -0.874939 
-0.508846 -0.807702 0.416807 
-0.508846 0.659157 0.345211 
-0.508846 -0.947656 -0.501876 
-0.754395 0.51874 -0.957034 
-0.754395 -0.807702 -0.42144 
-0.754395 0.659157 -0.333418 
-0.754395 -0.947656 -0.843126 
-0.421807 0.51874 0.621121 
-0.421807 -0.949641 -0.962196 
-0.421807 -0.957062 -0.805651 
-0.421807 -0.927617 -0.862061 
-0.421807 0.659157 -0.803361 
0.51874 -0.949641 -0.892786 
0.51874 -0.957062 -0.81369 
0.51874 -0.927617 -0.807791 
0.51874 -0.807702 -0.997684 
0.51874 0.659157 -0.419222 
-0.949641 -0.957062 -0.421399 
-0.949641 -0.927617 0.605215 
-0.957062 -0.927617 0.606234 
-0.807702 0.659157 -0.418032 
-0.807702 -0.947656 0.5551 
0.659157 -0.947656 -0.775487 
0.45567 -0.874939 -0.957034 
0.45567 0.416807 -0.42144 
0.45567 -0.847801 -0.387368 
0.45567 0.345211 -0.333418 
0.45567 -0.501876 -0.843126 
-0.874939 0.416807 -0.997684 
-0.874939 0.345211 -0.419222 
-0.882094 0.416807 -0.468942 
-0.882094 0.345211 -0.982765 
-0.882094 -0.501876 0.506371 
0.416807 -0.847801 -0.994364 
0.416807 0.345211 -0.418032 
0.416807 -0.501876 0.5551 
-0.847801 0.345211 -0.944984 
0.345211 -0.501876 -0.775487 
-0.842615 -0.875478 -0.9681 
-0.842615 -0.446706 0.525343 
-0.842615 -0.946241 -0.889992 
-0.833174 -0.446417 0.6435 
-0.875478 -0.446706 -0.818606 
-0.875478 -0.962489 0.484764 
-0.875478 -0.946241 0.571904 
-0.446706 -0.962489 -0.984866 
-0.446706 -0.946241 -0.754541 
-0.962489 -0.946241 -0.435766 
-0.426817 0.594536 0.585182 
-0.426817 -0.850786 0.525343 
-0.426817 -0.436705 -0.998843 
-0.426817 0.469655 -0.82693 
-0.981937 -0.966497 0.569601 
-0.981937 -0.970993 -0.427051 
0.594536 -0.850786 -0.456897 
0.594536 -0.966497 -0.986898 
0.594536 -0.970993 -0.97782 
0.594536 -0.436705 -0.821132 
0.594536 -0.841127 -0.998148 
0.594536 0.469655 -0.393345 
-0.966497 -0.970993 0.610265 
-0.436705 -0.841127 0.613029 
-0.436705 0.469655 0.579656 
-0.841127 0.469655 -0.425934 
-0.735212 0.276152 -0.438363 
-0.735212 -0.329301 -0.803531 
-0.735212 0.45305 -0.870816 
-0.735212 -0.716669 -0.991124 
-0.735212 -0.93706 -0.348296 
-0.735212 -0.920171 0.484764 
-0.735212 -0.278842 0.571904 
0.276152 -0.862389 -0.908234 
0.276152 -0.329301 0.553662 
0.276152 0.45305 -0.159247 
0.276152 -0.716669 -0.448886 
0.276152 -0.93706 -0.93537 
0.276152 -0.920171 -0.840435 
0.276152 -0.278842 0.548338 
-0.862389 -0.329301 -0.977146 
-0.862389 0.45305 -0.440434 
-0.862389 -0.278842 -0.951532 
-0.329301 0.45305 -0.514799 
-0.329301 -0.716669 0.564203 
-0.329301 -0.920171 -0.994673 
-0.329301 -0.278842 -0.403315 
0.45305 -0.716669 -0.789274 
0.45305 -0.920171 -0.996747 
0.45305 -0.278842 -0.539135 
-0.716669 -0.278842 -0.836241 
-0.93706 -0.920171 0.503912 
-0.93706 -0.278842 -0.701004 
-0.920171 -0.278842 -0.435766 
-0.957034 -0.42144 -0.997684 
-0.957034 -0.333418 -0.419222 
-0.82575 -0.387368 0.564203 
-0.42144 -0.387368 -0.994364 
-0.42144 -0.333418 -0.418032 
-0.42144 -0.843126 0.5551 
-0.387368 -0.333418 -0.944984 
-0.333418 -0.843126 -0.775487 
0.585182 0.525343 -0.456897 
0.585182 -0.874984 -0.96732 
0.585182 -0.850364 -0.937655 
0.585182 -0.936159 -0.976133 
0.585182 -0.998843 -0.821132 
0.585182 -0.82693 -0.393345 
0.585182 -0.889992 -0.996077 
-0.9681 0.525343 -0.818606 
-0.9681 -0.874984 -0.438363 
-0.9681 -0.850364 -0.803531 
-0.9681 -0.991061 -0.870816 
-0.9681 -0.936159 -0.991124 
-0.9681 -0.998843 -0.995141 
-0.9681 -0.889992 0.571904 
0.525343 -0.874984 -0.817907 
0.525343 -0.850364 -0.839844 
0.525343 -0.936159 -0.958428 
0.525343 -0.889992 -0.754541 
-0.874984 -0.850364 0.553662 
-0.874984 -0.991061 -0.159247 
-0.874984 -0.936159 -0.448886 
-0.874984 -0.889992 0.548338 
-0.850364 -0.991061 -0.514799 
-0.850364 -0.936159 0.564203 
-0.850364 -0.889992 -0.403315 
-0.991061 -0.936159 -0.789274 
-0.991061 -0.889992 -0.539135 
-0.936159 -0.889992 -0.836241 
-0.998843 -0.82693 0.579656 
-0.421162 0.621121 -0.832151 
-0.421162 -0.829034 0.569601 
-0.421162 -0.879328 -0.935593 
-0.421162 -0.992861 -0.427051 
-0.421162 -0.805651 -0.977456 
0.621121 -0.829034 -0.998775 
0.621121 -0.879328 -0.951576 
0.621121 -0.962196 -0.892786 
0.621121 -0.805651 -0.81369 
0.621121 -0.862061 -0.807791 
0.621121 -0.803361 -0.419222 
-0.829034 -0.992861 0.610265 
-0.879328 -0.805651 -0.427823 
-0.879328 -0.862061 -0.836725 
-0.962196 -0.805651 -0.421399 
-0.962196 -0.862061 0.605215 
-0.805651 -0.862061 0.606234 
-0.832151 0.569601 -0.998775 
-0.832151 -0.935593 -0.951576 
-0.832151 -0.977456 -0.81369 
0.569601 -0.427051 0.610265 
-0.935593 -0.977456 -0.427823 
-0.456897 -0.96732 -0.817907 
-0.456897 -0.937655 -0.839844 
-0.456897 -0.976133 -0.958428 
-0.456897 -0.996077 -0.754541 
-0.986898 -0.97782 0.610265 
-0.96732 -0.97782 -0.908234 
-0.96732 -0.937655 0.553662 
-0.96732 -0.976133 -0.448886 
-0.96732 -0.996077 0.548338 
-0.97782 -0.937655 -0.977146 
-0.97782 -0.996077 -0.951532 
-0.937655 -0.976133 0.564203 
-0.937655 -0.996077 -0.403315 
-0.976133 -0.996077 -0.836241 
-0.821132 -0.998148 0.613029 
-0.821132 -0.393345 0.579656 
-0.998148 -0.393345 -0.425934 
-0.413572 0.6435 -0.825909 
-0.413572 0.608128 0.601051 
-0.413572 -0.827189 0.553558 
-0.413572 -0.972732 -0.38973 
0.6435 0.608128 -0.405715 
0.6435 -0.827189 -0.995335 
0.608128 -0.827189 -0.43083 
0.608128 -0.972732 -0.797998 
-0.827189 -0.972732 0.598905 
-0.995805 -0.892786 0.601034 
-0.995805 -0.81369 -0.836659 
-0.995805 -0.807791 -0.42259 
-0.951576 -0.81369 -0.427823 
-0.951576 -0.807791 -0.836725 
-0.892786 -0.81369 -0.421399 
-0.892786 -0.807791 0.605215 
-0.81369 -0.807791 0.606234 
-0.997684 -0.419222 -0.418032 
-0.818606 -0.438363 -0.817907 
-0.818606 -0.803531 -0.839844 
-0.818606 -0.991124 -0.958428 
-0.818606 0.484764 -0.984866 
-0.818606 0.571904 -0.754541 
-0.438363 -0.803531 0.553662 
-0.438363 -0.870816 -0.159247 
-0.438363 -0.991124 -0.448886 
-0.438363 -0.348296 -0.93537 
-0.438363 0.484764 -0.840435 
-0.438363 0.571904 0.548338 
-0.980738 -0.348296 -0.399996 
-0.980738 -0.995141 -0.994423 
-0.980738 -0.778145 0.598905 
-0.980738 0.484764 -0.834268 
-0.980738 -0.848012 -0.959635 
-0.803531 -0.870816 -0.514799 
-0.803531 -0.991124 0.564203 
-0.803531 0.484764 -0.994673 
-0.803531 0.571904 -0.403315 
-0.870816 -0.991124 -0.789274 
-0.870816 0.484764 -0.996747 
-0.870816 0.571904 -0.539135 
-0.991124 0.571904 -0.836241 
-0.348296 -0.995141 -0.872462 
-0.348296 -0.778145 0.661166 
-0.348296 0.484764 0.503912 
-0.348296 -0.848012 -0.69379 
-0.348296 0.571904 -0.701004 
-0.995141 -0.778145 -0.924956 
-0.995141 0.484764 -0.825501 
-0.995141 -0.848012 0.613029 
-0.778145 0.484764 -0.415833 
-0.778145 -0.848012 -0.828331 
-0.778145 0.571904 -0.917128 
0.484764 -0.848012 -0.515933 
0.484764 0.571904 -0.435766 
-0.817907 -0.839844 0.553662 
-0.817907 -0.958428 -0.448886 
-0.817907 -0.984866 -0.840435 
-0.817907 -0.754541 0.548338 
-0.839844 -0.958428 0.564203 
-0.839844 -0.984866 -0.994673 
-0.839844 -0.754541 -0.403315 
-0.958428 -0.754541 -0.836241 
-0.984866 -0.754541 -0.435766 
-0.800661 -0.897024 0.645992 
-0.800661 0.601034 -0.891333 
-0.800661 -0.988417 -0.453676 
-0.800661 -0.42259 -0.97748 
-0.800661 -0.412491 -0.911252 
-0.800661 0.507042 -0.834298 
-0.897024 0.601034 -0.913337 
-0.897024 -0.988417 0.452856 
-0.897024 -0.42259 -0.957794 
-0.897024 0.507042 -0.960334 
0.601034 -0.836659 -0.421399 
0.601034 -0.988417 -0.96683 
0.601034 -0.42259 0.605215 
0.601034 -0.412491 -0.816204 
0.601034 0.507042 -0.455863 
-0.836659 -0.988417 -0.992735 
-0.836659 -0.42259 0.606234 
-0.988417 -0.42259 -0.965834 
-0.42259 -0.412491 -0.992495 
-0.42259 0.507042 -0.850182 
-0.412491 0.507042 0.608312 
-0.833879 0.645992 -0.439292 
-0.833879 -0.453676 0.711856 
0.645992 -0.891333 -0.913337 
0.645992 -0.453676 0.452856 
0.645992 -0.97748 -0.957794 
0.645992 -0.834298 -0.960334 
-0.891333 -0.453676 -0.96683 
-0.891333 -0.97748 0.605215 
-0.891333 -0.911252 -0.816204 
-0.891333 -0.834298 -0.455863 
-0.453676 -0.97748 -0.965834 
-0.97748 -0.911252 -0.992495 
-0.97748 -0.834298 -0.850182 
-0.911252 -0.834298 0.608312 
-0.439292 0.711856 0.452856 
-0.439292 0.506371 -0.857485 
0.711856 -0.468942 -0.840634 
0.711856 0.506371 -0.41896 
-0.468942 -0.982765 -0.418032 
-0.468942 0.506371 0.5551 
-0.982765 0.506371 -0.775487 
-0.913337 0.452856 -0.96683 
-0.913337 -0.957794 0.605215 
-0.913337 -0.960334 -0.455863 
0.452856 -0.957794 -0.965834 
0.452856 -0.857485 -0.41896 
-0.957794 -0.960334 -0.850182 
0.610265 -0.839191 -0.440434 
-0.427823 -0.836725 0.606234 
-0.421399 -0.96683 -0.992735 
-0.421399 0.605215 0.606234 
-0.96683 0.605215 -0.965834 
0.605215 -0.816204 -0.992495 
0.605215 -0.455863 -0.850182 
-0.816204 -0.455863 0.608312 
-0.825909 0.601051 -0.405715 
-0.825909 0.553558 -0.995335 
0.601051 0.553558 -0.43083 
0.601051 -0.809636 -0.977111 
0.601051 -0.38973 -0.797998 
0.553558 -0.809636 -0.399996 
0.553558 -0.38973 0.598905 
0.553558 -0.997447 -0.834268 
-0.809636 -0.38973 0.661166 
-0.809636 -0.997447 0.503912 
-0.38973 -0.997447 -0.415833 
-0.405715 -0.995335 -0.43083 
-0.908234 0.553662 -0.977146 
-0.908234 -0.159247 -0.440434 
-0.908234 0.548338 -0.951532 
0.553662 -0.159247 -0.514799 
0.553662 -0.448886 0.564203 
0.553662 -0.840435 -0.994673 
0.553662 0.548338 -0.403315 
-0.159247 -0.448886 -0.789274 
-0.159247 -0.840435 -0.996747 
-0.159247 0.548338 -0.539135 
-0.448886 0.548338 -0.836241 
-0.93537 -0.840435 0.503912 
-0.93537 0.548338 -0.701004 
-0.840435 0.548338 -0.435766 
-0.977146 -0.440434 -0.514799 
-0.977146 -0.951532 -0.403315 
-0.440434 -0.951532 -0.539135 
-0.992735 0.606234 -0.965834 
-0.840634 -0.41896 0.5551 
-0.43083 -0.977111 -0.399996 
-0.43083 -0.797998 0.598905 
-0.977111 -0.797998 0.661166 
-0.399996 -0.994423 -0.872462 
-0.399996 0.598905 0.661166 
-0.399996 -0.834268 0.503912 
-0.399996 -0.959635 -0.69379 
-0.994423 0.598905 -0.924956 
-0.994423 -0.834268 -0.825501 
-0.994423 -0.959635 0.613029 
0.598905 -0.834268 -0.415833 
0.598905 -0.959635 -0.828331 
-0.834268 -0.959635 -0.515933 
-0.514799 0.564203 -0.789274 
-0.514799 -0.994673 -0.996747 
-0.514799 -0.403315 -0.539135 
0.564203 -0.403315 -0.836241 
-0.994673 -0.403315 -0.435766 
-0.789274 -0.539135 -0.836241 
-0.996747 -0.539135 -0.435766 
-0.992495 -0.850182 0.608312 
-0.994364 -0.418032 -0.944984 
-0.418032 0.5551 -0.775487 
-0.872462 0.661166 -0.924956 
-0.872462 0.503912 -0.825501 
-0.872462 -0.69379 0.613029 
0.661166 0.503912 -0.415833 
0.661166 -0.69379 -0.828331 
0.661166 -0.701004 -0.917128 
0.503912 -0.69379 -0.515933 
0.503912 -0.701004 -0.435766 
-0.924956 -0.825501 -0.415833 
-0.924956 0.613029 -0.828331 
-0.825501 0.613029 -0.515933 
-0.825501 0.579656 -0.995367 
0.613029 0.579656 -0.425934 
-0.415833 -0.828331 -0.515933 
-0.415833 -0.917128 -0.435766 
-0.515933 -0.995367 -0.425934 
