0.545888 0.494322 -0.0485641 
0.545888 -0.455286 0.457402 
0.545888 -0.459388 -0.468812 
0.545888 -0.419855 -0.0138187 
0.494322 -0.455286 -0.466027 
0.494322 -0.459388 0.497165 
0.494322 -0.419855 0.00820646 
-0.455286 -0.459388 -0.450729 
-0.455286 -0.419855 0.511981 
-0.459388 -0.419855 0.532323 
-0.923874 -0.490867 -0.436147 
-0.923874 0.680497 -0.800082 
-0.923874 -0.805621 -0.787273 
-0.923874 -0.725665 0.657889 
-0.923874 -0.98087 -0.958569 
-0.490867 0.680497 0.289281 
-0.490867 -0.805621 0.440588 
-0.490867 0.484254 -0.881701 
-0.490867 -0.725665 0.47905 
-0.490867 -0.98087 -0.490197 
-0.946091 -0.846672 0.369183 
-0.946091 -0.425664 -0.392177 
-0.946091 -0.954229 0.47222 
-0.946091 0.484254 -0.77286 
-0.946091 -0.989206 -0.325268 
0.680497 -0.846672 -0.995335 
0.680497 -0.425664 -0.818637 
0.680497 -0.805621 -0.386799 
0.680497 0.484254 -0.414422 
0.680497 -0.725665 -0.397843 
0.680497 -0.98087 -0.803689 
-0.846672 -0.425664 0.417823 
-0.846672 -0.954229 -0.414609 
-0.846672 0.484254 -0.455372 
-0.846672 -0.989206 0.57583 
-0.425664 -0.954229 -0.687644 
-0.425664 0.484254 0.610806 
-0.425664 -0.989206 -0.361357 
-0.954229 0.484254 -0.8544 
-0.954229 -0.989206 -0.762144 
-0.805621 0.484254 -0.992842 
-0.805621 -0.725665 -0.417894 
-0.805621 -0.98087 0.59423 
0.484254 -0.725665 -0.966768 
0.484254 -0.989206 -0.779442 
-0.725665 -0.98087 -0.810904 
0.636969 -0.452834 -0.842083 
0.636969 -0.944396 -0.958995 
0.636969 0.4924 -0.446013 
0.636969 -0.434445 0.540587 
0.636969 -0.833254 -0.429186 
0.636969 -0.971077 -0.958493 
-0.452834 0.4924 0.640448 
-0.452834 -0.967099 -0.988407 
-0.452834 -0.848408 0.594837 
-0.944396 0.4924 -0.963733 
-0.944396 -0.967099 0.654022 
-0.944396 -0.971077 0.582634 
0.4924 -0.967099 -0.959422 
0.4924 -0.434445 -0.856245 
0.4924 -0.848408 -0.402807 
-0.967099 -0.971077 -0.405736 
-0.434445 -0.833254 0.607347 
-0.434445 -0.971077 -0.997348 
-0.89198 -0.369161 -0.938499 
-0.89198 -0.957679 -0.416199 
-0.89198 0.662449 -0.928197 
-0.89198 -0.870007 0.52984 
-0.89198 0.509286 -0.961408 
-0.89198 -0.982556 0.604375 
-0.369161 -0.809962 0.640448 
-0.369161 0.662449 0.594837 
-0.369161 -0.870007 -0.995818 
-0.369161 0.509286 -0.83118 
-0.369161 -0.982556 -0.948378 
-0.809962 0.662449 -0.402807 
-0.809962 -0.982556 -0.983493 
-0.957679 -0.85958 -0.987257 
-0.957679 -0.870007 0.641714 
-0.957679 0.509286 -0.943066 
-0.957679 -0.982556 -0.822307 
-0.957679 -0.467707 -0.9474 
0.662449 -0.870007 -0.952891 
0.662449 0.509286 -0.425956 
0.662449 -0.982556 -0.978286 
0.662449 -0.467707 -0.843121 
-0.85958 0.509286 -0.445548 
-0.85958 -0.467707 0.53559 
-0.870007 0.509286 -0.896666 
-0.870007 -0.982556 -0.446437 
-0.870007 -0.467707 -0.946282 
0.509286 -0.467707 0.568545 
-0.938499 -0.756245 -0.988407 
-0.938499 -0.928197 0.594837 
-0.938499 0.52984 -0.995818 
-0.938499 -0.961408 -0.83118 
-0.938499 0.604375 -0.948378 
-0.940009 -0.756245 0.654022 
-0.940009 -0.46513 -0.457854 
-0.940009 -0.810114 -0.747774 
-0.940009 -0.918674 -0.962058 
-0.940009 0.604375 -0.774008 
-0.940009 -0.952894 -0.731607 
-0.992567 -0.842512 0.697416 
-0.992567 -0.416199 -0.399956 
-0.992567 0.52984 -0.818739 
-0.756245 -0.46513 0.47098 
-0.756245 -0.810114 -0.333565 
-0.756245 0.52984 -0.965837 
-0.756245 -0.918674 -0.779369 
-0.756245 0.604375 -0.345233 
-0.756245 -0.975757 -0.97204 
-0.756245 -0.952894 -0.482955 
-0.46513 -0.416199 -0.998382 
-0.46513 -0.810114 0.369183 
-0.46513 0.52984 -0.858273 
-0.46513 -0.918674 -0.392177 
-0.46513 0.604375 0.47222 
-0.46513 -0.975757 -0.77286 
-0.46513 -0.952894 -0.325268 
-0.842512 -0.416199 0.524563 
-0.842512 0.52984 -0.440445 
-0.842512 0.604375 -0.998715 
-0.416199 0.52984 0.641714 
-0.416199 -0.961408 -0.943066 
-0.416199 0.604375 -0.822307 
-0.928197 0.52984 -0.952891 
-0.928197 -0.961408 -0.425956 
-0.928197 0.604375 -0.978286 
-0.810114 0.52984 -0.986575 
-0.810114 -0.918674 0.417823 
-0.810114 0.604375 -0.414609 
-0.810114 -0.975757 -0.455372 
-0.810114 -0.952894 0.57583 
0.52984 -0.961408 -0.896666 
0.52984 0.604375 -0.446437 
-0.918674 0.604375 -0.687644 
-0.918674 -0.975757 0.610806 
-0.918674 -0.952894 -0.361357 
0.604375 -0.975757 -0.8544 
0.604375 -0.952894 -0.762144 
-0.975757 -0.952894 -0.779442 
-0.0485641 0.457402 -0.466027 
-0.0485641 -0.468812 0.497165 
-0.0485641 -0.0138187 0.00820646 
0.457402 -0.468812 -0.450729 
0.457402 -0.0138187 0.511981 
-0.468812 -0.0138187 0.532323 
-0.842083 -0.446013 0.640448 
-0.958995 -0.446013 -0.963733 
-0.958995 -0.958493 0.582634 
-0.958995 -0.98652 -0.413451 
-0.446013 0.540587 -0.856245 
0.540587 -0.429186 0.607347 
0.540587 -0.840174 -0.436786 
0.540587 -0.958493 -0.997348 
0.540587 -0.98652 -0.996491 
-0.429186 -0.840174 0.535937 
-0.958493 -0.98652 0.635128 
-0.466027 0.497165 -0.450729 
-0.466027 0.00820646 0.511981 
0.497165 0.00820646 0.532323 
0.640448 -0.988407 -0.959422 
0.640448 0.594837 -0.402807 
0.640448 -0.948378 -0.983493 
-0.988407 -0.995818 -0.965837 
-0.988407 -0.948378 -0.345233 
0.594837 -0.995818 -0.952891 
0.594837 -0.83118 -0.425956 
0.594837 -0.948378 -0.978286 
-0.995818 -0.83118 -0.896666 
-0.995818 -0.948378 -0.446437 
-0.354513 -0.993973 -0.439544 
-0.354513 -0.954186 -0.913857 
-0.354513 -0.350516 -0.331835 
-0.354513 -0.426811 -0.989466 
-0.354513 -0.729752 -0.687615 
-0.354513 0.501825 0.578355 
-0.354513 0.68472 -0.776814 
-0.354513 -0.809783 0.587384 
-0.993973 -0.350516 -0.955483 
-0.993973 0.501825 -0.846855 
-0.993973 -0.809783 0.57583 
-0.954186 -0.350516 -0.440931 
-0.954186 -0.729752 0.581198 
-0.954186 0.501825 -0.831652 
-0.954186 -0.809783 -0.98182 
-0.350516 -0.426811 -0.947703 
-0.350516 -0.729752 0.570474 
-0.350516 0.501825 0.33245 
-0.350516 0.68472 -0.706341 
-0.350516 -0.809783 -0.731521 
-0.426811 0.501825 -0.848451 
-0.426811 0.68472 0.488549 
-0.426811 -0.827969 0.652578 
-0.729752 0.501825 -0.433192 
-0.729752 0.68472 -0.871179 
-0.729752 -0.809783 -0.871955 
0.501825 0.68472 -0.402574 
0.501825 -0.809783 -0.432427 
0.68472 -0.827969 -0.449799 
0.68472 -0.809783 -0.978063 
-0.854324 -0.442485 -0.883741 
-0.854324 0.574876 -0.843288 
-0.854324 -0.448462 -0.907839 
-0.854324 -0.84864 -0.98293 
-0.854324 0.512886 -0.880682 
-0.854324 -0.943517 0.511981 
-0.442485 -0.990772 -0.958411 
-0.442485 0.574876 0.575958 
-0.442485 -0.448462 -0.980774 
-0.442485 -0.998015 -0.356551 
-0.442485 0.512886 -0.836839 
-0.442485 -0.943517 -0.961172 
-0.442485 -0.830501 0.602921 
-0.990772 0.574876 -0.944935 
0.574876 -0.448462 -0.79912 
0.574876 -0.84864 -0.984663 
0.574876 -0.998015 -0.813992 
0.574876 0.512886 -0.424098 
0.574876 -0.943517 -0.94112 
0.574876 -0.830501 -0.4014 
-0.448462 -0.84864 0.59744 
-0.448462 0.512886 0.545274 
-0.84864 0.512886 -0.447927 
-0.998015 -0.830501 0.613712 
0.512886 -0.943517 -0.971664 
-0.883741 -0.843288 0.575958 
-0.883741 -0.907839 -0.980774 
-0.883741 -0.880682 -0.836839 
-0.883741 0.511981 -0.961172 
-0.450729 0.511981 0.532323 
-0.843288 -0.907839 -0.79912 
-0.843288 -0.98293 -0.984663 
-0.843288 -0.880682 -0.424098 
-0.843288 0.511981 -0.94112 
-0.907839 -0.98293 0.59744 
-0.907839 -0.880682 0.545274 
-0.98293 -0.880682 -0.447927 
-0.880682 0.511981 -0.971664 
-0.963733 0.654022 -0.959422 
-0.963733 -0.774008 -0.983493 
0.654022 -0.457854 0.47098 
0.654022 -0.855888 -0.780924 
0.654022 -0.747774 -0.333565 
0.654022 -0.9379 -0.987356 
0.654022 -0.962058 -0.779369 
0.654022 -0.774008 -0.345233 
0.654022 -0.885512 -0.932919 
0.654022 0.582634 -0.405736 
0.654022 -0.900801 -0.953449 
0.654022 -0.950826 -0.944004 
0.654022 -0.413451 -0.825319 
0.654022 -0.731607 -0.482955 
-0.457854 -0.855888 -0.779381 
-0.457854 -0.747774 0.369183 
-0.457854 -0.962058 -0.392177 
-0.457854 -0.774008 0.47222 
-0.457854 -0.885512 -0.998812 
-0.457854 0.582634 -0.851757 
-0.457854 -0.950826 -0.970549 
-0.457854 -0.731607 -0.325268 
-0.855888 -0.747774 -0.439544 
-0.855888 -0.9379 -0.913857 
-0.855888 -0.962058 -0.781631 
-0.855888 -0.774008 -0.962557 
-0.855888 -0.885512 -0.331835 
-0.855888 0.582634 -0.959364 
-0.855888 -0.900801 -0.687615 
-0.855888 -0.950826 0.578355 
-0.855888 -0.731607 0.587384 
-0.832474 0.582634 -0.423755 
-0.832474 -0.413451 0.540083 
-0.980879 -0.9379 0.749164 
-0.980879 -0.885512 -0.810903 
-0.980879 0.582634 -0.94666 
-0.980879 -0.900801 -0.354325 
-0.980879 -0.950826 -0.977016 
-0.980879 -0.413451 -0.971163 
-0.747774 -0.962058 0.417823 
-0.747774 -0.774008 -0.414609 
-0.747774 -0.885512 -0.955483 
-0.747774 0.582634 -0.962336 
-0.747774 -0.950826 -0.846855 
-0.747774 -0.731607 0.57583 
-0.9379 -0.885512 -0.440931 
-0.9379 0.582634 -0.892488 
-0.9379 -0.900801 0.581198 
-0.9379 -0.950826 -0.831652 
-0.9379 -0.413451 -0.921351 
-0.9379 -0.731607 -0.98182 
-0.962058 -0.774008 -0.687644 
-0.962058 -0.950826 -0.98374 
-0.962058 -0.731607 -0.361357 
-0.774008 0.582634 -0.96944 
-0.774008 -0.731607 -0.762144 
-0.885512 0.582634 -0.886162 
-0.885512 -0.900801 0.570474 
-0.885512 -0.950826 0.33245 
-0.885512 -0.413451 -0.937982 
-0.885512 -0.731607 -0.731521 
0.582634 -0.900801 -0.874507 
0.582634 -0.950826 -0.991238 
0.582634 -0.413451 0.635128 
0.582634 -0.731607 -0.928333 
-0.900801 -0.950826 -0.433192 
-0.900801 -0.413451 -0.919017 
-0.900801 -0.731607 -0.871955 
-0.950826 -0.731607 -0.432427 
-0.959422 -0.983493 -0.345233 
-0.402807 -0.983493 -0.978286 
-0.958411 0.575958 -0.944935 
-0.958411 -0.997651 0.489978 
-0.958411 -0.961898 0.697416 
0.575958 -0.980774 -0.79912 
0.575958 -0.997651 -0.978242 
0.575958 -0.961898 -0.966648 
0.575958 -0.356551 -0.813992 
0.575958 -0.836839 -0.424098 
0.575958 -0.961172 -0.94112 
0.575958 0.602921 -0.4014 
0.575958 -0.786368 -0.986125 
-0.980774 -0.836839 0.545274 
-0.997651 -0.961898 -0.427955 
-0.356551 -0.993 -0.420397 
-0.356551 0.602921 0.613712 
-0.356551 -0.786368 0.735038 
-0.836839 -0.961172 -0.971664 
-0.993 0.602921 -0.834517 
-0.993 -0.786368 0.46804 
0.602921 -0.786368 -0.357284 
-0.84797 0.489978 -0.411933 
-0.84797 0.697416 -0.999861 
-0.84797 -0.45911 0.597435 
-0.944935 0.489978 -0.978242 
-0.944935 0.697416 -0.966648 
0.489978 0.697416 -0.427955 
0.489978 -0.45911 0.621673 
0.489978 -0.399956 -0.835072 
0.489978 -0.818739 -0.997487 
0.697416 -0.45911 -0.833551 
0.697416 -0.399956 0.524563 
0.697416 -0.818739 -0.440445 
-0.45911 -0.399956 -0.999091 
-0.399956 -0.818739 0.641714 
0.47098 -0.780924 -0.779381 
0.47098 -0.333565 0.369183 
0.47098 -0.965837 -0.858273 
0.47098 -0.779369 -0.392177 
0.47098 -0.345233 0.47222 
0.47098 -0.97204 -0.77286 
0.47098 -0.932919 -0.998812 
0.47098 -0.405736 -0.851757 
0.47098 -0.944004 -0.970549 
0.47098 -0.482955 -0.325268 
-0.780924 -0.333565 -0.439544 
-0.780924 -0.987356 -0.913857 
-0.780924 -0.779369 -0.781631 
-0.780924 -0.345233 -0.962557 
-0.780924 -0.97204 -0.956787 
-0.780924 -0.932919 -0.331835 
-0.780924 -0.405736 -0.959364 
-0.780924 -0.953449 -0.687615 
-0.780924 -0.944004 0.578355 
-0.780924 -0.482955 0.587384 
-0.333565 -0.965837 -0.986575 
-0.333565 -0.779369 0.417823 
-0.333565 -0.345233 -0.414609 
-0.333565 -0.97204 -0.455372 
-0.333565 -0.932919 -0.955483 
-0.333565 -0.405736 -0.962336 
-0.333565 -0.944004 -0.846855 
-0.333565 -0.482955 0.57583 
-0.965837 -0.345233 -0.446437 
-0.987356 -0.932919 -0.440931 
-0.987356 -0.405736 -0.892488 
-0.987356 -0.953449 0.581198 
-0.987356 -0.944004 -0.831652 
-0.987356 -0.825319 -0.921351 
-0.987356 -0.482955 -0.98182 
-0.779369 -0.345233 -0.687644 
-0.779369 -0.97204 0.610806 
-0.779369 -0.944004 -0.98374 
-0.779369 -0.482955 -0.361357 
-0.345233 -0.97204 -0.8544 
-0.345233 -0.405736 -0.96944 
-0.345233 -0.482955 -0.762144 
-0.97204 -0.482955 -0.779442 
-0.932919 -0.405736 -0.886162 
-0.932919 -0.953449 0.570474 
-0.932919 -0.944004 0.33245 
-0.932919 -0.825319 -0.937982 
-0.932919 -0.482955 -0.731521 
-0.405736 -0.953449 -0.874507 
-0.405736 -0.944004 -0.991238 
-0.405736 -0.825319 0.635128 
-0.405736 -0.482955 -0.928333 
-0.953449 -0.944004 -0.433192 
-0.953449 -0.825319 -0.919017 
-0.953449 -0.482955 -0.871955 
-0.944004 -0.482955 -0.432427 
-0.436147 -0.800082 0.289281 
-0.436147 0.597435 -0.842645 
-0.436147 -0.787273 0.440588 
-0.436147 0.657889 0.47905 
-0.436147 -0.958569 -0.490197 
-0.800082 0.597435 -0.982942 
-0.800082 -0.787273 -0.386799 
-0.800082 0.657889 -0.397843 
-0.800082 -0.958569 -0.803689 
-0.411933 -0.999861 -0.427955 
-0.411933 0.597435 0.621673 
-0.411933 0.657889 -0.821965 
-0.999861 0.597435 -0.833551 
0.597435 -0.787273 -0.980974 
0.597435 0.657889 -0.402035 
-0.787273 0.657889 -0.417894 
-0.787273 -0.958569 0.59423 
0.657889 -0.958569 -0.810904 
0.289281 -0.842645 -0.982942 
0.289281 -0.877415 -0.985286 
0.289281 0.440588 -0.386799 
0.289281 -0.881701 -0.414422 
0.289281 0.47905 -0.397843 
0.289281 -0.490197 -0.803689 
-0.842645 0.440588 -0.980974 
-0.842645 0.47905 -0.402035 
-0.877415 0.440588 -0.456475 
-0.877415 -0.490197 0.508382 
0.440588 -0.881701 -0.992842 
0.440588 0.47905 -0.417894 
0.440588 -0.490197 0.59423 
-0.881701 0.47905 -0.966768 
0.47905 -0.490197 -0.810904 
-0.79912 -0.984663 0.59744 
-0.79912 -0.424098 0.545274 
-0.978242 -0.966648 -0.427955 
-0.984663 -0.424098 -0.447927 
-0.813992 -0.4014 0.613712 
-0.813992 -0.986125 0.735038 
-0.424098 -0.94112 -0.971664 
-0.4014 -0.986125 -0.357284 
-0.403288 0.624132 0.59744 
-0.403288 -0.84014 0.545274 
-0.403288 0.368387 -0.869931 
0.624132 -0.84014 -0.447927 
0.624132 -0.476477 -0.853911 
0.624132 0.368387 -0.510261 
-0.476477 -0.868828 0.488549 
-0.476477 0.368387 0.652578 
-0.868828 0.368387 -0.449799 
-0.779381 0.369183 -0.439544 
-0.779381 -0.392177 -0.781631 
-0.779381 0.47222 -0.962557 
-0.779381 -0.77286 -0.956787 
-0.779381 -0.998812 -0.331835 
-0.779381 -0.851757 -0.959364 
-0.779381 -0.970549 0.578355 
-0.779381 -0.325268 0.587384 
-0.998382 -0.858273 0.641714 
-0.998382 0.47222 -0.822307 
0.369183 -0.858273 -0.986575 
0.369183 -0.392177 0.417823 
0.369183 0.47222 -0.414609 
0.369183 -0.77286 -0.455372 
0.369183 -0.998812 -0.955483 
0.369183 -0.851757 -0.962336 
0.369183 -0.970549 -0.846855 
0.369183 -0.325268 0.57583 
-0.858273 0.47222 -0.446437 
-0.392177 0.47222 -0.687644 
-0.392177 -0.77286 0.610806 
-0.392177 -0.970549 -0.98374 
-0.392177 -0.325268 -0.361357 
0.47222 -0.77286 -0.8544 
0.47222 -0.851757 -0.96944 
0.47222 -0.325268 -0.762144 
-0.77286 -0.325268 -0.779442 
-0.998812 -0.851757 -0.886162 
-0.998812 -0.970549 0.33245 
-0.998812 -0.325268 -0.731521 
-0.851757 -0.970549 -0.991238 
-0.851757 -0.325268 -0.928333 
-0.970549 -0.325268 -0.432427 
-0.982942 -0.386799 -0.980974 
-0.982942 -0.397843 -0.402035 
-0.985286 -0.386799 -0.456475 
-0.985286 -0.803689 0.508382 
-0.995335 -0.818637 0.417823 
-0.995335 -0.414422 -0.455372 
-0.818637 -0.414422 0.610806 
-0.386799 -0.414422 -0.992842 
-0.386799 -0.397843 -0.417894 
-0.386799 -0.803689 0.59423 
-0.414422 -0.397843 -0.966768 
-0.397843 -0.803689 -0.810904 
0.59744 0.545274 -0.447927 
0.59744 -0.885843 -0.922212 
0.59744 -0.945731 -0.952258 
0.59744 -0.908254 -0.939732 
0.59744 -0.869931 -0.510261 
0.545274 -0.885843 -0.888443 
0.545274 -0.945731 -0.965504 
0.545274 -0.986167 -0.982105 
0.545274 -0.908254 -0.912561 
-0.885843 -0.945731 0.532932 
-0.885843 -0.986167 -0.456475 
-0.885843 -0.908254 0.508382 
-0.945731 -0.986167 -0.849025 
-0.945731 -0.908254 -0.453158 
-0.986167 -0.908254 0.59423 
-0.427955 0.621673 -0.833551 
-0.427955 -0.835072 0.524563 
-0.427955 -0.997487 -0.440445 
0.621673 -0.835072 -0.999091 
0.621673 -0.821965 -0.402035 
-0.835072 -0.997487 0.641714 
-0.833551 0.524563 -0.999091 
0.524563 -0.440445 0.641714 
0.524563 -0.998715 -0.822307 
0.524563 -0.995605 -0.9474 
-0.440445 -0.998715 -0.446437 
-0.440445 -0.995605 -0.946282 
-0.447927 -0.922212 -0.888443 
-0.447927 -0.952258 -0.965504 
-0.447927 -0.939732 -0.912561 
-0.922212 -0.952258 0.532932 
-0.922212 -0.939732 0.508382 
-0.952258 -0.939732 -0.453158 
-0.853911 -0.510261 0.652578 
-0.420397 0.613712 -0.834517 
-0.420397 0.735038 0.46804 
-0.420397 -0.810477 0.749164 
-0.420397 -0.986388 -0.354325 
0.613712 0.735038 -0.357284 
0.613712 -0.810477 -0.993811 
0.735038 -0.810477 -0.414916 
0.735038 -0.986388 -0.817921 
-0.810477 -0.986388 0.581198 
-0.980974 -0.402035 -0.417894 
-0.439544 -0.781631 0.417823 
-0.439544 -0.962557 -0.414609 
-0.439544 -0.956787 -0.455372 
-0.439544 -0.331835 -0.955483 
-0.439544 -0.959364 -0.962336 
-0.439544 0.578355 -0.846855 
-0.439544 0.587384 0.57583 
-0.913857 -0.331835 -0.440931 
-0.913857 -0.959364 -0.892488 
-0.913857 -0.687615 0.581198 
-0.913857 0.578355 -0.831652 
-0.913857 0.587384 -0.98182 
-0.781631 -0.962557 -0.687644 
-0.781631 -0.956787 0.610806 
-0.781631 0.578355 -0.98374 
-0.781631 0.587384 -0.361357 
-0.962557 -0.956787 -0.8544 
-0.962557 -0.959364 -0.96944 
-0.962557 0.587384 -0.762144 
-0.956787 0.587384 -0.779442 
-0.331835 -0.989466 -0.947703 
-0.331835 -0.959364 -0.886162 
-0.331835 -0.687615 0.570474 
-0.331835 0.578355 0.33245 
-0.331835 -0.776814 -0.706341 
-0.331835 0.587384 -0.731521 
-0.989466 0.578355 -0.848451 
-0.989466 -0.776814 0.488549 
-0.959364 -0.687615 -0.874507 
-0.959364 0.578355 -0.991238 
-0.959364 0.587384 -0.928333 
-0.687615 0.578355 -0.433192 
-0.687615 -0.776814 -0.871179 
-0.687615 0.587384 -0.871955 
0.578355 -0.776814 -0.402574 
0.578355 0.587384 -0.432427 
-0.776814 0.587384 -0.978063 
-0.888443 -0.965504 0.532932 
-0.888443 -0.982105 -0.456475 
-0.888443 -0.912561 0.508382 
-0.965504 -0.982105 -0.849025 
-0.965504 -0.912561 -0.453158 
-0.982105 -0.912561 0.59423 
-0.995919 -0.98214 0.607347 
-0.995919 -0.423755 -0.997348 
-0.995919 0.540083 -0.996491 
-0.98214 0.598148 -0.970669 
-0.98214 -0.4425 -0.996614 
0.598148 -0.833022 -0.445548 
0.598148 -0.4425 0.53559 
0.598148 -0.423755 -0.835448 
0.598148 0.540083 -0.450504 
0.598148 -0.995051 -0.970526 
-0.833022 -0.4425 0.568545 
-0.4425 0.540083 -0.85482 
-0.423755 0.540083 0.635128 
-0.854709 0.607347 -0.477714 
-0.854709 -0.436786 0.532932 
0.607347 -0.436786 0.535937 
-0.997348 -0.996491 0.635128 
-0.477714 0.532932 0.535937 
-0.477714 -0.983316 -0.996614 
-0.477714 0.508382 -0.858084 
-0.963498 0.532932 -0.983508 
-0.963498 -0.983316 0.568545 
0.532932 -0.983316 -0.97222 
0.532932 -0.456475 -0.849025 
0.532932 0.508382 -0.453158 
-0.456475 0.508382 0.59423 
-0.970669 0.535937 -0.980099 
-0.970669 -0.996614 0.53559 
0.535937 -0.996614 -0.97222 
0.535937 -0.858084 -0.453158 
-0.987257 -0.943066 -0.445548 
-0.987257 -0.9474 0.53559 
0.641714 -0.943066 -0.896666 
0.641714 -0.822307 -0.446437 
0.641714 -0.9474 -0.946282 
-0.943066 -0.9474 0.568545 
-0.952891 -0.425956 -0.896666 
-0.952891 -0.978286 -0.446437 
-0.952891 -0.843121 -0.946282 
-0.425956 -0.843121 0.568545 
-0.445548 -0.980099 -0.983508 
-0.445548 0.53559 0.568545 
-0.980099 0.53559 -0.97222 
0.53559 -0.450504 -0.85482 
-0.835448 -0.450504 0.635128 
-0.834517 0.46804 -0.357284 
-0.834517 0.749164 -0.993811 
0.46804 0.749164 -0.414916 
0.46804 -0.810903 -0.994822 
0.46804 -0.354325 -0.817921 
0.749164 -0.810903 -0.440931 
0.749164 -0.94666 -0.892488 
0.749164 -0.354325 0.581198 
0.749164 -0.977016 -0.831652 
0.749164 -0.971163 -0.921351 
-0.810903 -0.94666 -0.886162 
-0.810903 -0.354325 0.570474 
-0.810903 -0.977016 0.33245 
-0.810903 -0.971163 -0.937982 
-0.94666 -0.354325 -0.874507 
-0.94666 -0.977016 -0.991238 
-0.94666 -0.971163 0.635128 
-0.354325 -0.977016 -0.433192 
-0.354325 -0.971163 -0.919017 
-0.357284 -0.993811 -0.414916 
-0.986575 -0.414609 -0.446437 
0.417823 -0.414609 -0.687644 
0.417823 -0.455372 0.610806 
0.417823 -0.846855 -0.98374 
0.417823 0.57583 -0.361357 
-0.414609 -0.455372 -0.8544 
-0.414609 -0.962336 -0.96944 
-0.414609 0.57583 -0.762144 
-0.455372 0.57583 -0.779442 
-0.955483 -0.962336 -0.886162 
-0.955483 -0.846855 0.33245 
-0.955483 0.57583 -0.731521 
-0.962336 -0.846855 -0.991238 
-0.962336 0.57583 -0.928333 
-0.846855 0.57583 -0.432427 
-0.896666 -0.946282 0.568545 
-0.983508 0.568545 -0.97222 
-0.849025 -0.453158 0.59423 
-0.414916 -0.994822 -0.440931 
-0.414916 -0.817921 0.581198 
-0.994822 -0.817921 0.570474 
-0.440931 -0.892488 -0.886162 
-0.440931 0.581198 0.570474 
-0.440931 -0.831652 0.33245 
-0.440931 -0.921351 -0.937982 
-0.440931 -0.98182 -0.731521 
-0.892488 0.581198 -0.874507 
-0.892488 -0.831652 -0.991238 
-0.892488 -0.921351 0.635128 
-0.892488 -0.98182 -0.928333 
0.581198 -0.831652 -0.433192 
0.581198 -0.921351 -0.919017 
0.581198 -0.98182 -0.871955 
-0.831652 -0.98182 -0.432427 
-0.687644 0.610806 -0.8544 
-0.687644 -0.361357 -0.762144 
0.610806 -0.361357 -0.779442 
-0.98374 -0.361357 -0.432427 
-0.8544 -0.762144 -0.779442 
-0.96944 -0.762144 -0.928333 
-0.992842 -0.417894 -0.966768 
-0.417894 0.59423 -0.810904 
-0.947703 0.33245 -0.848451 
-0.947703 -0.706341 0.488549 
-0.886162 0.570474 -0.874507 
-0.886162 0.33245 -0.991238 
-0.886162 -0.937982 0.635128 
-0.886162 -0.731521 -0.928333 
0.570474 0.33245 -0.433192 
0.570474 -0.706341 -0.871179 
0.570474 -0.937982 -0.919017 
0.570474 -0.731521 -0.871955 
0.33245 -0.706341 -0.402574 
0.33245 -0.731521 -0.432427 
-0.706341 -0.731521 -0.978063 
-0.848451 0.488549 -0.402574 
0.488549 0.652578 -0.449799 
-0.874507 -0.991238 -0.433192 
-0.874507 0.635128 -0.919017 
-0.874507 -0.928333 -0.871955 
-0.991238 -0.928333 -0.432427 
-0.433192 -0.871179 -0.402574 
-0.433192 -0.871955 -0.432427 
-0.871179 -0.871955 -0.978063 
-0.402574 -0.432427 -0.978063 
