0.473694 0.551206 -0.0215825 
0.473694 -0.914499 -0.964026 
0.473694 -0.476819 0.471965 
0.473694 -0.432569 -0.451715 
0.473694 -0.600223 -0.876601 
0.473694 -0.623189 -0.922522 
0.473694 -0.718185 -0.878657 
0.473694 -0.468354 -0.0715645 
0.551206 -0.476819 -0.455571 
0.551206 -0.432569 0.544946 
0.551206 -0.820937 -0.866435 
0.551206 -0.600223 -0.870947 
0.551206 -0.623189 -0.803917 
0.551206 -0.718185 -0.953195 
0.551206 -0.468354 -0.0266417 
0.551206 -0.914372 -0.888098 
-0.914499 -0.600223 -0.441416 
-0.914499 -0.623189 -0.860657 
-0.914499 -0.718185 0.521619 
-0.476819 -0.432569 -0.453953 
-0.476819 -0.468354 0.458669 
-0.432569 -0.820937 -0.998039 
-0.432569 -0.623189 -0.987157 
-0.432569 -0.468354 0.516149 
-0.432569 -0.914372 -0.984505 
-0.820937 -0.600223 -0.456994 
-0.820937 -0.623189 0.604427 
-0.820937 -0.718185 -0.847493 
-0.820937 -0.914372 0.614081 
-0.600223 -0.623189 0.51165 
-0.600223 -0.718185 0.633196 
-0.600223 -0.914372 -0.837415 
-0.623189 -0.718185 -0.448619 
-0.623189 -0.914372 -0.383708 
-0.958503 -0.95008 -0.47702 
-0.958503 0.637047 -0.980211 
-0.958503 -0.880168 -0.830837 
-0.958503 -0.447492 -0.869891 
-0.958503 -0.948775 0.561738 
-0.958503 0.386887 -0.902077 
-0.959674 -0.495482 -0.415949 
-0.959674 0.637047 -0.780961 
-0.959674 -0.707056 -0.770885 
-0.959674 -0.797623 0.633819 
-0.959674 -0.921046 -0.93664 
-0.495482 0.637047 0.374181 
-0.495482 -0.707056 0.520167 
-0.495482 0.386887 -0.88886 
-0.495482 -0.797623 0.488535 
-0.495482 -0.921046 -0.449485 
-0.95008 -0.880168 0.309611 
-0.95008 -0.447492 -0.421109 
-0.95008 -0.948775 0.46946 
-0.95008 0.386887 -0.745996 
0.637047 -0.447492 -0.822051 
0.637047 -0.707056 -0.262533 
0.637047 0.386887 -0.469641 
0.637047 -0.797623 -0.383953 
0.637047 -0.921046 -0.752076 
-0.880168 -0.447492 0.32149 
-0.880168 -0.948775 -0.457096 
-0.880168 0.386887 -0.475611 
-0.447492 -0.948775 -0.676963 
-0.447492 0.386887 0.743838 
-0.948775 0.386887 -0.816167 
-0.707056 0.386887 -0.945574 
-0.707056 -0.797623 -0.396778 
-0.707056 -0.921046 0.576378 
-0.797623 -0.921046 -0.788012 
0.655937 -0.458899 -0.84472 
0.655937 -0.996101 -0.917376 
0.655937 0.491665 -0.447735 
0.655937 -0.930551 -0.803518 
0.655937 -0.392068 0.629883 
0.655937 -0.810361 -0.379212 
0.655937 -0.934739 -0.883938 
0.655937 -0.994767 -0.822277 
0.655937 -0.89664 -0.882853 
0.655937 -0.939007 -0.958883 
0.655937 -0.890519 -0.766226 
-0.458899 0.491665 0.60171 
-0.458899 -0.84837 0.62583 
-0.996101 -0.930551 -0.384193 
-0.996101 -0.392068 -0.845728 
-0.996101 -0.810361 -0.869004 
-0.996101 -0.934739 -0.985586 
-0.996101 -0.994767 -0.962508 
-0.996101 -0.890519 -0.800475 
0.491665 -0.392068 -0.844126 
0.491665 -0.84837 -0.407472 
0.491665 -0.89664 -0.973591 
0.491665 -0.939007 -0.97734 
-0.930551 -0.392068 -0.697131 
-0.930551 -0.810361 -0.786813 
-0.930551 -0.934739 -0.392244 
-0.930551 -0.994767 -0.928519 
-0.930551 -0.89664 -0.83398 
-0.930551 -0.939007 -0.990969 
-0.930551 -0.890519 0.654343 
-0.392068 -0.810361 0.659739 
-0.392068 -0.934739 -0.887544 
-0.392068 -0.994767 -0.410633 
-0.392068 -0.89664 -0.926978 
-0.392068 -0.890519 -0.701046 
-0.810361 -0.934739 -0.972957 
-0.810361 -0.994767 0.572754 
-0.810361 -0.890519 -0.828118 
-0.934739 -0.89664 0.32149 
-0.934739 -0.939007 -0.475611 
-0.934739 -0.890519 0.561734 
-0.994767 -0.890519 -0.960089 
-0.89664 -0.939007 0.743838 
-0.89664 -0.890519 -0.447894 
-0.939007 -0.890519 -0.821994 
-0.375118 -0.813377 0.60171 
-0.375118 0.662831 0.62583 
-0.375118 0.48056 -0.821788 
-0.375118 -0.464297 -0.995734 
-0.813377 0.662831 -0.407472 
-0.813377 0.48056 -0.999226 
0.662831 -0.839848 -0.987789 
0.662831 0.48056 -0.398014 
0.662831 -0.464297 -0.820103 
-0.839848 0.48056 -0.385487 
-0.839848 -0.464297 0.61693 
0.48056 -0.464297 0.626562 
-0.965018 -0.833718 0.648946 
-0.965018 -0.47702 -0.43912 
-0.965018 -0.830837 -0.731542 
-0.965018 -0.869891 -0.948682 
-0.965018 0.561738 -0.785408 
-0.965018 -0.982121 -0.756663 
-0.994924 -0.832644 0.598103 
-0.994924 -0.430462 -0.418957 
-0.994924 0.55709 -0.820952 
-0.833718 -0.47702 0.446255 
-0.833718 -0.830837 -0.241736 
-0.833718 -0.869891 -0.757269 
-0.833718 0.561738 -0.439129 
-0.833718 -0.902077 -0.942593 
-0.833718 -0.982121 -0.391769 
-0.47702 -0.830837 0.309611 
-0.47702 0.55709 -0.860088 
-0.47702 -0.869891 -0.421109 
-0.47702 0.561738 0.46946 
-0.47702 -0.902077 -0.745996 
-0.47702 -0.982121 -0.348639 
-0.980211 -0.869891 -0.822051 
-0.980211 -0.902077 -0.469641 
-0.832644 -0.430462 0.595325 
-0.832644 0.55709 -0.408903 
-0.832644 0.561738 -0.990295 
-0.430462 0.55709 0.623229 
-0.430462 0.561738 -0.823764 
-0.830837 0.55709 -0.994776 
-0.830837 -0.869891 0.32149 
-0.830837 0.561738 -0.457096 
-0.830837 -0.902077 -0.475611 
-0.830837 -0.982121 0.561734 
0.55709 0.561738 -0.426169 
-0.869891 0.561738 -0.676963 
-0.869891 -0.902077 0.743838 
-0.869891 -0.982121 -0.447894 
0.561738 -0.902077 -0.816167 
0.561738 -0.982121 -0.784191 
-0.902077 -0.982121 -0.821994 
-0.0215825 0.471965 -0.455571 
-0.0215825 -0.451715 0.544946 
-0.0215825 -0.876601 -0.870947 
-0.0215825 -0.922522 -0.803917 
-0.0215825 -0.878657 -0.953195 
-0.0215825 -0.0715645 -0.0266417 
-0.964026 -0.876601 -0.441416 
-0.964026 -0.922522 -0.860657 
-0.964026 -0.878657 0.521619 
0.471965 -0.451715 -0.453953 
0.471965 -0.0715645 0.458669 
-0.451715 -0.922522 -0.987157 
-0.451715 -0.0715645 0.516149 
-0.876601 -0.922522 0.51165 
-0.876601 -0.878657 0.633196 
-0.922522 -0.878657 -0.448619 
-0.84472 -0.447735 0.60171 
-0.917376 -0.803518 -0.384193 
-0.917376 0.629883 -0.845728 
-0.917376 -0.379212 -0.869004 
-0.917376 -0.883938 -0.985586 
-0.917376 -0.822277 -0.962508 
-0.917376 -0.932706 0.484377 
-0.917376 -0.978133 0.675197 
-0.917376 -0.766226 -0.800475 
-0.447735 0.629883 -0.844126 
-0.447735 -0.882853 -0.973591 
-0.447735 -0.958883 -0.97734 
-0.803518 0.629883 -0.697131 
-0.803518 -0.379212 -0.786813 
-0.803518 -0.883938 -0.392244 
-0.803518 -0.822277 -0.928519 
-0.803518 -0.882853 -0.83398 
-0.803518 -0.958883 -0.990969 
-0.803518 -0.932706 0.438448 
-0.803518 -0.978133 -0.803691 
-0.803518 -0.766226 0.654343 
0.629883 -0.996829 -0.827717 
0.629883 -0.379212 0.659739 
0.629883 -0.883938 -0.887544 
0.629883 -0.822277 -0.410633 
0.629883 -0.882853 -0.926978 
0.629883 -0.932706 -0.868798 
0.629883 -0.978133 -0.930693 
0.629883 -0.766226 -0.701046 
-0.996829 -0.379212 -0.427874 
-0.996829 -0.822277 0.618695 
-0.379212 -0.883938 -0.972957 
-0.379212 -0.822277 0.572754 
-0.379212 -0.932706 -0.903323 
-0.379212 -0.978133 -0.934016 
-0.379212 -0.766226 -0.828118 
-0.883938 -0.882853 0.32149 
-0.883938 -0.958883 -0.475611 
-0.883938 -0.932706 -0.831136 
-0.883938 -0.766226 0.561734 
-0.822277 -0.932706 -0.986056 
-0.822277 -0.978133 -0.994542 
-0.822277 -0.766226 -0.960089 
-0.882853 -0.958883 0.743838 
-0.882853 -0.766226 -0.447894 
-0.958883 -0.766226 -0.821994 
-0.932706 -0.978133 -0.437833 
-0.932706 -0.766226 -0.458603 
-0.978133 -0.766226 -0.979391 
-0.455571 0.544946 -0.453953 
-0.455571 -0.0266417 0.458669 
0.544946 -0.866435 -0.998039 
0.544946 -0.803917 -0.987157 
0.544946 -0.0266417 0.516149 
0.544946 -0.888098 -0.984505 
-0.866435 -0.870947 -0.456994 
-0.866435 -0.803917 0.604427 
-0.866435 -0.953195 -0.847493 
-0.866435 -0.980053 -0.428198 
-0.866435 -0.888098 0.614081 
-0.870947 -0.803917 0.51165 
-0.870947 -0.953195 0.633196 
-0.870947 -0.888098 -0.837415 
-0.803917 -0.953195 -0.448619 
-0.803917 -0.980053 -0.828648 
-0.803917 -0.888098 -0.383708 
-0.980053 -0.888098 0.534864 
0.60171 0.62583 -0.407472 
0.60171 -0.821788 -0.999226 
0.62583 -0.821788 -0.398014 
0.62583 -0.995734 -0.820103 
-0.821788 -0.995734 0.626562 
-0.384193 -0.845728 -0.697131 
-0.384193 -0.869004 -0.786813 
-0.384193 -0.985586 -0.392244 
-0.384193 -0.962508 -0.928519 
-0.384193 -0.95497 -0.953477 
-0.384193 -0.319273 -0.321518 
-0.384193 -0.446092 -0.999163 
-0.384193 -0.730134 -0.730439 
-0.384193 0.484377 0.438448 
-0.384193 0.675197 -0.803691 
-0.384193 -0.800475 0.654343 
-0.845728 -0.869004 0.659739 
-0.845728 -0.985586 -0.887544 
-0.845728 -0.962508 -0.410633 
-0.845728 0.484377 -0.868798 
-0.845728 0.675197 -0.930693 
-0.845728 -0.800475 -0.701046 
-0.869004 -0.985586 -0.972957 
-0.869004 -0.962508 0.572754 
-0.869004 0.484377 -0.903323 
-0.869004 0.675197 -0.934016 
-0.869004 -0.800475 -0.828118 
-0.985586 -0.319273 -0.915762 
-0.985586 -0.730134 -0.985065 
-0.985586 0.484377 -0.831136 
-0.985586 -0.800475 0.561734 
-0.962508 0.484377 -0.986056 
-0.962508 0.675197 -0.994542 
-0.962508 -0.800475 -0.960089 
-0.95497 -0.319273 -0.40532 
-0.95497 -0.730134 0.541388 
-0.95497 0.484377 -0.831939 
-0.319273 -0.446092 -0.960972 
-0.319273 -0.730134 0.712281 
-0.319273 0.484377 0.505009 
-0.319273 0.675197 -0.726673 
-0.319273 -0.800475 -0.727082 
-0.446092 0.484377 -0.863593 
-0.446092 0.675197 0.47744 
-0.446092 -0.838019 0.534864 
-0.730134 0.484377 -0.400067 
-0.730134 0.675197 -0.907053 
-0.730134 -0.800475 -0.900909 
0.484377 0.675197 -0.437833 
0.484377 -0.800475 -0.458603 
0.675197 -0.838019 -0.457043 
0.675197 -0.800475 -0.979391 
-0.410626 0.551587 0.59941 
-0.410626 -0.441416 -0.998496 
-0.410626 -0.981624 -0.409521 
-0.410626 0.521619 -0.831201 
-0.410626 -0.838763 0.541356 
-0.994326 -0.981583 -0.46311 
-0.994326 -0.972764 0.495891 
0.551587 -0.441416 -0.844377 
0.551587 -0.981624 -0.820447 
0.551587 0.521619 -0.451567 
0.551587 -0.838763 -0.446488 
-0.441416 -0.981583 -0.970927 
-0.441416 -0.860657 0.51165 
-0.441416 0.521619 0.633196 
-0.981583 -0.972764 0.58962 
-0.981583 0.521619 -0.967514 
-0.860657 0.521619 -0.448619 
-0.981624 -0.838763 0.494345 
-0.972764 0.521619 -0.988837 
-0.453953 0.458669 0.516149 
0.648946 -0.43912 0.446255 
0.648946 -0.843058 -0.63692 
0.648946 -0.731542 -0.241736 
0.648946 -0.948682 -0.757269 
0.648946 -0.785408 -0.439129 
0.648946 -0.936768 -0.858808 
0.648946 0.552312 -0.424568 
0.648946 -0.97379 -0.916829 
0.648946 -0.9609 -0.872392 
0.648946 -0.44125 -0.836225 
0.648946 -0.756663 -0.391769 
-0.43912 -0.843058 -0.70172 
-0.43912 -0.731542 0.309611 
-0.43912 -0.948682 -0.421109 
-0.43912 -0.785408 0.46946 
-0.43912 -0.936768 -0.920475 
-0.43912 0.552312 -0.85065 
-0.43912 -0.97379 -0.953444 
-0.43912 -0.9609 -0.919452 
-0.43912 -0.756663 -0.348639 
-0.843058 -0.731542 -0.392244 
-0.843058 -0.948682 -0.83398 
-0.843058 -0.785408 -0.925348 
-0.843058 -0.936768 -0.321518 
-0.843058 0.552312 -0.981429 
-0.843058 -0.97379 -0.730439 
-0.843058 -0.9609 0.438448 
-0.843058 -0.756663 0.654343 
-0.836488 0.552312 -0.412527 
-0.836488 -0.44125 0.655492 
-0.731542 -0.948682 0.32149 
-0.731542 -0.785408 -0.457096 
-0.731542 -0.936768 -0.915762 
-0.731542 0.552312 -0.958171 
-0.731542 -0.97379 -0.985065 
-0.731542 -0.9609 -0.831136 
-0.731542 -0.756663 0.561734 
-0.948682 -0.785408 -0.676963 
-0.948682 -0.756663 -0.447894 
-0.785408 -0.936768 -0.996433 
-0.785408 0.552312 -0.981375 
-0.785408 -0.97379 -0.992711 
-0.785408 -0.756663 -0.784191 
-0.936768 -0.97379 0.712281 
-0.936768 -0.9609 0.505009 
-0.936768 -0.756663 -0.727082 
0.552312 -0.44125 0.58096 
0.552312 -0.756663 -0.955256 
-0.97379 -0.9609 -0.400067 
-0.97379 -0.756663 -0.900909 
-0.9609 -0.756663 -0.458603 
-0.844126 -0.973591 -0.926978 
-0.407472 -0.999226 -0.398014 
-0.973591 -0.97734 0.743838 
0.59941 -0.998496 -0.844377 
0.59941 -0.409521 -0.820447 
0.59941 -0.831201 -0.451567 
0.59941 0.541356 -0.446488 
0.59941 -0.825977 -0.991967 
-0.998496 -0.831201 0.633196 
-0.409521 -0.992505 -0.431075 
-0.409521 0.541356 0.494345 
-0.409521 -0.825977 0.607601 
-0.992505 0.541356 -0.855695 
-0.992505 -0.825977 0.51557 
0.541356 -0.825977 -0.462312 
-0.860859 0.539026 -0.46311 
-0.860859 0.598103 -0.999098 
-0.860859 -0.43656 0.495891 
-0.983709 0.539026 -0.970927 
-0.983709 -0.997789 0.633196 
0.539026 0.598103 -0.409735 
0.539026 -0.43656 0.58962 
0.539026 -0.997789 -0.967514 
0.539026 -0.418957 -0.81896 
0.539026 -0.820952 -0.984901 
0.598103 -0.43656 -0.803213 
0.598103 -0.418957 0.595325 
0.598103 -0.820952 -0.408903 
-0.43656 -0.997789 -0.988837 
-0.43656 -0.418957 -0.976283 
-0.418957 -0.820952 0.623229 
0.446255 -0.63692 -0.70172 
0.446255 -0.241736 0.309611 
0.446255 -0.757269 -0.421109 
0.446255 -0.439129 0.46946 
0.446255 -0.942593 -0.745996 
0.446255 -0.858808 -0.920475 
0.446255 -0.424568 -0.85065 
0.446255 -0.916829 -0.953444 
0.446255 -0.872392 -0.919452 
0.446255 -0.391769 -0.348639 
-0.63692 -0.241736 -0.392244 
-0.63692 -0.996025 -0.953477 
-0.63692 -0.757269 -0.83398 
-0.63692 -0.439129 -0.925348 
-0.63692 -0.942593 -0.990969 
-0.63692 -0.858808 -0.321518 
-0.63692 -0.424568 -0.981429 
-0.63692 -0.916829 -0.730439 
-0.63692 -0.872392 0.438448 
-0.63692 -0.391769 0.654343 
-0.241736 -0.757269 0.32149 
-0.241736 -0.439129 -0.457096 
-0.241736 -0.942593 -0.475611 
-0.241736 -0.858808 -0.915762 
-0.241736 -0.424568 -0.958171 
-0.241736 -0.916829 -0.985065 
-0.241736 -0.872392 -0.831136 
-0.241736 -0.391769 0.561734 
-0.996025 -0.858808 -0.40532 
-0.996025 -0.916829 0.541388 
-0.996025 -0.872392 -0.831939 
-0.757269 -0.439129 -0.676963 
-0.757269 -0.942593 0.743838 
-0.757269 -0.391769 -0.447894 
-0.439129 -0.942593 -0.816167 
-0.439129 -0.858808 -0.996433 
-0.439129 -0.424568 -0.981375 
-0.439129 -0.916829 -0.992711 
-0.439129 -0.391769 -0.784191 
-0.942593 -0.391769 -0.821994 
-0.858808 -0.916829 0.712281 
-0.858808 -0.872392 0.505009 
-0.858808 -0.391769 -0.727082 
-0.424568 -0.836225 0.58096 
-0.424568 -0.391769 -0.955256 
-0.916829 -0.872392 -0.400067 
-0.916829 -0.391769 -0.900909 
-0.872392 -0.391769 -0.458603 
-0.998325 -0.984268 -0.46311 
-0.998325 -0.995625 -0.999098 
-0.998325 -0.95941 0.495891 
-0.998325 0.516149 -0.970984 
-0.998039 -0.987157 0.604427 
-0.998039 -0.984505 0.614081 
-0.984268 -0.995625 -0.409735 
-0.984268 -0.95941 0.58962 
-0.984268 0.516149 -0.997786 
-0.995625 -0.95941 -0.803213 
-0.987157 -0.984505 -0.383708 
-0.95941 0.516149 -0.949754 
-0.415949 -0.780961 0.374181 
-0.415949 0.495891 -0.841582 
-0.415949 -0.770885 0.520167 
-0.415949 0.633819 0.488535 
-0.415949 -0.93664 -0.449485 
-0.780961 0.495891 -0.966817 
-0.780961 -0.770885 -0.262533 
-0.780961 0.633819 -0.383953 
-0.780961 -0.93664 -0.752076 
-0.46311 -0.999098 -0.409735 
-0.46311 0.495891 0.58962 
-0.46311 -0.970984 -0.997786 
-0.46311 0.633819 -0.839436 
-0.999098 0.495891 -0.803213 
0.495891 -0.970984 -0.949754 
0.495891 -0.770885 -0.984905 
0.495891 0.633819 -0.430552 
-0.770885 0.633819 -0.396778 
-0.770885 -0.93664 0.576378 
0.633819 -0.93664 -0.788012 
0.374181 -0.841582 -0.966817 
0.374181 -0.852477 -0.973944 
0.374181 0.520167 -0.262533 
0.374181 -0.88886 -0.469641 
0.374181 0.488535 -0.383953 
0.374181 -0.449485 -0.752076 
-0.841582 0.520167 -0.984905 
-0.841582 0.488535 -0.430552 
-0.852477 0.520167 -0.452705 
-0.852477 0.488535 -0.975729 
-0.852477 -0.449485 0.552753 
0.520167 -0.88886 -0.945574 
0.520167 0.488535 -0.396778 
0.520167 -0.449485 0.576378 
0.488535 -0.449485 -0.788012 
-0.844377 -0.451567 0.633196 
-0.820447 -0.446488 0.494345 
-0.820447 -0.991967 0.607601 
-0.446488 -0.991967 -0.462312 
-0.456994 0.604427 0.51165 
-0.456994 -0.847493 0.633196 
-0.456994 0.614081 -0.837415 
0.604427 -0.847493 -0.448619 
0.604427 -0.428198 -0.828648 
0.604427 0.614081 -0.383708 
-0.428198 -0.849746 0.47744 
-0.428198 0.614081 0.534864 
-0.849746 0.614081 -0.457043 
-0.70172 0.309611 -0.392244 
-0.70172 -0.421109 -0.83398 
-0.70172 0.46946 -0.925348 
-0.70172 -0.745996 -0.990969 
-0.70172 -0.920475 -0.321518 
-0.70172 -0.85065 -0.981429 
-0.70172 -0.953444 -0.730439 
-0.70172 -0.919452 0.438448 
-0.70172 -0.348639 0.654343 
0.309611 -0.860088 -0.994776 
0.309611 -0.421109 0.32149 
0.309611 0.46946 -0.457096 
0.309611 -0.745996 -0.475611 
0.309611 -0.920475 -0.915762 
0.309611 -0.85065 -0.958171 
0.309611 -0.953444 -0.985065 
0.309611 -0.919452 -0.831136 
0.309611 -0.348639 0.561734 
-0.860088 0.46946 -0.426169 
-0.421109 0.46946 -0.676963 
-0.421109 -0.745996 0.743838 
-0.421109 -0.348639 -0.447894 
0.46946 -0.745996 -0.816167 
0.46946 -0.920475 -0.996433 
0.46946 -0.85065 -0.981375 
0.46946 -0.953444 -0.992711 
0.46946 -0.348639 -0.784191 
-0.745996 -0.348639 -0.821994 
-0.920475 -0.953444 0.712281 
-0.920475 -0.919452 0.505009 
-0.920475 -0.348639 -0.727082 
-0.85065 -0.348639 -0.955256 
-0.953444 -0.919452 -0.400067 
-0.953444 -0.348639 -0.900909 
-0.919452 -0.348639 -0.458603 
-0.966817 -0.262533 -0.984905 
-0.966817 -0.383953 -0.430552 
-0.973944 -0.262533 -0.452705 
-0.973944 -0.383953 -0.975729 
-0.973944 -0.752076 0.552753 
-0.822051 -0.469641 0.743838 
-0.262533 -0.469641 -0.945574 
-0.262533 -0.383953 -0.396778 
-0.262533 -0.752076 0.576378 
-0.383953 -0.752076 -0.788012 
-0.970927 0.633196 -0.967514 
0.51165 0.633196 -0.448619 
0.51165 -0.837415 -0.383708 
-0.409735 0.58962 -0.803213 
-0.409735 -0.81896 0.595325 
-0.409735 -0.984901 -0.408903 
0.58962 -0.967514 -0.988837 
0.58962 -0.997786 -0.949754 
0.58962 -0.81896 -0.976283 
0.58962 -0.839436 -0.430552 
-0.81896 -0.984901 0.623229 
-0.803213 0.595325 -0.976283 
0.595325 -0.408903 0.623229 
0.595325 -0.990295 -0.823764 
-0.408903 -0.990295 -0.426169 
-0.828648 -0.383708 0.534864 
-0.431075 0.494345 -0.855695 
-0.431075 0.607601 0.51557 
-0.431075 -0.826592 0.682812 
0.494345 0.607601 -0.462312 
0.607601 -0.826592 -0.424167 
-0.984905 -0.430552 -0.396778 
-0.697131 -0.786813 0.659739 
-0.697131 -0.392244 -0.887544 
-0.697131 -0.928519 -0.410633 
-0.697131 -0.83398 -0.926978 
-0.697131 0.438448 -0.868798 
-0.697131 -0.803691 -0.930693 
-0.697131 0.654343 -0.701046 
-0.786813 -0.392244 -0.972957 
-0.786813 -0.928519 0.572754 
-0.786813 0.438448 -0.903323 
-0.786813 -0.803691 -0.934016 
-0.786813 0.654343 -0.828118 
-0.392244 -0.83398 0.32149 
-0.392244 -0.925348 -0.457096 
-0.392244 -0.990969 -0.475611 
-0.392244 -0.321518 -0.915762 
-0.392244 -0.981429 -0.958171 
-0.392244 -0.730439 -0.985065 
-0.392244 0.438448 -0.831136 
-0.392244 0.654343 0.561734 
-0.928519 0.438448 -0.986056 
-0.928519 -0.803691 -0.994542 
-0.928519 0.654343 -0.960089 
-0.953477 -0.321518 -0.40532 
-0.953477 -0.730439 0.541388 
-0.953477 0.438448 -0.831939 
-0.83398 -0.925348 -0.676963 
-0.83398 -0.990969 0.743838 
-0.83398 0.654343 -0.447894 
-0.925348 -0.990969 -0.816167 
-0.925348 -0.321518 -0.996433 
-0.925348 -0.981429 -0.981375 
-0.925348 -0.730439 -0.992711 
-0.925348 0.654343 -0.784191 
-0.990969 0.654343 -0.821994 
-0.321518 -0.999163 -0.960972 
-0.321518 -0.730439 0.712281 
-0.321518 0.438448 0.505009 
-0.321518 -0.803691 -0.726673 
-0.321518 0.654343 -0.727082 
-0.999163 0.438448 -0.863593 
-0.999163 -0.803691 0.47744 
-0.981429 0.654343 -0.955256 
-0.730439 0.438448 -0.400067 
-0.730439 -0.803691 -0.907053 
-0.730439 0.654343 -0.900909 
0.438448 -0.803691 -0.437833 
0.438448 0.654343 -0.458603 
-0.803691 0.654343 -0.979391 
0.642083 -0.810404 -0.385487 
0.642083 -0.398917 0.61693 
0.642083 -0.412527 -0.825532 
0.642083 0.655492 -0.382192 
-0.810404 -0.398917 0.626562 
-0.810404 0.655492 -0.991259 
-0.398917 -0.412527 -0.999654 
-0.398917 0.655492 -0.818649 
-0.412527 0.655492 0.58096 
-0.827717 0.659739 -0.427874 
-0.827717 -0.410633 0.618695 
-0.827717 -0.994192 0.552753 
0.659739 -0.887544 -0.972957 
0.659739 -0.410633 0.572754 
0.659739 -0.994192 -0.826695 
0.659739 -0.868798 -0.903323 
0.659739 -0.930693 -0.934016 
0.659739 -0.701046 -0.828118 
-0.887544 -0.926978 0.32149 
-0.887544 -0.868798 -0.831136 
-0.887544 -0.701046 0.561734 
-0.410633 -0.994192 -0.403671 
-0.410633 -0.868798 -0.986056 
-0.410633 -0.930693 -0.994542 
-0.410633 -0.701046 -0.960089 
-0.926978 -0.701046 -0.447894 
-0.868798 -0.930693 -0.437833 
-0.868798 -0.701046 -0.458603 
-0.930693 -0.701046 -0.979391 
-0.427874 0.618695 0.572754 
-0.427874 -0.994163 -0.999127 
-0.427874 -0.452705 -0.995047 
-0.427874 0.552753 -0.826695 
-0.993826 0.618695 -0.999978 
-0.993826 -0.994163 0.626562 
0.618695 -0.994163 -0.972665 
0.618695 -0.452705 -0.825067 
0.618695 0.552753 -0.403671 
-0.452705 -0.975729 -0.396778 
-0.452705 0.552753 0.576378 
-0.975729 0.552753 -0.788012 
-0.972957 -0.903323 -0.831136 
-0.972957 -0.828118 0.561734 
0.572754 -0.999127 -0.972665 
0.572754 -0.995047 -0.825067 
0.572754 -0.826695 -0.403671 
0.572754 -0.903323 -0.986056 
0.572754 -0.934016 -0.994542 
0.572754 -0.828118 -0.960089 
-0.995047 -0.826695 0.576378 
-0.903323 -0.934016 -0.437833 
-0.903323 -0.828118 -0.458603 
-0.934016 -0.828118 -0.979391 
0.623229 -0.823764 -0.426169 
-0.987789 -0.398014 -0.385487 
-0.987789 -0.820103 0.61693 
-0.398014 -0.820103 0.626562 
-0.385487 0.61693 0.626562 
-0.385487 -0.382192 -0.991259 
0.61693 -0.98809 -0.974855 
0.61693 -0.825532 -0.999654 
0.61693 -0.382192 -0.818649 
-0.825532 -0.382192 0.58096 
-0.855695 0.51557 -0.462312 
0.51557 0.682812 -0.424167 
0.51557 -0.404732 -0.843515 
0.682812 -0.812854 -0.40532 
0.682812 -0.404732 0.541388 
0.682812 -0.997996 -0.831939 
-0.812854 -0.404732 0.712281 
-0.812854 -0.997996 0.505009 
-0.404732 -0.997996 -0.400067 
-0.994776 -0.457096 -0.426169 
0.32149 -0.457096 -0.676963 
0.32149 -0.475611 0.743838 
0.32149 0.561734 -0.447894 
-0.457096 -0.475611 -0.816167 
-0.457096 -0.915762 -0.996433 
-0.457096 -0.958171 -0.981375 
-0.457096 -0.985065 -0.992711 
-0.457096 0.561734 -0.784191 
-0.475611 0.561734 -0.821994 
-0.915762 -0.985065 0.712281 
-0.915762 -0.831136 0.505009 
-0.915762 0.561734 -0.727082 
-0.958171 0.561734 -0.955256 
-0.985065 -0.831136 -0.400067 
-0.985065 0.561734 -0.900909 
-0.831136 0.561734 -0.458603 
-0.999978 0.626562 -0.972665 
0.626562 -0.991259 -0.818649 
-0.825067 -0.403671 0.576378 
-0.986056 -0.994542 -0.437833 
-0.986056 -0.960089 -0.458603 
-0.994542 -0.960089 -0.979391 
-0.424167 -0.843515 0.541388 
-0.40532 0.541388 0.712281 
-0.40532 -0.831939 0.505009 
0.541388 -0.831939 -0.400067 
-0.676963 0.743838 -0.816167 
-0.676963 -0.447894 -0.784191 
0.743838 -0.447894 -0.821994 
-0.816167 -0.784191 -0.821994 
-0.996433 -0.992711 0.712281 
-0.996433 -0.784191 -0.727082 
-0.981375 -0.784191 -0.955256 
-0.992711 -0.784191 -0.900909 
-0.974855 -0.993424 0.534864 
-0.999654 -0.818649 0.58096 
-0.396778 0.576378 -0.788012 
-0.960972 0.505009 -0.863593 
-0.960972 -0.726673 0.47744 
0.712281 0.505009 -0.400067 
0.712281 -0.726673 -0.907053 
0.712281 -0.727082 -0.900909 
0.505009 -0.726673 -0.437833 
0.505009 -0.727082 -0.458603 
-0.726673 -0.727082 -0.979391 
-0.863593 0.47744 -0.437833 
0.47744 0.534864 -0.457043 
-0.400067 -0.907053 -0.437833 
-0.400067 -0.900909 -0.458603 
-0.907053 -0.900909 -0.979391 
-0.437833 -0.458603 -0.979391 
