-0.477496
0.304726
-0.994019
-0.477497
-0.514729
0.316618
-0.465787
-0.477494
-0.686994
-0.994019
-0.477495
-0.919205
0.316624
-0.829075
-0.963561
-0.933881
-0.963561
-0.786993
-0.46579
-0.686996
-0.919206
-0.985778
-0.46579
-0.905606
-0.686996
-0.905607
-0.919206
-0.684507
-0.248448
-0.963562
-0.553883
-0.963563
-0.85114
-0.786996
-0.465788
-0.477494
-0.686994
-0.994019
-0.477495
-0.919206
0.316625
-0.905605
-0.905606
-0.684505
-0.829076
-0.933882
0.316619
0.304726
-0.477496
-0.994019
-0.514729
-0.46579
-0.985778
-0.686996
-0.919206
-0.829076
-0.933882
-0.477494
-0.465787
0.316625
-0.686994
-0.477494
-0.994019
-0.919205
-0.905606
-0.46579
-0.684506
-0.686996
-0.905606
-0.919206
-0.630007
-0.248446
-0.105455
-0.553882
-0.630007
-0.851139
-0.465791
-0.985778
-0.686997
-0.919207
-0.985777
-0.630004
-0.829076
-0.105449
-0.933882
-0.630004
-0.477496
-0.514728
-0.99402
-0.477497
-0.686994
0.316625
-0.465787
-0.477494
-0.919205
-0.994019
-0.477495
-0.933881
-0.786993
-0.829075
-0.963561
-0.963561
-0.686996
-0.985778
-0.46579
-0.919206
-0.686996
-0.684506
-0.46579
-0.905606
-0.919206
-0.905607
-0.553883
-0.786996
-0.248448
-0.963562
-0.851139
-0.963563
-0.686994
0.316626
-0.465788
-0.477494
-0.919205
-0.994019
-0.477495
-0.684505
-0.905605
-0.905606
-0.933882
-0.829076
0.316619
-0.514728
-0.477496
-0.686996
-0.46579
-0.985778
-0.919206
-0.933882
-0.829076
-0.994019
-0.686994
-0.477494
-0.465787
0.316625
-0.919205
-0.477494
-0.686996
-0.905606
-0.46579
-0.684506
-0.919206
-0.905606
-0.553882
-0.630007
-0.248446
-0.105455
-0.851139
-0.630007
-0.686997
-0.465791
-0.985778
-0.919206
-0.985777
-0.933882
-0.630004
-0.829076
-0.105449
-0.630004
-0.477496
0.304726
-0.994019
-0.477494
-0.919205
0.316625
-0.465787
-0.477494
-0.686994
-0.994019
-0.963561
-0.786993
-0.829075
-0.963561
-0.933881
-0.919206
-0.985778
-0.46579
-0.686996
-0.905606
-0.919206
-0.684506
-0.46579
-0.905606
-0.686996
-0.963562
-0.851139
-0.786996
-0.248448
-0.963562
-0.553883
-0.477494
-0.919205
0.316626
-0.465788
-0.477494
-0.686994
-0.994019
-0.905605
-0.684505
-0.905605
-0.829076
-0.933882
0.316619
0.304726
-0.919206
-0.46579
-0.985778
-0.686996
-0.829076
-0.933882
-0.477495
-0.994019
-0.919205
-0.477494
-0.465787
0.316625
-0.686994
-0.905607
-0.919206
-0.905606
-0.46579
-0.684506
-0.686996
-0.630007
-0.851139
-0.630007
-0.248446
-0.105455
-0.553882
-0.919206
-0.465791
-0.985778
-0.686997
-0.985777
-0.630005
-0.630004
-0.829076
-0.105449
-0.933882
-0.477496
-0.919205
-0.994019
-0.477494
-0.686994
0.316625
-0.465787
-0.477494
-0.963561
-0.933881
-0.786993
-0.829075
-0.963561
-0.919206
-0.686996
-0.985778
-0.46579
-0.919206
-0.905606
-0.686996
-0.684506
-0.46579
-0.905606
-0.85114
-0.963562
-0.553883
-0.786996
-0.248448
-0.963562
-0.919206
-0.994019
-0.477494
-0.686994
0.316626
-0.465788
-0.477494
-0.905605
-0.684505
-0.905605
-0.933882
-0.829076
-0.985778
-0.919206
-0.686996
-0.46579
-0.933882
-0.829076
0.316624
-0.919205
-0.477495
-0.994019
-0.686994
-0.477494
-0.465787
-0.684507
-0.919206
-0.905607
-0.686996
-0.905606
-0.46579
-0.105456
-0.851139
-0.630007
-0.553882
-0.630007
-0.248446
-0.985778
-0.919207
-0.686997
-0.465791
-0.985777
-0.10545
-0.630005
-0.933882
-0.630004
-0.829076
-0.477494
0.304726
-0.994019
-0.477495
-0.514729
0.316624
-0.46579
-0.477495
-0.686996
-0.994019
-0.477496
-0.919206
0.316621
-0.985779
-0.465787
-0.686994
-0.919205
-0.985778
-0.465786
-0.905604
-0.686994
-0.905605
-0.919205
-0.684503
-0.465789
-0.905605
-0.686995
-0.905605
-0.919206
-0.684504
-0.465793
-0.477497
-0.686998
-0.994019
-0.477498
-0.919207
0.316616
-0.905605
-0.905606
-0.684505
0.316625
0.304726
-0.477494
-0.994019
-0.514729
-0.46579
-0.985778
-0.686996
-0.919206
-0.905605
-0.684504
-0.905605
-0.477494
-0.46579
0.316625
-0.686996
-0.477494
-0.994019
-0.919206
-0.905604
-0.465786
-0.684503
-0.686994
-0.905604
-0.919205
-0.905605
-0.465789
-0.684505
-0.686995
-0.905605
-0.919206
-0.465793
-0.985777
-0.686998
-0.919207
-0.985777
-0.477494
-0.514728
-0.994019
-0.477495
-0.686996
0.316622
-0.46579
-0.477495
-0.919206
-0.99402
-0.477496
-0.985778
-0.686994
-0.985778
-0.465787
-0.919205
-0.686994
-0.684503
-0.465786
-0.905604
-0.919205
-0.905605
-0.686995
-0.684503
-0.465789
-0.905605
-0.919205
-0.905605
-0.686998
0.316617
-0.465793
-0.477497
-0.919207
-0.99402
-0.477498
-0.684505
-0.905605
-0.905606
0.316625
-0.514728
-0.477494
-0.686996
-0.46579
-0.985778
-0.919206
-0.905605
-0.684504
-0.905605
-0.994019
-0.686996
-0.477494
-0.46579
0.316625
-0.919206
-0.477494
-0.686994
-0.905604
-0.465786
-0.684503
-0.919205
-0.905604
-0.686995
-0.905605
-0.465789
-0.684505
-0.919205
-0.905605
-0.686998
-0.465793
-0.985777
-0.919207
-0.985777
-0.477494
0.304726
-0.994019
-0.477495
-0.919206
0.316622
-0.46579
-0.477495
-0.686996
-0.994019
-0.985778
-0.919205
-0.985778
-0.465787
-0.686994
-0.905604
-0.919205
-0.684503
-0.465786
-0.905604
-0.686994
-0.905605
-0.919205
-0.684503
-0.465789
-0.905605
-0.686995
-0.477497
-0.919207
0.316617
-0.465793
-0.477497
-0.686998
-0.994019
-0.905605
-0.684505
-0.905605
0.316625
0.304726
-0.919206
-0.46579
-0.985778
-0.686996
-0.905605
-0.905605
-0.684504
-0.477495
-0.994019
-0.919206
-0.477494
-0.46579
0.316625
-0.686996
-0.905605
-0.919205
-0.905604
-0.465786
-0.684503
-0.686994
-0.905606
-0.919205
-0.905605
-0.465789
-0.684505
-0.686995
-0.919207
-0.465793
-0.985777
-0.686998
-0.985777
-0.477494
-0.919206
-0.994019
-0.477495
-0.686996
0.316622
-0.46579
-0.477495
-0.985778
-0.919205
-0.686994
-0.985778
-0.465787
-0.919205
-0.905604
-0.686994
-0.684503
-0.465786
-0.905604
-0.919206
-0.905605
-0.686995
-0.684503
-0.465789
-0.905605
-0.919207
-0.994019
-0.477497
-0.686998
0.316617
-0.465793
-0.477497
-0.905605
-0.684505
-0.905605
-0.985778
-0.919206
-0.686996
-0.46579
-0.684504
-0.905605
-0.905605
0.316624
-0.919206
-0.477495
-0.994019
-0.686996
-0.477494
-0.46579
-0.684503
-0.919205
-0.905605
-0.686994
-0.905604
-0.465786
-0.684505
-0.919206
-0.905606
-0.686995
-0.905605
-0.465789
-0.985777
-0.919207
-0.686998
-0.465793
-0.985777
-0.477494
0.304726
-0.994019
-0.477495
-0.514729
0.316624
-0.829077
-0.630007
-0.933883
-0.630007
-0.105456
-0.985778
-0.465788
-0.686995
-0.919206
-0.985778
-0.248444
-0.630005
-0.553881
-0.630006
-0.851139
-0.105452
-0.465792
-0.905606
-0.686998
-0.905606
-0.919207
-0.684506
-0.465793
-0.477496
-0.686998
-0.994019
-0.477497
-0.919207
0.316619
0.316625
0.304726
-0.477494
-0.994019
-0.514729
-0.829077
-0.933883
-0.905605
-0.684504
-0.905605
-0.477493
-0.465788
0.316628
-0.686995
-0.477493
-0.994018
-0.919206
-0.963561
-0.248444
-0.786994
-0.553881
-0.963561
-0.851139
-0.905607
-0.465792
-0.684507
-0.686998
-0.905607
-0.919207
-0.465789
-0.985777
-0.686996
-0.919206
-0.477494
-0.514728
-0.994019
-0.477495
-0.933883
-0.105455
-0.829077
-0.630007
-0.630007
-0.985778
-0.686995
-0.985778
-0.465788
-0.919205
-0.553881
-0.105452
-0.248444
-0.630005
-0.851138
-0.630006
-0.686998
-0.684506
-0.465792
-0.905606
-0.919207
-0.905606
-0.686998
0.31662
-0.465793
-0.477496
-0.919207
-0.99402
-0.477497
0.316625
-0.514728
-0.477494
-0.933883
-0.829077
-0.905605
-0.684504
-0.905605
-0.994018
-0.686995
-0.477493
-0.465788
0.316628
-0.919205
-0.477493
-0.553881
-0.963561
-0.248444
-0.786994
-0.851138
-0.963561
-0.686998
-0.905607
-0.465792
-0.684507
-0.919207
-0.905607
-0.686996
-0.465789
-0.985777
-0.919206
-0.477494
0.304726
-0.994019
-0.630007
-0.105455
-0.829077
-0.630007
-0.933883
-0.985778
-0.919205
-0.985778
-0.465788
-0.686995
-0.630005
-0.851138
-0.105452
-0.248444
-0.630005
-0.553881
-0.905606
-0.919207
-0.684506
-0.465792
-0.905606
-0.686998
-0.477496
-0.919207
0.31662
-0.465793
-0.477496
-0.686998
-0.994019
0.316625
0.304726
-0.829077
-0.933883
-0.905605
-0.905605
-0.684504
-0.477494
-0.994019
-0.919205
-0.477493
-0.465788
0.316628
-0.686995
-0.963562
-0.851138
-0.963561
-0.248444
-0.786994
-0.553881
-0.905607
-0.919207
-0.905607
-0.465792
-0.684507
-0.686998
-0.919206
-0.465789
-0.985777
-0.686996
-0.477494
-0.630007
-0.933883
-0.105455
-0.829077
-0.630007
-0.985778
-0.919206
-0.686995
-0.985778
-0.465788
-0.851139
-0.630005
-0.553881
-0.105452
-0.248444
-0.630005
-0.919207
-0.905606
-0.686998
-0.684506
-0.465792
-0.905606
-0.919207
-0.994019
-0.477496
-0.686998
0.31662
-0.465793
-0.477496
-0.933883
-0.829077
-0.684504
-0.905605
-0.905605
0.316627
-0.919206
-0.477494
-0.994018
-0.686995
-0.477493
-0.465788
-0.786994
-0.851139
-0.963562
-0.553881
-0.963561
-0.248444
-0.684507
-0.919207
-0.905607
-0.686998
-0.905607
-0.465792
-0.985777
-0.919206
-0.686996
-0.465789
-0.477494
0.304726
-0.994019
-0.477495
-0.514729
0.316624
-0.46579
-0.477494
-0.686996
-0.994019
-0.477495
-0.919206
0.316624
-0.829077
-0.963562
-0.933883
-0.963563
-0.786996
-0.46579
-0.686996
-0.919206
-0.985778
-0.465786
-0.905604
-0.686994
-0.905605
-0.919205
-0.684503
-0.248446
-0.963562
-0.553882
-0.963563
-0.851139
-0.786996
0.316625
0.304726
-0.477494
-0.994019
-0.514729
-0.465787
-0.985778
-0.686994
-0.919205
-0.829077
-0.933883
-0.477495
-0.46579
0.316622
-0.686996
-0.477495
-0.994019
-0.919206
-0.905604
-0.465786
-0.684503
-0.686994
-0.905604
-0.919205
-0.630007
-0.248448
-0.105455
-0.553883
-0.630007
-0.85114
-0.477494
-0.514728
-0.994019
-0.477495
-0.686996
0.316625
-0.46579
-0.477494
-0.919206
-0.994019
-0.477495
-0.933883
-0.786996
-0.829077
-0.963562
-0.963563
-0.686996
-0.985778
-0.46579
-0.919206
-0.686994
-0.684503
-0.465786
-0.905604
-0.919205
-0.905605
-0.553882
-0.786996
-0.248446
-0.963562
-0.851139
-0.963563
0.316625
-0.514728
-0.477494
-0.686994
-0.465787
-0.985778
-0.919205
-0.933883
-0.829077
-0.994019
-0.686996
-0.477495
-0.46579
0.316622
-0.919206
-0.477495
-0.686994
-0.905604
-0.465786
-0.684503
-0.919205
-0.905604
-0.553883
-0.630007
-0.248448
-0.105455
-0.851139
-0.630007
-0.477494
0.304726
-0.994019
-0.477494
-0.919206
0.316625
-0.46579
-0.477494
-0.686996
-0.994019
-0.963562
-0.786996
-0.829077
-0.963562
-0.933883
-0.919206
-0.985778
-0.46579
-0.686996
-0.905604
-0.919205
-0.684503
-0.465786
-0.905604
-0.686994
-0.963562
-0.851139
-0.786996
-0.248446
-0.963562
-0.553882
0.316625
0.304726
-0.919205
-0.465787
-0.985778
-0.686994
-0.829077
-0.933883
-0.477496
-0.99402
-0.919206
-0.477495
-0.46579
0.316622
-0.686996
-0.905605
-0.919205
-0.905604
-0.465786
-0.684503
-0.686994
-0.630007
-0.851139
-0.630007
-0.248448
-0.105455
-0.553883
-0.477494
-0.919206
-0.994019
-0.477494
-0.686996
0.316625
-0.46579
-0.477494
-0.963562
-0.933883
-0.786996
-0.829077
-0.963562
-0.919206
-0.686996
-0.985778
-0.46579
-0.919205
-0.905604
-0.686994
-0.684503
-0.465786
-0.905604
-0.851139
-0.963562
-0.553882
-0.786996
-0.248446
-0.963562
-0.985778
-0.919205
-0.686994
-0.465787
-0.933883
-0.829077
0.316621
-0.919206
-0.477496
-0.994019
-0.686996
-0.477495
-0.46579
-0.684503
-0.919205
-0.905605
-0.686994
-0.905604
-0.465786
-0.105456
-0.85114
-0.630007
-0.553883
-0.630007
-0.248448
-0.477496
0.304726
-0.994019
-0.477497
-0.514729
0.316618
-0.465785
-0.477492
-0.686993
-0.994018
-0.477493
-0.919205
0.31663
-0.985778
-0.465788
-0.686995
-0.919206
-0.985778
-0.465786
-0.905605
-0.686994
-0.905605
-0.919205
-0.684504
0.316619
0.304726
-0.477496
-0.994019
-0.514729
-0.465788
-0.985778
-0.686995
-0.919206
-0.905605
-0.684504
-0.905605
-0.477492
-0.465785
0.316631
-0.686993
-0.477492
-0.994018
-0.919205
-0.905605
-0.465786
-0.684504
-0.686994
-0.905605
-0.919205
-0.477496
-0.514728
-0.99402
-0.477497
-0.686993
0.316631
-0.465785
-0.477492
-0.919204
-0.994019
-0.477493
-0.985778
-0.686995
-0.985778
-0.465788
-0.919205
-0.686994
-0.684504
-0.465786
-0.905605
-0.919205
-0.905605
0.316619
-0.514728
-0.477496
-0.686995
-0.465788
-0.985778
-0.919205
-0.905605
-0.684504
-0.905605
-0.994018
-0.686993
-0.477492
-0.465785
0.316631
-0.919204
-0.477492
-0.686994
-0.905605
-0.465786
-0.684504
-0.919205
-0.905605
-0.477496
0.304726
-0.994019
-0.477492
-0.919204
0.316631
-0.465785
-0.477492
-0.686993
-0.994018
-0.985778
-0.919205
-0.985778
-0.465788
-0.686995
-0.905605
-0.919205
-0.684504
-0.465786
-0.905605
-0.686994
0.316619
0.304726
-0.919205
-0.465788
-0.985778
-0.686995
-0.905605
-0.905605
-0.684504
-0.477493
-0.994019
-0.919204
-0.477492
-0.465785
0.316631
-0.686993
-0.905605
-0.919205
-0.905605
-0.465786
-0.684504
-0.686994
-0.477496
-0.919205
-0.994018
-0.477492
-0.686993
0.316631
-0.465785
-0.477492
-0.985778
-0.919206
-0.686995
-0.985778
-0.465788
-0.919205
-0.905605
-0.686994
-0.684504
-0.465786
-0.905605
-0.985778
-0.919206
-0.686995
-0.465788
-0.684504
-0.905605
-0.905605
0.31663
-0.919205
-0.477493
-0.994018
-0.686993
-0.477492
-0.465785
-0.684504
-0.919205
-0.905605
-0.686994
-0.905605
-0.465786
-0.477494
0.304726
-0.994019
-0.477495
-0.514729
0.316624
-0.829077
-0.630007
-0.933883
-0.630008
-0.105458
-0.985779
-0.465787
-0.686994
-0.919205
-0.985778
0.316625
0.304726
-0.477494
-0.994019
-0.514729
-0.829077
-0.933883
-0.905605
-0.684504
-0.905605
-0.477494
-0.46579
0.316625
-0.686996
-0.477494
-0.994019
-0.919206
-0.477494
-0.514728
-0.994019
-0.477495
-0.933883
-0.105457
-0.829077
-0.630007
-0.630008
-0.985778
-0.686994
-0.985778
-0.465787
-0.919205
0.316625
-0.514728
-0.477494
-0.933883
-0.829077
-0.905605
-0.684504
-0.905605
-0.994019
-0.686996
-0.477494
-0.46579
0.316625
-0.919206
-0.477494
-0.477494
0.304726
-0.994019
-0.630007
-0.105457
-0.829077
-0.630007
-0.933883
-0.985778
-0.919205
-0.985778
-0.465787
-0.686994
0.316625
0.304726
-0.829077
-0.933883
-0.905605
-0.905605
-0.684504
-0.477495
-0.994019
-0.919206
-0.477494
-0.46579
0.316625
-0.686996
-0.477494
-0.630007
-0.933883
-0.105457
-0.829077
-0.630007
-0.985778
-0.919205
-0.686994
-0.985778
-0.465787
-0.933883
-0.829077
-0.684504
-0.905605
-0.905605
0.316624
-0.919206
-0.477495
-0.994019
-0.686996
-0.477494
-0.46579
-0.477494
0.304726
-0.994019
-0.477495
-0.514729
0.316624
-0.465788
-0.477493
-0.686995
-0.994018
-0.477494
-0.919206
0.316627
-0.829078
-0.963562
-0.933883
-0.963563
-0.786996
0.316625
0.304726
-0.477494
-0.994019
-0.514729
-0.465788
-0.985778
-0.686995
-0.919206
-0.829077
-0.933883
-0.477494
-0.514728
-0.994019
-0.477495
-0.686995
0.316628
-0.465788
-0.477493
-0.919205
-0.994019
-0.477494
-0.933883
-0.786996
-0.829078
-0.963562
-0.963563
0.316625
-0.514728
-0.477494
-0.686995
-0.465788
-0.985778
-0.919205
-0.933883
-0.829077
-0.477494
0.304726
-0.994019
-0.477493
-0.919205
0.316628
-0.465788
-0.477493
-0.686995
-0.994018
-0.963562
-0.786996
-0.829078
-0.963562
-0.933883
0.316625
0.304726
-0.919205
-0.465788
-0.985778
-0.686995
-0.829077
-0.933883
-0.477494
-0.919206
-0.994018
-0.477493
-0.686995
0.316628
-0.465788
-0.477493
-0.963562
-0.933883
-0.786996
-0.829078
-0.963562
-0.985778
-0.919206
-0.686995
-0.465788
-0.933883
-0.829077
-0.477494
0.304726
-0.994019
-0.477495
-0.514729
0.316624
-0.46579
-0.477494
-0.686996
-0.994019
-0.477495
-0.919206
0.316624
0.316625
0.304726
-0.477494
-0.994019
-0.514729
-0.465787
-0.985778
-0.686994
-0.919205
-0.477494
-0.514728
-0.994019
-0.477495
-0.686996
0.316625
-0.46579
-0.477494
-0.919206
-0.994019
-0.477495
0.316625
-0.514728
-0.477494
-0.686994
-0.465787
-0.985778
-0.919205
-0.477494
0.304726
-0.994019
-0.477494
-0.919206
0.316625
-0.46579
-0.477494
-0.686996
-0.994019
0.316625
0.304726
-0.919205
-0.465787
-0.985778
-0.686994
-0.477494
-0.919206
-0.994019
-0.477494
-0.686996
0.316625
-0.46579
-0.477494
-0.985778
-0.919205
-0.686994
-0.465787
-0.477496
0.304726
-0.994019
-0.477497
-0.514729
0.316618
0.316619
0.304726
-0.477496
-0.994019
-0.514729
-0.477496
-0.514728
-0.99402
-0.477497
0.316619
-0.514728
-0.477496
-0.477496
0.304726
-0.994019
0.316619
0.304726
-0.477496
