3.86245
2.36828
5.96026
3.86246
3.96434
2.35157
3.83131
3.86245
4.50419
5.96026
3.86245
5.51316
2.35156
5.06835
5.76778
5.59437
5.76778
4.88657
3.83132
4.50419
5.51317
5.90659
3.83132
5.44036
4.50419
5.44037
5.51317
4.49543
3.31803
5.76778
4.07653
5.76779
5.16965
4.88658
3.83131
3.86245
4.50419
5.96026
3.86245
5.51316
2.35156
5.44036
5.44036
4.49543
5.06836
5.59437
2.35157
2.36828
3.86245
5.96026
3.96434
3.83132
5.90659
4.50419
5.51317
5.06836
5.59437
3.86245
3.83131
2.35156
4.50419
3.86245
5.96026
5.51316
5.44036
3.83132
4.49543
4.50419
5.44036
5.51317
4.31142
3.31802
3.03309
4.07652
4.31142
5.16965
3.83132
5.90659
4.5042
5.51317
5.90659
4.31141
5.06836
3.03308
5.59437
4.31141
3.86245
3.96434
5.96027
3.86246
4.50419
2.35156
3.83131
3.86245
5.51316
5.96026
3.86245
5.59437
4.88657
5.06835
5.76778
5.76778
4.50419
5.90659
3.83132
5.51317
4.50419
4.49543
3.83132
5.44036
5.51317
5.44037
4.07653
4.88658
3.31803
5.76778
5.16965
5.76779
4.50419
2.35156
3.83131
3.86245
5.51316
5.96026
3.86245
4.49543
5.44036
5.44036
5.59437
5.06836
2.35157
3.96434
3.86245
4.50419
3.83132
5.90659
5.51317
5.59437
5.06836
5.96026
4.50419
3.86245
3.83131
2.35156
5.51316
3.86245
4.50419
5.44036
3.83132
4.49543
5.51317
5.44036
4.07652
4.31142
3.31802
3.03309
5.16965
4.31142
4.5042
3.83132
5.90659
5.51317
5.90659
5.59437
4.31141
5.06836
3.03308
4.31141
3.86245
2.36828
5.96026
3.86245
5.51316
2.35156
3.83131
3.86245
4.50419
5.96026
5.76778
4.88657
5.06835
5.76778
5.59437
5.51317
5.90659
3.83132
4.50419
5.44036
5.51317
4.49543
3.83132
5.44036
4.50419
5.76778
5.16965
4.88658
3.31803
5.76778
4.07653
3.86245
5.51316
2.35156
3.83131
3.86245
4.50419
5.96026
5.44036
4.49543
5.44036
5.06836
5.59437
2.35157
2.36828
5.51317
3.83132
5.90659
4.50419
5.06836
5.59437
3.86245
5.96026
5.51316
3.86245
3.83131
2.35156
4.50419
5.44037
5.51317
5.44036
3.83132
4.49543
4.50419
4.31142
5.16965
4.31142
3.31802
3.03309
4.07652
5.51317
3.83132
5.90659
4.5042
5.90659
4.31141
4.31141
5.06836
3.03308
5.59437
3.86245
5.51316
5.96026
3.86245
4.50419
2.35156
3.83131
3.86245
5.76778
5.59437
4.88657
5.06835
5.76778
5.51317
4.50419
5.90659
3.83132
5.51317
5.44036
4.50419
4.49543
3.83132
5.44036
5.16965
5.76778
4.07653
4.88658
3.31803
5.76778
5.51316
5.96026
3.86245
4.50419
2.35156
3.83131
3.86245
5.44036
4.49543
5.44036
5.59437
5.06836
5.90659
5.51317
4.50419
3.83132
5.59437
5.06836
2.35156
5.51316
3.86245
5.96026
4.50419
3.86245
3.83131
4.49543
5.51317
5.44037
4.50419
5.44036
3.83132
3.03309
5.16965
4.31142
4.07652
4.31142
3.31802
5.90659
5.51317
4.5042
3.83132
5.90659
3.03308
4.31141
5.59437
4.31141
5.06836
3.86245
2.36828
5.96026
3.86245
3.96434
2.35156
3.83132
3.86245
4.50419
5.96026
3.86245
5.51317
2.35157
5.90659
3.83131
4.50419
5.51316
5.90659
3.83131
5.44035
4.50419
5.44036
5.51316
4.49542
3.83132
5.44036
4.50419
5.44036
5.51317
4.49542
3.83133
3.86246
4.5042
5.96026
3.86246
5.51317
2.35157
5.44036
5.44036
4.49543
2.35156
2.36828
3.86245
5.96026
3.96434
3.83132
5.90659
4.50419
5.51317
5.44036
4.49542
5.44036
3.86245
3.83132
2.35156
4.50419
3.86245
5.96026
5.51317
5.44035
3.83131
4.49542
4.50419
5.44035
5.51316
5.44036
3.83132
4.49542
4.50419
5.44036
5.51317
3.83133
5.90658
4.5042
5.51317
5.90659
3.86245
3.96434
5.96026
3.86245
4.50419
2.35157
3.83132
3.86245
5.51317
5.96026
3.86245
5.90659
4.50419
5.90659
3.83131
5.51316
4.50419
4.49542
3.83131
5.44035
5.51316
5.44036
4.50419
4.49542
3.83132
5.44036
5.51316
5.44036
4.5042
2.35157
3.83133
3.86246
5.51317
5.96027
3.86246
4.49543
5.44036
5.44036
2.35156
3.96434
3.86245
4.50419
3.83132
5.90659
5.51317
5.44036
4.49542
5.44036
5.96026
4.50419
3.86245
3.83132
2.35156
5.51317
3.86245
4.50419
5.44035
3.83131
4.49542
5.51316
5.44035
4.50419
5.44036
3.83132
4.49542
5.51316
5.44036
4.5042
3.83133
5.90658
5.51317
5.90659
3.86245
2.36828
5.96026
3.86245
5.51317
2.35157
3.83132
3.86245
4.50419
5.96026
5.90659
5.51316
5.90659
3.83131
4.50419
5.44035
5.51316
4.49542
3.83131
5.44035
4.50419
5.44036
5.51316
4.49542
3.83132
5.44036
4.50419
3.86246
5.51317
2.35157
3.83133
3.86246
4.5042
5.96026
5.44036
4.49543
5.44036
2.35156
2.36828
5.51317
3.83132
5.90659
4.50419
5.44036
5.44036
4.49542
3.86245
5.96026
5.51317
3.86245
3.83132
2.35156
4.50419
5.44036
5.51316
5.44035
3.83131
4.49542
4.50419
5.44036
5.51316
5.44036
3.83132
4.49542
4.50419
5.51317
3.83133
5.90658
4.5042
5.90659
3.86245
5.51317
5.96026
3.86245
4.50419
2.35157
3.83132
3.86245
5.90659
5.51316
4.50419
5.90659
3.83131
5.51316
5.44035
4.50419
4.49542
3.83131
5.44035
5.51317
5.44036
4.50419
4.49542
3.83132
5.44036
5.51317
5.96026
3.86246
4.5042
2.35157
3.83133
3.86246
5.44036
4.49543
5.44036
5.90659
5.51317
4.50419
3.83132
4.49542
5.44036
5.44036
2.35156
5.51317
3.86245
5.96026
4.50419
3.86245
3.83132
4.49542
5.51316
5.44036
4.50419
5.44035
3.83131
4.49543
5.51317
5.44036
4.50419
5.44036
3.83132
5.90659
5.51317
4.5042
3.83133
5.90659
3.86245
2.36828
5.96026
3.86245
3.96434
2.35156
5.06836
4.31142
5.59438
4.31142
3.03309
5.90659
3.83131
4.50419
5.51317
5.90659
3.31802
4.31141
4.07652
4.31141
5.16965
3.03308
3.83133
5.44036
4.5042
5.44037
5.51317
4.49543
3.83133
3.86245
4.5042
5.96026
3.86246
5.51317
2.35157
2.35156
2.36828
3.86245
5.96026
3.96434
5.06836
5.59438
5.44036
4.49542
5.44036
3.86245
3.83131
2.35156
4.50419
3.86245
5.96026
5.51317
5.76778
3.31802
4.88657
4.07652
5.76778
5.16965
5.44037
3.83133
4.49543
4.5042
5.44037
5.51317
3.83132
5.90658
4.50419
5.51317
3.86245
3.96434
5.96026
3.86245
5.59438
3.03309
5.06836
4.31142
4.31142
5.90659
4.50419
5.90659
3.83131
5.51316
4.07652
3.03308
3.31802
4.31141
5.16965
4.31141
4.5042
4.49543
3.83133
5.44036
5.51317
5.44037
4.5042
2.35157
3.83133
3.86245
5.51317
5.96026
3.86246
2.35156
3.96434
3.86245
5.59438
5.06836
5.44036
4.49542
5.44036
5.96026
4.50419
3.86245
3.83131
2.35156
5.51316
3.86245
4.07652
5.76778
3.31802
4.88657
5.16965
5.76778
4.5042
5.44037
3.83133
4.49543
5.51317
5.44037
4.50419
3.83132
5.90658
5.51317
3.86245
2.36828
5.96026
4.31142
3.03309
5.06836
4.31142
5.59438
5.90659
5.51316
5.90659
3.83131
4.50419
4.31141
5.16965
3.03308
3.31802
4.31141
4.07652
5.44036
5.51317
4.49543
3.83133
5.44036
4.5042
3.86245
5.51317
2.35157
3.83133
3.86245
4.5042
5.96026
2.35156
2.36828
5.06836
5.59438
5.44036
5.44036
4.49542
3.86245
5.96026
5.51316
3.86245
3.83131
2.35156
4.50419
5.76778
5.16965
5.76778
3.31802
4.88657
4.07652
5.44037
5.51317
5.44037
3.83133
4.49543
4.5042
5.51317
3.83132
5.90658
4.50419
3.86245
4.31142
5.59438
3.03309
5.06836
4.31142
5.90659
5.51317
4.50419
5.90659
3.83131
5.16965
4.31141
4.07652
3.03308
3.31802
4.31141
5.51317
5.44036
4.5042
4.49543
3.83133
5.44036
5.51317
5.96026
3.86245
4.5042
2.35157
3.83133
3.86245
5.59438
5.06836
4.49542
5.44036
5.44036
2.35156
5.51317
3.86245
5.96026
4.50419
3.86245
3.83131
4.88657
5.16965
5.76778
4.07652
5.76778
3.31802
4.49543
5.51317
5.44037
4.5042
5.44037
3.83133
5.90659
5.51317
4.50419
3.83132
3.86245
2.36828
5.96026
3.86245
3.96434
2.35156
3.83132
3.86245
4.50419
5.96026
3.86245
5.51317
2.35156
5.06836
5.76778
5.59438
5.76779
4.88658
3.83132
4.50419
5.51317
5.90659
3.83131
5.44035
4.50419
5.44036
5.51316
4.49542
3.31802
5.76778
4.07652
5.76779
5.16965
4.88658
2.35156
2.36828
3.86245
5.96026
3.96434
3.83131
5.90659
4.50419
5.51316
5.06836
5.59438
3.86245
3.83132
2.35157
4.50419
3.86245
5.96026
5.51317
5.44035
3.83131
4.49542
4.50419
5.44035
5.51316
4.31142
3.31803
3.03309
4.07653
4.31142
5.16965
3.86245
3.96434
5.96026
3.86245
4.50419
2.35156
3.83132
3.86245
5.51317
5.96026
3.86245
5.59438
4.88658
5.06836
5.76778
5.76779
4.50419
5.90659
3.83132
5.51317
4.50419
4.49542
3.83131
5.44035
5.51316
5.44036
4.07652
4.88658
3.31802
5.76778
5.16965
5.76779
2.35156
3.96434
3.86245
4.50419
3.83131
5.90659
5.51316
5.59438
5.06836
5.96026
4.50419
3.86245
3.83132
2.35157
5.51317
3.86245
4.50419
5.44035
3.83131
4.49542
5.51316
5.44035
4.07653
4.31142
3.31803
3.03309
5.16965
4.31142
3.86245
2.36828
5.96026
3.86245
5.51317
2.35156
3.83132
3.86245
4.50419
5.96026
5.76778
4.88658
5.06836
5.76778
5.59438
5.51317
5.90659
3.83132
4.50419
5.44035
5.51316
4.49542
3.83131
5.44035
4.50419
5.76778
5.16965
4.88658
3.31802
5.76778
4.07652
2.35156
2.36828
5.51316
3.83131
5.90659
4.50419
5.06836
5.59438
3.86245
5.96026
5.51317
3.86245
3.83132
2.35157
4.50419
5.44036
5.51316
5.44035
3.83131
4.49542
4.50419
4.31142
5.16965
4.31142
3.31803
3.03309
4.07653
3.86245
5.51317
5.96026
3.86245
4.50419
2.35156
3.83132
3.86245
5.76778
5.59438
4.88658
5.06836
5.76778
5.51317
4.50419
5.90659
3.83132
5.51316
5.44035
4.50419
4.49542
3.83131
5.44035
5.16965
5.76778
4.07652
4.88658
3.31802
5.76778
5.90659
5.51316
4.50419
3.83131
5.59438
5.06836
2.35157
5.51317
3.86245
5.96026
4.50419
3.86245
3.83132
4.49542
5.51316
5.44036
4.50419
5.44035
3.83131
3.03309
5.16965
4.31142
4.07653
4.31142
3.31803
3.86245
2.36828
5.96026
3.86246
3.96434
2.35157
3.83131
3.86244
4.50418
5.96025
3.86245
5.51316
2.35155
5.90659
3.83131
4.50419
5.51317
5.90659
3.83131
5.44036
4.50419
5.44036
5.51316
4.49542
2.35157
2.36828
3.86245
5.96026
3.96434
3.83131
5.90659
4.50419
5.51317
5.44036
4.49542
5.44036
3.86244
3.83131
2.35155
4.50418
3.86244
5.96025
5.51316
5.44036
3.83131
4.49542
4.50419
5.44036
5.51316
3.86245
3.96434
5.96027
3.86246
4.50418
2.35155
3.83131
3.86244
5.51316
5.96026
3.86245
5.90659
4.50419
5.90659
3.83131
5.51316
4.50419
4.49542
3.83131
5.44036
5.51316
5.44036
2.35157
3.96434
3.86245
4.50419
3.83131
5.90659
5.51316
5.44036
4.49542
5.44036
5.96025
4.50418
3.86244
3.83131
2.35155
5.51316
3.86244
4.50419
5.44036
3.83131
4.49542
5.51316
5.44036
3.86245
2.36828
5.96026
3.86244
5.51316
2.35155
3.83131
3.86244
4.50418
5.96025
5.90659
5.51316
5.90659
3.83131
4.50419
5.44036
5.51316
4.49542
3.83131
5.44036
4.50419
2.35157
2.36828
5.51316
3.83131
5.90659
4.50419
5.44036
5.44036
4.49542
3.86245
5.96026
5.51316
3.86244
3.83131
2.35155
4.50418
5.44036
5.51316
5.44036
3.83131
4.49542
4.50419
3.86245
5.51316
5.96025
3.86244
4.50418
2.35155
3.83131
3.86244
5.90659
5.51317
4.50419
5.90659
3.83131
5.51316
5.44036
4.50419
4.49542
3.83131
5.44036
5.90659
5.51317
4.50419
3.83131
4.49542
5.44036
5.44036
2.35155
5.51316
3.86245
5.96025
4.50418
3.86244
3.83131
4.49542
5.51316
5.44036
4.50419
5.44036
3.83131
3.86245
2.36828
5.96026
3.86245
3.96434
2.35156
5.06836
4.31142
5.59438
4.31142
3.03309
5.90659
3.83131
4.50419
5.51316
5.90659
2.35156
2.36828
3.86245
5.96026
3.96434
5.06836
5.59438
5.44036
4.49542
5.44036
3.86245
3.83132
2.35156
4.50419
3.86245
5.96026
5.51317
3.86245
3.96434
5.96026
3.86245
5.59438
3.03309
5.06836
4.31142
4.31142
5.90659
4.50419
5.90659
3.83131
5.51316
2.35156
3.96434
3.86245
5.59438
5.06836
5.44036
4.49542
5.44036
5.96026
4.50419
3.86245
3.83132
2.35156
5.51317
3.86245
3.86245
2.36828
5.96026
4.31142
3.03309
5.06836
4.31142
5.59438
5.90659
5.51316
5.90659
3.83131
4.50419
2.35156
2.36828
5.06836
5.59438
5.44036
5.44036
4.49542
3.86245
5.96026
5.51317
3.86245
3.83132
2.35156
4.50419
3.86245
4.31142
5.59438
3.03309
5.06836
4.31142
5.90659
5.51316
4.50419
5.90659
3.83131
5.59438
5.06836
4.49542
5.44036
5.44036
2.35156
5.51317
3.86245
5.96026
4.50419
3.86245
3.83132
3.86245
2.36828
5.96026
3.86245
3.96434
2.35156
3.83131
3.86245
4.50419
5.96026
3.86245
5.51317
2.35156
5.06836
5.76778
5.59438
5.76779
4.88658
2.35156
2.36828
3.86245
5.96026
3.96434
3.83131
5.90659
4.50419
5.51317
5.06836
5.59438
3.86245
3.96434
5.96026
3.86245
4.50419
2.35156
3.83131
3.86245
5.51316
5.96026
3.86245
5.59438
4.88658
5.06836
5.76778
5.76779
2.35156
3.96434
3.86245
4.50419
3.83131
5.90659
5.51316
5.59438
5.06836
3.86245
2.36828
5.96026
3.86245
5.51316
2.35156
3.83131
3.86245
4.50419
5.96026
5.76778
4.88658
5.06836
5.76778
5.59438
2.35156
2.36828
5.51316
3.83131
5.90659
4.50419
5.06836
5.59438
3.86245
5.51317
5.96026
3.86245
4.50419
2.35156
3.83131
3.86245
5.76778
5.59438
4.88658
5.06836
5.76778
5.90659
5.51317
4.50419
3.83131
5.59438
5.06836
3.86245
2.36828
5.96026
3.86245
3.96434
2.35156
3.83132
3.86245
4.50419
5.96026
3.86245
5.51317
2.35156
2.35156
2.36828
3.86245
5.96026
3.96434
3.83131
5.90659
4.50419
5.51316
3.86245
3.96434
5.96026
3.86245
4.50419
2.35156
3.83132
3.86245
5.51317
5.96026
3.86245
2.35156
3.96434
3.86245
4.50419
3.83131
5.90659
5.51316
3.86245
2.36828
5.96026
3.86245
5.51317
2.35156
3.83132
3.86245
4.50419
5.96026
2.35156
2.36828
5.51316
3.83131
5.90659
4.50419
3.86245
5.51317
5.96026
3.86245
4.50419
2.35156
3.83132
3.86245
5.90659
5.51316
4.50419
3.83131
3.86245
2.36828
5.96026
3.86246
3.96434
2.35157
2.35157
2.36828
3.86245
5.96026
3.96434
3.86245
3.96434
5.96027
3.86246
2.35157
3.96434
3.86245
3.86245
2.36828
5.96026
2.35157
2.36828
3.86245
