0.236619
-0.797987
0.236614
0.135166
-0.373169
-0.93232
-0.373172
-0.866131
-0.967598
-0.967598
-0.696769
-0.8503
-0.850301
0.135166
-0.373169
-0.93232
-0.373172
0.135169
-0.373168
-0.93232
-0.37317
-0.696768
-0.850299
-0.8503
0.13517
-0.373167
-0.93232
-0.37317
-0.866131
-0.967598
-0.967598
-0.696768
-0.850299
-0.8503
-0.866131
-0.967598
-0.967599
0.13517
-0.373167
-0.93232
-0.37317
0.135166
-0.373169
-0.93232
-0.373172
-0.696769
-0.8503
-0.850301
-0.696768
-0.8503
-0.850301
0.236612
-0.797987
-0.373169
0.135166
-0.373172
-0.93232
-0.967598
-0.866131
-0.967599
-0.8503
-0.696769
-0.850301
-0.373169
0.135166
-0.373172
-0.93232
-0.373168
0.135169
-0.373171
-0.93232
-0.850299
-0.696768
-0.8503
-0.373167
0.13517
-0.37317
-0.93232
-0.967598
-0.866131
-0.967599
-0.850299
-0.696768
-0.8503
-0.967598
-0.866131
-0.967599
-0.373167
0.13517
-0.37317
-0.93232
-0.373169
0.135166
-0.373172
-0.93232
-0.8503
-0.696769
-0.850301
-0.8503
-0.696768
-0.850301
0.236619
-0.93232
-0.373172
0.135166
-0.373169
-0.967599
-0.866131
-0.967598
-0.850301
-0.696769
-0.8503
-0.93232
-0.373172
0.135166
-0.373169
-0.93232
-0.373171
0.135169
-0.373168
-0.8503
-0.696768
-0.850299
-0.93232
-0.37317
0.13517
-0.373167
-0.967599
-0.866131
-0.967598
-0.8503
-0.696768
-0.850299
-0.967599
-0.866131
-0.967598
-0.93232
-0.37317
0.13517
-0.373167
-0.93232
-0.373172
0.135166
-0.373169
-0.850301
-0.696769
-0.8503
-0.850301
-0.696768
-0.8503
-0.373172
-0.93232
-0.373169
0.135166
-0.967598
-0.967598
-0.866131
-0.850301
-0.8503
-0.696769
-0.373172
-0.93232
-0.373169
0.135166
-0.37317
-0.93232
-0.373168
0.135169
-0.8503
-0.850299
-0.696768
-0.37317
-0.93232
-0.373167
0.13517
-0.967598
-0.967598
-0.866131
-0.8503
-0.850299
-0.696768
-0.967599
-0.967598
-0.866131
-0.37317
-0.93232
-0.373167
0.13517
-0.373172
-0.93232
-0.373169
0.135166
-0.850301
-0.8503
-0.696769
-0.850301
-0.8503
-0.696768
0.236619
-0.797987
0.236614
0.135172
-0.373167
-0.93232
-0.373169
-0.866131
-0.967598
-0.967598
-0.69677
-0.850301
-0.850302
0.135166
-0.373169
-0.93232
-0.373172
0.135169
-0.373168
-0.93232
-0.37317
-0.696768
-0.850299
-0.8503
-0.696768
-0.8503
-0.850301
-0.866131
-0.967598
-0.967598
-0.69677
-0.850301
-0.850302
-0.866131
-0.967598
-0.967599
0.135166
-0.37317
-0.93232
-0.373172
0.135169
-0.373168
-0.93232
-0.37317
-0.696766
-0.850298
-0.850299
0.236612
-0.797987
-0.373167
0.135172
-0.37317
-0.93232
-0.967598
-0.866131
-0.967599
-0.850301
-0.69677
-0.850302
-0.373169
0.135166
-0.373172
-0.93232
-0.373168
0.135169
-0.373171
-0.93232
-0.850299
-0.696768
-0.8503
-0.8503
-0.696768
-0.850301
-0.967598
-0.866131
-0.967599
-0.850301
-0.69677
-0.850302
-0.967598
-0.866131
-0.967599
-0.37317
0.135166
-0.373172
-0.93232
-0.373168
0.135169
-0.373171
-0.93232
-0.850298
-0.696766
-0.8503
0.236619
-0.93232
-0.37317
0.135172
-0.373167
-0.967599
-0.866131
-0.967598
-0.850302
-0.69677
-0.850301
-0.93232
-0.373172
0.135166
-0.373169
-0.93232
-0.373171
0.135169
-0.373168
-0.8503
-0.696768
-0.850299
-0.850301
-0.696768
-0.8503
-0.967599
-0.866131
-0.967598
-0.850302
-0.69677
-0.850301
-0.967599
-0.866131
-0.967598
-0.93232
-0.373172
0.135166
-0.37317
-0.93232
-0.373171
0.135169
-0.373168
-0.8503
-0.696766
-0.850298
-0.373169
-0.93232
-0.373167
0.135172
-0.967598
-0.967598
-0.866131
-0.850302
-0.850301
-0.69677
-0.373172
-0.93232
-0.373169
0.135166
-0.37317
-0.93232
-0.373168
0.135169
-0.8503
-0.850299
-0.696768
-0.850301
-0.8503
-0.696768
-0.967598
-0.967598
-0.866131
-0.850302
-0.850301
-0.69677
-0.967599
-0.967598
-0.866131
-0.373172
-0.93232
-0.37317
0.135166
-0.37317
-0.93232
-0.373168
0.135169
-0.850299
-0.850298
-0.696766
0.236619
-0.797987
0.236614
0.135166
-0.373169
-0.93232
-0.373172
-0.696767
-0.850299
-0.8503
0.135172
-0.373167
-0.93232
-0.373169
0.135163
-0.373171
-0.932321
-0.373173
-0.866132
-0.967599
-0.967599
-0.696768
-0.8503
-0.850301
-0.866132
-0.967598
-0.967599
-0.696769
-0.8503
-0.850301
-0.696768
-0.8503
-0.8503
0.135172
-0.373167
-0.93232
-0.373169
0.135169
-0.373168
-0.93232
-0.37317
-0.696769
-0.8503
-0.850301
0.236612
-0.797987
-0.373169
0.135166
-0.373172
-0.93232
-0.850299
-0.696767
-0.8503
-0.373167
0.135172
-0.37317
-0.93232
-0.373171
0.135163
-0.373174
-0.932321
-0.967599
-0.866132
-0.967599
-0.8503
-0.696768
-0.850301
-0.967598
-0.866132
-0.967599
-0.8503
-0.696769
-0.850301
-0.8503
-0.696768
-0.850301
-0.373167
0.135172
-0.373169
-0.93232
-0.373168
0.135169
-0.373171
-0.93232
-0.8503
-0.696769
-0.850301
0.236619
-0.93232
-0.373172
0.135166
-0.373169
-0.8503
-0.696767
-0.850299
-0.93232
-0.37317
0.135172
-0.373167
-0.932321
-0.373174
0.135163
-0.373171
-0.967599
-0.866132
-0.967599
-0.850301
-0.696768
-0.8503
-0.967599
-0.866132
-0.967598
-0.850301
-0.696769
-0.8503
-0.850301
-0.696768
-0.8503
-0.93232
-0.373169
0.135172
-0.373167
-0.93232
-0.373171
0.135169
-0.373168
-0.850301
-0.696769
-0.8503
-0.373172
-0.93232
-0.373169
0.135166
-0.8503
-0.850299
-0.696767
-0.373169
-0.93232
-0.373167
0.135172
-0.373173
-0.932321
-0.373171
0.135163
-0.967599
-0.967599
-0.866132
-0.850301
-0.8503
-0.696768
-0.967599
-0.967598
-0.866132
-0.850301
-0.8503
-0.696769
-0.8503
-0.8503
-0.696768
-0.373169
-0.93232
-0.373167
0.135172
-0.37317
-0.93232
-0.373168
0.135169
-0.850301
-0.8503
-0.696769
0.236619
-0.797987
0.236614
-0.696767
-0.850299
-0.8503
-0.696767
-0.850299
-0.8503
0.135163
-0.373171
-0.932321
-0.373173
0.135165
-0.37317
-0.93232
-0.373172
-0.866131
-0.967598
-0.967599
-0.696766
-0.850298
-0.850299
-0.866132
-0.967598
-0.967599
0.135167
-0.373169
-0.93232
-0.373171
-0.696766
-0.850298
-0.850299
0.135172
-0.373167
-0.93232
-0.373169
0.135169
-0.373168
-0.93232
-0.37317
0.236612
-0.797987
-0.850299
-0.696767
-0.8503
-0.850299
-0.696767
-0.8503
-0.373171
0.135163
-0.373174
-0.932321
-0.37317
0.135165
-0.373173
-0.93232
-0.967598
-0.866131
-0.967599
-0.850298
-0.696766
-0.850299
-0.967598
-0.866132
-0.967599
-0.373169
0.135167
-0.373172
-0.93232
-0.850298
-0.696766
-0.850299
-0.373167
0.135172
-0.373169
-0.93232
-0.373168
0.135169
-0.373171
-0.93232
0.236619
-0.8503
-0.696767
-0.850299
-0.8503
-0.696767
-0.850299
-0.932321
-0.373174
0.135163
-0.373171
-0.93232
-0.373173
0.135165
-0.37317
-0.967599
-0.866131
-0.967598
-0.850299
-0.696766
-0.850298
-0.967599
-0.866132
-0.967598
-0.93232
-0.373172
0.135167
-0.373169
-0.850299
-0.696766
-0.850298
-0.93232
-0.373169
0.135172
-0.373167
-0.93232
-0.373171
0.135169
-0.373168
-0.8503
-0.850299
-0.696767
-0.8503
-0.850299
-0.696767
-0.373173
-0.932321
-0.373171
0.135163
-0.373172
-0.93232
-0.37317
0.135165
-0.967599
-0.967598
-0.866131
-0.850299
-0.850298
-0.696766
-0.967599
-0.967598
-0.866132
-0.373171
-0.93232
-0.373169
0.135167
-0.850299
-0.850298
-0.696766
-0.373169
-0.93232
-0.373167
0.135172
-0.37317
-0.93232
-0.373168
0.135169
0.236619
-0.797987
0.236614
0.135166
-0.373169
-0.93232
-0.373172
-0.866132
-0.967599
-0.9676
-0.696767
-0.850299
-0.8503
0.135172
-0.373167
-0.93232
-0.373169
0.135169
-0.373168
-0.93232
-0.37317
-0.696766
-0.850298
-0.850299
0.13517
-0.373167
-0.93232
-0.37317
-0.866131
-0.967598
-0.967598
-0.696769
-0.8503
-0.850301
-0.866131
-0.967598
-0.967599
0.13517
-0.373167
-0.93232
-0.37317
0.236612
-0.797987
-0.373169
0.135166
-0.373172
-0.93232
-0.967599
-0.866132
-0.9676
-0.850299
-0.696767
-0.8503
-0.373167
0.135172
-0.37317
-0.93232
-0.373168
0.135169
-0.373171
-0.93232
-0.850298
-0.696766
-0.8503
-0.373167
0.13517
-0.37317
-0.93232
-0.967598
-0.866131
-0.967599
-0.8503
-0.696769
-0.850301
-0.967598
-0.866131
-0.967599
-0.373167
0.13517
-0.37317
-0.93232
0.236619
-0.93232
-0.373172
0.135166
-0.373169
-0.9676
-0.866132
-0.967599
-0.8503
-0.696767
-0.850299
-0.93232
-0.37317
0.135172
-0.373167
-0.93232
-0.373171
0.135169
-0.373168
-0.8503
-0.696766
-0.850298
-0.93232
-0.37317
0.13517
-0.373167
-0.967599
-0.866131
-0.967598
-0.850301
-0.696769
-0.8503
-0.967599
-0.866131
-0.967598
-0.93232
-0.37317
0.13517
-0.373167
-0.373172
-0.93232
-0.373169
0.135166
-0.9676
-0.967599
-0.866132
-0.8503
-0.850299
-0.696767
-0.373169
-0.93232
-0.373167
0.135172
-0.37317
-0.93232
-0.373168
0.135169
-0.850299
-0.850298
-0.696766
-0.37317
-0.93232
-0.373167
0.13517
-0.967598
-0.967598
-0.866131
-0.850301
-0.8503
-0.696769
-0.967599
-0.967598
-0.866131
-0.37317
-0.93232
-0.373167
0.13517
0.236619
-0.797987
0.236614
0.135166
-0.373169
-0.93232
-0.373172
-0.86613
-0.967598
-0.967598
-0.696767
-0.850299
-0.8503
0.135166
-0.373169
-0.93232
-0.373172
0.135163
-0.373171
-0.932321
-0.373173
-0.696766
-0.850298
-0.850299
-0.696768
-0.8503
-0.850301
-0.866132
-0.967598
-0.967599
-0.69677
-0.850301
-0.850302
-0.866131
-0.967598
-0.967599
0.236612
-0.797987
-0.373169
0.135166
-0.373172
-0.93232
-0.967598
-0.86613
-0.967598
-0.850299
-0.696767
-0.8503
-0.373169
0.135166
-0.373172
-0.93232
-0.373171
0.135163
-0.373174
-0.932321
-0.850298
-0.696766
-0.8503
-0.8503
-0.696768
-0.850301
-0.967598
-0.866132
-0.967599
-0.850301
-0.69677
-0.850302
-0.967598
-0.866131
-0.967599
0.236619
-0.93232
-0.373172
0.135166
-0.373169
-0.967598
-0.86613
-0.967598
-0.8503
-0.696767
-0.850299
-0.93232
-0.373172
0.135166
-0.373169
-0.932321
-0.373174
0.135163
-0.373171
-0.8503
-0.696766
-0.850298
-0.850301
-0.696768
-0.8503
-0.967599
-0.866132
-0.967598
-0.850302
-0.69677
-0.850301
-0.967599
-0.866131
-0.967598
-0.373172
-0.93232
-0.373169
0.135166
-0.967598
-0.967598
-0.86613
-0.8503
-0.850299
-0.696767
-0.373172
-0.93232
-0.373169
0.135166
-0.373173
-0.932321
-0.373171
0.135163
-0.850299
-0.850298
-0.696766
-0.850301
-0.8503
-0.696768
-0.967599
-0.967598
-0.866132
-0.850302
-0.850301
-0.69677
-0.967599
-0.967598
-0.866131
0.236619
-0.797987
0.236614
0.135168
-0.373168
-0.93232
-0.37317
-0.69677
-0.850301
-0.850302
0.135163
-0.373171
-0.932321
-0.373173
0.135163
-0.373171
-0.932321
-0.373173
-0.866131
-0.967598
-0.967599
-0.696766
-0.850298
-0.850299
-0.86613
-0.967597
-0.967598
-0.69677
-0.850301
-0.850302
0.236612
-0.797987
-0.373168
0.135168
-0.373171
-0.93232
-0.850301
-0.69677
-0.850302
-0.373171
0.135163
-0.373174
-0.932321
-0.373171
0.135163
-0.373174
-0.932321
-0.967598
-0.866131
-0.967599
-0.850298
-0.696766
-0.850299
-0.967597
-0.86613
-0.967598
-0.850301
-0.69677
-0.850302
0.236619
-0.93232
-0.373171
0.135168
-0.373168
-0.850302
-0.69677
-0.850301
-0.932321
-0.373174
0.135163
-0.373171
-0.932321
-0.373174
0.135163
-0.373171
-0.967599
-0.866131
-0.967598
-0.850299
-0.696766
-0.850298
-0.967598
-0.86613
-0.967597
-0.850302
-0.69677
-0.850301
-0.37317
-0.93232
-0.373168
0.135168
-0.850302
-0.850301
-0.69677
-0.373173
-0.932321
-0.373171
0.135163
-0.373173
-0.932321
-0.373171
0.135163
-0.967599
-0.967598
-0.866131
-0.850299
-0.850298
-0.696766
-0.967598
-0.967597
-0.86613
-0.850302
-0.850301
-0.69677
0.236619
-0.797987
0.236614
-0.69677
-0.850301
-0.850302
-0.696767
-0.850299
-0.8503
0.135172
-0.373167
-0.93232
-0.373169
0.135168
-0.373168
-0.93232
-0.37317
-0.866132
-0.967599
-0.967599
-0.696768
-0.8503
-0.850301
-0.866131
-0.967598
-0.967598
0.236612
-0.797987
-0.850301
-0.69677
-0.850302
-0.850299
-0.696767
-0.8503
-0.373167
0.135172
-0.37317
-0.93232
-0.373168
0.135168
-0.373171
-0.93232
-0.967599
-0.866132
-0.967599
-0.8503
-0.696768
-0.850301
-0.967598
-0.866131
-0.967599
0.236619
-0.850302
-0.69677
-0.850301
-0.8503
-0.696767
-0.850299
-0.93232
-0.37317
0.135172
-0.373167
-0.93232
-0.373171
0.135168
-0.373168
-0.967599
-0.866132
-0.967599
-0.850301
-0.696768
-0.8503
-0.967599
-0.866131
-0.967598
-0.850302
-0.850301
-0.69677
-0.8503
-0.850299
-0.696767
-0.373169
-0.93232
-0.373167
0.135172
-0.37317
-0.93232
-0.373168
0.135168
-0.967599
-0.967599
-0.866132
-0.850301
-0.8503
-0.696768
-0.967598
-0.967598
-0.866131
0.236619
-0.797987
0.236614
0.135172
-0.373167
-0.93232
-0.373169
-0.86613
-0.967598
-0.967598
-0.696767
-0.850299
-0.8503
0.135166
-0.373169
-0.93232
-0.373172
0.135163
-0.373171
-0.932321
-0.373173
-0.696768
-0.850299
-0.8503
0.13517
-0.373167
-0.93232
-0.37317
0.236612
-0.797987
-0.373167
0.135172
-0.37317
-0.93232
-0.967598
-0.86613
-0.967598
-0.850299
-0.696767
-0.8503
-0.373169
0.135166
-0.373172
-0.93232
-0.373171
0.135163
-0.373174
-0.932321
-0.850299
-0.696768
-0.8503
-0.373167
0.13517
-0.37317
-0.93232
0.236619
-0.93232
-0.37317
0.135172
-0.373167
-0.967598
-0.86613
-0.967598
-0.8503
-0.696767
-0.850299
-0.93232
-0.373172
0.135166
-0.373169
-0.932321
-0.373174
0.135163
-0.373171
-0.8503
-0.696768
-0.850299
-0.93232
-0.37317
0.13517
-0.373167
-0.373169
-0.93232
-0.373167
0.135172
-0.967598
-0.967598
-0.86613
-0.8503
-0.850299
-0.696767
-0.373172
-0.93232
-0.373169
0.135166
-0.373173
-0.932321
-0.373171
0.135163
-0.8503
-0.850299
-0.696768
-0.37317
-0.93232
-0.373167
0.13517
0.236619
-0.797987
0.236614
0.135163
-0.373171
-0.932321
-0.373173
-0.86613
-0.967598
-0.967598
-0.696767
-0.850299
-0.8503
0.135168
-0.373168
-0.93232
-0.37317
0.135163
-0.373171
-0.932321
-0.373173
-0.696766
-0.850298
-0.850299
0.236612
-0.797987
-0.373171
0.135163
-0.373174
-0.932321
-0.967598
-0.86613
-0.967598
-0.850299
-0.696767
-0.8503
-0.373168
0.135168
-0.373171
-0.93232
-0.373171
0.135163
-0.373174
-0.932321
-0.850298
-0.696766
-0.8503
0.236619
-0.932321
-0.373174
0.135163
-0.373171
-0.967598
-0.86613
-0.967598
-0.8503
-0.696767
-0.850299
-0.93232
-0.373171
0.135168
-0.373168
-0.932321
-0.373174
0.135163
-0.373171
-0.8503
-0.696766
-0.850298
-0.373173
-0.932321
-0.373171
0.135163
-0.967598
-0.967598
-0.86613
-0.8503
-0.850299
-0.696767
-0.37317
-0.93232
-0.373168
0.135168
-0.373173
-0.932321
-0.373171
0.135163
-0.850299
-0.850298
-0.696766
0.236619
-0.797987
0.236614
0.135166
-0.373169
-0.93232
-0.373172
-0.696767
-0.850299
-0.8503
0.135166
-0.373169
-0.93232
-0.373172
0.135169
-0.373168
-0.93232
-0.37317
0.236612
-0.797987
-0.373169
0.135166
-0.373172
-0.93232
-0.850299
-0.696767
-0.8503
-0.373169
0.135166
-0.373172
-0.93232
-0.373168
0.135169
-0.373171
-0.93232
0.236619
-0.93232
-0.373172
0.135166
-0.373169
-0.8503
-0.696767
-0.850299
-0.93232
-0.373172
0.135166
-0.373169
-0.93232
-0.373171
0.135169
-0.373168
-0.373172
-0.93232
-0.373169
0.135166
-0.8503
-0.850299
-0.696767
-0.373172
-0.93232
-0.373169
0.135166
-0.37317
-0.93232
-0.373168
0.135169
0.236619
-0.797987
0.236614
-0.696767
-0.850299
-0.8503
-0.69677
-0.850301
-0.850302
0.135166
-0.373169
-0.93232
-0.373172
0.236612
-0.797987
-0.850299
-0.696767
-0.8503
-0.850301
-0.69677
-0.850302
-0.373169
0.135166
-0.373172
-0.93232
0.236619
-0.8503
-0.696767
-0.850299
-0.850302
-0.69677
-0.850301
-0.93232
-0.373172
0.135166
-0.373169
-0.8503
-0.850299
-0.696767
-0.850302
-0.850301
-0.69677
-0.373172
-0.93232
-0.373169
0.135166
0.236619
-0.797987
0.236614
0.135163
-0.373171
-0.932321
-0.373173
-0.86613
-0.967598
-0.967598
-0.696767
-0.850299
-0.8503
0.236612
-0.797987
-0.373171
0.135163
-0.373174
-0.932321
-0.967598
-0.86613
-0.967598
-0.850299
-0.696767
-0.8503
0.236619
-0.932321
-0.373174
0.135163
-0.373171
-0.967598
-0.86613
-0.967598
-0.8503
-0.696767
-0.850299
-0.373173
-0.932321
-0.373171
0.135163
-0.967598
-0.967598
-0.86613
-0.8503
-0.850299
-0.696767
0.236619
-0.797987
0.236614
0.135172
-0.373167
-0.93232
-0.373169
-0.866131
-0.967598
-0.967598
0.236612
-0.797987
-0.373167
0.135172
-0.37317
-0.93232
-0.967598
-0.866131
-0.967599
0.236619
-0.93232
-0.37317
0.135172
-0.373167
-0.967599
-0.866131
-0.967598
-0.373169
-0.93232
-0.373167
0.135172
-0.967598
-0.967598
-0.866131
0.236619
-0.797987
0.236614
0.135166
-0.373169
-0.93232
-0.373172
0.236612
-0.797987
-0.373169
0.135166
-0.373172
-0.93232
0.236619
-0.93232
-0.373172
0.135166
-0.373169
-0.373172
-0.93232
-0.373169
0.135166
0.236619
-0.797987
0.236614
0.236612
-0.797987
0.236619
